object 0	1.0:1.0
97.0 1.01836073421 1.0
36.0 0.988705171029 1.0
147.0 3.50976533706 1.0
95.0 1.00082444375 1.0
100.0 1.00176301571 1.0
11.0 1.08685949213 1.0
102.0 0.952924196968 1.0
94.0 1.02995161568 1.0
121.0 1.01490603985 1.0
134.0 0.995668710447 1.0
69.0 1.02598990519 1.0
29.0 0.943360816091 1.0
170.0 0.0773204104158 1.0
41.0 0.980960522291 1.0
10.0 1.0064556534 1.0
199.0 1.69793094866 1.0
22.0 1.09585685086 1.0
12.0 1.02462802674 1.0
189.0 7.75258908738 1.0
145.0 3.94671109215 1.0
123.0 0.981226846719 1.0
9.0 1.02856281752 1.0
126.0 1.02249953464 1.0
40.0 0.997463156345 1.0
174.0 -3.77140929951 1.0
193.0 4.51418629147 1.0
107.0 0.944183979403 1.0
17.0 0.980027525525 1.0
165.0 2.68967225376 1.0
142.0 3.49116017587 1.0
138.0 0.999793274301 1.0
173.0 0.0386665108896 1.0
191.0 -1.80987950675 1.0
160.0 1.44160739605 1.0
146.0 1.56572475734 1.0
16.0 1.00436450939 1.0
90.0 1.00056849493 1.0
object 1	1.0:1.0
41.0 0.984091274352 1.0
151.0 -3.26596359356 1.0
77.0 1.05918994926 1.0
175.0 2.06652067836 1.0
188.0 -3.46428458894 1.0
26.0 0.963459199513 1.0
142.0 9.54705171371 1.0
87.0 0.946359513968 1.0
185.0 -3.84147845418 1.0
71.0 1.00507895414 1.0
73.0 0.996686691909 1.0
83.0 0.955480120272 1.0
124.0 1.06379628829 1.0
108.0 1.0150283609 1.0
100.0 0.938023117028 1.0
6.0 1.01226564321 1.0
167.0 4.59996193249 1.0
34.0 0.938703627809 1.0
156.0 -0.987318627467 1.0
146.0 8.59200008873 1.0
152.0 -0.892881329471 1.0
48.0 1.00260675107 1.0
1.0 0.984804621662 1.0
37.0 1.02522195966 1.0
69.0 1.00651098846 1.0
4.0 0.968809506297 1.0
118.0 0.97607304034 1.0
149.0 -0.477117327511 1.0
63.0 0.995232097363 1.0
51.0 0.99982332776 1.0
180.0 -4.79833386543 1.0
object 2	1.0:1.0
129.0 1.02743733124 1.0
66.0 0.990374713532 1.0
183.0 2.94526057178 1.0
184.0 3.12314091215 1.0
189.0 -1.32745085422 1.0
95.0 1.02443165174 1.0
190.0 -1.07155394605 1.0
197.0 -3.56410772259 1.0
160.0 0.0824864183001 1.0
61.0 0.963088496424 1.0
42.0 0.970927101797 1.0
99.0 1.00839471456 1.0
25.0 0.97868521195 1.0
153.0 -4.44692740736 1.0
79.0 1.00690129445 1.0
17.0 1.11081310951 1.0
112.0 0.980901039541 1.0
148.0 4.5246528636 1.0
171.0 3.11669773973 1.0
92.0 1.02407277668 1.0
80.0 0.99608674242 1.0
34.0 1.02324901385 1.0
13.0 0.994000797434 1.0
28.0 1.05076434416 1.0
39.0 0.988808354183 1.0
157.0 4.78164328098 1.0
19.0 1.03951169619 1.0
45.0 0.995275540682 1.0
146.0 7.4397245524 1.0
101.0 1.00100850408 1.0
52.0 0.995690838143 1.0
60.0 1.00018511551 1.0
object 3	1.0:1.0
31.0 1.06229730151 1.0
80.0 0.993735503573 1.0
35.0 0.95089370216 1.0
137.0 1.03555712124 1.0
144.0 -3.72885394612 1.0
66.0 0.960115547493 1.0
15.0 1.00538801262 1.0
40.0 0.969002272591 1.0
116.0 1.00104374163 1.0
14.0 0.994550918801 1.0
187.0 1.49451200455 1.0
106.0 0.985186463577 1.0
0.0 0.971703435986 1.0
150.0 4.92400550746 1.0
110.0 1.02764232436 1.0
165.0 5.72739973776 1.0
188.0 0.911871372352 1.0
149.0 5.31658625656 1.0
175.0 5.94732009545 1.0
79.0 1.02172458637 1.0
143.0 1.79814692793 1.0
10.0 1.03609294372 1.0
148.0 -0.890779918104 1.0
41.0 1.01880775182 1.0
5.0 0.983328983108 1.0
198.0 -0.598175471832 1.0
object 4	1.0:1.0
1.0 0.980394938416 1.0
101.0 1.02024695925 1.0
185.0 1.65782122092 1.0
179.0 4.46078979295 1.0
164.0 0.47821767803 1.0
77.0 0.963567806139 1.0
22.0 1.01745632449 1.0
121.0 1.0270236649 1.0
106.0 1.03815895258 1.0
158.0 1.28510185913 1.0
35.0 1.03627607906 1.0
38.0 0.988217279002 1.0
96.0 0.983748987471 1.0
167.0 3.63039638817 1.0
136.0 1.00421916527 1.0
5.0 1.00168152705 1.0
15.0 0.99681149724 1.0
7.0 1.01383171503 1.0
109.0 0.99838856723 1.0
105.0 0.975900628989 1.0
67.0 0.983466935271 1.0
31.0 0.981809008659 1.0
123.0 1.00606960255 1.0
object 5	1.0:1.0
97.0 0.999355992822 1.0
74.0 1.0199584685 1.0
139.0 1.02270903078 1.0
194.0 8.06194376776 1.0
47.0 1.01324607696 1.0
158.0 1.87595939575 1.0
72.0 1.01115969495 1.0
128.0 1.01663300755 1.0
24.0 1.01756567516 1.0
176.0 4.24761737745 1.0
50.0 1.0013895589 1.0
65.0 1.07812432903 1.0
172.0 1.3427106376 1.0
125.0 0.960218885588 1.0
173.0 -0.544551268597 1.0
132.0 0.957831595313 1.0
99.0 1.01332555727 1.0
186.0 1.8588807814 1.0
58.0 0.95588543241 1.0
84.0 0.99540133493 1.0
122.0 0.985593207393 1.0
181.0 -0.0493309990932 1.0
101.0 1.03421025415 1.0
23.0 0.959704006613 1.0
42.0 0.985540623097 1.0
33.0 1.00222332373 1.0
144.0 -0.42828795947 1.0
142.0 1.69917440953 1.0
155.0 1.48238617691 1.0
197.0 2.07276108613 1.0
135.0 1.02901791825 1.0
object 6	1.0:1.0
160.0 3.31572567712 1.0
93.0 1.00017494328 1.0
30.0 1.0113533013 1.0
75.0 0.969516431913 1.0
177.0 0.464375699242 1.0
85.0 0.998916799751 1.0
36.0 1.00980352505 1.0
90.0 1.01810203344 1.0
120.0 1.02762161707 1.0
19.0 0.959371002429 1.0
151.0 -3.49155647512 1.0
192.0 2.5627609373 1.0
164.0 1.34554021888 1.0
91.0 1.00219823885 1.0
89.0 1.01365787493 1.0
39.0 0.967071411043 1.0
35.0 1.04008509548 1.0
21.0 0.97768766978 1.0
98.0 0.981474683709 1.0
41.0 1.07315077946 1.0
object 7	1.0:1.0
103.0 0.995358223059 1.0
60.0 1.02040987588 1.0
94.0 1.00022115804 1.0
83.0 1.01834131789 1.0
85.0 1.00118404947 1.0
127.0 1.01942382944 1.0
25.0 1.00853383712 1.0
32.0 1.01590225266 1.0
105.0 1.02770969421 1.0
111.0 0.983668293244 1.0
64.0 0.901600452028 1.0
116.0 1.00572965583 1.0
195.0 4.24083865597 1.0
189.0 -3.80055086934 1.0
133.0 0.984925079126 1.0
6.0 1.03534906858 1.0
139.0 1.0092967035 1.0
114.0 1.01930896415 1.0
99.0 0.994605303507 1.0
46.0 1.01238774593 1.0
69.0 0.961605846611 1.0
14.0 0.993304683939 1.0
199.0 1.80332033192 1.0
146.0 -4.02899338024 1.0
120.0 0.975920316761 1.0
82.0 1.01035587183 1.0
10.0 0.990143425434 1.0
12.0 0.987841959237 1.0
107.0 1.02837406903 1.0
96.0 1.06844031256 1.0
122.0 1.01345091707 1.0
75.0 0.949915593929 1.0
3.0 1.0121377145 1.0
155.0 -2.69465270856 1.0
65.0 1.03197096269 1.0
object 8	1.0:1.0
61.0 0.962037971664 1.0
189.0 -1.39878150172 1.0
117.0 0.953468168618 1.0
105.0 0.984753217793 1.0
28.0 0.963870059004 1.0
35.0 0.978083929932 1.0
128.0 1.01435397647 1.0
86.0 1.02070393693 1.0
164.0 3.44487167697 1.0
136.0 1.01941994566 1.0
31.0 1.01408559458 1.0
158.0 2.52149732107 1.0
93.0 0.998465193103 1.0
198.0 -0.741812535129 1.0
191.0 1.97936017776 1.0
34.0 1.01930918868 1.0
188.0 3.53545069873 1.0
22.0 1.08414881152 1.0
72.0 0.942319347604 1.0
54.0 1.0109682004 1.0
155.0 2.48804736312 1.0
171.0 3.26696796659 1.0
125.0 0.96483113715 1.0
object 9	1.0:1.0
184.0 -0.248125202997 1.0
164.0 1.83498207841 1.0
155.0 -0.435465210922 1.0
172.0 0.402961751658 1.0
178.0 1.75920299152 1.0
38.0 0.990791551143 1.0
180.0 -0.839676512514 1.0
193.0 3.92061372898 1.0
144.0 9.50954594298 1.0
146.0 7.08615135124 1.0
192.0 0.299983061493 1.0
125.0 0.997446038629 1.0
179.0 -1.52232265945 1.0
162.0 2.04338894935 1.0
63.0 0.983408589987 1.0
35.0 1.02302156696 1.0
143.0 5.17549423322 1.0
7.0 0.989760804775 1.0
114.0 1.01660065433 1.0
142.0 2.08723909714 1.0
78.0 1.02940095795 1.0
21.0 1.02627702794 1.0
182.0 1.74969158178 1.0
51.0 0.985369489712 1.0
153.0 6.64250212775 1.0
object 10	1.0:1.0
164.0 2.72882857128 1.0
18.0 1.01388001625 1.0
59.0 1.02657599825 1.0
159.0 0.504805172835 1.0
150.0 4.42359751481 1.0
93.0 1.04361321352 1.0
109.0 1.04328843982 1.0
151.0 -1.95310032368 1.0
66.0 1.00658238779 1.0
183.0 -1.04994568826 1.0
100.0 0.983452230183 1.0
78.0 1.01669113281 1.0
131.0 0.980932552035 1.0
83.0 1.04934158371 1.0
20.0 0.985067950417 1.0
158.0 -0.405403725069 1.0
126.0 0.974262934044 1.0
144.0 0.689642625456 1.0
115.0 1.01848633195 1.0
177.0 -9.63121742438 1.0
118.0 0.998205987585 1.0
95.0 1.01488053467 1.0
3.0 0.958693344006 1.0
199.0 4.27297921028 1.0
97.0 0.99259383714 1.0
51.0 0.998473692141 1.0
15.0 1.00024656285 1.0
object 11	1.0:1.0
17.0 1.08150965631 1.0
187.0 0.281795918867 1.0
105.0 1.00622737506 1.0
197.0 4.16635444821 1.0
29.0 0.977040036722 1.0
67.0 0.957424294887 1.0
165.0 -2.7570765026 1.0
52.0 1.0199621294 1.0
104.0 1.01922663851 1.0
24.0 1.00863206083 1.0
141.0 5.05546126606 1.0
30.0 1.00809223152 1.0
113.0 1.0002250536 1.0
69.0 0.965439549506 1.0
42.0 0.971000790184 1.0
48.0 1.00310512731 1.0
127.0 1.01237739808 1.0
85.0 0.992155315942 1.0
64.0 0.971494057142 1.0
34.0 0.986112083315 1.0
63.0 1.01503893964 1.0
28.0 0.909605379685 1.0
161.0 5.23072230549 1.0
54.0 1.00510551545 1.0
159.0 1.51150197978 1.0
45.0 1.02429392222 1.0
107.0 1.0267545706 1.0
198.0 2.17434667734 1.0
7.0 1.01669313858 1.0
110.0 0.998746199603 1.0
93.0 0.982876998775 1.0
object 12	1.0:1.0
145.0 -1.92596069873 1.0
119.0 0.985514500028 1.0
190.0 0.176939615809 1.0
102.0 0.97246470808 1.0
139.0 0.934989703241 1.0
155.0 3.67497127026 1.0
30.0 0.998494969703 1.0
98.0 0.980444754609 1.0
41.0 0.942094443043 1.0
65.0 1.05726021702 1.0
5.0 0.987302391492 1.0
148.0 -1.30533995069 1.0
23.0 0.959294334894 1.0
192.0 2.39419801065 1.0
97.0 1.00720610346 1.0
43.0 0.971658010262 1.0
184.0 3.08616796633 1.0
105.0 0.919109420736 1.0
57.0 0.977434583221 1.0
195.0 -0.359809331457 1.0
134.0 1.01268020622 1.0
121.0 1.00696511759 1.0
94.0 0.97584283551 1.0
59.0 1.02399588787 1.0
81.0 1.03414021662 1.0
142.0 1.73717435414 1.0
33.0 0.954512251908 1.0
52.0 0.994129404561 1.0
112.0 1.01943007569 1.0
12.0 1.01466910223 1.0
object 13	1.0:1.0
114.0 0.951288434778 1.0
131.0 0.978966492567 1.0
22.0 0.996782509794 1.0
139.0 1.00506673213 1.0
146.0 12.7373135544 1.0
18.0 1.03500311667 1.0
60.0 1.00104013514 1.0
39.0 1.00546183868 1.0
141.0 -2.99194852084 1.0
12.0 1.01314538655 1.0
83.0 0.994403650506 1.0
189.0 5.32635213195 1.0
123.0 0.968129707828 1.0
133.0 1.02337206295 1.0
105.0 1.05633817826 1.0
13.0 1.01833993043 1.0
154.0 7.61356515916 1.0
135.0 1.02495637465 1.0
163.0 -0.611022356718 1.0
151.0 9.21888610586 1.0
0.0 1.01538307528 1.0
object 14	1.0:1.0
104.0 1.00106636868 1.0
14.0 1.00096214044 1.0
76.0 0.881256666001 1.0
46.0 0.999216191055 1.0
189.0 -3.7635844843 1.0
186.0 -3.14875943868 1.0
154.0 3.74103468466 1.0
28.0 0.957367771855 1.0
109.0 0.988888621081 1.0
16.0 0.997808890106 1.0
152.0 -1.41837527735 1.0
42.0 0.984373861711 1.0
106.0 0.967181430663 1.0
102.0 1.03522033884 1.0
163.0 -4.74082300398 1.0
139.0 1.05031705516 1.0
96.0 0.965432144006 1.0
184.0 -0.209123176264 1.0
97.0 1.01089415954 1.0
160.0 1.50358786859 1.0
77.0 1.0264540162 1.0
49.0 1.05192577601 1.0
198.0 -2.54499425047 1.0
57.0 1.03212299024 1.0
73.0 1.00426300221 1.0
195.0 -0.277296155358 1.0
43.0 0.965826645623 1.0
29.0 0.965960731467 1.0
86.0 1.02361914561 1.0
182.0 1.34202251218 1.0
13.0 1.01015760886 1.0
object 15	1.0:1.0
115.0 1.02972879559 1.0
137.0 0.952040726211 1.0
141.0 -0.0639978062818 1.0
18.0 0.982976631806 1.0
164.0 5.428357212 1.0
150.0 -0.3450675953 1.0
184.0 4.56558326628 1.0
163.0 -0.828236727222 1.0
26.0 1.00462754256 1.0
28.0 1.07060022177 1.0
167.0 0.905659729688 1.0
70.0 1.02144993363 1.0
21.0 1.04687789045 1.0
114.0 1.03425844118 1.0
35.0 0.95130383842 1.0
23.0 0.96597560158 1.0
93.0 0.975994186606 1.0
13.0 1.02149671775 1.0
112.0 1.0178927933 1.0
177.0 0.331573757362 1.0
197.0 8.47532004313 1.0
190.0 2.05510755211 1.0
127.0 1.02140973172 1.0
14.0 0.991678881406 1.0
152.0 -3.12116054327 1.0
97.0 0.955300701487 1.0
128.0 0.978295292449 1.0
195.0 -1.7467214528 1.0
81.0 0.983895737515 1.0
118.0 0.981940319717 1.0
90.0 1.04667074071 1.0
22.0 1.01660897671 1.0
50.0 1.01816550301 1.0
196.0 5.49600155653 1.0
29.0 1.02090166914 1.0
88.0 0.962841591916 1.0
61.0 0.964809400014 1.0
157.0 3.29105322765 1.0
object 16	1.0:1.0
10.0 1.00876630917 1.0
195.0 -1.87989323887 1.0
173.0 -0.183205657145 1.0
84.0 0.995068630583 1.0
127.0 0.989148610386 1.0
65.0 1.03313495359 1.0
99.0 1.00153116814 1.0
177.0 7.08285907258 1.0
24.0 1.00585678942 1.0
77.0 1.0166302157 1.0
139.0 1.00328507865 1.0
175.0 0.234279073084 1.0
30.0 1.0025486154 1.0
32.0 1.01508954674 1.0
5.0 0.959535390139 1.0
74.0 1.05577768587 1.0
142.0 3.81496104014 1.0
184.0 2.22367362953 1.0
112.0 0.979319280726 1.0
82.0 0.992749557227 1.0
86.0 1.00478236513 1.0
72.0 1.01265722694 1.0
171.0 -0.268612299305 1.0
141.0 -1.46981023036 1.0
174.0 0.00336749578849 1.0
87.0 0.984959130465 1.0
167.0 0.629465354656 1.0
80.0 0.975268150098 1.0
object 17	1.0:1.0
84.0 1.01830776823 1.0
183.0 1.71247191338 1.0
121.0 0.931512447042 1.0
90.0 1.0047105244 1.0
143.0 -2.07432884049 1.0
175.0 -5.36413058248 1.0
161.0 2.74227504576 1.0
148.0 2.61186692706 1.0
153.0 -5.62308348355 1.0
163.0 -1.11458395775 1.0
15.0 0.998706679522 1.0
127.0 0.994481183299 1.0
101.0 1.01553062136 1.0
33.0 0.993693140506 1.0
120.0 1.03819317359 1.0
104.0 0.961364420708 1.0
128.0 1.00609379761 1.0
64.0 0.999063146152 1.0
190.0 1.16159403412 1.0
7.0 0.995879141199 1.0
5.0 1.00179373933 1.0
141.0 -2.28125732279 1.0
89.0 1.00118841991 1.0
165.0 -0.355580333032 1.0
78.0 0.998092005788 1.0
111.0 1.00675065361 1.0
79.0 0.998550360143 1.0
123.0 0.981012692294 1.0
177.0 3.62867050379 1.0
170.0 -0.326116114858 1.0
147.0 2.39203888631 1.0
4.0 0.977109760406 1.0
129.0 1.00517311595 1.0
object 18	1.0:1.0
102.0 1.00779065345 1.0
171.0 2.81997851122 1.0
166.0 2.23753883732 1.0
63.0 1.01415723357 1.0
5.0 0.997832062424 1.0
196.0 4.5251522864 1.0
157.0 4.13817657301 1.0
101.0 0.973997691539 1.0
129.0 0.983887413702 1.0
107.0 0.992197029573 1.0
120.0 1.10077287037 1.0
4.0 1.00300465915 1.0
15.0 0.991862315668 1.0
45.0 0.981106223828 1.0
54.0 0.97114588682 1.0
59.0 0.990097894857 1.0
115.0 1.02356577248 1.0
38.0 0.998655577245 1.0
40.0 0.982603993274 1.0
140.0 2.39491383191 1.0
16.0 0.984897367727 1.0
160.0 -0.309962694748 1.0
object 19	1.0:1.0
9.0 0.982541049991 1.0
169.0 1.2865940265 1.0
98.0 1.01275710788 1.0
45.0 1.01464865593 1.0
171.0 2.24010958134 1.0
178.0 6.56709473057 1.0
161.0 5.11270308058 1.0
61.0 1.04212578769 1.0
116.0 1.01159649098 1.0
25.0 0.984379033003 1.0
147.0 2.24640965401 1.0
199.0 1.48400376472 1.0
190.0 -4.78687908893 1.0
121.0 0.992662447979 1.0
94.0 1.02175443832 1.0
155.0 2.45304024889 1.0
132.0 1.03911343249 1.0
122.0 1.03263830132 1.0
92.0 0.985436074164 1.0
3.0 0.948689546652 1.0
38.0 1.01122011178 1.0
173.0 -0.355634182848 1.0
31.0 0.990491939972 1.0
88.0 0.984126358746 1.0
52.0 1.05402969061 1.0
43.0 1.01155155523 1.0
24.0 1.05366783236 1.0
113.0 1.02655223505 1.0
166.0 1.40423216271 1.0
156.0 5.70258770342 1.0
object 20	1.0:1.0
25.0 1.03083152719 1.0
161.0 6.62140553501 1.0
19.0 1.00909749657 1.0
195.0 -7.33595874913 1.0
93.0 0.998776275908 1.0
140.0 0.859764454417 1.0
31.0 0.949268254164 1.0
137.0 0.989996855831 1.0
89.0 0.985297578708 1.0
97.0 1.00006290244 1.0
178.0 -4.0205513558 1.0
121.0 0.964548620316 1.0
138.0 0.959380818836 1.0
185.0 1.55971480315 1.0
21.0 0.978077082996 1.0
5.0 1.02024160999 1.0
162.0 -1.36041789051 1.0
147.0 1.08816741571 1.0
9.0 1.02334253531 1.0
176.0 1.17128292836 1.0
134.0 0.986563874458 1.0
105.0 1.03083562617 1.0
75.0 1.0323930293 1.0
180.0 3.39779004741 1.0
35.0 0.974503019018 1.0
171.0 2.20521185617 1.0
66.0 1.03935683539 1.0
125.0 1.01130741846 1.0
56.0 0.992433099775 1.0
122.0 1.03285119101 1.0
74.0 0.970871624591 1.0
116.0 1.00162229807 1.0
146.0 -0.872422543714 1.0
27.0 0.983698840645 1.0
41.0 0.933527744719 1.0
object 21	1.0:1.0
184.0 2.45914691002 1.0
191.0 -4.87105405011 1.0
89.0 1.0067251798 1.0
40.0 1.01901058951 1.0
54.0 1.03346166905 1.0
111.0 1.01317796804 1.0
12.0 0.966371609446 1.0
109.0 0.95420239695 1.0
44.0 0.994967505279 1.0
19.0 1.01025112904 1.0
168.0 -0.581623620479 1.0
198.0 4.92320420391 1.0
28.0 1.00902918835 1.0
157.0 -1.33036416708 1.0
7.0 1.01365847727 1.0
88.0 0.998290920641 1.0
16.0 0.989703682867 1.0
85.0 0.970655006027 1.0
182.0 2.04197231933 1.0
199.0 1.85993248877 1.0
87.0 1.00066107126 1.0
150.0 -1.73005342293 1.0
123.0 1.01762562375 1.0
63.0 1.00138590781 1.0
object 22	1.0:1.0
4.0 0.984317356339 1.0
76.0 1.07078796325 1.0
122.0 0.968003630106 1.0
199.0 8.87417973589 1.0
116.0 0.983167149697 1.0
39.0 1.01239062589 1.0
163.0 0.874253317524 1.0
124.0 1.04016149638 1.0
55.0 0.985593048931 1.0
33.0 1.0225966475 1.0
52.0 0.949911062362 1.0
196.0 1.84792061799 1.0
117.0 1.00652154537 1.0
85.0 1.02697007893 1.0
10.0 0.993494106496 1.0
103.0 0.998530205652 1.0
173.0 -3.80199665284 1.0
79.0 1.02174878221 1.0
78.0 1.01962939406 1.0
32.0 0.93004121468 1.0
197.0 0.476542324658 1.0
181.0 -0.403928938042 1.0
69.0 1.03716605826 1.0
128.0 1.02273467743 1.0
130.0 0.948123206534 1.0
58.0 0.983775269738 1.0
133.0 1.05719643757 1.0
156.0 3.03162179103 1.0
31.0 1.03882711369 1.0
object 23	1.0:1.0
39.0 1.02404618644 1.0
188.0 1.34057615044 1.0
194.0 2.11501566547 1.0
85.0 1.00942237198 1.0
2.0 0.994670016959 1.0
127.0 1.0126102583 1.0
12.0 0.989521724707 1.0
7.0 1.00013017065 1.0
15.0 0.987767514942 1.0
74.0 0.984176957618 1.0
142.0 3.92941148064 1.0
120.0 1.09660481972 1.0
92.0 1.00200568121 1.0
160.0 -1.55568465746 1.0
17.0 1.03639163112 1.0
189.0 -2.35373054048 1.0
96.0 1.04540011393 1.0
72.0 1.03485469936 1.0
170.0 1.9486747602 1.0
42.0 0.980488025314 1.0
55.0 0.978102259303 1.0
27.0 0.995630334426 1.0
70.0 0.970794107697 1.0
71.0 1.00702876645 1.0
82.0 0.982336183252 1.0
176.0 0.765344141867 1.0
79.0 0.987192099485 1.0
67.0 1.03157294642 1.0
116.0 0.992885413972 1.0
129.0 0.978756378147 1.0
122.0 1.13479038505 1.0
125.0 0.968980201577 1.0
186.0 1.25720132928 1.0
53.0 0.933393145753 1.0
object 24	1.0:1.0
54.0 1.09257569214 1.0
17.0 1.01855199504 1.0
101.0 1.00131472736 1.0
132.0 1.01675641296 1.0
43.0 0.993537288206 1.0
20.0 1.00708372766 1.0
52.0 1.02077162037 1.0
55.0 1.01881067402 1.0
3.0 0.969047861425 1.0
93.0 0.962151263959 1.0
192.0 1.10927655359 1.0
80.0 1.00107496545 1.0
39.0 0.966169973318 1.0
156.0 -0.904894452448 1.0
108.0 0.990428145357 1.0
98.0 0.990263970541 1.0
66.0 1.00455203245 1.0
62.0 0.99483808411 1.0
169.0 1.3307600681 1.0
144.0 3.42952487188 1.0
63.0 0.995028951427 1.0
175.0 -0.781604833279 1.0
92.0 1.05174453909 1.0
78.0 0.991883247688 1.0
99.0 0.99192015298 1.0
30.0 0.98951653451 1.0
189.0 4.74935560691 1.0
142.0 -2.41976313931 1.0
21.0 1.02368736953 1.0
188.0 -5.57665787414 1.0
object 25	1.0:1.0
34.0 1.05671752198 1.0
187.0 1.00964169127 1.0
175.0 -3.33928534664 1.0
53.0 1.04278783951 1.0
192.0 4.43629724074 1.0
196.0 2.52738518104 1.0
15.0 1.00971424125 1.0
81.0 0.978416119289 1.0
67.0 1.00002874746 1.0
58.0 1.03219002353 1.0
156.0 1.41455200495 1.0
141.0 -1.58995341253 1.0
70.0 1.0233081852 1.0
14.0 1.00684689216 1.0
130.0 0.975568847092 1.0
21.0 1.02536640868 1.0
55.0 0.956047745232 1.0
0.0 1.03469200256 1.0
90.0 1.01889425042 1.0
62.0 1.00691486093 1.0
122.0 0.99099139241 1.0
101.0 0.957792824468 1.0
134.0 1.01371603561 1.0
174.0 1.53913685228 1.0
95.0 0.987961477925 1.0
166.0 1.96365872703 1.0
6.0 1.00380127342 1.0
86.0 0.976295076828 1.0
8.0 0.986792910062 1.0
91.0 0.956582595267 1.0
28.0 1.00356996185 1.0
97.0 1.03645043165 1.0
51.0 0.991631153445 1.0
114.0 1.02096895949 1.0
object 26	1.0:1.0
46.0 0.944705969651 1.0
169.0 1.26424518141 1.0
148.0 2.42366587655 1.0
149.0 -4.74437179295 1.0
135.0 1.00515996961 1.0
161.0 -1.34619311048 1.0
155.0 -7.21070213159 1.0
130.0 0.981238970204 1.0
124.0 0.93332743115 1.0
166.0 1.48113871316 1.0
12.0 0.999128900611 1.0
43.0 1.02817131504 1.0
35.0 0.984999895237 1.0
7.0 0.990679750849 1.0
158.0 -0.869947458184 1.0
191.0 4.70999575225 1.0
114.0 1.06010389135 1.0
98.0 1.00605649839 1.0
190.0 -2.3364601921 1.0
118.0 1.02136032125 1.0
101.0 1.00893126131 1.0
object 27	1.0:1.0
141.0 1.22403340326 1.0
26.0 0.974044359458 1.0
64.0 1.0302137946 1.0
127.0 1.01698087893 1.0
47.0 0.991136335039 1.0
121.0 1.06938067102 1.0
54.0 1.07195840782 1.0
29.0 0.984874230598 1.0
178.0 4.27480406814 1.0
139.0 1.04599475539 1.0
131.0 1.04934977302 1.0
77.0 1.01816893539 1.0
33.0 0.966454402761 1.0
171.0 1.46339542704 1.0
27.0 1.04618379057 1.0
147.0 1.18018680238 1.0
55.0 0.995602559084 1.0
60.0 1.00168487774 1.0
9.0 1.0018353937 1.0
175.0 -2.82017278116 1.0
177.0 4.53294793995 1.0
32.0 1.03926056242 1.0
134.0 0.994660353943 1.0
193.0 4.85828669127 1.0
172.0 0.396106429016 1.0
88.0 0.987927813485 1.0
39.0 1.0214207893 1.0
195.0 -0.16984232474 1.0
148.0 4.09582209019 1.0
36.0 0.996656512823 1.0
117.0 0.981943956292 1.0
91.0 1.07668118308 1.0
16.0 0.997869635679 1.0
object 28	1.0:1.0
73.0 1.01654893365 1.0
139.0 1.06652906768 1.0
60.0 0.962457909169 1.0
157.0 -3.63331244903 1.0
136.0 1.01225219668 1.0
59.0 0.981859915372 1.0
31.0 1.04645180328 1.0
61.0 1.00911646331 1.0
62.0 0.987220973845 1.0
153.0 2.52516143062 1.0
178.0 4.16898266361 1.0
81.0 0.970866924365 1.0
14.0 0.999357436234 1.0
182.0 2.69703597197 1.0
145.0 -2.49159437425 1.0
95.0 1.04399667556 1.0
98.0 1.0169527528 1.0
119.0 1.0034076846 1.0
146.0 -6.80828045383 1.0
82.0 0.98291469303 1.0
192.0 1.49464890199 1.0
176.0 -0.441632174101 1.0
8.0 0.987487270643 1.0
49.0 0.997566474559 1.0
197.0 1.97095421616 1.0
172.0 -0.649987676728 1.0
104.0 1.02624863206 1.0
28.0 0.97227188118 1.0
193.0 6.68332464779 1.0
180.0 0.871727409419 1.0
137.0 1.01022659915 1.0
47.0 0.99817445797 1.0
67.0 0.979163220293 1.0
164.0 3.31495438284 1.0
97.0 0.979653008636 1.0
77.0 1.00695990673 1.0
32.0 1.11540366868 1.0
74.0 1.02436836561 1.0
113.0 1.00503717734 1.0
110.0 1.05265627178 1.0
88.0 0.983566511699 1.0
109.0 0.978266467067 1.0
object 29	1.0:1.0
88.0 0.972970378301 1.0
156.0 4.18420371961 1.0
172.0 3.5761310919 1.0
30.0 0.993484231975 1.0
121.0 0.975202305365 1.0
187.0 1.42929136723 1.0
167.0 3.22304028658 1.0
112.0 0.986707907452 1.0
168.0 1.26441298134 1.0
98.0 0.957375645891 1.0
150.0 2.35636894706 1.0
61.0 1.01131794584 1.0
147.0 1.04866416327 1.0
155.0 3.42150862701 1.0
197.0 3.04279286163 1.0
117.0 1.01951389481 1.0
128.0 0.999617383382 1.0
175.0 3.27911058611 1.0
135.0 0.994882249102 1.0
53.0 0.989072177135 1.0
68.0 0.975298843256 1.0
189.0 -2.34529204443 1.0
65.0 1.0346236095 1.0
21.0 0.986334731405 1.0
183.0 2.53453877703 1.0
82.0 1.00572796624 1.0
70.0 1.01049166483 1.0
123.0 1.03874242449 1.0
99.0 0.966822119598 1.0
149.0 -2.26667944893 1.0
36.0 0.971632728305 1.0
42.0 1.01525038507 1.0
111.0 1.01133372636 1.0
19.0 1.005329505 1.0
85.0 0.989732735994 1.0
object 30	1.0:1.0
147.0 0.68611362144 1.0
87.0 1.01745610312 1.0
45.0 0.975805418652 1.0
101.0 1.07759197798 1.0
100.0 1.00901647722 1.0
159.0 -0.24658725777 1.0
6.0 1.01294800492 1.0
57.0 0.969904993109 1.0
105.0 1.06208266427 1.0
110.0 1.03070910879 1.0
135.0 0.995406289651 1.0
91.0 1.02659452115 1.0
191.0 -3.85616296187 1.0
15.0 1.01106782193 1.0
27.0 1.02431295512 1.0
85.0 0.971801329474 1.0
88.0 0.991688446054 1.0
18.0 1.02234740181 1.0
16.0 1.00132892309 1.0
8.0 1.00470717529 1.0
152.0 3.13345112097 1.0
3.0 1.00302396714 1.0
23.0 1.00172885489 1.0
146.0 2.93321001075 1.0
7.0 1.00300646142 1.0
96.0 0.934231998922 1.0
32.0 0.979566372662 1.0
5.0 0.977064018753 1.0
47.0 0.964478457807 1.0
197.0 1.95360526062 1.0
117.0 0.99715138077 1.0
41.0 1.05498715184 1.0
object 31	1.0:1.0
50.0 1.00691115506 1.0
117.0 0.966662747958 1.0
183.0 2.16287669789 1.0
76.0 0.979172333733 1.0
98.0 1.00478765695 1.0
44.0 1.02068206557 1.0
130.0 0.990478810562 1.0
12.0 0.998267288636 1.0
4.0 0.939270002405 1.0
115.0 0.973794130046 1.0
88.0 0.987828513298 1.0
58.0 1.0092943481 1.0
81.0 1.01036946473 1.0
156.0 -8.19997101577 1.0
47.0 1.022755013 1.0
105.0 1.00982191134 1.0
152.0 8.07825684317 1.0
136.0 1.01109440217 1.0
40.0 1.00660676433 1.0
121.0 0.980231305473 1.0
18.0 1.03414825238 1.0
86.0 1.00907938615 1.0
46.0 1.0342584726 1.0
5.0 0.993604449782 1.0
37.0 1.0025109884 1.0
191.0 1.80258914806 1.0
174.0 5.93244781695 1.0
85.0 0.95805631843 1.0
22.0 0.96679783769 1.0
110.0 1.0421731073 1.0
146.0 1.83766235222 1.0
31.0 0.989705976342 1.0
149.0 0.201893528286 1.0
object 32	1.0:1.0
97.0 1.02278143119 1.0
88.0 0.958176870932 1.0
165.0 1.20478334005 1.0
72.0 1.05710222823 1.0
107.0 1.0016086232 1.0
42.0 1.01589534647 1.0
130.0 1.00052672349 1.0
145.0 -2.17875751511 1.0
1.0 0.961122079455 1.0
4.0 0.993561676573 1.0
106.0 1.02237031124 1.0
178.0 3.15954583216 1.0
121.0 1.03491135774 1.0
190.0 2.78628579259 1.0
66.0 0.916079888485 1.0
96.0 0.973906838849 1.0
180.0 3.37937866408 1.0
37.0 1.01197372813 1.0
92.0 0.984299976174 1.0
95.0 1.01403865709 1.0
90.0 0.96042377678 1.0
85.0 1.02785822967 1.0
183.0 -0.169509723775 1.0
78.0 1.00347787294 1.0
28.0 0.923787438442 1.0
11.0 1.06159440133 1.0
61.0 1.031638243 1.0
73.0 1.04988711159 1.0
34.0 1.03926922344 1.0
38.0 0.986034488599 1.0
150.0 -1.67770228466 1.0
32.0 0.994210614793 1.0
175.0 2.049416466 1.0
113.0 1.00934516443 1.0
152.0 2.64464746389 1.0
45.0 1.01658771251 1.0
194.0 1.11649705018 1.0
27.0 1.02839278178 1.0
object 33	1.0:1.0
186.0 -1.90399074653 1.0
8.0 0.979515295071 1.0
130.0 1.01607865836 1.0
171.0 -0.53725885612 1.0
16.0 0.962721489982 1.0
120.0 1.05708372164 1.0
46.0 0.918655627824 1.0
72.0 1.02091384288 1.0
182.0 2.46391395241 1.0
187.0 1.37334342882 1.0
12.0 0.99912724293 1.0
108.0 0.952390643978 1.0
151.0 -7.30327409431 1.0
68.0 1.08759776429 1.0
107.0 1.02320687364 1.0
15.0 0.99771546312 1.0
79.0 0.957286909958 1.0
10.0 0.953282298915 1.0
140.0 -3.00214745102 1.0
196.0 -1.37264272142 1.0
20.0 0.98888639694 1.0
6.0 0.995283615794 1.0
4.0 1.04280079464 1.0
132.0 1.05203936372 1.0
189.0 7.6899017505 1.0
155.0 5.43213015031 1.0
158.0 0.267851479149 1.0
92.0 1.01882353433 1.0
102.0 0.993027747723 1.0
object 34	1.0:1.0
92.0 0.967500552448 1.0
70.0 1.00873284227 1.0
167.0 5.61258259703 1.0
72.0 0.958814784107 1.0
29.0 1.04624574721 1.0
55.0 0.96029390291 1.0
194.0 6.28612293401 1.0
125.0 0.98618687651 1.0
166.0 1.9185549818 1.0
174.0 2.71770206007 1.0
100.0 0.989242631281 1.0
164.0 4.36833978787 1.0
145.0 -0.000890524974274 1.0
150.0 1.49501794316 1.0
52.0 0.954256907291 1.0
106.0 0.951976495167 1.0
193.0 0.153600256661 1.0
23.0 0.970278901565 1.0
132.0 0.968075753014 1.0
75.0 1.00025826011 1.0
22.0 0.918527767073 1.0
56.0 0.992376705923 1.0
127.0 0.98840600407 1.0
131.0 0.987600483944 1.0
195.0 -0.0751738802097 1.0
35.0 1.01592843533 1.0
168.0 -2.26556867737 1.0
105.0 1.04043830067 1.0
140.0 -0.687069547515 1.0
object 35	1.0:1.0
130.0 0.995628413724 1.0
192.0 3.12090124674 1.0
142.0 4.46122029453 1.0
175.0 1.2664078528 1.0
72.0 0.996781876388 1.0
188.0 3.69663082448 1.0
92.0 0.973121284478 1.0
96.0 1.04666688454 1.0
132.0 0.925597215753 1.0
152.0 -2.03696211526 1.0
128.0 0.97070552908 1.0
127.0 1.00644407093 1.0
138.0 0.982163564054 1.0
54.0 1.0026469477 1.0
73.0 0.936308490645 1.0
116.0 1.00137307435 1.0
49.0 1.0422045329 1.0
53.0 0.968016659682 1.0
165.0 -4.86087996324 1.0
115.0 0.966552051201 1.0
109.0 0.977774455124 1.0
180.0 -2.28228597118 1.0
14.0 1.01026017507 1.0
198.0 3.80242620814 1.0
103.0 0.993297390876 1.0
4.0 1.01496803722 1.0
110.0 1.09794917299 1.0
190.0 3.12203216724 1.0
1.0 0.970452940805 1.0
177.0 2.00446512695 1.0
40.0 0.971265946519 1.0
79.0 0.981932058496 1.0
89.0 1.01636009528 1.0
120.0 1.11630364078 1.0
176.0 1.82874124076 1.0
23.0 0.99082536275 1.0
118.0 1.00260616759 1.0
object 36	1.0:1.0
110.0 0.978456634579 1.0
188.0 2.74854849699 1.0
116.0 1.00359538522 1.0
99.0 0.998520956872 1.0
3.0 1.00834768421 1.0
167.0 2.06149019021 1.0
180.0 1.56949275395 1.0
27.0 1.00113925942 1.0
83.0 1.00345476937 1.0
48.0 1.02327849915 1.0
47.0 1.00987225644 1.0
131.0 0.98402558649 1.0
149.0 1.33016396826 1.0
114.0 0.994057737639 1.0
38.0 0.999240711289 1.0
142.0 -3.86839044241 1.0
193.0 0.580135099379 1.0
186.0 3.69433086881 1.0
64.0 1.09506893984 1.0
62.0 1.04685753596 1.0
76.0 0.972648710594 1.0
74.0 0.943771854941 1.0
191.0 1.34428459671 1.0
113.0 0.990857389371 1.0
161.0 -2.76147944134 1.0
172.0 0.691666258115 1.0
154.0 3.4665604198 1.0
7.0 0.977255175598 1.0
object 37	1.0:1.0
46.0 0.99980571562 1.0
90.0 0.984724748464 1.0
143.0 2.67406627654 1.0
85.0 1.00052442188 1.0
124.0 0.983233917614 1.0
52.0 0.993081995931 1.0
103.0 1.0061613482 1.0
187.0 3.08203281493 1.0
159.0 0.354013459769 1.0
83.0 0.98010203431 1.0
111.0 1.02253702332 1.0
33.0 0.955411291303 1.0
129.0 0.964912801893 1.0
160.0 4.12867893796 1.0
78.0 0.986614921853 1.0
65.0 0.953729248621 1.0
28.0 1.05332704199 1.0
97.0 1.00037449994 1.0
68.0 1.0159957321 1.0
190.0 -2.43687088682 1.0
27.0 1.01477649905 1.0
170.0 1.240351286 1.0
70.0 1.03390676672 1.0
149.0 -6.5788610384 1.0
163.0 4.06903225748 1.0
66.0 0.991919971964 1.0
69.0 1.00057592237 1.0
71.0 0.976721861369 1.0
112.0 0.990320377614 1.0
39.0 0.987587848522 1.0
189.0 13.6329073988 1.0
1.0 0.938616806551 1.0
16.0 0.989984583221 1.0
10.0 0.98408190674 1.0
object 38	1.0:1.0
142.0 -0.146010002563 1.0
82.0 0.979558671918 1.0
57.0 1.04798080431 1.0
146.0 14.0936148433 1.0
104.0 1.00082582291 1.0
131.0 0.998222542632 1.0
125.0 1.01139976844 1.0
144.0 -0.674622551953 1.0
83.0 1.0351894048 1.0
157.0 5.39564960709 1.0
107.0 1.05921528247 1.0
180.0 0.629412223683 1.0
36.0 0.994189991831 1.0
94.0 1.00700830425 1.0
52.0 1.00172650313 1.0
132.0 1.03775662049 1.0
161.0 3.99367933402 1.0
31.0 0.998785190479 1.0
145.0 -3.53055654036 1.0
34.0 1.00244858559 1.0
119.0 1.00256997433 1.0
115.0 1.02240317563 1.0
object 39	1.0:1.0
45.0 1.02626752423 1.0
56.0 0.984920360432 1.0
87.0 1.06422797829 1.0
184.0 6.35274202558 1.0
50.0 1.00700741939 1.0
57.0 1.02420179784 1.0
20.0 0.984240960181 1.0
107.0 0.978246600531 1.0
90.0 0.953902835447 1.0
13.0 0.999296666259 1.0
159.0 1.57374208804 1.0
82.0 1.00271700274 1.0
46.0 0.982128023672 1.0
192.0 -1.47789957821 1.0
189.0 -4.13705720467 1.0
187.0 3.84151032721 1.0
171.0 1.62227693147 1.0
40.0 0.999013549439 1.0
68.0 1.02931572813 1.0
132.0 0.956920148807 1.0
170.0 0.211900262081 1.0
152.0 1.62444971809 1.0
125.0 1.01377775268 1.0
28.0 0.986851344993 1.0
93.0 0.969148220078 1.0
object 40	1.0:1.0
98.0 0.976659655743 1.0
154.0 -6.21760774371 1.0
86.0 0.990222478098 1.0
44.0 0.99418346998 1.0
113.0 0.966932056882 1.0
125.0 0.915487384636 1.0
82.0 0.999144859597 1.0
167.0 4.275818635 1.0
95.0 0.961396528128 1.0
169.0 1.32215297 1.0
196.0 3.88822999291 1.0
67.0 1.03797915236 1.0
158.0 1.03290024907 1.0
50.0 0.981766071363 1.0
132.0 0.992489739137 1.0
54.0 1.02792135691 1.0
5.0 1.04065461781 1.0
141.0 1.85751075719 1.0
45.0 0.957970004275 1.0
78.0 1.04083709056 1.0
49.0 0.938053397991 1.0
object 41	1.0:1.0
24.0 0.989997089187 1.0
96.0 0.989709537874 1.0
189.0 4.87056211132 1.0
99.0 1.00987161366 1.0
90.0 1.03053560007 1.0
0.0 1.06625210257 1.0
159.0 5.12007358209 1.0
108.0 0.994025764266 1.0
173.0 9.58925324308 1.0
152.0 -3.33194759142 1.0
166.0 1.25103124426 1.0
34.0 1.01301019476 1.0
123.0 1.0046690037 1.0
40.0 1.02164805918 1.0
9.0 0.991120084535 1.0
68.0 1.05476372514 1.0
81.0 1.01099549287 1.0
36.0 0.998878855346 1.0
92.0 1.00869759669 1.0
175.0 3.60582203365 1.0
132.0 0.94028267025 1.0
58.0 0.918563996451 1.0
104.0 0.951868623459 1.0
127.0 0.992856725162 1.0
118.0 0.956567790503 1.0
43.0 0.964981985251 1.0
49.0 1.04980735247 1.0
6.0 0.990079122073 1.0
26.0 0.945228040929 1.0
107.0 1.05024416001 1.0
89.0 1.009132362 1.0
16.0 1.00190827206 1.0
4.0 0.990324665501 1.0
65.0 0.942385554888 1.0
object 42	1.0:1.0
191.0 -0.854265422444 1.0
62.0 0.992836061226 1.0
126.0 0.997037074248 1.0
133.0 1.03455009379 1.0
90.0 1.03163708075 1.0
195.0 3.23513691419 1.0
53.0 0.93638661805 1.0
80.0 0.986626317285 1.0
17.0 0.966911019443 1.0
152.0 7.48376304839 1.0
157.0 1.58872482491 1.0
29.0 1.00797341428 1.0
34.0 0.975102979982 1.0
87.0 0.995088102377 1.0
149.0 1.10606937138 1.0
86.0 0.979105757569 1.0
167.0 2.41916874453 1.0
102.0 0.9909455256 1.0
165.0 5.58625933359 1.0
57.0 0.996452498775 1.0
161.0 -1.41809562331 1.0
192.0 -1.80084587666 1.0
110.0 0.997733500076 1.0
37.0 1.05933888908 1.0
0.0 1.04311644577 1.0
132.0 0.977465617678 1.0
51.0 0.995560900087 1.0
46.0 0.925124982527 1.0
108.0 0.981814303239 1.0
13.0 1.06423661775 1.0
104.0 1.0035211709 1.0
object 43	1.0:1.0
58.0 1.07664717393 1.0
13.0 0.979897428932 1.0
154.0 2.27337143733 1.0
92.0 1.06088625551 1.0
3.0 1.00302607977 1.0
117.0 1.00948857288 1.0
199.0 0.650323788316 1.0
173.0 7.7189377922 1.0
155.0 -4.04524531894 1.0
179.0 1.12830977829 1.0
42.0 0.99443537346 1.0
116.0 0.991152538737 1.0
16.0 1.02370216398 1.0
29.0 0.986917351187 1.0
168.0 1.14135905795 1.0
170.0 -2.85564218304 1.0
119.0 0.99616309027 1.0
159.0 0.177945064419 1.0
148.0 -0.563723235042 1.0
131.0 1.01687597373 1.0
126.0 0.986445335658 1.0
125.0 0.975315839387 1.0
32.0 0.958554747677 1.0
186.0 0.857833736528 1.0
45.0 0.983383210129 1.0
160.0 2.04894169927 1.0
149.0 -0.706431347159 1.0
62.0 0.958550046757 1.0
86.0 0.997972484009 1.0
object 44	1.0:1.0
16.0 0.998660706382 1.0
3.0 0.968724077484 1.0
104.0 1.02844075938 1.0
100.0 0.973123269571 1.0
189.0 4.5190421462 1.0
124.0 0.956272607088 1.0
178.0 -2.95046352773 1.0
4.0 1.04159992515 1.0
172.0 -0.0947734763582 1.0
106.0 1.00732634688 1.0
99.0 1.00425393865 1.0
103.0 1.01756979262 1.0
60.0 0.975273875445 1.0
136.0 0.990339113668 1.0
91.0 0.997949542588 1.0
168.0 2.44904166234 1.0
148.0 4.28416050872 1.0
10.0 1.03484823017 1.0
1.0 1.01987799224 1.0
24.0 1.05702221986 1.0
49.0 1.00017359146 1.0
199.0 -3.75696081834 1.0
68.0 0.984436386902 1.0
147.0 2.33586531725 1.0
53.0 0.953149782534 1.0
51.0 1.01606009163 1.0
132.0 0.984127994562 1.0
65.0 0.983953655964 1.0
69.0 0.993897529046 1.0
113.0 0.980610212213 1.0
32.0 0.991084984537 1.0
74.0 1.0438805785 1.0
object 45	1.0:1.0
194.0 -2.47347075083 1.0
13.0 1.02280318445 1.0
47.0 0.992964022625 1.0
124.0 1.12693531411 1.0
50.0 0.987705554115 1.0
11.0 0.989489912679 1.0
128.0 0.968543817894 1.0
64.0 1.02874908181 1.0
152.0 -0.433870625207 1.0
16.0 0.992740498056 1.0
55.0 1.00609935895 1.0
176.0 5.80960082528 1.0
27.0 1.01356137738 1.0
166.0 -0.182059342705 1.0
34.0 0.967452375187 1.0
186.0 1.53280276655 1.0
104.0 0.976747467393 1.0
86.0 1.01428875624 1.0
190.0 5.35156511361 1.0
163.0 10.6520379955 1.0
132.0 0.943045932046 1.0
0.0 0.932586188833 1.0
52.0 0.966985920377 1.0
183.0 0.403607672406 1.0
170.0 -1.36448838779 1.0
94.0 0.959928687698 1.0
1.0 1.07075580054 1.0
81.0 0.995447068964 1.0
196.0 -6.45863055623 1.0
15.0 0.983006691745 1.0
43.0 1.03361316389 1.0
97.0 0.967277986782 1.0
99.0 1.01624791932 1.0
24.0 1.0036835056 1.0
127.0 1.01630856335 1.0
74.0 1.02916691386 1.0
136.0 0.995458544794 1.0
179.0 1.01386454808 1.0
14.0 0.996687617332 1.0
117.0 0.982942004855 1.0
79.0 0.99043169778 1.0
6.0 1.00398608834 1.0
130.0 1.05140285001 1.0
139.0 0.994234435419 1.0
35.0 0.997129461241 1.0
100.0 0.983170341944 1.0
149.0 9.11257133401 1.0
172.0 4.19606626082 1.0
32.0 1.03506187833 1.0
17.0 0.983364077104 1.0
198.0 2.96057771821 1.0
110.0 1.01327514835 1.0
161.0 1.41974302725 1.0
28.0 0.920247680057 1.0
106.0 0.947892120164 1.0
147.0 -0.300746303414 1.0
object 46	1.0:1.0
99.0 0.992057989398 1.0
167.0 -0.766231309064 1.0
146.0 8.10347312692 1.0
82.0 1.00315798331 1.0
46.0 0.965081840188 1.0
132.0 1.0410061355 1.0
102.0 1.01534793326 1.0
33.0 1.00282404854 1.0
165.0 1.54093900389 1.0
39.0 1.05310613759 1.0
60.0 1.01046546233 1.0
154.0 8.47633644602 1.0
163.0 4.40855018925 1.0
93.0 1.0143963055 1.0
152.0 -12.3315128698 1.0
63.0 0.995327328503 1.0
83.0 0.972434192821 1.0
21.0 1.01180757529 1.0
191.0 0.277515971076 1.0
13.0 0.999500757278 1.0
23.0 0.999459331701 1.0
20.0 1.04151991816 1.0
32.0 0.96435017711 1.0
24.0 0.972225306508 1.0
141.0 2.11351117049 1.0
171.0 -2.18086239892 1.0
110.0 0.992191231267 1.0
9.0 0.92527458044 1.0
121.0 1.03430408776 1.0
53.0 1.00070180486 1.0
127.0 1.00003366078 1.0
86.0 0.984719890618 1.0
162.0 10.3905872713 1.0
142.0 -0.501945650602 1.0
26.0 0.98097044794 1.0
135.0 0.994495214966 1.0
0.0 0.990861294393 1.0
114.0 0.989059501192 1.0
40.0 0.994211115097 1.0
136.0 0.997826496279 1.0
81.0 0.999987688155 1.0
object 47	1.0:1.0
161.0 -1.4448626379 1.0
171.0 -0.585984148343 1.0
102.0 0.972789195727 1.0
120.0 1.02785506427 1.0
162.0 -2.77247328984 1.0
9.0 0.967264196419 1.0
33.0 1.05485290454 1.0
101.0 1.00541502931 1.0
98.0 1.0104212682 1.0
198.0 3.27328866769 1.0
112.0 0.996431019355 1.0
25.0 1.00019438332 1.0
129.0 1.0015097138 1.0
127.0 1.00045948916 1.0
194.0 5.4308019489 1.0
58.0 1.01990093048 1.0
20.0 1.00204663998 1.0
3.0 1.09596764722 1.0
114.0 0.99557479364 1.0
100.0 0.963409404632 1.0
63.0 0.974682592477 1.0
125.0 0.9838871101 1.0
136.0 0.991036395607 1.0
180.0 -7.68325369719 1.0
46.0 0.937674186561 1.0
154.0 9.39578660705 1.0
object 48	1.0:1.0
171.0 2.29769351811 1.0
185.0 -6.01416398399 1.0
85.0 0.972485596086 1.0
23.0 0.994420460324 1.0
84.0 1.01899115954 1.0
196.0 -0.350024379394 1.0
17.0 0.910534896667 1.0
152.0 4.99409205399 1.0
163.0 6.19071147568 1.0
181.0 0.0937186155264 1.0
157.0 4.41774432444 1.0
52.0 0.956174447844 1.0
80.0 0.979590322515 1.0
193.0 -6.26698923939 1.0
34.0 1.02711502949 1.0
57.0 1.02325410229 1.0
63.0 0.996210236187 1.0
42.0 1.00004016963 1.0
110.0 1.03012692306 1.0
13.0 0.993955959488 1.0
137.0 1.0202927837 1.0
2.0 0.99707640274 1.0
103.0 1.01288349125 1.0
197.0 -4.64522197077 1.0
136.0 0.996606534476 1.0
192.0 11.1879642775 1.0
object 49	1.0:1.0
21.0 1.001520326 1.0
20.0 1.01044232436 1.0
146.0 -0.930746720946 1.0
125.0 1.03851785842 1.0
186.0 3.19594695816 1.0
104.0 1.01012463671 1.0
62.0 1.0573162208 1.0
187.0 -0.157893731108 1.0
129.0 1.07101685973 1.0
81.0 1.0213921694 1.0
195.0 3.13583068838 1.0
93.0 0.990781292436 1.0
124.0 0.998140087123 1.0
102.0 1.07654660045 1.0
122.0 0.964694155371 1.0
183.0 -0.545969494442 1.0
63.0 0.985648686551 1.0
103.0 1.0313632688 1.0
57.0 0.974579984153 1.0
106.0 1.02784258172 1.0
173.0 -1.31765077515 1.0
162.0 -0.784574197099 1.0
134.0 1.01486798124 1.0
94.0 1.01941764048 1.0
109.0 1.00832497972 1.0
76.0 1.02780970358 1.0
141.0 -1.26171253415 1.0
77.0 1.13407291845 1.0
64.0 0.914144177067 1.0
59.0 0.967049966079 1.0
object 50	1.0:0.5 10.2976704438:0.5
105.0 10.2255697532 1.0
31.0 10.2628826483 1.0
19.0 0.923467156004 0.0
196.0 5.72881278851 1.0
20.0 1.03415690463 0.0
160.0 3.35411997676 0.0
162.0 10.9524596408 1.0
99.0 1.01280297164 0.0
55.0 1.00665583887 0.0
13.0 10.3668376758 1.0
182.0 8.18890119619 1.0
177.0 -2.33521522548 0.0
36.0 1.02740498789 0.0
38.0 1.01017553112 0.0
161.0 10.3804504589 1.0
67.0 10.3478059124 1.0
94.0 10.3273087599 1.0
141.0 7.95824880284 1.0
155.0 1.4185420947 0.0
75.0 10.3062312075 1.0
135.0 1.00011002128 0.0
93.0 0.993667991794 0.0
35.0 0.995079026135 0.0
136.0 10.3537980015 1.0
195.0 -0.321471844057 0.0
178.0 2.95293844956 0.0
21.0 1.08307604363 0.0
44.0 0.99328818218 0.0
47.0 1.00363120507 0.0
56.0 0.948414212722 0.0
148.0 9.11066662235 1.0
115.0 1.05185009581 0.0
0.0 0.961730145108 0.0
60.0 0.993589375015 0.0
150.0 13.7013225474 1.0
object 51	1.0:0.5 17.4423365851:0.5
64.0 17.4301865776 1.0
108.0 17.3773557245 1.0
141.0 1.91260370067 0.0
186.0 -1.95673738067 0.0
43.0 17.6130101184 1.0
25.0 1.00516820031 0.0
135.0 1.02044957321 0.0
3.0 1.01090378563 0.0
124.0 17.4450454623 1.0
32.0 0.970680392302 0.0
197.0 6.73052382852 0.0
195.0 0.546936744282 0.0
7.0 17.4839030544 1.0
159.0 1.60378299075 0.0
182.0 -2.82462302744 0.0
155.0 1.70049533779 0.0
111.0 17.4335411661 1.0
37.0 0.996755071518 0.0
180.0 15.3658352234 1.0
68.0 17.4664237224 1.0
56.0 17.4591271143 1.0
184.0 18.5874055658 1.0
165.0 15.9651429885 1.0
19.0 17.4698726101 1.0
26.0 1.0297531068 0.0
80.0 17.4349038585 1.0
89.0 1.01854291429 0.0
181.0 1.29138437097 0.0
150.0 -0.768657299773 0.0
object 52	1.0:0.5 14.7364649171:0.5
52.0 14.7485354019 1.0
42.0 14.7509333118 1.0
8.0 14.7106693196 1.0
134.0 14.8132771868 1.0
175.0 2.60376988828 0.0
76.0 0.94232954277 0.0
95.0 1.06282363756 0.0
149.0 16.0490022537 1.0
113.0 0.921430330875 0.0
55.0 14.6803986977 1.0
106.0 0.970707990617 0.0
183.0 1.41334269128 0.0
28.0 14.7542670222 1.0
34.0 14.6969247391 1.0
14.0 14.7139702074 1.0
102.0 14.741930522 1.0
112.0 0.977753781884 0.0
91.0 14.6118585568 1.0
121.0 14.780906366 1.0
160.0 11.419134905 1.0
181.0 2.53419452566 0.0
object 53	1.0:0.5 -23.1071769939:0.5
173.0 4.42227805 0.0
109.0 -23.0363514435 1.0
110.0 1.01422245812 0.0
108.0 -23.0927722414 1.0
138.0 -23.0722844576 1.0
87.0 0.928922103291 0.0
59.0 1.04989229228 0.0
86.0 1.06907703893 0.0
152.0 0.356615695494 0.0
22.0 -23.1359375571 1.0
180.0 2.71657721426 0.0
98.0 0.966681135687 0.0
80.0 -23.1443870002 1.0
48.0 0.979070090303 0.0
51.0 -23.0586971958 1.0
102.0 -23.0694058319 1.0
70.0 -23.2198570111 1.0
148.0 -2.17599354642 0.0
object 54	1.0:0.5 1.50572607523:0.5
15.0 1.57595653753 1.0
35.0 0.964969428239 0.0
130.0 1.52052546748 1.0
26.0 1.03799419316 0.0
14.0 1.03633929843 0.0
48.0 1.01901094241 0.0
160.0 6.2555799295 1.0
37.0 1.08487111296 0.0
99.0 1.00432000606 0.0
90.0 1.48993940394 1.0
46.0 1.57796903674 1.0
51.0 0.974792838608 0.0
104.0 0.997741915121 0.0
29.0 1.43523494028 1.0
115.0 1.04296963926 0.0
20.0 1.42875288436 1.0
84.0 1.00313652736 0.0
113.0 1.02780652872 0.0
116.0 1.00924609622 0.0
21.0 1.02503464681 0.0
183.0 3.88138895101 1.0
object 55	1.0:0.5 14.5913287235:0.5
10.0 0.969181642298 0.0
143.0 13.8533251891 1.0
106.0 14.5250756928 1.0
59.0 14.5721273787 1.0
95.0 0.974570807219 0.0
178.0 9.54698593971 1.0
88.0 0.903963344268 0.0
158.0 5.96470822651 0.0
133.0 14.632063835 1.0
51.0 14.5180001383 1.0
38.0 14.5966417288 1.0
43.0 14.5093631485 1.0
52.0 14.6340724921 1.0
138.0 1.06355735989 0.0
4.0 14.7165363086 1.0
107.0 14.5713654719 1.0
18.0 0.889742359238 0.0
163.0 1.70750115562 0.0
53.0 14.5842835231 1.0
58.0 1.02509228218 0.0
114.0 1.0079904638 0.0
0.0 1.03354990206 0.0
115.0 0.995550900459 0.0
155.0 17.4355745177 1.0
63.0 0.917262642019 0.0
8.0 0.997697708122 0.0
object 56	1.0:0.5 -0.422074836789:0.5
90.0 -0.471551868412 1.0
154.0 3.63990199092 0.0
179.0 -0.819895078296 1.0
131.0 -0.421071854744 1.0
98.0 1.03598332895 0.0
129.0 0.995292745981 0.0
149.0 -2.02933747127 1.0
189.0 2.18933738422 1.0
66.0 -0.38972763989 1.0
123.0 -0.399402961556 1.0
89.0 -0.455060883045 1.0
120.0 1.01505717815 0.0
138.0 -0.469092641487 1.0
79.0 0.914810792784 0.0
114.0 1.01005711774 0.0
126.0 -0.429158122451 1.0
3.0 -0.366601402612 1.0
108.0 1.02342608131 0.0
58.0 0.942786502626 0.0
101.0 -0.386162288325 1.0
36.0 -0.403691700672 1.0
15.0 1.04770725535 0.0
53.0 -0.425877537953 1.0
115.0 -0.509194231052 1.0
47.0 1.06948374957 0.0
27.0 0.964581085046 0.0
41.0 -0.429367837728 1.0
8.0 0.940037489785 0.0
object 57	1.0:0.5 8.55446232292:0.5
31.0 8.47955819923 1.0
59.0 0.95363994329 0.0
7.0 0.971504078579 0.0
130.0 1.06530198265 0.0
90.0 8.61861670344 1.0
60.0 8.48753056863 1.0
143.0 10.333634593 1.0
199.0 6.7769129169 0.0
128.0 8.49595937462 1.0
121.0 8.56554140091 1.0
123.0 8.54553583591 1.0
114.0 8.52214264192 1.0
97.0 1.00546269337 0.0
58.0 8.47290630427 1.0
104.0 8.56044085327 1.0
73.0 8.51710438424 1.0
85.0 8.57133513363 1.0
196.0 4.73630014402 0.0
190.0 2.65362779666 0.0
134.0 1.05234238141 0.0
198.0 9.35322846084 1.0
37.0 8.54015247482 1.0
23.0 0.886735502287 0.0
1.0 8.59595592882 1.0
177.0 8.6127720054 1.0
103.0 0.916277779904 0.0
16.0 1.11215351381 0.0
140.0 11.6831266381 1.0
8.0 8.52602200429 1.0
96.0 8.53679363377 1.0
155.0 0.913766294225 0.0
88.0 8.51674258614 1.0
133.0 1.11021918493 0.0
object 58	1.0:0.5 2.74082830102:0.5
46.0 0.999496455768 0.0
98.0 1.02747626332 0.0
10.0 1.06305720058 0.0
156.0 0.125735641153 0.0
120.0 2.7909798897 1.0
126.0 2.63928586942 1.0
194.0 3.934169458 0.0
42.0 1.08346179607 0.0
7.0 0.900636864627 0.0
193.0 1.47025158143 0.0
179.0 1.79392912732 1.0
165.0 0.214062963107 0.0
190.0 -5.59483595787 0.0
96.0 0.974965360878 0.0
30.0 2.8607049173 1.0
154.0 4.16831253982 1.0
166.0 7.33578740399 1.0
34.0 2.65191499611 1.0
122.0 1.04449061016 0.0
26.0 2.80673880668 1.0
100.0 2.70001066146 1.0
89.0 0.942198775282 0.0
47.0 2.72710709341 1.0
27.0 2.74463913703 1.0
196.0 -6.66031698527 0.0
17.0 2.81785241661 1.0
135.0 2.77147753718 1.0
157.0 2.26236270561 0.0
66.0 2.72901723053 1.0
168.0 0.224318276674 1.0
object 59	1.0:0.5 0.717987927502:0.5
158.0 -1.07191536165 0.0
176.0 0.420220543955 0.0
76.0 0.751386904333 1.0
173.0 3.7386335672 1.0
182.0 -1.21949711193 1.0
96.0 1.00588380453 0.0
8.0 0.985655559156 0.0
53.0 0.965934176281 0.0
102.0 1.04436218043 0.0
63.0 0.671984302729 1.0
109.0 0.974347184307 0.0
189.0 1.22592351947 1.0
165.0 2.57046014749 0.0
26.0 0.645515778109 1.0
151.0 1.07421049792 0.0
167.0 0.409652188866 1.0
132.0 0.617162636842 1.0
49.0 0.733201163893 1.0
159.0 -0.53810365431 1.0
50.0 0.977845956002 0.0
179.0 1.03542343486 1.0
181.0 1.08929905358 1.0
126.0 1.05851108087 0.0
177.0 1.66344322613 0.0
13.0 0.735875565817 1.0
78.0 0.689229454552 1.0
65.0 0.974327788417 0.0
82.0 0.665190857092 1.0
149.0 -1.02928118803 1.0
196.0 4.89570212321 1.0
object 60	1.0:0.5 -3.51469274358:0.5
69.0 -3.47117113835 1.0
166.0 -4.74267896852 1.0
14.0 0.951029339688 0.0
5.0 1.05944380095 0.0
96.0 -3.43212195067 1.0
70.0 -3.43031130749 1.0
176.0 -8.50383713302 1.0
156.0 -3.10840080968 1.0
74.0 0.981442142617 0.0
66.0 1.06788312946 0.0
169.0 2.51933918191 0.0
182.0 2.24905525174 0.0
114.0 -3.42506123864 1.0
158.0 -0.357178884882 1.0
83.0 1.0241123155 0.0
40.0 -3.52191597208 1.0
84.0 -3.53797448866 1.0
181.0 -2.04394029922 1.0
53.0 1.06207972107 0.0
171.0 1.05875190232 0.0
13.0 -3.55251880701 1.0
163.0 -0.439622727662 1.0
71.0 -3.5827483803 1.0
92.0 0.985970937791 0.0
97.0 0.988523570324 0.0
187.0 -0.439673935986 1.0
37.0 -3.46715966359 1.0
152.0 0.816451419984 0.0
47.0 1.01753884224 0.0
38.0 1.06840552928 0.0
111.0 -3.53937864762 1.0
58.0 -3.58064421637 1.0
164.0 -5.62238303047 1.0
object 61	1.0:0.5 -2.04447300716:0.5
116.0 -2.06339560403 1.0
192.0 0.0479911060131 1.0
102.0 0.963205797735 0.0
69.0 -2.07919206467 1.0
112.0 1.03716459461 0.0
25.0 1.00845252679 0.0
100.0 -2.15824053062 1.0
40.0 1.03776510127 0.0
113.0 -2.05120672614 1.0
32.0 -2.08394206206 1.0
160.0 0.514386808225 0.0
47.0 0.987098045072 0.0
66.0 -2.08028846394 1.0
198.0 -2.7383986709 1.0
73.0 -2.03185338604 1.0
142.0 -5.52062672136 1.0
95.0 -2.14253422235 1.0
189.0 -3.2265811325 0.0
92.0 0.887347684109 0.0
51.0 -1.97453173584 1.0
188.0 -2.12042412819 0.0
68.0 0.959179426984 0.0
37.0 -2.11862611854 1.0
38.0 -2.01383919797 1.0
11.0 -2.03070776922 1.0
78.0 1.0357159435 0.0
67.0 1.00231944514 0.0
155.0 -4.27286641337 1.0
15.0 -2.11104678265 1.0
81.0 1.04394747737 0.0
114.0 -2.07300342048 1.0
object 62	1.0:0.5 -1.0790851679:0.5
5.0 -1.01621013542 1.0
26.0 1.0028961785 0.0
189.0 -2.35830533092 1.0
88.0 1.02223912222 0.0
123.0 0.962484377695 0.0
170.0 0.847473885257 1.0
58.0 1.02832395288 0.0
155.0 -3.67085102999 1.0
45.0 1.02647859464 0.0
97.0 -1.00258887437 1.0
20.0 -1.09242244613 1.0
65.0 -1.15391417073 1.0
115.0 0.948691993352 0.0
11.0 1.02707532238 0.0
12.0 -1.07513808124 1.0
134.0 0.977824948216 0.0
144.0 10.6120024078 0.0
29.0 -1.02500425607 1.0
146.0 0.767029907696 1.0
137.0 1.02200528472 0.0
59.0 -1.11274918895 1.0
122.0 -1.09036875196 1.0
187.0 -0.192522827449 0.0
66.0 0.968158783015 0.0
90.0 -1.06461228022 1.0
152.0 -1.64339990083 1.0
6.0 0.961632562566 0.0
191.0 4.80650300751 1.0
119.0 -1.05252911547 1.0
133.0 -1.16543466872 1.0
151.0 1.79913539062 0.0
132.0 -1.09636570149 1.0
167.0 -0.392303727802 0.0
121.0 1.00881689628 0.0
163.0 0.326043115869 0.0
27.0 0.943674592335 0.0
object 63	1.0:0.5 0.295960197401:0.5
176.0 -1.1718020354 0.0
120.0 0.318959894523 1.0
129.0 0.282073352773 1.0
105.0 0.214711937265 1.0
59.0 0.972956796721 0.0
124.0 0.243632738227 1.0
69.0 0.973451521898 0.0
7.0 1.03035909507 0.0
122.0 0.990155014944 0.0
135.0 0.195448759772 1.0
3.0 0.284720529623 1.0
118.0 0.94964853366 0.0
130.0 0.274265486579 1.0
21.0 1.06190042635 0.0
48.0 0.301658791691 1.0
71.0 0.356812484569 1.0
167.0 1.10934320663 0.0
89.0 0.306013126879 1.0
4.0 0.308073869546 1.0
47.0 1.01853956976 0.0
137.0 1.01219641204 0.0
29.0 1.00662058468 0.0
146.0 -0.408441162885 0.0
110.0 0.989463783931 0.0
78.0 0.358069093126 1.0
100.0 0.258072481217 1.0
119.0 0.229112312038 1.0
117.0 0.978566550133 0.0
190.0 -10.0753490549 0.0
164.0 -2.4717464591 0.0
125.0 1.02911082542 0.0
51.0 0.284018372031 1.0
104.0 0.27409584102 1.0
154.0 -0.98470680491 1.0
object 64	1.0:0.5 5.37721775269:0.5
19.0 5.39709170811 1.0
182.0 3.43498516805 1.0
114.0 5.37748382503 1.0
181.0 0.607110130763 1.0
195.0 0.675803629691 0.0
163.0 1.84361635008 0.0
58.0 5.26098547173 1.0
68.0 5.43061862457 1.0
85.0 1.01038200154 0.0
109.0 1.05328566107 0.0
151.0 -0.844231027821 0.0
75.0 1.04051949008 0.0
67.0 1.01982507597 0.0
157.0 0.930977266419 1.0
82.0 1.09360797967 0.0
11.0 5.3656089436 1.0
134.0 0.988299419506 0.0
132.0 5.39114333846 1.0
168.0 -2.5139247922 0.0
56.0 1.01767633177 0.0
187.0 5.33382498568 0.0
147.0 5.67559092808 1.0
108.0 5.41498634646 1.0
126.0 5.39787094371 1.0
2.0 0.977562091878 0.0
39.0 5.2892587655 1.0
80.0 0.992390870209 0.0
25.0 0.979383739481 0.0
0.0 1.02001118592 0.0
53.0 5.39920902586 1.0
13.0 5.43472958243 1.0
155.0 7.05033122632 1.0
97.0 5.44493784786 1.0
object 65	1.0:0.5 7.15526106097:0.5
28.0 0.913006108997 0.0
199.0 12.4455735669 1.0
127.0 7.13776582178 1.0
150.0 2.0803191173 0.0
80.0 7.15704520152 1.0
57.0 7.12877646694 1.0
155.0 4.80950370348 1.0
20.0 7.15590213581 1.0
52.0 1.01028835126 0.0
167.0 0.162046924277 0.0
160.0 9.02313134658 1.0
138.0 0.933240664065 0.0
40.0 0.91746061853 0.0
171.0 6.77733912827 1.0
99.0 7.16909011952 1.0
46.0 7.23511906177 1.0
169.0 -0.0655412971741 0.0
114.0 7.19422635493 1.0
134.0 1.01769229002 0.0
106.0 7.20519464858 1.0
170.0 12.5467386082 1.0
32.0 0.970393879199 0.0
41.0 7.23384487093 1.0
65.0 0.934980716978 0.0
object 66	1.0:0.5 -1.8661457825:0.5
160.0 1.47004228365 1.0
167.0 0.89280113473 0.0
104.0 -1.70613273174 1.0
90.0 0.994770456779 0.0
91.0 1.01347043085 0.0
83.0 -1.97047317016 1.0
28.0 -1.84188005289 1.0
93.0 0.932997771447 0.0
124.0 0.965696986994 0.0
79.0 -1.93791725638 1.0
117.0 -1.85447290358 1.0
96.0 -1.92760577468 1.0
120.0 -1.82965059437 1.0
56.0 -1.89522720792 1.0
136.0 -1.83466121189 1.0
123.0 1.0385306616 0.0
128.0 0.991303765217 0.0
74.0 -1.84553970808 1.0
76.0 -1.95787515919 1.0
175.0 0.257782497282 0.0
169.0 -4.69199590608 1.0
113.0 1.0297398373 0.0
158.0 -5.57696946794 1.0
70.0 -1.89569426925 1.0
75.0 0.99486987469 0.0
142.0 -3.32240054813 0.0
10.0 -1.83235747071 1.0
173.0 -5.43952339897 1.0
object 67	1.0:0.5 2.7148929361:0.5
136.0 2.72779365447 1.0
23.0 1.01337658783 0.0
182.0 -0.871559657096 0.0
21.0 2.69241810613 1.0
60.0 2.74785666354 1.0
152.0 3.9427823247 1.0
180.0 4.92168539874 1.0
145.0 4.19190891436 1.0
95.0 2.74596265617 1.0
8.0 1.04723707301 0.0
170.0 1.38940511634 1.0
126.0 1.04473510799 0.0
111.0 2.72741036682 1.0
150.0 1.7417278521 1.0
99.0 0.887210108911 0.0
196.0 -0.0487026546518 1.0
84.0 0.947941103827 0.0
10.0 2.69577878849 1.0
52.0 2.73211968746 1.0
142.0 0.437278713362 1.0
59.0 2.70655269698 1.0
33.0 1.02013837626 0.0
125.0 1.09931747232 0.0
7.0 0.929341395532 0.0
9.0 2.69713923863 1.0
20.0 2.62168608456 1.0
34.0 1.01763725073 0.0
96.0 2.69695037229 1.0
194.0 1.30182477091 0.0
130.0 1.01419599619 0.0
176.0 11.4370694508 0.0
197.0 6.00272777833 0.0
163.0 -0.76357425291 0.0
198.0 -3.06490834448 0.0
113.0 2.71206088417 1.0
132.0 2.66973155117 1.0
object 68	1.0:0.5 12.2302661958:0.5
117.0 12.2359916435 1.0
43.0 12.2199932431 1.0
7.0 1.00441806313 0.0
186.0 -0.32666123025 0.0
142.0 15.8221871672 1.0
58.0 0.961564520145 0.0
70.0 12.2320137859 1.0
155.0 -1.88484717736 0.0
27.0 12.1596429221 1.0
94.0 12.2214786054 1.0
172.0 14.5657039185 1.0
114.0 12.1773821038 1.0
136.0 12.2189225723 1.0
30.0 12.2084061654 1.0
2.0 12.2903893147 1.0
92.0 0.99162517635 0.0
46.0 12.3130641851 1.0
148.0 13.0651694916 1.0
121.0 12.2808274341 1.0
118.0 1.02407442748 0.0
31.0 1.030416994 0.0
165.0 0.406939751602 0.0
50.0 12.1556470293 1.0
194.0 9.53155729453 1.0
150.0 6.35016195634 0.0
20.0 12.3338567577 1.0
38.0 12.2540015469 1.0
66.0 12.1645331479 1.0
195.0 1.29010415645 0.0
145.0 -0.135952111698 0.0
132.0 1.008864187 0.0
88.0 0.984727185845 0.0
74.0 1.02953298507 0.0
object 69	1.0:0.5 21.8088801231:0.5
72.0 1.0046403275 0.0
75.0 0.95302237482 0.0
89.0 21.7810553654 1.0
46.0 1.01287907259 0.0
194.0 23.3823538584 1.0
125.0 21.8421678674 1.0
2.0 1.03229858505 0.0
182.0 23.1710514065 1.0
179.0 1.81934851987 0.0
93.0 21.7661186544 1.0
96.0 1.03717697071 0.0
50.0 21.8186464886 1.0
76.0 0.999519575409 0.0
129.0 21.784920552 1.0
5.0 0.922440632565 0.0
16.0 0.927917673475 0.0
64.0 21.8107008656 1.0
167.0 21.8237398531 1.0
145.0 1.40180616123 0.0
160.0 1.92348996089 0.0
158.0 16.794366476 1.0
33.0 1.02434215095 0.0
135.0 1.00913356923 0.0
164.0 18.3999044715 1.0
117.0 21.7887000196 1.0
191.0 24.7399432687 1.0
128.0 21.7388995118 1.0
197.0 20.201773949 1.0
126.0 1.07444036667 0.0
148.0 4.24651097007 0.0
134.0 0.903843066721 0.0
94.0 1.09015359165 0.0
161.0 -0.907593150492 0.0
4.0 21.8670662012 1.0
52.0 21.8125627651 1.0
112.0 0.992368468215 0.0
101.0 1.01713152037 0.0
122.0 0.946902012565 0.0
object 70	1.0:0.5 2.59106344322:0.5
55.0 0.922463034426 0.0
87.0 2.51772918125 1.0
149.0 -1.5553703065 0.0
97.0 2.53771526766 1.0
170.0 3.73899922396 1.0
127.0 2.66967212716 1.0
49.0 2.67448078363 1.0
60.0 1.00109812137 0.0
191.0 4.1689829732 1.0
58.0 1.04981606047 0.0
139.0 2.64420714365 1.0
174.0 -1.37698729332 0.0
194.0 4.66942500789 1.0
154.0 -0.247292949389 0.0
22.0 0.918217204151 0.0
103.0 2.65741931923 1.0
150.0 -0.859662492408 0.0
35.0 1.07556360169 0.0
169.0 -1.25335049364 0.0
166.0 0.897009265315 1.0
131.0 2.49454507686 1.0
190.0 -2.01372863319 1.0
152.0 0.822633287316 0.0
108.0 1.05184508033 0.0
85.0 0.99051686333 0.0
72.0 2.56406419957 1.0
69.0 0.983265445314 0.0
129.0 1.03182197221 0.0
13.0 1.00649058028 0.0
10.0 2.44569623035 1.0
16.0 1.00378275469 0.0
21.0 2.64095698608 1.0
51.0 2.60601601109 1.0
object 71	1.0:0.5 8.08920573718:0.5
190.0 2.18851447106 0.0
106.0 1.00660445231 0.0
102.0 8.02459308704 1.0
62.0 1.01007399413 0.0
80.0 0.980323450043 0.0
104.0 1.08242104299 0.0
115.0 8.11356521671 1.0
60.0 0.897079308704 0.0
36.0 0.93278889064 0.0
159.0 6.97405572321 1.0
48.0 8.10657963349 1.0
72.0 1.03244324899 0.0
147.0 5.75904896116 1.0
57.0 1.02498841871 0.0
154.0 6.91379660202 1.0
130.0 8.0930606387 1.0
30.0 0.998022125971 0.0
176.0 3.07707093363 1.0
195.0 9.5191359052 1.0
192.0 6.89047880031 1.0
103.0 1.02571648061 0.0
5.0 0.985247999892 0.0
97.0 1.01531152621 0.0
77.0 0.925520950623 0.0
19.0 1.04906051294 0.0
133.0 8.12510007218 1.0
54.0 0.970800489778 0.0
29.0 0.98404823221 0.0
4.0 1.03065052381 0.0
14.0 8.02581353727 1.0
124.0 8.13343221182 1.0
object 72	1.0:0.5 -16.865582099:0.5
118.0 1.06465238692 0.0
34.0 1.00462865659 0.0
123.0 -16.813273372 1.0
104.0 0.949737557356 0.0
163.0 3.72652239248 0.0
92.0 -16.8350695167 1.0
48.0 -16.7903206716 1.0
2.0 0.969158910659 0.0
90.0 -16.8535512352 1.0
171.0 -0.325903920426 0.0
197.0 -10.9129352826 1.0
170.0 -19.7151429074 1.0
102.0 0.994262127009 0.0
33.0 -16.9472377971 1.0
144.0 -18.9163010977 1.0
156.0 -14.9748432282 1.0
79.0 -16.8293760257 1.0
131.0 -16.8181300541 1.0
124.0 0.975873087291 0.0
168.0 -0.523422228257 0.0
177.0 1.25257892823 0.0
89.0 -16.9269873295 1.0
150.0 -19.9082972278 1.0
object 73	1.0:0.5 -7.70327886215:0.5
178.0 -5.67990936824 1.0
181.0 -2.88927935366 1.0
131.0 -7.79843947343 1.0
114.0 1.10114956173 0.0
36.0 -7.74912118909 1.0
99.0 1.01046770335 0.0
156.0 0.186276784343 0.0
164.0 -2.22377097724 0.0
61.0 -7.70805703492 1.0
26.0 1.03606438188 0.0
22.0 -7.79071798188 1.0
32.0 -7.71666008208 1.0
65.0 1.042160109 0.0
8.0 1.1306810675 0.0
168.0 -7.60879197941 1.0
153.0 -5.49466964919 1.0
162.0 -10.5360446121 1.0
101.0 1.00315813888 0.0
6.0 0.96705072897 0.0
116.0 0.945018620871 0.0
100.0 1.07815979971 0.0
object 74	1.0:0.5 0.747024536613:0.5
199.0 0.511312072384 1.0
107.0 0.988678355676 0.0
125.0 0.749833259247 1.0
173.0 -0.408777292482 0.0
140.0 3.42757077181 0.0
29.0 0.993157416288 0.0
138.0 0.684439868997 1.0
162.0 0.940683449902 1.0
59.0 0.763852869696 1.0
129.0 0.948173156837 0.0
57.0 0.79864978233 1.0
104.0 0.687210809658 1.0
9.0 0.745179905035 1.0
190.0 -7.53010401311 1.0
146.0 -3.86274931305 0.0
64.0 0.654411177251 1.0
21.0 0.992735423017 0.0
96.0 1.04548829864 0.0
131.0 0.677203980179 1.0
165.0 8.04536888216 1.0
62.0 0.814620694008 1.0
195.0 0.193959118031 0.0
0.0 0.794239756362 1.0
object 75	1.0:0.5 13.9274717086:0.5
91.0 0.960738162267 0.0
85.0 13.8650793934 1.0
37.0 0.976665662939 0.0
14.0 13.9209178459 1.0
115.0 1.09322953869 0.0
13.0 0.899430858365 0.0
96.0 1.08770450798 0.0
143.0 1.42580964712 0.0
87.0 1.03589732402 0.0
131.0 14.0366613884 1.0
75.0 0.927626897179 0.0
23.0 13.8693268795 1.0
118.0 13.9136454478 1.0
161.0 14.4436761901 1.0
8.0 1.06625219992 0.0
99.0 0.994437505303 0.0
177.0 11.8967508983 1.0
60.0 13.9554360612 1.0
63.0 0.975350621107 0.0
126.0 13.995797032 1.0
33.0 13.9357217223 1.0
83.0 0.991814062691 0.0
196.0 13.76182818 1.0
121.0 0.914544440237 0.0
51.0 14.0083672081 1.0
181.0 12.5960200317 1.0
144.0 15.8457295506 1.0
62.0 0.982283375106 0.0
98.0 0.909906308138 0.0
197.0 9.22770727048 1.0
173.0 16.0332711582 1.0
object 76	1.0:0.5 -3.74279428611:0.5
159.0 0.41612925322 0.0
7.0 0.988490159362 0.0
129.0 -3.82979550334 1.0
194.0 2.10624470496 0.0
39.0 1.04454784604 0.0
12.0 0.98233887597 0.0
100.0 -3.78648170718 1.0
87.0 -3.66892638079 1.0
103.0 -3.67566228333 1.0
166.0 -0.703369374179 0.0
146.0 3.26421692185 0.0
173.0 -1.17138230211 1.0
187.0 -4.22286191872 1.0
123.0 -3.73784392933 1.0
48.0 1.02332111889 0.0
40.0 -3.75126975632 1.0
66.0 -3.74718919045 1.0
63.0 -3.84363407788 1.0
153.0 -0.334135115917 1.0
71.0 0.949877094569 0.0
120.0 -3.74266473933 1.0
25.0 0.941016398859 0.0
44.0 1.01275185424 0.0
169.0 -0.610032061612 1.0
181.0 -6.70045934452 1.0
180.0 -1.10050929826 0.0
35.0 -3.77038003139 1.0
156.0 -3.37438449493 1.0
149.0 2.61422474918 0.0
30.0 1.04773120089 0.0
object 77	1.0:0.5 -2.31865798322:0.5
157.0 -1.968101437 1.0
78.0 -2.26660669981 1.0
172.0 -1.67293581373 0.0
132.0 1.11509441513 0.0
11.0 1.01504122439 0.0
49.0 -2.31578488617 1.0
142.0 0.564870948839 0.0
107.0 -2.33354337688 1.0
2.0 0.886477886184 0.0
175.0 3.22253992359 0.0
20.0 0.981629844186 0.0
191.0 5.37327122615 0.0
64.0 -2.26903968865 1.0
105.0 -2.41252017835 1.0
81.0 -2.36666236849 1.0
80.0 0.926631274732 0.0
130.0 -2.27594876428 1.0
8.0 -2.39337162279 1.0
70.0 0.984443792146 0.0
119.0 -2.30004248099 1.0
57.0 1.04077382106 0.0
34.0 -2.32837709551 1.0
135.0 -2.39461174341 1.0
146.0 -1.09607324242 1.0
198.0 -0.555167209021 0.0
163.0 -3.75589513323 1.0
134.0 1.05982237537 0.0
188.0 -1.52692971568 1.0
object 78	1.0:0.5 15.1962524713:0.5
169.0 1.33939614179 0.0
171.0 1.87843031161 0.0
152.0 0.854803575371 0.0
73.0 15.2709381073 1.0
38.0 1.0358412774 0.0
183.0 -1.65432963204 0.0
110.0 1.02092285453 0.0
116.0 15.1525541401 1.0
163.0 15.8251177895 1.0
88.0 1.00350468368 0.0
47.0 1.11788379861 0.0
67.0 15.132641077 1.0
182.0 0.0995284929129 0.0
99.0 15.2152544601 1.0
16.0 1.02435672905 0.0
112.0 15.1273311883 1.0
177.0 0.438330989059 0.0
21.0 1.03894049956 0.0
128.0 15.2177834221 1.0
180.0 16.9118613955 1.0
65.0 0.967161665395 0.0
51.0 1.08143351569 0.0
164.0 4.06611530811 0.0
object 79	1.0:0.5 7.64329084614:0.5
29.0 1.03031114254 0.0
182.0 0.788444677806 0.0
118.0 7.60259728339 1.0
88.0 0.996116564095 0.0
68.0 7.64979895335 1.0
10.0 1.00128607797 0.0
59.0 7.61583769472 1.0
86.0 0.972442186403 0.0
103.0 7.68028282702 1.0
8.0 7.66816925217 1.0
129.0 7.60771448405 1.0
179.0 1.32558171142 0.0
33.0 7.63079969771 1.0
19.0 0.920789303145 0.0
158.0 12.3868708312 0.0
198.0 3.01046162658 1.0
119.0 1.03871323685 0.0
52.0 0.870421067705 0.0
45.0 7.67583012467 1.0
81.0 7.64059218094 1.0
104.0 7.63393626393 1.0
146.0 5.16544598042 1.0
164.0 -0.848183070582 0.0
178.0 8.01807769062 1.0
62.0 1.01783426511 0.0
155.0 2.0344768753 0.0
148.0 10.174664419 1.0
123.0 1.08324481039 0.0
27.0 1.00179660326 0.0
67.0 0.956594977796 0.0
object 80	1.0:0.5 -0.468573584567:0.5
149.0 -0.437229995722 1.0
175.0 0.168534359321 0.0
126.0 -0.478438837095 1.0
142.0 2.065411751 0.0
160.0 -1.91745182513 1.0
195.0 0.829823838342 0.0
12.0 1.09774783941 0.0
124.0 0.986342558718 0.0
118.0 1.01570224485 0.0
169.0 -0.581877415579 1.0
167.0 0.919688390013 1.0
23.0 -0.488112419417 1.0
198.0 1.43406732952 0.0
6.0 1.03049736345 0.0
120.0 1.02585517256 0.0
98.0 0.903891396043 0.0
1.0 -0.409483505845 1.0
171.0 1.37800364027 0.0
64.0 -0.440543851055 1.0
115.0 1.0711163059 0.0
object 81	1.0:0.5 1.34134780251:0.5
48.0 1.00060030539 0.0
147.0 -2.65324307609 0.0
143.0 1.20686852098 0.0
91.0 1.38995343296 1.0
14.0 1.31180590894 1.0
140.0 -0.0872841402023 0.0
2.0 1.00976825188 0.0
78.0 1.06677308281 0.0
46.0 1.00676625766 0.0
177.0 0.0445149312483 0.0
33.0 1.0496161817 0.0
27.0 1.0745562515 0.0
32.0 1.03371521988 0.0
124.0 1.05912808061 0.0
119.0 1.00407192942 0.0
19.0 1.32210103751 1.0
59.0 1.27837718075 1.0
68.0 0.950681044869 0.0
75.0 0.978524220501 0.0
168.0 -4.74943777744 1.0
66.0 0.8442604432 0.0
86.0 1.3559864021 1.0
98.0 0.947569389704 0.0
0.0 1.38722055353 1.0
50.0 1.34127524653 1.0
146.0 4.45576970729 1.0
192.0 1.27306009769 1.0
58.0 1.36699111484 1.0
63.0 1.00928557104 0.0
144.0 -4.50449965174 0.0
176.0 0.789879552021 1.0
42.0 0.955298083215 0.0
138.0 0.946351473332 0.0
132.0 0.971517915548 0.0
object 82	1.0:0.5 -3.71828002401:0.5
161.0 -3.9325099904 1.0
107.0 1.02055558489 0.0
157.0 4.78524393477 0.0
4.0 1.09923833519 0.0
149.0 -0.438411690355 1.0
113.0 0.979095403059 0.0
15.0 -3.72794421294 1.0
162.0 -5.06828472367 1.0
18.0 0.992944459183 0.0
146.0 -1.09798574368 0.0
135.0 1.0041311297 0.0
179.0 -3.16278841416 1.0
100.0 1.11102154569 0.0
180.0 -0.799391750966 1.0
182.0 2.60999245674 0.0
43.0 1.07913563394 0.0
40.0 0.948637315414 0.0
77.0 1.02964207247 0.0
7.0 -3.82053865673 1.0
148.0 -2.46712708573 1.0
63.0 -3.71110191839 1.0
30.0 0.993935869919 0.0
115.0 1.05735173259 0.0
22.0 0.968429465865 0.0
132.0 -3.78047530916 1.0
128.0 1.01657551867 0.0
11.0 1.03953956313 0.0
121.0 1.02675590312 0.0
193.0 -5.36604482624 1.0
55.0 0.991440412321 0.0
172.0 -2.67521208821 1.0
64.0 0.971688460101 0.0
89.0 1.00830118114 0.0
object 83	1.0:0.5 10.3040464438:0.5
196.0 13.1239439192 1.0
31.0 0.916109365378 0.0
118.0 10.2771149325 1.0
32.0 1.01863848735 0.0
81.0 10.261002726 1.0
82.0 1.02282128756 0.0
100.0 10.2283974491 1.0
124.0 10.3156504247 1.0
52.0 1.0476955748 0.0
6.0 1.07081770874 0.0
197.0 8.65353612132 1.0
120.0 10.3419588246 1.0
131.0 1.00934887456 0.0
146.0 -1.63429152841 0.0
63.0 0.968801804674 0.0
132.0 10.2143718604 1.0
62.0 10.3097711152 1.0
56.0 10.2653213472 1.0
8.0 0.900055005626 0.0
102.0 0.986791596406 0.0
30.0 0.988219761514 0.0
145.0 10.2194997445 1.0
88.0 0.982308207488 0.0
179.0 2.00137237247 0.0
48.0 1.04302137239 0.0
object 84	1.0:0.5 4.61447601892:0.5
86.0 0.997395103431 0.0
89.0 1.09900746179 0.0
20.0 0.963042860839 0.0
35.0 0.947505976254 0.0
2.0 4.54267238119 1.0
104.0 1.07846373195 0.0
112.0 0.993799716532 0.0
33.0 4.58460259126 1.0
53.0 4.61994704071 1.0
28.0 4.54677988379 1.0
160.0 2.5222285967 0.0
163.0 0.0835904254039 0.0
98.0 4.47844303121 1.0
42.0 4.63142454981 1.0
90.0 1.07927276198 0.0
128.0 0.978076860467 0.0
48.0 4.58192529427 1.0
187.0 -0.425383672661 0.0
192.0 -0.608234256422 0.0
114.0 1.01531371498 0.0
190.0 -2.21860588639 1.0
27.0 4.56924938095 1.0
159.0 1.16084423527 0.0
188.0 1.99686221049 0.0
122.0 1.0783584889 0.0
185.0 5.25170736089 1.0
94.0 0.987304953699 0.0
100.0 0.923662893122 0.0
30.0 4.59347685819 1.0
26.0 0.96077363724 0.0
191.0 -9.10946014116 0.0
object 85	1.0:0.5 8.40163583346:0.5
168.0 0.372433979002 0.0
113.0 1.05020147518 0.0
96.0 1.03921832916 0.0
151.0 -8.74086619824 0.0
78.0 1.05334706126 0.0
97.0 1.01197894161 0.0
66.0 8.36745291801 1.0
157.0 6.7871193714 0.0
170.0 10.4916123182 1.0
9.0 0.965469044317 0.0
141.0 7.81517106203 1.0
15.0 0.919035764331 0.0
187.0 8.30363303816 1.0
181.0 -0.00578455357723 0.0
45.0 1.10346315295 0.0
165.0 10.5815372933 1.0
1.0 8.38137902988 1.0
130.0 1.06244423892 0.0
23.0 1.02696710453 0.0
177.0 -0.857924416523 0.0
88.0 0.98982563611 0.0
166.0 6.68829432602 1.0
144.0 11.2288642297 1.0
35.0 0.980622053439 0.0
8.0 0.997833830348 0.0
52.0 1.0234136477 0.0
76.0 1.04089566473 0.0
object 86	1.0:0.5 5.06393400324:0.5
133.0 0.981057314203 0.0
87.0 0.90892682649 0.0
59.0 1.07763329228 0.0
159.0 5.99740153497 1.0
113.0 0.905991296475 0.0
150.0 1.74923656014 0.0
186.0 3.54553373351 1.0
53.0 5.05696616547 1.0
177.0 6.31135116433 1.0
46.0 5.01661764247 1.0
77.0 4.98338047773 1.0
58.0 1.01914661942 0.0
148.0 0.260872372158 0.0
196.0 -1.14920128037 0.0
76.0 5.14757894455 1.0
129.0 5.08944355975 1.0
69.0 5.03218643284 1.0
101.0 0.846176847288 0.0
4.0 5.08656127332 1.0
57.0 5.01239568519 1.0
173.0 5.42827313527 1.0
22.0 5.08041934844 1.0
90.0 1.09327584318 0.0
157.0 1.45526337715 1.0
171.0 1.47833003629 0.0
140.0 1.32842971682 0.0
73.0 1.07183235673 0.0
131.0 0.929144486674 0.0
99.0 5.08420564351 1.0
163.0 -1.25633996722 0.0
63.0 1.00189281871 0.0
134.0 5.05396087957 1.0
156.0 0.799418044086 0.0
106.0 5.13245141514 1.0
158.0 4.03289046116 0.0
100.0 0.928993473689 0.0
67.0 5.12251292835 1.0
78.0 0.952947426164 0.0
14.0 5.06691196714 1.0
20.0 1.0367113669 0.0
object 87	1.0:0.5 -6.71258250655:0.5
82.0 1.04387147461 0.0
91.0 -6.70282952247 1.0
156.0 -5.87868394657 1.0
164.0 -8.583263652 1.0
129.0 -6.73778894324 1.0
6.0 -6.67534661241 1.0
136.0 -6.69368668353 1.0
160.0 -3.02455942005 1.0
13.0 -6.70366218457 1.0
5.0 -6.77389293055 1.0
180.0 0.257747703009 0.0
3.0 0.979208710484 0.0
148.0 0.617504959866 0.0
184.0 3.03138568455 0.0
118.0 -6.69379536643 1.0
159.0 -6.61702229105 1.0
198.0 -6.88004058678 1.0
171.0 -10.276502608 1.0
14.0 1.0127257689 0.0
72.0 0.937525870363 0.0
12.0 0.982333383758 0.0
185.0 -2.20423788329 0.0
53.0 -6.67314828539 1.0
93.0 0.977144247509 0.0
75.0 0.963357989974 0.0
87.0 1.04794322413 0.0
145.0 1.11606686331 0.0
52.0 1.05918071893 0.0
32.0 0.943792706348 0.0
object 88	1.0:0.5 14.701634336:0.5
139.0 14.6822157056 1.0
112.0 14.6308587834 1.0
50.0 0.987025436444 0.0
186.0 16.0167747367 1.0
153.0 2.46698104769 0.0
108.0 14.7162547425 1.0
167.0 14.8909911127 1.0
116.0 14.6427015692 1.0
109.0 14.6735755651 1.0
75.0 1.00569845004 0.0
124.0 14.6921618163 1.0
195.0 2.10110129079 0.0
150.0 5.12364730049 0.0
42.0 14.6976676471 1.0
62.0 0.963236748015 0.0
114.0 14.6997516874 1.0
17.0 1.04149630242 0.0
170.0 1.35080503223 0.0
181.0 14.7343727015 1.0
115.0 14.6256342202 1.0
147.0 12.412177567 1.0
122.0 0.962363403635 0.0
object 89	1.0:0.5 9.36634716185:0.5
188.0 6.37218726966 1.0
58.0 1.01920082143 0.0
165.0 -1.23264898958 0.0
4.0 1.01206959835 0.0
150.0 3.6220577529 0.0
86.0 1.01123972425 0.0
39.0 9.41898086535 1.0
149.0 7.33000339263 1.0
116.0 1.01253787217 0.0
90.0 0.999806788568 0.0
83.0 9.35719771453 1.0
121.0 1.05915371706 0.0
97.0 9.42401134164 1.0
6.0 1.00209987345 0.0
38.0 9.36592857801 1.0
183.0 6.49488303811 1.0
41.0 9.32711006735 1.0
36.0 1.03027762427 0.0
35.0 9.4720997727 1.0
78.0 1.03250417018 0.0
94.0 9.28205713724 1.0
91.0 9.25409804299 1.0
24.0 9.43853182741 1.0
33.0 0.99606002111 0.0
69.0 1.01901518574 0.0
131.0 9.36118653533 1.0
104.0 9.31953684199 1.0
23.0 1.02406258906 0.0
134.0 9.34148183541 1.0
64.0 0.975087835171 0.0
112.0 9.43548426293 1.0
186.0 6.30191011679 1.0
88.0 1.01075375585 0.0
178.0 4.22653278331 0.0
18.0 0.991924298537 0.0
object 90	1.0:0.5 -4.97383555936:0.5
24.0 1.01389232368 0.0
31.0 -5.01152963793 1.0
177.0 -6.11166033142 1.0
153.0 0.328763993584 0.0
113.0 0.971699271192 0.0
130.0 -4.91469432255 1.0
69.0 -5.02792517553 1.0
26.0 -4.96784605444 1.0
106.0 -4.92787151404 1.0
62.0 0.965213568731 0.0
138.0 -5.01763239181 1.0
95.0 -5.00237662736 1.0
44.0 -4.95140158481 1.0
191.0 0.146183628018 0.0
174.0 -8.13246510187 1.0
30.0 1.02610971981 0.0
0.0 1.04994795611 0.0
12.0 0.979646403943 0.0
59.0 1.01978038655 0.0
40.0 1.02167522871 0.0
198.0 -3.73691635882 0.0
147.0 -5.11464965114 0.0
124.0 -4.98501420528 1.0
107.0 1.11441616963 0.0
181.0 -8.37633907757 1.0
6.0 -5.00494086 1.0
19.0 -4.94094700965 1.0
161.0 0.945152877936 0.0
13.0 -4.95441543619 1.0
142.0 2.32230134852 0.0
93.0 0.971987666528 0.0
128.0 0.993046722946 0.0
139.0 1.02364252224 0.0
object 91	1.0:0.5 5.517299972:0.5
62.0 5.6022958403 1.0
11.0 0.967023630113 0.0
84.0 5.44117992889 1.0
13.0 1.07804900149 0.0
57.0 5.52210497628 1.0
81.0 5.52541837983 1.0
49.0 1.01901040279 0.0
127.0 0.917181516796 0.0
181.0 5.08215727339 1.0
130.0 5.44570849726 1.0
47.0 1.01736307706 0.0
144.0 -5.30244720139 0.0
23.0 5.43151149519 1.0
157.0 -7.26332300474 0.0
65.0 1.03846642878 0.0
140.0 5.93807853923 1.0
94.0 1.02700128665 0.0
183.0 -2.17222841459 1.0
50.0 1.0361968328 0.0
3.0 5.54108504872 1.0
74.0 5.49365118142 1.0
5.0 1.03383282475 0.0
63.0 1.05247619631 0.0
68.0 1.04194078816 0.0
125.0 0.97943414868 0.0
15.0 0.915105106115 0.0
36.0 0.983827559706 0.0
152.0 1.51979250291 0.0
object 92	1.0:0.5 8.93022555491:0.5
37.0 8.90966757147 1.0
96.0 8.87032350799 1.0
142.0 11.3408707372 1.0
75.0 1.01607296965 0.0
94.0 8.96740421446 1.0
6.0 0.979993725788 0.0
128.0 0.969201803209 0.0
53.0 1.00526544166 0.0
80.0 9.00506182874 1.0
132.0 1.04060163521 0.0
119.0 0.990800739345 0.0
49.0 1.0748369221 0.0
5.0 0.95851318926 0.0
183.0 3.31289601415 0.0
144.0 23.0037294701 1.0
69.0 0.98960483488 0.0
40.0 1.08953124917 0.0
32.0 8.85208490664 1.0
181.0 4.30824082936 0.0
103.0 8.99543934485 1.0
object 93	1.0:0.5 10.5542257342:0.5
100.0 1.00055358061 0.0
178.0 11.2556479341 1.0
25.0 10.5376166416 1.0
70.0 1.12828104676 0.0
191.0 5.54087894837 0.0
147.0 12.2823207808 1.0
79.0 1.00627433193 0.0
46.0 10.5924988762 1.0
53.0 10.5686485475 1.0
49.0 10.5180380787 1.0
184.0 1.74867679445 0.0
162.0 10.468809208 1.0
171.0 11.0643208618 1.0
177.0 10.1172249195 1.0
186.0 -1.01080404178 0.0
91.0 1.02464243286 0.0
11.0 10.5787326692 1.0
84.0 1.05821362525 0.0
157.0 10.2066896686 0.0
39.0 1.02032831026 0.0
153.0 6.13685450905 0.0
48.0 1.02935575819 0.0
1.0 10.5889730211 1.0
6.0 10.6117788234 1.0
125.0 1.0279906347 0.0
140.0 10.6715450263 1.0
126.0 10.4836153047 1.0
166.0 9.10536340191 1.0
168.0 13.0928577444 1.0
40.0 10.6186312747 1.0
120.0 10.525251545 1.0
object 94	1.0:0.5 4.34024521913:0.5
192.0 6.54170415601 1.0
76.0 4.34076055871 1.0
77.0 4.33581496 1.0
43.0 4.34181777594 1.0
29.0 4.3362078844 1.0
93.0 4.22525550763 1.0
50.0 1.01552893844 0.0
6.0 0.984791667006 0.0
108.0 4.32998757563 1.0
148.0 -1.64565035128 0.0
181.0 2.62461429147 0.0
4.0 4.35954191001 1.0
115.0 4.24885686358 1.0
170.0 5.54689180924 1.0
53.0 1.00054846858 0.0
91.0 4.40714438081 1.0
189.0 -0.760112269341 0.0
138.0 4.32185565931 1.0
97.0 4.23373317323 1.0
162.0 -1.26362290384 0.0
83.0 1.05220143345 0.0
136.0 4.27941184972 1.0
120.0 0.977301323841 0.0
12.0 4.28369578242 1.0
163.0 3.74096266791 1.0
132.0 4.41587197463 1.0
78.0 0.904999515021 0.0
102.0 4.36078037425 1.0
object 95	1.0:0.5 15.7515281052:0.5
6.0 15.6881433925 1.0
177.0 0.601311280332 0.0
187.0 -0.421330389827 0.0
20.0 15.7456230617 1.0
105.0 0.983005551131 0.0
115.0 15.7923508527 1.0
123.0 15.6927962105 1.0
53.0 0.924555726513 0.0
130.0 0.917379213662 0.0
86.0 15.7443894701 1.0
13.0 0.927496638903 0.0
124.0 0.99876147614 0.0
121.0 15.6388236605 1.0
176.0 2.18191414315 0.0
106.0 15.6902337918 1.0
109.0 15.7612229937 1.0
29.0 15.8592607429 1.0
45.0 15.7745693835 1.0
0.0 0.965937012629 0.0
107.0 15.7391718394 1.0
192.0 14.9720642057 1.0
16.0 15.926762521 1.0
144.0 -4.0839724886 0.0
24.0 15.7572622097 1.0
1.0 15.7178626697 1.0
98.0 0.990932695661 0.0
80.0 1.04915845289 0.0
84.0 15.7839973244 1.0
196.0 -4.2150297689 0.0
object 96	1.0:0.5 12.6538334502:0.5
18.0 0.998290147596 0.0
78.0 1.10707080347 0.0
26.0 12.6386433899 1.0
162.0 4.64969391101 0.0
13.0 0.897725353335 0.0
109.0 12.6611570107 1.0
152.0 1.10835978169 0.0
126.0 0.989622059045 0.0
194.0 1.18071356508 0.0
48.0 0.942454369234 0.0
174.0 12.330915975 1.0
70.0 1.07176806473 0.0
97.0 0.991985933824 0.0
12.0 1.04101320197 0.0
88.0 12.7018357401 1.0
192.0 12.4120483903 1.0
45.0 12.7052539043 1.0
68.0 12.6174830621 1.0
46.0 12.6763424526 1.0
188.0 10.5531728435 1.0
86.0 12.6526717678 1.0
36.0 1.04204243542 0.0
125.0 12.6410894138 1.0
93.0 12.7181878561 1.0
30.0 12.6437523851 1.0
143.0 -1.27811217688 0.0
72.0 12.6870960783 1.0
146.0 -3.70957374512 0.0
142.0 1.86858492876 1.0
84.0 1.04073577052 0.0
111.0 0.928566085459 0.0
117.0 1.03285603681 0.0
80.0 0.967677165778 0.0
object 97	1.0:0.5 21.6279496715:0.5
117.0 21.6430391953 1.0
150.0 -0.627332153492 0.0
87.0 0.873577379693 0.0
126.0 0.951018264017 0.0
7.0 0.974486227972 0.0
0.0 21.6013717688 1.0
10.0 21.6640460404 1.0
185.0 29.2797583523 1.0
79.0 1.08543933192 0.0
70.0 1.00737629207 0.0
148.0 2.59724984206 0.0
67.0 21.5894513732 1.0
113.0 21.5957737412 1.0
27.0 0.945628769473 0.0
120.0 21.6832509417 1.0
81.0 21.6737457708 1.0
98.0 1.0158904891 0.0
176.0 4.69020511221 0.0
154.0 19.2103259394 1.0
195.0 0.833984284944 0.0
57.0 21.6709571918 1.0
114.0 21.6335841465 1.0
160.0 1.55210309681 0.0
68.0 0.933354095342 0.0
172.0 22.4721312536 1.0
199.0 2.19741934262 0.0
144.0 16.9702506242 1.0
189.0 27.6842433732 1.0
127.0 21.6113106788 1.0
object 98	1.0:0.5 4.36190477824:0.5
191.0 2.18406614138 1.0
78.0 1.05339886251 0.0
35.0 0.971291011521 0.0
141.0 4.05771310724 1.0
138.0 1.00311876241 0.0
199.0 8.73899025091 1.0
190.0 4.49093538829 0.0
86.0 0.979202929474 0.0
71.0 0.985997863892 0.0
29.0 0.973740413339 0.0
110.0 1.07022175589 0.0
11.0 1.00952691898 0.0
50.0 4.42745096372 1.0
68.0 0.983783585105 0.0
198.0 2.04092165934 1.0
137.0 4.39252703859 1.0
4.0 4.29168485663 1.0
102.0 0.918836766084 0.0
49.0 0.945552864696 0.0
105.0 1.01971444899 0.0
30.0 0.955136443689 0.0
94.0 4.40405274475 1.0
103.0 4.31449023095 1.0
38.0 0.880727124295 0.0
177.0 2.25634570991 0.0
80.0 4.39547395244 1.0
33.0 0.908051323303 0.0
154.0 5.16278565769 1.0
197.0 -5.72862143881 1.0
63.0 4.36424803136 1.0
133.0 1.06520315458 0.0
93.0 4.36357801263 1.0
107.0 0.899286480773 0.0
26.0 4.27423066879 1.0
106.0 0.952474050062 0.0
161.0 -0.467132345983 0.0
163.0 0.565956337162 0.0
36.0 4.44080787277 1.0
22.0 4.42122456631 1.0
108.0 4.31994289017 1.0
object 99	1.0:0.5 -7.44826705378:0.5
48.0 -7.45334178842 1.0
183.0 -9.94016907884 1.0
176.0 2.36591171586 0.0
103.0 -7.35826063536 1.0
69.0 1.0168524093 0.0
184.0 0.898053278118 0.0
18.0 0.928758777864 0.0
125.0 -7.4335061872 1.0
163.0 0.785887008505 0.0
106.0 1.04500490684 0.0
195.0 0.257590405044 0.0
136.0 0.939366585729 0.0
122.0 1.07034983396 0.0
33.0 -7.45808206868 1.0
139.0 -7.46535732476 1.0
99.0 -7.55180192001 1.0
74.0 1.04195042204 0.0
102.0 -7.45129875648 1.0
167.0 -6.83188683335 1.0
178.0 -14.0310670153 1.0
186.0 -2.73039738013 0.0
197.0 -5.36008479664 0.0
15.0 -7.43984065709 1.0
142.0 -10.5274433265 0.0
111.0 -7.46621282318 1.0
194.0 -8.89495468882 1.0
80.0 -7.48811231591 1.0
199.0 2.74906573934 0.0
25.0 -7.38312509372 1.0
190.0 -5.69292390091 0.0
180.0 -3.13552164117 1.0
52.0 0.933616285462 0.0
91.0 -7.47458863227 1.0
168.0 0.633015260755 0.0
76.0 -7.47153516995 1.0
101.0 1.02922575663 0.0
129.0 -7.47134180231 1.0
