object 0	1.0:1.0
116.0 1.00781977175 1.0
66.0 0.944063832865 1.0
161.0 -0.0894453301122 1.0
3.0 0.989805317383 1.0
55.0 1.00036831194 1.0
191.0 0.317769421175 1.0
object 1	1.0:1.0
26.0 0.987247470748 1.0
36.0 0.994357837457 1.0
153.0 2.02669535803 1.0
183.0 4.31515246511 1.0
103.0 1.01110842845 1.0
19.0 1.00481423135 1.0
143.0 -1.74552748918 1.0
object 2	1.0:1.0
34.0 0.998679061237 1.0
129.0 0.967083192 1.0
111.0 1.07418604219 1.0
101.0 1.0184954787 1.0
87.0 1.02663405997 1.0
49.0 1.01453792253 1.0
76.0 0.933268655167 1.0
35.0 0.946219884824 1.0
153.0 -0.210891212039 1.0
15.0 0.97561101644 1.0
109.0 1.06319597806 1.0
108.0 0.997459517962 1.0
116.0 1.02577451052 1.0
171.0 5.8340791833 1.0
object 3	1.0:1.0
46.0 1.00511265734 1.0
168.0 0.699565217584 1.0
17.0 0.964259931702 1.0
20.0 0.999515269179 1.0
141.0 -0.120624621319 1.0
116.0 0.986491101961 1.0
118.0 0.961666778483 1.0
139.0 1.01016647661 1.0
object 4	1.0:1.0
66.0 1.00243107702 1.0
15.0 0.993485793166 1.0
164.0 2.93066639071 1.0
123.0 0.98020779576 1.0
20.0 0.985370360905 1.0
object 5	1.0:1.0
110.0 0.985153586045 1.0
180.0 2.94037596373 1.0
131.0 0.994169990493 1.0
76.0 1.09030271022 1.0
object 6	1.0:1.0
98.0 0.997633601013 1.0
115.0 0.992388942753 1.0
13.0 0.950634657003 1.0
110.0 0.982389630537 1.0
137.0 1.03188054009 1.0
59.0 1.04255739751 1.0
165.0 0.305079075887 1.0
object 7	1.0:1.0
91.0 0.982977539699 1.0
38.0 1.01321571692 1.0
93.0 1.0105127658 1.0
166.0 8.43205681705 1.0
64.0 1.00064557011 1.0
55.0 1.01333692811 1.0
102.0 0.969896789892 1.0
195.0 2.84977754977 1.0
98.0 0.955847907737 1.0
object 8	1.0:1.0
14.0 1.02063129436 1.0
82.0 1.03462611489 1.0
80.0 0.953965993389 1.0
26.0 1.01726504141 1.0
63.0 1.0051990622 1.0
191.0 -0.500228924033 1.0
72.0 1.06747275702 1.0
161.0 1.29643633583 1.0
object 9	1.0:1.0
155.0 2.29915578121 1.0
34.0 1.03242377894 1.0
191.0 1.31680663714 1.0
82.0 0.989012900998 1.0
143.0 5.35798596904 1.0
object 10	1.0:1.0
93.0 1.00023933836 1.0
63.0 0.995415220349 1.0
100.0 0.983832599009 1.0
109.0 1.02496138574 1.0
object 11	1.0:1.0
81.0 0.93374480252 1.0
74.0 1.03152030101 1.0
160.0 -1.71744775369 1.0
179.0 1.70058980745 1.0
175.0 6.41926384679 1.0
115.0 1.01276301654 1.0
120.0 0.968149913988 1.0
86.0 0.986403512686 1.0
43.0 0.950137591138 1.0
50.0 1.01848721634 1.0
object 12	1.0:1.0
14.0 0.984951245271 1.0
181.0 1.60800893987 1.0
65.0 0.980471311367 1.0
174.0 3.61355312723 1.0
130.0 1.06514695203 1.0
0.0 1.03952342832 1.0
156.0 3.90434257005 1.0
105.0 1.01311766 1.0
object 13	1.0:1.0
148.0 0.993645297403 1.0
199.0 3.10318103999 1.0
6.0 1.00155238533 1.0
37.0 0.980621530317 1.0
160.0 0.233128144224 1.0
157.0 -1.84484271998 1.0
object 14	1.0:1.0
166.0 2.90639457545 1.0
78.0 1.00844025008 1.0
125.0 0.943660606046 1.0
7.0 1.01185089578 1.0
53.0 0.985028176669 1.0
28.0 0.994278897245 1.0
147.0 5.70319453504 1.0
117.0 1.0044571742 1.0
45.0 1.01910342403 1.0
185.0 0.283804053441 1.0
object 15	1.0:1.0
175.0 12.0890881976 1.0
39.0 0.949220016256 1.0
182.0 0.193262888361 1.0
object 16	1.0:1.0
41.0 1.01247247165 1.0
82.0 1.00316065493 1.0
object 17	1.0:1.0
147.0 0.752540342601 1.0
171.0 0.152556436455 1.0
180.0 0.915078121043 1.0
148.0 2.54235852153 1.0
129.0 0.978957183055 1.0
105.0 1.05333757502 1.0
51.0 0.996228046266 1.0
176.0 -0.976270199748 1.0
59.0 1.0146481033 1.0
181.0 1.3385880456 1.0
object 18	1.0:1.0
176.0 4.07779911663 1.0
116.0 0.994471926601 1.0
43.0 0.948499681035 1.0
170.0 1.19527739135 1.0
37.0 1.04151639662 1.0
object 19	1.0:1.0
182.0 -3.28693618089 1.0
92.0 0.998580130415 1.0
110.0 1.01154011097 1.0
159.0 -0.236572575542 1.0
124.0 1.03890334394 1.0
119.0 1.05156552487 1.0
151.0 -0.345950808336 1.0
object 20	1.0:1.0
15.0 0.902892364794 1.0
5.0 0.997857098008 1.0
66.0 0.980852674848 1.0
29.0 0.971748541484 1.0
150.0 0.674590399937 1.0
111.0 1.05477851232 1.0
164.0 1.35934320269 1.0
object 21	1.0:1.0
51.0 0.972588206813 1.0
44.0 1.01124041511 1.0
142.0 2.46897923159 1.0
object 22	1.0:1.0
65.0 0.978394512847 1.0
100.0 1.01043412988 1.0
143.0 3.42281311325 1.0
163.0 -2.51337199195 1.0
26.0 0.954635538204 1.0
134.0 1.01917083489 1.0
168.0 5.85318559972 1.0
object 23	1.0:1.0
192.0 -0.762533090659 1.0
151.0 -1.24551621124 1.0
29.0 1.00395250126 1.0
165.0 -0.256083479712 1.0
144.0 -3.30868376504 1.0
152.0 4.89446056094 1.0
object 24	1.0:1.0
122.0 1.0126174255 1.0
8.0 1.04078135067 1.0
116.0 1.01386288468 1.0
1.0 0.996077355371 1.0
21.0 1.00744805306 1.0
86.0 0.981432223955 1.0
object 25	1.0:1.0
175.0 0.0618593727178 1.0
179.0 -1.39048779793 1.0
25.0 0.989433233383 1.0
130.0 1.01050560672 1.0
object 26	1.0:1.0
109.0 1.05950633101 1.0
59.0 1.0211182677 1.0
111.0 0.975883495809 1.0
165.0 4.77032438222 1.0
155.0 -4.69365828778 1.0
104.0 1.03626796276 1.0
object 27	1.0:1.0
60.0 0.992111169235 1.0
136.0 0.933258953184 1.0
4.0 0.968596814827 1.0
159.0 -0.42823080702 1.0
41.0 0.94457057333 1.0
194.0 1.6469885774 1.0
198.0 -1.58389963271 1.0
157.0 2.2581238509 1.0
56.0 0.987499394846 1.0
3.0 1.00614827072 1.0
object 28	1.0:1.0
11.0 0.99289125514 1.0
88.0 1.00335350443 1.0
52.0 1.00484566006 1.0
186.0 5.40044999991 1.0
36.0 0.986407855419 1.0
85.0 0.938368472351 1.0
178.0 1.75936572593 1.0
147.0 -4.77051484247 1.0
object 29	1.0:1.0
146.0 6.63032006954 1.0
133.0 1.00360132322 1.0
29.0 0.996739570448 1.0
181.0 1.87261116768 1.0
196.0 2.12128253509 1.0
83.0 0.964294665796 1.0
52.0 1.01346697666 1.0
3.0 0.98503836668 1.0
object 30	1.0:1.0
105.0 0.992001393735 1.0
77.0 1.02488692579 1.0
object 31	1.0:1.0
62.0 1.0252000993 1.0
98.0 0.928033438149 1.0
28.0 1.01632261667 1.0
object 32	1.0:1.0
3.0 0.980825661718 1.0
163.0 7.57460036338 1.0
49.0 1.00993396468 1.0
92.0 0.982809326792 1.0
27.0 0.95191135761 1.0
63.0 0.966659970861 1.0
90.0 0.992921863031 1.0
55.0 0.989105754144 1.0
198.0 1.60803322465 1.0
object 33	1.0:1.0
186.0 -5.35512941585 1.0
98.0 0.996409989543 1.0
199.0 8.02625298143 1.0
197.0 0.150716418666 1.0
13.0 1.01273186649 1.0
4.0 0.993275449991 1.0
39.0 0.914260287644 1.0
object 34	1.0:1.0
155.0 -3.18085932367 1.0
141.0 2.00139723621 1.0
111.0 1.00233032279 1.0
168.0 1.18897478 1.0
object 35	1.0:1.0
190.0 2.71215880017 1.0
20.0 0.986511064072 1.0
77.0 0.988912961922 1.0
155.0 0.364619058607 1.0
49.0 0.993440088323 1.0
3.0 1.00941392067 1.0
object 36	1.0:1.0
20.0 1.03518844326 1.0
129.0 1.02754275563 1.0
121.0 0.99641346885 1.0
126.0 0.960121476565 1.0
object 37	1.0:1.0
193.0 3.43220003271 1.0
104.0 0.977557380087 1.0
100.0 1.00117762427 1.0
43.0 1.01515902082 1.0
82.0 0.986456584028 1.0
27.0 1.02912662179 1.0
165.0 0.523057734558 1.0
109.0 0.989407321857 1.0
129.0 1.01976048031 1.0
object 38	1.0:1.0
26.0 0.995985890871 1.0
63.0 1.00182257726 1.0
183.0 3.22878290779 1.0
151.0 0.649372122512 1.0
10.0 0.969313719134 1.0
127.0 1.08567237108 1.0
197.0 1.29938906447 1.0
32.0 1.06109446258 1.0
46.0 1.00723917716 1.0
80.0 1.05865448434 1.0
132.0 0.952295359115 1.0
object 39	1.0:1.0
32.0 1.02497676771 1.0
176.0 2.96457780119 1.0
29.0 1.01159042556 1.0
189.0 2.21636399349 1.0
41.0 1.07707149023 1.0
61.0 0.9743095274 1.0
180.0 -0.401330083866 1.0
57.0 0.982601298522 1.0
66.0 1.0074842124 1.0
171.0 1.85743698341 1.0
112.0 1.00121162642 1.0
object 40	1.0:1.0
56.0 1.01280493297 1.0
1.0 1.00845122769 1.0
148.0 1.79236339538 1.0
168.0 2.58227579756 1.0
85.0 1.08704381061 1.0
68.0 1.00724914568 1.0
54.0 0.994391719076 1.0
190.0 4.67387721232 1.0
191.0 4.87815738046 1.0
183.0 2.35935382771 1.0
object 41	1.0:1.0
14.0 1.01643445191 1.0
137.0 0.975001903977 1.0
192.0 2.51321140519 1.0
59.0 1.04972304776 1.0
145.0 -0.171916790526 1.0
53.0 1.00118724267 1.0
object 42	1.0:1.0
164.0 0.759894696485 1.0
174.0 0.34334816876 1.0
93.0 0.991569041924 1.0
11.0 1.00219733736 1.0
80.0 1.07774446382 1.0
100.0 0.987574250217 1.0
130.0 0.992966167506 1.0
131.0 1.00100677311 1.0
71.0 1.05891617704 1.0
object 43	1.0:1.0
121.0 0.973597086559 1.0
30.0 0.954790800453 1.0
117.0 1.01193841124 1.0
57.0 1.01301231995 1.0
144.0 -3.65854750252 1.0
164.0 -0.540607158841 1.0
56.0 0.994395123256 1.0
130.0 0.994795711632 1.0
object 44	1.0:1.0
83.0 1.01826097301 1.0
108.0 1.00937591272 1.0
7.0 1.02511084872 1.0
88.0 0.978622921203 1.0
75.0 0.988420525955 1.0
60.0 1.02008069366 1.0
object 45	1.0:1.0
102.0 1.01710641068 1.0
164.0 0.687863870864 1.0
23.0 1.02606279106 1.0
70.0 0.972309246775 1.0
22.0 0.942332590376 1.0
object 46	1.0:1.0
84.0 0.990227804432 1.0
123.0 0.986929934399 1.0
140.0 -2.36024711591 1.0
19.0 1.00273291116 1.0
169.0 4.44788492067 1.0
object 47	1.0:1.0
18.0 1.01955397747 1.0
155.0 13.8165266802 1.0
148.0 -1.36092566241 1.0
97.0 0.98970031096 1.0
48.0 1.00322576306 1.0
123.0 1.04429744954 1.0
106.0 0.962895983994 1.0
175.0 -5.30689671776 1.0
114.0 1.02261108238 1.0
151.0 8.05476801482 1.0
object 48	1.0:1.0
135.0 0.961424638636 1.0
193.0 0.548893178274 1.0
150.0 3.53907605066 1.0
186.0 -0.0431001579991 1.0
158.0 -2.4400079694 1.0
184.0 0.633362392804 1.0
62.0 0.997401886006 1.0
195.0 -4.15812097222 1.0
198.0 6.24309334283 1.0
161.0 1.29563196884 1.0
object 49	1.0:1.0
61.0 0.96799576047 1.0
95.0 0.9963719279 1.0
96.0 0.999568667972 1.0
21.0 0.999587296385 1.0
16.0 1.0537572875 1.0
2.0 0.990564118066 1.0
object 50	1.0:1.0
136.0 1.00654435835 1.0
17.0 1.02820505715 1.0
137.0 0.962783196679 1.0
191.0 -1.06364200539 1.0
178.0 3.29205038959 1.0
object 51	1.0:1.0
82.0 1.00984632182 1.0
169.0 1.16946371831 1.0
171.0 7.56000110903 1.0
61.0 1.04774499161 1.0
173.0 0.531841198687 1.0
object 52	1.0:1.0
148.0 -0.957425936551 1.0
64.0 1.04134206141 1.0
object 53	1.0:1.0
24.0 0.962253360301 1.0
64.0 1.03838972534 1.0
123.0 0.904365151035 1.0
72.0 1.02352817213 1.0
36.0 0.991275790778 1.0
62.0 1.05574159843 1.0
object 54	1.0:1.0
14.0 0.98150968434 1.0
71.0 0.961125378089 1.0
137.0 0.972449735358 1.0
object 55	1.0:1.0
163.0 3.68306611021 1.0
165.0 -5.79138947526 1.0
183.0 -0.145952751318 1.0
30.0 1.026132212 1.0
125.0 1.03819579819 1.0
86.0 0.992894617084 1.0
object 56	1.0:1.0
173.0 3.2264406471 1.0
84.0 1.01089191922 1.0
108.0 0.994878884768 1.0
14.0 0.998016996635 1.0
65.0 1.01683790714 1.0
61.0 1.02894337922 1.0
88.0 1.01610343097 1.0
145.0 1.79556296919 1.0
124.0 1.0063210349 1.0
object 57	1.0:1.0
73.0 1.03739733576 1.0
33.0 0.99712647688 1.0
118.0 0.938200386662 1.0
13.0 0.986346966245 1.0
object 58	1.0:1.0
48.0 0.98410771169 1.0
24.0 0.999751842729 1.0
183.0 1.64966388848 1.0
16.0 0.990247150654 1.0
117.0 0.998440086111 1.0
135.0 1.02407453545 1.0
142.0 7.93699497933 1.0
34.0 0.995518176869 1.0
156.0 -5.4673700511 1.0
object 59	1.0:1.0
69.0 1.01145259755 1.0
110.0 1.00518884578 1.0
77.0 0.998384134247 1.0
106.0 0.953953154791 1.0
58.0 0.958842549183 1.0
object 60	1.0:1.0
82.0 0.964883485391 1.0
186.0 -9.14100833654 1.0
43.0 0.961981408485 1.0
112.0 1.00751418319 1.0
71.0 1.06061155694 1.0
109.0 0.995525425274 1.0
146.0 -3.49027676644 1.0
object 61	1.0:1.0
118.0 1.02632087224 1.0
149.0 0.786686968042 1.0
110.0 0.996521025264 1.0
166.0 0.708301040501 1.0
object 62	1.0:1.0
148.0 -1.18319920516 1.0
73.0 1.00454960649 1.0
189.0 -0.290255117512 1.0
171.0 0.600478337312 1.0
112.0 0.972747228531 1.0
42.0 0.984442542027 1.0
133.0 1.02123347762 1.0
object 63	1.0:1.0
71.0 0.989808602605 1.0
198.0 -0.967073862022 1.0
173.0 1.74742604052 1.0
1.0 1.00206852823 1.0
166.0 -0.510648050494 1.0
194.0 -0.0647298333759 1.0
120.0 0.985574609126 1.0
77.0 0.980609055204 1.0
object 64	1.0:1.0
106.0 0.941415071613 1.0
195.0 -0.546170096811 1.0
74.0 0.970948112443 1.0
153.0 -0.178679206961 1.0
4.0 1.01569925645 1.0
199.0 0.551209738391 1.0
150.0 0.579835996373 1.0
44.0 1.00552173872 1.0
120.0 0.979515640775 1.0
171.0 2.81634792424 1.0
object 65	1.0:1.0
67.0 0.993501874173 1.0
194.0 2.20970507295 1.0
19.0 1.00097033364 1.0
140.0 -4.37521784864 1.0
141.0 1.68016650765 1.0
object 66	1.0:1.0
132.0 1.01218102995 1.0
76.0 1.0321545613 1.0
37.0 1.01029362939 1.0
174.0 -1.51367190795 1.0
122.0 0.984528689325 1.0
89.0 0.96701113768 1.0
83.0 1.01945192212 1.0
49.0 0.967589681594 1.0
16.0 0.985294772555 1.0
141.0 3.47317194105 1.0
object 67	1.0:1.0
12.0 1.01371529424 1.0
99.0 1.0252857808 1.0
3.0 1.00359166633 1.0
132.0 0.967874769748 1.0
65.0 0.937958351074 1.0
52.0 1.0212470391 1.0
7.0 1.00026352906 1.0
object 68	1.0:1.0
182.0 -0.828444392049 1.0
131.0 1.01405720334 1.0
80.0 1.02813762164 1.0
92.0 0.996748198718 1.0
194.0 0.780840953824 1.0
object 69	1.0:1.0
94.0 1.00976382978 1.0
14.0 0.995122685643 1.0
5.0 1.00511460689 1.0
46.0 1.00741707149 1.0
53.0 0.928056028865 1.0
196.0 -1.00128708254 1.0
163.0 1.95896230482 1.0
160.0 0.698749910015 1.0
object 70	1.0:1.0
46.0 0.989270172021 1.0
18.0 0.998690528961 1.0
146.0 0.566231430843 1.0
76.0 1.00901699208 1.0
170.0 3.8544957713 1.0
object 71	1.0:1.0
76.0 1.02337304312 1.0
115.0 1.01769253061 1.0
111.0 0.935914818791 1.0
104.0 1.00231219244 1.0
24.0 1.01921664269 1.0
object 72	1.0:1.0
106.0 1.00962003994 1.0
47.0 1.0083620079 1.0
77.0 0.998821841594 1.0
object 73	1.0:1.0
93.0 1.02837094966 1.0
155.0 -0.680631272528 1.0
100.0 1.04735380348 1.0
57.0 1.02408709625 1.0
25.0 1.00721947282 1.0
157.0 -7.91030791792 1.0
12.0 0.996503583069 1.0
42.0 1.01165273865 1.0
169.0 -0.625277166238 1.0
52.0 1.03915839276 1.0
114.0 1.00232222348 1.0
object 74	1.0:1.0
54.0 0.994213354231 1.0
197.0 3.19415196998 1.0
44.0 1.00459106441 1.0
75.0 0.989710906414 1.0
95.0 0.997950046949 1.0
162.0 2.412692772 1.0
59.0 0.994094992633 1.0
38.0 0.980146409443 1.0
24.0 1.00004724038 1.0
37.0 0.997760120479 1.0
116.0 0.998591862437 1.0
object 75	1.0:1.0
131.0 0.990246891824 1.0
85.0 0.977748927243 1.0
187.0 1.77318990517 1.0
161.0 -0.64455981699 1.0
173.0 2.67980117161 1.0
23.0 1.01259213744 1.0
46.0 0.983465684119 1.0
182.0 4.44339805061 1.0
10.0 1.00218913343 1.0
188.0 3.82985153118 1.0
object 76	1.0:1.0
177.0 -0.103201074509 1.0
150.0 0.628090523733 1.0
133.0 0.995479450481 1.0
74.0 1.01822110475 1.0
84.0 1.00415323881 1.0
31.0 1.13474805704 1.0
object 77	1.0:1.0
142.0 0.375355397301 1.0
10.0 0.947749259038 1.0
172.0 1.14612992002 1.0
60.0 0.996371724092 1.0
object 78	1.0:1.0
77.0 0.983240394915 1.0
32.0 0.989837656686 1.0
52.0 0.972153815771 1.0
146.0 7.58232997687 1.0
75.0 1.02280806217 1.0
151.0 -6.22375501262 1.0
140.0 4.66298794559 1.0
181.0 1.7896960315 1.0
object 79	1.0:1.0
89.0 0.935006380581 1.0
34.0 0.95105869008 1.0
94.0 1.0420349174 1.0
142.0 -1.10500625694 1.0
3.0 1.00491867234 1.0
21.0 0.990210954714 1.0
28.0 1.01240661944 1.0
179.0 2.37904726909 1.0
52.0 1.00241281548 1.0
135.0 0.997190991461 1.0
83.0 0.991098107259 1.0
68.0 1.0052324442 1.0
object 80	1.0:1.0
47.0 1.03821377729 1.0
22.0 0.966086129883 1.0
67.0 1.02627293677 1.0
95.0 1.0032050338 1.0
74.0 0.974734953111 1.0
5.0 1.00400998445 1.0
155.0 5.18149063011 1.0
46.0 1.00096423359 1.0
162.0 -0.646556376432 1.0
object 81	1.0:1.0
74.0 1.03973456678 1.0
137.0 0.949544711401 1.0
117.0 0.974583533407 1.0
19.0 1.00182229268 1.0
157.0 4.7318674579 1.0
51.0 0.993003075384 1.0
object 82	1.0:1.0
108.0 0.998731244698 1.0
145.0 -0.0689726245915 1.0
53.0 0.988975402712 1.0
59.0 1.02167571777 1.0
94.0 1.0190709697 1.0
object 83	1.0:1.0
60.0 0.997641890751 1.0
138.0 1.03290505464 1.0
10.0 1.04508662012 1.0
16.0 0.961491905439 1.0
57.0 0.980250156004 1.0
168.0 5.40199445342 1.0
140.0 -4.20675106275 1.0
77.0 0.985041518225 1.0
object 84	1.0:1.0
35.0 1.08853771671 1.0
161.0 1.3225122785 1.0
13.0 1.02857915827 1.0
38.0 1.02111638892 1.0
67.0 1.03704002206 1.0
168.0 -8.18335418579 1.0
140.0 -6.2580497807 1.0
object 85	1.0:1.0
83.0 0.971735029955 1.0
14.0 0.993698394049 1.0
90.0 1.00549955056 1.0
51.0 0.998860465452 1.0
1.0 1.02289897385 1.0
21.0 0.980804149726 1.0
198.0 2.00533419653 1.0
8.0 0.965468553163 1.0
53.0 1.04510189217 1.0
129.0 0.969897612322 1.0
194.0 -0.73680658223 1.0
object 86	1.0:1.0
87.0 1.00628820715 1.0
187.0 2.48574754217 1.0
43.0 1.00865753411 1.0
69.0 1.03275361407 1.0
154.0 0.33156587082 1.0
object 87	1.0:1.0
162.0 0.0226642363112 1.0
83.0 0.956453842788 1.0
object 88	1.0:1.0
193.0 -5.41484725871 1.0
125.0 0.976264633452 1.0
128.0 0.945930102549 1.0
81.0 1.01503574814 1.0
50.0 0.969218621501 1.0
99.0 1.0132266992 1.0
49.0 1.0291565877 1.0
object 89	1.0:1.0
67.0 0.941970933622 1.0
127.0 1.02390997854 1.0
object 90	1.0:1.0
179.0 1.94084755443 1.0
177.0 -2.91471763314 1.0
94.0 1.08084106753 1.0
56.0 0.999433662215 1.0
24.0 1.01633473915 1.0
5.0 1.0159405957 1.0
object 91	1.0:1.0
86.0 1.00459681274 1.0
164.0 -0.0179176703116 1.0
104.0 1.0260038368 1.0
173.0 -1.93770041486 1.0
150.0 1.59765193379 1.0
79.0 0.973210520633 1.0
object 92	1.0:1.0
27.0 0.96523070478 1.0
54.0 0.986127485172 1.0
44.0 0.977677007726 1.0
172.0 0.789335743965 1.0
166.0 7.82463164799 1.0
115.0 1.00772910896 1.0
object 93	1.0:1.0
158.0 0.368633506458 1.0
116.0 0.999811968115 1.0
183.0 -0.15135717342 1.0
156.0 5.84043347938 1.0
173.0 0.493002284815 1.0
53.0 0.965236470664 1.0
109.0 0.94770611972 1.0
146.0 -3.4894577561 1.0
139.0 0.97047575883 1.0
124.0 1.04210262389 1.0
object 94	1.0:1.0
157.0 8.32253176221 1.0
48.0 0.981076057856 1.0
object 95	1.0:1.0
61.0 0.982250768471 1.0
187.0 5.46932384579 1.0
32.0 0.98062087508 1.0
159.0 0.0932923496071 1.0
116.0 1.0083576593 1.0
45.0 0.991857174207 1.0
156.0 -0.96509457556 1.0
28.0 1.01723076284 1.0
object 96	1.0:1.0
117.0 1.00645026117 1.0
164.0 2.51971608849 1.0
23.0 0.98256007674 1.0
34.0 0.926328703583 1.0
116.0 0.992164687065 1.0
170.0 -1.17910904635 1.0
30.0 0.984628379208 1.0
133.0 1.04874013243 1.0
object 97	1.0:1.0
12.0 0.985490575121 1.0
27.0 1.0211094714 1.0
126.0 0.954667118074 1.0
111.0 1.01155631912 1.0
85.0 0.920593696982 1.0
object 98	1.0:1.0
119.0 1.04496383547 1.0
106.0 0.981159836417 1.0
80.0 1.02477919627 1.0
96.0 0.972061287688 1.0
100.0 1.02332977308 1.0
110.0 1.01109205482 1.0
144.0 -5.03661050751 1.0
object 99	1.0:1.0
93.0 0.997822556339 1.0
167.0 1.48868947821 1.0
90.0 0.993712849603 1.0
120.0 1.02002394175 1.0
1.0 0.976730491162 1.0
39.0 0.99162052676 1.0
61.0 0.996878188735 1.0
72.0 0.960028125603 1.0
