object 0	1.0:1.0
95.0 1.06897863773 1.0
181.0 4.03553175109 1.0
98.0 1.03360201901 1.0
78.0 1.05584872867 1.0
14.0 0.970460753919 1.0
191.0 0.805663023145 1.0
186.0 4.70596368759 1.0
103.0 1.04046997764 1.0
42.0 0.983806976767 1.0
161.0 -1.31242959943 1.0
11.0 1.02119510141 1.0
2.0 0.97714404703 1.0
165.0 -1.12377695361 1.0
183.0 3.29476346268 1.0
71.0 0.998284546388 1.0
185.0 0.328050391091 1.0
167.0 0.88734154782 1.0
30.0 0.983334113303 1.0
150.0 1.01560437468 1.0
object 1	1.0:1.0
116.0 0.996214472936 1.0
166.0 1.87290513598 1.0
164.0 -3.0275173259 1.0
88.0 0.988960208049 1.0
99.0 0.981176882335 1.0
124.0 1.01768871614 1.0
130.0 0.994526560961 1.0
157.0 1.00327159777 1.0
92.0 0.994039204248 1.0
29.0 1.00284706715 1.0
107.0 1.02598024095 1.0
194.0 -0.800367014556 1.0
32.0 1.0073313817 1.0
11.0 0.974908022611 1.0
120.0 1.0162454333 1.0
39.0 0.966984477771 1.0
102.0 1.00920617767 1.0
100.0 0.994235327841 1.0
190.0 4.76329042085 1.0
33.0 1.01899280836 1.0
51.0 1.01773962222 1.0
object 2	1.0:1.0
48.0 0.943080691669 1.0
46.0 1.04882932068 1.0
65.0 1.02675344045 1.0
176.0 -0.594657485987 1.0
138.0 1.07019800343 1.0
145.0 0.992770838571 1.0
85.0 0.915470017261 1.0
150.0 1.00258080828 1.0
130.0 0.919126802633 1.0
50.0 1.04445109213 1.0
129.0 1.00510050192 1.0
186.0 4.48231333012 1.0
100.0 0.976921369424 1.0
45.0 1.01319900557 1.0
125.0 0.988284152196 1.0
148.0 0.94190226423 1.0
111.0 0.995099187402 1.0
147.0 0.962720499555 1.0
163.0 3.96963105452 1.0
67.0 1.0288695317 1.0
102.0 1.00411195247 1.0
77.0 1.00132951152 1.0
31.0 0.993873860026 1.0
69.0 0.994368537641 1.0
99.0 0.948395411559 1.0
140.0 1.02410529485 1.0
object 3	1.0:1.0
55.0 1.01558882006 1.0
136.0 1.00449640072 1.0
117.0 1.01696609291 1.0
125.0 1.02311121543 1.0
71.0 1.01880928141 1.0
196.0 4.7449491068 1.0
59.0 1.00791020556 1.0
4.0 0.933998194335 1.0
147.0 0.997765414885 1.0
160.0 -1.12168098985 1.0
174.0 2.25043580291 1.0
161.0 2.65055304799 1.0
19.0 0.958666150152 1.0
10.0 1.0024174794 1.0
168.0 -0.613925368339 1.0
23.0 0.988121473868 1.0
object 4	1.0:1.0
197.0 7.42434160622 1.0
34.0 0.967317474786 1.0
26.0 0.984252505053 1.0
186.0 3.2336843758 1.0
189.0 4.79702642895 1.0
15.0 0.99062748248 1.0
93.0 0.99589528114 1.0
75.0 0.984126758089 1.0
177.0 5.51868226556 1.0
66.0 0.96527896367 1.0
125.0 0.96603737038 1.0
object 5	1.0:1.0
99.0 0.987999475665 1.0
59.0 1.00962367133 1.0
23.0 1.01618075458 1.0
100.0 0.937510054728 1.0
141.0 0.996796830244 1.0
110.0 0.950593173877 1.0
75.0 0.99393848296 1.0
90.0 1.00664983166 1.0
11.0 1.05438859794 1.0
55.0 0.992397457964 1.0
192.0 5.24078761859 1.0
131.0 0.97769627434 1.0
79.0 1.02742897029 1.0
172.0 1.19139856308 1.0
107.0 0.979914814454 1.0
28.0 1.01817619553 1.0
22.0 0.966402182706 1.0
191.0 1.70542036202 1.0
4.0 1.02981336586 1.0
106.0 1.0104390941 1.0
60.0 0.992716377779 1.0
128.0 0.987765977806 1.0
57.0 0.985395185741 1.0
object 6	1.0:1.0
42.0 1.02710035422 1.0
12.0 0.991274489467 1.0
184.0 -2.29830997962 1.0
54.0 1.02132401755 1.0
68.0 0.93403465086 1.0
4.0 1.01649393699 1.0
36.0 1.02474075945 1.0
7.0 1.00603245179 1.0
127.0 0.991200041565 1.0
93.0 1.01008028568 1.0
34.0 0.987423693884 1.0
86.0 1.00420192406 1.0
155.0 1.0050681953 1.0
149.0 0.990836833247 1.0
56.0 1.00677676617 1.0
51.0 1.0006213565 1.0
92.0 1.01787437646 1.0
112.0 0.97007337251 1.0
138.0 1.03115307918 1.0
78.0 0.955952434183 1.0
64.0 0.998575209324 1.0
20.0 1.1083557544 1.0
182.0 2.28770548682 1.0
192.0 -0.431656725415 1.0
33.0 0.985720355717 1.0
38.0 0.993938207584 1.0
object 7	1.0:1.0
109.0 0.988167403902 1.0
165.0 4.09474572375 1.0
31.0 1.00812769457 1.0
196.0 3.03851504727 1.0
42.0 1.02455023586 1.0
82.0 0.994112909437 1.0
93.0 1.0200774194 1.0
17.0 0.995935228837 1.0
192.0 1.48496412463 1.0
122.0 0.989011083481 1.0
68.0 1.01948402749 1.0
21.0 1.02790397181 1.0
object 8	1.0:1.0
61.0 1.0225629622 1.0
122.0 0.988540852336 1.0
16.0 0.954289640765 1.0
73.0 0.967759958109 1.0
155.0 1.03822910731 1.0
35.0 0.984944161641 1.0
169.0 -0.508584963981 1.0
56.0 1.01341134966 1.0
117.0 1.01927655107 1.0
159.0 1.02082324176 1.0
188.0 1.85338843444 1.0
59.0 0.993842917335 1.0
7.0 1.00529556847 1.0
88.0 1.01897191514 1.0
127.0 1.02431363728 1.0
27.0 0.990148095328 1.0
13.0 0.986818552672 1.0
24.0 0.971787015986 1.0
90.0 0.984796881779 1.0
object 9	1.0:1.0
95.0 0.961030043201 1.0
161.0 2.35645547782 1.0
100.0 0.942606470615 1.0
104.0 0.991188197737 1.0
19.0 0.977237019647 1.0
132.0 0.962586672232 1.0
192.0 -0.836515804833 1.0
25.0 1.02808684715 1.0
110.0 0.96009346385 1.0
160.0 -1.83045264139 1.0
5.0 0.959987893555 1.0
170.0 5.80225059468 1.0
113.0 0.997294544085 1.0
186.0 -6.22793426024 1.0
114.0 0.983518002413 1.0
8.0 1.02692256237 1.0
object 10	1.0:1.0
21.0 1.04963965614 1.0
141.0 0.952059882203 1.0
171.0 1.67557392768 1.0
191.0 5.33635908973 1.0
69.0 1.01951621755 1.0
76.0 0.987897735858 1.0
137.0 1.04497417233 1.0
110.0 1.00901227683 1.0
154.0 0.985870004694 1.0
120.0 0.993401087765 1.0
24.0 1.01860296362 1.0
75.0 1.00092165888 1.0
62.0 1.04449151527 1.0
60.0 0.970071749378 1.0
3.0 0.952213315592 1.0
124.0 0.983135262298 1.0
142.0 0.971436765984 1.0
81.0 0.99633072268 1.0
39.0 0.987248656378 1.0
125.0 0.977893862664 1.0
172.0 -4.23917144144 1.0
37.0 0.988011117833 1.0
128.0 0.9424861954 1.0
198.0 -3.72892215163 1.0
object 11	1.0:1.0
185.0 0.485325304208 1.0
89.0 1.00888754118 1.0
18.0 0.997534781076 1.0
4.0 0.973868959363 1.0
97.0 1.045058629 1.0
85.0 1.06924715061 1.0
158.0 1.01628602794 1.0
168.0 0.367870852801 1.0
77.0 1.00007950594 1.0
24.0 1.03536633937 1.0
176.0 -1.07460821791 1.0
193.0 -2.03429460865 1.0
73.0 1.03177465054 1.0
157.0 1.00440728894 1.0
109.0 0.958670310279 1.0
142.0 1.0373325174 1.0
92.0 0.991550806659 1.0
47.0 0.998722705856 1.0
119.0 0.984792783942 1.0
60.0 0.993194301589 1.0
2.0 0.977864856211 1.0
object 12	1.0:1.0
96.0 1.01087281028 1.0
46.0 1.0701357245 1.0
191.0 2.33610764807 1.0
187.0 1.10724233963 1.0
192.0 2.97777755272 1.0
199.0 1.94068982066 1.0
17.0 1.0012026296 1.0
14.0 0.997051303 1.0
97.0 0.982355900662 1.0
99.0 1.04606886465 1.0
90.0 1.00577221779 1.0
27.0 1.01533181019 1.0
119.0 0.96489919788 1.0
178.0 0.662937819305 1.0
77.0 1.00869996917 1.0
9.0 1.02902608929 1.0
175.0 2.53202673476 1.0
102.0 0.998251467116 1.0
174.0 6.57024155246 1.0
63.0 0.999984543455 1.0
87.0 0.91345001494 1.0
115.0 0.955146098397 1.0
object 13	1.0:1.0
34.0 0.917178457156 1.0
149.0 1.03381087715 1.0
177.0 3.15067593178 1.0
124.0 1.01763890776 1.0
159.0 0.998737996162 1.0
132.0 1.02126966475 1.0
160.0 -0.961480641195 1.0
85.0 1.00426890072 1.0
27.0 0.950600018121 1.0
106.0 1.00142596317 1.0
113.0 1.04093465488 1.0
31.0 0.988996840669 1.0
39.0 1.01064854788 1.0
72.0 0.958376651783 1.0
13.0 1.02310853 1.0
74.0 0.942150007912 1.0
79.0 0.987552353165 1.0
150.0 0.984358288791 1.0
67.0 1.03119128511 1.0
object 14	1.0:1.0
70.0 0.989314357464 1.0
137.0 1.03053826235 1.0
115.0 1.00327026619 1.0
133.0 1.00029851691 1.0
6.0 1.05970987744 1.0
157.0 0.991782409288 1.0
168.0 -0.121899512816 1.0
16.0 1.0171260743 1.0
85.0 1.0225777155 1.0
83.0 1.01456526388 1.0
161.0 4.59154668403 1.0
151.0 1.02298636783 1.0
object 15	1.0:1.0
189.0 2.53721929168 1.0
133.0 0.940469379071 1.0
20.0 0.933202964076 1.0
9.0 0.948048853757 1.0
119.0 1.02252928333 1.0
84.0 0.983011343452 1.0
122.0 1.01143116366 1.0
109.0 1.01116186731 1.0
196.0 0.115270681212 1.0
118.0 1.03021348121 1.0
85.0 1.060419152 1.0
164.0 6.05956025819 1.0
69.0 1.01199147901 1.0
42.0 1.00532484089 1.0
93.0 0.985402474116 1.0
152.0 0.982101032332 1.0
24.0 0.990429038606 1.0
169.0 0.469818922675 1.0
126.0 1.02541031865 1.0
140.0 0.978639666494 1.0
184.0 -4.48477530276 1.0
57.0 0.97329619539 1.0
129.0 1.00648612687 1.0
173.0 11.56704969 1.0
10.0 0.988448277924 1.0
146.0 1.01530053308 1.0
141.0 0.948266617771 1.0
175.0 0.332280426827 1.0
39.0 1.02201523055 1.0
object 16	1.0:1.0
101.0 0.99970454545 1.0
39.0 1.03046879845 1.0
8.0 0.977139489481 1.0
76.0 1.03919724582 1.0
109.0 1.03169288395 1.0
24.0 1.01758803782 1.0
30.0 0.982991580589 1.0
171.0 2.05170206907 1.0
63.0 1.00628373684 1.0
152.0 0.991570468046 1.0
108.0 0.97858059927 1.0
28.0 0.979950851645 1.0
23.0 0.994140628804 1.0
14.0 0.991810937746 1.0
16.0 0.967940823397 1.0
159.0 1.00331263165 1.0
17.0 0.974416120637 1.0
object 17	1.0:1.0
83.0 1.02784179452 1.0
37.0 0.981696981875 1.0
73.0 1.00766751676 1.0
98.0 1.00112355585 1.0
32.0 1.01723112465 1.0
196.0 1.11682027218 1.0
117.0 1.00429747864 1.0
192.0 7.59255654091 1.0
45.0 0.961377946733 1.0
153.0 0.985005621923 1.0
57.0 0.997369438887 1.0
63.0 0.972317907935 1.0
99.0 1.02115620206 1.0
136.0 1.06857484515 1.0
185.0 1.68993746379 1.0
199.0 2.57763267479 1.0
124.0 0.992568528968 1.0
28.0 0.997894729862 1.0
137.0 0.99436521112 1.0
object 18	1.0:1.0
29.0 1.03186058817 1.0
113.0 0.951634058914 1.0
70.0 0.997085694532 1.0
168.0 -2.87512279544 1.0
158.0 0.977930138465 1.0
72.0 0.977663913623 1.0
126.0 1.01253502698 1.0
16.0 1.02608368531 1.0
198.0 -5.49529665638 1.0
100.0 0.983276285474 1.0
136.0 1.00390795457 1.0
137.0 0.97981560209 1.0
194.0 -0.559528457218 1.0
object 19	1.0:1.0
80.0 0.926965201803 1.0
130.0 1.06041265429 1.0
12.0 1.01774161634 1.0
197.0 -1.45001791117 1.0
169.0 1.30023813576 1.0
147.0 1.0203324808 1.0
154.0 1.01038663598 1.0
167.0 0.273552470678 1.0
102.0 1.00469637891 1.0
184.0 1.21657385245 1.0
68.0 0.996730179542 1.0
178.0 3.99098333475 1.0
172.0 0.814025704876 1.0
27.0 0.949370328394 1.0
171.0 0.940365525708 1.0
53.0 1.02509657877 1.0
180.0 4.79153011591 1.0
145.0 1.02788401437 1.0
137.0 0.961312682368 1.0
151.0 0.99284262944 1.0
119.0 1.0454085536 1.0
88.0 0.955704661303 1.0
101.0 1.02264804125 1.0
object 20	1.0:1.0
103.0 1.02130524479 1.0
127.0 1.00445684143 1.0
96.0 0.99925600713 1.0
53.0 0.985424797176 1.0
50.0 1.01014715422 1.0
27.0 1.02376887091 1.0
66.0 1.0012319936 1.0
74.0 0.986287698451 1.0
95.0 1.0191049781 1.0
58.0 1.03295060742 1.0
63.0 1.01209918448 1.0
81.0 1.01100114106 1.0
59.0 1.01185715246 1.0
174.0 6.05733866075 1.0
195.0 11.6204133466 1.0
object 21	1.0:1.0
4.0 0.976085501799 1.0
98.0 0.996533657302 1.0
17.0 1.00181566511 1.0
136.0 1.0368700471 1.0
188.0 -1.30330552444 1.0
89.0 0.993790332318 1.0
86.0 1.00588169049 1.0
63.0 1.02541118922 1.0
object 22	1.0:1.0
160.0 -1.74120443955 1.0
11.0 0.951958229746 1.0
168.0 -12.284955669 1.0
41.0 1.00228768935 1.0
66.0 1.05662614635 1.0
62.0 1.01236923937 1.0
35.0 0.968266985922 1.0
75.0 1.01290201525 1.0
60.0 0.991430596511 1.0
147.0 0.996951307692 1.0
50.0 1.00472536326 1.0
14.0 1.03946938533 1.0
104.0 0.97732398446 1.0
2.0 1.02132431751 1.0
111.0 0.9910161565 1.0
109.0 0.981360482808 1.0
178.0 -0.237463663977 1.0
182.0 2.17291705539 1.0
37.0 0.982725430876 1.0
150.0 0.979570175332 1.0
21.0 1.0481592499 1.0
63.0 1.01929492678 1.0
103.0 1.01536269043 1.0
46.0 0.926796014772 1.0
object 23	1.0:1.0
132.0 0.936488944339 1.0
167.0 6.05116766671 1.0
89.0 0.994066922155 1.0
148.0 1.05091841375 1.0
23.0 0.993006155001 1.0
2.0 1.03401023498 1.0
13.0 0.993054105622 1.0
27.0 0.990203477504 1.0
37.0 0.967025316831 1.0
9.0 1.0397922822 1.0
93.0 0.983031285617 1.0
149.0 0.961963940833 1.0
58.0 0.944823903212 1.0
81.0 0.983792803868 1.0
183.0 -1.55903372223 1.0
11.0 1.01584712333 1.0
48.0 0.928220548746 1.0
3.0 1.01891615838 1.0
43.0 1.00997778541 1.0
95.0 1.04675272918 1.0
62.0 0.997657074859 1.0
157.0 1.01466123819 1.0
131.0 1.00512860086 1.0
90.0 1.02046661573 1.0
object 24	1.0:1.0
116.0 1.02320514646 1.0
176.0 0.800316603665 1.0
64.0 0.997157930618 1.0
159.0 0.966931954391 1.0
84.0 1.02311277381 1.0
143.0 0.996463392751 1.0
43.0 0.950813066727 1.0
56.0 1.02243225317 1.0
121.0 1.00822483893 1.0
31.0 0.997748463171 1.0
135.0 0.9784551506 1.0
133.0 1.06395011942 1.0
45.0 1.006812088 1.0
25.0 1.00489283576 1.0
184.0 2.40577734445 1.0
65.0 1.07960987672 1.0
35.0 1.01066234599 1.0
103.0 1.05044105688 1.0
70.0 1.0124914726 1.0
120.0 0.978792900389 1.0
102.0 0.998933949682 1.0
81.0 1.00299967146 1.0
23.0 0.996731692481 1.0
165.0 3.67259731031 1.0
197.0 -11.1240743153 1.0
108.0 1.00120832271 1.0
157.0 0.969325760284 1.0
object 25	1.0:1.0
158.0 0.996104965816 1.0
166.0 2.7057366039 1.0
49.0 0.945017003451 1.0
124.0 1.00631551754 1.0
32.0 1.03214698275 1.0
71.0 0.993388143018 1.0
6.0 1.05658000013 1.0
196.0 1.613610491 1.0
179.0 1.95416018903 1.0
162.0 1.9415772184 1.0
160.0 2.72169739365 1.0
103.0 0.996027579131 1.0
131.0 0.952495691009 1.0
88.0 1.05815002897 1.0
34.0 1.07508105073 1.0
149.0 1.04891375985 1.0
39.0 1.01592733476 1.0
122.0 0.992745741584 1.0
59.0 0.993652806039 1.0
object 26	1.0:1.0
95.0 0.975721405969 1.0
90.0 1.04218711258 1.0
164.0 -1.42273613969 1.0
92.0 0.962546250399 1.0
167.0 1.93140864126 1.0
63.0 0.996610846567 1.0
148.0 1.003551804 1.0
1.0 0.990725527976 1.0
56.0 1.01173086841 1.0
182.0 -0.546081949055 1.0
30.0 1.05241898077 1.0
137.0 1.00048976632 1.0
84.0 0.989735208291 1.0
22.0 1.01799041224 1.0
134.0 0.992302848227 1.0
76.0 1.02268869632 1.0
21.0 1.04066809232 1.0
85.0 0.971353236507 1.0
27.0 1.005141552 1.0
29.0 0.965226738537 1.0
12.0 1.02015582491 1.0
112.0 0.950051306904 1.0
144.0 0.987761724823 1.0
10.0 0.991879925125 1.0
object 27	1.0:1.0
195.0 0.405233148326 1.0
146.0 0.990737553314 1.0
82.0 0.982873293764 1.0
74.0 1.09781332381 1.0
156.0 0.994475390574 1.0
39.0 1.00053021006 1.0
51.0 0.997236588054 1.0
151.0 1.00842520105 1.0
63.0 1.02139277424 1.0
75.0 0.997858445421 1.0
84.0 0.984829544809 1.0
66.0 0.983791663969 1.0
object 28	1.0:1.0
167.0 8.46936920002 1.0
198.0 -3.38745762458 1.0
58.0 0.984138752165 1.0
193.0 1.70840083993 1.0
158.0 0.986265662843 1.0
186.0 1.53642369406 1.0
87.0 1.02545736938 1.0
51.0 1.00161656969 1.0
146.0 1.00879705588 1.0
141.0 0.946766255462 1.0
49.0 1.05578343031 1.0
149.0 0.99723716511 1.0
153.0 0.99043635946 1.0
91.0 1.01602061905 1.0
object 29	1.0:1.0
31.0 0.999502465062 1.0
165.0 -2.82555623736 1.0
131.0 0.99584757027 1.0
138.0 0.980274653657 1.0
39.0 0.973420714545 1.0
49.0 1.04659750394 1.0
86.0 0.981430630444 1.0
127.0 1.01034290363 1.0
71.0 0.94869050043 1.0
96.0 1.00588096454 1.0
90.0 0.962146740551 1.0
9.0 1.05112900526 1.0
object 30	1.0:1.0
81.0 1.01555099531 1.0
85.0 0.975727029482 1.0
24.0 1.03898790901 1.0
142.0 0.958485878782 1.0
197.0 3.33274760091 1.0
185.0 1.31735012421 1.0
34.0 0.981772311237 1.0
78.0 0.981022449521 1.0
130.0 1.10406597867 1.0
101.0 0.989012396968 1.0
104.0 0.967058289414 1.0
84.0 0.997487014284 1.0
190.0 -2.16277138752 1.0
16.0 0.926565645663 1.0
68.0 1.00916849451 1.0
165.0 -1.74864162772 1.0
133.0 0.905871482276 1.0
object 31	1.0:1.0
78.0 1.00653612379 1.0
107.0 0.981552806908 1.0
189.0 4.57648427457 1.0
69.0 0.995176580902 1.0
36.0 1.03425812351 1.0
194.0 1.24905851869 1.0
153.0 1.00599790901 1.0
66.0 0.980047510592 1.0
128.0 1.05938549258 1.0
158.0 0.979939192009 1.0
62.0 1.05754117859 1.0
89.0 1.01169123529 1.0
165.0 -1.30391919919 1.0
87.0 0.9733798879 1.0
114.0 0.994898784859 1.0
108.0 1.00111362885 1.0
125.0 0.995533231501 1.0
95.0 0.951618675611 1.0
112.0 1.00475142861 1.0
47.0 1.0024820417 1.0
63.0 1.00222743897 1.0
180.0 -3.9626855518 1.0
84.0 1.00602753734 1.0
188.0 0.758751901153 1.0
175.0 2.56300817322 1.0
68.0 0.996363157461 1.0
151.0 1.00961865388 1.0
101.0 1.05171599109 1.0
161.0 -0.435980130723 1.0
135.0 1.018574727 1.0
object 32	1.0:1.0
11.0 1.01761243056 1.0
162.0 0.97909766044 1.0
0.0 0.981508126902 1.0
83.0 0.928674915083 1.0
99.0 1.0014360604 1.0
132.0 0.933518579921 1.0
147.0 1.01146265608 1.0
156.0 0.987244773291 1.0
57.0 1.02991092785 1.0
151.0 1.0198555848 1.0
46.0 0.996857314013 1.0
13.0 1.01201636608 1.0
165.0 5.50325352753 1.0
176.0 0.897019076611 1.0
138.0 1.11412834138 1.0
148.0 0.948918880656 1.0
17.0 1.02516707946 1.0
69.0 0.994171390036 1.0
73.0 1.01057146266 1.0
152.0 1.00136446242 1.0
102.0 1.00093255478 1.0
86.0 0.969628964712 1.0
66.0 1.04921675751 1.0
54.0 0.973324624378 1.0
33.0 0.990507272159 1.0
61.0 0.966556841836 1.0
72.0 1.02141931803 1.0
136.0 0.966695532893 1.0
object 33	1.0:1.0
140.0 1.0030308418 1.0
73.0 1.04721622566 1.0
10.0 1.00598338188 1.0
157.0 0.963202902407 1.0
79.0 1.00410712553 1.0
131.0 1.02238385344 1.0
76.0 1.02157728221 1.0
71.0 1.01649098235 1.0
124.0 1.00926027098 1.0
44.0 0.960283960346 1.0
26.0 1.03236617478 1.0
132.0 0.973533992043 1.0
194.0 0.697420881895 1.0
190.0 -2.26301036607 1.0
85.0 0.897586127979 1.0
2.0 0.947140405244 1.0
object 34	1.0:1.0
68.0 1.02023531113 1.0
30.0 0.936998763812 1.0
13.0 0.978526916118 1.0
62.0 1.01743689917 1.0
174.0 -0.0112200711592 1.0
122.0 0.971785660287 1.0
153.0 0.97735643982 1.0
41.0 0.983483807375 1.0
28.0 0.996238015575 1.0
20.0 0.973420846518 1.0
177.0 2.78279781958 1.0
192.0 5.85773413909 1.0
164.0 5.05219788635 1.0
183.0 -2.98013054608 1.0
166.0 2.04322802074 1.0
69.0 0.99540245188 1.0
18.0 1.00769878941 1.0
66.0 1.0015114121 1.0
9.0 1.02941880852 1.0
101.0 0.960393083347 1.0
96.0 0.999385039034 1.0
135.0 1.00430489218 1.0
25.0 0.95083944059 1.0
48.0 0.936504977962 1.0
126.0 0.981748280512 1.0
32.0 0.988649860004 1.0
169.0 0.406157820088 1.0
24.0 1.02399822864 1.0
105.0 1.02526255989 1.0
object 35	1.0:1.0
136.0 0.974010777361 1.0
84.0 1.03318794133 1.0
194.0 2.20200598396 1.0
92.0 1.01978646431 1.0
181.0 3.93534185421 1.0
51.0 1.00342475368 1.0
183.0 -1.87870847283 1.0
2.0 1.01337484343 1.0
37.0 1.00023555203 1.0
83.0 1.01034866028 1.0
159.0 0.998036021529 1.0
56.0 0.989085422778 1.0
86.0 0.985376537847 1.0
141.0 1.04181905694 1.0
41.0 0.964147985552 1.0
18.0 0.983128898205 1.0
24.0 0.967670575614 1.0
95.0 0.987513569659 1.0
158.0 1.01931134258 1.0
66.0 0.992298594757 1.0
object 36	1.0:1.0
143.0 1.01311849002 1.0
198.0 4.85745969859 1.0
130.0 1.00936835133 1.0
162.0 1.98948740809 1.0
169.0 1.31121053307 1.0
12.0 0.985701189386 1.0
101.0 1.03144926807 1.0
186.0 1.87343052284 1.0
20.0 1.00821473273 1.0
36.0 0.96620019701 1.0
105.0 1.02812915887 1.0
80.0 0.958758211482 1.0
39.0 1.01259029149 1.0
137.0 1.03831284771 1.0
67.0 0.986383091468 1.0
89.0 1.00406780231 1.0
13.0 1.00562400037 1.0
47.0 0.975797950647 1.0
194.0 7.55310996078 1.0
object 37	1.0:1.0
71.0 1.01599267077 1.0
12.0 0.994734417582 1.0
190.0 -0.699587589839 1.0
189.0 2.73859276733 1.0
170.0 -4.8027791843 1.0
59.0 1.00430122784 1.0
60.0 1.00069029347 1.0
163.0 2.28325979189 1.0
37.0 1.03067352852 1.0
111.0 1.0952901992 1.0
1.0 0.980959612271 1.0
103.0 1.03445633846 1.0
35.0 0.976926251836 1.0
138.0 1.04510429522 1.0
object 38	1.0:1.0
90.0 0.937653852552 1.0
23.0 0.960994880307 1.0
112.0 0.967357503102 1.0
117.0 1.00447861382 1.0
128.0 0.976101425106 1.0
109.0 1.01709486301 1.0
9.0 1.0311624752 1.0
118.0 0.999529697082 1.0
64.0 1.00627110949 1.0
163.0 1.92608414071 1.0
1.0 1.02481294762 1.0
188.0 1.80793657613 1.0
43.0 0.960216997474 1.0
113.0 0.945977585088 1.0
42.0 0.997295542466 1.0
54.0 0.980619000893 1.0
177.0 -0.275134667506 1.0
141.0 0.9801910692 1.0
134.0 0.991171325879 1.0
142.0 0.997400138642 1.0
185.0 0.206948768718 1.0
71.0 0.999324169294 1.0
29.0 0.943388958061 1.0
object 39	1.0:1.0
170.0 -2.78766967315 1.0
12.0 0.994228553357 1.0
133.0 1.02170374923 1.0
6.0 1.03564859501 1.0
172.0 1.71738771199 1.0
175.0 0.113654554722 1.0
181.0 3.29825626009 1.0
195.0 -2.55641607777 1.0
76.0 0.9974799435 1.0
106.0 0.991127603068 1.0
42.0 0.994447495965 1.0
180.0 3.41911421714 1.0
28.0 0.942976876868 1.0
110.0 1.06061198213 1.0
115.0 0.983536246327 1.0
13.0 0.969774355181 1.0
30.0 1.00417111906 1.0
146.0 0.983809250352 1.0
71.0 0.996775742613 1.0
object 40	1.0:1.0
103.0 0.984472056752 1.0
22.0 1.04708896437 1.0
165.0 -2.50955375397 1.0
129.0 1.03237095109 1.0
191.0 2.52369236002 1.0
125.0 0.996898294614 1.0
154.0 0.987064862893 1.0
87.0 1.01649975977 1.0
128.0 0.919941342502 1.0
199.0 3.12307332784 1.0
38.0 0.988248219009 1.0
120.0 0.979863284897 1.0
179.0 3.74937233986 1.0
32.0 1.0039759034 1.0
67.0 0.983649287023 1.0
83.0 1.06179808001 1.0
41.0 0.954877123094 1.0
121.0 0.981558817694 1.0
69.0 0.997876756075 1.0
131.0 0.984435592911 1.0
178.0 3.77800212777 1.0
36.0 1.02216378452 1.0
108.0 0.999990833215 1.0
object 41	1.0:1.0
53.0 1.02947247202 1.0
152.0 1.00088373015 1.0
142.0 0.969181404713 1.0
81.0 0.986248069696 1.0
55.0 0.98956164529 1.0
109.0 1.00759852054 1.0
59.0 0.993984915489 1.0
188.0 0.794865263944 1.0
75.0 0.983296479 1.0
110.0 1.05227434327 1.0
104.0 1.03421475738 1.0
63.0 1.01066727391 1.0
160.0 -4.10088956905 1.0
140.0 0.979573885809 1.0
66.0 1.0639947011 1.0
object 42	1.0:1.0
29.0 0.960539155588 1.0
154.0 1.01148019607 1.0
42.0 1.01478326336 1.0
115.0 0.999353591633 1.0
30.0 0.974927249665 1.0
151.0 0.987239872743 1.0
61.0 1.00311599048 1.0
147.0 1.0202009356 1.0
43.0 0.989555752376 1.0
134.0 1.02926784967 1.0
123.0 1.02700283279 1.0
100.0 0.989076929552 1.0
91.0 0.977748711431 1.0
145.0 1.01631754134 1.0
7.0 0.980728544177 1.0
89.0 1.00840773197 1.0
188.0 1.9534326946 1.0
126.0 1.0075374424 1.0
139.0 0.966134717399 1.0
176.0 1.82820800157 1.0
83.0 0.965065292719 1.0
98.0 1.01797882774 1.0
92.0 1.04061761584 1.0
65.0 0.975760548236 1.0
142.0 1.01110469115 1.0
73.0 0.975619637918 1.0
object 43	1.0:1.0
116.0 0.994692764579 1.0
30.0 1.00559907629 1.0
4.0 0.987572041115 1.0
12.0 0.994977029836 1.0
58.0 1.06164036094 1.0
39.0 1.02628519456 1.0
23.0 1.0278461371 1.0
62.0 0.993976087809 1.0
156.0 0.996760370895 1.0
190.0 -3.92152378617 1.0
173.0 3.78293555146 1.0
138.0 1.0146003619 1.0
36.0 0.983737465165 1.0
92.0 1.00293269231 1.0
150.0 0.99461803209 1.0
64.0 0.991846148244 1.0
164.0 -7.31157370582 1.0
0.0 1.04187315414 1.0
24.0 0.978129502815 1.0
178.0 3.93537841481 1.0
26.0 0.966353869635 1.0
191.0 -5.16811953146 1.0
93.0 1.02687813007 1.0
object 44	1.0:1.0
155.0 1.01713717688 1.0
169.0 -0.650681990387 1.0
75.0 1.01500078077 1.0
47.0 0.993326516959 1.0
30.0 1.00808518396 1.0
76.0 1.00717670169 1.0
167.0 2.15976159355 1.0
166.0 1.91032253858 1.0
72.0 1.00491124069 1.0
129.0 1.01578808549 1.0
180.0 2.91963619647 1.0
187.0 4.55790362188 1.0
135.0 0.995954347649 1.0
119.0 1.03207793239 1.0
110.0 1.04381890953 1.0
1.0 1.01098373809 1.0
43.0 0.942227380555 1.0
133.0 0.989474710636 1.0
17.0 0.994528559785 1.0
195.0 -4.29501748912 1.0
object 45	1.0:1.0
13.0 1.00174779174 1.0
39.0 1.03360137962 1.0
84.0 0.992665889821 1.0
192.0 4.44636632873 1.0
116.0 0.983360682675 1.0
124.0 1.00203061941 1.0
191.0 4.04411087761 1.0
196.0 1.27238882929 1.0
65.0 0.974365087272 1.0
100.0 0.978614459108 1.0
165.0 4.1248792992 1.0
35.0 1.00415201454 1.0
89.0 0.995674081543 1.0
90.0 0.9981275318 1.0
168.0 -0.394434441123 1.0
172.0 2.44062195491 1.0
98.0 1.00593843752 1.0
82.0 0.993175601204 1.0
26.0 1.03805811954 1.0
186.0 -1.20120474111 1.0
166.0 2.1983332804 1.0
129.0 0.946804371995 1.0
33.0 0.991943681365 1.0
object 46	1.0:1.0
4.0 0.999424232031 1.0
105.0 0.961895993878 1.0
183.0 -4.73681575016 1.0
85.0 1.02430470037 1.0
145.0 0.9831076724 1.0
136.0 0.970355965045 1.0
34.0 0.973285688696 1.0
160.0 5.19112608027 1.0
6.0 1.00463823208 1.0
39.0 1.00412874586 1.0
25.0 0.98104170698 1.0
188.0 2.37244593926 1.0
165.0 3.79209029233 1.0
21.0 1.01115219373 1.0
77.0 1.05266460849 1.0
13.0 0.985623370352 1.0
49.0 0.980656994851 1.0
92.0 1.05201399615 1.0
176.0 4.65470702941 1.0
157.0 0.995798865763 1.0
24.0 0.990097916666 1.0
154.0 1.00056324101 1.0
object 47	1.0:1.0
45.0 1.00715588582 1.0
119.0 1.01569003676 1.0
65.0 0.953885233231 1.0
89.0 1.00210352451 1.0
167.0 -1.66516974733 1.0
189.0 -0.963316140429 1.0
98.0 0.998894038915 1.0
154.0 0.997274819986 1.0
9.0 0.943585214738 1.0
150.0 1.00098780182 1.0
171.0 9.78652315564 1.0
1.0 1.01203599875 1.0
74.0 0.9489919582 1.0
73.0 0.967313495045 1.0
149.0 0.980871611886 1.0
5.0 0.982323140276 1.0
103.0 1.05185643768 1.0
10.0 1.00878013998 1.0
91.0 1.04525074131 1.0
67.0 0.973693596774 1.0
object 48	1.0:1.0
59.0 0.983961977268 1.0
87.0 1.00272288909 1.0
112.0 0.966453347969 1.0
6.0 0.965101933688 1.0
50.0 0.994349325467 1.0
8.0 0.99785736585 1.0
123.0 1.00156872095 1.0
85.0 0.993019284946 1.0
167.0 8.46365013824 1.0
18.0 0.959980399585 1.0
89.0 1.00057093827 1.0
29.0 0.955854047065 1.0
46.0 0.972438017781 1.0
126.0 1.00862501834 1.0
194.0 -2.77428145279 1.0
35.0 1.02463598274 1.0
object 49	1.0:1.0
110.0 0.945886931309 1.0
55.0 0.988284905268 1.0
62.0 0.998336809404 1.0
16.0 1.03495121139 1.0
188.0 1.50383775294 1.0
116.0 1.01795957347 1.0
182.0 6.45089928485 1.0
118.0 1.01691682295 1.0
94.0 1.01383695639 1.0
88.0 0.982493704029 1.0
173.0 -3.87915820078 1.0
71.0 0.969945652953 1.0
166.0 1.77383792789 1.0
73.0 0.989058336213 1.0
57.0 0.978225709863 1.0
117.0 0.996400982784 1.0
175.0 2.74244088332 1.0
23.0 1.01176008974 1.0
143.0 1.00689673438 1.0
178.0 -2.74936010081 1.0
object 50	1.0:0.5 5.20973123009:0.5
117.0 5.23983516135 1.0
1.0 0.965859924129 0.0
127.0 5.21326821195 1.0
34.0 5.24160715265 1.0
179.0 -5.02903055914 0.0
14.0 1.03446899868 0.0
189.0 4.35624331971 0.0
51.0 0.969365366415 0.0
66.0 0.956225636033 0.0
182.0 0.707209770392 0.0
196.0 1.68322201413 0.0
57.0 0.991676714854 0.0
54.0 0.991772962903 0.0
88.0 5.29210136263 1.0
73.0 0.985262034332 0.0
109.0 0.98305329085 0.0
126.0 0.905561681865 0.0
91.0 0.953417893187 0.0
object 51	1.0:0.5 -9.70945011686:0.5
146.0 1.01235963839 0.0
72.0 -9.67968723882 1.0
162.0 -7.81580660629 1.0
0.0 1.01823168588 0.0
5.0 1.04340762721 0.0
74.0 -9.7644352816 1.0
163.0 -8.62751978108 1.0
76.0 -9.73026065675 1.0
48.0 -9.62693495761 1.0
131.0 -9.6989545522 1.0
198.0 2.74140425681 0.0
64.0 -9.7280552813 1.0
86.0 -9.7685085226 1.0
123.0 -9.6891190688 1.0
107.0 0.971361986894 0.0
164.0 -10.1978101835 1.0
68.0 1.07618204088 0.0
object 52	1.0:0.5 10.8015286379:0.5
69.0 10.8042046275 1.0
47.0 1.04648298249 0.0
49.0 10.7482816007 1.0
43.0 10.8307049441 1.0
41.0 10.6975103524 1.0
149.0 1.00913823896 0.0
56.0 0.988472953204 0.0
81.0 1.03117736678 0.0
103.0 10.7485871347 1.0
96.0 10.813416989 1.0
50.0 1.06606433368 0.0
132.0 10.7680113945 1.0
143.0 10.7809932715 1.0
187.0 -0.942086251931 1.0
196.0 0.172830240823 0.0
139.0 10.8657891875 1.0
object 53	1.0:0.5 -14.7186948976:0.5
67.0 -14.77253132 1.0
123.0 -14.7558459058 1.0
173.0 2.38389216111 0.0
14.0 1.0409966304 0.0
66.0 1.02117017957 0.0
50.0 -14.7626196049 1.0
78.0 1.04565599886 0.0
4.0 -14.6974009037 1.0
117.0 0.968821050527 0.0
139.0 -14.7795167855 1.0
64.0 1.11959486159 0.0
36.0 -14.6205174145 1.0
164.0 2.95418837966 0.0
10.0 1.11640616831 0.0
object 54	1.0:0.5 -8.32146549986:0.5
151.0 -8.26608024126 1.0
51.0 -8.38675989933 1.0
141.0 1.03753441194 0.0
124.0 0.990215724812 0.0
114.0 0.944009417453 0.0
165.0 -7.75546334582 1.0
78.0 1.00313816964 0.0
158.0 -8.31005165573 1.0
175.0 -7.58554598304 1.0
192.0 -8.29689673466 1.0
109.0 0.908747331388 0.0
172.0 -1.97356959916 0.0
173.0 2.37711546666 0.0
108.0 0.967784582239 0.0
149.0 0.99923961992 0.0
161.0 4.64079084913 0.0
53.0 -8.32265953884 1.0
132.0 -8.30112909976 1.0
135.0 -8.26218058735 1.0
7.0 -8.36937906381 1.0
object 55	1.0:0.5 -3.74530743228:0.5
134.0 -3.7730395686 1.0
44.0 1.03455566768 0.0
67.0 -3.77855158477 1.0
98.0 1.06631557454 0.0
94.0 0.980951319988 0.0
120.0 -3.7204569774 1.0
121.0 1.04076208906 0.0
59.0 0.933397897472 0.0
187.0 -2.51039857526 0.0
83.0 -3.75086237798 1.0
82.0 1.04170808809 0.0
54.0 -3.72356962846 1.0
182.0 -8.58640870975 0.0
89.0 -3.82062949937 1.0
129.0 1.09929855306 0.0
109.0 1.05471394098 0.0
180.0 3.48118202678 0.0
86.0 0.91059702993 0.0
100.0 -3.78136401985 1.0
48.0 1.03176541955 0.0
102.0 1.02695732404 0.0
5.0 -3.7423447895 1.0
55.0 1.10253718964 0.0
12.0 -3.65769620436 1.0
66.0 1.06170971994 0.0
76.0 -3.69427724172 1.0
object 56	1.0:0.5 12.2318272238:0.5
76.0 1.09679608881 0.0
61.0 12.256734024 1.0
27.0 12.1889261488 1.0
123.0 0.997445234532 0.0
194.0 11.7931562435 1.0
6.0 12.2427551978 1.0
81.0 12.3089120901 1.0
129.0 1.00711986509 0.0
159.0 0.959758199538 0.0
128.0 12.2802778959 1.0
14.0 12.1920186457 1.0
42.0 1.05301922388 0.0
36.0 1.03222610053 0.0
141.0 0.963984531198 0.0
object 57	1.0:0.5 0.963930676326:0.5
150.0 0.9873537902 0.0
20.0 0.992544878255 0.0
167.0 -0.213306093816 1.0
46.0 1.01270336733 1.0
161.0 -6.37834595175 1.0
189.0 2.02863874255 0.0
44.0 1.03678051005 0.0
74.0 1.05955484803 1.0
36.0 0.942455898855 1.0
75.0 0.973105512631 1.0
125.0 0.939454236324 0.0
194.0 4.39390011948 0.0
115.0 1.00775476142 1.0
77.0 1.01937787807 0.0
121.0 1.02025567994 1.0
11.0 1.06038620642 0.0
51.0 0.933784320586 1.0
10.0 0.946091045657 0.0
29.0 1.01225109255 0.0
object 58	1.0:0.5 14.7466647756:0.5
47.0 14.7346392032 1.0
155.0 14.7304809112 1.0
22.0 1.00238234416 0.0
130.0 14.7742080301 1.0
111.0 14.7750991957 1.0
109.0 0.947724423576 0.0
46.0 14.7666433172 1.0
145.0 14.7383785739 1.0
193.0 12.4332124759 1.0
116.0 14.677605885 1.0
29.0 14.7030483243 1.0
102.0 14.7370777185 1.0
195.0 3.25836720993 0.0
77.0 0.975085210535 0.0
190.0 14.6442697045 1.0
57.0 14.786069799 1.0
163.0 14.6911496751 1.0
91.0 14.7374803102 1.0
81.0 1.08896177937 0.0
41.0 1.01399826056 0.0
24.0 0.982516696855 0.0
198.0 -1.28953446728 0.0
105.0 0.995986470363 0.0
188.0 14.3960952865 1.0
object 59	1.0:0.5 3.43600570809:0.5
17.0 0.90484334281 0.0
24.0 1.03177099581 0.0
166.0 3.39911262522 1.0
183.0 0.442348464613 1.0
47.0 1.02732996084 0.0
35.0 1.06464626839 0.0
6.0 1.06437550969 0.0
96.0 3.41725308533 1.0
159.0 1.09438937559 0.0
145.0 1.10772723663 0.0
179.0 -3.61193831672 1.0
190.0 -1.30751545756 0.0
161.0 6.01421904196 1.0
175.0 2.81741629132 1.0
9.0 1.00079098618 0.0
48.0 1.0218839692 0.0
object 60	1.0:0.5 13.7786807142:0.5
156.0 13.7031650834 1.0
34.0 13.8256289277 1.0
196.0 1.49393266602 0.0
126.0 1.09460740299 0.0
2.0 1.02867477609 0.0
40.0 1.00497632568 0.0
136.0 13.7537601583 1.0
56.0 13.8511464129 1.0
78.0 13.8445307655 1.0
92.0 13.8051310058 1.0
104.0 13.7812201958 1.0
106.0 1.02516269835 0.0
142.0 1.00107644911 0.0
72.0 0.998740487459 0.0
144.0 13.8545380308 1.0
9.0 0.918847372697 0.0
122.0 13.787553647 1.0
175.0 15.2015802971 1.0
84.0 0.941688080199 0.0
190.0 11.8773188802 1.0
90.0 0.99841755593 0.0
24.0 0.959089976623 0.0
77.0 13.6661041737 1.0
object 61	1.0:0.5 7.85817851919:0.5
60.0 7.86528565564 1.0
23.0 7.80486512177 1.0
140.0 7.82826532494 1.0
165.0 11.3723072699 1.0
91.0 0.997615218688 0.0
175.0 0.278252720379 0.0
9.0 0.875011428244 0.0
177.0 8.82628868186 1.0
25.0 7.85331727385 1.0
22.0 1.03502099973 0.0
object 62	1.0:0.5 -16.4445514669:0.5
75.0 1.03902773302 0.0
30.0 0.944558353278 0.0
188.0 1.85558652964 0.0
162.0 4.26709614672 0.0
70.0 -16.530888191 1.0
72.0 -16.4197637948 1.0
85.0 -16.5820170908 1.0
21.0 -16.3940395662 1.0
28.0 -16.3620284101 1.0
93.0 -16.4084159348 1.0
145.0 -16.4400977019 1.0
133.0 0.886140203235 0.0
189.0 -2.87159058905 0.0
26.0 -16.4268941788 1.0
73.0 0.944189523753 0.0
129.0 -16.4461673814 1.0
38.0 -16.4519525965 1.0
object 63	1.0:0.5 3.18740038246:0.5
94.0 0.996336119563 0.0
89.0 3.19843893865 1.0
165.0 0.531481622519 1.0
39.0 1.01865726365 0.0
125.0 1.04929667142 0.0
28.0 3.15511758429 1.0
52.0 3.15880695465 1.0
37.0 1.11587928823 0.0
71.0 0.952076715546 0.0
176.0 3.9040807901 1.0
150.0 1.05017521174 0.0
117.0 1.01254292405 0.0
88.0 3.19649652648 1.0
84.0 3.10746339381 1.0
132.0 3.25295838509 1.0
object 64	1.0:0.5 -1.19917065041:0.5
46.0 1.07618160222 0.0
57.0 -1.21681046861 1.0
134.0 1.01474300726 0.0
92.0 1.01604987674 0.0
106.0 -1.11902049953 1.0
130.0 0.971259281601 0.0
24.0 -1.13529723504 1.0
97.0 1.06973685249 0.0
52.0 0.914031734891 0.0
117.0 1.0260796297 0.0
65.0 -1.19537811699 1.0
105.0 1.00572928084 0.0
85.0 0.96843005344 0.0
40.0 -1.18661348539 1.0
150.0 0.987497622681 0.0
168.0 -0.834895889716 1.0
object 65	1.0:0.5 9.45342889504:0.5
141.0 9.40330715538 1.0
29.0 1.04545383895 0.0
135.0 1.00463678606 0.0
44.0 1.00512718867 0.0
105.0 0.992798124833 0.0
168.0 0.045851571565 0.0
190.0 7.77536599553 1.0
22.0 9.4359731741 1.0
85.0 0.970721143226 0.0
165.0 10.5654295148 1.0
134.0 9.50407352878 1.0
76.0 9.55745293346 1.0
41.0 1.11050477518 0.0
82.0 1.07844377881 0.0
60.0 9.50407351703 1.0
102.0 9.39428206033 1.0
136.0 9.50100821636 1.0
20.0 1.14777826414 0.0
119.0 9.53319510073 1.0
139.0 1.03886859441 0.0
94.0 1.03909146286 0.0
148.0 0.977265814502 0.0
object 66	1.0:0.5 -10.1542401168:0.5
95.0 1.00744848785 0.0
72.0 1.01437360131 0.0
149.0 1.00109552124 0.0
12.0 1.02959674408 0.0
163.0 -9.53845118134 1.0
15.0 0.997366017657 0.0
26.0 0.909598074465 0.0
192.0 1.10975687478 0.0
35.0 -10.188875418 1.0
143.0 -10.2183107531 1.0
63.0 -10.1028806408 1.0
122.0 -10.1396679449 1.0
68.0 -10.1197274096 1.0
85.0 1.04229363245 0.0
56.0 0.985789613008 0.0
183.0 -1.84085888343 1.0
40.0 -10.1885557653 1.0
157.0 -10.1565236229 1.0
8.0 0.963042375924 0.0
118.0 -10.1673133054 1.0
142.0 -10.2081074292 1.0
120.0 0.951397973491 0.0
object 67	1.0:0.5 6.4021812256:0.5
191.0 0.381383595488 1.0
28.0 6.40181626983 1.0
173.0 8.64250121786 1.0
138.0 0.997864930736 0.0
172.0 -3.71494532269 1.0
39.0 6.46618278566 1.0
183.0 4.86060077549 1.0
145.0 1.01037400446 0.0
47.0 1.06319828058 0.0
143.0 6.38974757008 1.0
89.0 6.47690835545 1.0
95.0 6.44360068377 1.0
31.0 0.992806451017 0.0
175.0 2.90530130375 0.0
26.0 0.987071991715 0.0
151.0 6.47241043862 1.0
113.0 6.48446748885 1.0
91.0 6.27281558801 1.0
41.0 6.40503884823 1.0
2.0 0.972322554286 0.0
18.0 6.41707686162 1.0
116.0 6.33719525168 1.0
16.0 6.37577986601 1.0
106.0 6.35633958621 1.0
123.0 6.41382308668 1.0
144.0 0.955474933634 0.0
object 68	1.0:0.5 10.2591349946:0.5
154.0 0.979164110309 0.0
45.0 0.983432051799 0.0
167.0 10.6683889972 1.0
28.0 10.2622467549 1.0
93.0 10.253043442 1.0
152.0 0.984022962414 0.0
3.0 10.2142403227 1.0
33.0 10.1924578078 1.0
46.0 0.952153512855 0.0
191.0 7.50160757073 1.0
157.0 0.961165775442 0.0
60.0 10.2353644477 1.0
84.0 1.00142354696 0.0
149.0 10.2560610019 1.0
44.0 10.3056133924 1.0
189.0 0.610026501052 0.0
192.0 11.5531749199 1.0
12.0 0.992746203707 0.0
79.0 1.08939787915 0.0
97.0 10.1936753437 1.0
59.0 0.979652662677 0.0
78.0 10.2481013569 1.0
object 69	1.0:0.5 2.32019865353:0.5
55.0 1.07113200434 0.0
12.0 2.25581933541 1.0
9.0 0.999942464015 0.0
85.0 2.26499213547 1.0
198.0 4.51823144206 1.0
128.0 2.27616841322 1.0
195.0 3.22982759852 1.0
22.0 2.26252152182 1.0
96.0 2.32352193775 1.0
108.0 2.25407252368 1.0
138.0 2.35218197519 1.0
97.0 2.24230905913 1.0
199.0 3.84957447002 1.0
141.0 2.37789299167 1.0
43.0 2.29991385594 1.0
88.0 0.994426566695 0.0
29.0 1.07875997735 0.0
2.0 2.34946600735 1.0
90.0 0.969649240142 0.0
70.0 2.23802107428 1.0
3.0 0.972214162605 0.0
object 70	1.0:0.5 -3.23457622453:0.5
129.0 -3.27864335981 1.0
170.0 6.25324537358 0.0
177.0 -3.12231850211 0.0
14.0 0.933824163702 0.0
176.0 2.43686762675 0.0
158.0 -3.26925537655 1.0
113.0 -3.20565705582 1.0
48.0 -3.24702698309 1.0
140.0 0.959216504278 0.0
31.0 0.963152820897 0.0
16.0 -3.25085879691 1.0
92.0 1.0221597146 0.0
66.0 1.02124979379 0.0
144.0 0.914679498385 0.0
75.0 -3.22214505954 1.0
59.0 0.98159420609 0.0
object 71	1.0:0.5 9.98584254391:0.5
65.0 9.98438359836 1.0
135.0 10.0205588443 1.0
60.0 9.98150038001 1.0
105.0 0.947213694127 0.0
136.0 9.94382793965 1.0
13.0 1.02005763423 0.0
31.0 9.8728553871 1.0
191.0 6.92171597689 1.0
77.0 10.0091617775 1.0
106.0 0.983239953536 0.0
151.0 10.0030081639 1.0
161.0 13.6242948152 1.0
74.0 10.0675611864 1.0
22.0 0.921524926332 0.0
15.0 1.04161828869 0.0
96.0 1.00172311746 0.0
object 72	1.0:0.5 -3.72150103654:0.5
175.0 3.46213104556 0.0
1.0 0.986416561736 0.0
17.0 1.04659216169 0.0
78.0 0.955047827982 0.0
23.0 0.901973151701 0.0
142.0 0.987551714931 0.0
57.0 -3.6224829495 1.0
96.0 1.05238422124 0.0
115.0 1.00112009506 0.0
189.0 -2.09952713175 0.0
150.0 -3.63369161557 1.0
180.0 3.31250386091 0.0
126.0 0.975723848164 0.0
27.0 -3.66808225786 1.0
167.0 -2.5755769641 0.0
122.0 0.972144081133 0.0
112.0 0.989193794825 0.0
117.0 0.974828148678 0.0
99.0 -3.80068252022 1.0
object 73	1.0:0.5 -9.23415087363:0.5
45.0 -9.23909534665 1.0
4.0 1.02945428578 0.0
32.0 1.02001973189 0.0
35.0 1.02841405479 0.0
134.0 0.990371187897 0.0
41.0 -9.24453589523 1.0
98.0 0.991195754646 0.0
1.0 -9.32688078766 1.0
193.0 2.24807114638 0.0
153.0 -9.24805297072 1.0
95.0 0.977258895826 0.0
101.0 -9.1965696423 1.0
10.0 -9.27788888831 1.0
56.0 -9.25993764014 1.0
74.0 0.880919389343 0.0
object 74	1.0:0.5 -9.13941489038:0.5
90.0 -9.19521621964 1.0
13.0 1.09883409208 0.0
139.0 0.991845429133 0.0
193.0 -7.68576359732 1.0
178.0 3.17614471462 0.0
69.0 -9.19114899033 1.0
99.0 1.07455285487 0.0
85.0 -9.13044900484 1.0
89.0 1.02614590002 0.0
137.0 0.995492176289 0.0
109.0 0.960778521954 0.0
1.0 -9.07717813002 1.0
101.0 -9.16284487838 1.0
38.0 0.868890936226 0.0
131.0 0.911634542408 0.0
194.0 -0.0270802143556 0.0
54.0 -9.14358852915 1.0
8.0 0.988536797171 0.0
40.0 0.983705802452 0.0
80.0 1.03299372997 0.0
75.0 1.0384712033 0.0
175.0 -11.7772218571 1.0
111.0 -9.18470796893 1.0
27.0 0.992478757072 0.0
object 75	1.0:0.5 27.414111916:0.5
19.0 1.03038937211 0.0
59.0 0.976043612815 0.0
143.0 27.4850165192 1.0
6.0 0.989100548831 0.0
140.0 1.06126648402 0.0
75.0 0.87711743329 0.0
31.0 1.00900700367 0.0
192.0 -2.51678493177 0.0
188.0 2.25804445803 0.0
7.0 27.4330879132 1.0
45.0 0.958428869882 0.0
157.0 0.987784658787 0.0
112.0 1.01049462431 0.0
85.0 27.3634327773 1.0
66.0 1.04228378357 0.0
71.0 27.4111309637 1.0
172.0 -1.61946382563 0.0
138.0 27.4626908804 1.0
117.0 1.02319246359 0.0
78.0 27.4404180011 1.0
111.0 27.3856431485 1.0
101.0 1.048977152 0.0
object 76	1.0:0.5 -0.514888594173:0.5
199.0 -1.33122409907 1.0
64.0 -0.517977002059 1.0
130.0 -0.436063492844 1.0
15.0 0.957848168387 0.0
149.0 1.11415905826 0.0
25.0 1.03375863123 0.0
106.0 0.96480007825 0.0
37.0 1.02223769578 0.0
140.0 1.06157984817 0.0
114.0 0.915504943746 0.0
69.0 1.0174117003 0.0
123.0 -0.364348866183 1.0
161.0 -2.42179046414 0.0
17.0 -0.512640704232 1.0
10.0 1.07729343158 0.0
181.0 1.16698371394 0.0
86.0 1.03600099247 0.0
object 77	1.0:0.5 -15.8142467334:0.5
145.0 -15.8275999392 1.0
130.0 -15.8507931565 1.0
89.0 -15.8222504854 1.0
118.0 1.07724611914 0.0
181.0 -17.2060271312 1.0
34.0 0.92087554827 0.0
161.0 0.631359807492 0.0
176.0 1.45921726642 0.0
38.0 1.01107760946 0.0
111.0 -15.7980113123 1.0
186.0 -15.7824437092 1.0
31.0 1.04352353597 0.0
160.0 -22.5649719209 1.0
91.0 -15.7178482358 1.0
172.0 -18.7364932738 1.0
62.0 -15.7582598317 1.0
177.0 -11.7568471747 1.0
178.0 -14.0599848698 1.0
26.0 -15.7651573947 1.0
21.0 0.966925610018 0.0
121.0 1.05108340078 0.0
124.0 1.04072705031 0.0
184.0 -16.5996927884 1.0
171.0 -13.6107618635 1.0
39.0 0.999899374604 0.0
object 78	1.0:0.5 -8.92526027527:0.5
83.0 -8.87003153363 1.0
17.0 -8.85717724542 1.0
196.0 2.07148685091 0.0
132.0 1.02215436345 0.0
104.0 1.00254460999 0.0
21.0 -8.8783244336 1.0
59.0 -8.91389855271 1.0
62.0 -8.99001259473 1.0
87.0 0.981838828185 0.0
77.0 -8.9519609011 1.0
79.0 -8.87329080584 1.0
194.0 -8.31880941306 1.0
49.0 -8.95836113356 1.0
198.0 -14.1141739502 1.0
99.0 0.990567903334 0.0
22.0 -9.02001011707 1.0
24.0 1.01301937223 0.0
object 79	1.0:0.5 -9.95222316089:0.5
61.0 0.945684935579 0.0
113.0 -9.98412571613 1.0
71.0 -10.0469517233 1.0
43.0 1.08248061182 0.0
107.0 1.01357779726 0.0
197.0 3.07269134487 0.0
40.0 -9.91067910508 1.0
94.0 1.00658014621 0.0
143.0 0.931542107301 0.0
5.0 1.03342073676 0.0
153.0 0.921236464079 0.0
31.0 1.02022244056 0.0
187.0 -5.89595022893 0.0
150.0 0.9415683349 0.0
91.0 0.996297982102 0.0
164.0 1.39616991492 0.0
50.0 0.989276005143 0.0
object 80	1.0:0.5 5.50892218039:0.5
15.0 1.03518426537 0.0
145.0 0.95588946136 0.0
115.0 5.55050632555 1.0
129.0 1.08252594674 0.0
67.0 5.48390852009 1.0
84.0 1.01650961411 0.0
51.0 1.04614510425 0.0
168.0 -4.72572374225 0.0
116.0 5.49610689568 1.0
124.0 0.993686180482 0.0
16.0 0.969772907328 0.0
object 81	1.0:0.5 4.94028590809:0.5
4.0 4.90480141139 1.0
37.0 0.990880113546 0.0
70.0 1.00087527744 0.0
179.0 2.86682943965 1.0
184.0 8.39235371802 1.0
166.0 2.83078576511 0.0
176.0 3.13860096857 0.0
13.0 1.04985952765 0.0
34.0 4.96405743539 1.0
56.0 0.996143959576 0.0
11.0 1.05979721013 0.0
124.0 4.91840034911 1.0
62.0 1.03678218623 0.0
193.0 1.72362820082 0.0
53.0 4.95722182322 1.0
object 82	1.0:0.5 17.3287698606:0.5
118.0 17.3324154534 1.0
69.0 0.933252034713 0.0
143.0 1.03368417218 0.0
87.0 17.378454626 1.0
97.0 17.396374414 1.0
196.0 13.6662575832 1.0
75.0 17.2951742152 1.0
166.0 0.71223503236 0.0
36.0 17.3682461286 1.0
21.0 0.948768734309 0.0
35.0 17.4057994289 1.0
31.0 17.3019836994 1.0
127.0 17.3927231702 1.0
141.0 17.4148613187 1.0
136.0 0.95034329578 0.0
89.0 0.960010710183 0.0
170.0 0.0756462540737 0.0
58.0 17.26096976 1.0
88.0 0.972123446183 0.0
50.0 17.3443155976 1.0
92.0 17.4039268003 1.0
190.0 17.9491727589 1.0
154.0 17.3461396664 1.0
object 83	1.0:0.5 2.6813626945:0.5
105.0 2.66137763906 1.0
108.0 2.6008467747 1.0
99.0 2.66888990895 1.0
138.0 1.03659036841 0.0
175.0 1.04182723165 1.0
55.0 1.01171364269 0.0
135.0 2.68037105452 1.0
170.0 7.8935927876 1.0
196.0 5.94243367098 0.0
43.0 0.971287496043 0.0
68.0 0.973153785778 0.0
141.0 2.80010193885 1.0
object 84	1.0:0.5 19.5621247375:0.5
138.0 19.5412363288 1.0
183.0 11.1954414755 1.0
163.0 19.2999819395 1.0
107.0 0.911870645486 0.0
76.0 19.5673461738 1.0
68.0 0.968457350729 0.0
167.0 -9.95108432341 0.0
29.0 19.5690713462 1.0
99.0 19.5209783597 1.0
105.0 0.967576061913 0.0
66.0 1.04796047322 0.0
161.0 2.68669254999 0.0
188.0 2.56212884878 0.0
58.0 19.6047803255 1.0
0.0 1.01405057505 0.0
object 85	1.0:0.5 2.17523017144:0.5
68.0 2.11367334345 1.0
49.0 2.14251602413 1.0
121.0 0.991157660384 0.0
193.0 0.481059101824 0.0
31.0 2.26261300089 1.0
53.0 1.02081286126 0.0
98.0 2.18736541512 1.0
20.0 2.10763311248 1.0
113.0 0.997452669863 0.0
126.0 0.991302171261 0.0
124.0 2.19750563847 1.0
112.0 2.18934889665 1.0
62.0 2.18118114893 1.0
147.0 1.09032140637 0.0
1.0 2.17637590422 1.0
91.0 0.985863350599 0.0
137.0 2.19100704267 1.0
172.0 -4.64386055191 1.0
63.0 1.0278829412 0.0
71.0 2.19264962688 1.0
128.0 2.192804841 1.0
116.0 2.12197843315 1.0
35.0 2.13206234368 1.0
187.0 -2.45117931545 0.0
73.0 2.17541648496 1.0
134.0 2.1691530986 1.0
125.0 0.831972795846 0.0
13.0 0.976624528841 0.0
194.0 -0.000350268754689 0.0
object 86	1.0:0.5 8.0642916756:0.5
179.0 15.8714719997 1.0
168.0 -1.71137327585 0.0
64.0 0.958904123728 0.0
146.0 8.06700838081 1.0
58.0 8.0447436976 1.0
51.0 8.06201729064 1.0
54.0 0.984819805105 0.0
198.0 8.31228826378 1.0
111.0 0.933203505541 0.0
90.0 8.08497263714 1.0
151.0 1.07411491155 0.0
17.0 0.944103204493 0.0
1.0 0.911964929737 0.0
118.0 1.04411959784 0.0
194.0 1.27538274209 0.0
28.0 0.988477954748 0.0
59.0 1.02336780593 0.0
173.0 1.64617835016 0.0
109.0 0.952404507271 0.0
148.0 8.11863436391 1.0
133.0 0.972844722683 0.0
object 87	1.0:0.5 1.30983252776:0.5
108.0 1.37826692732 1.0
190.0 2.78319614306 0.0
6.0 1.03368963604 0.0
152.0 1.29263620137 1.0
138.0 0.98248918282 0.0
55.0 1.28454477587 1.0
180.0 5.2574463659 1.0
38.0 1.01691296816 0.0
160.0 1.63494077355 1.0
140.0 1.34352107327 1.0
199.0 -0.339386765159 1.0
object 88	1.0:0.5 -1.38672669433:0.5
11.0 0.956316371418 0.0
86.0 -1.3826880945 1.0
109.0 0.962336500035 0.0
157.0 0.914306230424 0.0
127.0 0.952731056093 0.0
8.0 -1.38505541095 1.0
166.0 -0.834714002862 0.0
72.0 -1.40872144164 1.0
115.0 1.00368299497 0.0
160.0 -1.75914411275 1.0
143.0 1.02896914456 0.0
116.0 0.958261348941 0.0
69.0 -1.30939587975 1.0
17.0 0.997217896743 0.0
16.0 -1.40586935789 1.0
195.0 -4.8617255638 1.0
65.0 -1.36570870432 1.0
106.0 1.0761402233 0.0
23.0 1.04296786419 0.0
54.0 -1.42719092288 1.0
object 89	1.0:0.5 8.03359216717:0.5
187.0 7.7195188525 1.0
13.0 1.02250380472 0.0
104.0 8.05152993526 1.0
34.0 0.978754792723 0.0
37.0 1.04110945722 0.0
61.0 8.0317960072 1.0
7.0 8.06684633628 1.0
141.0 8.03781977089 1.0
192.0 7.10134841651 1.0
113.0 7.99799586605 1.0
129.0 8.02792451115 1.0
123.0 8.09167439108 1.0
100.0 0.92933444548 0.0
41.0 0.960765240117 0.0
object 90	1.0:0.5 14.7069519939:0.5
91.0 14.7023397365 1.0
191.0 19.3603287623 1.0
44.0 1.02559311291 0.0
144.0 14.6605481429 1.0
159.0 0.979910975955 0.0
10.0 1.01373594935 0.0
118.0 0.968507611189 0.0
76.0 14.6508557345 1.0
71.0 0.936719281238 0.0
174.0 16.2952984355 1.0
70.0 0.950958533625 0.0
110.0 0.967067990538 0.0
179.0 8.46705022989 1.0
188.0 16.1240359091 1.0
2.0 1.04050606422 0.0
126.0 14.6047508257 1.0
141.0 14.7440995027 1.0
object 91	1.0:0.5 20.6769414216:0.5
17.0 1.0636900215 0.0
176.0 24.474737879 1.0
75.0 20.6305381425 1.0
46.0 1.0440656646 0.0
8.0 20.7407627708 1.0
142.0 20.6141419682 1.0
53.0 0.943212579111 0.0
119.0 1.03864704259 0.0
55.0 20.7087592815 1.0
112.0 1.03572965282 0.0
111.0 20.6642517766 1.0
34.0 1.04230104779 0.0
136.0 1.0212515477 0.0
152.0 1.00219190684 0.0
58.0 0.991623117513 0.0
104.0 0.999968848765 0.0
183.0 -3.6386436015 0.0
25.0 0.870371467822 0.0
179.0 -0.910670347567 0.0
33.0 1.02749180209 0.0
108.0 20.5914786683 1.0
145.0 0.946522314696 0.0
object 92	1.0:0.5 4.15613589972:0.5
123.0 4.10669492524 1.0
158.0 4.12662887108 1.0
37.0 0.972769999461 0.0
54.0 4.18913629665 1.0
34.0 1.03897166827 0.0
187.0 -8.84101780221 0.0
142.0 4.14920552661 1.0
168.0 4.47105361236 0.0
73.0 4.20514559527 1.0
59.0 4.24332733412 1.0
57.0 0.93954077659 0.0
184.0 -0.0293028474058 0.0
21.0 4.16064748489 1.0
46.0 0.933074964355 0.0
186.0 4.70989936 1.0
99.0 4.23739076387 1.0
79.0 4.09258639325 1.0
132.0 4.16758513386 1.0
85.0 4.17750185929 1.0
object 93	1.0:0.5 10.1103832111:0.5
194.0 1.20489875874 0.0
103.0 10.1078459069 1.0
155.0 0.971563671959 0.0
47.0 0.94738155495 0.0
81.0 10.2283745465 1.0
160.0 -1.19810353664 0.0
143.0 10.1208560997 1.0
118.0 1.01400422743 0.0
119.0 0.926948747105 0.0
41.0 10.120671505 1.0
157.0 10.1245678134 1.0
193.0 0.762072536051 0.0
85.0 0.930460578886 0.0
7.0 10.0955335723 1.0
67.0 0.972746106641 0.0
186.0 7.34025455106 1.0
object 94	1.0:0.5 2.91084303501:0.5
93.0 1.027797083 0.0
41.0 1.02484165715 0.0
63.0 1.02145851887 0.0
133.0 2.92121579114 1.0
167.0 1.088197263 1.0
4.0 1.04990817782 0.0
81.0 1.0704628538 0.0
92.0 1.10879386253 0.0
20.0 1.011429637 0.0
72.0 2.9819550733 1.0
119.0 1.01037588004 0.0
137.0 0.997918096372 0.0
60.0 3.01051666597 1.0
131.0 3.00781374416 1.0
129.0 2.95504551754 1.0
146.0 1.01116888478 0.0
80.0 1.04382907004 0.0
object 95	1.0:0.5 1.16985923982:0.5
64.0 1.16465530725 1.0
100.0 1.00446874429 0.0
24.0 0.994316385654 0.0
62.0 1.13899455523 1.0
112.0 1.07114788394 0.0
146.0 1.12384250537 1.0
119.0 1.05826163287 0.0
134.0 1.04144785072 0.0
168.0 0.61879993544 1.0
189.0 3.54920629859 0.0
133.0 1.13925734846 1.0
65.0 1.00211681311 0.0
13.0 1.04209007332 0.0
object 96	1.0:0.5 5.90882308757:0.5
135.0 1.0275314537 0.0
170.0 3.28850946704 0.0
61.0 5.93577845217 1.0
146.0 0.989741770445 0.0
153.0 5.8378408412 1.0
147.0 5.93421451231 1.0
68.0 5.85082175275 1.0
12.0 0.985687590806 0.0
3.0 0.962853099331 0.0
78.0 1.04231532052 0.0
42.0 5.85669861206 1.0
26.0 5.96011082121 1.0
185.0 0.962846944821 0.0
159.0 1.02290920334 0.0
35.0 5.87778068357 1.0
123.0 5.85423161043 1.0
86.0 1.0521060572 0.0
41.0 1.0510315653 0.0
116.0 5.85982636548 1.0
98.0 5.79877792066 1.0
object 97	1.0:0.5 0.516439178862:0.5
69.0 1.06464486574 0.0
153.0 0.561507959981 1.0
131.0 0.960559208198 0.0
12.0 0.953169535835 0.0
66.0 1.07716620988 0.0
80.0 1.02484030784 0.0
11.0 0.458152229621 1.0
103.0 0.54987757872 1.0
14.0 0.584935586801 1.0
121.0 1.01993691344 0.0
90.0 0.444839326752 1.0
135.0 0.96339091087 0.0
176.0 2.08023460562 1.0
188.0 -0.595942983296 1.0
32.0 0.52672834603 1.0
object 98	1.0:0.5 7.74705852085:0.5
199.0 8.48917648664 1.0
73.0 1.04043251922 0.0
95.0 7.85997149851 1.0
120.0 1.00895180882 0.0
161.0 6.48913330385 1.0
145.0 7.77637477051 1.0
118.0 0.964535992706 0.0
138.0 1.07161983651 0.0
163.0 3.51039674154 0.0
86.0 7.73696715311 1.0
20.0 7.77794015822 1.0
88.0 7.75733098541 1.0
87.0 7.6687414318 1.0
182.0 11.6431802816 1.0
134.0 7.80928745517 1.0
184.0 10.731519532 1.0
172.0 -1.67299869327 0.0
79.0 7.74836870407 1.0
128.0 1.02761476755 0.0
object 99	1.0:0.5 4.69597889198:0.5
94.0 0.938928278708 0.0
199.0 -2.89999743224 0.0
136.0 0.993492106853 0.0
40.0 1.04833529955 0.0
145.0 4.69063929728 1.0
89.0 4.65000936963 1.0
101.0 0.97573030359 0.0
195.0 1.5070503939 1.0
18.0 4.68901172744 1.0
37.0 0.921555305693 0.0
161.0 5.55628989414 1.0
46.0 4.76471132638 1.0
