object 0	1.0:1.0
84.0 1.01771170722 1.0
52.0 1.01320208258 1.0
148.0 -1.42403434737 1.0
89.0 1.02076600688 1.0
149.0 4.34493948779 1.0
56.0 1.02033398975 1.0
8.0 0.995022190389 1.0
187.0 -3.12252071969 1.0
168.0 -1.25152246726 1.0
30.0 1.0092006887 1.0
55.0 1.02526587431 1.0
48.0 0.923975629628 1.0
170.0 3.32732130071 1.0
13.0 0.986905730633 1.0
49.0 1.0453684599 1.0
105.0 1.01395912541 1.0
118.0 0.974840385068 1.0
0.0 1.00727182636 1.0
136.0 0.904944119093 1.0
12.0 0.964942490478 1.0
135.0 0.982742551709 1.0
object 1	1.0:1.0
69.0 1.00606174381 1.0
170.0 -0.0671877603006 1.0
169.0 0.289814380512 1.0
182.0 1.95155935783 1.0
196.0 2.8012173229 1.0
17.0 0.971584514286 1.0
21.0 0.979047905335 1.0
166.0 1.83093331234 1.0
148.0 0.726743964806 1.0
190.0 0.530316813296 1.0
81.0 0.98028092912 1.0
38.0 1.03144178886 1.0
183.0 -0.410865812105 1.0
142.0 5.00971458994 1.0
58.0 0.992796754414 1.0
179.0 -0.647301271643 1.0
162.0 7.21135275526 1.0
22.0 1.03550522716 1.0
108.0 1.01113385358 1.0
130.0 0.975091959796 1.0
145.0 6.22148686957 1.0
158.0 -5.32987684507 1.0
75.0 0.987145565244 1.0
35.0 1.00304072891 1.0
146.0 0.687302251311 1.0
80.0 0.940138983093 1.0
52.0 0.964869896545 1.0
object 2	1.0:1.0
25.0 0.993222466301 1.0
99.0 0.964715163293 1.0
88.0 0.992556131407 1.0
95.0 1.05445278113 1.0
41.0 1.054063406 1.0
175.0 -7.98123269861 1.0
185.0 -0.339004023236 1.0
167.0 1.20387786183 1.0
13.0 1.03232079284 1.0
133.0 0.971740751653 1.0
152.0 2.08505395838 1.0
143.0 -0.698475336108 1.0
24.0 1.02288721424 1.0
96.0 0.962628012405 1.0
21.0 1.0050283876 1.0
54.0 1.00956870024 1.0
102.0 0.986133557853 1.0
177.0 2.4224990329 1.0
53.0 0.967321488334 1.0
159.0 -1.47798878717 1.0
0.0 1.01077105004 1.0
object 3	1.0:1.0
153.0 -2.13966015365 1.0
118.0 1.00594090648 1.0
157.0 0.956857476403 1.0
37.0 1.01572963412 1.0
46.0 1.03397520006 1.0
197.0 2.29693521128 1.0
29.0 0.916177440096 1.0
0.0 0.991027297852 1.0
77.0 1.02461743752 1.0
183.0 0.845228441304 1.0
96.0 0.966491791721 1.0
163.0 -2.56124673581 1.0
82.0 0.983310714928 1.0
161.0 -0.880619280613 1.0
186.0 0.0211719051935 1.0
object 4	1.0:1.0
104.0 0.983209210689 1.0
114.0 0.974089149814 1.0
178.0 2.75181229655 1.0
108.0 1.03001297754 1.0
8.0 0.982819038291 1.0
171.0 2.65217072231 1.0
187.0 -0.649486743605 1.0
99.0 1.0105032086 1.0
135.0 1.01176648045 1.0
93.0 0.991113575423 1.0
153.0 2.57007326572 1.0
26.0 1.01521380586 1.0
127.0 1.00071931813 1.0
154.0 4.91740945156 1.0
197.0 4.73689756314 1.0
35.0 0.972373986238 1.0
41.0 1.02113807013 1.0
1.0 0.984015320062 1.0
91.0 0.921039380191 1.0
object 5	1.0:1.0
181.0 6.35512750132 1.0
150.0 -2.94105141217 1.0
60.0 1.0029408231 1.0
12.0 0.939216067817 1.0
25.0 0.983098509327 1.0
168.0 -0.562488049742 1.0
67.0 0.998989911062 1.0
81.0 1.02265912759 1.0
133.0 1.05424882598 1.0
75.0 1.00619383782 1.0
162.0 -3.89278340216 1.0
163.0 -1.0992109322 1.0
61.0 0.99996577653 1.0
50.0 0.902926568069 1.0
51.0 0.983959388229 1.0
93.0 0.998691738146 1.0
173.0 1.84140799194 1.0
197.0 -1.63979991257 1.0
80.0 1.05862592621 1.0
40.0 0.967793625472 1.0
85.0 1.0278598439 1.0
183.0 2.07774302683 1.0
49.0 1.06124029972 1.0
52.0 0.982200110127 1.0
7.0 0.976221215239 1.0
97.0 0.986876753298 1.0
120.0 0.967611425672 1.0
object 6	1.0:1.0
124.0 0.952269435651 1.0
59.0 1.00682702679 1.0
116.0 0.974326253601 1.0
9.0 1.00441925621 1.0
84.0 0.864428572397 1.0
90.0 0.963116667124 1.0
160.0 2.97627271254 1.0
145.0 -4.40127065343 1.0
13.0 1.05257294776 1.0
61.0 1.01496217978 1.0
117.0 0.994163561239 1.0
65.0 0.940704141695 1.0
123.0 0.97065388965 1.0
149.0 3.53851129691 1.0
89.0 1.04284485633 1.0
165.0 1.31100352221 1.0
44.0 1.0072497595 1.0
object 7	1.0:1.0
167.0 -0.0542811569967 1.0
196.0 1.71900403798 1.0
7.0 0.986428859702 1.0
144.0 -2.80518486877 1.0
133.0 0.978145794936 1.0
64.0 1.00069286065 1.0
173.0 -0.572463572194 1.0
28.0 0.991645834382 1.0
193.0 -3.95879471152 1.0
40.0 1.0012983443 1.0
63.0 0.960138146195 1.0
31.0 1.00637227696 1.0
52.0 0.976934721838 1.0
24.0 1.02247563263 1.0
137.0 1.02051961761 1.0
8.0 1.03126432072 1.0
99.0 0.973029243005 1.0
18.0 0.98298106355 1.0
15.0 0.977534832584 1.0
11.0 0.989784449637 1.0
139.0 0.999381243696 1.0
103.0 1.0325933819 1.0
165.0 3.83630939589 1.0
138.0 0.994806338046 1.0
189.0 1.39928771959 1.0
object 8	1.0:1.0
199.0 -1.35572435504 1.0
89.0 1.02922104253 1.0
114.0 0.988159180009 1.0
41.0 1.003677147 1.0
51.0 1.01487790422 1.0
93.0 1.02254108502 1.0
66.0 1.03308070208 1.0
110.0 1.0114314167 1.0
198.0 -0.0634509060733 1.0
171.0 0.855883391912 1.0
33.0 1.01055150047 1.0
181.0 -1.68143234942 1.0
91.0 0.964306519041 1.0
60.0 1.0211440899 1.0
140.0 0.369515731828 1.0
163.0 1.81017197147 1.0
object 9	1.0:1.0
159.0 8.52577016578 1.0
76.0 1.03086469029 1.0
0.0 1.00579346271 1.0
7.0 0.986580520618 1.0
177.0 2.25347666762 1.0
113.0 0.996313471399 1.0
110.0 1.01162937826 1.0
107.0 1.02347658166 1.0
161.0 -4.37479267191 1.0
17.0 1.07405289446 1.0
18.0 0.978968540753 1.0
166.0 1.14419629829 1.0
175.0 -3.34474168424 1.0
object 10	1.0:1.0
83.0 0.977650145733 1.0
117.0 0.987473956138 1.0
190.0 -0.681691702529 1.0
138.0 1.07325466304 1.0
14.0 0.999595120975 1.0
147.0 -4.20343340443 1.0
137.0 1.00822251193 1.0
183.0 -2.04362217498 1.0
163.0 -0.823273676913 1.0
54.0 0.991348538231 1.0
132.0 0.978527487516 1.0
41.0 0.984120860854 1.0
22.0 1.01958828534 1.0
27.0 1.00357667879 1.0
119.0 1.03314072461 1.0
89.0 1.04474587206 1.0
106.0 0.981746729441 1.0
98.0 1.02677675668 1.0
164.0 -4.3834412667 1.0
157.0 2.7879066864 1.0
87.0 1.02307490967 1.0
11.0 0.994339614968 1.0
object 11	1.0:1.0
127.0 0.994493365012 1.0
24.0 1.01768770805 1.0
176.0 2.83695154073 1.0
131.0 1.0231596487 1.0
10.0 1.01602545861 1.0
49.0 1.0069489939 1.0
171.0 3.6914333384 1.0
14.0 0.995786623804 1.0
86.0 1.01562248209 1.0
126.0 0.956718148373 1.0
18.0 0.999843385832 1.0
107.0 0.984278743851 1.0
16.0 1.0221664628 1.0
116.0 1.06748998384 1.0
173.0 1.10591283319 1.0
143.0 1.13781817739 1.0
142.0 8.16478015248 1.0
104.0 1.00744264952 1.0
81.0 0.968751266352 1.0
41.0 1.05559014901 1.0
168.0 -3.67034363397 1.0
182.0 0.695525582716 1.0
190.0 -1.05756231198 1.0
73.0 1.03697603539 1.0
object 12	1.0:1.0
75.0 0.979624803657 1.0
12.0 1.05529670957 1.0
195.0 2.05980271702 1.0
91.0 1.00542332819 1.0
53.0 1.01668178745 1.0
171.0 2.24465428807 1.0
163.0 -1.08482154947 1.0
96.0 1.01928387328 1.0
95.0 1.00505660929 1.0
128.0 0.966207010466 1.0
60.0 1.01231359413 1.0
20.0 0.928892895654 1.0
90.0 1.01008213662 1.0
179.0 -0.992225824113 1.0
158.0 2.88203080795 1.0
99.0 0.943829380144 1.0
166.0 2.43449156652 1.0
111.0 0.978469577268 1.0
93.0 1.02144636489 1.0
78.0 0.961023903373 1.0
9.0 0.998529335167 1.0
188.0 -0.168159587363 1.0
177.0 1.076125724 1.0
object 13	1.0:1.0
140.0 1.63213014846 1.0
159.0 3.38866936294 1.0
163.0 -4.85050072247 1.0
6.0 0.928756674006 1.0
99.0 1.00697430776 1.0
190.0 2.34430717546 1.0
88.0 1.01197023266 1.0
60.0 1.0045128912 1.0
178.0 -0.39532578711 1.0
149.0 -2.06836297267 1.0
199.0 -3.42228929658 1.0
10.0 1.04518180483 1.0
36.0 0.988849398309 1.0
186.0 -1.40577536964 1.0
198.0 2.04449534965 1.0
141.0 -6.83861129404 1.0
197.0 2.55621449101 1.0
47.0 0.969233481828 1.0
174.0 0.716423063308 1.0
object 14	1.0:1.0
149.0 -8.93857118447 1.0
78.0 0.99489508236 1.0
89.0 1.04089833035 1.0
64.0 0.994189293455 1.0
172.0 2.92931122602 1.0
127.0 0.985954376884 1.0
81.0 1.00565854478 1.0
3.0 1.02401718946 1.0
117.0 1.00849642141 1.0
91.0 0.976107160458 1.0
69.0 0.997677331734 1.0
38.0 1.02199774859 1.0
194.0 -1.63463716082 1.0
169.0 -1.77104304163 1.0
111.0 1.03271425001 1.0
100.0 1.03884822044 1.0
161.0 10.3922088677 1.0
85.0 1.02492981273 1.0
object 15	1.0:1.0
138.0 0.980580279566 1.0
99.0 1.00725730247 1.0
87.0 0.992818621613 1.0
184.0 1.43724990561 1.0
60.0 0.976776999741 1.0
41.0 0.993207912117 1.0
195.0 2.44689960917 1.0
190.0 -5.08265225583 1.0
29.0 1.0245774365 1.0
66.0 0.999630269302 1.0
55.0 0.946687831868 1.0
177.0 -0.180065365512 1.0
91.0 1.05689651147 1.0
175.0 2.36352889543 1.0
43.0 0.92958950522 1.0
32.0 1.02429508194 1.0
133.0 0.952243373858 1.0
39.0 1.01665363032 1.0
158.0 0.501896721066 1.0
9.0 1.02476290908 1.0
186.0 2.39330970215 1.0
95.0 1.03741552607 1.0
121.0 1.0455612815 1.0
187.0 4.40754285085 1.0
object 16	1.0:1.0
195.0 4.67008918495 1.0
42.0 0.998378233537 1.0
69.0 1.00387139481 1.0
163.0 3.64193417399 1.0
19.0 1.00225328213 1.0
116.0 0.982439377241 1.0
104.0 1.00503837521 1.0
160.0 2.33425083466 1.0
161.0 8.25793271494 1.0
81.0 0.9710012656 1.0
147.0 -0.153556108938 1.0
63.0 0.990188184783 1.0
182.0 -0.249365295575 1.0
3.0 0.957965761837 1.0
34.0 1.00158130346 1.0
107.0 1.03331311816 1.0
10.0 1.03883639355 1.0
4.0 0.999749463356 1.0
35.0 1.00651455687 1.0
40.0 1.01008897242 1.0
115.0 0.930447300918 1.0
object 17	1.0:1.0
66.0 0.986720271488 1.0
118.0 0.99057059011 1.0
144.0 -1.45275481297 1.0
134.0 1.00670072386 1.0
32.0 1.02076298808 1.0
138.0 1.09054986731 1.0
165.0 0.0777285735185 1.0
38.0 0.987883161561 1.0
194.0 2.78989764818 1.0
115.0 0.952336901336 1.0
86.0 1.01792580122 1.0
91.0 0.967997419722 1.0
119.0 1.03901393816 1.0
163.0 0.52344101745 1.0
151.0 3.57407253626 1.0
object 18	1.0:1.0
129.0 1.00360635753 1.0
50.0 1.03257019018 1.0
40.0 1.0243033492 1.0
97.0 1.06286034282 1.0
142.0 2.96004607659 1.0
86.0 0.996708808741 1.0
136.0 1.00556898849 1.0
16.0 0.975011561251 1.0
174.0 -0.497802759181 1.0
197.0 2.71722948605 1.0
114.0 0.933826529962 1.0
58.0 1.03487431105 1.0
179.0 -4.8861923259 1.0
45.0 0.957006441557 1.0
68.0 0.954993358909 1.0
130.0 1.00592052721 1.0
48.0 1.03077761173 1.0
24.0 1.01424801509 1.0
object 19	1.0:1.0
21.0 0.992100658718 1.0
189.0 2.59438238865 1.0
57.0 0.988033048422 1.0
71.0 0.994211362089 1.0
149.0 -1.43350669117 1.0
152.0 1.95572875966 1.0
75.0 1.01201372827 1.0
67.0 0.99914550494 1.0
36.0 1.00811987335 1.0
154.0 1.5441667344 1.0
126.0 0.968701624207 1.0
78.0 0.923262997794 1.0
91.0 1.01303978085 1.0
82.0 0.994593967526 1.0
38.0 1.02263925847 1.0
127.0 1.0012331837 1.0
object 20	1.0:1.0
36.0 0.986420970201 1.0
104.0 0.982430344313 1.0
133.0 0.996510207521 1.0
29.0 1.00388138117 1.0
25.0 0.999835523716 1.0
0.0 1.00685418466 1.0
194.0 0.376505802791 1.0
154.0 -1.08095650828 1.0
170.0 2.53281394955 1.0
82.0 1.01631903132 1.0
162.0 2.13382537346 1.0
42.0 1.03430303411 1.0
64.0 1.00623569708 1.0
131.0 1.00273369442 1.0
114.0 1.01403993294 1.0
95.0 1.02204656475 1.0
63.0 0.982803574134 1.0
121.0 1.00254585562 1.0
132.0 0.977156188195 1.0
139.0 0.999899172166 1.0
143.0 0.907005319385 1.0
124.0 1.01326421719 1.0
object 21	1.0:1.0
52.0 0.983152296257 1.0
157.0 4.54697537652 1.0
144.0 -2.75809715581 1.0
130.0 0.981635630028 1.0
166.0 0.151112362678 1.0
16.0 1.01167729696 1.0
65.0 0.981761096036 1.0
158.0 12.804646354 1.0
53.0 1.03138171712 1.0
58.0 0.991506466133 1.0
171.0 1.89083886065 1.0
14.0 1.00249088551 1.0
64.0 0.988398616714 1.0
60.0 1.02384615912 1.0
122.0 1.00055620712 1.0
40.0 0.996921427132 1.0
140.0 6.85563185823 1.0
23.0 0.967864025442 1.0
121.0 0.998323722815 1.0
86.0 0.975843968239 1.0
175.0 -2.52845954097 1.0
30.0 0.987695580825 1.0
63.0 0.984651151307 1.0
34.0 1.00397499859 1.0
47.0 0.981767256618 1.0
162.0 4.33220907311 1.0
object 22	1.0:1.0
100.0 1.04248632841 1.0
174.0 -1.06592141532 1.0
164.0 3.47948428923 1.0
23.0 1.01742819056 1.0
115.0 1.05606302666 1.0
106.0 1.03004741729 1.0
141.0 -0.856332819386 1.0
154.0 1.00383775546 1.0
130.0 0.989101173825 1.0
140.0 1.87482378559 1.0
13.0 0.968127824128 1.0
14.0 0.986724095597 1.0
121.0 1.05679785542 1.0
165.0 -0.807698079777 1.0
149.0 -0.62666675175 1.0
120.0 0.977373020781 1.0
138.0 1.04243935263 1.0
74.0 1.00941363357 1.0
30.0 1.07646350115 1.0
78.0 0.978673585378 1.0
86.0 1.00571720674 1.0
66.0 0.985304759867 1.0
189.0 1.028257892 1.0
16.0 0.988857359079 1.0
object 23	1.0:1.0
132.0 1.0007079403 1.0
85.0 0.997857921711 1.0
18.0 1.06784235996 1.0
17.0 0.929592204139 1.0
73.0 1.0366983958 1.0
1.0 1.03037306524 1.0
148.0 -0.654971328327 1.0
65.0 0.930961541667 1.0
35.0 1.02264299619 1.0
186.0 5.89759100607 1.0
99.0 0.993889001088 1.0
38.0 1.03911440612 1.0
162.0 3.52648152335 1.0
136.0 1.0054536168 1.0
89.0 0.968331162476 1.0
116.0 0.992073095501 1.0
71.0 0.913754337175 1.0
108.0 1.02417256058 1.0
103.0 1.03446157097 1.0
76.0 1.09849854122 1.0
object 24	1.0:1.0
190.0 -1.5044198736 1.0
117.0 1.01917694469 1.0
125.0 1.00119475202 1.0
58.0 0.982777393 1.0
88.0 1.01071095689 1.0
49.0 0.988136185212 1.0
66.0 0.998063237255 1.0
53.0 0.947156200313 1.0
110.0 1.014740249 1.0
80.0 1.01120765613 1.0
108.0 1.06312967288 1.0
139.0 0.993108237775 1.0
82.0 0.994025225947 1.0
64.0 1.00376705415 1.0
150.0 1.46493774841 1.0
104.0 1.01786534826 1.0
198.0 0.543899202432 1.0
65.0 0.985551057177 1.0
113.0 1.0105957868 1.0
object 25	1.0:1.0
193.0 7.01713583741 1.0
144.0 -3.62493153697 1.0
142.0 1.31860475033 1.0
53.0 0.978081793058 1.0
100.0 0.927881080803 1.0
85.0 1.00893047185 1.0
84.0 1.03743697289 1.0
116.0 0.986359596511 1.0
8.0 0.998130006649 1.0
98.0 1.00280336137 1.0
131.0 1.005745662 1.0
82.0 1.00633984139 1.0
22.0 1.02204898883 1.0
76.0 0.989632114823 1.0
68.0 1.04213161507 1.0
2.0 0.98425498593 1.0
163.0 0.855351942716 1.0
94.0 1.01501578525 1.0
object 26	1.0:1.0
81.0 0.985066091531 1.0
185.0 3.24494842603 1.0
182.0 0.348104661904 1.0
28.0 0.938471500353 1.0
86.0 0.958877480399 1.0
66.0 1.01676423006 1.0
90.0 0.997137738585 1.0
150.0 -0.927067937292 1.0
123.0 0.99521477934 1.0
95.0 1.02969020873 1.0
22.0 1.01206273973 1.0
176.0 8.018746693 1.0
101.0 1.01645462626 1.0
object 27	1.0:1.0
88.0 1.00174884486 1.0
161.0 -6.17997708255 1.0
64.0 1.02545907249 1.0
19.0 1.05982355258 1.0
74.0 0.96660401582 1.0
75.0 0.993419716117 1.0
21.0 0.995700012209 1.0
198.0 1.0210752974 1.0
193.0 3.70890639758 1.0
146.0 5.25421919505 1.0
159.0 -3.84740451656 1.0
116.0 0.980097789054 1.0
67.0 1.01103894268 1.0
47.0 1.044082463 1.0
112.0 0.98549108225 1.0
35.0 0.975976074378 1.0
138.0 1.06013259962 1.0
77.0 0.924308849872 1.0
162.0 -1.8671800792 1.0
152.0 -0.479413731353 1.0
object 28	1.0:1.0
96.0 0.936170027932 1.0
169.0 3.39231420624 1.0
25.0 1.00462635877 1.0
16.0 0.987079743871 1.0
36.0 1.04815316368 1.0
167.0 1.49646743895 1.0
132.0 1.01126622688 1.0
196.0 5.34947372924 1.0
66.0 0.980748732922 1.0
160.0 3.13117157718 1.0
100.0 0.913202334207 1.0
171.0 2.17157295597 1.0
162.0 0.154979854176 1.0
153.0 0.101376595075 1.0
81.0 0.986626946132 1.0
59.0 0.982075820175 1.0
49.0 1.01764967356 1.0
55.0 1.06619543421 1.0
33.0 1.01933019999 1.0
64.0 1.02000715825 1.0
2.0 0.984976816335 1.0
object 29	1.0:1.0
70.0 1.03812091417 1.0
148.0 -2.53351030548 1.0
8.0 0.993092234598 1.0
41.0 0.978553235906 1.0
145.0 -0.682287626916 1.0
167.0 -0.730270576519 1.0
166.0 1.56847237549 1.0
162.0 1.03677383141 1.0
56.0 0.974202567056 1.0
108.0 1.0009700606 1.0
35.0 1.00054731827 1.0
197.0 0.636311946571 1.0
61.0 1.01590910972 1.0
94.0 0.940302918403 1.0
152.0 0.0259469112947 1.0
58.0 1.02357808018 1.0
25.0 0.977926511745 1.0
object 30	1.0:1.0
18.0 0.93739577508 1.0
120.0 0.95333641455 1.0
89.0 0.958997186408 1.0
152.0 2.05601064964 1.0
77.0 1.02069499304 1.0
176.0 0.608394170745 1.0
7.0 0.995957305523 1.0
132.0 0.989405319224 1.0
46.0 1.0086945823 1.0
126.0 0.957961776878 1.0
109.0 1.09740744786 1.0
142.0 -2.74015235512 1.0
79.0 1.07495595305 1.0
159.0 -4.14213432096 1.0
11.0 1.01504507001 1.0
193.0 -4.86091230059 1.0
111.0 1.00358850264 1.0
37.0 1.00652120384 1.0
122.0 0.974522370656 1.0
189.0 0.753659812775 1.0
68.0 1.00511126201 1.0
74.0 0.997842986798 1.0
49.0 0.956627877693 1.0
16.0 0.953568796541 1.0
75.0 1.00672389053 1.0
186.0 0.0248882563027 1.0
object 31	1.0:1.0
24.0 1.00043187709 1.0
187.0 -2.19066867344 1.0
12.0 1.00716074335 1.0
8.0 1.03052145493 1.0
139.0 1.00720079384 1.0
27.0 0.979744484184 1.0
58.0 0.98864253008 1.0
78.0 1.07115653178 1.0
133.0 0.947178371603 1.0
171.0 -0.523656400122 1.0
193.0 -4.0320183538 1.0
176.0 5.79135252269 1.0
111.0 1.0585087434 1.0
79.0 0.924197448738 1.0
22.0 1.03001946166 1.0
136.0 1.04007431794 1.0
63.0 0.944057797757 1.0
131.0 0.969409027396 1.0
146.0 13.0500950053 1.0
147.0 3.92759206931 1.0
object 32	1.0:1.0
183.0 2.61471056961 1.0
187.0 -0.193181760769 1.0
164.0 -4.7861048554 1.0
196.0 -0.345663814391 1.0
54.0 0.997830052509 1.0
182.0 3.1273717435 1.0
2.0 0.992781963661 1.0
48.0 0.977381000025 1.0
16.0 1.02076096806 1.0
176.0 -0.207014716241 1.0
149.0 10.107958821 1.0
13.0 1.09108765807 1.0
153.0 0.914558517897 1.0
173.0 4.88484926689 1.0
60.0 1.01565696019 1.0
109.0 0.983245652902 1.0
127.0 0.989857973118 1.0
75.0 1.01812515541 1.0
96.0 1.00333909424 1.0
167.0 5.4126250629 1.0
197.0 1.94670575251 1.0
object 33	1.0:1.0
166.0 5.2634888195 1.0
6.0 0.976026260544 1.0
96.0 1.00851720293 1.0
3.0 1.02351586751 1.0
84.0 1.00424165183 1.0
198.0 1.31765216205 1.0
186.0 -3.39422150511 1.0
90.0 1.01897310541 1.0
169.0 1.04713643095 1.0
148.0 3.04344058007 1.0
43.0 0.998960917927 1.0
127.0 0.999280451064 1.0
161.0 1.47629605292 1.0
58.0 0.99861195486 1.0
72.0 1.01956783397 1.0
80.0 1.04288737287 1.0
158.0 4.1282070117 1.0
134.0 1.02720782501 1.0
68.0 0.951703555386 1.0
64.0 0.997116810694 1.0
115.0 1.00789751931 1.0
117.0 0.999356523695 1.0
141.0 -1.02318533597 1.0
163.0 -0.756912003486 1.0
object 34	1.0:1.0
111.0 1.01601300556 1.0
121.0 1.04387495591 1.0
44.0 0.994725647062 1.0
87.0 1.02588386462 1.0
110.0 1.0281197319 1.0
56.0 1.02405349105 1.0
78.0 0.935030943086 1.0
2.0 0.995707554693 1.0
172.0 0.933845012431 1.0
38.0 0.994157721522 1.0
116.0 1.02373432511 1.0
8.0 1.01035462103 1.0
object 35	1.0:1.0
71.0 0.960245916292 1.0
106.0 0.983174132988 1.0
43.0 0.979293048232 1.0
1.0 0.963891950316 1.0
195.0 2.53057078329 1.0
67.0 0.990931074654 1.0
147.0 2.75820504367 1.0
116.0 1.01999556703 1.0
58.0 1.01576661972 1.0
59.0 1.00774233192 1.0
181.0 6.42621533305 1.0
120.0 0.973647638417 1.0
153.0 -0.294136625227 1.0
84.0 1.02419830259 1.0
49.0 0.926913539807 1.0
177.0 -0.234152963975 1.0
object 36	1.0:1.0
189.0 2.01421807646 1.0
144.0 1.26036617105 1.0
175.0 -1.34998771253 1.0
199.0 5.99172443849 1.0
7.0 0.986133510534 1.0
132.0 0.970580304265 1.0
51.0 1.0037773699 1.0
77.0 0.974663637433 1.0
43.0 1.00671469617 1.0
147.0 -1.83790533892 1.0
94.0 0.969646835932 1.0
141.0 8.57604143996 1.0
79.0 0.951433812612 1.0
148.0 -0.0554002986546 1.0
57.0 1.03648850515 1.0
0.0 1.00761491294 1.0
127.0 0.983801631184 1.0
140.0 -0.376488044478 1.0
6.0 1.01867938848 1.0
138.0 1.0456557248 1.0
object 37	1.0:1.0
80.0 1.02954593411 1.0
194.0 4.7529650381 1.0
163.0 -6.30529040182 1.0
101.0 0.991780829597 1.0
2.0 1.00136621491 1.0
181.0 3.08399744538 1.0
146.0 2.45781106059 1.0
63.0 1.00014366364 1.0
83.0 0.972800558608 1.0
33.0 1.0074141038 1.0
108.0 0.967684962897 1.0
145.0 2.74573851786 1.0
49.0 0.96345309661 1.0
70.0 0.991291770754 1.0
199.0 9.42578295496 1.0
object 38	1.0:1.0
103.0 0.981689921402 1.0
3.0 0.982577142269 1.0
38.0 0.93032297435 1.0
94.0 0.965224306353 1.0
141.0 1.03858744298 1.0
101.0 1.02371660572 1.0
194.0 5.70187085675 1.0
149.0 0.99545336145 1.0
26.0 0.982410622012 1.0
27.0 0.989824422868 1.0
44.0 1.01849424944 1.0
21.0 1.0068016529 1.0
157.0 1.59630780049 1.0
191.0 4.26740813505 1.0
153.0 -1.08441420307 1.0
138.0 0.964742798366 1.0
115.0 1.01148228761 1.0
171.0 2.83856592424 1.0
object 39	1.0:1.0
9.0 1.0035184711 1.0
128.0 1.02417004575 1.0
138.0 0.970832083663 1.0
135.0 1.00921424538 1.0
107.0 0.997163420322 1.0
69.0 0.997105547752 1.0
102.0 1.00164715683 1.0
174.0 3.05597765027 1.0
136.0 1.01363882739 1.0
42.0 0.975943589412 1.0
23.0 1.00508455119 1.0
153.0 2.63443358347 1.0
35.0 1.02577770875 1.0
163.0 -2.17012833997 1.0
32.0 0.98698396638 1.0
4.0 1.02076022676 1.0
3.0 1.01737787231 1.0
56.0 0.987579678232 1.0
79.0 1.05659507146 1.0
159.0 10.7516577946 1.0
39.0 0.982889777979 1.0
object 40	1.0:1.0
147.0 -3.88835190357 1.0
132.0 0.996940551853 1.0
192.0 -2.56854547187 1.0
145.0 -1.26321208221 1.0
134.0 1.00195326148 1.0
81.0 0.955201181491 1.0
194.0 -1.75731363861 1.0
2.0 0.994853390579 1.0
16.0 0.998967357753 1.0
26.0 0.986075480659 1.0
164.0 1.13742342241 1.0
30.0 1.07387007417 1.0
55.0 1.01714293896 1.0
20.0 1.01782158356 1.0
0.0 1.00756294867 1.0
98.0 0.950304353194 1.0
41.0 1.00790769771 1.0
91.0 1.03625863505 1.0
object 41	1.0:1.0
89.0 1.02605588468 1.0
100.0 1.03214742773 1.0
147.0 0.341983487953 1.0
90.0 0.997295211162 1.0
196.0 2.19348342328 1.0
129.0 0.976744291405 1.0
165.0 1.3005595652 1.0
80.0 1.07459654328 1.0
124.0 0.977664033725 1.0
133.0 0.990935276528 1.0
24.0 0.973358782038 1.0
132.0 1.0052402572 1.0
135.0 0.994622507552 1.0
182.0 0.0602773150993 1.0
76.0 1.02258902708 1.0
6.0 1.00339084706 1.0
88.0 1.00940722679 1.0
12.0 0.979179452553 1.0
189.0 2.37759352774 1.0
99.0 1.0219434773 1.0
179.0 3.32416866632 1.0
144.0 -2.21445771081 1.0
141.0 6.79151430548 1.0
145.0 0.81358212319 1.0
68.0 1.04380628706 1.0
175.0 0.390429877123 1.0
object 42	1.0:1.0
146.0 -1.88659631512 1.0
121.0 0.997933593011 1.0
38.0 1.01133853945 1.0
35.0 0.994960995733 1.0
69.0 1.00339705473 1.0
167.0 2.49992102916 1.0
67.0 1.02190141769 1.0
143.0 -1.42230154732 1.0
176.0 3.26968375921 1.0
99.0 1.00677889924 1.0
191.0 0.729026122295 1.0
31.0 0.997386533881 1.0
100.0 1.10419933737 1.0
125.0 1.04012038 1.0
53.0 1.01160153807 1.0
object 43	1.0:1.0
85.0 0.979709183481 1.0
119.0 0.967387110849 1.0
114.0 0.966242344119 1.0
62.0 1.12079664443 1.0
150.0 4.69680160647 1.0
199.0 7.22978401541 1.0
46.0 0.990948158959 1.0
142.0 4.37625737264 1.0
12.0 1.03364260715 1.0
11.0 1.03760243619 1.0
172.0 0.998981081723 1.0
101.0 1.00526192679 1.0
97.0 0.959310813753 1.0
134.0 0.99100971935 1.0
153.0 5.23033126341 1.0
183.0 -0.198131125573 1.0
144.0 -2.02997178713 1.0
13.0 0.97215409253 1.0
35.0 1.02857938436 1.0
2.0 1.00312841966 1.0
38.0 1.00207214145 1.0
147.0 -1.18399480365 1.0
26.0 1.00679310508 1.0
53.0 0.976394546148 1.0
58.0 1.00828355924 1.0
158.0 -0.339945044152 1.0
0.0 1.00066771847 1.0
object 44	1.0:1.0
41.0 0.991270810591 1.0
39.0 1.00412234286 1.0
141.0 2.70841513668 1.0
181.0 -1.393445974 1.0
166.0 2.00933266331 1.0
158.0 1.91702952595 1.0
21.0 0.964735026479 1.0
151.0 0.356448344812 1.0
111.0 1.02922631373 1.0
36.0 0.985988441241 1.0
94.0 0.982316213102 1.0
object 45	1.0:1.0
54.0 1.01180786634 1.0
164.0 -5.12711861979 1.0
57.0 0.983076247135 1.0
131.0 1.03097614336 1.0
60.0 0.97364314753 1.0
66.0 1.00447390252 1.0
167.0 2.53593987209 1.0
176.0 5.2929564297 1.0
160.0 -1.15975236948 1.0
108.0 1.01201882986 1.0
14.0 1.01956031772 1.0
130.0 1.05108902017 1.0
object 46	1.0:1.0
102.0 1.00456608841 1.0
38.0 1.0106257539 1.0
36.0 1.03376269394 1.0
83.0 1.01323716141 1.0
134.0 0.999982032452 1.0
35.0 0.980564321949 1.0
137.0 0.988779112827 1.0
160.0 -0.0216677794401 1.0
169.0 1.60841952757 1.0
112.0 0.989576245832 1.0
26.0 1.02658821952 1.0
172.0 2.19740363245 1.0
54.0 0.998281069086 1.0
139.0 1.00019106022 1.0
146.0 4.67366290861 1.0
40.0 0.997462816599 1.0
46.0 1.02588043799 1.0
28.0 1.00040271999 1.0
82.0 1.01123555879 1.0
57.0 1.04770997821 1.0
154.0 -1.1076620449 1.0
object 47	1.0:1.0
65.0 1.00228774469 1.0
157.0 -1.80091601554 1.0
151.0 0.725255147973 1.0
178.0 -0.00878956869177 1.0
139.0 0.977869307028 1.0
180.0 1.0558927003 1.0
111.0 0.990578102064 1.0
159.0 -7.87484654666 1.0
128.0 1.05628081142 1.0
45.0 0.999760943185 1.0
53.0 1.00508021752 1.0
167.0 0.763547999313 1.0
11.0 1.03004229448 1.0
60.0 0.974325766754 1.0
121.0 0.980410074266 1.0
196.0 0.127357703055 1.0
155.0 3.40517755057 1.0
145.0 -9.84343770075 1.0
89.0 0.931374923945 1.0
80.0 1.05971318308 1.0
112.0 0.964493898739 1.0
186.0 9.30636558132 1.0
102.0 0.973615607262 1.0
9.0 0.978014815347 1.0
48.0 0.959998338496 1.0
115.0 1.03218524459 1.0
135.0 1.02959123432 1.0
57.0 1.0250020796 1.0
object 48	1.0:1.0
41.0 1.01496495695 1.0
52.0 0.98087876744 1.0
153.0 -1.34482544886 1.0
106.0 1.04257745823 1.0
117.0 1.01627198601 1.0
32.0 0.991486351338 1.0
18.0 1.00076094046 1.0
42.0 1.01622645976 1.0
178.0 3.17910096108 1.0
157.0 10.6076065289 1.0
158.0 -0.894114082186 1.0
151.0 4.02253203467 1.0
46.0 0.984863703409 1.0
137.0 0.990369748175 1.0
59.0 1.03160400914 1.0
82.0 1.02053836154 1.0
88.0 1.00570497905 1.0
126.0 0.952931404329 1.0
111.0 0.983897931053 1.0
16.0 1.01225955904 1.0
148.0 0.0681043085501 1.0
89.0 1.0178411893 1.0
149.0 2.64525997832 1.0
48.0 1.0339234814 1.0
13.0 1.06592083189 1.0
179.0 3.34963954576 1.0
174.0 6.75807774891 1.0
object 49	1.0:1.0
169.0 5.96216746794 1.0
152.0 -1.38838506783 1.0
26.0 1.01107885119 1.0
136.0 1.0052731383 1.0
182.0 0.812641251571 1.0
39.0 0.951915657538 1.0
90.0 0.978500647763 1.0
47.0 0.965615950411 1.0
160.0 4.95899831074 1.0
158.0 -0.174184039555 1.0
110.0 1.05322124183 1.0
126.0 1.00934696646 1.0
75.0 0.988042648772 1.0
94.0 0.998377855324 1.0
3.0 0.980695263407 1.0
97.0 0.975846940891 1.0
13.0 0.959438714612 1.0
31.0 1.01321697171 1.0
83.0 1.01313291222 1.0
140.0 3.24288603282 1.0
49.0 1.04082304972 1.0
111.0 1.02783900267 1.0
67.0 0.967052306378 1.0
71.0 0.997653315931 1.0
object 50	1.0:0.5 13.6646680313:0.5
86.0 13.6560001472 1.0
189.0 17.0399686241 1.0
82.0 1.01949894912 0.0
162.0 7.85233955799 1.0
13.0 13.6037832289 1.0
107.0 0.912184641664 0.0
163.0 27.6718323869 1.0
110.0 0.891642283104 0.0
102.0 0.993270411832 0.0
89.0 13.6549541928 1.0
19.0 13.6531025699 1.0
53.0 0.872261730849 0.0
35.0 1.04363328433 0.0
165.0 11.2020167646 1.0
106.0 1.01097010744 0.0
54.0 1.03061976892 0.0
112.0 13.6561633131 1.0
25.0 1.00378032314 0.0
139.0 0.99904476733 0.0
object 51	1.0:0.5 -9.65150745761:0.5
169.0 -0.84651068 0.0
167.0 -8.93696798658 1.0
21.0 1.07302228331 0.0
160.0 -8.76701576657 1.0
85.0 -9.60210567119 1.0
9.0 1.0637035176 0.0
168.0 0.217250663526 0.0
48.0 -9.6926561919 1.0
86.0 0.991331598288 0.0
113.0 1.03252453585 0.0
14.0 -9.72369191414 1.0
27.0 -9.65717926838 1.0
45.0 -9.73866359669 1.0
157.0 -10.4833527143 1.0
34.0 -9.62418863055 1.0
188.0 0.951153362113 0.0
104.0 -9.72147132627 1.0
185.0 -9.58003915454 1.0
94.0 -9.76542351826 1.0
63.0 -9.66973443946 1.0
70.0 0.968259742643 0.0
object 52	1.0:0.5 -5.27036031616:0.5
161.0 -7.65436704675 1.0
45.0 -5.23034230015 1.0
83.0 -5.20681157362 1.0
110.0 -5.30978720972 1.0
118.0 -5.30520748892 1.0
189.0 -2.30193771268 1.0
169.0 -7.97371004847 1.0
39.0 -5.23586439518 1.0
13.0 -5.25037514086 1.0
172.0 1.13023054459 0.0
66.0 0.951666667943 0.0
192.0 2.07947236633 0.0
116.0 0.95065114421 0.0
158.0 -5.50208552073 1.0
108.0 -5.3381127563 1.0
69.0 -5.21900019861 1.0
29.0 -5.27485505898 1.0
91.0 -5.22777729776 1.0
30.0 -5.26874236959 1.0
94.0 -5.24447538825 1.0
23.0 -5.26680425686 1.0
0.0 1.05022580874 0.0
98.0 -5.23509241681 1.0
object 53	1.0:0.5 -3.09297073225:0.5
178.0 -3.69938977455 1.0
27.0 -3.09896869782 1.0
39.0 1.05398330069 0.0
32.0 -3.05710708153 1.0
147.0 -5.90454607963 1.0
90.0 -2.98608872781 1.0
25.0 0.976156875863 0.0
113.0 1.00799199956 0.0
71.0 0.891859285119 0.0
146.0 -2.90806467048 1.0
189.0 -4.19487733679 1.0
67.0 1.04152900869 0.0
object 54	1.0:0.5 8.15456346881:0.5
178.0 -5.07492346699 0.0
112.0 8.23143322901 1.0
146.0 3.55152961401 1.0
126.0 8.22539700628 1.0
193.0 0.419229096934 0.0
7.0 0.937868998948 0.0
4.0 8.07988195002 1.0
118.0 0.949170243792 0.0
93.0 8.08052873478 1.0
68.0 0.964799098905 0.0
72.0 8.10525029505 1.0
154.0 0.596086497429 0.0
70.0 8.23160267382 1.0
55.0 1.00525871886 0.0
88.0 8.24730214 1.0
object 55	1.0:0.5 -6.64915375343:0.5
108.0 -6.67228584065 1.0
109.0 0.961711344825 0.0
178.0 -6.78149094432 0.0
33.0 1.0060250928 0.0
126.0 0.959380181518 0.0
197.0 -6.64646090872 1.0
127.0 -6.61087128171 1.0
60.0 0.997453736214 0.0
155.0 2.29888221789 0.0
18.0 -6.63703092695 1.0
56.0 0.990221524976 0.0
121.0 0.945506300206 0.0
54.0 -6.75550966157 1.0
105.0 -6.69639797315 1.0
99.0 1.04267533523 0.0
19.0 -6.72509632329 1.0
194.0 -1.86301394657 0.0
177.0 -2.82035046955 0.0
object 56	1.0:0.5 1.67158556155:0.5
101.0 1.00806485827 0.0
35.0 1.68595651613 1.0
150.0 -2.61995193848 0.0
147.0 -1.38901003242 0.0
118.0 0.965844640208 0.0
102.0 1.66772283071 1.0
165.0 3.41960508524 1.0
15.0 1.09707297445 0.0
48.0 1.62193079857 1.0
42.0 1.07210728136 0.0
186.0 1.58253951823 0.0
163.0 -0.666691960407 1.0
23.0 1.81838943314 1.0
object 57	1.0:0.5 23.9333004297:0.5
123.0 1.0010183092 0.0
161.0 25.4485566062 1.0
102.0 1.09483120637 0.0
89.0 23.9211265777 1.0
175.0 23.4010351205 1.0
156.0 29.2797998766 1.0
96.0 1.03458133873 0.0
159.0 23.7679032128 1.0
25.0 0.977959930958 0.0
2.0 0.952395842755 0.0
172.0 1.07240042677 0.0
133.0 1.00838523937 0.0
132.0 23.9023399539 1.0
168.0 28.7459842592 1.0
0.0 24.0409336828 1.0
188.0 2.98095185192 0.0
157.0 -0.0512399590886 0.0
108.0 0.942800137192 0.0
141.0 20.1029732104 1.0
object 58	1.0:0.5 7.87540974031:0.5
174.0 8.12694812221 1.0
39.0 7.8997181781 1.0
82.0 1.06155443728 0.0
0.0 7.88056013977 1.0
183.0 1.26918113445 0.0
193.0 6.33567582734 1.0
102.0 1.00854803691 0.0
97.0 7.97081284455 1.0
192.0 5.78066886371 1.0
110.0 0.961201559361 0.0
107.0 0.998625294386 0.0
10.0 1.01361461586 0.0
161.0 3.04799412313 0.0
139.0 7.89319340199 1.0
38.0 7.81135947559 1.0
24.0 7.84922085537 1.0
141.0 6.21292754882 1.0
22.0 7.85264612988 1.0
45.0 7.84039552054 1.0
185.0 5.35637093377 1.0
object 59	1.0:0.5 16.4600843699:0.5
3.0 1.03394692619 0.0
188.0 15.1307030634 1.0
136.0 16.4565919375 1.0
56.0 16.5090948222 1.0
175.0 17.3713765588 1.0
57.0 16.5299277694 1.0
183.0 4.75028025284 1.0
83.0 1.03675020533 0.0
37.0 1.0990730738 0.0
67.0 16.5263156997 1.0
180.0 17.1444647547 1.0
152.0 2.95234565127 0.0
135.0 0.975478046124 0.0
119.0 1.08944401153 0.0
169.0 11.9706171731 1.0
58.0 0.925269474474 0.0
63.0 1.03174230998 0.0
168.0 -0.434010703821 0.0
190.0 20.2534115829 1.0
127.0 16.4826676675 1.0
55.0 16.4198626592 1.0
132.0 16.4746079533 1.0
99.0 1.15039396381 0.0
114.0 0.997327280312 0.0
object 60	1.0:0.5 -6.14001304031:0.5
190.0 2.25223888885 0.0
121.0 -6.19584635684 1.0
98.0 1.02107072579 0.0
69.0 0.991638448344 0.0
164.0 -7.58738195152 1.0
0.0 1.05204638048 0.0
67.0 1.09015943561 0.0
16.0 0.966941305881 0.0
134.0 0.974072848988 0.0
96.0 -6.12289017688 1.0
92.0 -6.09092498126 1.0
146.0 -3.37882353297 1.0
107.0 -6.13124949877 1.0
88.0 -6.11924664354 1.0
59.0 1.00983805553 0.0
2.0 0.973396907037 0.0
182.0 0.539503151844 0.0
13.0 -6.10384119169 1.0
42.0 -6.06756147736 1.0
99.0 -6.14886693622 1.0
60.0 1.03637221412 0.0
137.0 -6.00684167568 1.0
object 61	1.0:0.5 -7.48792433599:0.5
14.0 1.07181070197 0.0
116.0 0.995475730406 0.0
142.0 -8.42653874496 1.0
29.0 -7.49687505414 1.0
110.0 1.03457860437 0.0
102.0 0.996179534657 0.0
22.0 -7.48610380757 1.0
17.0 1.05805055004 0.0
159.0 1.42459810202 0.0
182.0 -10.0279124735 1.0
1.0 1.00481324514 0.0
13.0 -7.55138579016 1.0
132.0 -7.44379604261 1.0
100.0 -7.50804176049 1.0
134.0 -7.53070326751 1.0
42.0 1.07257659487 0.0
146.0 -8.40563069157 1.0
186.0 0.909166161064 0.0
87.0 -7.4585978175 1.0
25.0 1.00521635443 0.0
162.0 7.03672248659 0.0
167.0 -6.28646729645 0.0
object 62	1.0:0.5 5.05189340003:0.5
181.0 3.1532200935 1.0
5.0 4.92020855906 1.0
101.0 0.912545762984 0.0
30.0 0.943951813232 0.0
150.0 -2.25589179472 0.0
35.0 5.16183520073 1.0
36.0 5.03701927473 1.0
183.0 8.66040572962 0.0
131.0 4.99077909004 1.0
109.0 1.01455712615 0.0
174.0 -3.66629258902 0.0
147.0 4.70364537335 0.0
54.0 5.00856248028 1.0
66.0 0.963383374124 0.0
23.0 1.04099984658 0.0
17.0 5.1026138231 1.0
85.0 5.04176694627 1.0
108.0 4.96691347505 1.0
189.0 1.21114314494 0.0
126.0 1.07337963144 0.0
171.0 2.42110051236 0.0
90.0 0.964698010904 0.0
112.0 5.05436935829 1.0
191.0 -1.92950936486 0.0
182.0 8.04518838766 1.0
9.0 1.04025106204 0.0
128.0 5.07554249648 1.0
76.0 1.02828455191 0.0
140.0 5.50305638782 1.0
object 63	1.0:0.5 -6.02473511736:0.5
56.0 1.03096158585 0.0
89.0 -6.02828099059 1.0
17.0 -6.01833675705 1.0
102.0 1.01766818353 0.0
151.0 -2.84732443249 0.0
31.0 -5.96627287899 1.0
34.0 0.998514425157 0.0
138.0 0.914854428189 0.0
103.0 -6.03628136904 1.0
141.0 -4.95221448855 1.0
3.0 -6.01256755793 1.0
83.0 1.01984019185 0.0
25.0 -6.07461357067 1.0
162.0 1.65269700967 1.0
71.0 1.02217814703 0.0
13.0 -5.98676013185 1.0
94.0 1.03072588937 0.0
154.0 0.185969374886 0.0
180.0 -2.76954701213 1.0
23.0 -6.03081820268 1.0
157.0 1.55934353058 0.0
169.0 -1.9160806477 1.0
88.0 -6.00366593629 1.0
object 64	1.0:0.5 -7.54996983409:0.5
138.0 1.01261215672 0.0
180.0 -10.0751990072 1.0
8.0 1.06159118411 0.0
13.0 1.06541210342 0.0
162.0 1.68822654975 0.0
54.0 -7.57450024813 1.0
101.0 -7.53594732787 1.0
190.0 -10.4960884911 1.0
186.0 1.49116312047 0.0
197.0 3.15425474139 0.0
100.0 -7.51003148692 1.0
19.0 0.985131593474 0.0
17.0 1.0725565038 0.0
79.0 0.983043992959 0.0
126.0 0.931871576341 0.0
66.0 0.968470292361 0.0
object 65	1.0:0.5 -0.776620305829:0.5
129.0 1.10790661233 0.0
121.0 1.03890592691 0.0
92.0 -0.768385959873 1.0
63.0 -0.766954534157 1.0
176.0 3.8243689725 1.0
32.0 1.05970661038 0.0
137.0 -0.778299575523 1.0
182.0 3.59521498826 0.0
36.0 -0.762010970646 1.0
148.0 5.32163963571 0.0
75.0 0.96799714228 0.0
138.0 1.01342589451 0.0
116.0 1.03464023884 0.0
68.0 0.971657150446 0.0
33.0 1.08090872347 0.0
110.0 -0.808743463842 1.0
155.0 0.867728450793 1.0
54.0 1.03106481203 0.0
31.0 -0.666574315789 1.0
103.0 -0.813220383269 1.0
62.0 -0.678596942491 1.0
136.0 -0.785807956503 1.0
38.0 -0.69123759183 1.0
26.0 0.926351821215 0.0
80.0 1.0146688637 0.0
119.0 -0.77575428413 1.0
object 66	1.0:0.5 0.459150045674:0.5
126.0 0.332481842879 1.0
162.0 4.93065197271 0.0
77.0 0.417311771321 1.0
110.0 1.03335501901 0.0
69.0 1.02930774692 0.0
150.0 -0.197859232821 0.0
120.0 1.09189061291 0.0
39.0 0.399007706718 1.0
118.0 0.466727954461 1.0
20.0 1.00390499079 0.0
167.0 -5.67199729026 1.0
192.0 0.771558506809 1.0
134.0 0.96315655373 0.0
54.0 1.06354372619 0.0
185.0 5.59070753554 0.0
135.0 1.00485725094 0.0
2.0 1.11314827218 0.0
101.0 0.42793266081 1.0
155.0 6.22507071579 1.0
138.0 1.00954803076 0.0
124.0 1.14557393601 0.0
151.0 3.0688731156 0.0
146.0 -6.8984702779 0.0
198.0 -6.48815311974 0.0
117.0 0.442777451428 1.0
21.0 1.02392537782 0.0
object 67	1.0:0.5 3.16998537272:0.5
197.0 3.55321535487 1.0
52.0 0.986001908204 0.0
16.0 0.995950030733 0.0
61.0 3.18814660299 1.0
59.0 3.20204616186 1.0
86.0 0.97895947021 0.0
162.0 5.82892333379 0.0
108.0 1.00310249879 0.0
34.0 0.964476641014 0.0
164.0 2.99887004054 1.0
56.0 1.04513290148 0.0
73.0 0.961312745893 0.0
30.0 1.06945155881 0.0
180.0 1.98593039259 0.0
99.0 0.939246667599 0.0
159.0 2.17760076186 0.0
object 68	1.0:0.5 -0.181815786503:0.5
26.0 -0.172612244777 1.0
0.0 1.05333335926 0.0
61.0 -0.229307184184 1.0
155.0 3.05215613611 0.0
188.0 -2.209348747 0.0
103.0 -0.187156070757 1.0
182.0 1.52363865974 0.0
14.0 0.919734629355 0.0
7.0 1.06427641784 0.0
168.0 -3.44063362843 0.0
91.0 -0.222469317757 1.0
164.0 3.36858547851 1.0
126.0 -0.251327296537 1.0
113.0 1.02706780806 0.0
2.0 1.01872905698 0.0
47.0 1.02406314051 0.0
114.0 1.04280750892 0.0
183.0 -10.0436200705 0.0
118.0 1.00887816687 0.0
144.0 0.730132290147 0.0
130.0 -0.163408685746 1.0
146.0 -4.62094625912 1.0
124.0 0.969900276653 0.0
110.0 -0.0856866818854 1.0
80.0 -0.113037246376 1.0
70.0 1.01719574492 0.0
137.0 1.0645345569 0.0
object 69	1.0:0.5 -6.78081529578:0.5
197.0 3.00338828927 0.0
186.0 -8.13916685899 1.0
140.0 -7.29799957995 1.0
151.0 -7.76063201804 1.0
193.0 -7.44288896417 1.0
71.0 0.964253123439 0.0
126.0 0.976492134172 0.0
36.0 0.943065333922 0.0
9.0 -6.85201422965 1.0
121.0 1.067418978 0.0
192.0 0.367932811048 0.0
132.0 1.00384779279 0.0
46.0 0.962581403189 0.0
134.0 0.940937156791 0.0
100.0 -6.8804067528 1.0
33.0 -6.67707808863 1.0
113.0 -6.83308538483 1.0
8.0 0.973197463256 0.0
64.0 1.06978837948 0.0
106.0 -6.76887246841 1.0
135.0 -6.83558292098 1.0
139.0 1.0054638836 0.0
object 70	1.0:0.5 9.05175701638:0.5
125.0 0.951096059131 0.0
49.0 9.09154288852 1.0
137.0 9.01832308595 1.0
134.0 9.00000071202 1.0
39.0 1.07142106192 0.0
151.0 5.4248782634 0.0
136.0 9.10302706907 1.0
71.0 0.946382495338 0.0
187.0 -2.0184428296 0.0
19.0 1.000831239 0.0
34.0 9.02808521457 1.0
33.0 1.0077434541 0.0
12.0 1.05354095083 0.0
4.0 9.01434106034 1.0
166.0 12.7252074143 1.0
96.0 1.06188008252 0.0
79.0 1.06212679994 0.0
48.0 1.03279004407 0.0
52.0 1.09238190639 0.0
51.0 1.0322068695 0.0
object 71	1.0:0.5 -11.495755089:0.5
4.0 -11.46764461 1.0
155.0 -8.58930509181 1.0
197.0 -11.6683866626 1.0
156.0 -9.7738264647 1.0
139.0 1.02875149522 0.0
23.0 -11.4513607723 1.0
98.0 1.04909542127 0.0
71.0 -11.404428883 1.0
136.0 -11.4725464417 1.0
93.0 -11.5167476759 1.0
168.0 -7.26266107153 1.0
87.0 1.02135362489 0.0
116.0 -11.4887428983 1.0
190.0 2.20357847146 0.0
160.0 -1.1036380551 0.0
198.0 -9.50521188202 1.0
19.0 0.999083373539 0.0
84.0 -11.4386730103 1.0
16.0 -11.585558724 1.0
151.0 -9.61763171401 1.0
132.0 -11.4877314033 1.0
180.0 -3.81541948842 0.0
object 72	1.0:0.5 0.256209037688:0.5
22.0 0.263946422113 1.0
102.0 0.204899395285 1.0
160.0 -4.23112626746 0.0
119.0 0.961712208193 0.0
100.0 0.330562722434 1.0
27.0 0.205169463577 1.0
117.0 0.902667086464 0.0
116.0 0.96346194471 0.0
68.0 0.939738399081 0.0
21.0 0.203346400283 1.0
101.0 0.189969676041 1.0
1.0 0.191920900102 1.0
145.0 -0.887656254845 1.0
41.0 0.246807423833 1.0
45.0 0.955249113286 0.0
133.0 0.915238969168 0.0
179.0 1.08353050504 0.0
89.0 0.285741741575 1.0
154.0 -0.381102601321 1.0
180.0 4.70408545078 0.0
object 73	1.0:0.5 -3.78598957549:0.5
183.0 2.21749625716 0.0
24.0 1.03561440495 0.0
143.0 -2.92092957357 1.0
160.0 -4.91888679068 1.0
3.0 -3.79867401168 1.0
32.0 -3.85232514868 1.0
154.0 0.0111231153175 0.0
25.0 1.02978450723 0.0
196.0 -2.75483072374 0.0
81.0 0.989392033454 0.0
1.0 -3.81508220334 1.0
137.0 -3.83029598225 1.0
163.0 2.3833285571 0.0
100.0 -3.81164998186 1.0
84.0 -3.84372536331 1.0
75.0 -3.77150960504 1.0
96.0 1.04127006743 0.0
91.0 1.02438572808 0.0
104.0 1.04369540846 0.0
5.0 -3.84350663454 1.0
115.0 1.03681375436 0.0
89.0 -3.80443610233 1.0
175.0 2.66193120977 0.0
7.0 0.91783191051 0.0
186.0 0.543411958571 0.0
object 74	1.0:0.5 12.9139732018:0.5
64.0 0.970281889297 0.0
91.0 12.8642622951 1.0
160.0 6.11704245526 1.0
181.0 0.892989188102 0.0
63.0 12.8460281295 1.0
16.0 1.00102949617 0.0
130.0 0.991443563078 0.0
23.0 12.962441591 1.0
8.0 12.9407502415 1.0
90.0 0.947276543144 0.0
125.0 12.9868945796 1.0
171.0 -2.14678664183 0.0
108.0 12.9405992792 1.0
5.0 12.9582314528 1.0
129.0 12.9916591889 1.0
112.0 12.9129116831 1.0
179.0 14.4115449805 1.0
148.0 1.97000511864 0.0
92.0 12.9059217853 1.0
object 75	1.0:0.5 -1.16378487966:0.5
60.0 -1.1591983173 1.0
182.0 -3.00271377696 1.0
180.0 -4.57892643519 1.0
123.0 1.06848166379 0.0
107.0 -1.20772405881 1.0
136.0 1.03775291466 0.0
51.0 -1.17136266757 1.0
72.0 1.02417510628 0.0
185.0 -3.23702931184 1.0
158.0 -0.61499605129 1.0
17.0 -1.28626424647 1.0
52.0 0.942240112113 0.0
122.0 -1.17969765011 1.0
140.0 -2.06633760972 1.0
156.0 -2.46517333313 0.0
16.0 -1.13498460127 1.0
166.0 4.33158673 0.0
153.0 6.54246737211 0.0
11.0 1.12137648923 0.0
73.0 0.958923593316 0.0
69.0 -1.20120052487 1.0
143.0 2.9145917835 0.0
114.0 -1.22778993994 1.0
160.0 -4.77527393026 0.0
object 76	1.0:0.5 -2.48020345016:0.5
51.0 1.00338984613 0.0
153.0 -4.47441059034 1.0
106.0 0.909335685916 0.0
101.0 1.02441507276 0.0
154.0 0.401780618532 0.0
28.0 0.965675870954 0.0
14.0 0.987703779246 0.0
3.0 -2.45423662053 1.0
148.0 -10.544713936 1.0
104.0 -2.45487494665 1.0
76.0 -2.5382470869 1.0
175.0 -2.67630974323 1.0
5.0 -2.49786626952 1.0
150.0 3.0605735927 0.0
37.0 -2.50817366867 1.0
198.0 -4.46582013996 1.0
123.0 -2.47154301929 1.0
64.0 1.07216777361 0.0
45.0 0.959832276489 0.0
182.0 0.651962405528 1.0
object 77	1.0:0.5 4.6817695906:0.5
158.0 -2.6860452922 0.0
17.0 4.61019980156 1.0
71.0 4.71552493419 1.0
75.0 4.65297888938 1.0
134.0 4.68908527856 1.0
28.0 4.68234476136 1.0
149.0 1.89108284589 0.0
128.0 0.99345062309 0.0
111.0 0.895230787753 0.0
22.0 4.68209068914 1.0
57.0 4.69119371769 1.0
50.0 1.00648537631 0.0
49.0 1.09226194655 0.0
192.0 2.98163457871 1.0
172.0 3.5291040959 0.0
90.0 4.6881922034 1.0
79.0 4.68870563833 1.0
118.0 4.60674688874 1.0
27.0 4.70980832195 1.0
117.0 1.03511745442 0.0
object 78	1.0:0.5 1.74585570482:0.5
99.0 1.78855549875 1.0
31.0 1.78597425826 1.0
191.0 0.032523977088 1.0
27.0 1.69145451916 1.0
100.0 1.67190631908 1.0
161.0 -6.70811196947 1.0
85.0 1.80398352883 1.0
12.0 1.77627062842 1.0
169.0 8.16353812135 0.0
153.0 -1.91941353545 0.0
89.0 1.70584634599 1.0
139.0 0.987374511996 0.0
83.0 1.75108423216 1.0
119.0 1.03471475981 0.0
163.0 -4.95884731311 1.0
181.0 0.182711400974 0.0
133.0 0.99944710034 0.0
109.0 1.00078869812 0.0
object 79	1.0:0.5 8.6991952717:0.5
13.0 1.02268106898 0.0
147.0 -0.0308681647613 0.0
177.0 6.02819218347 1.0
114.0 8.64359062491 1.0
125.0 0.928725126817 0.0
155.0 0.562556169597 0.0
82.0 8.65135718257 1.0
176.0 10.2698664988 1.0
40.0 8.71767238082 1.0
150.0 13.9102931374 1.0
26.0 1.08422816384 0.0
89.0 1.05039947872 0.0
37.0 8.67829254859 1.0
130.0 1.04321370996 0.0
116.0 8.60898935655 1.0
15.0 8.68829164649 1.0
77.0 8.5201070168 1.0
103.0 8.73079348494 1.0
object 80	1.0:0.5 7.71651477877:0.5
99.0 7.67602021749 1.0
43.0 0.971341521425 0.0
185.0 8.8216672709 1.0
59.0 7.72311372347 1.0
15.0 1.09621796779 0.0
127.0 0.914229475065 0.0
121.0 1.01443808222 0.0
178.0 7.68173593632 1.0
58.0 7.77051995997 1.0
156.0 0.0870814258739 0.0
192.0 -2.84488848091 0.0
41.0 7.82692955881 1.0
104.0 0.918262601546 0.0
12.0 0.966768025412 0.0
object 81	1.0:0.5 -11.6026646633:0.5
1.0 -11.5254650253 1.0
102.0 -11.6700997436 1.0
17.0 1.04769500629 0.0
155.0 -10.6074599128 1.0
154.0 -12.6097942003 1.0
133.0 -11.6935094407 1.0
59.0 1.01999912541 0.0
101.0 -11.5891765169 1.0
145.0 -17.3035723249 1.0
188.0 -4.75970151487 0.0
54.0 -11.6290105331 1.0
78.0 -11.5929240963 1.0
44.0 -11.6081711019 1.0
126.0 -11.5829376611 1.0
138.0 -11.6931254546 1.0
116.0 0.947189328824 0.0
194.0 4.5588611739 0.0
144.0 -15.2150993 1.0
193.0 -10.8147270051 1.0
171.0 -12.1634526328 1.0
object 82	1.0:0.5 -9.25271606955:0.5
34.0 -9.29171692362 1.0
124.0 -9.24822798927 1.0
54.0 -9.25072984393 1.0
4.0 -9.2606050215 1.0
118.0 -9.24699885941 1.0
22.0 -9.15753012611 1.0
32.0 -9.22218751613 1.0
164.0 -6.62443492611 1.0
177.0 -6.75391895635 1.0
158.0 -10.0796470107 1.0
78.0 -9.21978402661 1.0
71.0 1.01483041962 0.0
101.0 -9.1660423795 1.0
70.0 -9.23156828315 1.0
128.0 -9.30339554865 1.0
61.0 1.11858892346 0.0
197.0 -7.97113825213 1.0
178.0 -7.79788717424 1.0
161.0 -9.18621924941 1.0
51.0 -9.25809224737 1.0
42.0 0.955058584036 0.0
153.0 2.21864873523 0.0
99.0 1.01091064449 0.0
156.0 -7.2703122327 1.0
186.0 0.947532104129 0.0
15.0 0.976809502592 0.0
object 83	1.0:0.5 -14.1206586552:0.5
45.0 0.968781820322 0.0
161.0 3.13443637476 0.0
99.0 1.0080764821 0.0
184.0 -13.293199604 1.0
191.0 -8.96379744301 1.0
13.0 1.06627660215 0.0
96.0 -14.1646451919 1.0
19.0 0.971805577394 0.0
30.0 -14.1090348668 1.0
195.0 -13.6713608889 1.0
135.0 -14.1208232786 1.0
128.0 -14.0927487946 1.0
78.0 -14.1366474482 1.0
64.0 -14.1257064199 1.0
185.0 -12.6028639315 1.0
49.0 -14.1018654091 1.0
181.0 -0.855686232944 0.0
8.0 -14.0870528536 1.0
156.0 10.1039156938 0.0
111.0 1.02365611785 0.0
32.0 0.988048744751 0.0
object 84	1.0:0.5 20.4156651544:0.5
179.0 21.1263558684 1.0
45.0 0.983885149423 0.0
147.0 21.6041956963 1.0
135.0 1.00847647282 0.0
155.0 -0.180697784004 0.0
134.0 20.4827249201 1.0
100.0 20.2980152708 1.0
51.0 20.5100149033 1.0
75.0 1.0110903914 0.0
78.0 0.974528115549 0.0
23.0 0.949579773283 0.0
130.0 1.06102138213 0.0
26.0 20.4386926688 1.0
69.0 20.463066717 1.0
149.0 20.5970036726 1.0
46.0 1.03166647576 0.0
163.0 16.5127575892 1.0
25.0 20.4027980233 1.0
119.0 20.4732835227 1.0
50.0 1.03028109573 0.0
113.0 0.916136284336 0.0
object 85	1.0:0.5 14.3039461233:0.5
87.0 1.05800502114 0.0
48.0 14.2200899067 1.0
166.0 -0.571169354237 0.0
73.0 14.3053650303 1.0
12.0 1.00682558463 0.0
141.0 0.253957962162 0.0
196.0 -5.19579215777 0.0
69.0 1.06993246494 0.0
79.0 14.2957295317 1.0
88.0 1.06359425109 0.0
156.0 18.4645640222 1.0
53.0 1.00314963026 0.0
199.0 15.4323630785 1.0
83.0 14.2777186669 1.0
171.0 1.1314587367 0.0
173.0 2.30067288856 0.0
54.0 14.2580668174 1.0
136.0 14.314360298 1.0
110.0 0.941035415151 0.0
49.0 14.225100469 1.0
32.0 1.08155999443 0.0
47.0 14.2555384391 1.0
object 86	1.0:0.5 -3.15173674351:0.5
157.0 0.985500251855 0.0
190.0 3.16522807694 0.0
151.0 -1.59102570479 0.0
37.0 -3.10613523663 1.0
77.0 -3.08099442327 1.0
155.0 2.16565812946 0.0
40.0 1.01108578271 0.0
116.0 -3.17010556941 1.0
42.0 1.03960867143 0.0
131.0 0.984510835607 0.0
2.0 -3.16115718085 1.0
127.0 0.938672165879 0.0
10.0 1.01411327927 0.0
150.0 -7.59609397407 1.0
98.0 -3.10151370358 1.0
17.0 -3.17424670887 1.0
100.0 1.00760776059 0.0
8.0 0.981780453472 0.0
13.0 -3.14044668064 1.0
173.0 7.7176762267 0.0
74.0 1.05294476563 0.0
38.0 -3.10583501974 1.0
19.0 1.04065246962 0.0
175.0 0.609020149414 0.0
125.0 1.01985878333 0.0
object 87	1.0:0.5 -12.2323452893:0.5
184.0 -11.3121026153 1.0
65.0 1.02965995551 0.0
101.0 -12.2172332241 1.0
124.0 -12.3062525892 1.0
47.0 -12.3103801957 1.0
79.0 -12.2477341267 1.0
86.0 0.963971062161 0.0
71.0 -12.2450675641 1.0
15.0 -12.2161301928 1.0
182.0 -14.9653976611 1.0
83.0 0.97297205171 0.0
100.0 -12.2031363668 1.0
144.0 2.40977193726 0.0
145.0 -9.81652312614 1.0
9.0 -12.2164757161 1.0
63.0 -12.2326767012 1.0
177.0 0.246458555807 0.0
123.0 -12.216416557 1.0
37.0 -12.2401671038 1.0
object 88	1.0:0.5 6.60597386099:0.5
77.0 6.60064318829 1.0
175.0 -2.21218535894 0.0
18.0 6.64747135564 1.0
50.0 1.07105846601 0.0
103.0 0.967260616097 0.0
136.0 0.9990663053 0.0
26.0 6.58477952151 1.0
33.0 0.953704285172 0.0
46.0 6.64545798145 1.0
113.0 6.69913798633 1.0
98.0 1.07748709437 0.0
31.0 0.987344145884 0.0
171.0 0.859354884988 0.0
139.0 6.68617155445 1.0
70.0 6.65048445299 1.0
54.0 1.00890505599 0.0
34.0 6.66469022233 1.0
163.0 -0.984393175159 0.0
8.0 6.60436481899 1.0
155.0 2.2424556301 0.0
65.0 6.58614201313 1.0
128.0 1.01734611432 0.0
23.0 0.945862881747 0.0
11.0 1.02897065998 0.0
72.0 6.60310443414 1.0
82.0 1.00965118038 0.0
36.0 1.0826573093 0.0
object 89	1.0:0.5 -5.67099730743:0.5
172.0 2.0642843564 0.0
83.0 -5.71964449911 1.0
123.0 -5.67547052084 1.0
148.0 6.19643148235 0.0
15.0 -5.63109264606 1.0
62.0 1.0244960214 0.0
108.0 1.04427869178 0.0
189.0 -4.50889719224 1.0
191.0 -6.2149854138 1.0
63.0 0.967225211239 0.0
199.0 -4.49632932071 1.0
190.0 -4.75928596429 1.0
152.0 2.81459269399 0.0
122.0 0.993381862504 0.0
146.0 -5.06617813623 1.0
66.0 1.08091107573 0.0
56.0 -5.77246855424 1.0
object 90	1.0:0.5 13.8914956225:0.5
7.0 0.981441708624 0.0
99.0 13.8827640208 1.0
125.0 13.8928301019 1.0
144.0 7.05348732117 0.0
53.0 0.944693524699 0.0
181.0 14.546403502 1.0
29.0 1.01465590935 0.0
176.0 11.895359997 1.0
68.0 0.971173125107 0.0
40.0 0.99333009161 0.0
139.0 13.9676839299 1.0
104.0 1.03880724504 0.0
84.0 13.8011084012 1.0
118.0 13.877085777 1.0
156.0 4.85962361677 0.0
56.0 13.9477991431 1.0
142.0 17.2936974216 1.0
187.0 13.49580146 1.0
101.0 13.889712477 1.0
120.0 1.03006778806 0.0
100.0 1.04574074898 0.0
31.0 13.8726564698 1.0
132.0 13.8971605989 1.0
50.0 13.8912070967 1.0
object 91	1.0:0.5 -20.0940756106:0.5
33.0 -20.1115427047 1.0
15.0 -20.0608734287 1.0
154.0 -18.4699887659 1.0
155.0 -20.8458624724 1.0
160.0 0.108945008443 0.0
198.0 0.235385224267 0.0
92.0 1.00043868007 0.0
106.0 0.9662397632 0.0
51.0 -20.1796643624 1.0
100.0 -20.0742612894 1.0
176.0 3.96770801824 0.0
196.0 -1.04332905924 0.0
object 92	1.0:0.5 -3.14317087512:0.5
53.0 0.988932278543 0.0
193.0 -2.74701344985 1.0
15.0 1.02537377324 0.0
70.0 -3.09846053562 1.0
32.0 -3.17847310643 1.0
166.0 0.844225058304 0.0
137.0 -3.23743364521 1.0
117.0 -3.18247964927 1.0
92.0 1.0445070739 0.0
7.0 -3.16321223947 1.0
33.0 0.997604023313 0.0
144.0 3.01222461052 1.0
64.0 -3.22010940388 1.0
184.0 -2.59946919692 0.0
68.0 0.964427793204 0.0
3.0 -3.05382743655 1.0
object 93	1.0:0.5 -1.81453729431:0.5
178.0 1.36993265934 0.0
29.0 -1.76522190491 1.0
103.0 -1.7860049102 1.0
171.0 -4.43942295735 1.0
153.0 4.6343457953 1.0
79.0 1.06563311177 0.0
65.0 1.01636191135 0.0
88.0 -1.81872109029 1.0
3.0 1.00340302501 0.0
170.0 -1.94203227111 0.0
71.0 0.991273213114 0.0
61.0 1.05522309494 0.0
60.0 1.07461647398 0.0
62.0 0.941922247754 0.0
48.0 1.03546119576 0.0
73.0 1.03173922783 0.0
43.0 -1.78510421885 1.0
object 94	1.0:0.5 24.0768288466:0.5
35.0 24.0143852744 1.0
108.0 24.0959396727 1.0
158.0 3.91532332184 0.0
188.0 -0.000797399769145 0.0
39.0 1.06980189836 0.0
52.0 1.05468673434 0.0
139.0 24.0622745147 1.0
167.0 -0.00854932241334 0.0
86.0 24.0673725693 1.0
88.0 24.166904312 1.0
55.0 24.0647064125 1.0
142.0 0.433819749704 0.0
27.0 24.0737679276 1.0
91.0 24.0195920745 1.0
189.0 22.6493681355 1.0
15.0 0.941350076368 0.0
object 95	1.0:0.5 -3.59876954836:0.5
186.0 -2.6795009113 1.0
90.0 1.07517568182 0.0
7.0 1.08514268817 0.0
39.0 0.934252055466 0.0
57.0 -3.69477057241 1.0
192.0 -4.21906582484 1.0
68.0 -3.62441409137 1.0
173.0 4.47467169536 0.0
13.0 0.974128883045 0.0
194.0 -6.37431659753 1.0
37.0 1.05945445734 0.0
53.0 -3.60605378222 1.0
197.0 -6.14886315602 1.0
193.0 0.0514653586614 0.0
142.0 -5.84000867496 1.0
191.0 -2.5624062023 1.0
120.0 -3.55914474726 1.0
141.0 4.59007329109 0.0
154.0 2.13185214997 0.0
185.0 3.24345426002 1.0
object 96	1.0:0.5 0.642369360299:0.5
153.0 11.2205656913 0.0
2.0 0.933616944983 0.0
117.0 0.660989516076 1.0
8.0 1.02200633857 0.0
72.0 1.08137355945 0.0
89.0 1.02822126207 0.0
78.0 0.637153939224 1.0
0.0 1.0173971782 0.0
149.0 -1.40193387059 0.0
35.0 0.96864076673 0.0
161.0 -0.479321330486 0.0
123.0 0.726190747829 1.0
102.0 0.990769149565 0.0
4.0 0.632562615796 1.0
182.0 2.68155684353 1.0
14.0 0.906010782871 0.0
156.0 1.56393258348 0.0
107.0 0.693630092262 1.0
33.0 1.04152875697 0.0
142.0 -1.36379949622 1.0
30.0 0.690030517884 1.0
101.0 0.605238396074 1.0
28.0 0.605267770763 1.0
object 97	1.0:0.5 -16.2337941544:0.5
100.0 -16.2641883221 1.0
194.0 -15.6365711968 1.0
196.0 0.827253547296 0.0
47.0 0.974203842123 0.0
135.0 0.972949003058 0.0
25.0 -16.0868164242 1.0
199.0 1.48803614015 0.0
142.0 0.560036926119 0.0
103.0 -16.1371312 1.0
184.0 -19.1372696957 1.0
18.0 -16.2809154745 1.0
29.0 0.974428919038 0.0
131.0 1.00342388988 0.0
127.0 -16.2423046431 1.0
149.0 2.56022694319 0.0
80.0 -16.2477493118 1.0
155.0 -13.6168403919 1.0
78.0 0.925356887553 0.0
106.0 -16.220382045 1.0
object 98	1.0:0.5 -5.73770190819:0.5
55.0 1.02892768087 0.0
5.0 -5.75211393337 1.0
191.0 -8.40084673575 1.0
184.0 -10.4707916235 1.0
64.0 -5.83392253881 1.0
153.0 -11.7675853631 1.0
107.0 -5.77504207862 1.0
16.0 1.00766583584 0.0
140.0 -5.40481917634 1.0
67.0 -5.67496682684 1.0
46.0 -5.84749245939 1.0
193.0 -0.119376113259 0.0
77.0 -5.75387036492 1.0
125.0 -5.67057032218 1.0
50.0 -5.70781958577 1.0
195.0 1.16650527637 0.0
object 99	1.0:0.5 12.4566635585:0.5
29.0 1.00544197047 0.0
135.0 12.3140005404 1.0
182.0 18.4435521269 1.0
46.0 1.03504479193 0.0
154.0 10.3050753843 1.0
13.0 1.03192390765 0.0
31.0 12.4363066785 1.0
67.0 0.962802047405 0.0
130.0 12.3387752766 1.0
55.0 12.4517414063 1.0
62.0 0.962115072944 0.0
155.0 13.9554925409 1.0
141.0 15.095668939 1.0
115.0 1.02126984182 0.0
150.0 11.0622669169 1.0
59.0 1.07351767886 0.0
74.0 12.521419721 1.0
143.0 -3.46912859251 0.0
61.0 12.356677909 1.0
170.0 15.3091993596 1.0
138.0 12.4231292387 1.0
