object 0	1.0:1.0
18.0 0.99520369303 1.0
152.0 1.97089184301 1.0
106.0 1.02521659671 1.0
160.0 -5.54012469835 1.0
99.0 1.01446519072 1.0
130.0 1.01712580506 1.0
object 1	1.0:1.0
4.0 0.965369344147 1.0
8.0 0.990608629888 1.0
52.0 1.04168698008 1.0
79.0 1.07870596087 1.0
145.0 2.50510927857 1.0
119.0 1.03370290208 1.0
126.0 1.00585462836 1.0
60.0 0.946728936047 1.0
134.0 1.03358764293 1.0
object 2	1.0:1.0
148.0 4.30565759342 1.0
4.0 1.02098147241 1.0
173.0 -6.2154231612 1.0
149.0 -1.37618047376 1.0
63.0 0.949161827102 1.0
190.0 1.19566726424 1.0
74.0 1.0247856635 1.0
25.0 0.986939294363 1.0
object 3	1.0:1.0
55.0 0.941845362262 1.0
38.0 1.00479504511 1.0
123.0 0.992018266694 1.0
100.0 1.04060655567 1.0
18.0 0.912919340844 1.0
25.0 0.962101785441 1.0
14.0 0.932781496817 1.0
object 4	1.0:1.0
99.0 0.99449123714 1.0
198.0 8.03132890961 1.0
182.0 3.9520056423 1.0
168.0 1.50404207954 1.0
67.0 0.975973175289 1.0
149.0 0.420866235204 1.0
object 5	1.0:1.0
112.0 0.999433764148 1.0
25.0 0.998206044881 1.0
50.0 1.01122113841 1.0
77.0 1.02121425604 1.0
113.0 1.00758520696 1.0
71.0 0.980578801793 1.0
23.0 1.00298722648 1.0
171.0 -1.51408437674 1.0
68.0 1.04674763893 1.0
object 6	1.0:1.0
112.0 1.0543103895 1.0
194.0 1.8683578867 1.0
156.0 3.01006203338 1.0
18.0 1.03948515842 1.0
135.0 1.002245232 1.0
163.0 -4.40641966976 1.0
50.0 1.03475018651 1.0
object 7	1.0:1.0
110.0 1.00470544089 1.0
52.0 1.02621219835 1.0
96.0 0.992662819583 1.0
37.0 0.991776639885 1.0
39.0 0.979568570506 1.0
192.0 8.18157407468 1.0
127.0 0.998336798371 1.0
83.0 0.987983255076 1.0
object 8	1.0:1.0
16.0 0.992929747967 1.0
56.0 1.0091102687 1.0
11.0 0.985082979884 1.0
67.0 1.01650018825 1.0
151.0 -0.0971761827239 1.0
70.0 1.02919149914 1.0
101.0 0.932930317828 1.0
95.0 1.02505971735 1.0
6.0 1.00576184613 1.0
157.0 -2.18154862398 1.0
183.0 3.0135108028 1.0
103.0 1.03532935945 1.0
79.0 1.00251485805 1.0
object 9	1.0:1.0
56.0 0.947734230202 1.0
24.0 1.0510963938 1.0
90.0 0.993345451825 1.0
114.0 0.970756321521 1.0
38.0 0.984220677815 1.0
83.0 1.02179467145 1.0
2.0 0.993236087679 1.0
object 10	1.0:1.0
1.0 1.01126024647 1.0
14.0 1.06571052927 1.0
168.0 -0.961650642873 1.0
42.0 1.012705784 1.0
86.0 0.956944539674 1.0
27.0 1.04165881079 1.0
194.0 -2.67515672421 1.0
85.0 0.986206778745 1.0
58.0 0.989098251287 1.0
36.0 1.02979705263 1.0
3.0 1.02795728302 1.0
12.0 1.01129863169 1.0
object 11	1.0:1.0
131.0 1.07126309768 1.0
153.0 5.53152916111 1.0
135.0 0.9864622226 1.0
14.0 1.01291308057 1.0
172.0 2.11167072087 1.0
195.0 -0.614547336226 1.0
44.0 1.06874107683 1.0
165.0 5.27833016968 1.0
58.0 1.01256066146 1.0
88.0 0.978635342703 1.0
object 12	1.0:1.0
198.0 4.18045100854 1.0
129.0 1.01356644367 1.0
184.0 -2.88855443515 1.0
68.0 0.971728560627 1.0
74.0 1.00526235344 1.0
199.0 0.811708953898 1.0
189.0 0.491768364658 1.0
32.0 1.0146418178 1.0
object 13	1.0:1.0
30.0 1.00592502825 1.0
84.0 1.01677260732 1.0
34.0 0.984978484223 1.0
10.0 0.964867536201 1.0
52.0 0.922652674493 1.0
125.0 0.945217356552 1.0
22.0 0.988286004643 1.0
object 14	1.0:1.0
85.0 0.979055697757 1.0
13.0 1.0268089175 1.0
167.0 4.46191430413 1.0
171.0 -1.65776886562 1.0
100.0 0.97120804659 1.0
162.0 -0.918096750513 1.0
17.0 1.03134243911 1.0
18.0 0.92733997141 1.0
object 15	1.0:1.0
197.0 2.60627701105 1.0
133.0 1.03257026964 1.0
84.0 0.977159198084 1.0
45.0 0.971799605385 1.0
36.0 1.02588411138 1.0
153.0 3.81019931579 1.0
188.0 -4.36909109322 1.0
66.0 0.947926414075 1.0
63.0 0.976775460255 1.0
169.0 -2.48615934634 1.0
148.0 2.65469377822 1.0
object 16	1.0:1.0
81.0 0.975707425113 1.0
55.0 1.01382164926 1.0
184.0 -2.20780040509 1.0
29.0 1.00232229594 1.0
53.0 1.03568654421 1.0
28.0 0.969689268249 1.0
140.0 -1.58011134903 1.0
19.0 1.04791717302 1.0
87.0 0.998243867946 1.0
object 17	1.0:1.0
182.0 4.50317994644 1.0
173.0 0.6223027975 1.0
30.0 0.926699584784 1.0
48.0 0.984749690068 1.0
123.0 1.00842503376 1.0
34.0 0.973163689956 1.0
22.0 0.992251102384 1.0
69.0 1.02396120262 1.0
17.0 1.00353848219 1.0
185.0 0.560883793439 1.0
72.0 1.01563187353 1.0
object 18	1.0:1.0
115.0 1.01229403941 1.0
93.0 1.01051653417 1.0
149.0 1.59952480796 1.0
116.0 1.00322663785 1.0
82.0 1.00932988283 1.0
40.0 0.982797616453 1.0
111.0 0.992616936068 1.0
199.0 2.63795778475 1.0
object 19	1.0:1.0
182.0 2.17201030968 1.0
71.0 1.02554342605 1.0
100.0 1.03662838393 1.0
179.0 7.87916200812 1.0
132.0 0.951631990945 1.0
118.0 0.973908971068 1.0
195.0 -1.08808227362 1.0
46.0 0.992209415696 1.0
34.0 1.02597284367 1.0
51.0 1.01664133985 1.0
129.0 1.03467626323 1.0
84.0 0.98348920913 1.0
111.0 1.02333019746 1.0
object 20	1.0:1.0
59.0 0.990678657661 1.0
107.0 0.974912631839 1.0
16.0 1.00749554015 1.0
21.0 0.991073867125 1.0
129.0 1.0057946889 1.0
71.0 0.963279828501 1.0
50.0 0.984117774974 1.0
96.0 0.957546870637 1.0
48.0 1.0212584745 1.0
45.0 0.997975435466 1.0
object 21	1.0:1.0
143.0 0.0303034973501 1.0
89.0 0.937061310721 1.0
193.0 2.60972847214 1.0
105.0 1.00824502909 1.0
177.0 0.638982807983 1.0
6.0 1.02936400307 1.0
33.0 1.00643087085 1.0
object 22	1.0:1.0
179.0 0.48949753502 1.0
55.0 1.02638553751 1.0
95.0 0.945685122247 1.0
77.0 1.00370983893 1.0
147.0 -2.53465897791 1.0
165.0 2.00495021445 1.0
45.0 1.00793675186 1.0
object 23	1.0:1.0
38.0 0.982539237763 1.0
195.0 1.12695280911 1.0
105.0 0.992585571489 1.0
61.0 1.02987037487 1.0
object 24	1.0:1.0
79.0 1.02143662744 1.0
45.0 1.0161342286 1.0
109.0 1.03097028158 1.0
56.0 1.00620013541 1.0
188.0 -1.43470323243 1.0
175.0 4.13355084874 1.0
12.0 1.01963908658 1.0
41.0 0.936704159953 1.0
object 25	1.0:1.0
13.0 0.921053328542 1.0
142.0 -2.79294079834 1.0
140.0 0.149694202483 1.0
78.0 0.993518865016 1.0
160.0 0.0281579971213 1.0
137.0 1.00082430799 1.0
133.0 0.923192321415 1.0
162.0 3.87656873064 1.0
object 26	1.0:1.0
106.0 0.995338339777 1.0
71.0 0.984888931137 1.0
47.0 0.941401255943 1.0
134.0 1.00864293016 1.0
123.0 1.00110662852 1.0
13.0 0.954669954758 1.0
36.0 0.960367810604 1.0
176.0 0.391256844543 1.0
17.0 0.974851783854 1.0
object 27	1.0:1.0
46.0 0.994604064839 1.0
185.0 1.79865685268 1.0
89.0 0.963229367348 1.0
182.0 0.872103465308 1.0
73.0 1.03223395225 1.0
122.0 0.999519364426 1.0
object 28	1.0:1.0
39.0 1.00830634385 1.0
76.0 0.865573207206 1.0
178.0 4.44700451602 1.0
26.0 0.997245602101 1.0
136.0 1.00558868547 1.0
68.0 0.925733300699 1.0
1.0 0.95540721429 1.0
22.0 0.995967666606 1.0
177.0 -2.39587681556 1.0
object 29	1.0:1.0
114.0 0.949394652799 1.0
91.0 0.984405953744 1.0
13.0 0.994235620863 1.0
167.0 2.6310378918 1.0
84.0 1.00898716072 1.0
31.0 1.03130395301 1.0
154.0 -0.804190280056 1.0
object 30	1.0:1.0
141.0 0.73429984629 1.0
128.0 0.982634414843 1.0
155.0 1.61325899089 1.0
197.0 4.80412568447 1.0
16.0 0.994716121507 1.0
120.0 1.00016601743 1.0
176.0 3.71933857057 1.0
195.0 4.19643382455 1.0
64.0 1.05479444428 1.0
73.0 1.05042663052 1.0
61.0 1.00019305012 1.0
19.0 0.947719861699 1.0
132.0 1.0341610349 1.0
75.0 1.0009419216 1.0
object 31	1.0:1.0
121.0 0.989965523631 1.0
150.0 -0.846809712567 1.0
94.0 0.97930539013 1.0
69.0 1.00091938567 1.0
168.0 2.09919323287 1.0
44.0 0.96472513117 1.0
153.0 -1.79771179189 1.0
object 32	1.0:1.0
155.0 3.57620778113 1.0
109.0 0.998440372659 1.0
71.0 1.00555484863 1.0
153.0 -2.3645379964 1.0
98.0 1.05982045047 1.0
105.0 1.03864033607 1.0
193.0 1.4560426521 1.0
146.0 5.82676945366 1.0
103.0 1.03243614587 1.0
183.0 0.209392261546 1.0
135.0 1.01191890044 1.0
139.0 1.00299790562 1.0
object 33	1.0:1.0
23.0 1.04358730719 1.0
37.0 0.933927411782 1.0
17.0 0.97389974643 1.0
185.0 2.06389787556 1.0
4.0 0.9654044335 1.0
166.0 -5.01550895253 1.0
147.0 0.373539349806 1.0
146.0 -1.68403100391 1.0
1.0 0.982515422414 1.0
59.0 1.00235176682 1.0
object 34	1.0:1.0
66.0 1.00505195995 1.0
132.0 0.962919605512 1.0
174.0 -1.20566323413 1.0
34.0 1.01695723737 1.0
133.0 0.987219649605 1.0
28.0 0.956148823642 1.0
87.0 1.03473722542 1.0
69.0 1.10103052432 1.0
30.0 0.937841805085 1.0
92.0 0.999062862073 1.0
80.0 0.993426616183 1.0
182.0 2.08152754143 1.0
object 35	1.0:1.0
10.0 0.911435586337 1.0
85.0 0.973924736877 1.0
70.0 1.02702502553 1.0
81.0 0.963185168714 1.0
67.0 0.972283738041 1.0
124.0 0.956807364872 1.0
121.0 1.02956326311 1.0
148.0 -2.59519101718 1.0
113.0 0.988377605098 1.0
101.0 0.958440038572 1.0
46.0 1.01476372949 1.0
170.0 1.31716538502 1.0
83.0 0.990477130362 1.0
57.0 0.982668512879 1.0
103.0 0.988569483597 1.0
127.0 1.00387210315 1.0
object 36	1.0:1.0
33.0 0.956418195609 1.0
160.0 -5.23062636196 1.0
178.0 0.115833824422 1.0
12.0 0.938147691069 1.0
183.0 2.33912737391 1.0
179.0 -3.60501158543 1.0
97.0 1.02486015072 1.0
object 37	1.0:1.0
142.0 -1.63052558298 1.0
182.0 -0.576937000828 1.0
121.0 0.998530404637 1.0
39.0 0.97946857838 1.0
object 38	1.0:1.0
86.0 0.994803333164 1.0
41.0 1.00262626733 1.0
178.0 -1.60709176725 1.0
134.0 1.0364745963 1.0
171.0 3.05760505173 1.0
82.0 1.04175171812 1.0
123.0 0.995747427721 1.0
object 39	1.0:1.0
78.0 0.989973310992 1.0
150.0 -0.305623896548 1.0
131.0 0.928890258351 1.0
109.0 1.02110136201 1.0
196.0 0.70011240231 1.0
20.0 0.948600358081 1.0
object 40	1.0:1.0
98.0 0.98168957561 1.0
153.0 1.27423576842 1.0
171.0 6.72150805131 1.0
88.0 1.01137411073 1.0
23.0 1.03787876062 1.0
56.0 0.96979307949 1.0
110.0 1.0151997669 1.0
36.0 1.03069743903 1.0
object 41	1.0:1.0
40.0 1.02287113249 1.0
73.0 1.00643316616 1.0
167.0 2.80312139321 1.0
57.0 0.9789647941 1.0
55.0 1.00986381286 1.0
object 42	1.0:1.0
108.0 0.999376012339 1.0
110.0 1.01444884403 1.0
17.0 1.00539703552 1.0
144.0 -2.32363613193 1.0
66.0 1.04392066609 1.0
150.0 4.66755618252 1.0
162.0 2.97536522196 1.0
184.0 -2.94471955288 1.0
77.0 0.971159860709 1.0
object 43	1.0:1.0
170.0 3.46717805317 1.0
11.0 1.01448425292 1.0
94.0 1.0196649586 1.0
162.0 1.60896080324 1.0
106.0 0.993320049711 1.0
141.0 1.36978382699 1.0
147.0 0.462338636246 1.0
152.0 2.34688286488 1.0
32.0 1.05922172003 1.0
187.0 0.391342313211 1.0
181.0 -0.692474566222 1.0
object 44	1.0:1.0
43.0 1.02201299458 1.0
69.0 1.03171170759 1.0
149.0 1.3926875554 1.0
105.0 1.04082322876 1.0
49.0 1.04076579447 1.0
26.0 0.98924084309 1.0
85.0 0.98582227994 1.0
108.0 1.00604814575 1.0
18.0 1.07181837114 1.0
45.0 0.974215002988 1.0
118.0 0.902871376826 1.0
25.0 1.00337152879 1.0
169.0 2.05992827031 1.0
object 45	1.0:1.0
174.0 7.95284401145 1.0
61.0 0.961046594153 1.0
180.0 2.81395228963 1.0
137.0 0.977502951798 1.0
112.0 0.881204030578 1.0
54.0 0.991215324461 1.0
115.0 1.00516459822 1.0
139.0 1.00135999387 1.0
190.0 1.15291816406 1.0
146.0 2.71723907142 1.0
122.0 0.986804333677 1.0
77.0 0.992370420809 1.0
object 46	1.0:1.0
43.0 0.956928019656 1.0
21.0 0.967321009108 1.0
3.0 1.00836510344 1.0
161.0 1.46999881036 1.0
85.0 0.989426071486 1.0
184.0 4.89141517621 1.0
30.0 1.06140696928 1.0
119.0 0.952269481166 1.0
116.0 1.00700484116 1.0
117.0 0.99597287596 1.0
object 47	1.0:1.0
107.0 1.00411828229 1.0
39.0 0.997684723145 1.0
26.0 0.985594478568 1.0
103.0 0.994446618854 1.0
168.0 1.03425839082 1.0
191.0 3.3266483145 1.0
50.0 0.972245585113 1.0
154.0 1.83656689881 1.0
43.0 1.04977187463 1.0
123.0 1.00941263539 1.0
83.0 1.01061680957 1.0
113.0 1.03165971084 1.0
124.0 0.961444225323 1.0
148.0 6.80293423291 1.0
54.0 0.982218658002 1.0
object 48	1.0:1.0
20.0 1.02208912386 1.0
37.0 0.973019207178 1.0
197.0 0.108915392333 1.0
126.0 0.995891348264 1.0
4.0 1.00170677193 1.0
74.0 0.993807143442 1.0
object 49	1.0:1.0
94.0 0.983942090438 1.0
190.0 0.137339753411 1.0
148.0 -1.32380006967 1.0
object 50	1.0:1.0
93.0 1.02613198602 1.0
23.0 0.942059361942 1.0
189.0 0.4009673378 1.0
154.0 9.62571057959 1.0
55.0 0.954083095668 1.0
98.0 0.982010115536 1.0
object 51	1.0:1.0
152.0 -2.1060723456 1.0
153.0 -1.08693598342 1.0
178.0 -2.40870890174 1.0
2.0 0.936345786967 1.0
184.0 3.71190374094 1.0
70.0 0.984658808574 1.0
66.0 1.02919877388 1.0
object 52	1.0:1.0
139.0 1.01171190432 1.0
54.0 0.997457807124 1.0
56.0 1.0275288371 1.0
177.0 1.91770636224 1.0
object 53	1.0:1.0
45.0 1.03323514168 1.0
115.0 1.03686520527 1.0
57.0 1.00108895338 1.0
108.0 0.980831299923 1.0
11.0 0.971941886728 1.0
186.0 0.808788983277 1.0
object 54	1.0:1.0
29.0 0.984216629096 1.0
187.0 -5.31748206695 1.0
9.0 1.05099561714 1.0
78.0 1.01612206572 1.0
3.0 1.0105377124 1.0
83.0 1.00385982663 1.0
46.0 0.987202708468 1.0
121.0 1.03872730468 1.0
80.0 1.00295308779 1.0
63.0 1.048805683 1.0
70.0 1.01868272858 1.0
106.0 0.997680719351 1.0
104.0 1.00698318705 1.0
object 55	1.0:1.0
9.0 0.984036553966 1.0
102.0 1.01365133437 1.0
106.0 1.01113586322 1.0
11.0 0.975172031226 1.0
88.0 1.00901641339 1.0
83.0 1.01772027262 1.0
53.0 0.973259860793 1.0
30.0 0.974579760112 1.0
189.0 -2.00938573024 1.0
object 56	1.0:1.0
32.0 1.0816741308 1.0
178.0 -0.214217500398 1.0
5.0 0.932248465934 1.0
26.0 1.02321305019 1.0
124.0 0.968542979649 1.0
94.0 0.969515948962 1.0
174.0 4.41848902331 1.0
object 57	1.0:1.0
57.0 0.974759479514 1.0
6.0 0.996370761801 1.0
135.0 0.98931190062 1.0
51.0 1.00864232559 1.0
125.0 1.0023997799 1.0
179.0 -1.32259940315 1.0
object 58	1.0:1.0
104.0 1.00547449287 1.0
107.0 0.948589053139 1.0
119.0 0.993629409846 1.0
182.0 2.7329940094 1.0
1.0 0.96509563586 1.0
160.0 -7.85265061966 1.0
9.0 0.983639547009 1.0
77.0 0.9709001809 1.0
25.0 0.934915888979 1.0
52.0 0.980295651311 1.0
object 59	1.0:1.0
14.0 1.04148564777 1.0
15.0 1.01109893581 1.0
58.0 0.933557324727 1.0
68.0 1.059069014 1.0
120.0 0.988314814519 1.0
29.0 0.942200744341 1.0
174.0 -4.33120761057 1.0
66.0 1.0373605564 1.0
object 60	1.0:1.0
50.0 0.951328703568 1.0
27.0 0.989722609308 1.0
123.0 0.982715466794 1.0
37.0 1.00482243705 1.0
144.0 2.30356202928 1.0
111.0 0.983809887812 1.0
99.0 0.989716537104 1.0
object 61	1.0:1.0
140.0 3.84829982276 1.0
154.0 5.73969772408 1.0
17.0 0.966869884537 1.0
143.0 7.32882359301 1.0
26.0 1.00349739679 1.0
185.0 -0.555067916231 1.0
73.0 0.940537639474 1.0
190.0 -0.154122142689 1.0
67.0 0.982267556709 1.0
199.0 4.58638979601 1.0
187.0 -0.806209622973 1.0
58.0 1.06006158499 1.0
90.0 0.98413965165 1.0
object 62	1.0:1.0
112.0 1.03996879375 1.0
13.0 0.964747392367 1.0
152.0 -4.79987846879 1.0
194.0 7.10957313526 1.0
41.0 1.02242527971 1.0
125.0 1.01605001192 1.0
154.0 -1.31302250258 1.0
104.0 0.983264706844 1.0
99.0 0.998118698765 1.0
79.0 0.97400205453 1.0
object 63	1.0:1.0
95.0 0.955782990983 1.0
189.0 0.226137854418 1.0
131.0 0.99745149289 1.0
173.0 0.545783630077 1.0
81.0 1.06600002957 1.0
37.0 1.06492296574 1.0
object 64	1.0:1.0
63.0 1.01543237598 1.0
162.0 -0.368973853825 1.0
53.0 1.06511304722 1.0
95.0 0.997599890689 1.0
150.0 7.12208252618 1.0
134.0 1.01597495355 1.0
106.0 0.995583694647 1.0
34.0 1.02797200732 1.0
object 65	1.0:1.0
14.0 1.00212349561 1.0
166.0 0.158769201825 1.0
127.0 0.978259589352 1.0
80.0 0.97709759744 1.0
73.0 1.0119578804 1.0
object 66	1.0:1.0
175.0 -0.25896012272 1.0
9.0 1.0386624906 1.0
52.0 0.944713213667 1.0
40.0 0.989909188185 1.0
176.0 -2.56725583715 1.0
object 67	1.0:1.0
153.0 -0.800198692478 1.0
31.0 0.948485510144 1.0
37.0 1.01507756318 1.0
181.0 1.21467278524 1.0
190.0 0.355244555542 1.0
51.0 1.01317337716 1.0
163.0 1.8266550223 1.0
97.0 0.986297873478 1.0
168.0 1.23940322118 1.0
176.0 3.23304109866 1.0
75.0 1.00870723733 1.0
56.0 0.998921771428 1.0
127.0 1.01107489278 1.0
object 68	1.0:1.0
159.0 4.80569610701 1.0
166.0 -1.16591892503 1.0
1.0 0.990200752848 1.0
object 69	1.0:1.0
104.0 0.998583652044 1.0
135.0 1.00036919413 1.0
134.0 0.932818331637 1.0
25.0 0.966151160561 1.0
77.0 1.00119761292 1.0
51.0 1.04091139762 1.0
103.0 0.969644405423 1.0
193.0 1.51954711811 1.0
24.0 0.991166798381 1.0
68.0 1.01906386587 1.0
151.0 10.2062485056 1.0
172.0 1.46265641778 1.0
object 70	1.0:1.0
121.0 1.00752062527 1.0
105.0 1.0182582867 1.0
23.0 1.00751920299 1.0
96.0 1.06757440724 1.0
196.0 2.19827541514 1.0
77.0 0.980546879391 1.0
60.0 1.05747445295 1.0
object 71	1.0:1.0
43.0 1.01773185684 1.0
137.0 1.00318535273 1.0
14.0 0.992757508505 1.0
118.0 0.974800231667 1.0
186.0 -0.993666068523 1.0
74.0 0.988751962807 1.0
3.0 1.05397118467 1.0
162.0 3.92363815538 1.0
object 72	1.0:1.0
164.0 1.58058886511 1.0
74.0 0.973822993626 1.0
40.0 0.962479352987 1.0
152.0 -2.62320400496 1.0
193.0 1.56088951631 1.0
object 73	1.0:1.0
172.0 1.4885897441 1.0
22.0 0.996072711815 1.0
86.0 0.955915207045 1.0
181.0 -0.459261322123 1.0
68.0 0.96027113117 1.0
46.0 0.988589932014 1.0
196.0 0.77586295486 1.0
100.0 0.957678485503 1.0
object 74	1.0:1.0
84.0 0.960364579275 1.0
81.0 1.0006127174 1.0
124.0 1.04092923157 1.0
127.0 0.983185875296 1.0
152.0 -1.85534228783 1.0
178.0 -1.39313422638 1.0
25.0 0.999347136763 1.0
83.0 0.985832177138 1.0
157.0 -2.03599298946 1.0
object 75	1.0:1.0
113.0 1.00697574015 1.0
197.0 -0.983239693462 1.0
133.0 1.04005623606 1.0
33.0 1.00662345898 1.0
6.0 1.03804828969 1.0
169.0 -6.11374762549 1.0
165.0 6.74682815538 1.0
156.0 -2.41243756479 1.0
122.0 0.995020927928 1.0
160.0 1.33024765319 1.0
object 76	1.0:1.0
105.0 1.00823980915 1.0
157.0 0.0210353377116 1.0
144.0 7.12297583769 1.0
21.0 1.04258260353 1.0
128.0 1.03469416814 1.0
84.0 0.97807627051 1.0
object 77	1.0:1.0
50.0 0.976153457995 1.0
43.0 0.983606377367 1.0
47.0 1.0422282121 1.0
81.0 1.03607903877 1.0
69.0 1.04049609758 1.0
173.0 3.16528252416 1.0
22.0 0.997719089989 1.0
8.0 1.00200943623 1.0
object 78	1.0:1.0
122.0 1.00101295959 1.0
20.0 1.03099355235 1.0
100.0 0.995117649048 1.0
186.0 0.765364653267 1.0
155.0 0.521071465282 1.0
166.0 1.75390702434 1.0
136.0 1.04363601829 1.0
85.0 0.972674964327 1.0
40.0 0.946596298949 1.0
79.0 1.05158933489 1.0
82.0 1.01995058877 1.0
179.0 3.8776529214 1.0
115.0 1.01290054602 1.0
49.0 0.983864553221 1.0
194.0 -2.27081465635 1.0
object 79	1.0:1.0
167.0 -2.39886956136 1.0
59.0 0.990066764013 1.0
58.0 0.992012434839 1.0
9.0 1.01484581695 1.0
104.0 1.00792328947 1.0
76.0 0.975251745581 1.0
169.0 1.17290709086 1.0
118.0 0.939799542208 1.0
42.0 0.973477377915 1.0
28.0 0.991611174454 1.0
138.0 0.964036189563 1.0
object 80	1.0:1.0
6.0 1.05719564966 1.0
139.0 0.977465476996 1.0
28.0 0.964587440646 1.0
175.0 -0.0913054720588 1.0
126.0 0.989926084548 1.0
176.0 0.570347683837 1.0
133.0 0.967586821598 1.0
79.0 0.963731299283 1.0
23.0 0.975711786916 1.0
2.0 0.991346356274 1.0
object 81	1.0:1.0
94.0 1.01910084161 1.0
167.0 3.38056722672 1.0
171.0 7.50741838081 1.0
194.0 -0.558871981362 1.0
34.0 1.01582635251 1.0
54.0 1.03898516811 1.0
33.0 1.00843738658 1.0
9.0 0.967617068442 1.0
75.0 1.02459174248 1.0
158.0 -2.87551758119 1.0
object 82	1.0:1.0
53.0 1.00625013659 1.0
188.0 -0.490603049671 1.0
196.0 2.45090634724 1.0
40.0 0.964417628686 1.0
56.0 1.00150112819 1.0
22.0 1.01417044981 1.0
object 83	1.0:1.0
56.0 0.981680817941 1.0
192.0 -2.77053420163 1.0
42.0 1.01795426285 1.0
190.0 0.217299466255 1.0
166.0 -5.94334662398 1.0
52.0 0.952008096612 1.0
17.0 1.03603922311 1.0
136.0 0.961746534883 1.0
object 84	1.0:1.0
18.0 1.0073618888 1.0
198.0 -3.59642941615 1.0
163.0 5.12523220096 1.0
174.0 3.47681848985 1.0
20.0 1.01174802964 1.0
133.0 1.04439595181 1.0
97.0 1.02183577569 1.0
5.0 1.03147129252 1.0
180.0 -7.54372995969 1.0
13.0 1.00797634632 1.0
24.0 1.04378747823 1.0
189.0 1.54552508671 1.0
8.0 0.975312576639 1.0
69.0 0.957265073048 1.0
88.0 1.02068426181 1.0
object 85	1.0:1.0
187.0 -2.22359723818 1.0
15.0 1.03810462107 1.0
63.0 1.04144818976 1.0
147.0 1.06504431399 1.0
88.0 0.981168891471 1.0
87.0 1.02808868682 1.0
157.0 -1.41488138957 1.0
61.0 0.98518525502 1.0
199.0 9.72968752562 1.0
0.0 1.00976237752 1.0
169.0 2.3587510449 1.0
object 86	1.0:1.0
125.0 0.987078666644 1.0
12.0 1.02888210941 1.0
115.0 1.00419879375 1.0
65.0 0.976509112033 1.0
83.0 1.01069418058 1.0
6.0 0.952673518792 1.0
74.0 1.00311799833 1.0
27.0 0.895131443951 1.0
58.0 1.01909373963 1.0
170.0 0.556145704989 1.0
object 87	1.0:1.0
31.0 0.962648463737 1.0
28.0 0.946351694979 1.0
191.0 2.31554045232 1.0
20.0 0.968500175224 1.0
193.0 0.59108399199 1.0
6.0 0.951498004427 1.0
124.0 1.01247919488 1.0
2.0 0.978660670491 1.0
170.0 1.79471853886 1.0
165.0 0.818679263853 1.0
178.0 3.6185717147 1.0
38.0 1.02969597684 1.0
58.0 0.949674834321 1.0
object 88	1.0:1.0
80.0 0.972908531233 1.0
17.0 1.04821378686 1.0
34.0 1.00125344787 1.0
155.0 -0.872580293358 1.0
31.0 1.00244907971 1.0
54.0 0.996726076952 1.0
87.0 0.989194228006 1.0
84.0 0.992451557009 1.0
61.0 1.0007416175 1.0
object 89	1.0:1.0
26.0 1.00700280736 1.0
149.0 3.29484031575 1.0
94.0 1.06174815487 1.0
100.0 0.988448765615 1.0
90.0 1.02222801903 1.0
34.0 0.97963554458 1.0
115.0 1.01108734802 1.0
116.0 0.985309338751 1.0
31.0 0.960388419996 1.0
40.0 0.985790331023 1.0
103.0 1.01671949755 1.0
object 90	1.0:1.0
45.0 1.03196788734 1.0
63.0 0.979469263334 1.0
100.0 1.02483299591 1.0
141.0 1.64237703161 1.0
79.0 1.00481225461 1.0
11.0 1.00097068575 1.0
198.0 -2.78826934305 1.0
94.0 0.977808247402 1.0
26.0 1.01082772115 1.0
54.0 0.992264341599 1.0
76.0 1.00548543057 1.0
43.0 1.03325992567 1.0
object 91	1.0:1.0
22.0 0.988955805643 1.0
82.0 0.979777023053 1.0
23.0 1.00337460723 1.0
61.0 1.00875460341 1.0
169.0 -4.17080879729 1.0
7.0 1.00670188382 1.0
0.0 1.05169692282 1.0
object 92	1.0:1.0
194.0 6.05915450875 1.0
28.0 0.966724289269 1.0
30.0 0.915271921012 1.0
137.0 1.0030624902 1.0
6.0 1.0283536048 1.0
51.0 0.982431191112 1.0
124.0 1.02461463825 1.0
105.0 1.05095443988 1.0
122.0 1.01990752474 1.0
object 93	1.0:1.0
70.0 0.972628131613 1.0
163.0 -4.36125468548 1.0
107.0 1.05971903449 1.0
41.0 0.951810260284 1.0
89.0 0.973312251508 1.0
127.0 0.991135913279 1.0
167.0 11.1309728995 1.0
199.0 1.29463278537 1.0
object 94	1.0:1.0
101.0 0.974153560243 1.0
193.0 2.14612641344 1.0
107.0 1.03207648537 1.0
194.0 1.11449649147 1.0
44.0 1.02036686339 1.0
126.0 1.00573994712 1.0
70.0 0.999506140535 1.0
186.0 1.01861891879 1.0
15.0 1.06904327871 1.0
124.0 0.987460754472 1.0
object 95	1.0:1.0
56.0 0.997507500298 1.0
146.0 -6.31409436101 1.0
159.0 5.91542375243 1.0
70.0 0.919687935803 1.0
118.0 1.02752608829 1.0
6.0 0.978610133671 1.0
198.0 -4.29139404856 1.0
123.0 0.98501406626 1.0
9.0 1.03085581783 1.0
63.0 0.992213820962 1.0
object 96	1.0:1.0
178.0 5.58391047665 1.0
128.0 0.986995445267 1.0
72.0 0.968576296949 1.0
84.0 1.01178074252 1.0
109.0 0.947154731052 1.0
71.0 0.989863364427 1.0
42.0 1.00997815642 1.0
86.0 0.971739505512 1.0
88.0 1.00714033211 1.0
24.0 0.941982760813 1.0
135.0 1.00091972694 1.0
54.0 0.989099747438 1.0
46.0 1.00872285957 1.0
7.0 1.02405548712 1.0
144.0 -0.436489466195 1.0
object 97	1.0:1.0
21.0 1.07396441845 1.0
28.0 1.01155968089 1.0
102.0 0.957543822319 1.0
194.0 -3.14642200736 1.0
169.0 3.38742498858 1.0
130.0 1.02639252265 1.0
object 98	1.0:1.0
53.0 1.04297461669 1.0
55.0 1.03422620361 1.0
144.0 -1.60523864825 1.0
150.0 0.484341290583 1.0
8.0 0.990783770192 1.0
46.0 1.02563094018 1.0
60.0 1.00276618408 1.0
86.0 0.913858253445 1.0
193.0 4.47213301947 1.0
27.0 1.00444196417 1.0
object 99	1.0:1.0
22.0 1.01124474686 1.0
5.0 1.03937347784 1.0
135.0 1.01283700585 1.0
9.0 0.96664551287 1.0
29.0 0.996526422447 1.0
54.0 0.941218335569 1.0
