object 0	1.0:1.0
123.0 1.03569560618 1.0
25.0 1.01612294797 1.0
73.0 1.0169731453 1.0
180.0 -0.332003966931 1.0
100.0 0.954640501297 1.0
33.0 0.992636054022 1.0
58.0 1.03232634609 1.0
119.0 0.981984119283 1.0
object 1	1.0:1.0
18.0 1.02573771149 1.0
60.0 1.01996747495 1.0
81.0 0.991135984782 1.0
76.0 1.03086339161 1.0
163.0 1.06112024404 1.0
54.0 0.929613606006 1.0
186.0 5.14342869897 1.0
object 2	1.0:1.0
180.0 2.99866432859 1.0
144.0 1.00057809066 1.0
123.0 1.00543320809 1.0
170.0 0.977070785942 1.0
94.0 1.01631958759 1.0
76.0 0.989552949595 1.0
199.0 0.0888594803623 1.0
117.0 1.02763347612 1.0
object 3	1.0:1.0
59.0 1.00817497316 1.0
117.0 0.953538489486 1.0
10.0 0.990949413359 1.0
object 4	1.0:1.0
187.0 -1.96393659248 1.0
155.0 1.00369580965 1.0
93.0 1.04708210714 1.0
135.0 0.992336209285 1.0
131.0 1.05720375555 1.0
9.0 1.02166905254 1.0
object 5	1.0:1.0
98.0 0.976818326251 1.0
144.0 1.01243920855 1.0
133.0 0.983132917248 1.0
88.0 0.97160073427 1.0
object 6	1.0:1.0
35.0 0.987115907965 1.0
97.0 0.990645734145 1.0
19.0 0.997584061804 1.0
169.0 1.00951033199 1.0
74.0 1.02348106547 1.0
17.0 0.933870534134 1.0
142.0 0.995729449649 1.0
object 7	1.0:1.0
186.0 -1.01189706892 1.0
31.0 0.946111544811 1.0
195.0 3.59758734503 1.0
56.0 1.02124278268 1.0
32.0 1.04687100621 1.0
20.0 0.989664124609 1.0
47.0 1.01691877169 1.0
155.0 0.960601058892 1.0
173.0 1.02476086586 1.0
87.0 1.01885973867 1.0
object 8	1.0:1.0
180.0 1.84324318205 1.0
196.0 2.0931760406 1.0
54.0 1.07032913066 1.0
137.0 1.00941039979 1.0
38.0 1.00877773346 1.0
object 9	1.0:1.0
195.0 4.2994360779 1.0
53.0 1.00743035452 1.0
192.0 1.32622019996 1.0
163.0 1.05210835718 1.0
120.0 1.00831804447 1.0
194.0 2.51558991162 1.0
object 10	1.0:1.0
53.0 1.02091519385 1.0
101.0 1.01759208038 1.0
166.0 1.02752700194 1.0
19.0 1.0018804592 1.0
147.0 0.979841920572 1.0
114.0 1.01043601338 1.0
49.0 0.932954001697 1.0
object 11	1.0:1.0
77.0 1.00262594676 1.0
31.0 1.0123732705 1.0
135.0 0.955442462197 1.0
128.0 1.01619616472 1.0
113.0 1.09113648074 1.0
172.0 0.926242601334 1.0
47.0 0.994476846296 1.0
147.0 0.992404242497 1.0
object 12	1.0:1.0
28.0 0.922271518259 1.0
49.0 1.00461393818 1.0
19.0 1.0001853945 1.0
107.0 1.02078889781 1.0
52.0 1.06357144654 1.0
95.0 0.984856418804 1.0
146.0 1.01688805133 1.0
75.0 1.03424851146 1.0
object 13	1.0:1.0
197.0 3.91443504078 1.0
130.0 0.979570747334 1.0
183.0 4.1564107518 1.0
80.0 1.0350412661 1.0
106.0 1.02414180508 1.0
181.0 -2.0483384098 1.0
118.0 0.988745235128 1.0
151.0 0.985258864195 1.0
object 14	1.0:1.0
59.0 1.00226876137 1.0
167.0 1.0411055428 1.0
27.0 1.01629951883 1.0
188.0 4.11333383179 1.0
object 15	1.0:1.0
169.0 0.989260144134 1.0
69.0 0.998967167122 1.0
39.0 0.984730309611 1.0
object 16	1.0:1.0
181.0 -2.76102053791 1.0
92.0 0.991317612614 1.0
105.0 1.00465570324 1.0
78.0 1.01055544497 1.0
4.0 0.95723510702 1.0
26.0 0.999354135691 1.0
object 17	1.0:1.0
191.0 4.02645747304 1.0
178.0 1.00293313738 1.0
198.0 2.989445268 1.0
100.0 1.03672034878 1.0
112.0 0.972323447213 1.0
25.0 0.96510413689 1.0
137.0 1.01574469091 1.0
19.0 0.996572395419 1.0
38.0 0.995479898586 1.0
186.0 -1.33347369101 1.0
object 18	1.0:1.0
65.0 1.00940093875 1.0
156.0 1.02060610484 1.0
101.0 1.06363355796 1.0
171.0 1.03483884268 1.0
41.0 0.999033794365 1.0
object 19	1.0:1.0
40.0 0.981766255798 1.0
160.0 1.03115530102 1.0
7.0 0.964414365334 1.0
75.0 0.943591989772 1.0
object 20	1.0:1.0
109.0 0.998368219641 1.0
63.0 0.989233980767 1.0
11.0 1.00945465652 1.0
object 21	1.0:1.0
74.0 1.03990485794 1.0
134.0 1.02701962163 1.0
159.0 0.999959613869 1.0
140.0 1.00671031372 1.0
object 22	1.0:1.0
91.0 0.989645686685 1.0
76.0 1.06468128694 1.0
102.0 0.994673209126 1.0
149.0 1.03268724632 1.0
28.0 0.976064156483 1.0
object 23	1.0:1.0
61.0 0.990914407399 1.0
13.0 0.999264417904 1.0
20.0 0.993094286619 1.0
164.0 0.992142946198 1.0
196.0 0.899330103356 1.0
62.0 0.997825947841 1.0
8.0 0.933994595558 1.0
object 24	1.0:1.0
84.0 1.03442470721 1.0
124.0 0.996830041401 1.0
159.0 0.989141584078 1.0
198.0 2.48731948155 1.0
69.0 1.03321906064 1.0
192.0 0.239254018304 1.0
83.0 0.956402098224 1.0
41.0 0.994758960842 1.0
135.0 0.908806325399 1.0
object 25	1.0:1.0
158.0 1.00325285566 1.0
184.0 -0.64138772997 1.0
16.0 0.994078243305 1.0
124.0 0.98523324679 1.0
72.0 0.959240508863 1.0
91.0 0.973245191269 1.0
166.0 0.998236493599 1.0
object 26	1.0:1.0
120.0 1.02502288751 1.0
122.0 1.02048032666 1.0
object 27	1.0:1.0
125.0 0.999213123486 1.0
109.0 0.958594179744 1.0
49.0 1.0186641467 1.0
48.0 0.980641977048 1.0
113.0 0.913377316772 1.0
92.0 1.00070099482 1.0
object 28	1.0:1.0
5.0 0.951683210893 1.0
38.0 1.0311501419 1.0
197.0 1.25551561696 1.0
93.0 1.02516829215 1.0
179.0 1.02544965332 1.0
157.0 1.00937284797 1.0
87.0 0.964995553327 1.0
137.0 0.994546957236 1.0
176.0 1.00167553297 1.0
object 29	1.0:1.0
27.0 1.00666379839 1.0
164.0 0.963334836705 1.0
104.0 1.01111141486 1.0
83.0 0.997311577514 1.0
48.0 0.997059998504 1.0
52.0 1.0024078885 1.0
object 30	1.0:1.0
116.0 1.02070694345 1.0
77.0 1.00572011585 1.0
41.0 1.03271571195 1.0
object 31	1.0:1.0
132.0 1.01029070828 1.0
99.0 0.986608724535 1.0
188.0 0.490067107627 1.0
60.0 1.04148172892 1.0
96.0 0.952450004169 1.0
1.0 1.01409794317 1.0
42.0 1.00272353606 1.0
object 32	1.0:1.0
120.0 1.02693675949 1.0
71.0 1.04065721583 1.0
58.0 0.973766627992 1.0
159.0 1.01228048803 1.0
object 33	1.0:1.0
157.0 0.984527354461 1.0
161.0 1.03764988502 1.0
113.0 1.01963026395 1.0
96.0 0.975546840753 1.0
30.0 1.05883877701 1.0
91.0 0.986772033637 1.0
158.0 0.984623023341 1.0
object 34	1.0:1.0
54.0 0.982454628354 1.0
34.0 0.973312713635 1.0
107.0 1.01036895176 1.0
56.0 0.990366154634 1.0
16.0 0.976424135353 1.0
158.0 0.988409741562 1.0
object 35	1.0:1.0
34.0 0.972984155734 1.0
11.0 0.987366331408 1.0
159.0 1.00233572102 1.0
142.0 1.00736812607 1.0
79.0 0.936071240009 1.0
106.0 1.02555166335 1.0
197.0 -0.726618211163 1.0
50.0 0.98698367739 1.0
93.0 0.997853039623 1.0
object 36	1.0:1.0
70.0 1.01977138973 1.0
20.0 0.977901426894 1.0
164.0 1.00264697514 1.0
195.0 1.80608660933 1.0
119.0 0.999879916779 1.0
99.0 1.00733865951 1.0
149.0 1.02118437241 1.0
188.0 0.94785205082 1.0
147.0 0.982665306312 1.0
110.0 0.967649493789 1.0
30.0 0.935701554007 1.0
object 37	1.0:1.0
155.0 0.966820639621 1.0
124.0 0.997210783294 1.0
29.0 0.973620206002 1.0
157.0 0.997096255629 1.0
0.0 0.997993787413 1.0
5.0 0.951546525493 1.0
object 38	1.0:1.0
57.0 0.99608409095 1.0
30.0 1.01007701155 1.0
95.0 1.01330855681 1.0
86.0 0.968501476138 1.0
52.0 0.923210772448 1.0
object 39	1.0:1.0
53.0 1.00787219054 1.0
41.0 0.99551142845 1.0
148.0 1.02561727456 1.0
63.0 0.983167229814 1.0
71.0 0.965548183257 1.0
115.0 1.01137172884 1.0
130.0 0.967974886792 1.0
object 40	1.0:1.0
149.0 1.05688099038 1.0
170.0 1.00234584588 1.0
199.0 3.24034747951 1.0
192.0 5.19497020442 1.0
56.0 1.01729847731 1.0
185.0 -0.747247092039 1.0
object 41	1.0:1.0
122.0 0.960328233298 1.0
159.0 1.02669891798 1.0
184.0 -1.07282377635 1.0
1.0 1.00400349389 1.0
9.0 1.04084409488 1.0
143.0 0.982139782023 1.0
object 42	1.0:1.0
189.0 0.089388410084 1.0
47.0 1.00734035599 1.0
98.0 1.00767503715 1.0
81.0 1.03005529054 1.0
23.0 0.962547638154 1.0
107.0 0.945030213757 1.0
object 43	1.0:1.0
109.0 1.01581647037 1.0
192.0 7.10696430564 1.0
104.0 0.967174185629 1.0
74.0 0.917938156322 1.0
6.0 1.00214147207 1.0
152.0 1.01223734987 1.0
32.0 1.02120498887 1.0
8.0 1.03287879502 1.0
56.0 1.0219103122 1.0
3.0 0.964400634305 1.0
96.0 1.043757106 1.0
object 44	1.0:1.0
86.0 1.01090118755 1.0
161.0 0.978888959575 1.0
84.0 1.00935533333 1.0
121.0 0.988581439894 1.0
97.0 0.979506888639 1.0
object 45	1.0:1.0
28.0 1.00657466703 1.0
125.0 1.00940485584 1.0
91.0 0.975923465688 1.0
194.0 -0.307044736083 1.0
62.0 0.981772324329 1.0
7.0 0.996698209959 1.0
43.0 0.949313564789 1.0
145.0 1.02042316613 1.0
156.0 1.03208854584 1.0
52.0 0.972370015973 1.0
object 46	1.0:1.0
68.0 0.997652019113 1.0
79.0 0.94948210118 1.0
154.0 0.979217295267 1.0
112.0 1.02424962162 1.0
37.0 0.84554508628 1.0
151.0 1.01299695404 1.0
object 47	1.0:1.0
16.0 1.00343596772 1.0
87.0 0.990435369284 1.0
25.0 1.03366421753 1.0
79.0 0.981654993119 1.0
135.0 1.00280740966 1.0
162.0 0.974770544417 1.0
103.0 1.04639718261 1.0
53.0 0.958482418649 1.0
object 48	1.0:1.0
60.0 1.013795198 1.0
26.0 1.00430973131 1.0
66.0 1.01675331933 1.0
163.0 0.956842264706 1.0
78.0 0.947205712347 1.0
object 49	1.0:1.0
12.0 0.979877105969 1.0
123.0 1.04467356966 1.0
22.0 0.996392427318 1.0
46.0 1.09470851114 1.0
117.0 0.952065530503 1.0
119.0 0.981863724237 1.0
14.0 0.976564045848 1.0
182.0 2.37976003895 1.0
object 50	1.0:1.0
0.0 0.984102780648 1.0
84.0 1.03321221988 1.0
148.0 0.99565479905 1.0
178.0 0.92217227601 1.0
23.0 1.02822076196 1.0
25.0 1.01102547894 1.0
object 51	1.0:1.0
53.0 0.995380735435 1.0
10.0 0.999539748241 1.0
101.0 0.968848165225 1.0
156.0 1.05631211266 1.0
99.0 0.967996192484 1.0
127.0 0.963799709473 1.0
85.0 1.00911023825 1.0
object 52	1.0:1.0
99.0 1.001078694 1.0
133.0 0.961785008286 1.0
132.0 0.988076392154 1.0
169.0 0.994935093133 1.0
36.0 0.995861751545 1.0
31.0 0.9574916276 1.0
object 53	1.0:1.0
108.0 0.971264555377 1.0
69.0 1.01782596749 1.0
147.0 0.96361958043 1.0
120.0 1.03112252009 1.0
object 54	1.0:1.0
36.0 1.00263243928 1.0
176.0 1.02168335379 1.0
156.0 1.01414880278 1.0
8.0 1.10317187432 1.0
85.0 1.00324243585 1.0
179.0 1.02468535578 1.0
object 55	1.0:1.0
116.0 1.00858320053 1.0
150.0 1.01255419832 1.0
138.0 1.00903348401 1.0
20.0 1.02477761514 1.0
110.0 1.01308389162 1.0
27.0 0.977139321828 1.0
1.0 0.993869600129 1.0
147.0 0.968992775381 1.0
3.0 0.989514344681 1.0
object 56	1.0:1.0
136.0 1.03556545354 1.0
56.0 0.982944585005 1.0
124.0 0.998098824202 1.0
31.0 1.01510151989 1.0
82.0 1.00118861163 1.0
13.0 1.00162047748 1.0
117.0 0.995146266275 1.0
26.0 1.00024372432 1.0
17.0 1.00281122902 1.0
2.0 0.976589564761 1.0
object 57	1.0:1.0
6.0 1.00571582475 1.0
130.0 1.02050656082 1.0
object 58	1.0:1.0
45.0 0.985427270982 1.0
13.0 0.998053808921 1.0
74.0 0.995544369269 1.0
112.0 1.04166177291 1.0
156.0 0.996927950838 1.0
175.0 1.00903021289 1.0
143.0 1.009771888 1.0
170.0 1.01894779828 1.0
41.0 0.995611440589 1.0
31.0 0.952276652007 1.0
20.0 0.956077379849 1.0
47.0 0.964755307819 1.0
87.0 1.01307591031 1.0
object 59	1.0:1.0
77.0 0.967194676071 1.0
75.0 0.997820168469 1.0
35.0 0.986538007505 1.0
97.0 1.00562922747 1.0
50.0 1.11099085151 1.0
43.0 1.0666583474 1.0
154.0 1.06770798352 1.0
52.0 1.01057683479 1.0
object 60	1.0:1.0
187.0 -0.641629272803 1.0
51.0 0.98015155075 1.0
175.0 0.974844049648 1.0
192.0 1.25866364695 1.0
36.0 1.00823220332 1.0
159.0 0.974186770408 1.0
30.0 1.10828035353 1.0
153.0 1.04021320821 1.0
47.0 1.02487878599 1.0
93.0 1.00035575933 1.0
113.0 0.962344116293 1.0
27.0 0.992210978694 1.0
object 61	1.0:1.0
192.0 2.38727205609 1.0
59.0 0.9880836388 1.0
158.0 1.007435969 1.0
95.0 0.99597120966 1.0
79.0 0.977598594385 1.0
87.0 0.963123155086 1.0
131.0 1.02067302676 1.0
31.0 1.05431748326 1.0
object 62	1.0:1.0
162.0 0.995530776255 1.0
161.0 1.00410783283 1.0
46.0 1.00159747328 1.0
110.0 0.944296400853 1.0
52.0 1.01461738821 1.0
61.0 1.03656693332 1.0
33.0 0.98600685282 1.0
160.0 0.955680041401 1.0
165.0 1.02274404027 1.0
45.0 1.00492513484 1.0
object 63	1.0:1.0
195.0 6.02284686279 1.0
157.0 0.958865937942 1.0
98.0 0.950364391285 1.0
51.0 1.07471215825 1.0
138.0 1.06042004936 1.0
78.0 0.993565431244 1.0
object 64	1.0:1.0
176.0 0.914167770925 1.0
144.0 1.01705293485 1.0
124.0 1.00959235572 1.0
94.0 1.02228480322 1.0
12.0 0.945574494391 1.0
91.0 1.00867054954 1.0
88.0 1.05693595627 1.0
object 65	1.0:1.0
39.0 1.00615894952 1.0
36.0 0.995397665977 1.0
129.0 1.02564114738 1.0
27.0 0.997951382806 1.0
154.0 0.987967198022 1.0
64.0 1.08872385535 1.0
26.0 0.979270175252 1.0
object 66	1.0:1.0
170.0 0.952971685157 1.0
26.0 0.997417010699 1.0
178.0 1.0090878431 1.0
175.0 0.986960448286 1.0
object 67	1.0:1.0
144.0 0.991358797584 1.0
83.0 1.00516633314 1.0
162.0 0.996822725741 1.0
52.0 0.949499731997 1.0
15.0 1.00433688782 1.0
134.0 0.953651167968 1.0
107.0 0.997865169812 1.0
object 68	1.0:1.0
62.0 0.942726996742 1.0
11.0 1.01104622078 1.0
35.0 0.957568016221 1.0
31.0 1.02743166403 1.0
140.0 0.98415031702 1.0
149.0 1.03134136083 1.0
70.0 1.004813429 1.0
object 69	1.0:1.0
111.0 0.977613188432 1.0
9.0 0.955614327417 1.0
147.0 0.978724661898 1.0
122.0 1.02240021587 1.0
object 70	1.0:1.0
193.0 -0.81760138411 1.0
165.0 0.965521418193 1.0
31.0 0.978927981637 1.0
64.0 0.924361236881 1.0
4.0 0.989090248381 1.0
object 71	1.0:1.0
126.0 0.977617118362 1.0
77.0 1.03983464861 1.0
object 72	1.0:1.0
150.0 1.02655629254 1.0
189.0 1.33054190243 1.0
71.0 1.01159986302 1.0
57.0 1.00857250695 1.0
97.0 1.0566706691 1.0
90.0 1.00693041589 1.0
60.0 1.04388683312 1.0
object 73	1.0:1.0
100.0 1.01262497898 1.0
104.0 0.984772956498 1.0
object 74	1.0:1.0
115.0 1.01398473911 1.0
101.0 1.02553410095 1.0
159.0 1.00388435014 1.0
148.0 0.973556477137 1.0
152.0 0.99684636384 1.0
12.0 1.02347339449 1.0
63.0 0.997022368056 1.0
object 75	1.0:1.0
166.0 1.00101511897 1.0
168.0 1.05500488662 1.0
94.0 1.06548103384 1.0
183.0 1.74460927076 1.0
28.0 0.971256800304 1.0
184.0 -0.310341365817 1.0
object 76	1.0:1.0
95.0 1.00548525275 1.0
138.0 1.03704316957 1.0
55.0 1.01301134605 1.0
69.0 1.0166279786 1.0
object 77	1.0:1.0
85.0 1.00927169639 1.0
35.0 0.882411739169 1.0
175.0 1.01638917315 1.0
object 78	1.0:1.0
99.0 1.0088804757 1.0
172.0 0.980419506359 1.0
51.0 1.04154833691 1.0
185.0 -0.625596133228 1.0
86.0 1.02977902721 1.0
114.0 1.00106489383 1.0
40.0 0.987638232286 1.0
object 79	1.0:1.0
41.0 0.99018073002 1.0
63.0 0.966803518112 1.0
30.0 0.986132009359 1.0
184.0 1.04911972517 1.0
118.0 0.964746558508 1.0
161.0 0.977472017312 1.0
117.0 1.00282494162 1.0
150.0 1.00126699059 1.0
object 80	1.0:1.0
89.0 1.06083110496 1.0
163.0 1.031531112 1.0
56.0 0.995732237463 1.0
194.0 -9.49573646976 1.0
83.0 0.985409567069 1.0
181.0 -2.23516380796 1.0
161.0 0.984155580102 1.0
26.0 1.02591826396 1.0
137.0 0.99151248127 1.0
object 81	1.0:1.0
142.0 0.949426490356 1.0
160.0 0.925548423872 1.0
8.0 1.06756413695 1.0
197.0 -0.488079960991 1.0
133.0 1.04353232297 1.0
0.0 0.972985485481 1.0
10.0 1.05490651372 1.0
68.0 0.988893853899 1.0
72.0 0.960420615424 1.0
object 82	1.0:1.0
22.0 0.993490738391 1.0
177.0 0.973792972393 1.0
100.0 0.992597691061 1.0
16.0 0.95735159082 1.0
130.0 1.0816930962 1.0
127.0 1.04173522007 1.0
190.0 1.35241335959 1.0
71.0 1.02483537562 1.0
9.0 0.98669652741 1.0
object 83	1.0:1.0
58.0 1.01512425884 1.0
13.0 0.989810224971 1.0
object 84	1.0:1.0
102.0 1.00405413814 1.0
160.0 0.975216432 1.0
59.0 1.00709523555 1.0
object 85	1.0:1.0
12.0 0.992113277989 1.0
19.0 1.00168281985 1.0
34.0 0.980516198958 1.0
11.0 1.01265631903 1.0
151.0 1.02804519551 1.0
140.0 1.0181246708 1.0
118.0 1.08042167756 1.0
object 86	1.0:1.0
31.0 1.03745774352 1.0
48.0 1.01990487147 1.0
61.0 0.988240541101 1.0
14.0 1.01190071643 1.0
165.0 0.992914011221 1.0
162.0 1.00908016504 1.0
102.0 1.01757924356 1.0
object 87	1.0:1.0
88.0 1.00076632561 1.0
70.0 0.963440642069 1.0
197.0 2.49493867306 1.0
69.0 0.968630020802 1.0
134.0 1.02825284144 1.0
195.0 5.16506086161 1.0
146.0 1.00931725109 1.0
object 88	1.0:1.0
20.0 0.974977634717 1.0
73.0 1.09399282154 1.0
66.0 0.995014770944 1.0
57.0 1.05860144945 1.0
141.0 1.01715713029 1.0
48.0 1.02177201795 1.0
195.0 2.45317467123 1.0
164.0 1.02875195371 1.0
object 89	1.0:1.0
97.0 1.03914108982 1.0
129.0 0.996038113077 1.0
98.0 1.04878270645 1.0
184.0 -2.66612369631 1.0
68.0 1.00554685765 1.0
180.0 -0.542331756962 1.0
64.0 0.998389172273 1.0
142.0 0.996450728436 1.0
112.0 1.0711534883 1.0
106.0 0.999370851864 1.0
16.0 0.980547452492 1.0
87.0 1.01622218207 1.0
object 90	1.0:1.0
4.0 1.04535080291 1.0
182.0 1.57932702468 1.0
107.0 1.04753292061 1.0
86.0 1.04943333624 1.0
115.0 0.997711338331 1.0
14.0 0.940582234251 1.0
52.0 1.02175763231 1.0
60.0 0.993430702705 1.0
175.0 0.982886395672 1.0
59.0 0.983872921945 1.0
object 91	1.0:1.0
38.0 0.991612331231 1.0
161.0 0.997912157878 1.0
112.0 1.03859481871 1.0
173.0 1.00324858767 1.0
148.0 0.959383015674 1.0
89.0 1.06845438009 1.0
136.0 0.919532587467 1.0
object 92	1.0:1.0
86.0 1.00815640335 1.0
34.0 0.996247157767 1.0
37.0 0.970889163049 1.0
82.0 1.00957753556 1.0
object 93	1.0:1.0
182.0 1.00987535386 1.0
145.0 1.13996991627 1.0
159.0 0.992601983801 1.0
97.0 0.977485045975 1.0
25.0 0.945075712187 1.0
12.0 1.00322526985 1.0
object 94	1.0:1.0
139.0 0.974828411158 1.0
8.0 1.0477701032 1.0
120.0 0.976928738821 1.0
1.0 0.969017651025 1.0
194.0 -0.877641271159 1.0
125.0 0.996488615194 1.0
object 95	1.0:1.0
8.0 1.02736646621 1.0
68.0 1.01144561532 1.0
168.0 1.02874728486 1.0
6.0 1.01457330962 1.0
82.0 0.985390364955 1.0
175.0 1.03133313775 1.0
64.0 1.00923033053 1.0
89.0 0.96415557429 1.0
192.0 0.0684260740172 1.0
60.0 0.909337002468 1.0
18.0 0.98302207365 1.0
80.0 0.907925571095 1.0
96.0 0.942231365963 1.0
141.0 0.949432922646 1.0
object 96	1.0:1.0
11.0 1.03381355212 1.0
195.0 -1.69694265259 1.0
12.0 0.99559461614 1.0
103.0 0.985128031778 1.0
85.0 1.02557261289 1.0
29.0 0.925562489578 1.0
155.0 1.01275922532 1.0
89.0 0.998500403767 1.0
95.0 1.00578722316 1.0
38.0 0.991404821434 1.0
10.0 0.966301019767 1.0
object 97	1.0:1.0
125.0 1.01462610417 1.0
138.0 1.0181844157 1.0
146.0 0.961154441676 1.0
180.0 6.11476285856 1.0
69.0 0.985444949433 1.0
166.0 1.03978511118 1.0
42.0 1.00416005537 1.0
object 98	1.0:1.0
32.0 1.0408222373 1.0
131.0 0.979453652081 1.0
158.0 1.00615170711 1.0
2.0 1.0389052074 1.0
63.0 1.00394381908 1.0
object 99	1.0:1.0
52.0 0.989482354352 1.0
78.0 0.983820938025 1.0
65.0 1.01168098424 1.0
90.0 1.03735198265 1.0
