object 0	1.0:1.0
127.0 0.98693320895 1.0
184.0 -0.773611314467 1.0
10.0 0.977224606871 1.0
25.0 1.01597385487 1.0
77.0 1.00621794254 1.0
147.0 0.994351848959 1.0
18.0 0.984474610114 1.0
54.0 0.995559109764 1.0
46.0 0.98690664124 1.0
110.0 1.02613828531 1.0
34.0 1.1041652689 1.0
80.0 0.92473556661 1.0
23.0 0.981557109161 1.0
144.0 0.923779684573 1.0
78.0 1.00006490496 1.0
56.0 0.931687000807 1.0
160.0 5.54445555558 1.0
76.0 1.03336273388 1.0
58.0 1.00147690848 1.0
118.0 1.03976466881 1.0
35.0 1.00805091962 1.0
45.0 1.00321686769 1.0
114.0 1.0269051905 1.0
95.0 1.03220148768 1.0
57.0 1.00674881697 1.0
42.0 0.974656091089 1.0
151.0 1.00132272767 1.0
166.0 8.87796455003 1.0
object 1	1.0:1.0
176.0 1.07907816607 1.0
49.0 1.01768088745 1.0
78.0 0.983224835233 1.0
70.0 1.0060116355 1.0
77.0 0.983220599844 1.0
87.0 1.01943506563 1.0
159.0 1.01407731254 1.0
33.0 0.986445891819 1.0
83.0 0.96360088472 1.0
6.0 1.05594831643 1.0
121.0 0.986686010447 1.0
37.0 1.01105199277 1.0
90.0 0.970486675861 1.0
99.0 1.01702800166 1.0
123.0 0.950856138034 1.0
66.0 1.00145961363 1.0
81.0 0.899551662935 1.0
102.0 1.03431920746 1.0
124.0 1.00413956579 1.0
23.0 1.03268574137 1.0
4.0 1.01100744458 1.0
174.0 -1.98403637865 1.0
103.0 0.989676182453 1.0
134.0 1.01579702089 1.0
22.0 0.994607100719 1.0
167.0 0.519948629386 1.0
0.0 0.947366812429 1.0
47.0 1.00638886641 1.0
64.0 0.901321099169 1.0
object 2	1.0:1.0
2.0 1.0302770555 1.0
5.0 0.954189856323 1.0
104.0 1.00128187086 1.0
62.0 1.01905682051 1.0
183.0 3.15441894999 1.0
91.0 0.882099614544 1.0
103.0 1.02106389046 1.0
101.0 1.00444531645 1.0
0.0 1.06430158526 1.0
135.0 0.999077447397 1.0
97.0 1.05997163495 1.0
42.0 1.03650318861 1.0
163.0 0.22074519982 1.0
144.0 1.05399073143 1.0
50.0 1.01858519069 1.0
37.0 0.982335819432 1.0
146.0 0.996449017745 1.0
118.0 0.997224256742 1.0
27.0 1.0202939773 1.0
150.0 1.03916501149 1.0
110.0 0.968867712728 1.0
124.0 0.986622784575 1.0
191.0 -2.85414671642 1.0
9.0 0.97136559793 1.0
102.0 0.991517236997 1.0
192.0 -0.168365994898 1.0
40.0 0.973448863128 1.0
object 3	1.0:1.0
97.0 0.983730157333 1.0
196.0 0.651803772105 1.0
111.0 1.01191650819 1.0
86.0 1.00600298434 1.0
0.0 0.989060924325 1.0
157.0 0.940451959181 1.0
136.0 0.984543954795 1.0
149.0 0.96380540836 1.0
85.0 1.01532417797 1.0
160.0 3.36857803624 1.0
5.0 1.01988343116 1.0
166.0 10.1938440705 1.0
129.0 1.00334441746 1.0
148.0 1.01226904544 1.0
198.0 1.79179662317 1.0
138.0 0.986823840804 1.0
17.0 0.976347404046 1.0
199.0 -3.51198630426 1.0
141.0 1.07826468721 1.0
7.0 1.028145256 1.0
182.0 3.03363226914 1.0
187.0 6.30371258812 1.0
140.0 1.03059663958 1.0
18.0 0.999704131367 1.0
178.0 -4.74035055437 1.0
object 4	1.0:1.0
147.0 1.01879231332 1.0
104.0 0.994110271619 1.0
188.0 -0.867563129774 1.0
58.0 0.960382574775 1.0
178.0 2.17003639311 1.0
20.0 1.0282738662 1.0
41.0 0.957553895662 1.0
129.0 1.01518604583 1.0
67.0 1.00504985012 1.0
44.0 0.926598415897 1.0
155.0 0.979427022803 1.0
187.0 -4.00518156671 1.0
86.0 0.953648898648 1.0
106.0 1.02123652835 1.0
89.0 1.02506443411 1.0
49.0 0.947200264242 1.0
94.0 1.00170521078 1.0
160.0 -2.88927684003 1.0
159.0 0.991474338524 1.0
148.0 0.972898276007 1.0
156.0 1.0011891951 1.0
9.0 0.953768690044 1.0
78.0 1.01655265149 1.0
43.0 0.947796876135 1.0
66.0 1.01887967851 1.0
122.0 0.95239702463 1.0
15.0 1.05356738951 1.0
object 5	1.0:1.0
165.0 3.4006395726 1.0
197.0 1.06744466475 1.0
116.0 0.993032416477 1.0
23.0 0.983453363623 1.0
185.0 -2.03790136082 1.0
121.0 0.985193589676 1.0
45.0 0.999357633881 1.0
54.0 0.980960129949 1.0
32.0 1.04413257334 1.0
176.0 2.49474639354 1.0
194.0 5.50278942831 1.0
97.0 1.0440675386 1.0
61.0 0.948972461921 1.0
135.0 0.941955073911 1.0
30.0 0.988589739345 1.0
42.0 1.02401956388 1.0
35.0 1.05323075072 1.0
161.0 -0.101760872906 1.0
154.0 1.01208461875 1.0
126.0 0.953308250187 1.0
object 6	1.0:1.0
87.0 0.994315089974 1.0
150.0 1.0042262902 1.0
177.0 2.47310756022 1.0
96.0 0.961562522688 1.0
133.0 0.997522257996 1.0
142.0 0.986994604788 1.0
159.0 1.00951366809 1.0
65.0 0.991693824796 1.0
109.0 0.999908163539 1.0
31.0 0.945033017973 1.0
15.0 1.06905951357 1.0
117.0 0.998182698861 1.0
75.0 0.989602261516 1.0
149.0 0.966164650874 1.0
137.0 0.992237977659 1.0
126.0 1.02641007687 1.0
5.0 0.977198844915 1.0
190.0 1.81144778108 1.0
53.0 1.07561993061 1.0
95.0 0.982917651572 1.0
115.0 0.958633198645 1.0
191.0 -0.171561728839 1.0
199.0 6.9459502722 1.0
127.0 0.970535063209 1.0
193.0 9.59777450772 1.0
1.0 0.961260015345 1.0
124.0 0.964251395564 1.0
163.0 0.469740210832 1.0
object 7	1.0:1.0
8.0 1.06333109154 1.0
25.0 0.999567696162 1.0
39.0 0.989896236012 1.0
19.0 1.02068924912 1.0
15.0 0.973980468271 1.0
22.0 0.9641363681 1.0
159.0 0.986421513932 1.0
105.0 1.00325260731 1.0
178.0 6.63182140768 1.0
186.0 0.453649392543 1.0
137.0 0.979941696784 1.0
169.0 -1.29819886583 1.0
46.0 1.00037241732 1.0
107.0 0.983064817286 1.0
7.0 0.968255566466 1.0
156.0 1.0143310154 1.0
123.0 1.01999151592 1.0
94.0 1.00149236602 1.0
35.0 0.980553419692 1.0
122.0 0.985006201869 1.0
45.0 0.987018070399 1.0
197.0 0.519434622625 1.0
110.0 1.04116225197 1.0
68.0 0.996224589 1.0
126.0 0.967210791414 1.0
73.0 0.954308229916 1.0
object 8	1.0:1.0
50.0 1.00550838712 1.0
114.0 1.06648929187 1.0
15.0 0.98491941824 1.0
193.0 0.0670478246993 1.0
134.0 1.01009549566 1.0
102.0 0.99620856386 1.0
124.0 1.04708538687 1.0
123.0 1.07763345084 1.0
4.0 0.912124395619 1.0
146.0 0.891698742035 1.0
105.0 1.0042566392 1.0
100.0 0.997974376363 1.0
95.0 0.997668734951 1.0
181.0 -2.1319414249 1.0
129.0 1.01877432022 1.0
17.0 1.02814888195 1.0
53.0 0.971203469148 1.0
66.0 1.00007862068 1.0
80.0 0.968730368792 1.0
121.0 1.04934268532 1.0
196.0 0.984595908318 1.0
178.0 1.93773753684 1.0
object 9	1.0:1.0
84.0 1.01586265809 1.0
62.0 1.01338987004 1.0
131.0 1.05564137195 1.0
122.0 0.988588084128 1.0
4.0 1.00882134525 1.0
103.0 1.00662622293 1.0
17.0 0.960414508745 1.0
163.0 0.871216546423 1.0
109.0 0.970340276936 1.0
169.0 0.319017220682 1.0
23.0 1.0152196122 1.0
197.0 -1.05171181237 1.0
107.0 0.996440461108 1.0
164.0 -0.273989128958 1.0
159.0 1.01674257045 1.0
80.0 0.986724492668 1.0
153.0 1.04014059096 1.0
56.0 0.971350446973 1.0
61.0 1.01685763853 1.0
41.0 1.00334761651 1.0
156.0 0.970937350579 1.0
88.0 0.971139849712 1.0
141.0 0.986852605252 1.0
29.0 1.01841249348 1.0
64.0 1.11992759191 1.0
53.0 1.0177909693 1.0
186.0 1.61040303611 1.0
98.0 1.04416269398 1.0
42.0 0.99223973473 1.0
57.0 1.00725372577 1.0
11.0 1.03425735737 1.0
14.0 0.996213817418 1.0
125.0 1.01534964862 1.0
154.0 1.01062269782 1.0
3.0 0.993957717466 1.0
108.0 1.00075168731 1.0
158.0 1.01499833738 1.0
85.0 0.975779006556 1.0
91.0 1.02361958565 1.0
179.0 5.56372228052 1.0
object 10	1.0:1.0
172.0 1.39503481145 1.0
193.0 -1.18601755108 1.0
12.0 1.01845471656 1.0
51.0 0.979544357956 1.0
147.0 1.00031541722 1.0
153.0 0.986809389672 1.0
184.0 0.862133598479 1.0
168.0 1.7263671603 1.0
40.0 1.0099697339 1.0
17.0 0.989617239944 1.0
44.0 1.0374921821 1.0
106.0 0.978376307169 1.0
117.0 1.01782122326 1.0
171.0 2.74280752031 1.0
80.0 1.03956768882 1.0
192.0 1.90314770724 1.0
185.0 12.7256295462 1.0
134.0 0.99782180386 1.0
85.0 1.02293349106 1.0
126.0 0.981555028673 1.0
197.0 -0.832934391107 1.0
37.0 1.03393474666 1.0
77.0 0.990623131153 1.0
196.0 0.492010341993 1.0
object 11	1.0:1.0
191.0 4.73520515429 1.0
137.0 1.00004346325 1.0
62.0 1.00851407032 1.0
27.0 0.950928679627 1.0
63.0 0.991319398006 1.0
60.0 0.998590212984 1.0
147.0 0.986967156286 1.0
180.0 0.942541411425 1.0
135.0 1.01971327062 1.0
72.0 1.01930749953 1.0
4.0 1.01872657322 1.0
113.0 1.04900352989 1.0
3.0 0.996126814858 1.0
121.0 0.960039247468 1.0
169.0 0.512105154068 1.0
98.0 0.950225778135 1.0
95.0 0.967041085218 1.0
150.0 0.999202082293 1.0
88.0 1.02573658725 1.0
186.0 0.404474388282 1.0
42.0 1.03076210152 1.0
67.0 1.01520434994 1.0
194.0 -3.66303118001 1.0
23.0 0.966956573047 1.0
object 12	1.0:1.0
123.0 0.995999916408 1.0
82.0 1.01391541876 1.0
137.0 0.990385492626 1.0
161.0 -2.64170741787 1.0
18.0 1.01050164902 1.0
158.0 1.01635745147 1.0
122.0 1.02300826028 1.0
34.0 1.04979193865 1.0
19.0 1.00518158035 1.0
7.0 0.940919938078 1.0
97.0 1.052883476 1.0
57.0 0.976802823968 1.0
54.0 1.00007356862 1.0
0.0 1.00004555339 1.0
94.0 1.01420957971 1.0
148.0 1.02802780753 1.0
172.0 2.55725621809 1.0
186.0 6.23396875795 1.0
14.0 0.99594242183 1.0
178.0 3.58145838626 1.0
180.0 -3.85821803485 1.0
152.0 1.00730540361 1.0
103.0 1.00079180751 1.0
191.0 4.26322835311 1.0
55.0 0.960745797731 1.0
object 13	1.0:1.0
66.0 1.02090502613 1.0
169.0 0.239582746468 1.0
125.0 0.962805469382 1.0
129.0 1.01854798393 1.0
76.0 0.999380268919 1.0
35.0 0.996126698507 1.0
188.0 0.281253045226 1.0
46.0 1.01387851076 1.0
101.0 0.994530787247 1.0
109.0 0.997996267417 1.0
37.0 1.02861962316 1.0
196.0 2.8673240941 1.0
158.0 0.981262499312 1.0
65.0 1.01809846127 1.0
41.0 1.00529392393 1.0
24.0 0.980653217974 1.0
42.0 0.946890290315 1.0
40.0 1.02086862254 1.0
87.0 1.00254602344 1.0
object 14	1.0:1.0
4.0 1.00794945062 1.0
146.0 1.04629793806 1.0
138.0 0.985491037249 1.0
135.0 1.05743901028 1.0
147.0 0.984712610069 1.0
53.0 1.00768902587 1.0
25.0 0.968578845477 1.0
75.0 0.98649026089 1.0
127.0 1.07853389804 1.0
158.0 0.965211695455 1.0
76.0 1.04333474938 1.0
98.0 1.00852829531 1.0
77.0 0.989574871426 1.0
191.0 7.81861577047 1.0
169.0 2.3038474441 1.0
58.0 1.02333084427 1.0
27.0 1.0527981076 1.0
199.0 4.12215854137 1.0
70.0 1.00003307985 1.0
159.0 0.997393013485 1.0
163.0 -1.52756200929 1.0
5.0 1.06926716078 1.0
18.0 0.970543879978 1.0
21.0 1.01486443846 1.0
object 15	1.0:1.0
13.0 0.997361112036 1.0
50.0 0.952851182213 1.0
142.0 0.98525486474 1.0
127.0 0.889454711493 1.0
91.0 0.963840487326 1.0
76.0 1.00762790718 1.0
8.0 0.997444000158 1.0
89.0 0.98647634653 1.0
143.0 0.991201330668 1.0
66.0 0.992883048377 1.0
63.0 1.01538001263 1.0
101.0 1.01498184347 1.0
35.0 0.984078681114 1.0
56.0 1.05286668631 1.0
97.0 1.01674413822 1.0
102.0 0.954501970137 1.0
185.0 1.38685683798 1.0
41.0 0.994805362975 1.0
169.0 -3.19171616477 1.0
136.0 0.980074377471 1.0
107.0 0.986463817572 1.0
object 16	1.0:1.0
28.0 0.948900987664 1.0
95.0 0.980787814159 1.0
122.0 0.992784041907 1.0
175.0 1.17869507313 1.0
0.0 1.05495937599 1.0
26.0 1.01605756889 1.0
144.0 0.960463979816 1.0
194.0 5.86535796018 1.0
98.0 1.01437811041 1.0
36.0 0.925724065216 1.0
24.0 1.00850347881 1.0
120.0 1.0198207851 1.0
143.0 1.00283059256 1.0
118.0 0.943457113163 1.0
178.0 1.27777899404 1.0
53.0 0.95797438688 1.0
126.0 0.990542825904 1.0
63.0 1.00596869301 1.0
94.0 1.00256741311 1.0
124.0 0.961153771831 1.0
104.0 0.999244866792 1.0
object 17	1.0:1.0
5.0 1.00283540397 1.0
177.0 3.11353964843 1.0
24.0 1.00890149955 1.0
92.0 0.975547193734 1.0
88.0 1.00043989445 1.0
169.0 -0.877280843669 1.0
62.0 0.994603041306 1.0
13.0 1.0140748503 1.0
156.0 1.01159492678 1.0
122.0 0.947502306708 1.0
29.0 0.990790701392 1.0
186.0 -2.08727255583 1.0
53.0 0.997393162135 1.0
96.0 1.02017023531 1.0
125.0 1.0182899606 1.0
183.0 0.936258941371 1.0
178.0 1.59453108013 1.0
89.0 0.98290733198 1.0
46.0 1.00337139205 1.0
90.0 0.966462546973 1.0
104.0 0.965505509104 1.0
58.0 1.01172544866 1.0
71.0 0.972153054205 1.0
166.0 4.83136243376 1.0
7.0 1.00312296721 1.0
124.0 0.96230902452 1.0
25.0 1.02516164422 1.0
179.0 -0.17249644974 1.0
119.0 1.01478704358 1.0
168.0 0.406945215896 1.0
137.0 0.994338633963 1.0
103.0 1.00446168615 1.0
object 18	1.0:1.0
196.0 3.87239156663 1.0
171.0 -0.184325584925 1.0
101.0 1.0515566477 1.0
67.0 0.999156536943 1.0
17.0 1.08043509751 1.0
195.0 1.37573380216 1.0
33.0 1.06586731945 1.0
44.0 0.98768149663 1.0
95.0 0.982100320721 1.0
22.0 0.974894461796 1.0
41.0 0.99813362227 1.0
170.0 0.49319614077 1.0
74.0 0.965436934155 1.0
57.0 0.999486010008 1.0
59.0 0.888789947845 1.0
176.0 4.53337445918 1.0
194.0 6.16364922718 1.0
158.0 0.971250487273 1.0
87.0 1.00162758686 1.0
178.0 1.08630812017 1.0
136.0 0.979349385302 1.0
159.0 0.994506834937 1.0
92.0 1.00546284568 1.0
89.0 1.00963653397 1.0
135.0 1.00107235371 1.0
99.0 0.994455004097 1.0
object 19	1.0:1.0
197.0 1.25936714556 1.0
132.0 0.980332753833 1.0
51.0 1.01494004606 1.0
130.0 0.972470656901 1.0
187.0 -1.98302694714 1.0
48.0 0.96254708224 1.0
138.0 1.00171596919 1.0
19.0 1.00579614012 1.0
56.0 0.985032220659 1.0
82.0 0.982361266503 1.0
154.0 1.02934119376 1.0
46.0 0.96679210384 1.0
81.0 0.993579074107 1.0
104.0 1.01169699214 1.0
73.0 1.01264673892 1.0
34.0 0.947871273829 1.0
171.0 0.294766680229 1.0
67.0 0.970998162229 1.0
object 20	1.0:1.0
144.0 1.01138222629 1.0
27.0 1.01140230587 1.0
114.0 1.10573132137 1.0
83.0 0.943128229996 1.0
55.0 0.961138817651 1.0
110.0 0.921671979519 1.0
184.0 0.618025526438 1.0
6.0 0.945088852856 1.0
194.0 1.09523814195 1.0
154.0 0.984854655269 1.0
121.0 1.01577881984 1.0
170.0 2.19034253372 1.0
34.0 0.99277168522 1.0
136.0 1.02457743816 1.0
51.0 0.984376571264 1.0
88.0 0.949969471796 1.0
160.0 3.28408049177 1.0
37.0 1.0170036261 1.0
48.0 0.967454266649 1.0
131.0 0.97966894502 1.0
161.0 -0.47802069186 1.0
183.0 2.0109979808 1.0
42.0 1.03575245449 1.0
4.0 1.03763103127 1.0
object 21	1.0:1.0
100.0 0.996722745417 1.0
88.0 0.964888860866 1.0
126.0 0.995245563876 1.0
114.0 1.01650092021 1.0
176.0 -3.57251480715 1.0
61.0 0.974276489938 1.0
141.0 1.01910439114 1.0
3.0 0.999979915724 1.0
151.0 0.983418920098 1.0
169.0 2.31864679498 1.0
197.0 1.83099279808 1.0
96.0 1.00500028374 1.0
16.0 1.01931031542 1.0
145.0 0.966129157392 1.0
55.0 1.00494534548 1.0
29.0 0.914507595483 1.0
113.0 1.02613895306 1.0
79.0 1.04545587916 1.0
106.0 1.01265954099 1.0
153.0 1.03619206568 1.0
62.0 1.0282554516 1.0
127.0 1.05239758859 1.0
186.0 2.57414287662 1.0
74.0 0.959896598773 1.0
66.0 0.994988355048 1.0
12.0 0.990090369014 1.0
154.0 1.00237171983 1.0
137.0 0.98383693189 1.0
177.0 2.22102624471 1.0
37.0 0.968849544569 1.0
150.0 0.961047721192 1.0
107.0 0.983643484664 1.0
object 22	1.0:1.0
74.0 0.97264331652 1.0
121.0 1.00788550034 1.0
16.0 0.996103782424 1.0
100.0 1.00001863751 1.0
69.0 0.986581425908 1.0
90.0 1.01154043248 1.0
139.0 1.01759005568 1.0
75.0 1.04565062964 1.0
144.0 1.02543823319 1.0
50.0 1.06400790596 1.0
3.0 0.987378167287 1.0
83.0 1.01217600054 1.0
58.0 0.968218670982 1.0
198.0 1.35894094982 1.0
6.0 0.921347586408 1.0
42.0 0.973601255507 1.0
5.0 0.974519345613 1.0
153.0 1.08989995676 1.0
84.0 1.01383654867 1.0
124.0 1.03239544605 1.0
129.0 1.01528635055 1.0
46.0 1.00557583984 1.0
47.0 0.990523241504 1.0
134.0 0.981167335079 1.0
12.0 0.995163926894 1.0
object 23	1.0:1.0
120.0 1.02180675331 1.0
87.0 1.01546815406 1.0
63.0 0.994800249838 1.0
74.0 0.986213096126 1.0
93.0 0.995569182522 1.0
16.0 0.996105523686 1.0
133.0 0.987835763549 1.0
151.0 0.995436778895 1.0
127.0 0.953142639531 1.0
95.0 1.00745401619 1.0
132.0 1.0055407105 1.0
24.0 1.01929742482 1.0
176.0 -8.67796104538 1.0
168.0 -2.91345981216 1.0
66.0 1.00009784162 1.0
158.0 1.01913722356 1.0
193.0 2.86686358504 1.0
19.0 1.01295213284 1.0
139.0 1.00479774074 1.0
85.0 1.00242014266 1.0
174.0 0.659454296629 1.0
140.0 0.974754751671 1.0
110.0 1.0048654299 1.0
68.0 1.01803405483 1.0
52.0 0.988750325701 1.0
21.0 1.01229862998 1.0
128.0 1.08096260844 1.0
object 24	1.0:1.0
189.0 -0.656360521451 1.0
137.0 0.99719350857 1.0
153.0 0.978993307158 1.0
1.0 1.01427343149 1.0
176.0 1.92396218801 1.0
82.0 1.04212814885 1.0
128.0 0.996495705116 1.0
191.0 -5.58679437728 1.0
45.0 0.967511232663 1.0
104.0 0.997368464899 1.0
179.0 2.07529101872 1.0
16.0 0.943484786455 1.0
2.0 1.01711588531 1.0
131.0 1.00126260316 1.0
25.0 1.02148441371 1.0
175.0 0.514748900229 1.0
63.0 0.983616253881 1.0
60.0 0.994831075645 1.0
159.0 0.995720584318 1.0
object 25	1.0:1.0
119.0 0.956559162763 1.0
97.0 1.09524111992 1.0
70.0 0.992412527675 1.0
175.0 0.750965084051 1.0
118.0 0.974811053376 1.0
90.0 0.987157579065 1.0
157.0 1.0387188742 1.0
85.0 1.01007473831 1.0
103.0 0.997846354804 1.0
20.0 0.985583751709 1.0
15.0 1.0094094148 1.0
44.0 0.996576927647 1.0
14.0 1.02347724742 1.0
53.0 1.01852819206 1.0
37.0 0.985729555434 1.0
163.0 -1.29244113876 1.0
26.0 0.980519012291 1.0
object 26	1.0:1.0
22.0 1.0113555976 1.0
105.0 1.02139788084 1.0
173.0 2.85608616578 1.0
142.0 0.988088622938 1.0
64.0 0.969751512076 1.0
11.0 1.0220310362 1.0
117.0 1.07543968408 1.0
120.0 1.00495393438 1.0
160.0 -5.03463708307 1.0
49.0 1.03768831614 1.0
158.0 0.962577090605 1.0
175.0 2.71188254801 1.0
40.0 0.977449884063 1.0
189.0 -6.33155278888 1.0
185.0 6.70132238372 1.0
38.0 0.910151541888 1.0
197.0 2.37168167567 1.0
object 27	1.0:1.0
196.0 1.39066079176 1.0
143.0 0.984949718789 1.0
4.0 0.967386615508 1.0
72.0 1.01429436045 1.0
175.0 0.101262743003 1.0
96.0 1.0172310197 1.0
150.0 0.971919325006 1.0
138.0 1.02023445577 1.0
123.0 0.966615307788 1.0
85.0 0.992844930059 1.0
157.0 0.985668946448 1.0
29.0 1.00333872694 1.0
94.0 0.987525821695 1.0
149.0 0.912451292894 1.0
182.0 1.45684326376 1.0
192.0 0.0418470930855 1.0
22.0 0.984590043155 1.0
132.0 0.99001436328 1.0
139.0 1.01742000122 1.0
172.0 -0.0373124574864 1.0
46.0 1.00753290412 1.0
137.0 1.00482591143 1.0
158.0 1.01614198269 1.0
79.0 0.97681498043 1.0
object 28	1.0:1.0
121.0 0.970171060228 1.0
73.0 0.962046092516 1.0
84.0 1.01382964984 1.0
50.0 0.994420649826 1.0
38.0 0.911084195739 1.0
12.0 1.01889138714 1.0
183.0 1.27365672723 1.0
128.0 0.951965888491 1.0
66.0 0.994417985446 1.0
159.0 1.01278662987 1.0
191.0 -5.21014805585 1.0
188.0 -1.24888117379 1.0
110.0 0.989215851514 1.0
127.0 0.980389678294 1.0
142.0 0.976576282118 1.0
68.0 0.997750555601 1.0
165.0 1.42192439742 1.0
181.0 -0.778927780849 1.0
109.0 0.996591505533 1.0
94.0 0.997936616558 1.0
object 29	1.0:1.0
107.0 0.989538130636 1.0
95.0 1.01777860476 1.0
21.0 1.00562056326 1.0
151.0 1.0039408679 1.0
79.0 1.02057835101 1.0
162.0 0.0810331875561 1.0
20.0 1.0302516938 1.0
73.0 1.00681061771 1.0
80.0 1.04108803679 1.0
188.0 0.195481776043 1.0
61.0 1.03881753008 1.0
166.0 1.56405839762 1.0
12.0 1.0466186493 1.0
120.0 1.00815478539 1.0
100.0 1.00819168143 1.0
157.0 0.89853803931 1.0
144.0 0.976918867529 1.0
47.0 1.03106155024 1.0
77.0 0.994462486069 1.0
152.0 1.06406814209 1.0
object 30	1.0:1.0
92.0 0.974898219515 1.0
3.0 1.02195901292 1.0
112.0 1.01979336177 1.0
104.0 1.03403622478 1.0
79.0 1.03035959361 1.0
150.0 0.990126181701 1.0
59.0 0.982521123582 1.0
9.0 1.03470199935 1.0
109.0 1.05477504722 1.0
100.0 1.01773459822 1.0
164.0 1.2375347336 1.0
108.0 0.998627161703 1.0
56.0 0.948286812516 1.0
86.0 1.01137471677 1.0
131.0 1.11166392446 1.0
45.0 0.996272140285 1.0
163.0 -0.395847690978 1.0
180.0 2.77991221595 1.0
26.0 0.974359244761 1.0
96.0 0.977522598595 1.0
15.0 1.02088219187 1.0
139.0 0.998975025714 1.0
186.0 1.01944820354 1.0
42.0 0.97820196808 1.0
145.0 0.944351694729 1.0
57.0 0.990245271809 1.0
170.0 -1.43003090049 1.0
93.0 1.00330680017 1.0
8.0 0.989408593374 1.0
23.0 0.982892626078 1.0
102.0 1.00588988731 1.0
27.0 1.00626441078 1.0
object 31	1.0:1.0
108.0 1.02899983628 1.0
166.0 -3.70152634839 1.0
121.0 0.998552840367 1.0
175.0 1.7097761512 1.0
162.0 -0.358858263171 1.0
186.0 2.85715343309 1.0
177.0 1.00834420667 1.0
25.0 1.04020330892 1.0
169.0 0.881853027771 1.0
14.0 0.991724001613 1.0
74.0 0.981060858017 1.0
24.0 0.995200086278 1.0
88.0 0.940997232373 1.0
96.0 1.00928704308 1.0
132.0 1.0364578762 1.0
10.0 0.996484162263 1.0
18.0 1.04379572595 1.0
object 32	1.0:1.0
8.0 1.0248519768 1.0
148.0 1.01028181325 1.0
58.0 0.93177929147 1.0
143.0 0.989539636168 1.0
50.0 0.981741811037 1.0
33.0 1.03069682276 1.0
105.0 0.989068164387 1.0
82.0 0.972507975246 1.0
180.0 -0.795070077907 1.0
114.0 1.0427074102 1.0
79.0 0.946966777026 1.0
61.0 0.941278304614 1.0
131.0 0.998671121399 1.0
193.0 2.4744990237 1.0
151.0 1.01010535599 1.0
77.0 1.01960851447 1.0
28.0 1.01457502146 1.0
178.0 4.88561050508 1.0
29.0 1.13642592523 1.0
5.0 0.916564624484 1.0
179.0 2.76250628438 1.0
154.0 1.06050308062 1.0
160.0 -0.529701335241 1.0
80.0 1.04581550342 1.0
27.0 0.968283646482 1.0
object 33	1.0:1.0
170.0 1.89352573531 1.0
10.0 0.982613583122 1.0
158.0 1.03913962012 1.0
39.0 1.03365028308 1.0
180.0 3.92894603406 1.0
87.0 0.974283653898 1.0
182.0 1.00246281429 1.0
181.0 2.17925429991 1.0
1.0 0.973961934222 1.0
80.0 1.03035776832 1.0
117.0 1.00001294653 1.0
162.0 2.4541154699 1.0
133.0 1.00191538227 1.0
70.0 1.01217363409 1.0
49.0 1.01069760974 1.0
57.0 0.979245603518 1.0
144.0 0.986000163031 1.0
93.0 0.992358664709 1.0
165.0 4.80802717038 1.0
37.0 1.00426830879 1.0
187.0 -3.61220277953 1.0
131.0 1.04762394587 1.0
160.0 1.18321786399 1.0
107.0 0.967361990394 1.0
95.0 1.04018824982 1.0
100.0 0.977090244995 1.0
98.0 0.986208417608 1.0
126.0 0.991573120169 1.0
135.0 0.999759376699 1.0
90.0 1.0414796334 1.0
91.0 0.947775656129 1.0
65.0 0.990341786567 1.0
object 34	1.0:1.0
0.0 0.994582841971 1.0
139.0 0.996730921372 1.0
178.0 -2.38250246586 1.0
63.0 1.01464196244 1.0
85.0 0.990384010538 1.0
45.0 1.02993765405 1.0
78.0 0.995405161497 1.0
193.0 -1.49421148856 1.0
89.0 1.02298412008 1.0
115.0 0.970217255213 1.0
162.0 -0.394491269364 1.0
147.0 1.03141630318 1.0
195.0 1.3279634197 1.0
46.0 1.00746744441 1.0
25.0 0.981568097308 1.0
167.0 2.23579004806 1.0
149.0 1.02894494216 1.0
73.0 0.998673724103 1.0
186.0 1.77679532329 1.0
42.0 1.0106977148 1.0
75.0 0.989621944977 1.0
29.0 1.01221255339 1.0
194.0 -2.50378815016 1.0
120.0 1.00687676823 1.0
143.0 0.994396251253 1.0
72.0 0.997500402365 1.0
77.0 1.00983382827 1.0
164.0 0.60296803869 1.0
198.0 4.5858791866 1.0
40.0 0.996829386014 1.0
20.0 1.00963959155 1.0
140.0 1.0215835876 1.0
52.0 1.01910401051 1.0
object 35	1.0:1.0
22.0 1.00360447991 1.0
49.0 1.00267444895 1.0
125.0 0.992400423533 1.0
162.0 -1.00907232315 1.0
187.0 0.664281929994 1.0
12.0 1.0327689723 1.0
37.0 1.01242911077 1.0
127.0 1.00195477272 1.0
104.0 0.923383232911 1.0
55.0 0.947525250943 1.0
84.0 0.991625422002 1.0
33.0 1.0179886059 1.0
54.0 1.12829998353 1.0
192.0 0.15133992867 1.0
152.0 0.949096638688 1.0
120.0 1.01526377062 1.0
9.0 0.962662898355 1.0
148.0 0.976582185105 1.0
17.0 1.02463908993 1.0
63.0 0.990685171635 1.0
99.0 0.959615639012 1.0
116.0 1.07312540434 1.0
123.0 1.02186200739 1.0
190.0 -2.41605785004 1.0
object 36	1.0:1.0
110.0 1.01685168019 1.0
7.0 0.959429781015 1.0
178.0 -1.40449464028 1.0
142.0 1.02268625083 1.0
42.0 0.931696664975 1.0
163.0 1.26174730878 1.0
88.0 0.988253771464 1.0
106.0 1.00150600788 1.0
63.0 1.00471557677 1.0
153.0 1.03737888143 1.0
177.0 -0.689001705403 1.0
65.0 0.984749655201 1.0
72.0 0.975714062615 1.0
60.0 0.99641296017 1.0
3.0 0.993866670928 1.0
120.0 1.00484575787 1.0
128.0 0.995860001939 1.0
176.0 1.14174400194 1.0
197.0 1.17573806105 1.0
54.0 0.912987007954 1.0
34.0 1.04342228393 1.0
41.0 0.997774592167 1.0
object 37	1.0:1.0
35.0 1.00659218969 1.0
144.0 1.06109749562 1.0
100.0 1.00925150967 1.0
192.0 1.33047978063 1.0
126.0 1.05745396287 1.0
186.0 -2.45757861699 1.0
134.0 0.954528212066 1.0
10.0 0.969162713118 1.0
166.0 1.64653525552 1.0
105.0 0.991765450683 1.0
130.0 0.9808709539 1.0
102.0 0.989792303754 1.0
19.0 1.03615270163 1.0
107.0 1.01133538637 1.0
47.0 0.99491533447 1.0
141.0 1.01434098157 1.0
196.0 1.52973712657 1.0
68.0 1.01758568546 1.0
7.0 0.987034156137 1.0
36.0 0.941390854576 1.0
34.0 0.957816917841 1.0
167.0 2.97031769883 1.0
30.0 0.973898458512 1.0
188.0 3.22455884395 1.0
157.0 0.969124844737 1.0
52.0 0.925538792128 1.0
object 38	1.0:1.0
132.0 0.986994314592 1.0
169.0 -3.62825750782 1.0
190.0 1.34196232103 1.0
118.0 0.968646459108 1.0
40.0 0.990914930492 1.0
97.0 0.986463284754 1.0
121.0 1.00505740398 1.0
60.0 1.00401407253 1.0
181.0 3.41437581306 1.0
19.0 0.996702701088 1.0
52.0 1.01464873403 1.0
146.0 0.93486456718 1.0
70.0 0.985792713513 1.0
23.0 1.02392467797 1.0
156.0 0.977669872224 1.0
18.0 0.974097576953 1.0
48.0 1.01092927956 1.0
129.0 1.03551508106 1.0
65.0 0.974602290973 1.0
138.0 1.00866975162 1.0
112.0 1.03254136474 1.0
184.0 3.42156171662 1.0
76.0 0.945400197373 1.0
61.0 0.972051764569 1.0
78.0 1.00770879073 1.0
object 39	1.0:1.0
58.0 1.07734559013 1.0
16.0 1.03220327074 1.0
110.0 1.00880787272 1.0
162.0 0.763801663373 1.0
184.0 3.43249041745 1.0
91.0 1.04665248213 1.0
31.0 0.946077770589 1.0
89.0 0.998654508906 1.0
41.0 1.0314177684 1.0
28.0 0.996184883121 1.0
185.0 1.67839179088 1.0
86.0 0.959502465943 1.0
35.0 0.995485188512 1.0
112.0 1.00680554386 1.0
135.0 0.90486791537 1.0
2.0 1.00074878319 1.0
79.0 1.04397860966 1.0
109.0 0.995639401223 1.0
195.0 1.67709875272 1.0
133.0 0.979172490949 1.0
75.0 1.01905638631 1.0
76.0 0.99910429004 1.0
54.0 1.00410737239 1.0
26.0 0.957972650687 1.0
151.0 1.00403211898 1.0
15.0 1.00820308599 1.0
188.0 -2.7218454509 1.0
193.0 -2.59401054876 1.0
51.0 0.973729113313 1.0
object 40	1.0:1.0
160.0 -2.52376443357 1.0
109.0 0.9890318961 1.0
26.0 1.02090702093 1.0
95.0 1.02931975045 1.0
16.0 1.02479533886 1.0
7.0 0.989881316295 1.0
116.0 1.01266529559 1.0
60.0 1.00547495086 1.0
144.0 1.12635473652 1.0
46.0 1.00541969117 1.0
15.0 0.998692691862 1.0
1.0 0.959716696476 1.0
30.0 0.971580393645 1.0
49.0 0.96005610128 1.0
91.0 1.10748954878 1.0
124.0 1.03242636602 1.0
179.0 5.47620413229 1.0
61.0 1.01827767773 1.0
12.0 1.00652259585 1.0
113.0 0.956429228948 1.0
115.0 0.980616765727 1.0
27.0 0.999407947813 1.0
168.0 5.34445886269 1.0
114.0 1.09510185567 1.0
34.0 0.992360648275 1.0
128.0 0.956823728983 1.0
194.0 -1.20561639297 1.0
176.0 2.5962193007 1.0
145.0 1.00124025335 1.0
157.0 1.03113026317 1.0
111.0 1.02170707844 1.0
35.0 0.971996889405 1.0
134.0 1.00203063323 1.0
object 41	1.0:1.0
198.0 3.89889374243 1.0
61.0 1.00616376154 1.0
77.0 0.998515671972 1.0
123.0 1.02596968123 1.0
154.0 0.97760228277 1.0
8.0 0.924674294318 1.0
52.0 0.952009886544 1.0
169.0 1.63072898471 1.0
162.0 0.432588290355 1.0
120.0 0.992630792462 1.0
63.0 1.01008898715 1.0
44.0 0.976793853892 1.0
112.0 1.0057831737 1.0
97.0 1.02305290059 1.0
47.0 0.989070840592 1.0
94.0 0.971386818206 1.0
146.0 1.01691890954 1.0
59.0 1.10218416152 1.0
21.0 0.985567688171 1.0
93.0 0.985839770073 1.0
31.0 0.99120898445 1.0
110.0 1.02951835906 1.0
64.0 1.06783112079 1.0
3.0 0.991452591904 1.0
object 42	1.0:1.0
35.0 1.00296782135 1.0
169.0 0.836890347809 1.0
144.0 0.964737338682 1.0
63.0 0.972240528589 1.0
34.0 1.00452435308 1.0
199.0 -2.42613661178 1.0
83.0 0.959547068635 1.0
14.0 1.01387541089 1.0
28.0 0.983357741617 1.0
127.0 0.988310950367 1.0
154.0 0.967993581346 1.0
43.0 1.07028988896 1.0
22.0 1.03137659397 1.0
188.0 0.886948313264 1.0
102.0 0.983183678689 1.0
168.0 -1.90871720733 1.0
179.0 9.3311132039 1.0
186.0 2.01098675544 1.0
40.0 0.987157299091 1.0
173.0 0.360320596194 1.0
131.0 0.974846012876 1.0
60.0 1.01288346091 1.0
136.0 1.00489052015 1.0
70.0 1.01019731369 1.0
0.0 1.03503371742 1.0
6.0 0.946545244214 1.0
object 43	1.0:1.0
47.0 1.0131850892 1.0
154.0 0.944748508323 1.0
42.0 0.926118914166 1.0
137.0 1.01939925862 1.0
54.0 1.03281926162 1.0
120.0 0.987132030675 1.0
138.0 1.00480901769 1.0
40.0 0.992605665412 1.0
99.0 0.951755815459 1.0
167.0 2.97383800505 1.0
75.0 1.0298327306 1.0
20.0 1.04009073766 1.0
34.0 1.04027426055 1.0
95.0 1.02900903899 1.0
102.0 0.981715201525 1.0
123.0 0.945394944243 1.0
56.0 1.01203160506 1.0
32.0 1.00958809712 1.0
13.0 1.06128181547 1.0
41.0 1.02911113725 1.0
78.0 0.973448947448 1.0
72.0 0.990389469171 1.0
4.0 1.0330282701 1.0
object 44	1.0:1.0
68.0 0.998169995728 1.0
134.0 1.03144241136 1.0
149.0 1.01834270931 1.0
132.0 0.962152445169 1.0
155.0 1.02509416246 1.0
137.0 1.00574438427 1.0
185.0 -1.41979861086 1.0
110.0 1.04560743953 1.0
16.0 0.994591757722 1.0
177.0 5.4100267006 1.0
168.0 1.07628963565 1.0
42.0 0.989436890288 1.0
5.0 0.943112047372 1.0
70.0 1.002058236 1.0
80.0 0.972871905306 1.0
62.0 1.00806861414 1.0
193.0 -3.94538431939 1.0
9.0 1.02626555119 1.0
24.0 0.990702085074 1.0
136.0 1.00879563794 1.0
111.0 1.00179773416 1.0
167.0 1.32268677386 1.0
18.0 1.0256494409 1.0
158.0 0.981344109521 1.0
108.0 1.02128160844 1.0
148.0 1.02575457409 1.0
176.0 -1.46444177823 1.0
63.0 1.02549124397 1.0
171.0 0.916478895748 1.0
36.0 1.02563934632 1.0
83.0 1.0109562746 1.0
3.0 1.00469161264 1.0
166.0 4.14019139869 1.0
object 45	1.0:1.0
138.0 1.00003540012 1.0
180.0 -0.64825291452 1.0
152.0 0.984669507037 1.0
193.0 -4.32294918582 1.0
62.0 0.979476981582 1.0
10.0 1.01349044963 1.0
164.0 0.868728025809 1.0
185.0 0.497701689248 1.0
123.0 0.950857069958 1.0
79.0 1.01287384903 1.0
103.0 1.01730711225 1.0
91.0 1.018914284 1.0
165.0 4.94488355894 1.0
140.0 1.00933630169 1.0
113.0 1.03398650555 1.0
110.0 0.943345423664 1.0
156.0 0.995489860233 1.0
182.0 0.101897165081 1.0
168.0 -3.23131637664 1.0
173.0 -2.65954493744 1.0
86.0 0.983193628856 1.0
190.0 -2.26845040295 1.0
65.0 1.00956794393 1.0
183.0 1.39474813532 1.0
object 46	1.0:1.0
151.0 0.999339231672 1.0
71.0 1.00083838542 1.0
159.0 1.01283958056 1.0
113.0 0.992747627254 1.0
187.0 -1.60331373167 1.0
149.0 0.94377616246 1.0
174.0 1.63474949065 1.0
177.0 3.9843361994 1.0
168.0 0.0634243662023 1.0
9.0 1.04864490828 1.0
95.0 1.02203575459 1.0
195.0 2.10503660116 1.0
19.0 0.98565573978 1.0
38.0 0.993794371635 1.0
56.0 0.97497024421 1.0
34.0 1.07625929178 1.0
88.0 0.964679928307 1.0
10.0 0.979827704332 1.0
142.0 1.00299148983 1.0
179.0 5.54755646155 1.0
72.0 1.01377455158 1.0
180.0 0.990114811363 1.0
102.0 1.05243511934 1.0
31.0 1.08165658843 1.0
138.0 0.99588534837 1.0
121.0 1.00241453972 1.0
object 47	1.0:1.0
154.0 0.999748268123 1.0
49.0 0.953192529152 1.0
47.0 0.987599569966 1.0
128.0 1.05880416884 1.0
18.0 0.977866859718 1.0
150.0 0.956999670775 1.0
176.0 -1.5412301969 1.0
158.0 0.994578795675 1.0
102.0 0.998746789509 1.0
53.0 1.01414359015 1.0
178.0 0.0926134204494 1.0
58.0 1.01025742713 1.0
122.0 0.945121751459 1.0
188.0 2.91356297186 1.0
199.0 4.5890957041 1.0
14.0 1.007614556 1.0
48.0 0.897269872843 1.0
116.0 0.969389725124 1.0
67.0 1.00124966878 1.0
8.0 1.00492094668 1.0
110.0 1.02269304001 1.0
120.0 1.01435256681 1.0
3.0 0.997799776018 1.0
133.0 1.02752701252 1.0
35.0 1.02973624369 1.0
76.0 0.92910522167 1.0
98.0 0.979209635705 1.0
object 48	1.0:1.0
26.0 1.04679406838 1.0
180.0 5.6361985724 1.0
101.0 1.01854034355 1.0
109.0 0.953135113361 1.0
49.0 0.968481587866 1.0
110.0 1.0060596113 1.0
73.0 1.01361208911 1.0
195.0 1.66382238939 1.0
149.0 1.03680104112 1.0
125.0 1.0405838962 1.0
118.0 1.01668957163 1.0
188.0 10.11941951 1.0
131.0 1.06610557605 1.0
115.0 1.00608553801 1.0
192.0 -0.561252853636 1.0
82.0 1.04765255621 1.0
44.0 1.04973084774 1.0
128.0 1.00147732416 1.0
79.0 1.07408640764 1.0
166.0 4.62506448341 1.0
84.0 1.00926201999 1.0
122.0 0.988847747434 1.0
80.0 0.98151156657 1.0
156.0 1.0102652686 1.0
137.0 1.01335876102 1.0
197.0 2.92799274929 1.0
object 49	1.0:1.0
192.0 -0.476990356027 1.0
52.0 0.96973616417 1.0
59.0 0.944968753771 1.0
7.0 1.04074949746 1.0
73.0 1.02238313009 1.0
27.0 0.976046618318 1.0
117.0 0.956868129715 1.0
79.0 1.08155050893 1.0
111.0 0.964521120976 1.0
181.0 -1.92246746484 1.0
68.0 1.00806501709 1.0
175.0 0.127433574748 1.0
58.0 0.962907693364 1.0
96.0 1.04631032569 1.0
100.0 1.01337974531 1.0
4.0 0.97084353822 1.0
object 50	1.0:0.5 3.58948633216:0.5
65.0 3.63103082559 1.0
145.0 1.08776650904 0.0
68.0 1.02749059048 0.0
121.0 3.60848885254 1.0
187.0 4.87480096667 1.0
11.0 3.66279703032 1.0
106.0 3.59442311452 1.0
95.0 3.58050388976 1.0
49.0 3.62304921724 1.0
104.0 3.59203721978 1.0
170.0 5.54151518987 1.0
110.0 3.58249849353 1.0
90.0 0.929311945188 0.0
101.0 1.00069723043 0.0
103.0 1.00019552584 0.0
136.0 0.994980461109 0.0
138.0 3.58105311204 1.0
89.0 3.52556203572 1.0
67.0 3.58105260111 1.0
8.0 3.5026490157 1.0
181.0 2.67732219269 1.0
174.0 0.109533346506 1.0
84.0 3.58321818359 1.0
61.0 1.04799697693 0.0
60.0 3.65687933601 1.0
118.0 0.950208632072 0.0
66.0 1.11062342319 0.0
52.0 3.64458353719 1.0
object 51	1.0:0.5 4.59093576673:0.5
8.0 0.997724787764 0.0
155.0 4.58264523419 1.0
136.0 4.5570409753 1.0
179.0 5.55894601285 0.0
4.0 4.55209931574 1.0
116.0 1.06376467962 0.0
71.0 1.01343097408 0.0
76.0 4.53464649915 1.0
2.0 4.58430397138 1.0
69.0 4.61902796935 1.0
132.0 0.951030199098 0.0
39.0 4.52250591882 1.0
80.0 0.917644914992 0.0
29.0 0.966902568565 0.0
126.0 0.913592225862 0.0
67.0 0.962657080556 0.0
79.0 0.911977172849 0.0
172.0 3.21978857223 0.0
111.0 4.66923021055 1.0
140.0 0.989630033262 0.0
123.0 0.924624390849 0.0
30.0 1.0846466745 0.0
163.0 0.927334154318 0.0
192.0 -0.810699538126 1.0
27.0 1.06808502875 0.0
108.0 4.66107792793 1.0
194.0 -4.08356276235 0.0
115.0 0.98382750771 0.0
3.0 0.947494542526 0.0
object 52	1.0:0.5 6.44390872679:0.5
50.0 1.0290546514 0.0
168.0 5.10232615052 1.0
82.0 6.36221090898 1.0
187.0 -0.275487801449 0.0
48.0 1.01166719268 0.0
31.0 6.51909195343 1.0
164.0 4.62508160271 1.0
66.0 6.4269062313 1.0
40.0 1.01561026177 0.0
124.0 6.45118281982 1.0
102.0 6.40188908981 1.0
7.0 6.48244510794 1.0
65.0 0.981914875961 0.0
58.0 1.0140081305 0.0
74.0 1.03754260735 0.0
111.0 0.976171268775 0.0
119.0 0.914789083853 0.0
154.0 6.33606211903 1.0
153.0 1.06968040511 0.0
107.0 6.50914247175 1.0
186.0 0.51234454032 0.0
183.0 -2.05368079181 0.0
134.0 0.956487779397 0.0
135.0 6.40705737124 1.0
63.0 6.54099215728 1.0
object 53	1.0:0.5 -6.91406169542:0.5
86.0 0.985867346925 0.0
199.0 -1.48926961062 0.0
81.0 -6.89828251675 1.0
152.0 -6.86018699785 1.0
143.0 -6.7825792663 1.0
84.0 -6.94000574002 1.0
74.0 -6.91643832832 1.0
118.0 -6.94721860798 1.0
136.0 1.01236462307 0.0
131.0 0.992054698752 0.0
163.0 -1.21861047488 0.0
104.0 0.962523321877 0.0
158.0 0.951349813701 0.0
100.0 1.00605621269 0.0
186.0 -1.01315619781 0.0
76.0 -6.93280569247 1.0
174.0 -8.42760839826 1.0
69.0 -6.89257212513 1.0
52.0 1.03889909337 0.0
object 54	1.0:0.5 6.36572315334:0.5
107.0 1.0489274408 0.0
4.0 6.40563416935 1.0
136.0 6.42579388642 1.0
97.0 0.914464583335 0.0
157.0 1.01755576035 0.0
122.0 6.33381418026 1.0
118.0 1.07096422301 0.0
102.0 0.983822852342 0.0
143.0 1.02191616399 0.0
90.0 1.02627268024 0.0
162.0 4.10832629716 1.0
147.0 6.37463032104 1.0
132.0 1.03169121269 0.0
37.0 6.34293176331 1.0
32.0 6.35184515283 1.0
31.0 6.36398544374 1.0
110.0 6.31178037775 1.0
165.0 8.14793881084 1.0
141.0 6.41326991752 1.0
100.0 0.935461294431 0.0
170.0 6.72467967105 1.0
9.0 6.34129677106 1.0
56.0 1.00052919857 0.0
38.0 0.999774026772 0.0
105.0 6.31378442118 1.0
75.0 6.29406525492 1.0
148.0 6.35732258208 1.0
149.0 1.09963916593 0.0
63.0 1.04458070191 0.0
154.0 0.949751517766 0.0
89.0 6.42305562064 1.0
object 55	1.0:0.5 6.94294010303:0.5
36.0 0.973966730094 0.0
43.0 0.956000706607 0.0
131.0 6.89035339964 1.0
76.0 6.87830229464 1.0
95.0 1.10448449972 0.0
25.0 6.87663853534 1.0
18.0 7.01109446515 1.0
99.0 1.07984288554 0.0
69.0 0.91301682464 0.0
85.0 0.997836184532 0.0
39.0 6.95796771326 1.0
40.0 1.04319089351 0.0
132.0 6.91915531017 1.0
171.0 -0.795576202046 0.0
191.0 3.24293153418 0.0
9.0 6.86795586996 1.0
83.0 1.00596276983 0.0
198.0 3.21709943723 0.0
object 56	1.0:0.5 -2.33444215662:0.5
57.0 0.943544434819 0.0
194.0 0.303726197418 1.0
199.0 3.90703476957 0.0
70.0 -2.38262143561 1.0
56.0 -2.33663779239 1.0
36.0 0.981452561147 0.0
141.0 -2.37729563763 1.0
51.0 0.992299310437 0.0
31.0 -2.32703391576 1.0
175.0 -8.53413176979 1.0
148.0 -2.2636281946 1.0
126.0 -2.43147014517 1.0
181.0 -2.32214738951 1.0
195.0 -3.19138195948 1.0
29.0 -2.29221851489 1.0
163.0 -1.64463973629 1.0
182.0 0.983601235692 0.0
2.0 1.00366426989 0.0
60.0 1.0137922622 0.0
0.0 1.00519900026 0.0
117.0 -2.28243286497 1.0
154.0 -2.35052079519 1.0
67.0 1.01724127628 0.0
object 57	1.0:0.5 6.06518726718:0.5
160.0 0.377357080846 1.0
39.0 6.00423708791 1.0
63.0 6.10075971629 1.0
138.0 1.02509690184 0.0
72.0 1.01029717431 0.0
102.0 6.02436721152 1.0
149.0 6.01303309427 1.0
47.0 0.942539904036 0.0
27.0 6.07928429786 1.0
40.0 6.03217872041 1.0
0.0 5.97744252244 1.0
153.0 6.08621190698 1.0
3.0 6.08056061288 1.0
97.0 1.02610578617 0.0
84.0 1.05741551823 0.0
49.0 6.14713122457 1.0
159.0 1.02975737096 0.0
83.0 6.03729325573 1.0
147.0 0.880465923154 0.0
31.0 6.03897262304 1.0
74.0 6.04950784204 1.0
139.0 5.97910120241 1.0
91.0 6.09889588952 1.0
154.0 1.0429544362 0.0
146.0 6.13873317816 1.0
148.0 1.0052968445 0.0
172.0 -0.479164275147 0.0
137.0 6.05595929948 1.0
166.0 3.0266416654 0.0
object 58	1.0:0.5 7.10089336688:0.5
177.0 0.323574432927 0.0
135.0 7.06119094622 1.0
117.0 0.949642946337 0.0
92.0 1.03338679619 0.0
163.0 3.87724564631 0.0
22.0 7.12644977729 1.0
46.0 7.07249833646 1.0
55.0 7.13698793579 1.0
146.0 7.2009465208 1.0
97.0 7.06751466647 1.0
169.0 0.251362351438 0.0
98.0 7.08040289036 1.0
40.0 7.12697793334 1.0
103.0 0.929875186271 0.0
50.0 1.03575900923 0.0
96.0 7.11361619989 1.0
134.0 7.10310804052 1.0
69.0 7.08790318497 1.0
70.0 1.00390782674 0.0
0.0 1.04575741556 0.0
193.0 5.2809043129 0.0
13.0 0.991843114518 0.0
61.0 7.10714443787 1.0
154.0 1.09028348594 0.0
49.0 0.984502757062 0.0
31.0 7.09544352262 1.0
142.0 1.07600895251 0.0
17.0 7.06014547016 1.0
179.0 7.67336014014 0.0
object 59	1.0:0.5 -9.11052924949:0.5
77.0 -9.07308177221 1.0
34.0 -9.06554874967 1.0
94.0 0.992725819909 0.0
63.0 1.04628822487 0.0
92.0 -9.12924748063 1.0
41.0 -9.17345766907 1.0
28.0 -9.12914320955 1.0
74.0 0.991893921008 0.0
69.0 -9.13515318322 1.0
186.0 -9.03673104193 1.0
196.0 -6.9773201347 1.0
168.0 -9.11240570703 1.0
124.0 1.08092506637 0.0
71.0 -9.10079511854 1.0
190.0 1.63445402573 0.0
12.0 1.02185742695 0.0
78.0 0.870544294947 0.0
121.0 -9.07560072261 1.0
17.0 -9.12673330851 1.0
194.0 3.22914050408 0.0
60.0 1.01416027067 0.0
128.0 1.01231590374 0.0
26.0 1.0068704417 0.0
40.0 1.07819932577 0.0
61.0 -9.06142434095 1.0
10.0 0.984305090855 0.0
object 60	1.0:0.5 11.1673799306:0.5
182.0 9.59489771951 1.0
176.0 10.1598943298 1.0
63.0 0.999429001379 0.0
53.0 11.1738775992 1.0
57.0 0.977601901685 0.0
109.0 11.1617089079 1.0
167.0 -5.11168169187 0.0
143.0 11.2181306487 1.0
135.0 0.952546385345 0.0
71.0 0.967134284777 0.0
87.0 0.961008925063 0.0
137.0 0.99338510218 0.0
69.0 11.1656530719 1.0
29.0 11.1138530232 1.0
126.0 0.897297475131 0.0
111.0 11.0895079653 1.0
158.0 11.2066156144 1.0
25.0 11.1824522738 1.0
38.0 1.02360508475 0.0
177.0 -3.03161226399 0.0
9.0 0.995925858979 0.0
75.0 0.978458917698 0.0
83.0 1.05629954569 0.0
173.0 8.61919968007 1.0
185.0 10.7666893878 1.0
5.0 1.02193544191 0.0
181.0 -0.868807944074 0.0
164.0 0.281406641082 0.0
11.0 11.0835305956 1.0
60.0 0.960380271529 0.0
66.0 11.0683723016 1.0
object 61	1.0:0.5 1.47858700811:0.5
98.0 1.51798917929 1.0
170.0 -1.37452687758 0.0
196.0 1.25996647629 1.0
40.0 1.51813335877 1.0
190.0 0.686221330792 1.0
145.0 1.01523424835 0.0
164.0 0.717074669287 1.0
100.0 1.44550148894 1.0
85.0 1.02660104105 0.0
152.0 0.984446992154 0.0
176.0 5.21086812163 0.0
86.0 1.37743503981 1.0
156.0 1.45946321174 1.0
83.0 0.972735628387 0.0
120.0 1.07406896339 0.0
187.0 0.680117523541 0.0
133.0 1.45252530667 1.0
127.0 0.988285993537 0.0
148.0 0.990951528302 0.0
69.0 1.05232508198 0.0
19.0 1.05983578968 0.0
161.0 1.22916423002 1.0
183.0 1.52862000341 1.0
82.0 1.0210655398 0.0
36.0 1.00649923865 0.0
50.0 0.927398215713 0.0
110.0 1.54953416096 1.0
184.0 3.31485008756 0.0
42.0 0.959205579082 0.0
93.0 0.940040972499 0.0
63.0 0.99317896606 0.0
95.0 1.61617878446 1.0
object 62	1.0:0.5 -9.59481338034:0.5
154.0 -9.49227431973 1.0
132.0 -9.66772782881 1.0
183.0 0.668322697916 0.0
110.0 -9.63168648402 1.0
17.0 -9.59691392187 1.0
11.0 -9.6037241329 1.0
35.0 1.00169061074 0.0
2.0 1.00182277655 0.0
109.0 -9.59793932327 1.0
138.0 0.945265346482 0.0
122.0 -9.63151533446 1.0
100.0 1.08632221764 0.0
191.0 -9.33940157594 1.0
112.0 1.01839997925 0.0
95.0 1.01140723659 0.0
64.0 -9.63676231547 1.0
7.0 0.947115813541 0.0
188.0 -0.948438488261 0.0
178.0 0.519456448734 0.0
162.0 -5.0082430992 1.0
38.0 -9.64956595757 1.0
33.0 0.99365558119 0.0
45.0 -9.52267576568 1.0
187.0 -12.8063048682 1.0
199.0 4.17054866583 0.0
86.0 0.924606276694 0.0
object 63	1.0:0.5 -6.70211293439:0.5
107.0 -6.74063216208 1.0
95.0 0.981010655835 0.0
22.0 0.95776944654 0.0
162.0 0.669240983442 0.0
180.0 2.74075444403 0.0
112.0 -6.60673652704 1.0
46.0 0.996108688208 0.0
116.0 -6.68126557356 1.0
152.0 -6.69792073688 1.0
17.0 0.988973946349 0.0
145.0 -6.6726655494 1.0
173.0 -11.3164539604 1.0
49.0 0.956212457558 0.0
15.0 -6.84727954289 1.0
103.0 0.953137868397 0.0
176.0 -7.64673615269 1.0
163.0 -7.27643169145 1.0
76.0 1.03779050096 0.0
52.0 1.05841245572 0.0
object 64	1.0:0.5 -5.24930364396:0.5
146.0 -5.30254406116 1.0
42.0 -5.22415689075 1.0
175.0 -10.6969554918 1.0
52.0 0.916760637973 0.0
129.0 0.996414310513 0.0
69.0 1.04878535096 0.0
145.0 -5.26141649221 1.0
98.0 -5.2052041669 1.0
25.0 1.0479010625 0.0
101.0 1.00854838799 0.0
83.0 1.01503733554 0.0
134.0 0.965900184506 0.0
119.0 -5.27533203825 1.0
191.0 -3.88917380837 1.0
39.0 0.994107513798 0.0
41.0 -5.22958270375 1.0
137.0 -5.27028126664 1.0
115.0 0.983378722247 0.0
173.0 -0.21466892582 0.0
61.0 1.08667972903 0.0
65.0 -5.37064934826 1.0
138.0 -5.20380608756 1.0
75.0 -5.28241278181 1.0
73.0 -5.23175212466 1.0
87.0 -5.30570273308 1.0
object 65	1.0:0.5 -5.74558556179:0.5
187.0 -5.39437579159 1.0
138.0 -5.74622370652 1.0
116.0 -5.76245999049 1.0
24.0 -5.76087526616 1.0
84.0 0.991639263331 0.0
97.0 -5.74908585857 1.0
99.0 -5.7503985523 1.0
31.0 1.08142810592 0.0
134.0 0.938810599964 0.0
51.0 -5.80136420618 1.0
70.0 -5.75548296143 1.0
6.0 -5.71138344073 1.0
55.0 0.91949767234 0.0
181.0 -5.84207715839 1.0
190.0 -0.433872412215 0.0
143.0 -5.75848935808 1.0
50.0 -5.69489839405 1.0
126.0 1.04426434641 0.0
188.0 2.22635815118 0.0
2.0 -5.77153243291 1.0
107.0 -5.78204856372 1.0
92.0 1.01338258488 0.0
101.0 -5.70070506274 1.0
139.0 -5.74542126136 1.0
37.0 1.05591619893 0.0
122.0 1.04268794709 0.0
156.0 -5.70707574251 1.0
48.0 -5.66007409181 1.0
148.0 1.01103525132 0.0
23.0 0.981399349621 0.0
object 66	1.0:0.5 4.19413726272:0.5
179.0 7.68601852172 1.0
48.0 1.05572588037 0.0
153.0 0.978337942579 0.0
120.0 4.14949367568 1.0
128.0 4.17534958947 1.0
195.0 5.81920509589 1.0
19.0 4.22362072624 1.0
152.0 4.16832850203 1.0
29.0 4.21469966164 1.0
139.0 4.15645970428 1.0
154.0 0.992999009429 0.0
30.0 1.01956975894 0.0
93.0 1.0682147196 0.0
156.0 1.01808590611 0.0
88.0 4.22037273136 1.0
24.0 0.982333074726 0.0
117.0 1.05578525884 0.0
108.0 1.01507221966 0.0
138.0 4.19139628051 1.0
object 67	1.0:0.5 2.75789346855:0.5
166.0 16.4770848368 0.0
192.0 13.3463904526 1.0
185.0 8.04897804196 0.0
113.0 2.70257065366 1.0
178.0 0.847354560774 1.0
147.0 1.04420108155 0.0
122.0 1.03953039551 0.0
115.0 2.79752679464 1.0
84.0 2.75371690322 1.0
155.0 2.67819689767 1.0
46.0 2.73787412576 1.0
69.0 1.01561676917 0.0
24.0 0.918426248442 0.0
43.0 0.962632572671 0.0
33.0 1.03006005526 0.0
10.0 2.85837006904 1.0
78.0 2.66708983423 1.0
171.0 3.47910537017 0.0
196.0 -0.2396686063 1.0
174.0 -1.66109782318 1.0
134.0 2.81505157853 1.0
13.0 2.70385453321 1.0
42.0 1.01156575412 0.0
154.0 2.75511663495 1.0
object 68	1.0:0.5 11.6175808759:0.5
65.0 11.6851003903 1.0
31.0 0.968280177086 0.0
36.0 0.983204371741 0.0
87.0 11.6508232798 1.0
119.0 0.99788790895 0.0
125.0 0.992835370684 0.0
130.0 0.918255643684 0.0
161.0 12.0226673207 1.0
70.0 11.5920732791 1.0
96.0 1.06586486652 0.0
135.0 11.6229071673 1.0
39.0 0.99510852166 0.0
61.0 1.05639515536 0.0
63.0 0.998305950551 0.0
147.0 11.6071764505 1.0
97.0 1.03452504654 0.0
47.0 11.5951786451 1.0
134.0 1.03106734952 0.0
142.0 0.904736025406 0.0
116.0 1.11590386241 0.0
156.0 11.6694548733 1.0
6.0 11.613063507 1.0
object 69	1.0:0.5 -8.44284308636:0.5
67.0 -8.43063560399 1.0
17.0 1.02158977834 0.0
37.0 -8.43102881132 1.0
100.0 0.989262228 0.0
123.0 -8.5147923372 1.0
178.0 -5.43905787384 1.0
133.0 -8.41432180224 1.0
34.0 1.020600645 0.0
144.0 1.06512510073 0.0
83.0 0.953925342667 0.0
11.0 -8.50302957148 1.0
182.0 -3.6086360306 1.0
28.0 -8.44507771742 1.0
132.0 -8.38045495344 1.0
124.0 0.947986875082 0.0
111.0 0.990945934303 0.0
165.0 -6.48887250005 1.0
102.0 1.06392845202 0.0
113.0 1.03498877328 0.0
43.0 -8.50210547443 1.0
142.0 0.961963314841 0.0
169.0 6.80598729903 0.0
101.0 -8.43769031592 1.0
115.0 0.900595557165 0.0
150.0 -8.4459631704 1.0
106.0 1.02431617778 0.0
186.0 2.82749957275 0.0
69.0 0.959046482086 0.0
object 70	1.0:0.5 -4.97722325787:0.5
182.0 3.92421113074 0.0
76.0 1.07477600925 0.0
107.0 -4.98897252886 1.0
87.0 -4.9874495885 1.0
163.0 0.350369147505 0.0
69.0 -5.07303308774 1.0
165.0 -2.29349790158 1.0
127.0 -4.98009864691 1.0
5.0 0.984525459009 0.0
120.0 1.01320572228 0.0
70.0 -4.99715043482 1.0
144.0 -5.11939588177 1.0
79.0 0.983133192694 0.0
187.0 -5.33720225108 1.0
10.0 -5.00415586123 1.0
38.0 -4.93666492894 1.0
159.0 0.979006556431 0.0
86.0 -4.95797073575 1.0
96.0 -5.03861841899 1.0
172.0 2.67180086268 0.0
131.0 1.04454931461 0.0
193.0 4.05846185512 0.0
139.0 0.837555117324 0.0
152.0 1.0316474455 0.0
34.0 1.05791337458 0.0
51.0 -5.06285415076 1.0
object 71	1.0:0.5 4.19496772847:0.5
97.0 1.00762944462 0.0
109.0 0.920810521711 0.0
100.0 0.990419227229 0.0
145.0 4.19592905709 1.0
99.0 4.18879785276 1.0
70.0 4.23400910836 1.0
56.0 4.15707995416 1.0
63.0 4.21530822026 1.0
162.0 3.76738493712 1.0
59.0 4.12607731726 1.0
76.0 1.04291294461 0.0
133.0 4.11090499549 1.0
111.0 0.952376805833 0.0
132.0 4.22038862139 1.0
20.0 0.989162496214 0.0
128.0 4.18375743928 1.0
22.0 1.00792580319 0.0
135.0 4.28225081799 1.0
171.0 1.08725562334 0.0
60.0 1.00756873438 0.0
138.0 1.05301285733 0.0
174.0 -3.64337745407 1.0
140.0 1.06318918066 0.0
13.0 0.973198631742 0.0
177.0 3.52877741744 1.0
17.0 0.880961814963 0.0
object 72	1.0:0.5 1.72467090035:0.5
5.0 1.71222703275 1.0
90.0 1.0671344446 0.0
116.0 1.74773357535 1.0
58.0 0.972889096875 0.0
96.0 1.71304935124 1.0
153.0 1.6414795536 1.0
107.0 1.00132360619 0.0
73.0 1.77128720494 1.0
199.0 5.37842171643 1.0
24.0 1.73962005834 1.0
48.0 0.953100300217 0.0
65.0 1.75504148058 1.0
109.0 0.898985822025 0.0
152.0 1.73183452159 1.0
189.0 4.96461957384 1.0
157.0 1.05217516917 0.0
4.0 1.65713958968 1.0
60.0 1.67124939774 1.0
167.0 6.61731778172 1.0
44.0 1.72769084228 1.0
94.0 0.940297381177 0.0
35.0 0.941569218719 0.0
36.0 1.77110476949 1.0
180.0 1.43933495564 1.0
104.0 1.00734587979 0.0
object 73	1.0:0.5 8.94840222907:0.5
100.0 0.965360783271 0.0
37.0 8.89367352847 1.0
141.0 8.93455464852 1.0
64.0 8.93518167166 1.0
30.0 1.03062454708 0.0
171.0 -1.06035244373 0.0
102.0 8.95043627497 1.0
197.0 -2.18768686614 0.0
66.0 0.974204397443 0.0
178.0 2.70867774665 0.0
0.0 0.964646841986 0.0
118.0 0.942098479539 0.0
169.0 -0.515150078834 0.0
192.0 15.9774608368 1.0
159.0 8.98145017555 1.0
34.0 0.993252513419 0.0
157.0 9.05767906824 1.0
60.0 0.944972939196 0.0
86.0 8.90779206531 1.0
12.0 0.958275102833 0.0
31.0 0.993966203685 0.0
156.0 9.006938894 1.0
object 74	1.0:0.5 -5.04846008028:0.5
190.0 3.5494316624 0.0
21.0 0.954987916906 0.0
85.0 1.00664501755 0.0
62.0 -5.06518003291 1.0
93.0 -5.00350683512 1.0
104.0 1.02049294669 0.0
64.0 0.966958543704 0.0
63.0 0.993176148203 0.0
86.0 1.00503769448 0.0
182.0 2.43601467418 0.0
77.0 -4.98729686591 1.0
58.0 -5.13538409962 1.0
198.0 -5.82554190219 1.0
46.0 1.04737539626 0.0
123.0 -5.05973609286 1.0
117.0 0.874031145661 0.0
173.0 -1.78622795451 1.0
94.0 0.918822634258 0.0
157.0 -4.981232572 1.0
163.0 1.59869601302 0.0
14.0 1.0040276165 0.0
170.0 -3.37351107981 1.0
111.0 1.03691347206 0.0
183.0 -6.24352240753 1.0
125.0 1.09355996167 0.0
172.0 4.35071258912 0.0
object 75	1.0:0.5 -0.735358227314:0.5
171.0 -0.415351639573 1.0
128.0 0.967312000737 0.0
132.0 -0.793435556192 1.0
116.0 -0.724317749525 1.0
115.0 -0.69335538708 1.0
55.0 -0.792044104316 1.0
105.0 -0.746426835647 1.0
9.0 0.939192594046 0.0
13.0 -0.754078610911 1.0
160.0 1.15468410675 1.0
96.0 -0.709548385058 1.0
45.0 -0.747420938573 1.0
148.0 1.06857644607 0.0
5.0 -0.778163925435 1.0
31.0 -0.688723556392 1.0
114.0 1.04734811876 0.0
192.0 -3.41045737439 1.0
34.0 -0.776875974586 1.0
32.0 -0.716214677605 1.0
27.0 -0.787575317325 1.0
150.0 0.984808786457 0.0
6.0 1.0341026522 0.0
199.0 2.62701913686 0.0
156.0 -0.751294083914 1.0
44.0 -0.752897950845 1.0
147.0 -0.737497420096 1.0
4.0 -0.795816446015 1.0
object 76	1.0:0.5 5.27890327239:0.5
98.0 5.26264325266 1.0
30.0 1.02791812298 0.0
16.0 1.03649243775 0.0
27.0 1.06035851291 0.0
35.0 0.941086070952 0.0
21.0 1.06474396712 0.0
26.0 5.33146429485 1.0
103.0 5.28988186284 1.0
170.0 5.95581956492 1.0
77.0 0.989654368547 0.0
88.0 5.31385947746 1.0
128.0 5.26184218835 1.0
104.0 1.04112216017 0.0
70.0 1.06067471989 0.0
5.0 1.02872438504 0.0
82.0 5.32862418116 1.0
136.0 5.32593075634 1.0
168.0 -1.14785556356 0.0
62.0 5.39889582101 1.0
18.0 0.95803303745 0.0
81.0 5.24272788376 1.0
56.0 5.3823886765 1.0
169.0 -1.96152425244 0.0
80.0 5.35672747451 1.0
45.0 5.33234248783 1.0
85.0 1.03274002077 0.0
134.0 0.987516357437 0.0
object 77	1.0:0.5 19.6175251606:0.5
171.0 -0.660466460571 0.0
154.0 0.946677577316 0.0
40.0 19.640718524 1.0
118.0 1.0436224069 0.0
177.0 -1.63512540237 0.0
121.0 0.98282864426 0.0
9.0 1.030822865 0.0
88.0 1.05256355217 0.0
16.0 19.5700081812 1.0
73.0 19.5521397975 1.0
62.0 0.971955506625 0.0
54.0 19.603480404 1.0
199.0 -3.30972292584 0.0
131.0 19.651495711 1.0
94.0 0.962538245466 0.0
44.0 19.6802902078 1.0
49.0 19.6979169335 1.0
10.0 1.08872626424 0.0
172.0 -0.724490641462 0.0
158.0 0.950237482123 0.0
188.0 2.40609019617 0.0
96.0 1.05898641041 0.0
87.0 0.99298562182 0.0
127.0 19.6003300982 1.0
84.0 1.04138117712 0.0
7.0 19.6603607843 1.0
19.0 0.933115593055 0.0
101.0 19.6341341714 1.0
25.0 19.5872170457 1.0
129.0 1.00908710826 0.0
object 78	1.0:0.5 -1.88317868561:0.5
24.0 -1.86752382604 1.0
194.0 -1.01282717839 1.0
171.0 -2.25177828792 1.0
82.0 -2.03815102681 1.0
186.0 -4.79505772615 1.0
101.0 1.02507903086 0.0
14.0 0.875887502028 0.0
166.0 3.51054499588 1.0
12.0 0.980969269006 0.0
175.0 -0.653345755853 1.0
149.0 0.99006738948 0.0
190.0 1.28787070542 0.0
165.0 -1.65610133911 1.0
125.0 -1.76016424091 1.0
97.0 1.04979512133 0.0
113.0 -1.79710999641 1.0
129.0 0.970936921229 0.0
60.0 0.933299279942 0.0
160.0 3.72902183815 0.0
145.0 -1.9323338159 1.0
61.0 -1.90175985486 1.0
69.0 1.06186018447 0.0
52.0 1.00262165587 0.0
95.0 -1.85389036131 1.0
130.0 -1.91228309849 1.0
55.0 1.0001616079 0.0
174.0 1.0384156902 1.0
53.0 -1.84194907013 1.0
191.0 -5.57783947331 1.0
137.0 -1.86247353095 1.0
object 79	1.0:0.5 12.2599524619:0.5
73.0 1.03988667005 0.0
11.0 12.2861280117 1.0
118.0 12.2410679952 1.0
24.0 0.9599953932 0.0
175.0 14.6791865139 1.0
43.0 12.2532534027 1.0
20.0 1.03264093019 0.0
125.0 12.249196041 1.0
34.0 12.3186809244 1.0
54.0 0.949942425846 0.0
130.0 1.07438396279 0.0
93.0 0.965806723183 0.0
90.0 12.1796604062 1.0
89.0 12.2611597434 1.0
199.0 8.10964939241 1.0
178.0 2.5565147822 0.0
189.0 10.831256102 1.0
25.0 12.3232923603 1.0
150.0 0.967613903163 0.0
23.0 12.2468396617 1.0
135.0 1.02920918799 0.0
119.0 1.00990173352 0.0
183.0 -2.05112088367 0.0
116.0 12.2757052262 1.0
164.0 -3.40253738549 0.0
120.0 0.983073649437 0.0
74.0 1.05883967048 0.0
154.0 1.02051056278 0.0
1.0 1.00155623142 0.0
object 80	1.0:0.5 1.67489499041:0.5
142.0 1.59372981855 1.0
82.0 1.03830421154 0.0
5.0 0.99321416584 0.0
53.0 1.03323318566 0.0
74.0 0.930174864969 0.0
50.0 0.995146784124 0.0
29.0 1.01478649344 0.0
8.0 0.944117421813 0.0
126.0 1.68886538392 1.0
124.0 1.576603153 1.0
40.0 1.05411721486 0.0
48.0 1.63572031501 1.0
100.0 1.03471583819 0.0
193.0 1.59074405162 0.0
96.0 0.982981835578 0.0
139.0 0.992397288998 0.0
12.0 1.71586397447 1.0
182.0 -5.03758848365 0.0
111.0 1.64938889729 1.0
159.0 1.75630641104 1.0
51.0 1.05989994306 0.0
object 81	1.0:0.5 5.39612955769:0.5
168.0 2.87165159578 1.0
22.0 5.4103393573 1.0
79.0 1.05216394188 0.0
171.0 1.84832709512 0.0
9.0 5.29348767526 1.0
186.0 0.253456304503 0.0
88.0 5.38170655182 1.0
156.0 1.07678918698 0.0
107.0 5.37154285477 1.0
199.0 6.88033959508 1.0
62.0 5.3287992622 1.0
137.0 5.34478220989 1.0
28.0 5.42607604712 1.0
60.0 5.36671610641 1.0
25.0 5.41706875956 1.0
51.0 1.06875753926 0.0
42.0 1.06730310005 0.0
162.0 4.84057096362 1.0
39.0 5.33836443775 1.0
136.0 5.38643419609 1.0
138.0 5.31522140306 1.0
147.0 0.950430380531 0.0
115.0 5.26688883839 1.0
90.0 5.3473345745 1.0
41.0 5.43534943323 1.0
27.0 5.28614491532 1.0
7.0 5.41216097651 1.0
154.0 1.08147098864 0.0
155.0 0.955601154288 0.0
185.0 6.26912392458 1.0
148.0 1.11373075179 0.0
102.0 1.02637198813 0.0
52.0 5.37237616562 1.0
object 82	1.0:0.5 0.868141475148:0.5
76.0 0.853712287241 1.0
128.0 1.02581485094 0.0
0.0 0.876044126187 1.0
23.0 0.962012655358 0.0
183.0 0.133241373521 1.0
138.0 1.02002964671 0.0
17.0 1.00472043172 0.0
114.0 0.923921862107 0.0
119.0 0.910567981064 1.0
42.0 0.875975036975 1.0
112.0 0.900000765265 1.0
14.0 0.907486791826 0.0
145.0 0.907195276845 1.0
147.0 0.82021505554 1.0
176.0 4.22081937068 1.0
25.0 0.972877635813 0.0
26.0 0.942977517371 0.0
148.0 1.04392623759 0.0
35.0 0.923254694408 0.0
165.0 2.27269036831 1.0
142.0 0.872402546453 1.0
151.0 0.895072887567 1.0
195.0 -0.452554885209 1.0
33.0 0.938409650242 0.0
56.0 0.835401138935 1.0
180.0 0.464621649782 0.0
106.0 0.898803296391 1.0
object 83	1.0:0.5 14.569927559:0.5
50.0 0.973377994194 0.0
132.0 0.98014519725 0.0
54.0 14.5744816914 1.0
140.0 0.958628423577 0.0
22.0 14.5321663191 1.0
2.0 0.925503474133 0.0
45.0 14.5163117816 1.0
150.0 1.0163140579 0.0
0.0 14.6099744631 1.0
138.0 1.02476027347 0.0
113.0 14.5669095079 1.0
30.0 0.982936320951 0.0
153.0 14.5430857085 1.0
135.0 1.03271785891 0.0
10.0 1.04012193563 0.0
158.0 14.5338599468 1.0
11.0 1.02369538502 0.0
object 84	1.0:0.5 -4.96926041719:0.5
178.0 -6.52985466797 1.0
10.0 -4.93763844702 1.0
124.0 1.00817424282 0.0
186.0 -6.18771567838 1.0
73.0 1.02179628468 0.0
24.0 -4.99321878238 1.0
2.0 1.00208209772 0.0
46.0 0.964811285172 0.0
56.0 -4.94306476042 1.0
185.0 -2.28949004652 1.0
118.0 1.04057238484 0.0
6.0 0.967354551291 0.0
35.0 -5.01691220063 1.0
43.0 0.938890306075 0.0
123.0 -4.93476308886 1.0
115.0 1.03573296986 0.0
88.0 1.0521060843 0.0
87.0 -5.03389764963 1.0
184.0 -5.87256225475 1.0
173.0 0.638510855876 0.0
156.0 1.06490232165 0.0
17.0 -5.05941909487 1.0
48.0 1.01723019629 0.0
object 85	1.0:0.5 16.7795759433:0.5
107.0 0.972212306184 0.0
14.0 16.6057577195 1.0
24.0 16.7851027936 1.0
119.0 16.809685907 1.0
158.0 16.7603104256 1.0
35.0 16.7618371188 1.0
5.0 16.8117623699 1.0
42.0 16.7180608252 1.0
13.0 0.981112695915 0.0
197.0 1.53851438215 0.0
11.0 16.7470694416 1.0
79.0 16.7340738149 1.0
92.0 1.05905245579 0.0
170.0 16.8327961201 1.0
120.0 0.974113333579 0.0
140.0 1.00441287517 0.0
53.0 0.990997993898 0.0
130.0 0.988685222869 0.0
188.0 19.7950847487 1.0
object 86	1.0:0.5 9.98395414506:0.5
148.0 0.996750350901 0.0
0.0 0.976047414732 0.0
1.0 9.92927734394 1.0
25.0 10.010015605 1.0
74.0 1.01984510605 0.0
54.0 1.01213900261 0.0
123.0 10.0160227478 1.0
130.0 1.00801824956 0.0
128.0 0.974421176638 0.0
23.0 0.98316153769 0.0
8.0 0.966854173802 0.0
30.0 0.990013843365 0.0
115.0 1.03239969752 0.0
139.0 1.04636155097 0.0
70.0 1.04337198423 0.0
59.0 10.0191609091 1.0
153.0 1.01648455655 0.0
49.0 0.985389100282 0.0
86.0 1.04941100101 0.0
120.0 0.927994331804 0.0
object 87	1.0:0.5 12.7727367996:0.5
187.0 1.66520858948 0.0
148.0 12.8053288892 1.0
190.0 11.6494996386 1.0
25.0 0.947986788597 0.0
161.0 15.4394407955 1.0
132.0 12.681952763 1.0
109.0 12.8002984465 1.0
193.0 12.7620327525 1.0
120.0 1.01744408433 0.0
176.0 15.1286028936 1.0
17.0 12.7695717573 1.0
149.0 12.7931488309 1.0
10.0 12.77053159 1.0
24.0 12.7815723779 1.0
111.0 12.8374415419 1.0
123.0 12.6777672198 1.0
55.0 12.8799019125 1.0
186.0 -0.459598595642 0.0
90.0 12.7376857752 1.0
object 88	1.0:0.5 2.34803354356:0.5
88.0 1.02171516761 0.0
75.0 1.11516868421 0.0
175.0 -1.3695736555 1.0
144.0 2.40813285628 1.0
114.0 2.31000413642 1.0
140.0 2.31412219332 1.0
22.0 0.98956957826 0.0
9.0 2.35107595965 1.0
65.0 1.01305900816 0.0
76.0 2.40787789546 1.0
77.0 2.23221442886 1.0
78.0 0.978895142493 0.0
80.0 2.36700656755 1.0
108.0 1.02203659116 0.0
84.0 0.972175116091 0.0
19.0 0.984150627749 0.0
52.0 1.04497720998 0.0
170.0 -1.31644768542 0.0
155.0 2.36186690914 1.0
101.0 1.01964886231 0.0
56.0 0.977653143898 0.0
157.0 1.05137614267 0.0
2.0 1.05689235898 0.0
63.0 0.996461195301 0.0
11.0 2.43367488667 1.0
176.0 3.94782506726 0.0
172.0 -6.80063026019 0.0
123.0 0.941471203314 0.0
135.0 2.29007030512 1.0
115.0 1.04920251075 0.0
189.0 -0.314206432206 0.0
145.0 1.05808725803 0.0
43.0 2.35256253005 1.0
object 89	1.0:0.5 11.3046640623:0.5
190.0 0.230863994257 0.0
89.0 11.3546357942 1.0
152.0 1.02796087568 0.0
126.0 0.940719917212 0.0
103.0 11.384671975 1.0
114.0 0.97733535902 0.0
105.0 11.294794932 1.0
148.0 11.3711692699 1.0
7.0 11.3146312705 1.0
149.0 0.949217981462 0.0
26.0 1.03168163195 0.0
20.0 11.2752711093 1.0
75.0 1.01997726591 0.0
18.0 1.03187971628 0.0
139.0 0.980483010017 0.0
128.0 11.3113176914 1.0
184.0 9.57785738465 1.0
56.0 11.3520839674 1.0
146.0 0.971654791345 0.0
132.0 11.3347433041 1.0
68.0 1.0260831261 0.0
170.0 0.977854471986 0.0
95.0 11.2722984062 1.0
object 90	1.0:0.5 5.41616296081:0.5
71.0 5.35618137239 1.0
163.0 4.94250945761 1.0
66.0 0.890009194127 0.0
30.0 5.45346751785 1.0
169.0 2.74585834786 0.0
32.0 5.39206489549 1.0
51.0 5.33770136592 1.0
45.0 5.39298119314 1.0
10.0 5.38948977068 1.0
161.0 -0.0826920041103 0.0
133.0 5.43133427218 1.0
146.0 0.991926035329 0.0
175.0 -3.61706629188 1.0
92.0 5.396068948 1.0
149.0 5.49405108223 1.0
97.0 0.946149556139 0.0
46.0 5.43939233344 1.0
85.0 5.4805662103 1.0
38.0 1.02013471048 0.0
59.0 0.952922956462 0.0
60.0 5.38187788236 1.0
object 91	1.0:0.5 -9.64151158583:0.5
22.0 -9.73093048827 1.0
188.0 -0.809925171692 0.0
68.0 -9.68215541613 1.0
57.0 -9.66825625559 1.0
89.0 -9.65115775477 1.0
182.0 -9.1141954489 1.0
75.0 -9.6450383902 1.0
133.0 0.986031652777 0.0
54.0 -9.68692171322 1.0
56.0 -9.57281196848 1.0
26.0 1.06118742731 0.0
176.0 3.27319426263 0.0
196.0 -10.7384953151 1.0
104.0 1.00330020236 0.0
77.0 0.958638063183 0.0
131.0 1.14565930106 0.0
87.0 -9.62494510098 1.0
144.0 0.97564346549 0.0
71.0 0.922894002777 0.0
52.0 0.997011088783 0.0
128.0 1.07988916799 0.0
23.0 -9.61491210707 1.0
34.0 1.00712209518 0.0
141.0 -9.67214846449 1.0
102.0 1.04520615804 0.0
130.0 0.962699177732 0.0
118.0 -9.65462331201 1.0
object 92	1.0:0.5 5.39942551728:0.5
139.0 5.34083457498 1.0
115.0 5.523704042 1.0
87.0 5.44900473782 1.0
125.0 1.0601852147 0.0
31.0 5.4115692815 1.0
110.0 1.02067962745 0.0
2.0 5.37491877043 1.0
15.0 5.3663668822 1.0
126.0 5.39602079152 1.0
193.0 -0.704694974608 0.0
106.0 5.3654269952 1.0
4.0 0.962752480227 0.0
69.0 5.3796284249 1.0
78.0 5.4316585893 1.0
57.0 0.965441169381 0.0
81.0 5.4381437899 1.0
185.0 9.33313674788 1.0
184.0 6.82743302701 1.0
178.0 3.11437911084 0.0
83.0 0.962398613946 0.0
168.0 3.43595130233 1.0
131.0 5.33807954287 1.0
121.0 0.992734549275 0.0
111.0 0.924695402647 0.0
135.0 5.41008046033 1.0
object 93	1.0:0.5 -4.39484142663:0.5
68.0 0.961659515063 0.0
61.0 -4.48077592895 1.0
198.0 -3.65096421003 0.0
50.0 0.951022841694 0.0
194.0 -7.20898943958 1.0
182.0 -6.38822676781 1.0
89.0 1.0202926777 0.0
99.0 1.14085787106 0.0
59.0 1.05194305092 0.0
81.0 -4.42920354201 1.0
104.0 -4.36195442288 1.0
46.0 -4.40008400118 1.0
166.0 -6.83350668474 1.0
28.0 0.945345144282 0.0
109.0 1.09415397391 0.0
40.0 -4.48011554651 1.0
1.0 0.960926743434 0.0
74.0 -4.45320483684 1.0
25.0 0.94217511093 0.0
39.0 0.96551470524 0.0
36.0 -4.35438534197 1.0
180.0 2.99155635381 0.0
26.0 -4.43615012 1.0
185.0 -2.41822657436 1.0
16.0 1.05367561439 0.0
14.0 -4.43147667004 1.0
187.0 0.952254297232 0.0
45.0 -4.4246113979 1.0
179.0 -4.9563943878 1.0
7.0 -4.37994575557 1.0
object 94	1.0:0.5 8.66836105152:0.5
181.0 1.17256047786 0.0
23.0 0.958531298088 0.0
82.0 0.975288029691 0.0
196.0 2.30087431845 0.0
91.0 1.05753992953 0.0
167.0 10.2018924577 1.0
16.0 8.73913884515 1.0
36.0 8.69721220865 1.0
2.0 1.01295067626 0.0
3.0 8.70717330454 1.0
159.0 0.989749339366 0.0
128.0 8.60602477923 1.0
6.0 0.958617940645 0.0
178.0 11.7947001541 1.0
92.0 8.66249772273 1.0
110.0 0.9640091906 0.0
9.0 0.950006008514 0.0
44.0 1.00396317208 0.0
195.0 10.0592602777 1.0
193.0 -2.8223916992 0.0
63.0 0.946954789236 0.0
198.0 -0.463890419204 0.0
61.0 8.68023870046 1.0
182.0 14.984690112 1.0
131.0 8.71272786935 1.0
object 95	1.0:0.5 13.3718097608:0.5
7.0 0.974884566975 0.0
196.0 0.129477294048 0.0
41.0 13.3415291888 1.0
141.0 13.3467486751 1.0
167.0 3.12667116467 0.0
27.0 0.992535263842 0.0
21.0 13.3681405319 1.0
43.0 1.08084787502 0.0
107.0 1.02635495154 0.0
55.0 1.0352977666 0.0
14.0 13.3491364242 1.0
153.0 1.00784834245 0.0
49.0 0.946411945629 0.0
51.0 13.3516111118 1.0
72.0 1.05799709354 0.0
154.0 13.424506358 1.0
50.0 1.02210884199 0.0
104.0 13.3994750312 1.0
191.0 2.73990702908 0.0
3.0 13.4471282239 1.0
26.0 13.322873984 1.0
25.0 0.982626791053 0.0
67.0 13.2956565375 1.0
128.0 13.2967050871 1.0
object 96	1.0:0.5 13.1520116097:0.5
82.0 13.1189750914 1.0
35.0 13.084553559 1.0
129.0 0.98401781215 0.0
192.0 -5.12176184807 0.0
142.0 0.904039003369 0.0
149.0 13.1965309512 1.0
87.0 1.00229914036 0.0
148.0 13.0956440922 1.0
67.0 0.930580828769 0.0
175.0 18.2402174195 1.0
123.0 1.06758904941 0.0
125.0 0.984107723086 0.0
75.0 1.03071554654 0.0
171.0 2.79636687039 0.0
16.0 0.974304656385 0.0
41.0 13.1220757668 1.0
164.0 5.2271338237 0.0
155.0 1.00562179569 0.0
83.0 13.1240506881 1.0
39.0 13.0786067424 1.0
21.0 1.0170138 0.0
22.0 13.1660647629 1.0
object 97	1.0:0.5 17.2553348935:0.5
124.0 0.887030336172 0.0
35.0 17.194008879 1.0
110.0 17.2320501117 1.0
130.0 17.3240203987 1.0
100.0 17.2610245165 1.0
9.0 17.2341318893 1.0
171.0 -0.0827332311979 0.0
168.0 2.97265904234 0.0
30.0 17.1882330767 1.0
163.0 17.1487392359 1.0
191.0 1.13976533807 0.0
88.0 17.2942359495 1.0
135.0 1.01095209228 0.0
129.0 17.1464149269 1.0
4.0 0.975654159084 0.0
141.0 0.931072678883 0.0
184.0 18.3899663825 1.0
113.0 17.2726002692 1.0
70.0 17.1934387913 1.0
116.0 1.05206796004 0.0
24.0 1.01670590133 0.0
175.0 4.47656685527 0.0
197.0 13.4148538441 1.0
102.0 17.2500419776 1.0
104.0 0.93752443207 0.0
55.0 0.945261423175 0.0
64.0 1.00026964653 0.0
37.0 1.0353065441 0.0
149.0 17.1314431251 1.0
133.0 17.1244618218 1.0
6.0 0.946576146402 0.0
145.0 17.2597119041 1.0
56.0 0.966442672748 0.0
object 98	1.0:0.5 -4.4875845671:0.5
196.0 -1.36076384148 1.0
80.0 -4.50206950051 1.0
84.0 1.01289547464 0.0
82.0 -4.54347399679 1.0
14.0 0.996101035425 0.0
130.0 1.01513496665 0.0
22.0 -4.52672881979 1.0
60.0 -4.50192035097 1.0
56.0 -4.52378614355 1.0
167.0 -6.02489284479 1.0
32.0 -4.48491935124 1.0
122.0 0.981595552727 0.0
157.0 -4.57867889255 1.0
8.0 -4.4322464005 1.0
59.0 -4.43103611523 1.0
15.0 -4.53740326337 1.0
163.0 -3.44834497225 1.0
147.0 0.957569820636 0.0
166.0 7.13581788277 0.0
127.0 0.999999569424 0.0
95.0 1.02504431355 0.0
21.0 0.982173588025 0.0
129.0 -4.48280687137 1.0
146.0 -4.56151204845 1.0
54.0 0.977989908703 0.0
68.0 1.01242628045 0.0
object 99	1.0:0.5 -4.19551096543:0.5
130.0 -4.10110256573 1.0
120.0 1.06220313596 0.0
82.0 -4.16082933923 1.0
31.0 -4.12672507493 1.0
167.0 -2.53239254057 0.0
43.0 -4.1746861923 1.0
197.0 -0.96065310778 1.0
179.0 -5.70974757602 1.0
195.0 1.94495057481 0.0
77.0 -4.20832009228 1.0
132.0 -4.17049915517 1.0
11.0 0.927687502284 0.0
94.0 0.968762050918 0.0
35.0 1.01894442276 0.0
41.0 1.0215906226 0.0
70.0 1.04973905613 0.0
0.0 0.962038099406 0.0
159.0 -4.12301815554 1.0
166.0 -4.76487573052 1.0
73.0 -4.136665721 1.0
160.0 -6.48262952384 1.0
