object 0	1.0:1.0
42.0 1.02913893249 1.0
118.0 0.997108496386 1.0
182.0 2.07596157424 1.0
object 1	1.0:1.0
187.0 1.82003927784 1.0
67.0 1.03039987223 1.0
136.0 0.960743268357 1.0
101.0 1.01973954041 1.0
184.0 1.91919489491 1.0
117.0 0.941792103657 1.0
129.0 1.0192845469 1.0
87.0 1.01591760739 1.0
object 2	1.0:1.0
2.0 1.03396324639 1.0
65.0 1.05320545012 1.0
190.0 1.30634327952 1.0
199.0 4.01632660961 1.0
132.0 1.01569377587 1.0
object 3	1.0:1.0
157.0 0.999065391342 1.0
69.0 0.997509935612 1.0
190.0 0.199749108863 1.0
168.0 0.966691580276 1.0
11.0 0.995580913063 1.0
113.0 0.997821881063 1.0
61.0 1.02998099646 1.0
146.0 0.999166309133 1.0
152.0 1.04040510065 1.0
object 4	1.0:1.0
13.0 1.0758167024 1.0
180.0 0.850760426718 1.0
22.0 1.0351703266 1.0
88.0 1.04776801938 1.0
145.0 1.02899804781 1.0
188.0 -2.12393866778 1.0
125.0 0.997476236251 1.0
161.0 0.991325164858 1.0
58.0 1.02178422621 1.0
object 5	1.0:1.0
25.0 1.0739216247 1.0
179.0 0.960729163751 1.0
32.0 1.0047864052 1.0
75.0 0.999279813368 1.0
65.0 1.00920066082 1.0
78.0 1.01869103677 1.0
68.0 0.98112490015 1.0
132.0 1.02208930868 1.0
110.0 1.0397963252 1.0
152.0 1.03815539795 1.0
86.0 0.993425512135 1.0
118.0 1.05024665041 1.0
115.0 1.03591432114 1.0
136.0 0.983724124028 1.0
99.0 0.934249484585 1.0
31.0 0.993320639103 1.0
74.0 1.016448214 1.0
object 6	1.0:1.0
66.0 0.995282996823 1.0
96.0 1.0469212067 1.0
123.0 1.04201845829 1.0
15.0 0.972357239032 1.0
168.0 1.01597618056 1.0
132.0 0.992100239643 1.0
59.0 1.02501096812 1.0
object 7	1.0:1.0
76.0 0.984336038244 1.0
30.0 0.989949963427 1.0
75.0 0.930156507826 1.0
97.0 1.0455301935 1.0
96.0 1.00249582291 1.0
100.0 1.02807937442 1.0
object 8	1.0:1.0
28.0 1.01009315918 1.0
25.0 0.980425777686 1.0
159.0 1.06382707563 1.0
105.0 1.00397169041 1.0
109.0 1.01928863729 1.0
140.0 1.04798050802 1.0
111.0 1.00149128931 1.0
object 9	1.0:1.0
178.0 1.04874740948 1.0
165.0 1.02139370986 1.0
108.0 0.953240279131 1.0
85.0 1.03242408732 1.0
116.0 0.998947115757 1.0
75.0 0.998560692534 1.0
190.0 5.74384369261 1.0
199.0 -3.14781125011 1.0
object 10	1.0:1.0
73.0 0.985414436163 1.0
11.0 1.02195275587 1.0
198.0 -3.78486319624 1.0
2.0 1.00495778391 1.0
68.0 0.999516864711 1.0
83.0 1.01090487719 1.0
63.0 0.997414053321 1.0
61.0 1.04422925722 1.0
106.0 0.966915106064 1.0
136.0 0.986048422504 1.0
95.0 1.02006593309 1.0
94.0 1.00178187127 1.0
176.0 1.04039707534 1.0
object 11	1.0:1.0
50.0 1.00718470479 1.0
52.0 1.01742640811 1.0
38.0 1.04611940453 1.0
18.0 1.02323371312 1.0
120.0 1.02556802475 1.0
147.0 1.03904393141 1.0
75.0 1.0181860294 1.0
94.0 1.00064410827 1.0
object 12	1.0:1.0
86.0 1.00133362771 1.0
118.0 1.04605228169 1.0
199.0 -2.3690016797 1.0
132.0 0.985288107447 1.0
35.0 1.01320083825 1.0
42.0 0.936886305943 1.0
181.0 4.26517020033 1.0
175.0 0.988622320737 1.0
101.0 1.00195897366 1.0
object 13	1.0:1.0
113.0 0.961491592179 1.0
38.0 0.995798769077 1.0
142.0 1.04705935323 1.0
53.0 1.02616312391 1.0
118.0 0.895142028441 1.0
64.0 0.996805520946 1.0
2.0 1.01061892096 1.0
40.0 0.930430071074 1.0
108.0 0.987265517203 1.0
0.0 0.994039143442 1.0
97.0 1.01548516887 1.0
object 14	1.0:1.0
106.0 1.00019840352 1.0
90.0 1.00679088586 1.0
37.0 1.01079468087 1.0
27.0 0.996073393666 1.0
24.0 0.995306133556 1.0
144.0 1.02060130427 1.0
19.0 0.973394919968 1.0
92.0 1.01039217737 1.0
107.0 0.985597689091 1.0
object 15	1.0:1.0
190.0 -0.880508647279 1.0
100.0 0.966433967944 1.0
170.0 0.999194914588 1.0
186.0 3.10579566886 1.0
163.0 1.0280632618 1.0
84.0 0.995981214221 1.0
129.0 0.994592480859 1.0
86.0 1.02031987701 1.0
58.0 1.01380647099 1.0
34.0 1.00059704802 1.0
27.0 1.06545446315 1.0
52.0 1.00887049632 1.0
object 16	1.0:1.0
95.0 0.984810229232 1.0
119.0 1.03537207027 1.0
52.0 0.995908961103 1.0
127.0 1.02421393192 1.0
object 17	1.0:1.0
175.0 1.00767438495 1.0
192.0 0.833166097715 1.0
109.0 0.985443845821 1.0
93.0 1.04701506788 1.0
89.0 0.958624088447 1.0
142.0 1.06871848461 1.0
4.0 1.00152954483 1.0
object 18	1.0:1.0
0.0 1.0027055914 1.0
35.0 0.956428930353 1.0
96.0 0.982590006426 1.0
196.0 3.61349479497 1.0
97.0 1.04342468323 1.0
89.0 1.0104230316 1.0
16.0 0.970913306849 1.0
182.0 1.33416313203 1.0
98.0 0.986450746944 1.0
17.0 0.995284334451 1.0
105.0 1.02227822041 1.0
81.0 0.992883744547 1.0
object 19	1.0:1.0
133.0 1.00341398961 1.0
144.0 1.01970903608 1.0
143.0 1.00691310951 1.0
36.0 0.973148547387 1.0
167.0 1.00608053895 1.0
85.0 1.01568798672 1.0
23.0 1.00224613338 1.0
101.0 1.00692826449 1.0
146.0 1.00174239223 1.0
42.0 0.997418716848 1.0
86.0 1.01332137062 1.0
object 20	1.0:1.0
8.0 1.01077756318 1.0
137.0 0.989102504556 1.0
60.0 1.06039936913 1.0
34.0 0.999352372459 1.0
120.0 1.01015326152 1.0
21.0 1.03746288532 1.0
10.0 0.985903661702 1.0
9.0 1.02700029688 1.0
object 21	1.0:1.0
140.0 1.01372195471 1.0
81.0 1.01042925733 1.0
39.0 1.01492059718 1.0
136.0 1.0331825538 1.0
60.0 0.998951590298 1.0
118.0 1.01137668992 1.0
24.0 1.01701993614 1.0
90.0 0.976825804617 1.0
166.0 0.980167574369 1.0
177.0 0.987620695299 1.0
64.0 0.937460960938 1.0
34.0 0.984579343304 1.0
171.0 1.04944121901 1.0
object 22	1.0:1.0
166.0 0.991246240312 1.0
79.0 0.980650039809 1.0
112.0 1.00251255165 1.0
178.0 1.00417539699 1.0
54.0 1.00695215674 1.0
157.0 1.00980925784 1.0
97.0 0.99950979448 1.0
158.0 0.916217400065 1.0
6.0 0.985050640562 1.0
object 23	1.0:1.0
138.0 1.00908549424 1.0
195.0 7.07136466334 1.0
190.0 3.09798836984 1.0
140.0 0.978638766366 1.0
126.0 1.01916334664 1.0
object 24	1.0:1.0
158.0 0.992612573529 1.0
29.0 0.990639176194 1.0
178.0 1.08575556761 1.0
157.0 0.998547842937 1.0
56.0 0.960843530266 1.0
65.0 0.987653522391 1.0
138.0 0.985950881131 1.0
159.0 0.984644764213 1.0
77.0 0.954368314496 1.0
40.0 0.985542530857 1.0
121.0 1.00468202422 1.0
146.0 0.993318978263 1.0
object 25	1.0:1.0
73.0 1.03817995726 1.0
12.0 0.997756492186 1.0
17.0 0.984685273512 1.0
178.0 0.98714664503 1.0
198.0 -4.6004583353 1.0
object 26	1.0:1.0
5.0 1.06279036669 1.0
161.0 1.01435088714 1.0
12.0 0.998225491422 1.0
131.0 0.952754416115 1.0
115.0 1.02178748906 1.0
95.0 1.00066451941 1.0
119.0 1.02608823471 1.0
56.0 1.01640420076 1.0
94.0 0.996903277883 1.0
186.0 -1.83614681645 1.0
194.0 -2.30888944971 1.0
39.0 1.01687551775 1.0
151.0 0.978792683192 1.0
97.0 1.00115551391 1.0
32.0 0.988417438147 1.0
object 27	1.0:1.0
106.0 0.928365506553 1.0
46.0 0.976816340832 1.0
126.0 0.981760419978 1.0
176.0 0.982344376422 1.0
23.0 1.08449325534 1.0
142.0 1.050024325 1.0
94.0 1.0093488744 1.0
18.0 0.954639629747 1.0
102.0 0.96612481401 1.0
7.0 1.01389253455 1.0
99.0 0.964886160452 1.0
66.0 0.996309142454 1.0
object 28	1.0:1.0
17.0 0.990538223695 1.0
6.0 0.988546259441 1.0
66.0 0.992665389162 1.0
2.0 0.98113947363 1.0
142.0 0.898670736717 1.0
79.0 1.05226610276 1.0
67.0 0.965693556788 1.0
168.0 0.969998875625 1.0
49.0 0.985595806147 1.0
69.0 1.0111596647 1.0
35.0 0.98357580205 1.0
1.0 1.03651029074 1.0
165.0 0.986409522802 1.0
63.0 0.952472225879 1.0
198.0 -4.83036512734 1.0
129.0 0.959349597595 1.0
object 29	1.0:1.0
145.0 1.00397362229 1.0
174.0 1.0651977598 1.0
31.0 1.01002715754 1.0
187.0 1.09748883067 1.0
83.0 1.01754403999 1.0
164.0 0.988792332279 1.0
11.0 0.989831257495 1.0
32.0 1.00535229393 1.0
40.0 1.01667333941 1.0
55.0 0.949460907403 1.0
object 30	1.0:1.0
31.0 1.01788072134 1.0
118.0 1.05357959806 1.0
53.0 1.00386801487 1.0
92.0 0.992712556653 1.0
51.0 1.02148327901 1.0
89.0 1.02108249577 1.0
object 31	1.0:1.0
14.0 1.04454958157 1.0
180.0 1.43615119618 1.0
111.0 1.01463911053 1.0
146.0 0.997338237801 1.0
119.0 0.952630000982 1.0
137.0 1.00022994454 1.0
138.0 0.961722878361 1.0
148.0 1.00344375233 1.0
object 32	1.0:1.0
163.0 0.988698065003 1.0
181.0 1.74897724189 1.0
30.0 0.985693759676 1.0
195.0 2.73992479638 1.0
17.0 1.00538489393 1.0
63.0 0.928002274369 1.0
88.0 1.05242489411 1.0
112.0 1.02832528115 1.0
156.0 1.00821944247 1.0
79.0 0.965387405645 1.0
123.0 0.961015480341 1.0
48.0 0.957328254472 1.0
object 33	1.0:1.0
129.0 1.06687325649 1.0
59.0 1.06910149782 1.0
102.0 1.0309359922 1.0
41.0 0.993273826516 1.0
52.0 0.989743373208 1.0
2.0 1.05070026416 1.0
168.0 1.00742651935 1.0
object 34	1.0:1.0
197.0 1.0998919063 1.0
9.0 0.993977083864 1.0
82.0 1.0182885518 1.0
54.0 0.999441292905 1.0
168.0 0.966198444813 1.0
64.0 0.954634167307 1.0
191.0 4.35489699923 1.0
136.0 0.993212282566 1.0
164.0 1.01098098221 1.0
41.0 0.969729418345 1.0
5.0 0.981718164536 1.0
116.0 0.948036629216 1.0
180.0 0.683144246029 1.0
67.0 1.04971378579 1.0
97.0 1.01526983959 1.0
26.0 0.976972224054 1.0
object 35	1.0:1.0
71.0 0.970658651 1.0
140.0 1.04629265094 1.0
196.0 -3.79186347106 1.0
129.0 0.996538869533 1.0
object 36	1.0:1.0
173.0 1.02837120388 1.0
120.0 1.02443260568 1.0
196.0 -0.449130070967 1.0
7.0 0.962864618091 1.0
127.0 1.00747754898 1.0
172.0 1.03687546368 1.0
95.0 0.986749979584 1.0
80.0 0.988729420373 1.0
55.0 1.04363803404 1.0
158.0 1.00477920188 1.0
73.0 1.03324866255 1.0
129.0 0.982453870742 1.0
object 37	1.0:1.0
39.0 1.00177505001 1.0
141.0 1.00201006932 1.0
87.0 0.987991845833 1.0
66.0 1.00141512272 1.0
156.0 1.04113479791 1.0
72.0 1.02558559467 1.0
178.0 0.975795764854 1.0
133.0 0.999369494628 1.0
43.0 0.971418198649 1.0
object 38	1.0:1.0
18.0 1.00626969622 1.0
145.0 1.00618144891 1.0
180.0 -0.560516573165 1.0
56.0 1.01802820266 1.0
168.0 1.00905614843 1.0
185.0 -0.319982167141 1.0
140.0 0.95468768706 1.0
108.0 0.985438100617 1.0
116.0 0.990046577427 1.0
87.0 1.0051295143 1.0
74.0 1.00545554225 1.0
161.0 0.975032465889 1.0
60.0 0.945444814463 1.0
159.0 1.02467757123 1.0
89.0 0.932791624427 1.0
199.0 0.964754023033 1.0
object 39	1.0:1.0
106.0 0.963494865598 1.0
43.0 0.993020553842 1.0
132.0 0.990475657239 1.0
79.0 0.99575706726 1.0
24.0 0.990523961371 1.0
73.0 0.974077676268 1.0
52.0 1.02285288499 1.0
129.0 1.02817697478 1.0
146.0 1.0079494532 1.0
135.0 0.97340022047 1.0
67.0 0.988713725373 1.0
156.0 1.01426411324 1.0
object 40	1.0:1.0
158.0 1.01421421979 1.0
49.0 0.995142380724 1.0
169.0 1.00730357983 1.0
146.0 0.989817335191 1.0
51.0 1.01148828365 1.0
184.0 -0.17602358872 1.0
121.0 1.01104842256 1.0
90.0 1.057794784 1.0
77.0 1.04462345359 1.0
32.0 0.984196499496 1.0
21.0 1.01519835083 1.0
170.0 1.0025659858 1.0
41.0 0.989338484601 1.0
4.0 1.03171307602 1.0
190.0 0.243919265491 1.0
object 41	1.0:1.0
178.0 0.948676988237 1.0
40.0 1.03130934526 1.0
181.0 5.20281221895 1.0
198.0 2.54050549973 1.0
85.0 0.972798757034 1.0
29.0 0.996061611429 1.0
69.0 0.948396846031 1.0
66.0 0.996865066227 1.0
100.0 1.05301143248 1.0
20.0 1.01038700461 1.0
174.0 0.958265339744 1.0
81.0 1.0174676936 1.0
187.0 2.75329376641 1.0
167.0 1.00622945833 1.0
50.0 0.985883521022 1.0
object 42	1.0:1.0
138.0 0.982991501591 1.0
95.0 0.992227456603 1.0
31.0 1.02103216395 1.0
121.0 0.990879202041 1.0
87.0 0.983115076 1.0
175.0 1.00304632046 1.0
59.0 1.04571202932 1.0
21.0 1.04100858808 1.0
77.0 1.02680493188 1.0
101.0 1.03137748343 1.0
112.0 1.01066800927 1.0
object 43	1.0:1.0
40.0 1.00321430231 1.0
114.0 0.950825465288 1.0
136.0 1.02362528307 1.0
48.0 0.976761057527 1.0
94.0 1.00033410228 1.0
158.0 1.03321347863 1.0
119.0 1.01923103921 1.0
5.0 1.02123967498 1.0
53.0 0.957534171841 1.0
36.0 0.983409288568 1.0
object 44	1.0:1.0
175.0 1.00848443547 1.0
75.0 1.0200105581 1.0
30.0 1.00381828447 1.0
80.0 0.995071338432 1.0
146.0 0.992457589763 1.0
74.0 0.979978187858 1.0
183.0 3.8871460367 1.0
31.0 1.00851933033 1.0
196.0 2.80999878996 1.0
152.0 0.983428988751 1.0
object 45	1.0:1.0
192.0 0.980981207408 1.0
83.0 0.987846465558 1.0
125.0 0.946520032408 1.0
18.0 0.989674359068 1.0
30.0 0.991105470472 1.0
102.0 1.00230554421 1.0
12.0 0.99762016565 1.0
27.0 0.959447593731 1.0
197.0 -0.562912351072 1.0
139.0 0.967293370749 1.0
191.0 -6.51068792343 1.0
156.0 0.993552236327 1.0
169.0 0.975896680562 1.0
151.0 1.01562696207 1.0
46.0 0.976713905515 1.0
object 46	1.0:1.0
77.0 0.986911893378 1.0
192.0 3.61946863075 1.0
47.0 1.06607532447 1.0
1.0 0.975691461584 1.0
4.0 0.923753127956 1.0
132.0 1.01199033505 1.0
105.0 0.978470292217 1.0
184.0 1.4354607274 1.0
54.0 0.991654162939 1.0
object 47	1.0:1.0
191.0 11.0609886954 1.0
167.0 0.996161184211 1.0
148.0 0.996998308024 1.0
10.0 0.955364872478 1.0
12.0 1.00357973944 1.0
130.0 0.996544640813 1.0
151.0 1.05696903687 1.0
120.0 0.967029164143 1.0
178.0 0.949593613769 1.0
object 48	1.0:1.0
162.0 0.980932600843 1.0
166.0 0.994360423998 1.0
37.0 1.00723511813 1.0
188.0 3.17752683329 1.0
109.0 0.987015578215 1.0
137.0 0.997863241258 1.0
117.0 0.97693707729 1.0
23.0 0.951755211686 1.0
177.0 0.970182988383 1.0
102.0 1.05576241723 1.0
3.0 0.990720375081 1.0
175.0 0.969260491197 1.0
99.0 1.01422278059 1.0
76.0 0.980079013232 1.0
1.0 1.03053963093 1.0
185.0 2.19381530735 1.0
object 49	1.0:1.0
54.0 1.00120771552 1.0
85.0 0.97344455148 1.0
27.0 0.943565488173 1.0
147.0 0.983192588188 1.0
116.0 0.98914032537 1.0
113.0 1.01911019994 1.0
52.0 0.979847865315 1.0
115.0 0.994219621192 1.0
122.0 1.02405774852 1.0
88.0 0.970506497047 1.0
151.0 0.980502013244 1.0
object 50	1.0:0.5 1.5778005237:0.5
56.0 1.57362805033 1.0
9.0 1.55112695137 1.0
146.0 1.62356483298 1.0
182.0 3.41105463806 1.0
190.0 -1.63551237516 0.0
128.0 1.64952478203 1.0
193.0 -4.75473081846 0.0
70.0 1.51799586679 1.0
156.0 1.03200686812 0.0
177.0 1.02552807706 0.0
105.0 0.953929209906 0.0
87.0 0.930884603304 0.0
27.0 0.93243716454 0.0
60.0 1.51709042985 1.0
76.0 1.60174283169 1.0
143.0 1.64078259195 1.0
42.0 1.0407504695 0.0
object 51	1.0:0.5 -6.14737810092:0.5
159.0 0.976543825908 0.0
19.0 1.06668477133 0.0
112.0 -6.12096839448 1.0
189.0 1.19673727405 0.0
object 52	1.0:0.5 22.2671529359:0.5
185.0 25.2304089729 1.0
75.0 22.3216927434 1.0
150.0 0.970551087773 0.0
object 53	1.0:0.5 -0.794538766147:0.5
78.0 -0.841525392024 1.0
128.0 -0.761862762833 1.0
object 54	1.0:0.5 12.402308517:0.5
54.0 1.05217056749 0.0
105.0 12.4177455507 1.0
29.0 0.945179142376 0.0
52.0 12.3268415912 1.0
175.0 12.5264180635 1.0
96.0 1.0737130262 0.0
109.0 1.02412113944 0.0
164.0 12.4015604357 1.0
37.0 0.957474912384 0.0
174.0 0.990999343822 0.0
28.0 12.4224163546 1.0
56.0 0.985211823639 0.0
object 55	1.0:0.5 -7.60879316405:0.5
146.0 -7.67375678327 1.0
158.0 0.945259254978 0.0
26.0 -7.58184771069 1.0
174.0 0.946736641283 0.0
190.0 -6.20656625066 1.0
63.0 -7.61694365886 1.0
191.0 0.293664193341 0.0
170.0 1.03467135226 0.0
object 56	1.0:0.5 12.6969929145:0.5
42.0 12.71001177 1.0
65.0 12.7458927829 1.0
187.0 9.81053466298 1.0
46.0 1.0501051983 0.0
49.0 0.990649560956 0.0
22.0 12.74382893 1.0
45.0 12.6560344601 1.0
69.0 1.01405158787 0.0
106.0 0.917048740424 0.0
object 57	1.0:0.5 4.30839418593:0.5
123.0 1.02798619416 0.0
42.0 4.21605126493 1.0
68.0 4.29269300263 1.0
147.0 4.23478505894 1.0
170.0 1.06045767705 0.0
152.0 1.03882733011 0.0
124.0 4.28742845865 1.0
108.0 1.02005559136 0.0
93.0 0.928633087983 0.0
116.0 1.05491792653 0.0
122.0 4.28946429113 1.0
object 58	1.0:0.5 0.614309700543:0.5
191.0 2.67047274163 1.0
33.0 0.634784820901 1.0
165.0 1.00188653321 0.0
37.0 0.576683474029 1.0
156.0 1.00129274637 0.0
147.0 1.00533109875 0.0
104.0 1.0655235067 0.0
22.0 1.02849817175 0.0
105.0 1.0450234989 0.0
97.0 0.700745127322 1.0
150.0 1.05945348211 0.0
168.0 0.632213431018 1.0
object 59	1.0:0.5 -1.40262620715:0.5
38.0 -1.3132255307 1.0
145.0 0.998798698241 0.0
137.0 0.975363852374 0.0
117.0 0.993093393376 0.0
148.0 -1.32599648185 1.0
96.0 -1.41498368125 1.0
150.0 -1.51000219008 1.0
37.0 0.955164725845 0.0
126.0 -1.39918430275 1.0
151.0 1.02128397151 0.0
70.0 -1.36365249007 1.0
178.0 -1.41116837702 1.0
162.0 0.999861045482 0.0
object 60	1.0:0.5 -16.2956928884:0.5
98.0 0.998648397266 0.0
72.0 1.0113094434 0.0
176.0 -16.2549398585 1.0
11.0 -16.3214683866 1.0
101.0 0.966449579021 0.0
70.0 1.0459109738 0.0
157.0 -16.3415082749 1.0
171.0 -16.26813422 1.0
115.0 0.961715585743 0.0
object 61	1.0:0.5 3.15473613235:0.5
0.0 3.11465864543 1.0
136.0 1.00867092842 0.0
17.0 3.06333337607 1.0
181.0 2.01192595563 1.0
192.0 -3.6306364933 1.0
55.0 3.09566800395 1.0
104.0 0.978699334725 0.0
59.0 0.872490916581 0.0
object 62	1.0:0.5 7.51810434508:0.5
8.0 7.53735763776 1.0
22.0 0.877535568108 0.0
114.0 1.07398367844 0.0
174.0 7.53966755416 1.0
21.0 0.996492955838 0.0
12.0 1.04967272519 0.0
89.0 1.02661027711 0.0
133.0 7.62401292184 1.0
38.0 7.64742818381 1.0
116.0 1.02643793392 0.0
object 63	1.0:0.5 -13.2430708309:0.5
7.0 1.08336564968 0.0
22.0 -13.3041202147 1.0
52.0 -13.2781851383 1.0
146.0 -13.2134376348 1.0
189.0 -4.92748421801 0.0
108.0 -13.2590651432 1.0
58.0 -13.1990234795 1.0
78.0 0.983777176006 0.0
106.0 0.954059608267 0.0
79.0 1.08462420676 0.0
193.0 0.585835488753 0.0
98.0 -13.1663535995 1.0
32.0 -13.3056269343 1.0
157.0 0.974409619103 0.0
object 64	1.0:0.5 -3.66787145963:0.5
50.0 0.991048127651 0.0
195.0 1.13555193506 0.0
168.0 -3.62879834076 1.0
99.0 0.989042232879 0.0
132.0 -3.67795029098 1.0
object 65	1.0:0.5 37.3470738289:0.5
112.0 37.3268612185 1.0
159.0 1.01528715543 0.0
96.0 0.97490475587 0.0
3.0 37.3680106534 1.0
106.0 0.983692914592 0.0
14.0 0.984852842971 0.0
85.0 0.955694780278 0.0
176.0 1.0147084702 0.0
153.0 1.00033221446 0.0
192.0 -1.31366267868 0.0
68.0 37.3609609714 1.0
51.0 37.4412924589 1.0
object 66	1.0:0.5 -4.18260373661:0.5
95.0 1.00625830459 0.0
132.0 -4.16253835731 1.0
130.0 0.924212114871 0.0
189.0 1.56030853716 1.0
111.0 1.0069261521 0.0
116.0 0.989530859566 0.0
92.0 -4.11551799262 1.0
12.0 0.95557272475 0.0
185.0 -6.96090679298 1.0
109.0 0.950880200402 0.0
161.0 1.03699770359 0.0
182.0 -0.797843210649 0.0
object 67	1.0:0.5 -13.9096523511:0.5
153.0 0.98836833268 0.0
89.0 0.902196593772 0.0
134.0 1.04567931342 0.0
69.0 0.994245114653 0.0
148.0 1.05112723263 0.0
99.0 0.955739998035 0.0
141.0 1.00453621556 0.0
180.0 -11.6603284384 1.0
71.0 -13.8935374297 1.0
80.0 0.964817537224 0.0
187.0 -15.611340273 1.0
47.0 1.01851389693 0.0
65.0 0.987722280707 0.0
object 68	1.0:0.5 16.1989221391:0.5
189.0 0.61201418665 0.0
21.0 16.1777872688 1.0
142.0 0.993144855132 0.0
153.0 1.00819067984 0.0
191.0 16.6758379378 1.0
28.0 1.0029979425 0.0
131.0 1.02888805053 0.0
104.0 16.2240233116 1.0
1.0 16.1693139129 1.0
42.0 16.1628410172 1.0
object 69	1.0:0.5 -5.51371972207:0.5
22.0 0.941898115662 0.0
21.0 -5.56067812978 1.0
53.0 1.03249954694 0.0
91.0 -5.53296652418 1.0
193.0 4.11171807752 0.0
157.0 -5.63826868297 1.0
object 70	1.0:0.5 12.2429845809:0.5
175.0 1.02804857792 0.0
142.0 12.2253679518 1.0
127.0 0.92383619024 0.0
21.0 12.2829146509 1.0
87.0 1.03443155912 0.0
167.0 1.06042584879 0.0
object 71	1.0:0.5 6.08285760253:0.5
68.0 1.03242796836 0.0
76.0 0.877164179166 0.0
92.0 0.955640387324 0.0
77.0 6.01213904412 1.0
12.0 5.95234931728 1.0
14.0 6.0837285611 1.0
174.0 6.09752906747 1.0
196.0 4.69580321226 1.0
2.0 6.09915974816 1.0
object 72	1.0:0.5 -1.68593246828:0.5
44.0 -1.70209917669 1.0
130.0 -1.63387263499 1.0
170.0 -1.7085635123 1.0
13.0 -1.73739375565 1.0
50.0 1.05054337005 0.0
49.0 -1.6841368109 1.0
93.0 0.987381351034 0.0
180.0 -5.52061586423 1.0
14.0 1.05911031348 0.0
37.0 0.992826911495 0.0
67.0 -1.65047141898 1.0
object 73	1.0:0.5 5.30757025617:0.5
14.0 1.0433318192 0.0
5.0 1.04543102531 0.0
112.0 5.32913843906 1.0
140.0 5.24686969692 1.0
35.0 5.27889088965 1.0
181.0 2.69296154048 0.0
object 74	1.0:0.5 -10.7905224094:0.5
133.0 0.939537375862 0.0
148.0 -10.7354199459 1.0
104.0 0.961556870642 0.0
80.0 -10.7779492683 1.0
34.0 0.997322380553 0.0
95.0 -10.6949121268 1.0
12.0 -10.8370756594 1.0
object 75	1.0:0.5 -26.051438514:0.5
96.0 -26.116165608 1.0
140.0 -26.0550280181 1.0
4.0 1.01215499084 0.0
32.0 1.06222776632 0.0
16.0 -26.1097442304 1.0
6.0 0.976660571089 0.0
152.0 1.00537142381 0.0
158.0 0.972088588611 0.0
131.0 -26.0944220334 1.0
object 76	1.0:0.5 -6.63084652391:0.5
121.0 -6.62358592656 1.0
197.0 -1.98355781405 0.0
171.0 1.03195090951 0.0
191.0 -6.31335458227 1.0
148.0 1.02644724551 0.0
50.0 1.0231566597 0.0
84.0 -6.67760379564 1.0
16.0 0.972694558513 0.0
35.0 0.991052112608 0.0
25.0 -6.72918543783 1.0
157.0 -6.69011816972 1.0
object 77	1.0:0.5 5.10629113995:0.5
154.0 4.99876675029 1.0
64.0 5.12950063426 1.0
136.0 0.948434141863 0.0
33.0 5.02814310529 1.0
131.0 0.963054970074 0.0
117.0 5.17388719339 1.0
52.0 1.03832163794 0.0
132.0 5.08038672172 1.0
195.0 11.2983646059 1.0
99.0 5.09478047477 1.0
object 78	1.0:0.5 7.70936284217:0.5
21.0 7.5702026469 1.0
84.0 0.972084895247 0.0
141.0 0.995306829515 0.0
156.0 1.03342704304 0.0
33.0 0.969503596462 0.0
98.0 7.72219247063 1.0
55.0 7.68734505625 1.0
117.0 7.72889825283 1.0
32.0 7.66816699042 1.0
194.0 0.66302341962 0.0
60.0 1.0272147923 0.0
95.0 1.02462024234 0.0
148.0 0.956802980538 0.0
object 79	1.0:0.5 -2.66479735863:0.5
154.0 1.04536912842 0.0
130.0 -2.69519920185 1.0
15.0 1.02004825688 0.0
8.0 -2.76234058629 1.0
184.0 -0.708196080356 1.0
177.0 0.926282611921 0.0
93.0 -2.7449754323 1.0
117.0 0.947293615232 0.0
47.0 -2.68535257378 1.0
121.0 1.03454555605 0.0
0.0 0.887955651208 0.0
189.0 -6.78874058773 0.0
object 80	1.0:0.5 -1.53705155946:0.5
70.0 -1.52034138427 1.0
146.0 -1.43968030577 1.0
178.0 1.04952398375 0.0
10.0 1.00148410915 0.0
5.0 1.04043099404 0.0
83.0 -1.54363209201 1.0
152.0 -1.48520901388 1.0
161.0 -1.54935578151 1.0
23.0 -1.49442426625 1.0
137.0 1.00979183736 0.0
34.0 -1.59617939415 1.0
object 81	1.0:0.5 6.80004268402:0.5
104.0 6.84522646421 1.0
134.0 6.77316070178 1.0
166.0 0.953616820399 0.0
83.0 6.74628918117 1.0
4.0 1.05603709955 0.0
148.0 0.92266728092 0.0
70.0 0.996758228398 0.0
146.0 0.988435397821 0.0
object 82	1.0:0.5 7.87643253134:0.5
116.0 1.00433352501 0.0
144.0 7.87696220246 1.0
22.0 7.82767257384 1.0
64.0 7.94890823312 1.0
155.0 1.04407351514 0.0
135.0 0.97138131138 0.0
128.0 1.06150319841 0.0
60.0 1.05195021185 0.0
141.0 1.04114442086 0.0
object 83	1.0:0.5 7.07024026941:0.5
38.0 7.08725419606 1.0
42.0 1.02981781853 0.0
183.0 9.66365848637 1.0
98.0 0.979126655633 0.0
17.0 7.12555047097 1.0
object 84	1.0:0.5 13.1750273434:0.5
105.0 13.2913119926 1.0
170.0 13.2453630714 1.0
102.0 13.169929899 1.0
128.0 13.1171498554 1.0
85.0 13.1875614658 1.0
191.0 0.718716263602 0.0
97.0 13.1662926425 1.0
82.0 0.9687889811 0.0
38.0 0.957536683587 0.0
object 85	1.0:0.5 -18.1832902298:0.5
182.0 -19.0743701717 1.0
87.0 -18.0806784159 1.0
193.0 5.38731082376 0.0
191.0 1.35754521967 0.0
15.0 -18.1166975889 1.0
115.0 -18.1695225732 1.0
101.0 -18.2051032632 1.0
76.0 1.01466742208 0.0
107.0 -18.1526714481 1.0
121.0 -18.1581281055 1.0
148.0 -18.118163355 1.0
154.0 0.968168641814 0.0
103.0 0.975538487937 0.0
119.0 1.0146394548 0.0
70.0 0.992520459481 0.0
75.0 -18.1580522265 1.0
object 86	1.0:0.5 7.61436941441:0.5
45.0 0.9757747782 0.0
101.0 7.51249982208 1.0
10.0 7.5794591984 1.0
159.0 0.992088985821 0.0
152.0 7.62099671895 1.0
181.0 -0.586192917773 0.0
44.0 1.0757041016 0.0
13.0 0.963727187874 0.0
134.0 7.70954858495 1.0
object 87	1.0:0.5 8.01472379953:0.5
167.0 8.10179092726 1.0
125.0 7.95098173483 1.0
135.0 1.01082734315 0.0
196.0 5.73209492213 1.0
144.0 8.06061551369 1.0
13.0 7.97975939266 1.0
95.0 1.04912839351 0.0
2.0 7.96292536265 1.0
4.0 0.954632266866 0.0
object 88	1.0:0.5 -4.2047905745:0.5
80.0 0.98511933012 0.0
60.0 1.07580367283 0.0
10.0 1.00099831768 0.0
110.0 -4.23467372812 1.0
129.0 0.994369505876 0.0
49.0 -4.18668665227 1.0
25.0 -4.14173578404 1.0
197.0 5.84052626214 0.0
133.0 -4.25217141371 1.0
164.0 -4.25133816888 1.0
94.0 -4.34975064342 1.0
86.0 -4.16611205133 1.0
object 89	1.0:0.5 -0.143704042139:0.5
16.0 -0.16242943069 1.0
81.0 -0.196655727489 1.0
66.0 -0.0983962712648 1.0
111.0 0.955119412996 0.0
103.0 -0.103602125318 1.0
36.0 -0.091782804504 1.0
192.0 -1.84644310184 0.0
151.0 -0.206997035435 1.0
134.0 1.04083634529 0.0
53.0 -0.232175527044 1.0
object 90	1.0:0.5 -16.8952189862:0.5
151.0 -16.89142033 1.0
65.0 1.00140948394 0.0
4.0 0.98316063637 0.0
110.0 -16.8675470714 1.0
161.0 1.0190319506 0.0
183.0 -19.951601309 1.0
109.0 1.08025170301 0.0
75.0 0.892867118187 0.0
89.0 1.09952343704 0.0
108.0 -16.9097447256 1.0
97.0 -16.9030920467 1.0
object 91	1.0:0.5 3.00235765154:0.5
6.0 2.96813552888 1.0
100.0 1.01176778755 0.0
26.0 2.92600994531 1.0
66.0 3.06745025668 1.0
29.0 3.07368487705 1.0
151.0 0.978651721253 0.0
10.0 1.06246343724 0.0
36.0 1.03420798198 0.0
85.0 3.07758075453 1.0
178.0 1.0558182545 0.0
164.0 1.03738906731 0.0
177.0 3.04939943448 1.0
object 92	1.0:0.5 -3.87246868183:0.5
55.0 0.98203441522 0.0
158.0 0.999521383485 0.0
103.0 -3.77715921821 1.0
172.0 -3.83908208121 1.0
112.0 -3.87350899253 1.0
100.0 1.05736252547 0.0
156.0 0.894319588937 0.0
114.0 -3.90688776619 1.0
182.0 1.00885453691 1.0
174.0 -3.9243063376 1.0
160.0 -3.80640777556 1.0
131.0 -3.82334815845 1.0
194.0 5.73507123822 0.0
67.0 0.966797383506 0.0
41.0 0.922437712856 0.0
184.0 -4.55809670395 1.0
52.0 -3.82759266838 1.0
197.0 -9.21257869184 1.0
50.0 0.944819352877 0.0
object 93	1.0:0.5 -0.899777750646:0.5
154.0 1.01763559209 0.0
193.0 -1.66247673171 0.0
88.0 1.05622043242 0.0
10.0 1.05813326461 0.0
131.0 0.984956236167 0.0
33.0 -0.882658208105 1.0
object 94	1.0:0.5 7.09476443176:0.5
153.0 0.980225778881 0.0
50.0 7.06815923283 1.0
173.0 7.07479630941 1.0
139.0 0.993059556693 0.0
174.0 7.10300259468 1.0
69.0 1.11659836677 0.0
1.0 7.19204586637 1.0
51.0 7.13599970609 1.0
165.0 1.01016423794 0.0
78.0 7.0777719339 1.0
object 95	1.0:0.5 -13.7366357151:0.5
60.0 1.02160890328 0.0
170.0 -13.7571737998 1.0
12.0 -13.7318192965 1.0
187.0 3.85050903555 0.0
46.0 -13.712969356 1.0
82.0 0.937076132525 0.0
141.0 1.08482271229 0.0
object 96	1.0:0.5 -10.9631805541:0.5
21.0 0.979880474199 0.0
183.0 1.28505486394 0.0
169.0 -10.970404901 1.0
5.0 -10.9792885136 1.0
93.0 -11.095576229 1.0
175.0 0.951412511423 0.0
44.0 1.0090086053 0.0
42.0 1.0803840508 0.0
33.0 -10.8855065691 1.0
76.0 1.0837466777 0.0
56.0 -10.9279577144 1.0
object 97	1.0:0.5 22.4514311884:0.5
101.0 22.5066024591 1.0
30.0 22.3986668262 1.0
78.0 0.961415144017 0.0
179.0 0.985281342323 0.0
189.0 -0.250695665012 0.0
167.0 22.4118704935 1.0
193.0 2.99458393854 0.0
106.0 0.996706984393 0.0
170.0 0.959411160102 0.0
110.0 0.983692861094 0.0
76.0 22.4436749344 1.0
55.0 0.982659715018 0.0
178.0 22.4690904867 1.0
45.0 0.929431959197 0.0
object 98	1.0:0.5 12.2985102499:0.5
20.0 12.2807209766 1.0
154.0 0.970955494748 0.0
110.0 1.07860305069 0.0
111.0 12.3288829476 1.0
97.0 12.2670191341 1.0
70.0 1.00291267105 0.0
161.0 0.939537474792 0.0
143.0 12.3158470446 1.0
87.0 12.3475408137 1.0
40.0 12.3572896103 1.0
1.0 12.3537405301 1.0
145.0 12.1969929858 1.0
object 99	1.0:0.5 0.287857795483:0.5
82.0 1.00288193025 0.0
102.0 0.986254875978 0.0
91.0 0.198579698557 1.0
178.0 0.372564001836 1.0
83.0 0.216593809967 1.0
145.0 0.924676184369 0.0
59.0 0.941003847782 0.0
40.0 0.945516222361 0.0
93.0 1.10367338345 0.0
177.0 0.409005424019 1.0
