object 0	1.0:1.0
12.0 1.0385448956 1.0
74.0 1.0145342534 1.0
object 1	1.0:1.0
15.0 1.00853212043 1.0
44.0 0.990525019997 1.0
90.0 0.972002286599 1.0
67.0 0.992169075783 1.0
197.0 4.03540743672 1.0
object 2	1.0:1.0
71.0 1.03857867825 1.0
185.0 -0.40262128711 1.0
object 3	1.0:1.0
57.0 0.965115250775 1.0
195.0 3.14157738625 1.0
object 4	1.0:1.0
157.0 0.989044926541 1.0
28.0 1.03486282274 1.0
13.0 1.06157535428 1.0
object 5	1.0:1.0
68.0 1.04878140177 1.0
60.0 0.978667673288 1.0
115.0 0.991692141934 1.0
object 6	1.0:1.0
113.0 1.03259154083 1.0
179.0 0.926717169552 1.0
54.0 1.03760911334 1.0
154.0 1.01857747303 1.0
117.0 0.964369360194 1.0
object 7	1.0:1.0
53.0 1.02782935065 1.0
128.0 1.00134543699 1.0
object 8	1.0:1.0
145.0 1.0002582621 1.0
50.0 0.983534534071 1.0
object 9	1.0:1.0
194.0 -0.999518172464 1.0
109.0 0.983797966743 1.0
30.0 0.989403634156 1.0
object 10	1.0:1.0
156.0 1.04365799542 1.0
169.0 0.996973897632 1.0
object 11	1.0:1.0
193.0 3.00960651162 1.0
137.0 1.09662805397 1.0
115.0 1.07910472878 1.0
82.0 1.07932606161 1.0
126.0 0.977216252681 1.0
74.0 1.02479691943 1.0
object 12	1.0:1.0
144.0 1.01047382596 1.0
59.0 0.983086315567 1.0
object 13	1.0:1.0
86.0 1.00338302025 1.0
183.0 0.099956904468 1.0
153.0 0.949884558054 1.0
object 14	1.0:1.0
193.0 2.96016992713 1.0
182.0 2.48865220827 1.0
object 15	1.0:1.0
188.0 4.11072872235 1.0
124.0 0.989001684688 1.0
185.0 -1.42488323352 1.0
27.0 1.05080053033 1.0
object 16	1.0:1.0
139.0 0.986306287548 1.0
102.0 1.09947276046 1.0
169.0 1.00429385135 1.0
object 17	1.0:1.0
82.0 0.987431230945 1.0
80.0 1.00227348137 1.0
97.0 0.996067721379 1.0
object 18	1.0:1.0
139.0 1.01825528738 1.0
154.0 1.01812565794 1.0
object 19	1.0:1.0
45.0 1.03608179818 1.0
150.0 0.948417089185 1.0
object 20	1.0:1.0
143.0 0.999179660224 1.0
54.0 0.983038423773 1.0
object 21	1.0:1.0
127.0 0.979836954044 1.0
146.0 1.01791356448 1.0
148.0 0.975850645828 1.0
16.0 1.04058872521 1.0
object 22	1.0:1.0
152.0 0.96071313422 1.0
192.0 3.27834074795 1.0
object 23	1.0:1.0
14.0 0.994202382615 1.0
15.0 1.07622509314 1.0
142.0 0.988405815636 1.0
189.0 -2.314150886 1.0
165.0 0.999821224882 1.0
85.0 0.978048416127 1.0
object 24	1.0:1.0
158.0 1.02468946342 1.0
195.0 -9.16196795779 1.0
object 25	1.0:1.0
111.0 1.04994645832 1.0
37.0 0.976765735501 1.0
130.0 1.0122005834 1.0
84.0 1.01212597089 1.0
179.0 1.09780367928 1.0
171.0 1.00268831612 1.0
object 26	1.0:1.0
50.0 1.00495308169 1.0
179.0 1.02946824378 1.0
189.0 -5.11137279796 1.0
object 27	1.0:1.0
142.0 1.01156241985 1.0
99.0 0.966357767302 1.0
185.0 1.31108704002 1.0
object 28	1.0:1.0
123.0 1.07813847499 1.0
60.0 1.01945798381 1.0
object 29	1.0:1.0
120.0 1.00668877286 1.0
57.0 0.984007942073 1.0
81.0 0.952097384011 1.0
94.0 0.977054810008 1.0
136.0 1.00943667992 1.0
object 30	1.0:1.0
31.0 1.00705066661 1.0
23.0 1.0173426277 1.0
object 31	1.0:1.0
73.0 1.02528343637 1.0
177.0 0.976394426155 1.0
object 32	1.0:1.0
57.0 0.94857533612 1.0
18.0 1.01096025087 1.0
object 33	1.0:1.0
174.0 0.993903288286 1.0
61.0 1.01875725048 1.0
154.0 1.0213440854 1.0
object 34	1.0:1.0
162.0 1.00034408437 1.0
40.0 0.959950636142 1.0
156.0 1.02784772542 1.0
object 35	1.0:1.0
119.0 1.00398742237 1.0
47.0 0.891341328259 1.0
100.0 0.979560032565 1.0
object 36	1.0:1.0
134.0 0.993220047523 1.0
82.0 1.00888181913 1.0
object 37	1.0:1.0
113.0 0.974397209037 1.0
115.0 0.993068590388 1.0
64.0 0.931768798832 1.0
80.0 1.008842008 1.0
31.0 0.998474663819 1.0
76.0 1.03962236149 1.0
object 38	1.0:1.0
123.0 1.03350071952 1.0
182.0 5.93061090972 1.0
object 39	1.0:1.0
97.0 0.998845664696 1.0
122.0 0.99322312223 1.0
object 40	1.0:1.0
28.0 0.98968948978 1.0
162.0 0.926099661359 1.0
182.0 -2.2933918916 1.0
103.0 1.01640180157 1.0
61.0 0.999491421256 1.0
108.0 1.0172397714 1.0
object 41	1.0:1.0
151.0 0.95914792475 1.0
8.0 0.990528345048 1.0
object 42	1.0:1.0
9.0 0.982696946255 1.0
59.0 1.004926192 1.0
object 43	1.0:1.0
52.0 1.00284613931 1.0
31.0 1.00062816527 1.0
object 44	1.0:1.0
128.0 1.01476339259 1.0
24.0 1.01053077998 1.0
66.0 0.988627444668 1.0
161.0 0.986698562405 1.0
102.0 1.00989947173 1.0
37.0 1.06117422601 1.0
181.0 -1.02259504417 1.0
object 45	1.0:1.0
187.0 0.0498423146948 1.0
145.0 1.01963750933 1.0
180.0 0.984784232296 1.0
22.0 1.03492531224 1.0
object 46	1.0:1.0
123.0 0.982090198126 1.0
176.0 1.00748266537 1.0
182.0 5.63895493083 1.0
object 47	1.0:1.0
171.0 1.00130887447 1.0
182.0 -2.79483949866 1.0
object 48	1.0:1.0
177.0 1.01257601383 1.0
83.0 1.00519071742 1.0
object 49	1.0:1.0
69.0 1.0176550153 1.0
196.0 -0.64170614135 1.0
84.0 1.01061498858 1.0
object 50	1.0:1.0
6.0 1.00558507499 1.0
149.0 1.03735887072 1.0
188.0 2.02009048292 1.0
95.0 1.03694446513 1.0
object 51	1.0:1.0
91.0 1.0152849407 1.0
180.0 1.62314343756 1.0
74.0 0.970733037701 1.0
158.0 0.89664390768 1.0
object 52	1.0:1.0
144.0 1.00397341839 1.0
62.0 0.999295886011 1.0
63.0 1.05292886034 1.0
118.0 1.01999474666 1.0
93.0 0.982169467459 1.0
182.0 3.78613809007 1.0
44.0 0.980502979371 1.0
object 53	1.0:1.0
185.0 3.70092452478 1.0
51.0 1.00717709664 1.0
object 54	1.0:1.0
159.0 0.989409238971 1.0
120.0 0.992763081977 1.0
60.0 0.975798559332 1.0
110.0 1.03847924716 1.0
142.0 1.00206936271 1.0
object 55	1.0:1.0
33.0 0.995649302804 1.0
4.0 1.0401626885 1.0
object 56	1.0:1.0
39.0 1.11503929965 1.0
110.0 1.05728307774 1.0
6.0 0.983114909367 1.0
object 57	1.0:1.0
142.0 1.0081617031 1.0
47.0 0.970023865146 1.0
object 58	1.0:1.0
96.0 0.965670034459 1.0
6.0 1.01160760089 1.0
198.0 2.62913808104 1.0
196.0 -0.383615113149 1.0
object 59	1.0:1.0
24.0 1.01338429717 1.0
139.0 1.01316987275 1.0
198.0 -0.577693180324 1.0
136.0 0.982779335337 1.0
object 60	1.0:1.0
17.0 0.967052572533 1.0
129.0 1.01460610216 1.0
object 61	1.0:1.0
127.0 1.0310151782 1.0
154.0 1.0051936121 1.0
152.0 1.02671767351 1.0
90.0 1.06179884925 1.0
object 62	1.0:1.0
6.0 1.01350650465 1.0
75.0 0.998607145612 1.0
85.0 0.966388371219 1.0
object 63	1.0:1.0
78.0 0.971520191613 1.0
175.0 1.01297317218 1.0
object 64	1.0:1.0
100.0 1.0268961408 1.0
132.0 0.994004138592 1.0
object 65	1.0:1.0
31.0 0.980559352053 1.0
113.0 0.94425283811 1.0
96.0 1.0163616358 1.0
136.0 1.00943064732 1.0
54.0 0.956404334356 1.0
152.0 0.956881401787 1.0
11.0 0.99478579086 1.0
object 66	1.0:1.0
45.0 1.02687472982 1.0
168.0 0.994745345708 1.0
object 67	1.0:1.0
176.0 0.975967019704 1.0
41.0 1.02338169853 1.0
object 68	1.0:1.0
59.0 1.01321044758 1.0
99.0 1.04025994717 1.0
78.0 1.014880943 1.0
83.0 1.00343438024 1.0
12.0 0.962599279676 1.0
object 69	1.0:1.0
2.0 0.986573781009 1.0
159.0 0.997197621178 1.0
object 70	1.0:1.0
11.0 1.01946834745 1.0
120.0 0.996269972252 1.0
object 71	1.0:1.0
91.0 1.04494871139 1.0
158.0 0.981353462969 1.0
78.0 0.997356551187 1.0
59.0 0.98264448608 1.0
object 72	1.0:1.0
163.0 0.968725556428 1.0
172.0 1.01268112904 1.0
8.0 1.02778328318 1.0
object 73	1.0:1.0
7.0 1.02448879419 1.0
108.0 0.998387396718 1.0
object 74	1.0:1.0
128.0 1.01233460531 1.0
21.0 1.00179584864 1.0
object 75	1.0:1.0
136.0 0.974753511478 1.0
113.0 0.95681544175 1.0
119.0 1.01854958802 1.0
object 76	1.0:1.0
31.0 1.01873723038 1.0
88.0 0.958395130112 1.0
150.0 0.98298144524 1.0
126.0 1.00925232889 1.0
14.0 0.980908617517 1.0
object 77	1.0:1.0
54.0 0.973455025689 1.0
19.0 1.02672646577 1.0
112.0 0.992728665403 1.0
69.0 1.00464195109 1.0
79.0 0.997980062874 1.0
47.0 1.08438571357 1.0
107.0 0.95358433899 1.0
99.0 0.932289026375 1.0
145.0 0.996488804298 1.0
object 78	1.0:1.0
72.0 1.07174144142 1.0
90.0 0.997311789421 1.0
163.0 0.969432665514 1.0
77.0 0.996131977184 1.0
object 79	1.0:1.0
164.0 0.961013565185 1.0
193.0 3.55181407773 1.0
182.0 0.0911185164485 1.0
143.0 1.04272471562 1.0
166.0 1.01679945764 1.0
object 80	1.0:1.0
176.0 0.985887151439 1.0
80.0 1.0003429608 1.0
109.0 1.07649863945 1.0
object 81	1.0:1.0
73.0 0.981393540232 1.0
118.0 0.942590748478 1.0
19.0 0.994838031818 1.0
object 82	1.0:1.0
18.0 1.05955125894 1.0
123.0 1.0240747797 1.0
object 83	1.0:1.0
52.0 0.988831653543 1.0
141.0 1.00305478326 1.0
29.0 0.987623440351 1.0
object 84	1.0:1.0
112.0 0.990078596027 1.0
138.0 0.985938123736 1.0
85.0 1.00917003739 1.0
121.0 0.972193898024 1.0
object 85	1.0:1.0
154.0 0.970862428124 1.0
29.0 1.00936474009 1.0
object 86	1.0:1.0
138.0 1.02314614745 1.0
160.0 1.0025143847 1.0
168.0 0.966959990314 1.0
65.0 0.989521665615 1.0
85.0 0.872132941101 1.0
52.0 1.00063858697 1.0
185.0 4.12941454618 1.0
object 87	1.0:1.0
127.0 1.00172515798 1.0
186.0 2.19512806469 1.0
object 88	1.0:1.0
130.0 1.02913730147 1.0
155.0 0.983058115209 1.0
64.0 0.974941897291 1.0
8.0 0.974519384215 1.0
object 89	1.0:1.0
191.0 2.26978504559 1.0
146.0 0.98947076084 1.0
41.0 1.03433761539 1.0
object 90	1.0:1.0
163.0 1.02621372723 1.0
196.0 -4.2464907743 1.0
9.0 0.96372769706 1.0
43.0 1.00663847991 1.0
object 91	1.0:1.0
143.0 0.982142155653 1.0
129.0 1.03828358756 1.0
87.0 0.993703461609 1.0
110.0 1.04291495305 1.0
39.0 0.995550935327 1.0
object 92	1.0:1.0
57.0 0.913772044319 1.0
52.0 1.00132587316 1.0
object 93	1.0:1.0
42.0 0.943543193806 1.0
25.0 1.04127657973 1.0
object 94	1.0:1.0
169.0 1.07664586429 1.0
10.0 0.996404570304 1.0
13.0 0.986983566145 1.0
object 95	1.0:1.0
159.0 0.988536143023 1.0
63.0 1.02609626986 1.0
173.0 0.999117981833 1.0
object 96	1.0:1.0
136.0 0.996851580743 1.0
145.0 1.02308155698 1.0
29.0 0.998238156746 1.0
object 97	1.0:1.0
135.0 0.99393680253 1.0
132.0 1.03650926891 1.0
3.0 1.00536231277 1.0
25.0 0.939479892079 1.0
object 98	1.0:1.0
88.0 1.02648280124 1.0
34.0 0.975909633494 1.0
62.0 0.96353200376 1.0
59.0 1.00378779485 1.0
39.0 0.994448334903 1.0
object 99	1.0:1.0
188.0 0.372658255734 1.0
159.0 0.985176610498 1.0
