object 0	1.0:1.0
92.0 0.99746883596 1.0
61.0 0.943918031304 1.0
84.0 1.02605124947 1.0
127.0 0.960110900068 1.0
158.0 -1.71639243557 1.0
10.0 1.01465270936 1.0
142.0 -3.48963022586 1.0
62.0 1.02891654546 1.0
33.0 0.974091548159 1.0
106.0 1.00282090702 1.0
126.0 1.0071078972 1.0
39.0 0.994041253246 1.0
186.0 -0.435817503088 1.0
79.0 0.999402082785 1.0
4.0 0.966222836269 1.0
77.0 0.998190227515 1.0
31.0 1.00904079926 1.0
74.0 1.00077140786 1.0
100.0 1.02426298544 1.0
134.0 1.00837064398 1.0
30.0 1.02330078125 1.0
5.0 1.04956379645 1.0
13.0 0.998337209206 1.0
object 1	1.0:1.0
50.0 0.954927498258 1.0
9.0 0.955158017594 1.0
74.0 1.02093948286 1.0
55.0 1.03264859336 1.0
53.0 1.01719965293 1.0
139.0 1.04508307854 1.0
113.0 1.00754845406 1.0
175.0 2.5037697946 1.0
33.0 1.01299885782 1.0
58.0 0.99021444222 1.0
21.0 0.997440572345 1.0
27.0 0.978474449783 1.0
38.0 1.00073252651 1.0
196.0 1.63763831927 1.0
130.0 1.01329110365 1.0
70.0 0.987296647348 1.0
82.0 0.995560112864 1.0
166.0 7.49549356446 1.0
78.0 0.986756521843 1.0
32.0 1.08870462206 1.0
57.0 0.999031760614 1.0
124.0 0.99085723081 1.0
167.0 -1.85610926919 1.0
42.0 0.907943968125 1.0
126.0 0.957710155353 1.0
136.0 0.937149534086 1.0
88.0 1.03473218282 1.0
object 2	1.0:1.0
108.0 1.00452783804 1.0
24.0 0.953468737069 1.0
7.0 0.970387784026 1.0
158.0 0.339947913264 1.0
105.0 0.935260907806 1.0
47.0 0.900216835507 1.0
196.0 2.03065491513 1.0
119.0 0.995129488136 1.0
106.0 1.03535277614 1.0
118.0 0.959012014441 1.0
82.0 0.968514104869 1.0
170.0 3.84746291909 1.0
93.0 1.01650154034 1.0
37.0 0.973672329877 1.0
57.0 1.01847038056 1.0
2.0 1.00281477977 1.0
69.0 0.992819504496 1.0
61.0 0.993188801769 1.0
21.0 1.01041210519 1.0
189.0 -2.93711218944 1.0
127.0 0.98098428267 1.0
181.0 -2.90512238048 1.0
166.0 -7.08053140583 1.0
65.0 1.00271724279 1.0
object 3	1.0:1.0
119.0 1.01523112066 1.0
190.0 -0.341462806219 1.0
89.0 1.06103948445 1.0
53.0 0.965047500087 1.0
141.0 2.67630639864 1.0
35.0 0.96260779388 1.0
14.0 1.00087333118 1.0
100.0 1.01017399665 1.0
150.0 0.583015504734 1.0
27.0 0.982202809483 1.0
72.0 0.998795483548 1.0
54.0 1.01885467158 1.0
151.0 0.450074603276 1.0
84.0 0.924203216694 1.0
126.0 0.962242728608 1.0
88.0 1.05431624974 1.0
140.0 -3.91097753587 1.0
148.0 -3.55959353819 1.0
195.0 -4.90669878326 1.0
172.0 -0.0391734143213 1.0
67.0 0.985759456143 1.0
118.0 1.03613992688 1.0
103.0 1.01665955953 1.0
22.0 1.01878021749 1.0
58.0 1.01968981391 1.0
object 4	1.0:1.0
151.0 2.30637494089 1.0
29.0 0.986358420401 1.0
54.0 1.09231160435 1.0
11.0 0.950124669323 1.0
56.0 1.05006460357 1.0
152.0 5.81660615713 1.0
74.0 1.00123909714 1.0
145.0 -1.76245884116 1.0
37.0 0.962023439193 1.0
199.0 -3.38759341747 1.0
197.0 5.85828764331 1.0
7.0 0.974166939277 1.0
164.0 1.05951702043 1.0
68.0 0.96768143068 1.0
9.0 0.96201977405 1.0
26.0 1.00461311407 1.0
103.0 0.994890659658 1.0
167.0 0.16546813752 1.0
100.0 0.972954567949 1.0
133.0 1.03094404042 1.0
84.0 0.977861910062 1.0
91.0 0.996719279376 1.0
18.0 1.02943953174 1.0
93.0 1.00319822173 1.0
153.0 -0.0966465602336 1.0
189.0 -2.66376956838 1.0
object 5	1.0:1.0
21.0 0.944580796377 1.0
0.0 0.973678435885 1.0
65.0 1.01429292617 1.0
130.0 1.03051581476 1.0
189.0 3.50874505245 1.0
96.0 0.982557352892 1.0
77.0 0.93939165722 1.0
100.0 1.00695177778 1.0
42.0 1.00206939871 1.0
126.0 0.924251136176 1.0
152.0 3.2869149217 1.0
118.0 1.014172439 1.0
129.0 1.02200263089 1.0
172.0 2.89103684862 1.0
11.0 1.01728166008 1.0
174.0 5.73045298136 1.0
198.0 -2.03727099562 1.0
180.0 0.818366553984 1.0
112.0 0.967932361145 1.0
133.0 1.0316994228 1.0
107.0 1.07056391233 1.0
124.0 1.02608361568 1.0
object 6	1.0:1.0
37.0 0.997402195501 1.0
192.0 -4.42653199969 1.0
54.0 1.00512830659 1.0
100.0 1.01883509181 1.0
118.0 1.02308620418 1.0
95.0 1.00324488399 1.0
135.0 1.00118904752 1.0
152.0 -2.25889050056 1.0
180.0 -1.87312139448 1.0
18.0 0.990699455032 1.0
8.0 1.08243162384 1.0
38.0 0.977145875676 1.0
19.0 0.991476132416 1.0
90.0 1.00271361186 1.0
10.0 0.984352043539 1.0
21.0 0.96349210957 1.0
87.0 0.982155866764 1.0
11.0 1.00003097843 1.0
84.0 0.957736331815 1.0
142.0 5.59329264988 1.0
183.0 -3.36633265096 1.0
74.0 0.981580650215 1.0
102.0 0.923836134665 1.0
112.0 0.915251611087 1.0
12.0 0.981374796767 1.0
96.0 1.00432808093 1.0
59.0 0.96401619443 1.0
187.0 2.88499378391 1.0
40.0 0.980045963417 1.0
object 7	1.0:1.0
138.0 0.98843136104 1.0
50.0 1.08156935782 1.0
24.0 1.00020894232 1.0
163.0 -5.00110642416 1.0
88.0 1.01166553274 1.0
155.0 1.26524400122 1.0
65.0 1.02197495389 1.0
153.0 1.04102249509 1.0
145.0 5.28421127573 1.0
165.0 1.3052154731 1.0
49.0 0.996012075618 1.0
183.0 -6.9346267791 1.0
51.0 0.965922401825 1.0
26.0 0.973640575042 1.0
84.0 1.02852699463 1.0
106.0 1.0135282898 1.0
140.0 4.21802684643 1.0
110.0 1.01861247841 1.0
120.0 1.02141919875 1.0
7.0 1.01419225343 1.0
162.0 6.52763616531 1.0
172.0 -0.022548270342 1.0
111.0 0.983565802887 1.0
91.0 1.05586129852 1.0
72.0 1.02727158118 1.0
object 8	1.0:1.0
155.0 4.99850895363 1.0
43.0 1.00984404027 1.0
171.0 0.285553737628 1.0
91.0 0.961627331109 1.0
22.0 0.987359424055 1.0
40.0 0.973203076523 1.0
112.0 1.0439431967 1.0
191.0 1.50324532212 1.0
68.0 0.998531222866 1.0
57.0 0.978081953382 1.0
158.0 0.191126701591 1.0
84.0 1.00045410566 1.0
122.0 1.00103992759 1.0
70.0 0.975439483617 1.0
180.0 -5.39214423198 1.0
69.0 1.02126774846 1.0
58.0 1.00661778609 1.0
101.0 1.02168491999 1.0
167.0 1.99906604424 1.0
56.0 1.05477763022 1.0
146.0 -0.285718045989 1.0
16.0 0.986707273332 1.0
object 9	1.0:1.0
76.0 1.00177407711 1.0
78.0 1.00481144751 1.0
72.0 0.969615123751 1.0
195.0 -2.13336338744 1.0
108.0 1.00713518774 1.0
28.0 1.02743241039 1.0
56.0 1.05146357572 1.0
128.0 1.00768855172 1.0
60.0 0.990347114669 1.0
70.0 1.05095385075 1.0
86.0 0.978768653056 1.0
157.0 7.23384943173 1.0
134.0 1.00147710074 1.0
53.0 0.96011592153 1.0
100.0 1.04107000715 1.0
52.0 0.967784701782 1.0
137.0 1.00423338845 1.0
164.0 1.35372054324 1.0
191.0 1.40260173774 1.0
184.0 0.61097970259 1.0
102.0 1.0291284719 1.0
25.0 1.00205324156 1.0
8.0 1.04508746929 1.0
38.0 0.973769932368 1.0
object 10	1.0:1.0
164.0 4.79402148434 1.0
0.0 1.00037290899 1.0
63.0 0.979504813802 1.0
156.0 3.42277178086 1.0
25.0 0.994926522841 1.0
64.0 1.00579594825 1.0
60.0 1.02304543153 1.0
119.0 0.979859601934 1.0
138.0 0.995112888709 1.0
83.0 1.03877277803 1.0
48.0 0.993553546366 1.0
191.0 9.7829481034 1.0
144.0 2.09351531752 1.0
88.0 1.00060984261 1.0
113.0 0.985612006855 1.0
125.0 1.01695265267 1.0
99.0 1.0061763752 1.0
17.0 1.02260127234 1.0
24.0 1.01886486602 1.0
33.0 0.992439653421 1.0
185.0 1.76616339118 1.0
36.0 0.964544863055 1.0
58.0 0.990246080491 1.0
151.0 3.84545128556 1.0
181.0 2.23793646807 1.0
193.0 2.16944782227 1.0
object 11	1.0:1.0
53.0 1.03176953151 1.0
58.0 0.956350411274 1.0
182.0 0.0914807501125 1.0
120.0 0.998232556298 1.0
146.0 3.39735586554 1.0
46.0 0.98028182866 1.0
109.0 0.974213179777 1.0
116.0 1.01899694066 1.0
149.0 0.35678579628 1.0
55.0 0.953540756227 1.0
108.0 0.999914218681 1.0
153.0 -1.8329322624 1.0
40.0 1.01408135286 1.0
33.0 0.944830391523 1.0
68.0 1.09587897913 1.0
133.0 0.936898025137 1.0
43.0 1.01530952266 1.0
object 12	1.0:1.0
3.0 1.01514779295 1.0
126.0 0.958237864319 1.0
188.0 -4.1463991372 1.0
139.0 0.959008850143 1.0
166.0 -3.89843271774 1.0
12.0 0.980691625099 1.0
129.0 0.993657025026 1.0
123.0 1.03725613962 1.0
15.0 0.970789124282 1.0
14.0 1.0056573579 1.0
153.0 -1.98603144819 1.0
55.0 0.999094522649 1.0
140.0 -8.55814900578 1.0
72.0 1.02451423764 1.0
159.0 2.07864121076 1.0
39.0 0.950290956923 1.0
142.0 -6.46522986456 1.0
35.0 0.995404710311 1.0
object 13	1.0:1.0
96.0 0.990931114766 1.0
22.0 1.02545394022 1.0
84.0 0.999938515223 1.0
164.0 -2.34050742274 1.0
118.0 0.996081962672 1.0
88.0 1.00198217495 1.0
166.0 3.80638468771 1.0
27.0 0.97551248668 1.0
168.0 -0.243835029343 1.0
57.0 0.972667229692 1.0
38.0 0.959408145044 1.0
58.0 1.02669626898 1.0
159.0 2.03933255924 1.0
126.0 0.980370412057 1.0
136.0 1.05252995625 1.0
177.0 -2.31440557811 1.0
127.0 1.02584718235 1.0
198.0 5.34685698254 1.0
49.0 0.981068535996 1.0
141.0 1.3038499424 1.0
object 14	1.0:1.0
154.0 4.78787564536 1.0
128.0 1.0353309607 1.0
199.0 -0.31725990988 1.0
139.0 0.96997732311 1.0
119.0 0.979192269328 1.0
126.0 1.02927208617 1.0
92.0 1.00226440715 1.0
7.0 1.00879238334 1.0
41.0 1.00047017275 1.0
188.0 0.312149281765 1.0
101.0 1.01340977054 1.0
25.0 0.996486994967 1.0
182.0 2.40299860814 1.0
142.0 1.07208231313 1.0
170.0 -0.702214683372 1.0
132.0 0.998609412466 1.0
11.0 1.03197529246 1.0
94.0 0.981608691663 1.0
88.0 1.05479086224 1.0
177.0 3.63275234146 1.0
169.0 -1.06774041381 1.0
31.0 1.03956746198 1.0
48.0 0.980188359319 1.0
133.0 0.933439570195 1.0
71.0 1.00839601254 1.0
53.0 0.968542755851 1.0
object 15	1.0:1.0
194.0 0.0114822719001 1.0
17.0 0.990786401671 1.0
149.0 -3.41890246607 1.0
129.0 1.0090851528 1.0
170.0 -3.40609485652 1.0
25.0 0.97466044511 1.0
23.0 1.00573873482 1.0
67.0 0.993895813101 1.0
133.0 0.932413874241 1.0
89.0 1.02926784297 1.0
63.0 0.982617508604 1.0
92.0 0.974369555528 1.0
82.0 0.943778642644 1.0
88.0 1.11600694922 1.0
189.0 3.04002372066 1.0
152.0 -0.774182420758 1.0
34.0 1.0278383247 1.0
164.0 3.97512948971 1.0
120.0 1.02058681356 1.0
70.0 0.989854410648 1.0
91.0 0.990325822381 1.0
160.0 2.35095666581 1.0
135.0 1.00068502529 1.0
57.0 0.960946135921 1.0
26.0 0.941139313691 1.0
object 16	1.0:1.0
191.0 1.02501876621 1.0
180.0 2.18314000608 1.0
197.0 1.23170179609 1.0
82.0 1.00198728137 1.0
186.0 -0.990437296872 1.0
47.0 0.945384225383 1.0
158.0 9.31951489297 1.0
20.0 1.02335195927 1.0
54.0 0.994427310356 1.0
193.0 -1.17763804797 1.0
33.0 0.950572273769 1.0
177.0 4.92630137623 1.0
183.0 -3.23585630059 1.0
161.0 2.13992178636 1.0
189.0 -1.83156810944 1.0
135.0 1.02427581893 1.0
125.0 1.0339649181 1.0
182.0 0.741150779332 1.0
75.0 0.98635848315 1.0
64.0 1.01106976096 1.0
143.0 -0.427711412208 1.0
8.0 1.00535071365 1.0
133.0 1.0620156155 1.0
36.0 1.06546379782 1.0
86.0 1.07534625186 1.0
object 17	1.0:1.0
66.0 0.976281515251 1.0
156.0 1.18621996902 1.0
144.0 0.144905784112 1.0
138.0 1.00556709464 1.0
97.0 0.954273432737 1.0
33.0 0.905719963841 1.0
179.0 0.660244695664 1.0
178.0 -3.65668908312 1.0
161.0 -0.130734016988 1.0
93.0 0.987408734895 1.0
195.0 -3.01938795128 1.0
94.0 1.00157320895 1.0
112.0 1.12037408218 1.0
44.0 0.988087846472 1.0
113.0 1.00818479177 1.0
167.0 4.51203641667 1.0
186.0 1.44252507655 1.0
14.0 0.992826360762 1.0
59.0 1.05369900182 1.0
154.0 3.6467626351 1.0
69.0 0.995715843491 1.0
188.0 2.08181539389 1.0
165.0 3.11601712567 1.0
54.0 0.985767570063 1.0
27.0 1.02250347544 1.0
124.0 1.00540194056 1.0
130.0 0.977285527002 1.0
object 18	1.0:1.0
195.0 0.902960586558 1.0
64.0 0.995851055721 1.0
174.0 -0.374350412997 1.0
54.0 1.02828896337 1.0
100.0 1.01232191696 1.0
13.0 1.00143282335 1.0
27.0 0.988727573708 1.0
197.0 1.2346455947 1.0
161.0 0.46702613945 1.0
96.0 1.0025054741 1.0
33.0 0.96007057067 1.0
53.0 0.987096630237 1.0
45.0 1.00385370471 1.0
14.0 0.98997148601 1.0
32.0 1.00375972772 1.0
167.0 4.93715484045 1.0
166.0 -7.21611423526 1.0
119.0 1.01355198467 1.0
50.0 1.02967632868 1.0
178.0 1.61021566506 1.0
158.0 2.35674237217 1.0
127.0 1.02132571242 1.0
22.0 1.0047889497 1.0
86.0 1.06140946235 1.0
object 19	1.0:1.0
24.0 0.993709415371 1.0
95.0 0.996094766264 1.0
198.0 -4.1893407936 1.0
102.0 1.00652446645 1.0
53.0 0.942062045864 1.0
183.0 0.632848822777 1.0
163.0 -2.40336322001 1.0
195.0 5.53528425553 1.0
146.0 -2.85227796988 1.0
121.0 1.01902682821 1.0
39.0 0.994851935605 1.0
13.0 0.998075165205 1.0
45.0 0.990995965315 1.0
36.0 1.06521431804 1.0
165.0 0.963440461069 1.0
110.0 0.981336983951 1.0
197.0 6.7575181816 1.0
126.0 1.01582630789 1.0
16.0 1.03750439758 1.0
96.0 0.989500599088 1.0
20.0 0.9819583269 1.0
91.0 0.986203613803 1.0
137.0 1.01806351005 1.0
99.0 1.00813305247 1.0
139.0 1.00157838163 1.0
88.0 0.914390300609 1.0
84.0 0.922279856459 1.0
150.0 -6.55165363249 1.0
184.0 3.72488987571 1.0
132.0 1.03208945973 1.0
object 20	1.0:1.0
7.0 0.960943634709 1.0
25.0 1.03934448812 1.0
91.0 0.977540910392 1.0
102.0 1.03934122824 1.0
88.0 0.997367555799 1.0
8.0 0.92671682026 1.0
51.0 1.00411017698 1.0
68.0 0.973778104374 1.0
124.0 0.994169373856 1.0
167.0 5.4663414039 1.0
65.0 0.944086861171 1.0
71.0 1.01097724846 1.0
189.0 -2.12125489038 1.0
39.0 0.987294734543 1.0
141.0 0.211707242171 1.0
153.0 -4.93422316165 1.0
116.0 1.00351630308 1.0
188.0 -1.2622262683 1.0
123.0 0.943432272221 1.0
164.0 -11.223018533 1.0
199.0 5.05908981033 1.0
145.0 -2.13143294132 1.0
59.0 0.947494510137 1.0
object 21	1.0:1.0
79.0 1.01217908384 1.0
107.0 1.00833014854 1.0
118.0 1.05139486121 1.0
55.0 0.986305810288 1.0
63.0 0.970693436163 1.0
90.0 0.999926113986 1.0
54.0 0.965935053203 1.0
22.0 0.977049237622 1.0
61.0 0.99844870694 1.0
29.0 0.984455393468 1.0
150.0 -6.20040906969 1.0
137.0 0.990954421126 1.0
117.0 1.00099212701 1.0
169.0 -0.537828935866 1.0
156.0 1.74212257402 1.0
39.0 0.977490681891 1.0
158.0 -0.499657867887 1.0
62.0 1.07818827204 1.0
198.0 2.59162344822 1.0
object 22	1.0:1.0
104.0 0.969243238206 1.0
131.0 0.984528398745 1.0
169.0 1.0733262062 1.0
159.0 -1.12049637218 1.0
195.0 1.77329958337 1.0
18.0 1.00511554132 1.0
186.0 0.0454863359504 1.0
142.0 -0.639009116009 1.0
128.0 1.01878396126 1.0
95.0 1.00217786259 1.0
117.0 0.97586746415 1.0
21.0 0.945781006989 1.0
49.0 0.962968272347 1.0
196.0 4.89302927043 1.0
106.0 1.02743725121 1.0
111.0 1.01753005102 1.0
120.0 0.97829377412 1.0
188.0 -0.950184895601 1.0
124.0 0.99479067861 1.0
0.0 1.0119568631 1.0
177.0 0.233781258619 1.0
object 23	1.0:1.0
141.0 2.58694077988 1.0
39.0 1.0661051842 1.0
170.0 -0.244618431026 1.0
115.0 1.00883372332 1.0
23.0 0.99127090045 1.0
32.0 0.978158618953 1.0
70.0 0.987748196028 1.0
194.0 0.565837744682 1.0
175.0 -4.5608009557 1.0
146.0 4.1545297226 1.0
134.0 0.97332142778 1.0
114.0 1.03655763592 1.0
124.0 0.9894623921 1.0
192.0 0.616328812894 1.0
102.0 1.02213736973 1.0
148.0 1.17176055518 1.0
108.0 1.00866911415 1.0
6.0 0.976726625145 1.0
119.0 0.966842666061 1.0
67.0 1.01907714143 1.0
139.0 0.974715560788 1.0
9.0 1.06369232453 1.0
82.0 0.963467828621 1.0
149.0 4.96617496 1.0
object 24	1.0:1.0
134.0 1.01363202105 1.0
179.0 1.17197707422 1.0
83.0 0.977195512238 1.0
76.0 0.985742572554 1.0
45.0 0.99212351239 1.0
73.0 1.01795879051 1.0
94.0 1.00569908067 1.0
41.0 0.994782483642 1.0
198.0 2.65503595941 1.0
199.0 -4.93965470019 1.0
162.0 -0.129117669843 1.0
48.0 0.960343848552 1.0
70.0 1.03223056269 1.0
156.0 0.161366218572 1.0
107.0 0.97206210802 1.0
29.0 0.957162195751 1.0
35.0 0.967002587117 1.0
2.0 0.960207505392 1.0
124.0 0.9930813371 1.0
193.0 -4.08303430112 1.0
27.0 1.00146878361 1.0
93.0 1.00781777769 1.0
13.0 1.00287648748 1.0
99.0 1.00133539063 1.0
object 25	1.0:1.0
145.0 -1.04265260077 1.0
89.0 0.975866007672 1.0
57.0 0.998503514623 1.0
70.0 0.983266803474 1.0
121.0 0.986738823507 1.0
34.0 0.997492699969 1.0
133.0 0.929390292354 1.0
45.0 1.01086211815 1.0
10.0 0.989342426165 1.0
195.0 0.888180720658 1.0
38.0 1.00762840449 1.0
99.0 0.987819677945 1.0
79.0 1.01571723875 1.0
31.0 0.994972486666 1.0
58.0 1.04485500339 1.0
107.0 0.960434873553 1.0
48.0 0.985657277991 1.0
110.0 0.993153111139 1.0
140.0 -3.64806495419 1.0
77.0 0.966495005438 1.0
153.0 -5.70999680579 1.0
37.0 1.00340818311 1.0
160.0 3.06772116708 1.0
1.0 1.00493436937 1.0
49.0 1.05386403804 1.0
object 26	1.0:1.0
103.0 1.00367375388 1.0
137.0 1.00018721877 1.0
92.0 1.01588521654 1.0
53.0 0.991421326125 1.0
168.0 1.90896197805 1.0
110.0 1.00035135156 1.0
151.0 1.60213947976 1.0
93.0 1.01576463429 1.0
134.0 0.991727893268 1.0
95.0 0.99798082437 1.0
79.0 0.981382982764 1.0
75.0 1.02050238128 1.0
39.0 0.971564522979 1.0
124.0 0.980696356576 1.0
179.0 -0.508859429955 1.0
183.0 -4.05030151622 1.0
69.0 1.00512149389 1.0
171.0 5.30978688164 1.0
161.0 -0.0413706036636 1.0
121.0 1.00432947178 1.0
193.0 0.296533516975 1.0
47.0 1.08676962392 1.0
133.0 1.08469379725 1.0
174.0 -3.2469440538 1.0
82.0 1.05431148452 1.0
101.0 1.00399575052 1.0
197.0 4.56342718636 1.0
147.0 1.13667308781 1.0
object 27	1.0:1.0
130.0 1.02752948114 1.0
51.0 0.998854947059 1.0
74.0 1.00071348966 1.0
53.0 1.01221534179 1.0
37.0 0.991980807535 1.0
36.0 0.996833972444 1.0
15.0 1.05420785994 1.0
54.0 1.03955770038 1.0
39.0 0.955358674918 1.0
60.0 0.980840698385 1.0
180.0 -4.10562121515 1.0
59.0 1.06307215718 1.0
146.0 -2.75536197713 1.0
152.0 5.82395247587 1.0
165.0 0.768463445217 1.0
159.0 1.18582954477 1.0
140.0 7.61305564915 1.0
65.0 0.961726977085 1.0
68.0 0.966509705422 1.0
50.0 0.985285688184 1.0
121.0 0.998388103177 1.0
79.0 0.994105543216 1.0
40.0 1.03028183624 1.0
56.0 1.01670331106 1.0
12.0 1.0009013098 1.0
190.0 -0.207333396897 1.0
104.0 0.931603995958 1.0
0.0 0.989915034766 1.0
object 28	1.0:1.0
190.0 0.515632656541 1.0
92.0 1.00387702805 1.0
185.0 -1.07593497095 1.0
87.0 0.943000737198 1.0
62.0 0.986520418486 1.0
45.0 0.989365015398 1.0
77.0 0.993669463558 1.0
105.0 0.973295732 1.0
164.0 1.36353593376 1.0
9.0 1.00441343707 1.0
186.0 1.19589291073 1.0
157.0 -5.15748177661 1.0
132.0 1.013061367 1.0
86.0 1.00158110837 1.0
13.0 1.00083025933 1.0
119.0 1.0105884164 1.0
60.0 1.03116692933 1.0
50.0 1.03194542482 1.0
34.0 1.02982359322 1.0
99.0 0.988967355719 1.0
154.0 0.989625142977 1.0
151.0 2.40629858868 1.0
142.0 -2.04950845018 1.0
26.0 0.992024680693 1.0
111.0 1.00435245867 1.0
114.0 0.941945665507 1.0
143.0 2.71480926136 1.0
object 29	1.0:1.0
133.0 0.992593116646 1.0
100.0 1.04933075818 1.0
81.0 1.00507367011 1.0
27.0 0.97750399083 1.0
53.0 0.981746129914 1.0
71.0 1.0122849162 1.0
43.0 1.02118174554 1.0
70.0 1.02255198529 1.0
4.0 1.08163702945 1.0
102.0 0.961297361611 1.0
96.0 0.972872307347 1.0
162.0 -0.433116353101 1.0
23.0 0.991490018473 1.0
181.0 8.58876698582 1.0
57.0 1.00085664527 1.0
89.0 0.965395571427 1.0
194.0 -0.72004109367 1.0
180.0 -4.285934608 1.0
136.0 0.924588157914 1.0
114.0 1.00625070602 1.0
171.0 -1.79480932825 1.0
46.0 1.00715450402 1.0
29.0 1.00228968582 1.0
78.0 0.93073858935 1.0
object 30	1.0:1.0
40.0 0.99485920386 1.0
39.0 1.08366227343 1.0
185.0 -0.150739764253 1.0
95.0 1.01650206115 1.0
34.0 1.00357903067 1.0
82.0 1.04745999497 1.0
156.0 2.94027108765 1.0
18.0 1.03615442616 1.0
1.0 0.991229852072 1.0
85.0 0.97715778206 1.0
174.0 5.33487956639 1.0
25.0 0.977471768927 1.0
117.0 1.00971783524 1.0
64.0 0.990147762865 1.0
196.0 -3.17148945155 1.0
148.0 5.6457991437 1.0
92.0 1.00863447851 1.0
52.0 1.00813478395 1.0
16.0 0.993684918568 1.0
162.0 -0.244986775059 1.0
116.0 0.996749339914 1.0
19.0 1.01043906698 1.0
190.0 1.60824910575 1.0
5.0 1.00179229307 1.0
17.0 0.985691504701 1.0
109.0 0.994478890937 1.0
160.0 -6.21251529091 1.0
149.0 1.13929769798 1.0
object 31	1.0:1.0
94.0 1.02681681813 1.0
194.0 0.0710132286556 1.0
60.0 0.984915722251 1.0
147.0 -0.600375307058 1.0
61.0 1.02447014428 1.0
89.0 1.05202537919 1.0
135.0 0.974926033727 1.0
90.0 0.989561798878 1.0
85.0 1.0420418571 1.0
128.0 1.0065287602 1.0
63.0 0.966199698573 1.0
29.0 1.04856092052 1.0
86.0 1.04301058612 1.0
39.0 1.0362257137 1.0
92.0 0.984626269312 1.0
10.0 0.997798431718 1.0
8.0 1.00356507996 1.0
40.0 0.988792930966 1.0
14.0 1.00326946725 1.0
119.0 0.979240033586 1.0
160.0 -0.0275559516024 1.0
83.0 0.998086275033 1.0
159.0 0.460165114535 1.0
127.0 0.938368696359 1.0
53.0 1.04598400103 1.0
object 32	1.0:1.0
173.0 0.28717749733 1.0
55.0 1.0056313776 1.0
31.0 0.984801440614 1.0
96.0 1.00037544082 1.0
16.0 1.01538007802 1.0
174.0 -0.958830954755 1.0
186.0 -0.448554783249 1.0
39.0 0.966513475247 1.0
121.0 0.989786741184 1.0
135.0 1.03288902471 1.0
128.0 0.962855809423 1.0
118.0 1.00931633615 1.0
3.0 1.03298779446 1.0
24.0 1.02509634211 1.0
33.0 1.01327173739 1.0
2.0 0.997617619042 1.0
97.0 1.06940510236 1.0
46.0 1.00617503696 1.0
181.0 -4.00917923747 1.0
198.0 1.02065795654 1.0
194.0 3.01120669251 1.0
162.0 1.40674693781 1.0
62.0 1.06852673022 1.0
object 33	1.0:1.0
150.0 0.285800227495 1.0
94.0 1.00495102678 1.0
52.0 0.966051866684 1.0
171.0 5.02130344723 1.0
25.0 0.973413758434 1.0
136.0 1.00260501752 1.0
59.0 0.980418273346 1.0
155.0 1.0678191411 1.0
182.0 -0.705357229947 1.0
139.0 0.951895859786 1.0
57.0 1.01195011531 1.0
41.0 1.01493844957 1.0
194.0 -1.51055096986 1.0
176.0 -1.43048086141 1.0
149.0 3.09427084439 1.0
192.0 2.20647302907 1.0
189.0 6.27054090739 1.0
109.0 1.01534709253 1.0
115.0 0.993575022503 1.0
74.0 1.01592979672 1.0
102.0 0.993513480176 1.0
108.0 0.992709478155 1.0
157.0 2.01052228969 1.0
110.0 1.01028870329 1.0
66.0 1.0425259554 1.0
111.0 0.971476314659 1.0
127.0 1.03149789218 1.0
132.0 1.01081881422 1.0
38.0 1.00030225132 1.0
126.0 0.955450718556 1.0
45.0 0.977132106995 1.0
86.0 1.00727738402 1.0
object 34	1.0:1.0
40.0 1.02809504987 1.0
75.0 0.970935108076 1.0
8.0 1.00178245555 1.0
146.0 0.239835221689 1.0
62.0 0.938828065429 1.0
176.0 1.67548529059 1.0
181.0 0.769631860729 1.0
107.0 0.996433209522 1.0
4.0 1.04903977641 1.0
195.0 -0.967413726546 1.0
131.0 0.979542187515 1.0
118.0 1.01119122518 1.0
179.0 1.26269684927 1.0
67.0 1.00929405999 1.0
173.0 -1.02581818162 1.0
114.0 1.06287089522 1.0
149.0 2.0733212901 1.0
92.0 0.99474029006 1.0
154.0 5.80755110594 1.0
9.0 1.0228733244 1.0
123.0 1.03129202329 1.0
50.0 1.05861653775 1.0
24.0 1.06169261941 1.0
166.0 -3.46800875608 1.0
101.0 1.01119663258 1.0
18.0 0.983339750001 1.0
119.0 0.991346164856 1.0
110.0 1.00371650123 1.0
object 35	1.0:1.0
101.0 1.02958028499 1.0
46.0 1.03562706866 1.0
124.0 0.979564752634 1.0
136.0 1.02784400026 1.0
82.0 1.01798293385 1.0
83.0 0.991025710476 1.0
17.0 0.993962652542 1.0
97.0 1.0311759674 1.0
156.0 6.68019707669 1.0
91.0 1.0141395838 1.0
20.0 0.97599512826 1.0
24.0 1.04421325264 1.0
149.0 2.13628142868 1.0
114.0 0.972082891532 1.0
3.0 1.01298067856 1.0
175.0 -4.28548969998 1.0
119.0 0.964673063119 1.0
147.0 -0.591472863507 1.0
182.0 3.32680328975 1.0
103.0 1.01232516637 1.0
74.0 0.995954012576 1.0
180.0 1.07348421505 1.0
92.0 0.971628114056 1.0
167.0 -0.446916991863 1.0
object 36	1.0:1.0
146.0 0.918196293866 1.0
134.0 1.00082889582 1.0
72.0 0.996183331277 1.0
132.0 0.98837122114 1.0
171.0 1.83681664762 1.0
172.0 0.124322436495 1.0
71.0 0.985954486112 1.0
145.0 1.04269322974 1.0
111.0 1.00663756043 1.0
17.0 1.02073528207 1.0
47.0 1.03843240111 1.0
28.0 1.0015508925 1.0
120.0 0.971268915906 1.0
77.0 0.99440943129 1.0
103.0 0.981110154996 1.0
177.0 7.93539704954 1.0
123.0 1.07606184923 1.0
156.0 -1.3102586879 1.0
151.0 0.724967293669 1.0
167.0 3.44637844148 1.0
129.0 0.995288412575 1.0
165.0 0.365289579795 1.0
170.0 5.51105095343 1.0
140.0 2.56324547399 1.0
135.0 1.02051160354 1.0
196.0 2.07032355437 1.0
164.0 -4.2921254632 1.0
0.0 0.994052546945 1.0
object 37	1.0:1.0
37.0 0.973863379188 1.0
177.0 3.34078525726 1.0
91.0 1.04933214791 1.0
171.0 0.744216291852 1.0
100.0 1.00145866667 1.0
10.0 1.00065702384 1.0
68.0 1.03880497136 1.0
86.0 0.963898358465 1.0
16.0 0.992584840806 1.0
40.0 1.00402667452 1.0
183.0 5.45506652032 1.0
84.0 1.00464455889 1.0
161.0 2.17534089457 1.0
150.0 6.65582474017 1.0
176.0 -0.477353387132 1.0
103.0 1.01517318512 1.0
78.0 1.05573818517 1.0
83.0 0.984170233353 1.0
77.0 0.989047671018 1.0
object 38	1.0:1.0
81.0 0.997556425768 1.0
156.0 -2.37441581414 1.0
127.0 1.04949667833 1.0
125.0 1.00194052305 1.0
50.0 1.00726609134 1.0
44.0 1.07429370964 1.0
32.0 1.05052857007 1.0
130.0 1.03344805587 1.0
54.0 0.991466064644 1.0
63.0 0.972301185749 1.0
58.0 0.95422611851 1.0
61.0 1.04224179813 1.0
197.0 3.91316043707 1.0
162.0 -1.99704167912 1.0
184.0 2.05289236144 1.0
91.0 0.961766746532 1.0
113.0 0.992123752613 1.0
59.0 1.08105225555 1.0
51.0 1.08892030174 1.0
131.0 0.989838470618 1.0
122.0 1.03901530224 1.0
90.0 1.00752614741 1.0
166.0 -1.94656767689 1.0
112.0 0.975215954883 1.0
31.0 1.02368683502 1.0
182.0 0.668199646044 1.0
167.0 2.96750790474 1.0
69.0 0.997814904392 1.0
146.0 -0.435402570702 1.0
73.0 0.969556740057 1.0
8.0 1.03268553866 1.0
object 39	1.0:1.0
138.0 0.995732678255 1.0
64.0 1.0164668271 1.0
93.0 1.00295258211 1.0
162.0 1.70171260902 1.0
6.0 1.02412904946 1.0
25.0 1.00475364907 1.0
23.0 1.01007541792 1.0
187.0 -2.44400819515 1.0
51.0 1.08111304721 1.0
59.0 0.999958044738 1.0
2.0 0.987138836833 1.0
176.0 -2.24238226605 1.0
192.0 -0.0220155651343 1.0
116.0 0.984672839026 1.0
121.0 1.01820976544 1.0
29.0 1.01347271498 1.0
72.0 1.05476166176 1.0
58.0 0.981442433332 1.0
70.0 1.03940097717 1.0
object 40	1.0:1.0
163.0 0.830081073914 1.0
115.0 0.978068920571 1.0
14.0 1.01101428546 1.0
148.0 -0.176490947025 1.0
122.0 0.991709402909 1.0
58.0 1.03735468399 1.0
187.0 2.68384122788 1.0
99.0 1.00942788517 1.0
50.0 1.0111325291 1.0
185.0 0.0527873363847 1.0
7.0 1.01247096232 1.0
124.0 1.00768929558 1.0
22.0 1.02930005258 1.0
1.0 1.01789887229 1.0
112.0 1.03452477676 1.0
133.0 0.973256496955 1.0
181.0 -2.85543285449 1.0
11.0 1.01669807154 1.0
53.0 0.947833610793 1.0
102.0 1.03089299782 1.0
31.0 1.02149747148 1.0
199.0 0.594001878561 1.0
128.0 1.0378796657 1.0
32.0 1.05211956553 1.0
78.0 1.03245218445 1.0
object 41	1.0:1.0
134.0 1.01101082619 1.0
77.0 1.04741281572 1.0
193.0 2.98997369712 1.0
187.0 1.75152448254 1.0
130.0 0.954379403636 1.0
154.0 -6.29027473171 1.0
144.0 -2.1330310578 1.0
41.0 0.979327978106 1.0
0.0 0.994278253622 1.0
98.0 1.05377351675 1.0
46.0 0.926877311388 1.0
96.0 0.972210532909 1.0
6.0 0.965751464107 1.0
113.0 1.00131276965 1.0
185.0 2.18136021025 1.0
94.0 1.00756778985 1.0
155.0 -1.67037112557 1.0
122.0 1.07808801225 1.0
30.0 0.992112460013 1.0
121.0 1.01404171781 1.0
107.0 1.07184391335 1.0
156.0 -0.916387993854 1.0
132.0 0.978794872324 1.0
object 42	1.0:1.0
44.0 1.01429287767 1.0
87.0 0.961600939758 1.0
60.0 1.03289554115 1.0
67.0 1.02143393652 1.0
173.0 2.373292537 1.0
93.0 1.01564562312 1.0
147.0 3.4005629465 1.0
85.0 1.02511809879 1.0
88.0 1.02691079509 1.0
13.0 0.97014391119 1.0
2.0 0.981980693343 1.0
74.0 1.00659653099 1.0
142.0 -2.48407493751 1.0
197.0 3.76263439873 1.0
177.0 2.26555076268 1.0
90.0 1.06589979594 1.0
34.0 1.00162439712 1.0
176.0 1.23449460067 1.0
96.0 1.0213675414 1.0
3.0 1.0475765809 1.0
14.0 1.01930911631 1.0
7.0 1.00584675411 1.0
75.0 1.00671196642 1.0
object 43	1.0:1.0
59.0 1.03004084299 1.0
142.0 -1.94100434017 1.0
101.0 1.02071761445 1.0
90.0 0.992383452747 1.0
159.0 0.164507159274 1.0
22.0 1.02649127492 1.0
175.0 5.69726787803 1.0
170.0 3.00041286434 1.0
18.0 0.974797653474 1.0
109.0 1.00947246066 1.0
146.0 1.71386401627 1.0
124.0 0.997781321319 1.0
11.0 0.98801394966 1.0
27.0 0.967351406229 1.0
133.0 0.990746643702 1.0
189.0 -1.50288464859 1.0
198.0 -0.599292289031 1.0
28.0 0.996252085 1.0
94.0 0.994452376193 1.0
29.0 1.00091161671 1.0
138.0 0.996709102925 1.0
107.0 1.00150306709 1.0
36.0 1.02080555305 1.0
85.0 1.05200001702 1.0
158.0 -0.0536877292221 1.0
160.0 -1.59101050035 1.0
15.0 0.950039745881 1.0
132.0 0.995665265395 1.0
39.0 0.966587729495 1.0
165.0 0.484390169659 1.0
152.0 2.73939201169 1.0
63.0 0.975990383082 1.0
45.0 0.992314113397 1.0
object 44	1.0:1.0
165.0 3.6852420909 1.0
152.0 7.63700779089 1.0
64.0 1.01464447009 1.0
104.0 0.995527125659 1.0
175.0 4.75863353994 1.0
124.0 0.991086446595 1.0
9.0 1.00940009311 1.0
28.0 0.982147552088 1.0
94.0 0.986916871697 1.0
14.0 1.00329022173 1.0
74.0 1.01180592854 1.0
110.0 1.02584693843 1.0
51.0 1.00421050233 1.0
21.0 0.994784156188 1.0
106.0 0.956759806389 1.0
7.0 0.985881842293 1.0
171.0 1.79338983702 1.0
object 45	1.0:1.0
195.0 3.64000324259 1.0
77.0 1.00946998676 1.0
125.0 0.984666945977 1.0
168.0 -2.99989750745 1.0
42.0 1.03211140886 1.0
3.0 0.937973761888 1.0
177.0 -2.17445373515 1.0
138.0 1.02076666885 1.0
32.0 1.05244444528 1.0
166.0 1.86041967837 1.0
83.0 1.03586550762 1.0
80.0 1.05960460869 1.0
199.0 2.95221661377 1.0
2.0 0.969543531478 1.0
41.0 1.05209586408 1.0
71.0 1.00462191347 1.0
39.0 1.03443541778 1.0
22.0 1.00696295508 1.0
14.0 0.985102362568 1.0
94.0 1.01069465507 1.0
16.0 0.996376325558 1.0
170.0 0.96293801127 1.0
175.0 4.39239022422 1.0
66.0 0.987209397761 1.0
70.0 0.978949373843 1.0
121.0 1.03362786772 1.0
144.0 1.45379140635 1.0
object 46	1.0:1.0
13.0 1.0009951078 1.0
190.0 1.09577619554 1.0
14.0 0.99666156721 1.0
61.0 0.982906582992 1.0
64.0 1.01907964321 1.0
77.0 1.02978118682 1.0
180.0 3.17465663005 1.0
70.0 1.01051718307 1.0
22.0 0.986391414128 1.0
11.0 1.01136127636 1.0
120.0 1.0012953297 1.0
104.0 1.03120253848 1.0
177.0 6.13148065805 1.0
136.0 0.99561954254 1.0
157.0 -3.73134919659 1.0
37.0 1.02207107009 1.0
79.0 1.00297258745 1.0
49.0 0.960760341187 1.0
5.0 0.965269543548 1.0
187.0 1.39657544821 1.0
75.0 0.998895147067 1.0
125.0 0.987081232193 1.0
179.0 1.26137618123 1.0
50.0 1.04899168507 1.0
20.0 1.02385442971 1.0
object 47	1.0:1.0
186.0 1.78792284079 1.0
10.0 1.01099739392 1.0
198.0 0.336799292473 1.0
194.0 -0.0492441358583 1.0
159.0 0.690754274059 1.0
38.0 1.00792171939 1.0
141.0 1.91065878979 1.0
193.0 0.822500842113 1.0
110.0 1.01383215219 1.0
67.0 1.01245193801 1.0
124.0 1.00313982359 1.0
149.0 2.72928121035 1.0
63.0 0.993108446418 1.0
143.0 -3.35628011395 1.0
97.0 1.0218849608 1.0
58.0 0.9926028862 1.0
56.0 1.0303826467 1.0
123.0 1.02872659838 1.0
140.0 4.57672085518 1.0
108.0 0.98585833492 1.0
9.0 1.01454009877 1.0
135.0 1.01076673681 1.0
164.0 -3.1996191465 1.0
171.0 -2.92514289657 1.0
83.0 1.00260811539 1.0
74.0 0.993356457555 1.0
45.0 0.986077143045 1.0
52.0 0.988049807554 1.0
object 48	1.0:1.0
38.0 1.03512960113 1.0
186.0 5.26229971358 1.0
105.0 1.02819252767 1.0
83.0 0.989425254704 1.0
183.0 8.93358486964 1.0
16.0 1.0153840892 1.0
131.0 1.0612141079 1.0
37.0 1.00026696764 1.0
55.0 1.01639432514 1.0
70.0 1.02089127527 1.0
27.0 0.973284821675 1.0
43.0 0.940173878813 1.0
39.0 0.959407134235 1.0
78.0 0.994223420744 1.0
104.0 0.969534745798 1.0
150.0 -3.96286513742 1.0
28.0 0.969081888743 1.0
58.0 1.00978297669 1.0
73.0 1.00419307097 1.0
19.0 1.04699887924 1.0
129.0 0.98621093192 1.0
42.0 0.953558226873 1.0
94.0 0.993120601773 1.0
object 49	1.0:1.0
45.0 1.0210537319 1.0
131.0 0.998719448454 1.0
127.0 0.947399331176 1.0
42.0 1.0175509364 1.0
188.0 6.63636096917 1.0
154.0 -0.302302155041 1.0
28.0 1.04565190708 1.0
47.0 1.00378960554 1.0
187.0 3.02870813698 1.0
58.0 1.0196002191 1.0
173.0 3.34404049316 1.0
33.0 0.921183275535 1.0
40.0 1.01444586722 1.0
172.0 -0.449941272066 1.0
36.0 1.00889589523 1.0
18.0 0.946426101056 1.0
186.0 8.17034567662 1.0
70.0 0.979215957792 1.0
10.0 1.00566329557 1.0
160.0 -1.57762189158 1.0
94.0 1.00630628083 1.0
86.0 1.00679361662 1.0
129.0 1.02348098013 1.0
9.0 1.01317223538 1.0
130.0 1.00079689 1.0
117.0 1.02010611698 1.0
object 50	1.0:0.5 9.0618360908:0.5
162.0 -9.64650663516 0.0
39.0 1.08731877527 0.0
175.0 -0.135375456987 0.0
34.0 9.06096615695 1.0
111.0 0.996348285351 0.0
163.0 -0.590602587411 0.0
81.0 1.01687664878 0.0
127.0 1.01529830029 0.0
23.0 1.01524527292 0.0
41.0 0.956498407345 0.0
21.0 0.938983007882 0.0
26.0 1.04324492304 0.0
12.0 9.02519991186 1.0
131.0 0.998532044738 0.0
45.0 0.946374746397 0.0
115.0 8.99112773785 1.0
48.0 9.0190209705 1.0
object 51	1.0:0.5 -19.0006919779:0.5
82.0 -18.9978946542 1.0
180.0 2.46989677099 0.0
110.0 -18.9605975064 1.0
60.0 -19.01523733 1.0
32.0 -18.9684302578 1.0
168.0 -22.0843586412 1.0
53.0 -18.995301757 1.0
108.0 -18.9707436325 1.0
156.0 0.41885680456 0.0
12.0 0.972609720034 0.0
63.0 -18.9492430374 1.0
81.0 1.01684096657 0.0
36.0 -19.001718767 1.0
66.0 -18.9575395443 1.0
1.0 0.999569530245 0.0
45.0 1.02452578516 0.0
178.0 -8.21567241053 0.0
114.0 -19.0241661383 1.0
186.0 4.55529303252 0.0
100.0 -18.9282635972 1.0
11.0 1.05022172591 0.0
object 52	1.0:0.5 -6.64813705429:0.5
187.0 3.88179119524 0.0
110.0 1.06432668334 0.0
28.0 0.992178041291 0.0
158.0 5.96932761993 0.0
140.0 -2.20451820361 0.0
137.0 0.997968348628 0.0
77.0 0.984012894953 0.0
39.0 -6.68010006656 1.0
103.0 -6.680081111 1.0
86.0 1.06062194291 0.0
150.0 -5.40324241293 1.0
54.0 -6.56769509948 1.0
53.0 -6.69055946813 1.0
195.0 -4.86549201029 1.0
122.0 0.983848903438 0.0
196.0 -9.03016009962 1.0
21.0 0.963181786547 0.0
168.0 -5.28398844647 1.0
183.0 8.47992925879 0.0
149.0 -4.20309674399 0.0
22.0 0.898955097698 0.0
118.0 0.898481180376 0.0
68.0 -6.62282620475 1.0
object 53	1.0:0.5 -5.95563505102:0.5
11.0 -5.95800704103 1.0
157.0 -2.57188875881 1.0
40.0 -5.98295497958 1.0
115.0 -5.93850592865 1.0
13.0 0.99122964649 0.0
199.0 1.20220642435 0.0
178.0 0.213841951754 0.0
0.0 0.983574209676 0.0
97.0 -5.94409689593 1.0
189.0 -5.0017717603 1.0
72.0 -5.98878122474 1.0
92.0 1.07845731275 0.0
117.0 0.948965981191 0.0
136.0 1.02084970578 0.0
55.0 1.08168513735 0.0
154.0 6.34499476052 0.0
138.0 1.03900215574 0.0
24.0 1.03797049601 0.0
132.0 0.99475997584 0.0
26.0 -5.93339881891 1.0
94.0 0.954172136045 0.0
142.0 -5.87874074195 1.0
108.0 1.08377494823 0.0
180.0 -5.60437096464 1.0
177.0 4.39507920076 0.0
59.0 -5.92594563587 1.0
22.0 -5.96064676483 1.0
119.0 0.989836241187 0.0
35.0 -6.04880187796 1.0
object 54	1.0:0.5 3.30632691142:0.5
54.0 1.06501749607 0.0
130.0 1.04654658193 0.0
111.0 3.34320476178 1.0
67.0 3.3093047443 1.0
28.0 3.33597334702 1.0
42.0 3.32381303024 1.0
82.0 3.2067010778 1.0
136.0 1.06790624954 0.0
14.0 1.01125680328 0.0
81.0 3.33086666675 1.0
77.0 1.07987777975 0.0
141.0 9.17998340442 1.0
85.0 3.3087265947 1.0
189.0 4.62898620494 0.0
68.0 3.23564205728 1.0
73.0 0.941143517738 0.0
98.0 3.27078676095 1.0
154.0 7.6746309349 0.0
183.0 3.82546474662 1.0
199.0 3.78221663522 0.0
158.0 -5.04177518149 0.0
95.0 0.985631132535 0.0
13.0 1.08574081715 0.0
object 55	1.0:0.5 -5.54340611102:0.5
190.0 3.94370125821 0.0
32.0 -5.47620963319 1.0
91.0 0.950397865166 0.0
94.0 1.04327486462 0.0
111.0 1.02191553107 0.0
92.0 0.990275596937 0.0
189.0 -7.22365305381 1.0
55.0 1.04191225727 0.0
70.0 -5.48130285785 1.0
133.0 -5.5509350503 1.0
88.0 -5.48505131718 1.0
17.0 0.933720851506 0.0
87.0 -5.55561868258 1.0
149.0 -2.68455734227 1.0
176.0 2.46167718603 0.0
197.0 2.31851049282 0.0
76.0 -5.5093917483 1.0
120.0 1.03487513182 0.0
52.0 1.02062475885 0.0
116.0 1.09357306583 0.0
12.0 -5.58067242063 1.0
115.0 -5.49727974391 1.0
177.0 7.60150009932 0.0
194.0 0.909929518787 0.0
174.0 -0.0626953509657 0.0
54.0 0.994512311199 0.0
43.0 -5.63323101198 1.0
object 56	1.0:0.5 15.9374737884:0.5
106.0 1.00954715643 0.0
147.0 21.1682931374 1.0
88.0 0.928470125801 0.0
15.0 15.9818166371 1.0
35.0 15.8508353328 1.0
167.0 2.06376572071 0.0
195.0 4.29763262217 0.0
101.0 1.04363390475 0.0
54.0 15.8878427024 1.0
103.0 0.98743192837 0.0
198.0 15.8689007949 1.0
51.0 1.01882015829 0.0
38.0 15.9165299053 1.0
174.0 -1.24084639003 0.0
115.0 0.986598514469 0.0
67.0 15.9414007648 1.0
2.0 15.7923243618 1.0
34.0 15.8808270567 1.0
112.0 15.9920278926 1.0
39.0 15.8847742339 1.0
197.0 19.0007327432 1.0
87.0 15.9066975402 1.0
170.0 15.3526680313 1.0
85.0 0.96201609268 0.0
object 57	1.0:0.5 7.71613241153:0.5
16.0 1.06458955745 0.0
73.0 7.69720341704 1.0
110.0 7.70983277707 1.0
51.0 1.02754602003 0.0
191.0 15.7304602537 1.0
115.0 0.972344395929 0.0
168.0 1.32254274005 1.0
117.0 7.71358488363 1.0
30.0 7.73645401677 1.0
160.0 -2.28088799639 0.0
12.0 0.95977302772 0.0
182.0 0.443112018357 0.0
162.0 5.75418671926 1.0
81.0 7.73609045064 1.0
65.0 1.04174687689 0.0
189.0 8.43130759312 1.0
82.0 0.978250054454 0.0
194.0 13.9182409396 1.0
71.0 0.987535925672 0.0
object 58	1.0:0.5 0.144374752013:0.5
3.0 0.178909747482 1.0
134.0 0.10246063423 1.0
15.0 0.141779840064 1.0
11.0 0.00129893450338 1.0
152.0 -4.83406465467 1.0
25.0 0.139776805294 1.0
174.0 -0.59821406721 0.0
71.0 0.139019232075 1.0
109.0 0.978290505151 0.0
47.0 0.119761371079 1.0
170.0 -1.33537850825 1.0
150.0 -0.556001350562 1.0
108.0 0.0989987287586 1.0
55.0 0.173996864556 1.0
61.0 0.973604946506 0.0
65.0 0.201905658639 1.0
98.0 0.968175080379 0.0
92.0 0.161776497421 1.0
86.0 1.090390972 0.0
149.0 3.05764588102 0.0
2.0 0.0890815213935 1.0
64.0 0.951303651187 0.0
154.0 5.02985431267 1.0
171.0 -0.159150876937 0.0
75.0 1.01573911643 0.0
196.0 1.50062329341 0.0
155.0 -0.0936219849917 0.0
191.0 1.60127698522 1.0
126.0 0.216370681385 1.0
195.0 -0.36489345599 0.0
object 59	1.0:0.5 4.72964693865:0.5
24.0 4.75010501805 1.0
188.0 1.71524873999 1.0
180.0 1.87629594561 0.0
46.0 4.82874219595 1.0
190.0 4.12962377035 1.0
156.0 2.19782572785 0.0
92.0 4.72979361934 1.0
101.0 4.84284861929 1.0
52.0 1.040926993 0.0
87.0 0.978504053482 0.0
116.0 1.02873982316 0.0
97.0 4.70364198142 1.0
197.0 4.29100301861 1.0
131.0 1.00723745509 0.0
129.0 1.05986647091 0.0
140.0 1.00410195697 1.0
161.0 -0.00115717043161 0.0
61.0 4.68657057756 1.0
22.0 0.964636686706 0.0
109.0 4.81050255843 1.0
111.0 0.922289918536 0.0
64.0 0.929230266075 0.0
128.0 0.972796846641 0.0
118.0 4.80222922661 1.0
27.0 4.72430856918 1.0
object 60	1.0:0.5 -1.30346870667:0.5
49.0 -1.34530047274 1.0
91.0 0.975191669455 0.0
177.0 1.17663017207 0.0
122.0 1.02661914248 0.0
88.0 1.01306764967 0.0
7.0 -1.35762053024 1.0
143.0 4.32223609385 1.0
92.0 1.06765957754 0.0
8.0 -1.294969615 1.0
153.0 7.67396644727 0.0
141.0 4.09370047113 1.0
176.0 1.41903041848 0.0
80.0 0.982529633655 0.0
70.0 -1.24396723804 1.0
29.0 0.985047813467 0.0
142.0 5.04883763401 0.0
64.0 0.940924494499 0.0
118.0 0.91638133203 0.0
150.0 -0.308738168008 1.0
36.0 0.948008626814 0.0
3.0 1.00992660942 0.0
116.0 1.00667748818 0.0
132.0 -1.37024579432 1.0
198.0 1.7130705765 0.0
45.0 1.03057365063 0.0
object 61	1.0:0.5 7.05083948165:0.5
177.0 10.6679502105 1.0
82.0 7.073657873 1.0
186.0 -0.163449618179 0.0
127.0 6.97225112963 1.0
146.0 15.5912271005 1.0
148.0 2.87008237657 0.0
9.0 0.953273534208 0.0
101.0 7.04715057727 1.0
162.0 0.994497277305 0.0
57.0 0.980967692728 0.0
47.0 7.05067080066 1.0
114.0 0.888075406183 0.0
62.0 1.02828036345 0.0
89.0 1.02004502822 0.0
76.0 0.951209562324 0.0
115.0 0.992135897838 0.0
124.0 7.04997854904 1.0
84.0 7.07802957073 1.0
107.0 1.00342135403 0.0
174.0 8.88345140534 1.0
11.0 7.03455176007 1.0
185.0 3.61875436738 1.0
99.0 0.968497703176 0.0
38.0 1.05866045735 0.0
118.0 1.03392347688 0.0
109.0 7.08148520252 1.0
17.0 0.974472553422 0.0
18.0 6.9725668968 1.0
169.0 9.94734266952 1.0
130.0 7.01239588558 1.0
66.0 1.0237833787 0.0
19.0 1.11371338047 0.0
object 62	1.0:0.5 -16.4262663373:0.5
114.0 -16.4427968395 1.0
119.0 -16.4878172642 1.0
158.0 -15.6740821918 1.0
20.0 0.985973133604 0.0
79.0 1.02663268544 0.0
42.0 -16.4748022204 1.0
133.0 -16.3683527906 1.0
55.0 0.985333528924 0.0
9.0 1.03123738839 0.0
31.0 -16.386148874 1.0
4.0 -16.4018837665 1.0
146.0 -15.1181839226 1.0
70.0 1.00411193738 0.0
121.0 -16.4471280889 1.0
137.0 -16.4554423058 1.0
191.0 1.02373835904 0.0
26.0 0.965487067059 0.0
21.0 -16.4195371672 1.0
61.0 -16.49172624 1.0
object 63	1.0:0.5 -3.47818814253:0.5
180.0 -0.0784589911607 0.0
5.0 1.00971304664 0.0
34.0 -3.4937736068 1.0
68.0 -3.50228920426 1.0
178.0 -0.433648453124 0.0
108.0 -3.58630142745 1.0
146.0 -4.74996595795 1.0
67.0 -3.41914284194 1.0
80.0 1.07695177361 0.0
196.0 -1.21215742168 1.0
148.0 -0.0275619755291 0.0
124.0 -3.46800974995 1.0
132.0 0.906370866165 0.0
130.0 -3.48091945682 1.0
87.0 0.981600076713 0.0
187.0 0.463986678955 1.0
64.0 1.0233606778 0.0
143.0 6.88583262339 0.0
126.0 -3.38187534037 1.0
44.0 1.05211278191 0.0
71.0 1.04347745648 0.0
183.0 -2.77801567865 1.0
163.0 1.40280939759 1.0
58.0 -3.46132360933 1.0
123.0 -3.44355715073 1.0
158.0 1.38648376139 0.0
38.0 -3.39865423743 1.0
object 64	1.0:0.5 -0.930228164952:0.5
47.0 -0.897176242823 1.0
162.0 -2.13760842936 0.0
175.0 -1.54055385335 1.0
46.0 0.968980539832 0.0
114.0 -0.865715704298 1.0
27.0 -0.954887205649 1.0
56.0 -0.879038427707 1.0
52.0 1.11458310125 0.0
156.0 0.732559089414 0.0
69.0 0.929059454714 0.0
149.0 1.64906809128 0.0
68.0 -0.98846706845 1.0
22.0 1.07616912702 0.0
9.0 1.12052439419 0.0
8.0 -1.02218726457 1.0
134.0 0.960987177739 0.0
29.0 0.955330349414 0.0
92.0 -0.959329153534 1.0
172.0 -10.0731719834 1.0
187.0 1.50633655356 1.0
169.0 1.14517908339 1.0
135.0 -0.863679856216 1.0
38.0 0.921569389563 0.0
171.0 -0.794251394247 1.0
108.0 -0.940264309069 1.0
102.0 -0.976394173897 1.0
1.0 -0.946089320093 1.0
object 65	1.0:0.5 -10.8869050828:0.5
67.0 0.949923156787 0.0
172.0 0.951523847855 0.0
71.0 -10.8172886551 1.0
165.0 5.60834886871 0.0
194.0 -0.967576839609 0.0
45.0 0.978668608478 0.0
93.0 1.09270479754 0.0
137.0 -10.891847478 1.0
8.0 1.0630290368 0.0
182.0 -12.2987777742 1.0
181.0 -10.0978453622 1.0
33.0 0.950250016795 0.0
196.0 -2.94330261331 0.0
191.0 -8.38423926021 1.0
44.0 -10.8038058513 1.0
42.0 1.02014592066 0.0
171.0 -12.6804930782 1.0
111.0 -10.9607731023 1.0
140.0 -4.096995374 1.0
73.0 0.977178177724 0.0
158.0 6.81769492976 0.0
1.0 -10.9329611653 1.0
27.0 -10.8658668614 1.0
130.0 -10.7553484186 1.0
139.0 -10.8790006626 1.0
36.0 -10.8454007415 1.0
object 66	1.0:0.5 -0.800538470768:0.5
33.0 -0.749616361768 1.0
91.0 -0.684026678756 1.0
73.0 -0.727276670937 1.0
19.0 1.00179321796 0.0
5.0 1.02576222502 0.0
67.0 1.02311112652 0.0
87.0 -0.773244502304 1.0
68.0 1.00224549246 0.0
59.0 -0.805137206899 1.0
16.0 1.07286476718 0.0
85.0 1.03604553615 0.0
110.0 0.996192182166 0.0
182.0 -2.03460764891 1.0
146.0 -2.51402219718 0.0
15.0 0.948095468041 0.0
166.0 -2.58097838767 0.0
159.0 -1.15707571651 1.0
9.0 -0.794504803766 1.0
189.0 -3.34058651069 1.0
12.0 1.05010596484 0.0
105.0 0.96038469738 0.0
139.0 -0.786193122133 1.0
66.0 0.958523853027 0.0
121.0 -0.867979036819 1.0
object 67	1.0:0.5 -1.97693668202:0.5
51.0 0.979710047738 0.0
134.0 -1.99705790296 1.0
26.0 -1.98263446748 1.0
191.0 -3.57547263393 1.0
156.0 0.43877593794 0.0
109.0 -2.05581792921 1.0
190.0 6.40191098172 0.0
154.0 -4.50159933348 1.0
180.0 -2.70645967048 1.0
16.0 -2.01026480082 1.0
56.0 -1.9164708431 1.0
49.0 1.07773867779 0.0
169.0 -11.0202398396 1.0
52.0 0.979369986377 0.0
189.0 -0.792811788427 1.0
178.0 -5.41836814229 1.0
195.0 3.92234333372 0.0
153.0 -5.5212705317 1.0
15.0 1.03505015457 0.0
21.0 1.00991942414 0.0
32.0 1.04455749008 0.0
122.0 0.99308478502 0.0
54.0 -2.00910493806 1.0
57.0 -1.9086609185 1.0
object 68	1.0:0.5 -4.14374032063:0.5
122.0 1.0471121888 0.0
8.0 -4.18686746901 1.0
146.0 -2.18850176067 1.0
106.0 -4.0920284689 1.0
70.0 -4.12336206255 1.0
30.0 -4.17660577315 1.0
119.0 -4.17867881871 1.0
114.0 0.978013485205 0.0
129.0 1.01101382718 0.0
165.0 0.954373328775 0.0
74.0 -4.05337169527 1.0
37.0 -4.15377008149 1.0
39.0 -4.18709592229 1.0
19.0 -4.15989223862 1.0
79.0 -4.09180855763 1.0
175.0 -0.727811126749 0.0
1.0 -4.17270515507 1.0
28.0 0.926695934215 0.0
4.0 -4.13789851345 1.0
27.0 1.04908203945 0.0
99.0 -4.10075969179 1.0
object 69	1.0:0.5 -6.05119183991:0.5
51.0 0.933518421668 0.0
96.0 0.929518684495 0.0
167.0 0.685045053189 0.0
13.0 -6.04151098558 1.0
62.0 1.02099664801 0.0
181.0 2.65262291259 0.0
45.0 0.998621146885 0.0
66.0 -5.99902730762 1.0
102.0 0.951508406539 0.0
178.0 0.14710556286 0.0
173.0 -5.86563895661 1.0
156.0 -5.188403467 1.0
116.0 -6.07683767197 1.0
190.0 -6.20648219181 1.0
107.0 -6.1360549925 1.0
73.0 0.949053666649 0.0
70.0 0.947050692328 0.0
79.0 -6.07034645542 1.0
4.0 1.01673289271 0.0
176.0 -1.25767498564 0.0
object 70	1.0:0.5 2.3441296716:0.5
175.0 0.975464922394 1.0
38.0 1.05679116892 0.0
156.0 1.3221592823 0.0
199.0 0.946518697244 0.0
25.0 2.28149778372 1.0
8.0 1.02337230721 0.0
32.0 2.24130323619 1.0
116.0 2.32720078344 1.0
173.0 -1.72472465904 0.0
24.0 0.925619736233 0.0
105.0 0.940660108942 0.0
189.0 3.33390727709 1.0
167.0 0.777976473751 0.0
47.0 1.02967513308 0.0
4.0 2.37744373924 1.0
174.0 4.31912292323 0.0
152.0 -3.33957607028 0.0
140.0 6.56219517809 1.0
7.0 0.960076060757 0.0
64.0 2.32287256929 1.0
197.0 7.49186705478 0.0
107.0 2.34482570975 1.0
49.0 2.38046299479 1.0
187.0 2.94113590992 1.0
57.0 2.31450705022 1.0
94.0 2.34521596329 1.0
123.0 0.974126451434 0.0
90.0 1.00671460537 0.0
object 71	1.0:0.5 -0.651342178537:0.5
116.0 0.989391162099 0.0
135.0 -0.645049999778 1.0
1.0 -0.665580947159 1.0
110.0 0.983805769734 0.0
97.0 -0.662707147273 1.0
59.0 -0.545282610646 1.0
113.0 0.939241071822 0.0
197.0 -1.92075750379 1.0
65.0 0.930388259158 0.0
40.0 -0.542823281511 1.0
160.0 5.62391448972 1.0
54.0 -0.575320403164 1.0
83.0 -0.669842447961 1.0
111.0 -0.700098399243 1.0
159.0 0.710620671878 0.0
92.0 -0.702710354618 1.0
45.0 -0.720123541846 1.0
142.0 2.44236531417 1.0
158.0 -0.0738965809321 0.0
166.0 -10.8573267473 1.0
28.0 -0.644818105087 1.0
125.0 1.03856863295 0.0
67.0 -0.66341042134 1.0
148.0 4.97446782718 1.0
127.0 -0.673727322614 1.0
47.0 -0.600018707278 1.0
object 72	1.0:0.5 20.1915895428:0.5
56.0 20.1591117169 1.0
136.0 20.177506891 1.0
187.0 4.43503114887 0.0
118.0 0.868676188845 0.0
150.0 1.78563988916 0.0
155.0 0.737778883871 0.0
178.0 21.0204024396 1.0
121.0 0.943458849385 0.0
83.0 20.1978621239 1.0
102.0 0.964788532729 0.0
78.0 20.1809165995 1.0
19.0 1.02618062036 0.0
25.0 0.974345032986 0.0
45.0 0.9642772629 0.0
177.0 21.7138759322 1.0
1.0 1.05184044336 0.0
27.0 20.1438828654 1.0
15.0 0.960360632357 0.0
82.0 20.2052744396 1.0
object 73	1.0:0.5 14.3480971428:0.5
17.0 0.98242766784 0.0
26.0 14.2202561935 1.0
22.0 14.3289242446 1.0
39.0 1.06980709974 0.0
60.0 14.3009761539 1.0
18.0 14.269145657 1.0
63.0 0.944182809655 0.0
159.0 -1.05873998024 0.0
153.0 1.83275906501 0.0
133.0 14.3495494206 1.0
53.0 0.95216289155 0.0
198.0 13.518492645 1.0
80.0 1.06373285394 0.0
3.0 1.04701836269 0.0
154.0 15.0545914116 1.0
183.0 18.0918953302 1.0
131.0 14.2466777699 1.0
104.0 1.01014529226 0.0
56.0 14.3697019282 1.0
58.0 0.998598890876 0.0
object 74	1.0:0.5 11.8802235986:0.5
182.0 3.00503375169 0.0
73.0 0.979925588522 0.0
47.0 11.7964276499 1.0
87.0 1.04524069388 0.0
131.0 11.9382410482 1.0
185.0 12.070241632 1.0
101.0 1.01123278451 0.0
85.0 1.07631375143 0.0
120.0 1.05354089751 0.0
55.0 11.8936990175 1.0
34.0 11.870226136 1.0
159.0 12.659439976 1.0
56.0 0.963882401478 0.0
52.0 11.8695633278 1.0
118.0 11.9457684022 1.0
171.0 0.953320073642 0.0
112.0 11.8403800859 1.0
147.0 20.7407191287 1.0
28.0 1.0133127373 0.0
object 75	1.0:0.5 0.184501774116:0.5
64.0 0.23317752002 1.0
3.0 1.0074251312 0.0
155.0 0.0826037101354 0.0
72.0 0.215995315241 1.0
21.0 1.05927964571 0.0
111.0 0.912775321911 0.0
88.0 0.969200699334 0.0
182.0 5.20866411101 1.0
144.0 -0.687937639736 0.0
11.0 0.13037098211 1.0
165.0 4.52972631637 0.0
159.0 1.55856480146 1.0
122.0 0.149969207581 1.0
196.0 0.963012869128 1.0
120.0 1.02513093374 0.0
191.0 -3.1015426341 1.0
178.0 -4.65957864408 1.0
154.0 1.41480252801 0.0
38.0 0.974139048951 0.0
73.0 0.0603025154383 1.0
6.0 0.990364923217 0.0
85.0 0.192172337971 1.0
56.0 0.186031461417 1.0
84.0 0.248181729383 1.0
20.0 0.209951328041 1.0
183.0 -3.09983329773 0.0
145.0 4.88906294597 0.0
80.0 1.01067911377 0.0
object 76	1.0:0.5 -0.585219472341:0.5
82.0 0.866481048794 0.0
154.0 -6.08848811772 0.0
70.0 1.09341460633 0.0
193.0 2.20621591507 1.0
81.0 1.08547154204 0.0
116.0 -0.581393895245 1.0
34.0 -0.499726219537 1.0
170.0 -0.487650414776 0.0
171.0 -0.768370236861 0.0
157.0 -2.80036385903 0.0
88.0 0.982818395674 0.0
36.0 -0.676073327878 1.0
14.0 -0.492677006709 1.0
136.0 -0.614773758934 1.0
149.0 -3.30152736281 0.0
102.0 -0.524068810832 1.0
16.0 1.02420595877 0.0
139.0 1.05908708271 0.0
190.0 -1.42620862505 1.0
107.0 1.02165950754 0.0
49.0 -0.564696058025 1.0
172.0 1.33558740662 1.0
41.0 1.02239295947 0.0
191.0 2.76083627709 1.0
31.0 1.08407522156 0.0
101.0 0.960990119853 0.0
object 77	1.0:0.5 -11.9222733933:0.5
125.0 -11.9657440654 1.0
149.0 3.22475378204 0.0
11.0 -11.8194616984 1.0
175.0 -12.0690313741 1.0
86.0 -12.0690114621 1.0
129.0 -11.8797482874 1.0
12.0 -11.8937827472 1.0
169.0 6.41421381449 0.0
144.0 0.32747173654 0.0
52.0 1.02355194601 0.0
10.0 -12.0163400338 1.0
110.0 1.05506111361 0.0
174.0 -10.0863219826 1.0
55.0 -11.9994690614 1.0
181.0 1.80270855979 0.0
96.0 1.01805930043 0.0
48.0 1.06289817992 0.0
187.0 5.86867241271 0.0
111.0 0.963593037003 0.0
101.0 1.07410813109 0.0
1.0 -11.9178516846 1.0
145.0 2.65204647676 0.0
156.0 0.361800208591 0.0
14.0 -11.8634706046 1.0
103.0 1.05744302899 0.0
57.0 -11.9643810314 1.0
4.0 0.965456830816 0.0
object 78	1.0:0.5 -5.70992849328:0.5
88.0 1.04389371507 0.0
21.0 0.992891548493 0.0
62.0 -5.7027694709 1.0
175.0 -6.11661670251 1.0
92.0 -5.68683233304 1.0
160.0 -8.49426812119 1.0
196.0 -4.18493406289 1.0
186.0 -1.965976313 1.0
13.0 1.03693144915 0.0
73.0 -5.6793243443 1.0
137.0 0.955366041153 0.0
49.0 -5.73955714999 1.0
187.0 -11.0460277599 1.0
163.0 3.51937811302 0.0
38.0 -5.71772754055 1.0
84.0 0.986986267726 0.0
24.0 1.07752527168 0.0
98.0 -5.79987929855 1.0
37.0 1.06872419185 0.0
185.0 -0.641632555274 0.0
132.0 1.03977652024 0.0
46.0 -5.71121195488 1.0
184.0 -5.46137212896 1.0
118.0 0.974369998852 0.0
15.0 1.00856748268 0.0
5.0 -5.77620285968 1.0
34.0 1.00186702986 0.0
183.0 1.80319902871 0.0
167.0 -5.9024556971 1.0
object 79	1.0:0.5 -1.85284355818:0.5
198.0 2.08505405494 0.0
153.0 -6.02991790436 1.0
71.0 1.02854542601 0.0
61.0 0.955512316779 0.0
73.0 0.974271774626 0.0
84.0 -1.88457781324 1.0
80.0 0.974927588233 0.0
43.0 -1.83031703555 1.0
130.0 -1.84256056146 1.0
69.0 1.08707374211 0.0
177.0 -2.58650136861 1.0
107.0 -1.86029940812 1.0
116.0 -1.89292717539 1.0
99.0 1.00938372816 0.0
117.0 0.959321841976 0.0
86.0 1.08005882101 0.0
108.0 -1.9287478606 1.0
96.0 1.01313478939 0.0
119.0 -1.78566759231 1.0
168.0 -5.17308558283 1.0
10.0 0.986007217371 0.0
122.0 -1.85114710843 1.0
34.0 -1.79561939801 1.0
152.0 -2.34025043524 0.0
145.0 -2.09869499336 1.0
182.0 -0.862689842548 1.0
105.0 -1.81001476543 1.0
139.0 1.06658238349 0.0
125.0 -1.75005857863 1.0
30.0 0.960637466792 0.0
95.0 0.884570562755 0.0
101.0 -1.92776877776 1.0
133.0 0.997927454385 0.0
9.0 -1.80293449662 1.0
41.0 1.06763845692 0.0
object 80	1.0:0.5 -4.41268961378:0.5
85.0 0.949130143188 0.0
114.0 1.01946034635 0.0
177.0 -0.988587742271 1.0
185.0 -1.57592619284 0.0
70.0 -4.38597140925 1.0
5.0 1.05702390742 0.0
146.0 -7.48287687234 1.0
69.0 0.978738996104 0.0
12.0 -4.362262585 1.0
127.0 0.993018174661 0.0
184.0 5.81281489323 0.0
120.0 0.982149504295 0.0
151.0 -6.51178364189 0.0
74.0 -4.34784930451 1.0
56.0 -4.45916024406 1.0
95.0 0.961561798777 0.0
89.0 0.895633551765 0.0
168.0 -3.64970714105 1.0
149.0 -5.66864151839 1.0
60.0 0.979087950926 0.0
67.0 -4.38042503259 1.0
39.0 0.870679051061 0.0
16.0 1.04930513628 0.0
24.0 -4.40158053673 1.0
158.0 2.51179313795 0.0
object 81	1.0:0.5 -8.94545461705:0.5
195.0 -7.80852565743 1.0
70.0 -8.91984758666 1.0
78.0 -8.94249687138 1.0
24.0 -8.91171154621 1.0
110.0 -8.95932651411 1.0
151.0 -7.40999802887 1.0
58.0 0.964491232726 0.0
186.0 2.12838093004 0.0
46.0 -8.95811972652 1.0
76.0 -9.05075439998 1.0
6.0 1.09481612717 0.0
175.0 2.7861929694 0.0
8.0 1.08568620794 0.0
127.0 -8.93651929355 1.0
131.0 -8.96698001981 1.0
118.0 0.962921787861 0.0
113.0 1.06038555386 0.0
171.0 2.02421589479 0.0
141.0 -1.83094519863 0.0
86.0 -8.92050370204 1.0
125.0 1.03046222839 0.0
42.0 1.02978170645 0.0
51.0 1.05376830198 0.0
144.0 -4.23800141427 0.0
155.0 -11.0919981352 1.0
48.0 0.976489087985 0.0
object 82	1.0:0.5 -8.89607915307:0.5
26.0 0.883646533144 0.0
76.0 1.03784831365 0.0
137.0 1.05454839893 0.0
46.0 1.02036452448 0.0
112.0 -8.89832124116 1.0
92.0 -8.78057693015 1.0
36.0 1.02540037158 0.0
86.0 0.938120444627 0.0
173.0 -7.56958179668 1.0
7.0 0.97785267517 0.0
144.0 -1.80800242694 0.0
87.0 -8.92123171368 1.0
64.0 -8.95108384743 1.0
97.0 -8.91900536379 1.0
189.0 -10.1926945095 1.0
6.0 0.990867214776 0.0
59.0 0.950410407914 0.0
169.0 -3.20201202182 0.0
72.0 0.986728770578 0.0
79.0 -8.89204840161 1.0
25.0 -8.906285301 1.0
81.0 -8.8836509638 1.0
48.0 -8.93939562357 1.0
149.0 -2.5862685848 1.0
121.0 0.9835846404 0.0
object 83	1.0:0.5 2.50584745065:0.5
116.0 0.941750490198 0.0
62.0 2.57381425449 1.0
113.0 0.961443605454 0.0
55.0 2.45872061782 1.0
37.0 2.45655560079 1.0
142.0 2.80243033164 1.0
77.0 0.881118629157 0.0
118.0 2.52576056553 1.0
68.0 0.976358251785 0.0
172.0 -1.57177035392 0.0
22.0 2.51028367851 1.0
141.0 -3.76890559415 1.0
14.0 0.96702816051 0.0
26.0 0.918889669934 0.0
81.0 2.4302565708 1.0
132.0 1.09360444449 0.0
167.0 3.36599522582 1.0
138.0 2.56653123162 1.0
15.0 2.51466893931 1.0
186.0 -1.24769779869 1.0
27.0 1.00445188066 0.0
2.0 2.53462641993 1.0
36.0 1.00969206239 0.0
42.0 2.44264087117 1.0
109.0 0.920307375692 0.0
117.0 0.979489108841 0.0
object 84	1.0:0.5 9.29809326756:0.5
134.0 0.889716930874 0.0
120.0 9.27188168837 1.0
68.0 9.23981277579 1.0
150.0 -0.78851234696 0.0
77.0 0.957911248545 0.0
6.0 9.2316628911 1.0
57.0 9.28565161381 1.0
90.0 9.298752891 1.0
186.0 5.4178723367 0.0
181.0 8.57314867403 1.0
4.0 0.97732298876 0.0
114.0 0.934365997325 0.0
137.0 9.29696756785 1.0
71.0 9.26548787579 1.0
172.0 2.07082936352 0.0
87.0 1.06843087013 0.0
98.0 9.29334651074 1.0
11.0 0.946097792224 0.0
185.0 6.89200632732 1.0
123.0 0.988420070826 0.0
2.0 9.20854198058 1.0
45.0 9.33945780424 1.0
189.0 1.95868395234 0.0
112.0 9.34990555343 1.0
165.0 8.59790629991 1.0
198.0 2.00617744058 0.0
140.0 16.0536524723 1.0
3.0 9.32382913661 1.0
78.0 1.00523935826 0.0
object 85	1.0:0.5 8.69220662258:0.5
114.0 8.79117205635 1.0
36.0 0.960335374292 0.0
31.0 8.69580475133 1.0
55.0 0.997916191931 0.0
84.0 1.07636745795 0.0
112.0 8.65480091327 1.0
176.0 7.29378414662 1.0
71.0 8.70434799065 1.0
54.0 1.01389935172 0.0
155.0 10.3111635305 1.0
1.0 8.67454822216 1.0
29.0 1.11130753814 0.0
151.0 0.219805077349 0.0
18.0 0.948061299523 0.0
64.0 8.74308601631 1.0
144.0 -3.06346103696 0.0
163.0 -1.49134573957 0.0
104.0 0.945783652145 0.0
57.0 0.986326938144 0.0
90.0 0.988078803706 0.0
34.0 8.74150146329 1.0
9.0 8.65890340065 1.0
62.0 8.72799923767 1.0
object 86	1.0:0.5 -7.14804898604:0.5
196.0 2.57530543555 0.0
111.0 1.03572671181 0.0
146.0 -12.4470867866 1.0
135.0 -7.13591099486 1.0
100.0 -7.19129417944 1.0
161.0 -6.939868942 1.0
2.0 1.01733502979 0.0
21.0 -7.29498316375 1.0
59.0 -7.11361901607 1.0
171.0 -4.64102615387 1.0
154.0 -3.35765659422 0.0
6.0 -7.12311412851 1.0
110.0 1.00112489093 0.0
193.0 -7.37303893252 1.0
49.0 -7.15523444137 1.0
74.0 0.899375547279 0.0
109.0 1.0216028238 0.0
188.0 -2.72516268562 0.0
9.0 0.943855854667 0.0
51.0 -7.10206454425 1.0
72.0 0.891792539011 0.0
179.0 2.17776965117 0.0
20.0 0.99706526259 0.0
object 87	1.0:0.5 -8.06405784628:0.5
185.0 -6.44525445174 1.0
108.0 0.996548630085 0.0
43.0 -8.11371189566 1.0
20.0 -8.03383280028 1.0
5.0 -8.11553964603 1.0
113.0 -8.04874243767 1.0
27.0 0.89568262907 0.0
74.0 -8.08668926534 1.0
161.0 1.75561030956 0.0
25.0 -8.07718217913 1.0
72.0 -8.08551716607 1.0
34.0 0.96448245401 0.0
101.0 -8.01148866215 1.0
7.0 -8.14283230444 1.0
181.0 -7.39649534809 1.0
191.0 -4.61141747334 0.0
171.0 -1.44438708887 0.0
169.0 1.25179236113 0.0
81.0 0.958676620654 0.0
14.0 -8.01130430256 1.0
26.0 1.03556319464 0.0
52.0 -8.10633649691 1.0
68.0 -8.0017298364 1.0
142.0 -10.2947541289 1.0
object 88	1.0:0.5 -13.8749402268:0.5
71.0 -13.8575615268 1.0
199.0 -15.0162127811 1.0
20.0 -13.8958295321 1.0
5.0 0.992091001744 0.0
150.0 -2.09249808843 0.0
167.0 0.410657882568 0.0
142.0 -4.21421804094 1.0
101.0 -13.8423216139 1.0
138.0 0.969791014156 0.0
92.0 0.994365362065 0.0
119.0 0.99848835898 0.0
154.0 2.77714811575 0.0
38.0 0.977681145849 0.0
144.0 0.63285936135 0.0
77.0 -13.8793940127 1.0
171.0 -13.0525961378 1.0
175.0 4.12052988323 0.0
97.0 0.992333945893 0.0
143.0 2.82439711327 0.0
2.0 1.03627123367 0.0
15.0 -13.9330235986 1.0
61.0 -13.7800049377 1.0
81.0 1.01125694134 0.0
object 89	1.0:0.5 6.55528110282:0.5
186.0 3.0562269551 0.0
27.0 6.59038539822 1.0
23.0 6.44724842726 1.0
75.0 0.923928616546 0.0
132.0 1.03690957309 0.0
73.0 1.01458826973 0.0
31.0 1.01477397011 0.0
59.0 6.61603505205 1.0
179.0 4.73668257723 1.0
104.0 0.953086297629 0.0
102.0 1.03454864473 0.0
143.0 4.40149456705 1.0
106.0 0.966206762276 0.0
2.0 0.897995818076 0.0
123.0 6.49080966196 1.0
174.0 9.432140102 1.0
41.0 6.54114878577 1.0
3.0 6.60131913342 1.0
97.0 6.56717270034 1.0
138.0 0.992790815549 0.0
165.0 3.42441606975 1.0
85.0 6.50084959182 1.0
109.0 6.53682591931 1.0
object 90	1.0:0.5 3.98925346494:0.5
187.0 1.90000133715 0.0
128.0 3.93517757306 1.0
66.0 3.91646350441 1.0
112.0 0.936669456159 0.0
153.0 -1.60715699383 1.0
38.0 0.971426664801 0.0
7.0 0.897578439288 0.0
120.0 4.04042114327 1.0
4.0 1.01190481214 0.0
46.0 4.03303665157 1.0
5.0 0.959923613739 0.0
3.0 3.97530704005 1.0
25.0 4.05329219908 1.0
191.0 5.81003847224 1.0
6.0 1.0721338932 0.0
118.0 1.03990201668 0.0
129.0 0.944588803183 0.0
195.0 1.67195565042 1.0
122.0 4.03386292545 1.0
85.0 1.07431618532 0.0
127.0 0.980164549993 0.0
136.0 4.0469879721 1.0
160.0 9.03604425383 0.0
178.0 -4.08519897857 0.0
89.0 0.966876924576 0.0
29.0 3.89710416258 1.0
0.0 0.940273588037 0.0
133.0 1.04226422124 0.0
object 91	1.0:0.5 6.69345586469:0.5
117.0 6.76749158979 1.0
65.0 0.964581682187 0.0
129.0 0.967010777012 0.0
95.0 1.0210900206 0.0
21.0 0.968130627373 0.0
19.0 6.70822356827 1.0
11.0 6.66997005956 1.0
106.0 1.0781313215 0.0
72.0 0.968789495687 0.0
71.0 6.66474664493 1.0
167.0 6.40323141017 1.0
141.0 1.23807708063 0.0
74.0 6.706937027 1.0
99.0 1.0286195792 0.0
176.0 1.03600733963 0.0
79.0 6.65483499214 1.0
101.0 6.67724432123 1.0
157.0 -1.23857237125 1.0
35.0 6.81985577207 1.0
195.0 7.0538449695 1.0
150.0 -0.486404089454 0.0
39.0 6.74429865322 1.0
13.0 6.69034889285 1.0
121.0 0.937701217238 0.0
29.0 6.69885998106 1.0
object 92	1.0:0.5 9.26010115114:0.5
6.0 9.17277163124 1.0
59.0 9.2590905843 1.0
28.0 1.01296477589 0.0
17.0 1.06801844419 0.0
121.0 9.32601870413 1.0
57.0 9.24764464793 1.0
193.0 8.10215815426 0.0
40.0 1.00462355533 0.0
49.0 1.10166413442 0.0
186.0 5.01753515054 1.0
25.0 1.04387617767 0.0
126.0 1.14918386553 0.0
16.0 9.2796848153 1.0
5.0 1.08521991167 0.0
115.0 9.26488921639 1.0
9.0 1.03355365864 0.0
188.0 0.919252788791 0.0
61.0 9.22169818745 1.0
85.0 9.29942752868 1.0
154.0 11.0941754505 1.0
54.0 9.27160795213 1.0
14.0 9.30075835335 1.0
133.0 9.19083978315 1.0
45.0 1.00819126425 0.0
135.0 9.29858760982 1.0
77.0 0.93207602517 0.0
26.0 9.23690002509 1.0
46.0 9.32547323476 1.0
object 93	1.0:0.5 -11.8408108042:0.5
85.0 -11.720328796 1.0
47.0 -11.8578619844 1.0
42.0 -11.8226489022 1.0
54.0 -11.8241222312 1.0
53.0 -11.7911057904 1.0
189.0 -11.8367124739 1.0
163.0 0.982668514911 0.0
81.0 -11.960039144 1.0
65.0 0.871240422104 0.0
61.0 0.977469315054 0.0
126.0 -11.8170799948 1.0
172.0 8.63921839614 0.0
62.0 -11.8600175133 1.0
79.0 0.979893402637 0.0
107.0 -11.8719659449 1.0
1.0 -11.8602390834 1.0
187.0 -1.52273553588 0.0
36.0 -11.8342279095 1.0
82.0 -11.7708856088 1.0
145.0 -14.9473490508 1.0
156.0 0.624509486504 0.0
86.0 -11.9684264633 1.0
159.0 -11.6366840351 1.0
192.0 3.10956789529 0.0
142.0 -13.6376802318 1.0
130.0 1.00834741894 0.0
119.0 -11.8862523308 1.0
56.0 -11.8308259077 1.0
151.0 -14.9796293398 1.0
44.0 -11.8275983939 1.0
127.0 -11.7715560919 1.0
191.0 0.454088621121 0.0
176.0 -8.27298995307 1.0
38.0 -11.8814981777 1.0
123.0 -11.8703523066 1.0
object 94	1.0:0.5 -19.429364663:0.5
21.0 0.95793938117 0.0
79.0 -19.3689405277 1.0
55.0 -19.468860544 1.0
38.0 -19.4581397996 1.0
187.0 -16.9625237927 1.0
125.0 1.01765313107 0.0
133.0 1.0589735817 0.0
189.0 -21.3157484925 1.0
32.0 0.973397913767 0.0
148.0 0.614472436805 0.0
83.0 0.955134116001 0.0
100.0 1.03505531637 0.0
69.0 0.988723037538 0.0
87.0 1.04008575527 0.0
30.0 -19.32114241 1.0
124.0 0.945280710657 0.0
157.0 -4.91352416397 0.0
12.0 0.966150920404 0.0
51.0 -19.4457316105 1.0
36.0 -19.3234655746 1.0
97.0 0.929559394108 0.0
105.0 -19.4207821317 1.0
23.0 -19.4699621202 1.0
24.0 0.958495697367 0.0
42.0 0.95546685038 0.0
object 95	1.0:0.5 -14.1029465135:0.5
60.0 -14.2035830011 1.0
81.0 0.964809712999 0.0
67.0 -14.0230008967 1.0
45.0 -14.143405967 1.0
88.0 0.957094441202 0.0
188.0 -12.4776923115 1.0
116.0 -14.00750106 1.0
154.0 -15.4208353295 1.0
127.0 0.933731800348 0.0
141.0 4.04002565615 0.0
53.0 1.04125632285 0.0
8.0 0.965272667923 0.0
167.0 -0.0587644457524 0.0
38.0 -14.0789295707 1.0
156.0 -14.0319130035 1.0
111.0 -14.0720769598 1.0
object 96	1.0:0.5 12.177534755:0.5
184.0 -3.36999057438 0.0
140.0 5.0342991895 0.0
69.0 1.01505436074 0.0
189.0 -0.415797901289 0.0
160.0 14.7256248271 1.0
131.0 1.10882250531 0.0
126.0 0.955963051273 0.0
64.0 0.948798917056 0.0
68.0 12.1880906405 1.0
37.0 12.2419623894 1.0
180.0 12.2458171004 1.0
127.0 0.99628592426 0.0
118.0 12.1684550139 1.0
105.0 12.1961228007 1.0
object 97	1.0:0.5 2.02015359158:0.5
96.0 1.98331978327 1.0
173.0 3.19921456873 1.0
145.0 3.25287356475 1.0
126.0 1.98174240565 1.0
37.0 0.950947251547 0.0
39.0 1.91819648359 1.0
70.0 0.915902060882 0.0
36.0 0.98327692022 0.0
32.0 2.07982653186 1.0
10.0 1.98655932204 1.0
56.0 0.946854923655 0.0
174.0 3.08337619029 1.0
97.0 1.02235040549 0.0
66.0 0.992483697773 0.0
138.0 1.97444863198 1.0
44.0 1.03468020495 0.0
46.0 2.02394236035 1.0
75.0 0.977740944751 0.0
194.0 5.20971085486 1.0
80.0 2.14780001467 1.0
58.0 1.05476819498 0.0
71.0 1.97125660016 1.0
159.0 1.5196539059 1.0
object 98	1.0:0.5 -5.18115873046:0.5
87.0 1.04821221143 0.0
14.0 -5.13093154861 1.0
150.0 1.87439571646 0.0
191.0 5.39302856596 0.0
54.0 0.968188366681 0.0
184.0 -8.54247789485 1.0
15.0 -5.1275860536 1.0
174.0 2.60790314472 0.0
46.0 -5.22534789988 1.0
58.0 0.970262311329 0.0
43.0 0.938754244767 0.0
143.0 0.759597771919 0.0
135.0 -5.2297939068 1.0
2.0 -5.20101296488 1.0
157.0 13.664710401 0.0
161.0 2.06409874118 0.0
100.0 -5.21675250535 1.0
118.0 -5.16845842684 1.0
197.0 -11.2046518452 1.0
16.0 1.02787029702 0.0
0.0 1.00428673082 0.0
187.0 -4.58889234646 1.0
object 99	1.0:0.5 -2.54883746169:0.5
95.0 0.940650874256 0.0
139.0 -2.57227744211 1.0
68.0 -2.55425747721 1.0
173.0 3.10637819412 0.0
159.0 -2.43515404953 1.0
90.0 0.980185010381 0.0
167.0 0.685832319883 0.0
170.0 2.04581925954 0.0
55.0 -2.60729007135 1.0
81.0 -2.55343629251 1.0
192.0 -0.558530375443 1.0
135.0 -2.4974446447 1.0
122.0 -2.61783512626 1.0
162.0 1.38389791703 1.0
44.0 -2.49869969938 1.0
46.0 -2.53046448261 1.0
172.0 -4.80413119434 1.0
