object 0	1.0:1.0
103.0 0.996596665266 1.0
162.0 1.94149335996 1.0
145.0 0.964833965819 1.0
187.0 4.01598092773 1.0
object 1	1.0:1.0
78.0 1.01695269115 1.0
157.0 0.984971469419 1.0
13.0 1.02322223624 1.0
171.0 1.09267629798 1.0
185.0 1.92685534833 1.0
object 2	1.0:1.0
189.0 -1.64206994047 1.0
125.0 0.957447679727 1.0
2.0 0.946283288757 1.0
157.0 0.970826482204 1.0
object 3	1.0:1.0
127.0 1.01201296522 1.0
47.0 0.994650918655 1.0
53.0 0.943571316896 1.0
179.0 3.75802515274 1.0
object 4	1.0:1.0
63.0 1.01980254992 1.0
155.0 0.932911783268 1.0
178.0 1.09925842413 1.0
168.0 0.296701357437 1.0
25.0 1.00795483302 1.0
125.0 1.02479401369 1.0
object 5	1.0:1.0
191.0 0.702160331861 1.0
176.0 0.795595013509 1.0
111.0 0.923034451642 1.0
object 6	1.0:1.0
89.0 0.972924058656 1.0
35.0 1.02447168603 1.0
16.0 0.988531781461 1.0
184.0 2.91883277871 1.0
object 7	1.0:1.0
131.0 1.02795828624 1.0
141.0 0.995815082217 1.0
114.0 0.951868368408 1.0
110.0 1.03581830704 1.0
86.0 0.973475669674 1.0
171.0 3.85341119292 1.0
119.0 0.975182729262 1.0
188.0 0.659160828841 1.0
155.0 0.971752418401 1.0
object 8	1.0:1.0
112.0 0.967528330521 1.0
2.0 0.984421397552 1.0
157.0 1.02147187466 1.0
11.0 0.97296006292 1.0
194.0 6.80891953935 1.0
object 9	1.0:1.0
94.0 0.980458493703 1.0
93.0 0.973569342528 1.0
180.0 0.222584261068 1.0
56.0 0.995952537768 1.0
92.0 1.05587808883 1.0
72.0 1.00091709969 1.0
162.0 1.95601771966 1.0
104.0 1.02796891263 1.0
59.0 0.983324538909 1.0
60.0 1.00248393447 1.0
object 10	1.0:1.0
163.0 -0.262235560723 1.0
46.0 0.962455271132 1.0
186.0 7.74351092044 1.0
13.0 0.986996525619 1.0
176.0 0.573299583099 1.0
object 11	1.0:1.0
72.0 1.02098571188 1.0
148.0 1.02439238322 1.0
25.0 0.968566078225 1.0
154.0 1.02744095506 1.0
122.0 0.967080304341 1.0
80.0 1.01955350363 1.0
155.0 1.11041845383 1.0
108.0 0.99789253177 1.0
165.0 0.244337645218 1.0
object 12	1.0:1.0
87.0 0.994036687529 1.0
179.0 2.06605352333 1.0
2.0 0.931736667048 1.0
166.0 0.484062986789 1.0
115.0 1.00640984731 1.0
75.0 1.00425745685 1.0
138.0 0.987281602784 1.0
object 13	1.0:1.0
8.0 0.988860600296 1.0
0.0 1.02554430655 1.0
42.0 1.00750275558 1.0
139.0 1.05450548002 1.0
112.0 0.972754225804 1.0
68.0 1.0083116323 1.0
169.0 -0.892741969444 1.0
35.0 0.998189674323 1.0
150.0 1.00123507797 1.0
object 14	1.0:1.0
185.0 -3.85257966474 1.0
33.0 1.03491148979 1.0
148.0 1.0237570706 1.0
180.0 -1.51814604662 1.0
198.0 -0.720686850132 1.0
22.0 1.01607661927 1.0
40.0 0.980560207526 1.0
object 15	1.0:1.0
139.0 0.928512463335 1.0
137.0 1.00340552252 1.0
153.0 0.932537629404 1.0
157.0 0.995748096164 1.0
37.0 0.951680121534 1.0
125.0 1.02408146164 1.0
48.0 1.00212342876 1.0
object 16	1.0:1.0
109.0 0.932030267656 1.0
71.0 0.97395720596 1.0
163.0 3.14996175066 1.0
87.0 1.02602632943 1.0
object 17	1.0:1.0
61.0 0.98150371251 1.0
12.0 0.97146948124 1.0
171.0 0.785073904358 1.0
175.0 1.1633292643 1.0
object 18	1.0:1.0
24.0 1.06782586819 1.0
142.0 0.960890521697 1.0
143.0 1.02263940624 1.0
104.0 0.999536677961 1.0
105.0 0.978088939973 1.0
25.0 1.06510510977 1.0
object 19	1.0:1.0
22.0 0.974626401797 1.0
131.0 1.00503612947 1.0
67.0 0.953528452025 1.0
89.0 1.02209562657 1.0
199.0 2.62317739646 1.0
object 20	1.0:1.0
11.0 1.08845906881 1.0
52.0 0.997576410322 1.0
184.0 3.48984450791 1.0
109.0 1.02498439528 1.0
object 21	1.0:1.0
122.0 1.02678091053 1.0
94.0 0.995583906041 1.0
63.0 1.02458586532 1.0
117.0 0.938768380144 1.0
2.0 1.00116045918 1.0
179.0 -0.842207775423 1.0
object 22	1.0:1.0
62.0 1.00648274448 1.0
23.0 1.0447171176 1.0
196.0 4.5802533104 1.0
108.0 1.0122908833 1.0
102.0 1.0061331198 1.0
159.0 0.994796759771 1.0
37.0 0.99763392961 1.0
155.0 0.97750900992 1.0
195.0 1.17453364264 1.0
96.0 0.927888902114 1.0
object 23	1.0:1.0
68.0 1.04873245643 1.0
22.0 1.03139871046 1.0
object 24	1.0:1.0
131.0 1.0323422997 1.0
191.0 2.60028700526 1.0
19.0 1.036968695 1.0
158.0 1.00293460342 1.0
20.0 0.918547247719 1.0
object 25	1.0:1.0
44.0 0.979112933303 1.0
111.0 1.0053483373 1.0
87.0 1.01489064468 1.0
153.0 1.03287226183 1.0
142.0 0.951846367103 1.0
object 26	1.0:1.0
89.0 0.971459964421 1.0
28.0 0.964963433062 1.0
155.0 1.01686716885 1.0
148.0 1.00966398378 1.0
119.0 1.02854602765 1.0
34.0 1.03044614327 1.0
129.0 1.07294939401 1.0
object 27	1.0:1.0
52.0 0.998120363456 1.0
3.0 1.0252292555 1.0
78.0 0.997292850344 1.0
18.0 1.0192595106 1.0
7.0 1.04134252479 1.0
object 28	1.0:1.0
93.0 0.978116681241 1.0
191.0 2.46643937326 1.0
159.0 1.00378699167 1.0
52.0 0.969971250429 1.0
176.0 -1.27179581997 1.0
71.0 0.987801806658 1.0
46.0 0.997636328624 1.0
166.0 -1.23679890888 1.0
169.0 -0.215408131772 1.0
18.0 1.0077340839 1.0
143.0 1.00890185069 1.0
object 29	1.0:1.0
113.0 1.00820260102 1.0
178.0 1.12561782645 1.0
55.0 1.04462016539 1.0
122.0 0.982090994629 1.0
80.0 1.00021181771 1.0
24.0 0.995630176383 1.0
84.0 0.996813162322 1.0
object 30	1.0:1.0
16.0 0.986919992887 1.0
183.0 -3.58342957618 1.0
141.0 1.01462943111 1.0
74.0 0.967928292316 1.0
object 31	1.0:1.0
5.0 1.04639522883 1.0
93.0 0.957561007099 1.0
127.0 1.02912783145 1.0
33.0 0.954354531899 1.0
53.0 0.976268986227 1.0
29.0 0.995650102765 1.0
object 32	1.0:1.0
127.0 1.012114742 1.0
98.0 1.05315463968 1.0
17.0 1.02098805005 1.0
145.0 1.03828416386 1.0
object 33	1.0:1.0
112.0 0.988682480847 1.0
189.0 2.68144801691 1.0
43.0 1.0207991597 1.0
object 34	1.0:1.0
76.0 1.00224062977 1.0
116.0 1.00906429638 1.0
87.0 0.991028877602 1.0
167.0 -0.140994766135 1.0
object 35	1.0:1.0
78.0 1.02543096664 1.0
156.0 1.00333327029 1.0
79.0 1.0088405896 1.0
184.0 5.71375124049 1.0
object 36	1.0:1.0
100.0 1.06304078691 1.0
198.0 0.975183998317 1.0
164.0 -0.150746304391 1.0
143.0 0.997833306508 1.0
object 37	1.0:1.0
30.0 1.00602661672 1.0
164.0 2.31817203598 1.0
object 38	1.0:1.0
164.0 2.75938308166 1.0
4.0 0.993683875441 1.0
61.0 0.996222517593 1.0
129.0 0.976977621179 1.0
object 39	1.0:1.0
173.0 -6.25486038063 1.0
90.0 1.02665102871 1.0
34.0 1.01647853971 1.0
91.0 1.00790243079 1.0
162.0 1.85664920641 1.0
object 40	1.0:1.0
25.0 0.96653582539 1.0
182.0 -0.393074410996 1.0
127.0 0.999697338772 1.0
7.0 1.02420684811 1.0
39.0 1.00373041714 1.0
0.0 0.986969721032 1.0
119.0 1.0993620463 1.0
object 41	1.0:1.0
168.0 0.24809621034 1.0
100.0 0.982828829277 1.0
50.0 1.00593670025 1.0
object 42	1.0:1.0
105.0 1.02063406857 1.0
24.0 1.04855881237 1.0
65.0 0.912569125748 1.0
87.0 1.03704360731 1.0
113.0 0.995063004658 1.0
57.0 1.04521461927 1.0
102.0 0.981456102997 1.0
object 43	1.0:1.0
148.0 1.00405877659 1.0
156.0 0.999463987822 1.0
145.0 0.961883676564 1.0
37.0 1.010261893 1.0
41.0 0.987200532655 1.0
147.0 1.02537037759 1.0
object 44	1.0:1.0
105.0 0.985394445084 1.0
86.0 1.02595783176 1.0
3.0 1.00127045166 1.0
146.0 0.984948162442 1.0
object 45	1.0:1.0
144.0 0.986422883913 1.0
20.0 1.03370985406 1.0
84.0 1.01427275452 1.0
object 46	1.0:1.0
19.0 1.00522734043 1.0
13.0 1.00459980809 1.0
128.0 0.986283219149 1.0
object 47	1.0:1.0
100.0 1.00159047268 1.0
149.0 1.01575250226 1.0
90.0 1.03525244495 1.0
82.0 0.966679368499 1.0
141.0 0.955301960853 1.0
95.0 0.988816905577 1.0
object 48	1.0:1.0
1.0 0.87852869055 1.0
87.0 0.980998617992 1.0
5.0 0.996624638027 1.0
162.0 0.652796199433 1.0
object 49	1.0:1.0
48.0 0.988631198943 1.0
128.0 0.900636035584 1.0
70.0 0.972645073325 1.0
42.0 0.988555604334 1.0
168.0 7.09421918633 1.0
174.0 1.39379031117 1.0
72.0 0.977620954153 1.0
183.0 0.876872897178 1.0
43.0 0.9734965235 1.0
object 50	1.0:1.0
77.0 1.04252259055 1.0
18.0 1.00290480174 1.0
object 51	1.0:1.0
83.0 1.00423463915 1.0
31.0 1.01049003214 1.0
object 52	1.0:1.0
20.0 0.948667592975 1.0
146.0 0.987901391439 1.0
116.0 1.07232903031 1.0
152.0 0.997013884399 1.0
95.0 0.998113784952 1.0
109.0 1.05035044402 1.0
4.0 0.977517274819 1.0
object 53	1.0:1.0
47.0 1.00146993865 1.0
80.0 1.01314068871 1.0
179.0 1.37988675582 1.0
195.0 -0.913777919521 1.0
19.0 1.03321037581 1.0
53.0 1.00137556324 1.0
object 54	1.0:1.0
104.0 1.02028189556 1.0
159.0 0.989924402077 1.0
78.0 0.961206668909 1.0
151.0 0.975387188388 1.0
76.0 1.06519120539 1.0
62.0 1.00251212749 1.0
171.0 -0.990183994131 1.0
object 55	1.0:1.0
9.0 1.02312030703 1.0
103.0 1.00343147984 1.0
141.0 0.963752760887 1.0
113.0 1.05200580525 1.0
184.0 1.2624858383 1.0
155.0 0.942745627437 1.0
29.0 1.03058138973 1.0
object 56	1.0:1.0
14.0 0.975116794075 1.0
179.0 -5.31285474941 1.0
20.0 1.05036147462 1.0
131.0 1.01133967876 1.0
123.0 1.00315859231 1.0
171.0 0.650582854242 1.0
object 57	1.0:1.0
124.0 0.982542096128 1.0
15.0 0.985852827247 1.0
196.0 5.04911530161 1.0
138.0 1.01790959152 1.0
108.0 1.08128956127 1.0
object 58	1.0:1.0
128.0 1.04049932708 1.0
38.0 1.02353813574 1.0
44.0 1.00296303966 1.0
72.0 1.0303675135 1.0
object 59	1.0:1.0
153.0 1.00546546595 1.0
62.0 1.01088225171 1.0
86.0 0.986402967969 1.0
191.0 1.70547461966 1.0
object 60	1.0:1.0
120.0 1.01481910123 1.0
31.0 0.986715393686 1.0
94.0 0.988859749744 1.0
65.0 0.977988909285 1.0
object 61	1.0:1.0
199.0 5.01574176889 1.0
27.0 0.990925891261 1.0
83.0 0.998905035449 1.0
52.0 0.971677059787 1.0
161.0 2.32960184305 1.0
object 62	1.0:1.0
40.0 1.01851034893 1.0
195.0 3.76034659406 1.0
63.0 1.00196407191 1.0
33.0 1.01256861164 1.0
19.0 0.975472038337 1.0
48.0 0.982343792575 1.0
138.0 0.986057767722 1.0
191.0 -0.54320542526 1.0
166.0 2.81361698998 1.0
132.0 0.978854933572 1.0
object 63	1.0:1.0
142.0 0.953544666485 1.0
65.0 0.988602594853 1.0
95.0 1.02168447995 1.0
15.0 0.943905105346 1.0
57.0 0.952150516333 1.0
161.0 -1.439945716 1.0
192.0 -2.19379533388 1.0
object 64	1.0:1.0
77.0 0.997946588635 1.0
5.0 0.997153284677 1.0
106.0 0.99897291741 1.0
85.0 0.96853714012 1.0
52.0 1.02557122209 1.0
object 65	1.0:1.0
88.0 0.963514751157 1.0
79.0 0.996634843375 1.0
168.0 4.3892755702 1.0
139.0 0.97810480192 1.0
object 66	1.0:1.0
72.0 0.994352669458 1.0
181.0 1.99676378336 1.0
125.0 1.03187208806 1.0
59.0 0.990973034722 1.0
39.0 1.02906220883 1.0
object 67	1.0:1.0
57.0 0.969874531391 1.0
7.0 1.01850948537 1.0
83.0 0.992861466171 1.0
61.0 1.01609531565 1.0
object 68	1.0:1.0
76.0 0.982107501331 1.0
80.0 1.00399494716 1.0
object 69	1.0:1.0
162.0 0.310361844296 1.0
54.0 1.00554368072 1.0
object 70	1.0:1.0
136.0 0.989864748162 1.0
5.0 1.000113852 1.0
38.0 1.00792557282 1.0
190.0 -0.226640623932 1.0
127.0 0.962241691796 1.0
61.0 0.956018938605 1.0
object 71	1.0:1.0
27.0 1.00659030386 1.0
101.0 1.00845278097 1.0
152.0 1.04158499549 1.0
198.0 1.37348772411 1.0
133.0 1.02475732825 1.0
31.0 0.970595505515 1.0
109.0 1.03421647204 1.0
124.0 1.02197484948 1.0
object 72	1.0:1.0
57.0 0.979004698087 1.0
182.0 -0.370298553886 1.0
34.0 1.00577434645 1.0
68.0 1.01246488562 1.0
object 73	1.0:1.0
130.0 0.962274995794 1.0
49.0 0.976920695553 1.0
134.0 0.987862921426 1.0
100.0 0.976703493278 1.0
37.0 1.05079411063 1.0
144.0 1.01285890793 1.0
98.0 0.966406409037 1.0
95.0 1.08730575548 1.0
object 74	1.0:1.0
49.0 1.07930766045 1.0
84.0 0.996835882868 1.0
58.0 1.04909444118 1.0
26.0 0.96597511574 1.0
3.0 1.0051715179 1.0
67.0 1.01281643568 1.0
183.0 -0.609443104742 1.0
166.0 -2.86629664351 1.0
object 75	1.0:1.0
48.0 0.9698868634 1.0
47.0 1.00026951666 1.0
18.0 0.983573561187 1.0
27.0 0.997839751683 1.0
108.0 1.05418619398 1.0
77.0 0.986668445232 1.0
object 76	1.0:1.0
178.0 0.863275896074 1.0
22.0 1.03341214036 1.0
object 77	1.0:1.0
172.0 1.25372748672 1.0
159.0 1.00080263841 1.0
51.0 1.02612195133 1.0
115.0 0.919031565859 1.0
197.0 0.896104297873 1.0
object 78	1.0:1.0
13.0 0.957776458263 1.0
185.0 3.26155040725 1.0
55.0 1.00138884954 1.0
104.0 1.03523947707 1.0
196.0 -2.41946682186 1.0
180.0 0.195835484714 1.0
object 79	1.0:1.0
158.0 1.01087342619 1.0
92.0 0.968513379775 1.0
122.0 0.955696130959 1.0
21.0 0.990522855302 1.0
125.0 1.02319781093 1.0
75.0 1.06711528494 1.0
143.0 0.981082501671 1.0
object 80	1.0:1.0
132.0 0.940093576829 1.0
22.0 1.05193663634 1.0
62.0 0.978100473484 1.0
49.0 0.928013235367 1.0
124.0 0.963664905017 1.0
161.0 -0.511540088596 1.0
object 81	1.0:1.0
27.0 1.01243184005 1.0
188.0 3.68492297102 1.0
object 82	1.0:1.0
0.0 1.03745960572 1.0
137.0 1.03244060719 1.0
25.0 0.999878013152 1.0
133.0 0.964862032825 1.0
169.0 0.517953422086 1.0
object 83	1.0:1.0
173.0 -4.98217595387 1.0
120.0 1.02327034984 1.0
83.0 1.01235459269 1.0
55.0 1.05884160556 1.0
194.0 2.50312925138 1.0
object 84	1.0:1.0
153.0 0.997246674436 1.0
39.0 1.0162733976 1.0
131.0 0.9995702892 1.0
73.0 1.01079505941 1.0
object 85	1.0:1.0
192.0 2.65764370687 1.0
198.0 0.094305867385 1.0
102.0 0.988415620224 1.0
179.0 0.374360916127 1.0
145.0 1.03693064613 1.0
150.0 0.969854864685 1.0
74.0 1.01053724843 1.0
170.0 0.292456034063 1.0
144.0 0.938816022698 1.0
object 86	1.0:1.0
121.0 0.984606019526 1.0
172.0 1.27615188628 1.0
105.0 1.00416362414 1.0
67.0 0.991894695453 1.0
196.0 -3.47293246442 1.0
131.0 1.01171808805 1.0
199.0 -4.73757883114 1.0
117.0 0.979560919322 1.0
8.0 1.02648965869 1.0
127.0 0.983029153607 1.0
object 87	1.0:1.0
142.0 1.05477940123 1.0
20.0 0.992148949615 1.0
104.0 1.00989969733 1.0
126.0 0.979115265333 1.0
59.0 0.985556762439 1.0
44.0 1.02323516672 1.0
object 88	1.0:1.0
190.0 0.97865158809 1.0
41.0 1.07105933972 1.0
8.0 0.995130889982 1.0
31.0 1.03159292247 1.0
152.0 0.995805338298 1.0
73.0 1.0209132194 1.0
50.0 1.02188364513 1.0
57.0 1.0081469825 1.0
145.0 0.999007163425 1.0
object 89	1.0:1.0
122.0 1.04340107359 1.0
105.0 1.00624387047 1.0
110.0 1.00391479877 1.0
29.0 1.0747676427 1.0
163.0 2.0071657172 1.0
183.0 -0.696583563873 1.0
125.0 0.958115302236 1.0
object 90	1.0:1.0
39.0 0.993247145456 1.0
3.0 0.981905639303 1.0
4.0 1.0335958985 1.0
198.0 3.91701466072 1.0
139.0 0.994540250887 1.0
118.0 0.991608478211 1.0
194.0 5.13702054611 1.0
46.0 0.961722750639 1.0
object 91	1.0:1.0
136.0 0.986529293829 1.0
133.0 0.98546836738 1.0
161.0 3.15523102639 1.0
50.0 0.99165137031 1.0
object 92	1.0:1.0
40.0 1.03592653793 1.0
135.0 0.983161407494 1.0
object 93	1.0:1.0
192.0 1.14152874912 1.0
102.0 0.979279937692 1.0
0.0 0.983359776438 1.0
object 94	1.0:1.0
81.0 1.00188450321 1.0
86.0 1.0476394948 1.0
169.0 1.50274982706 1.0
106.0 0.982391206514 1.0
object 95	1.0:1.0
24.0 1.03185333115 1.0
58.0 0.981672969135 1.0
63.0 1.00522658122 1.0
object 96	1.0:1.0
136.0 0.984100739209 1.0
192.0 -2.3646916226 1.0
67.0 1.00047551163 1.0
41.0 0.959050364305 1.0
193.0 0.709575165085 1.0
160.0 0.273485800295 1.0
102.0 0.977575420478 1.0
158.0 0.95535060036 1.0
object 97	1.0:1.0
27.0 1.00235101869 1.0
53.0 1.00648108239 1.0
object 98	1.0:1.0
169.0 1.66454424595 1.0
190.0 1.0297880998 1.0
59.0 1.0218942135 1.0
21.0 1.01073019214 1.0
object 99	1.0:1.0
170.0 2.41656936033 1.0
126.0 1.03807217054 1.0
