object 0	1.0:1.0
12.0 0.996978197646 1.0
6.0 1.02260752781 1.0
163.0 -2.44829467319 1.0
141.0 1.00684974591 1.0
2.0 0.99036811718 1.0
124.0 0.984825954421 1.0
67.0 0.984943947259 1.0
17.0 0.99956523502 1.0
167.0 -2.02076420808 1.0
98.0 0.97191029283 1.0
197.0 1.46664150133 1.0
147.0 1.04656895245 1.0
object 1	1.0:1.0
181.0 0.422304341981 1.0
151.0 0.999658454461 1.0
0.0 1.00008058751 1.0
1.0 0.988800756713 1.0
87.0 1.00038302863 1.0
object 2	1.0:1.0
107.0 0.976553346619 1.0
23.0 1.00186892486 1.0
8.0 1.0017096796 1.0
177.0 5.81992710396 1.0
object 3	1.0:1.0
78.0 1.01853245786 1.0
196.0 -1.09846174373 1.0
67.0 0.982949484339 1.0
104.0 0.998147741556 1.0
object 4	1.0:1.0
68.0 0.967537388019 1.0
81.0 1.02833263124 1.0
1.0 0.882668737651 1.0
40.0 0.983476386102 1.0
88.0 0.999062594207 1.0
140.0 0.985268300162 1.0
object 5	1.0:1.0
59.0 0.988832602885 1.0
106.0 0.98730431047 1.0
14.0 0.998809047729 1.0
13.0 1.03029803227 1.0
119.0 1.04448470965 1.0
131.0 1.00560087221 1.0
105.0 1.02858932638 1.0
47.0 0.993373854461 1.0
object 6	1.0:1.0
181.0 -0.0874462472855 1.0
111.0 1.01057674901 1.0
144.0 1.00446229409 1.0
35.0 1.015176067 1.0
object 7	1.0:1.0
94.0 1.04903763474 1.0
120.0 0.995792193366 1.0
object 8	1.0:1.0
22.0 0.993090717765 1.0
44.0 0.992530199913 1.0
187.0 1.96166092571 1.0
80.0 0.922783214841 1.0
141.0 1.00395129983 1.0
117.0 1.01501090724 1.0
151.0 1.00059508298 1.0
96.0 0.994370200708 1.0
object 9	1.0:1.0
119.0 0.921071685211 1.0
125.0 1.01149243332 1.0
30.0 1.05893532984 1.0
73.0 0.938318262692 1.0
90.0 1.07416012495 1.0
object 10	1.0:1.0
182.0 0.737351349236 1.0
153.0 0.981236673386 1.0
171.0 -1.66302502722 1.0
object 11	1.0:1.0
32.0 0.983856508826 1.0
112.0 1.00037816108 1.0
173.0 3.05177495314 1.0
97.0 1.0265197216 1.0
114.0 1.01265407426 1.0
object 12	1.0:1.0
36.0 0.974979530387 1.0
146.0 1.00072337106 1.0
39.0 0.968513519506 1.0
19.0 0.974773516226 1.0
57.0 0.996245310933 1.0
object 13	1.0:1.0
10.0 0.998520770911 1.0
106.0 0.978066063703 1.0
36.0 1.00275104712 1.0
object 14	1.0:1.0
197.0 3.85446580789 1.0
80.0 0.99124424838 1.0
157.0 0.945206970447 1.0
194.0 -0.466210254769 1.0
object 15	1.0:1.0
193.0 0.311451299642 1.0
104.0 0.979354324072 1.0
63.0 0.993982741018 1.0
178.0 -0.435717894305 1.0
141.0 1.01073458933 1.0
object 16	1.0:1.0
109.0 0.99086372274 1.0
146.0 1.00585257901 1.0
32.0 1.01553177739 1.0
117.0 0.999415537846 1.0
121.0 1.01843784909 1.0
107.0 1.00070717292 1.0
object 17	1.0:1.0
84.0 1.01237745598 1.0
124.0 1.00374210555 1.0
127.0 0.958034879713 1.0
139.0 1.03410521443 1.0
object 18	1.0:1.0
159.0 1.03474313724 1.0
112.0 1.03253455544 1.0
80.0 0.998654189145 1.0
185.0 -2.46558238128 1.0
55.0 1.00423771308 1.0
13.0 1.01630549949 1.0
object 19	1.0:1.0
68.0 0.995179727768 1.0
65.0 0.99831261373 1.0
165.0 5.14313648753 1.0
86.0 0.98715820968 1.0
49.0 0.91679992331 1.0
47.0 0.996427704655 1.0
object 20	1.0:1.0
122.0 0.979346186148 1.0
124.0 0.940329302007 1.0
0.0 0.982483864336 1.0
object 21	1.0:1.0
95.0 0.980624253606 1.0
155.0 1.00000492292 1.0
121.0 0.9816157059 1.0
32.0 0.990484025756 1.0
153.0 0.992354643276 1.0
object 22	1.0:1.0
75.0 1.0142626471 1.0
192.0 3.13896233291 1.0
object 23	1.0:1.0
26.0 1.01285114319 1.0
34.0 1.02104413987 1.0
52.0 1.03671363272 1.0
115.0 1.05293092666 1.0
140.0 0.986634115309 1.0
object 24	1.0:1.0
48.0 0.963260835477 1.0
191.0 2.17339779262 1.0
137.0 1.00290543193 1.0
40.0 0.937865190315 1.0
105.0 1.03969280617 1.0
128.0 0.937746624707 1.0
168.0 2.04246317225 1.0
object 25	1.0:1.0
33.0 0.988149106737 1.0
173.0 -2.45480196075 1.0
133.0 0.966433298895 1.0
object 26	1.0:1.0
118.0 1.02555453218 1.0
165.0 0.0808211907064 1.0
10.0 1.00060280535 1.0
object 27	1.0:1.0
80.0 1.02234926898 1.0
26.0 1.00681492794 1.0
object 28	1.0:1.0
146.0 0.999924311195 1.0
188.0 -1.32339598402 1.0
38.0 1.00824604987 1.0
102.0 1.01430703765 1.0
196.0 0.753554316785 1.0
object 29	1.0:1.0
123.0 0.973531119641 1.0
82.0 1.02561794346 1.0
161.0 -1.47252563554 1.0
136.0 1.00127460076 1.0
110.0 0.999126957635 1.0
object 30	1.0:1.0
80.0 1.04886402579 1.0
141.0 1.02883892175 1.0
123.0 0.999908244989 1.0
131.0 0.99397597814 1.0
132.0 0.951020884897 1.0
object 31	1.0:1.0
53.0 1.01788277696 1.0
152.0 1.00181110141 1.0
77.0 1.03715942623 1.0
147.0 0.994928730633 1.0
14.0 1.03219032377 1.0
166.0 2.86159827815 1.0
object 32	1.0:1.0
117.0 0.989981605827 1.0
107.0 1.02434157629 1.0
124.0 1.00278607037 1.0
130.0 0.998215877159 1.0
4.0 1.03762408777 1.0
object 33	1.0:1.0
0.0 1.00334929127 1.0
52.0 1.00848117196 1.0
56.0 1.01232600961 1.0
37.0 0.996405315245 1.0
189.0 -0.767519884359 1.0
object 34	1.0:1.0
78.0 0.972228990872 1.0
129.0 0.98293746416 1.0
107.0 0.924762008414 1.0
160.0 2.14090557443 1.0
28.0 1.01785713073 1.0
object 35	1.0:1.0
118.0 1.02992872412 1.0
131.0 0.998696198029 1.0
58.0 0.989000044422 1.0
83.0 1.00050666329 1.0
22.0 0.994623662394 1.0
198.0 -4.37671163094 1.0
72.0 1.07838509471 1.0
84.0 1.01394875927 1.0
object 36	1.0:1.0
8.0 0.996319898314 1.0
65.0 1.0180699638 1.0
163.0 -2.60092479118 1.0
182.0 2.64712050827 1.0
35.0 0.982342023956 1.0
object 37	1.0:1.0
22.0 1.00135833563 1.0
157.0 1.02046162847 1.0
0.0 1.00489766152 1.0
16.0 0.989018495335 1.0
68.0 1.01311226896 1.0
object 38	1.0:1.0
79.0 1.02385349267 1.0
75.0 0.975152163066 1.0
3.0 0.999673010529 1.0
83.0 0.98724396536 1.0
98.0 0.997019570597 1.0
92.0 0.973471678555 1.0
9.0 0.988646186677 1.0
43.0 0.979612219765 1.0
99.0 0.986639700472 1.0
object 39	1.0:1.0
57.0 0.995369580139 1.0
144.0 1.00998998521 1.0
26.0 0.986970657536 1.0
143.0 0.975761974176 1.0
169.0 1.93383360107 1.0
13.0 0.967712257641 1.0
189.0 -5.62504905391 1.0
139.0 0.961343713888 1.0
174.0 -0.534595071518 1.0
45.0 0.979011397577 1.0
2.0 1.02114563272 1.0
161.0 -0.572456172243 1.0
object 40	1.0:1.0
63.0 0.99097937987 1.0
31.0 1.01132999438 1.0
112.0 0.980457745628 1.0
143.0 0.990100092288 1.0
45.0 0.981699973129 1.0
object 41	1.0:1.0
142.0 0.993399849267 1.0
32.0 1.00608395793 1.0
57.0 0.99028162506 1.0
107.0 1.01053532762 1.0
151.0 0.992583187243 1.0
object 42	1.0:1.0
101.0 0.946870383082 1.0
177.0 1.85603670453 1.0
162.0 -1.96821348354 1.0
102.0 1.00329773868 1.0
object 43	1.0:1.0
88.0 1.00623190347 1.0
184.0 -0.276760024374 1.0
190.0 -1.67051654398 1.0
199.0 0.561685612483 1.0
75.0 0.960826154801 1.0
10.0 0.998606627964 1.0
100.0 0.996064271924 1.0
object 44	1.0:1.0
153.0 0.983944998 1.0
55.0 0.993273535695 1.0
94.0 0.986135786812 1.0
166.0 -2.03644091238 1.0
151.0 1.01852136703 1.0
130.0 0.961097910776 1.0
121.0 1.02750770299 1.0
18.0 0.96359520066 1.0
51.0 1.07382849707 1.0
object 45	1.0:1.0
76.0 0.974324185872 1.0
8.0 1.0174377378 1.0
18.0 0.970867517198 1.0
73.0 1.05475532179 1.0
138.0 0.969553024154 1.0
object 46	1.0:1.0
34.0 1.01518107754 1.0
165.0 2.43608647826 1.0
116.0 0.992119280605 1.0
196.0 5.41893915316 1.0
object 47	1.0:1.0
84.0 1.0146803373 1.0
10.0 0.977612988332 1.0
149.0 0.983664637414 1.0
181.0 1.16834646381 1.0
112.0 0.991829281767 1.0
object 48	1.0:1.0
158.0 0.999051486702 1.0
118.0 0.984828524105 1.0
159.0 0.991179367485 1.0
9.0 1.00231677031 1.0
64.0 0.900070360735 1.0
171.0 -4.14254627113 1.0
147.0 0.997434309539 1.0
37.0 0.979770637026 1.0
object 49	1.0:1.0
2.0 0.998676729008 1.0
166.0 1.47760514744 1.0
28.0 0.998777411894 1.0
54.0 0.986505898336 1.0
170.0 -6.2758816841 1.0
96.0 1.01190955732 1.0
33.0 0.986806004995 1.0
object 50	1.0:1.0
33.0 1.0158269579 1.0
179.0 11.5048648119 1.0
22.0 1.01170651622 1.0
38.0 1.01274550456 1.0
114.0 0.994309513314 1.0
53.0 0.998093356145 1.0
object 51	1.0:1.0
188.0 1.22931318152 1.0
92.0 0.89735274836 1.0
102.0 0.990586183189 1.0
46.0 0.983244049058 1.0
17.0 0.992707092548 1.0
3.0 1.01136786726 1.0
9.0 0.995619289693 1.0
120.0 0.982741769031 1.0
object 52	1.0:1.0
79.0 0.931174662642 1.0
54.0 1.03849990318 1.0
189.0 -0.744095866663 1.0
158.0 1.01724848975 1.0
44.0 0.96853483561 1.0
object 53	1.0:1.0
64.0 0.900124876618 1.0
10.0 0.979948800689 1.0
79.0 0.984548239548 1.0
91.0 0.973864647182 1.0
168.0 1.82831587202 1.0
60.0 0.96331308519 1.0
125.0 0.993876109024 1.0
138.0 1.07204194377 1.0
30.0 0.99180417472 1.0
object 54	1.0:1.0
51.0 0.958674062786 1.0
195.0 1.15738595187 1.0
128.0 1.00655022665 1.0
144.0 1.0427199459 1.0
31.0 1.01565232241 1.0
44.0 0.971297120902 1.0
162.0 5.92826879051 1.0
16.0 0.987097855217 1.0
185.0 2.81539951787 1.0
137.0 0.971842874395 1.0
object 55	1.0:1.0
122.0 0.97741607869 1.0
89.0 0.991770779541 1.0
107.0 0.982315565378 1.0
127.0 0.961232615305 1.0
11.0 1.00773810891 1.0
99.0 1.05456885872 1.0
62.0 0.991756077797 1.0
18.0 1.05512226918 1.0
119.0 0.921015461161 1.0
object 56	1.0:1.0
120.0 0.987005341489 1.0
195.0 -3.10036724298 1.0
7.0 0.977261384217 1.0
86.0 1.02304127118 1.0
object 57	1.0:1.0
183.0 0.19747913772 1.0
40.0 1.01642800469 1.0
180.0 3.46598380746 1.0
13.0 1.02340008598 1.0
152.0 1.04541971597 1.0
object 58	1.0:1.0
140.0 1.09504341609 1.0
61.0 1.02915752525 1.0
10.0 1.00476485626 1.0
175.0 0.702936844536 1.0
168.0 -1.57747453836 1.0
48.0 1.0663874818 1.0
33.0 1.01581626362 1.0
object 59	1.0:1.0
87.0 0.986770470643 1.0
165.0 0.46000648423 1.0
object 60	1.0:1.0
52.0 0.980752654313 1.0
50.0 0.982871394204 1.0
53.0 1.00709321396 1.0
18.0 1.03997142447 1.0
object 61	1.0:1.0
24.0 1.00730429343 1.0
189.0 2.9691072082 1.0
13.0 1.00421810522 1.0
115.0 1.0051450532 1.0
152.0 1.03670822151 1.0
111.0 0.992374919775 1.0
42.0 1.06265825918 1.0
object 62	1.0:1.0
156.0 1.02928262097 1.0
44.0 1.00050271616 1.0
object 63	1.0:1.0
192.0 0.614891840925 1.0
146.0 0.989958991547 1.0
102.0 0.986213923593 1.0
object 64	1.0:1.0
22.0 0.993363327943 1.0
72.0 0.999283311119 1.0
5.0 0.939407428528 1.0
57.0 0.995609698511 1.0
10.0 1.00080664044 1.0
178.0 3.40262016317 1.0
object 65	1.0:1.0
186.0 -5.13586345739 1.0
37.0 1.01443420265 1.0
18.0 1.00538713542 1.0
61.0 1.00660987727 1.0
154.0 0.998349680142 1.0
43.0 0.971710708058 1.0
object 66	1.0:1.0
52.0 0.951158521777 1.0
113.0 1.02011986373 1.0
88.0 0.995526931276 1.0
24.0 1.02515458349 1.0
101.0 0.882141940431 1.0
195.0 5.51806572621 1.0
object 67	1.0:1.0
180.0 1.22622937343 1.0
127.0 0.962511638174 1.0
19.0 0.967312563426 1.0
object 68	1.0:1.0
37.0 1.0421725145 1.0
82.0 0.976720010388 1.0
199.0 1.17409567175 1.0
object 69	1.0:1.0
84.0 1.02137896452 1.0
34.0 1.00608712134 1.0
80.0 0.927293906959 1.0
29.0 0.983773790225 1.0
object 70	1.0:1.0
194.0 2.27400744328 1.0
110.0 0.990178611662 1.0
76.0 1.01621995924 1.0
85.0 1.03760859535 1.0
object 71	1.0:1.0
123.0 1.02846413554 1.0
154.0 1.00419855831 1.0
object 72	1.0:1.0
185.0 4.77579083574 1.0
3.0 0.989981075792 1.0
16.0 0.999586450184 1.0
170.0 -3.46270834142 1.0
165.0 0.18666780054 1.0
object 73	1.0:1.0
16.0 0.982601588878 1.0
189.0 -1.47056997866 1.0
20.0 0.996764854669 1.0
28.0 0.941855513495 1.0
49.0 0.97527636687 1.0
134.0 0.971709944152 1.0
object 74	1.0:1.0
115.0 0.970140466574 1.0
51.0 1.03268577311 1.0
163.0 2.16518911251 1.0
44.0 1.00994331868 1.0
177.0 0.220867672823 1.0
object 75	1.0:1.0
8.0 0.989838539726 1.0
51.0 0.991782674329 1.0
131.0 1.01245906996 1.0
61.0 1.00878285294 1.0
object 76	1.0:1.0
19.0 1.0291346926 1.0
58.0 1.02113794713 1.0
142.0 1.01242823651 1.0
33.0 1.00191169058 1.0
51.0 0.992219213251 1.0
154.0 0.970548130132 1.0
167.0 1.46540957729 1.0
object 77	1.0:1.0
157.0 0.912953394379 1.0
177.0 -2.86795063939 1.0
40.0 1.03367062201 1.0
object 78	1.0:1.0
141.0 1.00984080993 1.0
195.0 6.4685748967 1.0
39.0 0.99491264255 1.0
19.0 0.995978363031 1.0
64.0 1.02969378524 1.0
137.0 0.975264756429 1.0
154.0 0.983650715399 1.0
67.0 1.00840434261 1.0
123.0 1.0445469383 1.0
75.0 1.04633228235 1.0
object 79	1.0:1.0
78.0 0.987497543306 1.0
178.0 -0.634572532517 1.0
150.0 0.960165704269 1.0
42.0 0.940334940714 1.0
129.0 0.973872880487 1.0
31.0 1.00956974183 1.0
125.0 0.944677124549 1.0
136.0 1.00677346842 1.0
object 80	1.0:1.0
21.0 0.988287027781 1.0
69.0 1.00031758004 1.0
26.0 1.01492440535 1.0
object 81	1.0:1.0
3.0 0.987545169503 1.0
51.0 1.04781157181 1.0
object 82	1.0:1.0
17.0 0.985113675415 1.0
8.0 1.0274756476 1.0
1.0 0.982589758653 1.0
167.0 3.20926167398 1.0
object 83	1.0:1.0
86.0 1.02608795053 1.0
41.0 1.01330882747 1.0
65.0 1.00236942439 1.0
68.0 0.911292396799 1.0
30.0 1.06088213083 1.0
9.0 0.986908095693 1.0
object 84	1.0:1.0
170.0 2.37605970652 1.0
152.0 0.956508747265 1.0
189.0 -4.55150055134 1.0
object 85	1.0:1.0
54.0 1.06262170037 1.0
31.0 1.02363391426 1.0
91.0 1.04192034535 1.0
55.0 1.0047290132 1.0
159.0 1.02669896221 1.0
174.0 4.51725498929 1.0
106.0 0.985292628642 1.0
42.0 1.05546840698 1.0
180.0 -0.961576752006 1.0
object 86	1.0:1.0
110.0 1.00133370078 1.0
100.0 0.999799933943 1.0
145.0 0.983998721682 1.0
108.0 1.04924063286 1.0
58.0 0.981776077677 1.0
object 87	1.0:1.0
7.0 1.00734151121 1.0
128.0 0.986009878652 1.0
183.0 -3.15473583022 1.0
11.0 0.993436457094 1.0
24.0 1.03176303463 1.0
127.0 1.01840112454 1.0
165.0 -0.286280848261 1.0
object 88	1.0:1.0
121.0 1.02689950741 1.0
136.0 1.00122567842 1.0
object 89	1.0:1.0
83.0 1.01647765335 1.0
160.0 -0.90655318939 1.0
object 90	1.0:1.0
188.0 -0.307960484314 1.0
30.0 1.03760168876 1.0
172.0 1.31440230359 1.0
106.0 0.995171987119 1.0
65.0 1.02153387916 1.0
163.0 2.72739046619 1.0
79.0 1.01798374877 1.0
66.0 0.957113139893 1.0
object 91	1.0:1.0
155.0 1.02342800181 1.0
95.0 1.01667495548 1.0
158.0 1.01158848059 1.0
191.0 2.48671338587 1.0
38.0 1.04452896109 1.0
object 92	1.0:1.0
56.0 0.9903379548 1.0
78.0 1.00906760133 1.0
47.0 1.00351199868 1.0
168.0 2.53651667923 1.0
10.0 0.99730375164 1.0
object 93	1.0:1.0
157.0 0.940255331554 1.0
6.0 0.978237278582 1.0
22.0 0.995092038192 1.0
111.0 0.977174267125 1.0
object 94	1.0:1.0
100.0 0.957282361561 1.0
147.0 0.982556967276 1.0
109.0 1.01974897813 1.0
162.0 -0.811848567279 1.0
62.0 0.975368813741 1.0
object 95	1.0:1.0
198.0 1.56220631035 1.0
178.0 1.44033547899 1.0
119.0 0.953849722437 1.0
92.0 0.984584809487 1.0
110.0 0.996930641798 1.0
185.0 1.54333345562 1.0
191.0 -4.57265546058 1.0
61.0 1.00526130201 1.0
27.0 0.938546797038 1.0
161.0 2.56421735288 1.0
object 96	1.0:1.0
78.0 1.02234578212 1.0
197.0 1.56457675701 1.0
129.0 1.00199342488 1.0
106.0 1.02300876276 1.0
10.0 0.995467350191 1.0
86.0 1.01874897834 1.0
191.0 -0.694508913081 1.0
37.0 1.01311191945 1.0
object 97	1.0:1.0
96.0 0.993012800618 1.0
72.0 0.957494952145 1.0
171.0 8.03125307113 1.0
object 98	1.0:1.0
90.0 1.0601784451 1.0
153.0 0.9853616246 1.0
146.0 0.979802048684 1.0
object 99	1.0:1.0
195.0 -3.97110878023 1.0
151.0 1.02466128897 1.0
37.0 1.03169026664 1.0
160.0 -4.13535459659 1.0
66.0 0.988558385716 1.0
22.0 1.01664832475 1.0
180.0 1.40266120874 1.0
110.0 1.00948057612 1.0
