object 0	1.0:1.0
190.0 7.42796912777 1.0
44.0 1.01707435989 1.0
97.0 0.961641468991 1.0
179.0 0.994309762866 1.0
109.0 1.03070283296 1.0
187.0 0.939192633243 1.0
72.0 0.950547153281 1.0
178.0 0.991045596395 1.0
object 1	1.0:1.0
174.0 0.986282914599 1.0
119.0 1.0048644289 1.0
42.0 1.06904726833 1.0
143.0 0.986151972146 1.0
180.0 3.22740152188 1.0
object 2	1.0:1.0
93.0 0.980468401666 1.0
2.0 0.982935141857 1.0
95.0 0.964251984098 1.0
75.0 0.970852909726 1.0
66.0 1.04318844264 1.0
56.0 0.984206788189 1.0
26.0 0.996311498629 1.0
41.0 1.07690078148 1.0
196.0 -5.19859953983 1.0
11.0 0.937202303191 1.0
object 3	1.0:1.0
125.0 1.02276618777 1.0
4.0 0.993101286393 1.0
56.0 1.0397488422 1.0
126.0 0.952009128856 1.0
15.0 0.965497362526 1.0
53.0 1.03036802951 1.0
77.0 1.03467687311 1.0
118.0 1.02154125387 1.0
188.0 0.297047673867 1.0
198.0 4.07226865063 1.0
75.0 1.04156906283 1.0
11.0 1.03511763466 1.0
133.0 0.994949774939 1.0
167.0 1.02857624568 1.0
object 4	1.0:1.0
46.0 0.975088203641 1.0
177.0 0.997615381298 1.0
52.0 1.00246383686 1.0
15.0 1.03445857216 1.0
125.0 0.998438113395 1.0
object 5	1.0:1.0
65.0 0.960237021719 1.0
51.0 0.96992559328 1.0
69.0 0.997754645452 1.0
44.0 1.02873303512 1.0
55.0 0.983982862276 1.0
object 6	1.0:1.0
24.0 0.995747964146 1.0
31.0 0.986267158622 1.0
184.0 3.41523226658 1.0
33.0 1.01132412258 1.0
94.0 0.998390044742 1.0
158.0 0.977363444559 1.0
198.0 0.411464587656 1.0
137.0 1.0623055565 1.0
194.0 -1.56873425993 1.0
object 7	1.0:1.0
25.0 0.986371301678 1.0
129.0 1.05708868387 1.0
40.0 0.998817912234 1.0
object 8	1.0:1.0
62.0 1.00500625944 1.0
118.0 1.01031085738 1.0
34.0 0.997571621268 1.0
83.0 0.883558534342 1.0
76.0 0.954022333363 1.0
129.0 0.985757208796 1.0
36.0 0.998342652514 1.0
5.0 1.0054892353 1.0
object 9	1.0:1.0
147.0 1.0218849603 1.0
162.0 1.00809270907 1.0
115.0 1.03284169093 1.0
150.0 0.986908520809 1.0
33.0 0.994370022259 1.0
180.0 3.82593644936 1.0
56.0 1.13743780035 1.0
23.0 0.912001854011 1.0
17.0 0.975325695859 1.0
object 10	1.0:1.0
89.0 1.03603119333 1.0
97.0 1.03576584418 1.0
64.0 1.00104271137 1.0
27.0 1.08214192158 1.0
143.0 0.990775915813 1.0
38.0 0.99308909774 1.0
35.0 0.987418722289 1.0
55.0 1.00461463552 1.0
95.0 0.982836816111 1.0
196.0 -0.299363315826 1.0
141.0 1.0442856268 1.0
object 11	1.0:1.0
17.0 1.00574956812 1.0
179.0 1.01997022283 1.0
40.0 1.02044447322 1.0
object 12	1.0:1.0
173.0 0.915280410366 1.0
1.0 1.03079216257 1.0
8.0 0.994552701213 1.0
74.0 0.984834558511 1.0
60.0 0.987916137107 1.0
46.0 0.95754840607 1.0
43.0 0.973748108261 1.0
119.0 0.960205260098 1.0
object 13	1.0:1.0
63.0 0.994435736261 1.0
197.0 -4.14862458893 1.0
186.0 -1.13696578802 1.0
134.0 1.00854822438 1.0
170.0 1.01173362642 1.0
11.0 0.978734628262 1.0
object 14	1.0:1.0
129.0 1.01057471455 1.0
150.0 1.02390966352 1.0
187.0 -2.33608517074 1.0
0.0 0.981099872453 1.0
72.0 0.975077408686 1.0
94.0 0.999346904954 1.0
117.0 0.977683014974 1.0
137.0 1.00119804542 1.0
123.0 1.02449046553 1.0
114.0 1.02444348607 1.0
object 15	1.0:1.0
8.0 1.00505978322 1.0
159.0 0.987418025149 1.0
115.0 1.04223052427 1.0
20.0 0.98648694404 1.0
124.0 0.990139360777 1.0
50.0 0.977182889687 1.0
object 16	1.0:1.0
24.0 1.00413697192 1.0
26.0 1.00505433625 1.0
30.0 1.01558837364 1.0
64.0 0.952293296132 1.0
118.0 0.988554451481 1.0
108.0 0.993893585466 1.0
129.0 1.01258937357 1.0
object 17	1.0:1.0
99.0 1.0029199035 1.0
159.0 0.989273585267 1.0
169.0 0.906667753947 1.0
189.0 2.01779276844 1.0
83.0 0.998906581453 1.0
object 18	1.0:1.0
171.0 1.02469870191 1.0
46.0 1.04707950399 1.0
130.0 0.958811087868 1.0
95.0 1.01068686041 1.0
141.0 0.98782447994 1.0
object 19	1.0:1.0
99.0 1.00130079985 1.0
149.0 0.989975085268 1.0
192.0 4.61966207425 1.0
119.0 1.04335793003 1.0
106.0 1.01277767546 1.0
79.0 0.921299239873 1.0
109.0 1.02094004327 1.0
14.0 0.983964653932 1.0
32.0 0.985390669572 1.0
83.0 0.953526133398 1.0
158.0 1.01622240834 1.0
object 20	1.0:1.0
72.0 0.997339210513 1.0
69.0 1.05645165793 1.0
0.0 0.999879499582 1.0
156.0 0.982390346179 1.0
59.0 1.08930609525 1.0
169.0 0.978498779953 1.0
object 21	1.0:1.0
36.0 0.954574524354 1.0
56.0 1.0065092966 1.0
155.0 0.994048061501 1.0
object 22	1.0:1.0
55.0 1.01460305256 1.0
0.0 0.96147502179 1.0
27.0 0.926093881368 1.0
155.0 1.01945584105 1.0
171.0 1.02153993129 1.0
56.0 0.995232836946 1.0
object 23	1.0:1.0
46.0 1.00063434437 1.0
106.0 0.972638219627 1.0
178.0 1.00434339187 1.0
24.0 1.05053089596 1.0
43.0 0.929593871688 1.0
199.0 -5.06400017458 1.0
92.0 1.1137827765 1.0
15.0 0.948780644524 1.0
167.0 1.01434168905 1.0
115.0 0.9951898656 1.0
object 24	1.0:1.0
73.0 1.02280006858 1.0
171.0 0.996682820439 1.0
182.0 -1.40553841497 1.0
153.0 0.977388554341 1.0
191.0 2.01420022314 1.0
136.0 1.03063701591 1.0
168.0 0.996333229376 1.0
83.0 0.882137407809 1.0
187.0 -1.68993161946 1.0
183.0 0.661941218228 1.0
object 25	1.0:1.0
177.0 0.989796768245 1.0
108.0 0.97158743642 1.0
160.0 1.00558503566 1.0
71.0 0.966586527227 1.0
32.0 1.01765485415 1.0
132.0 1.00574116512 1.0
78.0 0.962740685176 1.0
object 26	1.0:1.0
109.0 1.00068132685 1.0
35.0 0.986180715465 1.0
90.0 0.912234956241 1.0
159.0 1.00633272429 1.0
169.0 0.995226783384 1.0
186.0 9.14219501625 1.0
object 27	1.0:1.0
83.0 0.991266856481 1.0
129.0 1.0007077572 1.0
28.0 0.97686758653 1.0
99.0 1.00684397277 1.0
107.0 1.00213696239 1.0
191.0 0.603496019739 1.0
139.0 0.971735535005 1.0
189.0 0.584880161651 1.0
101.0 0.995172102675 1.0
1.0 0.945038332707 1.0
object 28	1.0:1.0
45.0 1.00158267853 1.0
82.0 1.02108224871 1.0
4.0 0.960273531274 1.0
84.0 1.01163674754 1.0
161.0 1.02625555139 1.0
41.0 1.0194959637 1.0
object 29	1.0:1.0
65.0 1.00060038899 1.0
66.0 1.04202564239 1.0
98.0 0.984228543098 1.0
51.0 0.969306449103 1.0
119.0 0.993321515521 1.0
46.0 1.04108694526 1.0
130.0 0.980517272665 1.0
81.0 1.06811557635 1.0
33.0 0.975367902995 1.0
object 30	1.0:1.0
145.0 1.00941442966 1.0
163.0 1.00741044127 1.0
32.0 1.01874713004 1.0
109.0 0.985892327323 1.0
object 31	1.0:1.0
151.0 0.979532468811 1.0
61.0 1.02266691693 1.0
116.0 0.947263236634 1.0
189.0 -0.667972826417 1.0
158.0 0.958996325836 1.0
object 32	1.0:1.0
65.0 1.01443114727 1.0
159.0 0.989050260534 1.0
178.0 0.997618245781 1.0
1.0 0.983041415333 1.0
object 33	1.0:1.0
86.0 1.00467688221 1.0
21.0 1.02139327156 1.0
117.0 0.990395124157 1.0
object 34	1.0:1.0
165.0 1.03594819903 1.0
159.0 1.02500694374 1.0
142.0 0.914682154975 1.0
29.0 1.03081061054 1.0
197.0 0.668947054126 1.0
105.0 0.964257367278 1.0
121.0 0.975759576191 1.0
139.0 0.96429341378 1.0
object 35	1.0:1.0
13.0 1.03936735431 1.0
3.0 0.980174789316 1.0
117.0 0.988296978217 1.0
20.0 1.00345172575 1.0
156.0 0.991050321143 1.0
138.0 1.00456241903 1.0
76.0 0.994635581223 1.0
object 36	1.0:1.0
0.0 1.04998636031 1.0
70.0 0.98299544258 1.0
112.0 0.994313111876 1.0
149.0 1.05034029284 1.0
160.0 0.984055260103 1.0
142.0 0.975457405971 1.0
134.0 0.983572504876 1.0
1.0 1.00254625335 1.0
object 37	1.0:1.0
57.0 0.995888390462 1.0
116.0 0.983658585681 1.0
198.0 2.39723029917 1.0
76.0 0.924517925498 1.0
149.0 1.07558460458 1.0
86.0 1.01006328047 1.0
117.0 1.03533223293 1.0
39.0 1.00640673716 1.0
object 38	1.0:1.0
170.0 0.997079148861 1.0
22.0 1.00666125491 1.0
31.0 1.07402384101 1.0
174.0 0.98981415271 1.0
object 39	1.0:1.0
174.0 0.982368719656 1.0
137.0 1.00604815865 1.0
33.0 0.987549112916 1.0
190.0 -2.5668010363 1.0
129.0 1.09428000947 1.0
162.0 1.01745638863 1.0
25.0 1.02400601923 1.0
52.0 0.95197170241 1.0
8.0 1.02226531003 1.0
120.0 0.913601320516 1.0
101.0 1.03717856768 1.0
object 40	1.0:1.0
189.0 2.94512656913 1.0
121.0 1.01410438083 1.0
object 41	1.0:1.0
115.0 0.958376938282 1.0
6.0 0.971324940517 1.0
174.0 1.0196410487 1.0
130.0 1.00579957054 1.0
27.0 1.0554493888 1.0
105.0 1.00390779214 1.0
84.0 1.005375875 1.0
object 42	1.0:1.0
17.0 1.02922480739 1.0
92.0 1.05353710769 1.0
194.0 1.18988669262 1.0
45.0 0.997807250334 1.0
197.0 -1.35282618962 1.0
object 43	1.0:1.0
161.0 1.0392991289 1.0
142.0 0.992274570813 1.0
74.0 1.035918194 1.0
89.0 1.01903073433 1.0
73.0 1.01244418615 1.0
65.0 0.949811894266 1.0
1.0 0.994483454329 1.0
object 44	1.0:1.0
118.0 0.973148220083 1.0
193.0 3.18438180043 1.0
181.0 -1.23610877246 1.0
86.0 0.998449395863 1.0
34.0 0.997401048438 1.0
66.0 0.928655567069 1.0
83.0 1.08142093487 1.0
object 45	1.0:1.0
62.0 1.04965909046 1.0
88.0 1.04037712999 1.0
47.0 1.00008914511 1.0
object 46	1.0:1.0
177.0 1.03311526699 1.0
48.0 1.01281136769 1.0
17.0 1.0361717833 1.0
143.0 0.974446302019 1.0
object 47	1.0:1.0
8.0 0.960227723117 1.0
183.0 0.904923504477 1.0
51.0 0.979887974002 1.0
2.0 1.02099416802 1.0
114.0 1.0238968109 1.0
106.0 0.957445274493 1.0
71.0 1.01512206694 1.0
169.0 0.954911902512 1.0
object 48	1.0:1.0
40.0 0.97716865334 1.0
188.0 -5.08929246574 1.0
41.0 1.03087137114 1.0
134.0 0.936144702843 1.0
21.0 1.03230006049 1.0
85.0 0.976916784259 1.0
176.0 0.946651458343 1.0
object 49	1.0:1.0
102.0 0.965182797772 1.0
142.0 0.954194337246 1.0
197.0 -1.89040027804 1.0
171.0 1.06272051663 1.0
110.0 1.01108827984 1.0
183.0 -3.03634065585 1.0
119.0 1.04823983679 1.0
61.0 1.02194977254 1.0
object 50	1.0:1.0
77.0 1.00529240027 1.0
95.0 1.01605027119 1.0
39.0 1.03090452227 1.0
20.0 0.961927108884 1.0
123.0 1.00887401745 1.0
10.0 1.03184486593 1.0
30.0 1.01792214943 1.0
197.0 0.455031665492 1.0
71.0 0.991529924858 1.0
124.0 1.01154862131 1.0
143.0 1.01709674685 1.0
object 51	1.0:1.0
159.0 1.00624498034 1.0
141.0 1.0139416346 1.0
181.0 2.40298864546 1.0
object 52	1.0:1.0
62.0 1.07187670109 1.0
96.0 0.933894819203 1.0
61.0 1.0164877747 1.0
175.0 1.00919861854 1.0
object 53	1.0:1.0
158.0 1.00271737969 1.0
122.0 0.947516106945 1.0
192.0 2.04172799027 1.0
21.0 0.996274361168 1.0
140.0 0.986662428551 1.0
115.0 1.03971909655 1.0
3.0 1.02446944276 1.0
40.0 0.979663944497 1.0
76.0 0.949356587524 1.0
13.0 1.01660430939 1.0
object 54	1.0:1.0
26.0 1.01708605475 1.0
20.0 0.997767235702 1.0
194.0 0.700226671736 1.0
154.0 1.00473836266 1.0
93.0 1.06229052386 1.0
85.0 1.029904428 1.0
161.0 1.0044441621 1.0
50.0 1.00800912389 1.0
48.0 0.889644590125 1.0
67.0 0.97909073958 1.0
75.0 0.946549447844 1.0
object 55	1.0:1.0
55.0 1.02727671658 1.0
172.0 1.02531360125 1.0
160.0 1.00562452029 1.0
48.0 0.986602766297 1.0
181.0 1.85210921379 1.0
135.0 0.998331600014 1.0
4.0 0.96098741084 1.0
object 56	1.0:1.0
0.0 0.979895311552 1.0
44.0 0.976406304726 1.0
142.0 0.993017426403 1.0
137.0 0.893514458232 1.0
73.0 1.01016707168 1.0
194.0 -0.688595144912 1.0
object 57	1.0:1.0
42.0 1.08159311871 1.0
23.0 0.945463370501 1.0
37.0 0.999928885617 1.0
49.0 1.00353542717 1.0
106.0 1.00397561116 1.0
63.0 0.999871816084 1.0
object 58	1.0:1.0
32.0 0.993112594698 1.0
66.0 1.03677515091 1.0
166.0 1.00277116259 1.0
object 59	1.0:1.0
56.0 1.07394983058 1.0
115.0 0.983239164995 1.0
111.0 0.943700217322 1.0
4.0 0.990230579902 1.0
81.0 1.0072852502 1.0
169.0 1.02657844303 1.0
72.0 1.02882440235 1.0
179.0 0.970766038169 1.0
object 60	1.0:1.0
190.0 0.615113701039 1.0
58.0 0.995907288419 1.0
137.0 0.929402469773 1.0
43.0 1.02333132252 1.0
185.0 2.53280704122 1.0
object 61	1.0:1.0
3.0 1.00584979591 1.0
188.0 4.57869745369 1.0
186.0 3.18004043706 1.0
180.0 -1.51970356339 1.0
108.0 0.964723508551 1.0
object 62	1.0:1.0
108.0 1.01455647943 1.0
105.0 0.997764691664 1.0
178.0 0.998358239407 1.0
187.0 0.65768652892 1.0
140.0 1.00175889844 1.0
47.0 1.02020583316 1.0
175.0 0.979147316815 1.0
object 63	1.0:1.0
117.0 1.01181032518 1.0
11.0 0.999123418907 1.0
115.0 1.04015779495 1.0
95.0 0.997167929095 1.0
55.0 0.994941511199 1.0
197.0 2.19747040284 1.0
object 64	1.0:1.0
125.0 1.02350959923 1.0
64.0 0.991642529372 1.0
101.0 1.00683339565 1.0
object 65	1.0:1.0
41.0 0.954280645736 1.0
74.0 1.02177350064 1.0
191.0 0.672576636878 1.0
161.0 1.00912046651 1.0
112.0 0.956724197611 1.0
60.0 0.981877633453 1.0
object 66	1.0:1.0
106.0 0.992516468858 1.0
18.0 1.01696716338 1.0
129.0 0.954913636511 1.0
object 67	1.0:1.0
142.0 1.02193541508 1.0
19.0 0.997815408372 1.0
126.0 0.991005727951 1.0
129.0 0.938144729729 1.0
102.0 0.917854419178 1.0
object 68	1.0:1.0
99.0 1.0134760429 1.0
156.0 0.961218665951 1.0
154.0 1.06534550459 1.0
127.0 0.939018573313 1.0
1.0 1.00488230056 1.0
64.0 1.02187492745 1.0
141.0 0.997332686538 1.0
126.0 0.962959258288 1.0
112.0 1.03540042516 1.0
151.0 0.949954965147 1.0
192.0 -3.4952845341 1.0
137.0 1.03817266981 1.0
178.0 1.01593142721 1.0
74.0 1.05314340514 1.0
66.0 0.982583945295 1.0
157.0 1.01773600906 1.0
object 69	1.0:1.0
23.0 1.02622501616 1.0
1.0 1.00212906996 1.0
128.0 1.00478994758 1.0
55.0 0.970991792712 1.0
3.0 1.02055056498 1.0
108.0 1.0644406028 1.0
185.0 1.13425886644 1.0
157.0 1.02761552128 1.0
117.0 0.984171639627 1.0
178.0 1.01361152966 1.0
object 70	1.0:1.0
173.0 1.01655831206 1.0
76.0 1.00230937426 1.0
9.0 0.99749977405 1.0
169.0 0.966589340133 1.0
132.0 0.967643595772 1.0
object 71	1.0:1.0
4.0 0.993533377652 1.0
161.0 1.00129741014 1.0
9.0 1.0140797219 1.0
14.0 1.00449299847 1.0
object 72	1.0:1.0
113.0 0.970151375807 1.0
169.0 0.955916384009 1.0
182.0 2.55228291074 1.0
59.0 1.054882691 1.0
41.0 1.10715969073 1.0
144.0 0.987134008024 1.0
177.0 1.01036654332 1.0
125.0 1.0224768958 1.0
37.0 1.00835974091 1.0
93.0 1.01906610511 1.0
object 73	1.0:1.0
106.0 1.05192268882 1.0
171.0 0.906935389895 1.0
23.0 0.959843829952 1.0
152.0 1.02579371908 1.0
130.0 0.982302673798 1.0
57.0 0.998657440395 1.0
63.0 0.97930524147 1.0
object 74	1.0:1.0
160.0 0.99760595433 1.0
161.0 0.965739628812 1.0
119.0 0.99748071574 1.0
53.0 0.99872996041 1.0
197.0 5.35608239543 1.0
89.0 1.03894414087 1.0
44.0 0.965993525745 1.0
196.0 2.35722632041 1.0
163.0 0.95929520085 1.0
object 75	1.0:1.0
2.0 0.950731244232 1.0
83.0 1.01727760199 1.0
192.0 2.58669814271 1.0
133.0 1.02178573815 1.0
43.0 1.05695431396 1.0
object 76	1.0:1.0
150.0 1.00332228234 1.0
135.0 1.0169648918 1.0
105.0 1.01272088782 1.0
62.0 1.00576965029 1.0
5.0 1.02600143956 1.0
65.0 1.0868341176 1.0
object 77	1.0:1.0
175.0 0.90528127281 1.0
42.0 1.03697517718 1.0
46.0 0.9642104838 1.0
141.0 0.993073865823 1.0
1.0 1.01119729883 1.0
95.0 1.01833322759 1.0
object 78	1.0:1.0
171.0 0.939624079045 1.0
21.0 1.01660996605 1.0
129.0 1.1126258144 1.0
188.0 7.40239312752 1.0
41.0 0.962355805183 1.0
object 79	1.0:1.0
179.0 1.02624603714 1.0
167.0 1.01639796773 1.0
134.0 1.00745312217 1.0
122.0 1.02517236286 1.0
object 80	1.0:1.0
158.0 0.9718761706 1.0
90.0 1.01360621657 1.0
23.0 1.01336080516 1.0
164.0 1.03789650053 1.0
81.0 1.02655093692 1.0
183.0 -4.3962633259 1.0
120.0 0.96936134122 1.0
111.0 1.00927356121 1.0
object 81	1.0:1.0
70.0 0.961746494105 1.0
194.0 0.515789006479 1.0
180.0 2.56513168653 1.0
143.0 0.98947373459 1.0
4.0 1.00315512889 1.0
78.0 1.00807818956 1.0
22.0 1.02015382301 1.0
76.0 1.0362918931 1.0
object 82	1.0:1.0
2.0 1.02002449965 1.0
26.0 0.990412625097 1.0
156.0 0.986652668472 1.0
60.0 1.01717225739 1.0
108.0 0.975649346461 1.0
61.0 0.981335077439 1.0
24.0 1.00430049994 1.0
189.0 0.919114592172 1.0
object 83	1.0:1.0
79.0 0.950412996056 1.0
105.0 1.00841082481 1.0
47.0 1.00497254874 1.0
180.0 2.68086181717 1.0
145.0 0.996965110602 1.0
122.0 1.03880278936 1.0
69.0 0.989702372941 1.0
124.0 0.971420494779 1.0
0.0 0.994863029821 1.0
62.0 0.969952784436 1.0
192.0 1.04775144151 1.0
object 84	1.0:1.0
56.0 1.03220313762 1.0
151.0 1.00661511359 1.0
78.0 0.997423277645 1.0
4.0 0.984149576962 1.0
197.0 0.254590906651 1.0
61.0 0.994071463485 1.0
object 85	1.0:1.0
189.0 2.22755594859 1.0
57.0 1.00126503726 1.0
19.0 1.00139523376 1.0
174.0 0.961340757368 1.0
93.0 0.983681557303 1.0
145.0 0.968775021919 1.0
object 86	1.0:1.0
183.0 -0.180928005598 1.0
125.0 0.95767961751 1.0
3.0 1.00912863266 1.0
73.0 0.992553027029 1.0
152.0 1.05212734527 1.0
100.0 1.01410214782 1.0
191.0 3.08839646357 1.0
117.0 1.03440480313 1.0
object 87	1.0:1.0
122.0 0.936301922756 1.0
67.0 1.00040425353 1.0
134.0 0.985013467731 1.0
16.0 0.906040024918 1.0
162.0 0.985251029301 1.0
186.0 2.15508701424 1.0
84.0 1.0203302815 1.0
109.0 0.98581816223 1.0
104.0 1.02201268972 1.0
9.0 1.00611585048 1.0
185.0 1.54332485141 1.0
object 88	1.0:1.0
171.0 1.00843560117 1.0
78.0 1.05747059247 1.0
64.0 1.01640040423 1.0
134.0 0.968003650369 1.0
object 89	1.0:1.0
182.0 -6.36253028503 1.0
49.0 0.975155166753 1.0
189.0 -4.93340293713 1.0
113.0 0.998522402339 1.0
61.0 1.03434185501 1.0
139.0 0.976038329389 1.0
object 90	1.0:1.0
113.0 0.980671759573 1.0
23.0 0.972745695501 1.0
126.0 1.00391101479 1.0
87.0 0.990161945416 1.0
149.0 0.954270973741 1.0
174.0 0.982271445179 1.0
object 91	1.0:1.0
12.0 0.98573631467 1.0
66.0 0.991014843759 1.0
114.0 0.997522749689 1.0
137.0 0.940590385156 1.0
124.0 1.07309104955 1.0
145.0 0.989816481315 1.0
63.0 0.999939082903 1.0
177.0 0.987534046943 1.0
108.0 0.991019422414 1.0
164.0 1.03694845284 1.0
object 92	1.0:1.0
135.0 0.953763623902 1.0
31.0 1.00278787574 1.0
118.0 0.989487677232 1.0
25.0 0.996772153052 1.0
72.0 0.956479058859 1.0
object 93	1.0:1.0
180.0 3.57591093234 1.0
93.0 1.04888601379 1.0
object 94	1.0:1.0
110.0 1.01192927993 1.0
34.0 1.01069425038 1.0
24.0 1.02997673961 1.0
192.0 -0.184089119079 1.0
71.0 1.00157545777 1.0
30.0 1.00792085274 1.0
33.0 1.00088229664 1.0
143.0 0.995672127139 1.0
27.0 1.0543100271 1.0
67.0 1.01580405744 1.0
170.0 1.06053353571 1.0
81.0 1.04671556607 1.0
object 95	1.0:1.0
149.0 1.03268870734 1.0
164.0 0.971038930457 1.0
169.0 1.02864162959 1.0
71.0 0.96293569562 1.0
135.0 0.991256868352 1.0
150.0 0.987079557234 1.0
192.0 2.95765906954 1.0
99.0 1.07380644255 1.0
153.0 0.996743367092 1.0
95.0 1.03034123731 1.0
object 96	1.0:1.0
116.0 1.01847224465 1.0
59.0 0.990671138857 1.0
71.0 1.02982344494 1.0
105.0 0.971320321339 1.0
73.0 1.00117984327 1.0
11.0 1.05388030977 1.0
163.0 0.961999543446 1.0
9.0 0.996899578789 1.0
138.0 0.999276641289 1.0
object 97	1.0:1.0
178.0 1.0055388426 1.0
120.0 1.05985473434 1.0
57.0 1.01608520039 1.0
185.0 2.97939543176 1.0
object 98	1.0:1.0
120.0 1.00519568425 1.0
136.0 1.02180725655 1.0
176.0 1.07509411347 1.0
177.0 1.01789447801 1.0
198.0 4.05324793594 1.0
106.0 0.920274475943 1.0
89.0 0.974585167988 1.0
196.0 5.34232545007 1.0
47.0 1.0188116361 1.0
197.0 -5.80289637429 1.0
189.0 -1.58094502173 1.0
object 99	1.0:1.0
9.0 0.985901432522 1.0
139.0 0.998935789377 1.0
97.0 0.982465021708 1.0
79.0 1.00436889184 1.0
106.0 1.06147017331 1.0
12.0 1.05189534372 1.0
101.0 1.00494392346 1.0
60.0 1.01875098209 1.0
87.0 1.00199558553 1.0
162.0 1.03378600603 1.0
