object 0	1.0:1.0
15.0 1.03022099886 1.0
86.0 0.940695723869 1.0
147.0 -0.0333329648881 1.0
33.0 0.985642158566 1.0
127.0 0.997261289966 1.0
object 1	1.0:1.0
3.0 0.987178950208 1.0
88.0 0.990919987787 1.0
171.0 -0.0178174510083 1.0
84.0 1.01748079817 1.0
object 2	1.0:1.0
59.0 0.979094580817 1.0
62.0 0.998913288487 1.0
object 3	1.0:1.0
178.0 7.16644713474 1.0
15.0 1.04011383471 1.0
112.0 1.03218070764 1.0
61.0 0.968419228297 1.0
object 4	1.0:1.0
195.0 0.672566059852 1.0
170.0 1.82351752595 1.0
object 5	1.0:1.0
149.0 1.17073696294 1.0
161.0 5.93386328814 1.0
object 6	1.0:1.0
51.0 1.00187186186 1.0
49.0 1.00355970967 1.0
object 7	1.0:1.0
21.0 1.02679241787 1.0
150.0 -3.14540793862 1.0
114.0 0.976743109925 1.0
172.0 1.88572235691 1.0
object 8	1.0:1.0
24.0 1.00479916245 1.0
102.0 0.995506827345 1.0
object 9	1.0:1.0
199.0 0.174292102917 1.0
67.0 0.992957097614 1.0
object 10	1.0:1.0
146.0 -4.49666362365 1.0
158.0 -0.171211430805 1.0
101.0 1.01828070231 1.0
object 11	1.0:1.0
185.0 -0.0997414662769 1.0
118.0 1.02151651938 1.0
0.0 0.996359119537 1.0
143.0 -0.440962388976 1.0
object 12	1.0:1.0
78.0 0.979472779607 1.0
138.0 0.947173686802 1.0
object 13	1.0:1.0
93.0 1.00885555855 1.0
60.0 1.0127072159 1.0
57.0 1.05603188139 1.0
object 14	1.0:1.0
153.0 2.02696558494 1.0
125.0 1.04105617041 1.0
105.0 1.02250342708 1.0
72.0 1.07304896651 1.0
object 15	1.0:1.0
122.0 0.989762260271 1.0
64.0 0.966319704645 1.0
object 16	1.0:1.0
131.0 1.00189224093 1.0
52.0 0.991524391708 1.0
94.0 1.00460395145 1.0
10.0 0.986622408341 1.0
object 17	1.0:1.0
185.0 0.59792993151 1.0
0.0 1.02537429944 1.0
object 18	1.0:1.0
34.0 0.995212546997 1.0
116.0 0.959109500533 1.0
95.0 1.0192105946 1.0
object 19	1.0:1.0
14.0 1.04673433294 1.0
138.0 0.994087389267 1.0
object 20	1.0:1.0
167.0 -3.88430046341 1.0
21.0 1.02191902338 1.0
33.0 0.979820702313 1.0
59.0 1.02088099632 1.0
76.0 0.980142956156 1.0
object 21	1.0:1.0
131.0 1.02347089674 1.0
89.0 1.02507156505 1.0
object 22	1.0:1.0
162.0 -0.992317744136 1.0
53.0 1.05054108694 1.0
55.0 1.00603158378 1.0
object 23	1.0:1.0
33.0 0.996421424075 1.0
141.0 1.97135214505 1.0
object 24	1.0:1.0
152.0 3.84449947896 1.0
40.0 0.959786534068 1.0
object 25	1.0:1.0
181.0 -4.71843159913 1.0
131.0 0.973112006805 1.0
102.0 1.02175681253 1.0
object 26	1.0:1.0
164.0 0.00728796002675 1.0
107.0 1.00574503511 1.0
101.0 1.00007701958 1.0
48.0 0.928342642725 1.0
16.0 1.00589749927 1.0
10.0 1.01600268052 1.0
object 27	1.0:1.0
20.0 0.976930238046 1.0
39.0 1.01580460468 1.0
83.0 0.961441271182 1.0
object 28	1.0:1.0
1.0 0.937639163967 1.0
99.0 1.02561256302 1.0
object 29	1.0:1.0
35.0 0.994124439747 1.0
145.0 4.50851104416 1.0
182.0 -6.19848829496 1.0
object 30	1.0:1.0
189.0 2.51609766744 1.0
151.0 2.62584374692 1.0
object 31	1.0:1.0
88.0 1.02334205371 1.0
39.0 0.991931405619 1.0
84.0 1.0287458531 1.0
152.0 0.992508439146 1.0
158.0 1.34526373791 1.0
45.0 0.986848967092 1.0
68.0 1.01125574694 1.0
object 32	1.0:1.0
197.0 1.82383107144 1.0
104.0 0.963980007305 1.0
object 33	1.0:1.0
187.0 1.73000329792 1.0
5.0 0.933390913036 1.0
object 34	1.0:1.0
151.0 5.68203872279 1.0
43.0 0.98106509038 1.0
187.0 -0.428975587935 1.0
84.0 1.00122251404 1.0
object 35	1.0:1.0
154.0 6.37304247395 1.0
83.0 1.02906342309 1.0
37.0 0.9846691523 1.0
object 36	1.0:1.0
172.0 1.5059305791 1.0
187.0 2.0722464821 1.0
object 37	1.0:1.0
4.0 1.07572035679 1.0
20.0 1.0226062596 1.0
49.0 1.00230676438 1.0
121.0 0.973838953948 1.0
170.0 0.932452082831 1.0
object 38	1.0:1.0
65.0 0.994133476921 1.0
187.0 -0.16946130174 1.0
193.0 -1.26257861052 1.0
147.0 0.854920559302 1.0
135.0 1.00123406854 1.0
object 39	1.0:1.0
2.0 1.00998233714 1.0
118.0 0.999992399281 1.0
196.0 1.23030687621 1.0
object 40	1.0:1.0
54.0 0.991127000436 1.0
90.0 1.02988657007 1.0
19.0 0.977255805466 1.0
object 41	1.0:1.0
157.0 2.74214336162 1.0
133.0 0.967987547786 1.0
21.0 0.960001294495 1.0
object 42	1.0:1.0
172.0 0.947547348559 1.0
194.0 3.60620659326 1.0
object 43	1.0:1.0
64.0 1.07009262644 1.0
43.0 1.02561037328 1.0
44.0 1.07317296586 1.0
object 44	1.0:1.0
179.0 1.77562542269 1.0
192.0 -4.62486841321 1.0
44.0 0.999909606746 1.0
143.0 0.315633904521 1.0
92.0 1.055176871 1.0
58.0 0.971065332682 1.0
object 45	1.0:1.0
114.0 1.02289704322 1.0
163.0 -0.362503792166 1.0
object 46	1.0:1.0
186.0 4.6679200573 1.0
136.0 1.00333696709 1.0
19.0 0.988270881461 1.0
object 47	1.0:1.0
15.0 0.983283553193 1.0
74.0 1.00093524713 1.0
18.0 1.00959965341 1.0
105.0 0.984555267323 1.0
object 48	1.0:1.0
9.0 1.0070539914 1.0
145.0 9.35769871931 1.0
object 49	1.0:1.0
135.0 1.03073952755 1.0
10.0 1.00280336529 1.0
42.0 0.998052392328 1.0
15.0 0.98569860457 1.0
195.0 2.89525916754 1.0
object 50	1.0:1.0
50.0 1.00672737402 1.0
72.0 0.996885320513 1.0
52.0 0.987046666557 1.0
1.0 1.03379534369 1.0
93.0 0.997503279304 1.0
29.0 1.09285228365 1.0
object 51	1.0:1.0
193.0 2.50370142094 1.0
189.0 -0.276472052559 1.0
145.0 6.35811977469 1.0
object 52	1.0:1.0
4.0 0.944119358014 1.0
45.0 1.00280279288 1.0
object 53	1.0:1.0
147.0 2.17454906481 1.0
136.0 1.01050859095 1.0
6.0 1.0158632606 1.0
153.0 -5.26869385196 1.0
98.0 0.97001364412 1.0
9.0 1.00154719245 1.0
object 54	1.0:1.0
67.0 0.960052841392 1.0
60.0 0.988823395019 1.0
154.0 -1.51827535686 1.0
9.0 0.956751450598 1.0
object 55	1.0:1.0
109.0 1.03387186942 1.0
174.0 0.580870984926 1.0
object 56	1.0:1.0
84.0 0.994992482012 1.0
41.0 0.988976312486 1.0
24.0 0.968707211226 1.0
93.0 1.01172959601 1.0
130.0 0.964631585645 1.0
object 57	1.0:1.0
183.0 -0.0886329240816 1.0
127.0 0.962240806109 1.0
98.0 1.00909182105 1.0
113.0 1.02088195027 1.0
object 58	1.0:1.0
157.0 2.65077995327 1.0
163.0 5.51039244519 1.0
object 59	1.0:1.0
113.0 1.00641234416 1.0
138.0 0.982979966378 1.0
50.0 0.991118829822 1.0
175.0 -2.83096334798 1.0
object 60	1.0:1.0
39.0 1.01298687415 1.0
40.0 0.965369791218 1.0
object 61	1.0:1.0
45.0 1.00590522596 1.0
138.0 1.02605399587 1.0
47.0 1.05449699547 1.0
object 62	1.0:1.0
6.0 0.984215125974 1.0
138.0 0.991482167012 1.0
67.0 1.05563561901 1.0
30.0 0.992904337035 1.0
object 63	1.0:1.0
12.0 0.984195326838 1.0
112.0 1.01360985624 1.0
50.0 1.04441099427 1.0
30.0 1.00864223015 1.0
173.0 -3.75423927793 1.0
177.0 5.5913433957 1.0
167.0 3.48033347813 1.0
object 64	1.0:1.0
70.0 1.02281115334 1.0
125.0 1.00895051563 1.0
object 65	1.0:1.0
90.0 1.0046384765 1.0
97.0 0.866464042833 1.0
161.0 -3.48074853341 1.0
object 66	1.0:1.0
61.0 0.957421474906 1.0
160.0 2.78412520591 1.0
71.0 0.999677250567 1.0
object 67	1.0:1.0
87.0 0.999515043789 1.0
166.0 1.38802562495 1.0
object 68	1.0:1.0
158.0 4.74737343994 1.0
18.0 1.05206021434 1.0
149.0 -0.222895214644 1.0
object 69	1.0:1.0
147.0 0.506125107626 1.0
175.0 0.33775519079 1.0
object 70	1.0:1.0
18.0 0.989627364104 1.0
198.0 6.79326358546 1.0
object 71	1.0:1.0
186.0 -0.315432648337 1.0
189.0 -4.6853769347 1.0
object 72	1.0:1.0
88.0 0.997672057314 1.0
115.0 0.986138134851 1.0
20.0 1.01807407283 1.0
195.0 11.0929011698 1.0
object 73	1.0:1.0
198.0 6.34025653597 1.0
75.0 1.00396484714 1.0
object 74	1.0:1.0
132.0 0.985162507896 1.0
192.0 2.87162555212 1.0
83.0 0.936411752809 1.0
25.0 0.997909455496 1.0
116.0 0.980219692829 1.0
object 75	1.0:1.0
21.0 1.0011612723 1.0
125.0 1.04903361048 1.0
142.0 -4.3285114116 1.0
75.0 0.997469229285 1.0
object 76	1.0:1.0
34.0 0.981708902544 1.0
17.0 1.05244991444 1.0
object 77	1.0:1.0
52.0 0.998830903635 1.0
112.0 1.03385851428 1.0
73.0 1.02431208702 1.0
19.0 0.993909431237 1.0
object 78	1.0:1.0
26.0 1.02445125883 1.0
112.0 0.980356597626 1.0
object 79	1.0:1.0
152.0 -0.110477097265 1.0
165.0 -2.13163419791 1.0
object 80	1.0:1.0
196.0 -2.59492701508 1.0
87.0 1.00763726899 1.0
118.0 1.01353120254 1.0
166.0 1.93703283267 1.0
2.0 1.00358986376 1.0
171.0 0.878650407436 1.0
121.0 1.04367146398 1.0
50.0 1.00976502425 1.0
object 81	1.0:1.0
140.0 6.40492767553 1.0
74.0 1.07968810504 1.0
object 82	1.0:1.0
15.0 1.02772456757 1.0
186.0 4.8028649183 1.0
184.0 0.239696602168 1.0
90.0 1.00547021681 1.0
149.0 1.19719295331 1.0
object 83	1.0:1.0
112.0 1.02034263407 1.0
50.0 1.0299443865 1.0
object 84	1.0:1.0
77.0 0.931908418864 1.0
47.0 1.02369993472 1.0
78.0 0.985349927699 1.0
object 85	1.0:1.0
119.0 0.928956162321 1.0
142.0 -3.86629822472 1.0
173.0 -2.56609497424 1.0
object 86	1.0:1.0
111.0 1.01384014529 1.0
114.0 1.04478051116 1.0
25.0 0.906997113357 1.0
object 87	1.0:1.0
121.0 1.00547366816 1.0
115.0 0.98560741493 1.0
object 88	1.0:1.0
88.0 1.02039362168 1.0
105.0 0.989914173411 1.0
164.0 1.33487835755 1.0
85.0 1.00037506674 1.0
0.0 1.01798059541 1.0
110.0 1.02060301811 1.0
object 89	1.0:1.0
108.0 0.975180272707 1.0
174.0 -0.0636852223287 1.0
9.0 0.992229063858 1.0
67.0 1.02872072313 1.0
object 90	1.0:1.0
92.0 0.936306788128 1.0
120.0 1.04170538918 1.0
106.0 1.02413427637 1.0
193.0 1.79289042814 1.0
83.0 1.04917974678 1.0
object 91	1.0:1.0
22.0 1.01676058463 1.0
103.0 0.922134804077 1.0
137.0 0.993671743772 1.0
107.0 1.01475157646 1.0
object 92	1.0:1.0
173.0 5.8228303163 1.0
59.0 1.0536952562 1.0
object 93	1.0:1.0
120.0 1.06330491682 1.0
92.0 1.00099988892 1.0
object 94	1.0:1.0
9.0 1.05781549568 1.0
79.0 0.958249650237 1.0
object 95	1.0:1.0
144.0 -1.85626231529 1.0
157.0 1.66975583133 1.0
114.0 0.980573972939 1.0
object 96	1.0:1.0
13.0 1.00987808206 1.0
32.0 0.993603713818 1.0
148.0 1.91248215233 1.0
object 97	1.0:1.0
29.0 0.982036055774 1.0
113.0 1.02500432203 1.0
18.0 1.02587816922 1.0
object 98	1.0:1.0
132.0 0.987983448523 1.0
198.0 3.11683884947 1.0
object 99	1.0:1.0
16.0 1.01832681091 1.0
196.0 -1.11221109798 1.0
