object 0	1.0:1.0
4.0 1.00002895517 1.0
81.0 0.990939648178 1.0
23.0 1.02118623641 1.0
object 1	1.0:1.0
89.0 0.992140288997 1.0
10.0 0.980844700634 1.0
object 2	1.0:1.0
52.0 1.05411404856 1.0
89.0 0.985377708202 1.0
2.0 1.02486119553 1.0
149.0 0.991349038261 1.0
20.0 1.01976009156 1.0
69.0 1.0061783517 1.0
9.0 1.00315248455 1.0
object 3	1.0:1.0
179.0 0.957936872376 1.0
151.0 1.00355334936 1.0
76.0 1.09685650639 1.0
165.0 0.97812525834 1.0
69.0 0.977160073836 1.0
50.0 0.928207328885 1.0
15.0 0.992317992588 1.0
object 4	1.0:1.0
197.0 3.32806578776 1.0
165.0 1.01816269207 1.0
53.0 1.00089720074 1.0
object 5	1.0:1.0
189.0 4.66811163765 1.0
148.0 1.05720846925 1.0
57.0 1.00901445439 1.0
58.0 1.03061134876 1.0
197.0 -1.23827326877 1.0
object 6	1.0:1.0
175.0 0.992143273378 1.0
107.0 0.962941116676 1.0
51.0 1.02454191821 1.0
object 7	1.0:1.0
145.0 0.95991786138 1.0
21.0 1.045408063 1.0
101.0 1.13777419679 1.0
object 8	1.0:1.0
112.0 0.978585944744 1.0
11.0 1.01988704174 1.0
34.0 0.989211019591 1.0
object 9	1.0:1.0
170.0 0.95133627945 1.0
111.0 1.04655053405 1.0
19.0 0.99976687661 1.0
140.0 0.989103747367 1.0
56.0 1.01431844255 1.0
object 10	1.0:1.0
35.0 0.989482842566 1.0
181.0 3.48576689746 1.0
164.0 0.987925079868 1.0
0.0 0.966406969816 1.0
186.0 0.713204840293 1.0
88.0 1.01030128456 1.0
175.0 1.01935241698 1.0
object 11	1.0:1.0
137.0 0.994606716093 1.0
162.0 0.90953977298 1.0
98.0 0.986594321521 1.0
8.0 0.985080953712 1.0
179.0 0.996178714038 1.0
139.0 1.04696490242 1.0
object 12	1.0:1.0
88.0 0.984276508164 1.0
60.0 0.998356780229 1.0
180.0 0.440667966028 1.0
103.0 0.989938054486 1.0
131.0 0.986174568649 1.0
94.0 1.01290418306 1.0
16.0 0.987121829697 1.0
93.0 1.02998510798 1.0
object 13	1.0:1.0
117.0 1.02467304934 1.0
149.0 0.997179951861 1.0
186.0 1.19361059714 1.0
142.0 0.983587702028 1.0
48.0 1.02647038918 1.0
152.0 0.983738432554 1.0
object 14	1.0:1.0
92.0 1.00083488136 1.0
165.0 1.04729733054 1.0
43.0 1.06228847461 1.0
136.0 0.974831439154 1.0
object 15	1.0:1.0
168.0 0.986157368414 1.0
193.0 -2.49500477127 1.0
170.0 0.967181346582 1.0
123.0 0.989133699972 1.0
194.0 0.434589858843 1.0
164.0 1.09950268702 1.0
object 16	1.0:1.0
100.0 1.01545637396 1.0
147.0 0.940778811854 1.0
110.0 1.02209916717 1.0
28.0 1.01489480621 1.0
72.0 0.964315380556 1.0
118.0 1.04453787344 1.0
object 17	1.0:1.0
109.0 1.02383263384 1.0
40.0 1.0175977099 1.0
175.0 1.0032239739 1.0
11.0 0.977331890268 1.0
137.0 1.00106588634 1.0
object 18	1.0:1.0
23.0 0.989876374809 1.0
28.0 1.04954358822 1.0
199.0 -10.4240412379 1.0
55.0 1.04503778389 1.0
object 19	1.0:1.0
117.0 1.01842457617 1.0
59.0 1.00014649977 1.0
170.0 0.943396095455 1.0
91.0 1.04082191677 1.0
102.0 0.990198311938 1.0
object 20	1.0:1.0
12.0 1.00502220411 1.0
18.0 0.995439030557 1.0
83.0 0.9827241638 1.0
126.0 1.00676725832 1.0
100.0 1.02192427065 1.0
object 21	1.0:1.0
145.0 0.962571843732 1.0
120.0 0.999397622276 1.0
17.0 1.00992135604 1.0
115.0 1.01084962905 1.0
131.0 1.04841925287 1.0
185.0 -0.260645428769 1.0
object 22	1.0:1.0
119.0 0.951472501888 1.0
9.0 1.00720982425 1.0
87.0 0.981405477954 1.0
176.0 0.977826796236 1.0
118.0 0.94177933376 1.0
180.0 -1.68046807177 1.0
object 23	1.0:1.0
48.0 1.00041336527 1.0
134.0 0.992112317994 1.0
object 24	1.0:1.0
92.0 1.01452943635 1.0
169.0 1.02796492185 1.0
object 25	1.0:1.0
82.0 1.05491982021 1.0
35.0 1.0104943089 1.0
126.0 1.03100747406 1.0
object 26	1.0:1.0
113.0 0.936939340829 1.0
46.0 0.990599592926 1.0
77.0 0.972537458834 1.0
106.0 0.985644338259 1.0
179.0 0.962229681886 1.0
141.0 1.01612104574 1.0
51.0 1.02238290399 1.0
11.0 0.989940050032 1.0
12.0 1.00492224012 1.0
145.0 1.02806932282 1.0
object 27	1.0:1.0
27.0 0.901352916312 1.0
52.0 1.05471216354 1.0
112.0 0.971259947195 1.0
object 28	1.0:1.0
121.0 0.956408091518 1.0
74.0 0.956137110117 1.0
191.0 1.08221254407 1.0
150.0 1.06080552541 1.0
54.0 1.01330150364 1.0
75.0 0.973971054497 1.0
object 29	1.0:1.0
171.0 0.984827019526 1.0
120.0 0.99169083908 1.0
24.0 0.987816032613 1.0
object 30	1.0:1.0
142.0 1.02168597094 1.0
191.0 3.96482305236 1.0
183.0 1.33848853251 1.0
32.0 0.971117364368 1.0
15.0 1.00450515695 1.0
16.0 1.03791407023 1.0
object 31	1.0:1.0
55.0 0.975014172711 1.0
43.0 1.02779768269 1.0
81.0 1.00573398495 1.0
176.0 0.992397011845 1.0
105.0 0.992481291594 1.0
2.0 0.965680749593 1.0
16.0 0.995292012604 1.0
object 32	1.0:1.0
93.0 0.996276478567 1.0
80.0 1.00604515813 1.0
6.0 0.977156830919 1.0
100.0 0.970245476036 1.0
161.0 1.04051018975 1.0
35.0 1.10742162513 1.0
15.0 1.00429701398 1.0
object 33	1.0:1.0
35.0 1.06563177322 1.0
160.0 1.01012442605 1.0
object 34	1.0:1.0
109.0 0.981005491587 1.0
58.0 1.07197881286 1.0
object 35	1.0:1.0
61.0 1.03266985417 1.0
156.0 0.985296780557 1.0
object 36	1.0:1.0
53.0 1.00423750654 1.0
126.0 1.00926295102 1.0
18.0 0.999665377655 1.0
24.0 0.990774605699 1.0
154.0 1.00467790584 1.0
object 37	1.0:1.0
27.0 0.929527625247 1.0
14.0 0.999658270209 1.0
173.0 0.979716058189 1.0
object 38	1.0:1.0
189.0 1.79241599873 1.0
73.0 0.988807725395 1.0
51.0 0.978559379956 1.0
109.0 0.982475597867 1.0
125.0 0.996683779291 1.0
192.0 4.83299043111 1.0
3.0 1.03069634942 1.0
object 39	1.0:1.0
73.0 1.00063100987 1.0
79.0 0.934487296904 1.0
197.0 -0.668574058857 1.0
143.0 1.01467402908 1.0
166.0 0.9662939184 1.0
66.0 0.976247400426 1.0
122.0 0.981247404592 1.0
141.0 0.991466490437 1.0
object 40	1.0:1.0
156.0 1.0070746603 1.0
144.0 0.992674824034 1.0
133.0 0.963779195956 1.0
157.0 0.979196860636 1.0
89.0 1.00067175203 1.0
49.0 0.972785557236 1.0
object 41	1.0:1.0
56.0 0.995139531679 1.0
43.0 0.996926068336 1.0
57.0 1.00296997192 1.0
134.0 1.00930272023 1.0
186.0 2.27236713892 1.0
120.0 1.00896233263 1.0
65.0 0.975990912853 1.0
object 42	1.0:1.0
118.0 0.994404547359 1.0
95.0 1.01438664224 1.0
object 43	1.0:1.0
73.0 1.0164154388 1.0
123.0 0.992501975235 1.0
80.0 0.993480948378 1.0
118.0 1.033969847 1.0
11.0 1.02537428863 1.0
object 44	1.0:1.0
12.0 0.983288359726 1.0
131.0 0.988472736699 1.0
object 45	1.0:1.0
10.0 0.983482402146 1.0
88.0 0.980663641005 1.0
object 46	1.0:1.0
65.0 0.997492107598 1.0
197.0 -7.45416741784 1.0
17.0 0.977661522017 1.0
177.0 1.02975427295 1.0
174.0 0.991346231325 1.0
14.0 1.010720492 1.0
object 47	1.0:1.0
49.0 1.00739450352 1.0
71.0 0.99547377815 1.0
192.0 6.00878180138 1.0
object 48	1.0:1.0
87.0 0.9570533995 1.0
199.0 -6.77128123304 1.0
142.0 0.947615253872 1.0
115.0 0.964765038823 1.0
object 49	1.0:1.0
44.0 0.976748123178 1.0
13.0 0.989101031572 1.0
62.0 1.01669552177 1.0
111.0 1.01056374228 1.0
30.0 0.990123773593 1.0
56.0 0.986361554251 1.0
object 50	1.0:1.0
81.0 0.993356911567 1.0
46.0 1.02352175472 1.0
45.0 0.991206122099 1.0
176.0 0.975896217543 1.0
194.0 -2.16106913275 1.0
object 51	1.0:1.0
167.0 0.98222977061 1.0
77.0 1.00653089696 1.0
104.0 0.981535698993 1.0
48.0 0.993076333671 1.0
35.0 1.03135164978 1.0
165.0 1.04078535099 1.0
49.0 1.01187262939 1.0
object 52	1.0:1.0
131.0 0.952122865531 1.0
102.0 0.994796924896 1.0
47.0 0.991832931641 1.0
37.0 0.968453100401 1.0
145.0 0.995996772984 1.0
115.0 1.00724486608 1.0
object 53	1.0:1.0
52.0 0.958829878729 1.0
55.0 1.01053702773 1.0
51.0 0.983940248125 1.0
81.0 1.02397437252 1.0
162.0 1.00601137378 1.0
86.0 0.973683079608 1.0
object 54	1.0:1.0
8.0 1.0341891442 1.0
151.0 1.01354668423 1.0
169.0 1.01373630543 1.0
34.0 1.01215211672 1.0
object 55	1.0:1.0
71.0 0.980976023705 1.0
121.0 1.00377506885 1.0
142.0 0.980108254456 1.0
175.0 1.02237938001 1.0
1.0 0.979839051406 1.0
7.0 1.03800460536 1.0
191.0 -0.180319897908 1.0
141.0 0.998455216688 1.0
object 56	1.0:1.0
198.0 3.56436467119 1.0
31.0 1.00346623756 1.0
object 57	1.0:1.0
27.0 1.00110573895 1.0
37.0 1.03631398289 1.0
102.0 1.01785293418 1.0
145.0 0.97801524359 1.0
object 58	1.0:1.0
29.0 1.01522932489 1.0
150.0 0.963038661787 1.0
104.0 0.96885622839 1.0
27.0 1.04722202495 1.0
object 59	1.0:1.0
171.0 1.07329137401 1.0
97.0 1.02941986153 1.0
24.0 1.01861611484 1.0
87.0 0.996631161575 1.0
5.0 0.999768564959 1.0
46.0 1.00648190173 1.0
144.0 0.984897639199 1.0
object 60	1.0:1.0
141.0 1.01857010985 1.0
66.0 0.972280666921 1.0
25.0 1.01917735935 1.0
116.0 0.952285086615 1.0
118.0 1.05048370907 1.0
object 61	1.0:1.0
2.0 0.90368322757 1.0
169.0 0.993191797956 1.0
object 62	1.0:1.0
17.0 1.00610216706 1.0
125.0 1.02445129259 1.0
113.0 0.959232553499 1.0
object 63	1.0:1.0
142.0 0.981339108964 1.0
95.0 0.994093220093 1.0
object 64	1.0:1.0
38.0 0.993687041455 1.0
74.0 0.980314235972 1.0
14.0 1.0218776695 1.0
45.0 1.01289773694 1.0
object 65	1.0:1.0
8.0 0.981531933858 1.0
19.0 1.00958690063 1.0
114.0 1.00578216467 1.0
97.0 0.995091016233 1.0
41.0 1.03949017572 1.0
125.0 0.970111716789 1.0
object 66	1.0:1.0
79.0 1.02225596932 1.0
73.0 0.984084228921 1.0
64.0 0.94544572715 1.0
36.0 0.994570912435 1.0
26.0 0.983121453794 1.0
43.0 1.06042852035 1.0
109.0 0.956887590847 1.0
object 67	1.0:1.0
84.0 1.03194125501 1.0
119.0 1.00509509118 1.0
82.0 1.04925826547 1.0
object 68	1.0:1.0
97.0 1.01181371185 1.0
180.0 6.49216500995 1.0
168.0 0.983095293774 1.0
106.0 1.00741067045 1.0
73.0 1.02178496414 1.0
115.0 0.987574792075 1.0
110.0 0.998776366623 1.0
24.0 1.0029606259 1.0
object 69	1.0:1.0
182.0 0.928224763368 1.0
118.0 0.833007994937 1.0
94.0 1.01426241214 1.0
object 70	1.0:1.0
14.0 1.00737820352 1.0
73.0 1.0134823001 1.0
154.0 1.02425909619 1.0
88.0 1.02106096056 1.0
object 71	1.0:1.0
90.0 0.967277604845 1.0
24.0 0.989505328935 1.0
69.0 1.02274103591 1.0
134.0 0.973462696893 1.0
11.0 1.00565663584 1.0
192.0 5.97057819118 1.0
object 72	1.0:1.0
118.0 1.02577957512 1.0
122.0 1.00494280874 1.0
145.0 1.04766603127 1.0
object 73	1.0:1.0
192.0 -1.59903691636 1.0
54.0 0.992649715072 1.0
63.0 0.974878445316 1.0
95.0 1.00666275843 1.0
object 74	1.0:1.0
188.0 3.67679848194 1.0
33.0 0.968706457522 1.0
93.0 0.986006614695 1.0
170.0 0.997896823433 1.0
198.0 -7.69315127207 1.0
151.0 1.01367268106 1.0
13.0 1.00749783377 1.0
159.0 1.02862059848 1.0
139.0 1.07321382766 1.0
49.0 1.00349507113 1.0
141.0 0.987932668881 1.0
object 75	1.0:1.0
150.0 0.987772830362 1.0
184.0 4.01286632432 1.0
55.0 0.953704818958 1.0
162.0 1.00979926251 1.0
14.0 0.990728393206 1.0
8.0 0.994173252628 1.0
155.0 0.969717376219 1.0
object 76	1.0:1.0
150.0 1.02964330186 1.0
29.0 1.02702351812 1.0
75.0 1.01252169447 1.0
24.0 0.978524612592 1.0
object 77	1.0:1.0
136.0 0.970989561601 1.0
69.0 0.977117106991 1.0
197.0 1.51181049125 1.0
196.0 -4.04004516164 1.0
147.0 0.95891454521 1.0
118.0 1.06016022405 1.0
object 78	1.0:1.0
151.0 1.01258937942 1.0
183.0 -0.625609941019 1.0
187.0 6.39487885705 1.0
135.0 0.962863046364 1.0
178.0 1.0373691662 1.0
59.0 0.992029110028 1.0
29.0 0.973940419834 1.0
object 79	1.0:1.0
139.0 0.944036701185 1.0
111.0 1.00992981081 1.0
79.0 1.05757297714 1.0
object 80	1.0:1.0
141.0 1.03335352767 1.0
119.0 0.991729762088 1.0
125.0 1.0345014457 1.0
108.0 1.01331114639 1.0
162.0 1.06250539908 1.0
156.0 1.00318559215 1.0
object 81	1.0:1.0
121.0 1.00006961992 1.0
109.0 0.983454944036 1.0
196.0 2.2163798629 1.0
45.0 1.01006323995 1.0
175.0 0.968095293126 1.0
157.0 1.03433003281 1.0
33.0 1.01250133583 1.0
126.0 1.00191801381 1.0
object 82	1.0:1.0
131.0 1.01053345521 1.0
36.0 1.00778265915 1.0
177.0 1.00141999279 1.0
30.0 0.999448478288 1.0
40.0 1.02727654478 1.0
28.0 1.00465884262 1.0
object 83	1.0:1.0
122.0 1.02267945602 1.0
39.0 0.979393048749 1.0
2.0 0.910577980002 1.0
182.0 1.35979445442 1.0
159.0 1.04424733101 1.0
88.0 1.01543042824 1.0
1.0 0.996575922148 1.0
18.0 0.970897080588 1.0
object 84	1.0:1.0
77.0 0.992633804803 1.0
95.0 1.00626529173 1.0
object 85	1.0:1.0
188.0 2.75807785693 1.0
128.0 1.09733245582 1.0
182.0 0.0807606093498 1.0
16.0 0.971729686914 1.0
116.0 0.966514507897 1.0
28.0 1.03231111587 1.0
18.0 1.00538420096 1.0
183.0 3.23197483381 1.0
object 86	1.0:1.0
59.0 1.00756434175 1.0
173.0 0.996904679424 1.0
23.0 1.02981488417 1.0
144.0 1.01282216507 1.0
61.0 0.919656611735 1.0
194.0 1.60360802735 1.0
146.0 0.996668377363 1.0
object 87	1.0:1.0
184.0 -0.869826664049 1.0
96.0 1.00676378025 1.0
object 88	1.0:1.0
41.0 1.11738902485 1.0
85.0 1.01054969317 1.0
4.0 1.01615355704 1.0
110.0 1.01841646719 1.0
object 89	1.0:1.0
20.0 0.943252462844 1.0
89.0 1.00495475095 1.0
110.0 0.991003740493 1.0
38.0 0.982491110694 1.0
162.0 1.0990776906 1.0
104.0 1.00352592681 1.0
139.0 0.944422296783 1.0
object 90	1.0:1.0
143.0 1.09175476375 1.0
131.0 0.979074681949 1.0
186.0 0.0253260351314 1.0
114.0 0.992968915044 1.0
39.0 1.01382418085 1.0
object 91	1.0:1.0
185.0 5.34225185643 1.0
80.0 1.00592453335 1.0
163.0 0.914978771044 1.0
object 92	1.0:1.0
129.0 0.987232669494 1.0
147.0 0.962685084624 1.0
77.0 1.00180210337 1.0
78.0 0.962074349208 1.0
169.0 0.977014720916 1.0
144.0 0.984291977015 1.0
64.0 0.990806254555 1.0
object 93	1.0:1.0
53.0 1.01566572882 1.0
44.0 1.01724143629 1.0
93.0 0.994967049707 1.0
69.0 0.974969264051 1.0
178.0 0.993244376398 1.0
object 94	1.0:1.0
167.0 1.03344301379 1.0
129.0 1.01156779621 1.0
171.0 0.85864397549 1.0
85.0 1.04358368653 1.0
197.0 0.990573974819 1.0
125.0 1.01345501224 1.0
object 95	1.0:1.0
124.0 0.972992472229 1.0
160.0 1.00470780697 1.0
8.0 0.994208173126 1.0
115.0 0.985872622661 1.0
125.0 0.971668358333 1.0
object 96	1.0:1.0
76.0 1.01277802045 1.0
20.0 0.98514583347 1.0
156.0 1.01538792347 1.0
14.0 1.00328179824 1.0
98.0 0.995418184275 1.0
183.0 0.905917611603 1.0
31.0 0.991557103054 1.0
105.0 0.976763514008 1.0
157.0 1.06257123127 1.0
object 97	1.0:1.0
97.0 0.971503307999 1.0
49.0 0.978332367742 1.0
21.0 0.968537399479 1.0
object 98	1.0:1.0
81.0 1.02185344878 1.0
107.0 0.988347959713 1.0
object 99	1.0:1.0
167.0 0.980981684777 1.0
125.0 1.00451421979 1.0
60.0 0.945504754832 1.0
116.0 1.02829116933 1.0
90.0 1.05181348744 1.0
