object 0	1.0:1.0
20.0 0.997652589464 1.0
148.0 0.941396852321 1.0
97.0 1.02197165675 1.0
122.0 1.01653172042 1.0
12.0 0.975135972743 1.0
28.0 1.02520923909 1.0
135.0 1.00427645044 1.0
57.0 1.02225881482 1.0
195.0 -2.16240758023 1.0
192.0 -0.525556876211 1.0
63.0 0.981989263288 1.0
34.0 0.980872732973 1.0
48.0 0.996211470102 1.0
object 1	1.0:1.0
116.0 1.0513143822 1.0
52.0 0.997900734978 1.0
76.0 0.990577905936 1.0
174.0 1.00138223429 1.0
193.0 1.18787426749 1.0
142.0 1.00544621458 1.0
60.0 0.967399077917 1.0
194.0 1.0213559723 1.0
153.0 0.997625393939 1.0
39.0 1.03394239187 1.0
169.0 0.994960132862 1.0
3.0 0.994049095732 1.0
66.0 0.963515668155 1.0
object 2	1.0:1.0
180.0 0.770289729764 1.0
112.0 1.01669208212 1.0
147.0 0.947137412934 1.0
157.0 1.00532289646 1.0
87.0 1.00615041746 1.0
48.0 1.00376410909 1.0
84.0 0.997934613692 1.0
81.0 0.987681865291 1.0
118.0 0.948090717028 1.0
109.0 0.969620288145 1.0
132.0 0.995799427928 1.0
168.0 1.00522832732 1.0
6.0 1.00729220818 1.0
135.0 1.02873762698 1.0
35.0 0.983534499699 1.0
10.0 1.01312942206 1.0
163.0 0.996498327385 1.0
133.0 1.00575815396 1.0
object 3	1.0:1.0
101.0 1.02275542 1.0
192.0 1.24685546077 1.0
48.0 0.977704383775 1.0
99.0 1.01504943733 1.0
56.0 0.932017380595 1.0
19.0 0.995309508897 1.0
119.0 1.0226250137 1.0
14.0 1.04679911685 1.0
169.0 0.957359319122 1.0
149.0 1.0306352637 1.0
3.0 0.934256768753 1.0
63.0 0.990791246993 1.0
141.0 0.983441401574 1.0
91.0 1.04001724423 1.0
167.0 0.96753431224 1.0
77.0 0.963093006825 1.0
86.0 0.983447517322 1.0
object 4	1.0:1.0
189.0 -7.75866250055 1.0
32.0 1.03764103673 1.0
120.0 0.994259673225 1.0
127.0 1.00521103066 1.0
191.0 4.47538017172 1.0
102.0 0.94525491377 1.0
82.0 1.06399923784 1.0
195.0 -6.35829488632 1.0
43.0 0.995210915938 1.0
90.0 1.0130963727 1.0
124.0 1.05422675076 1.0
77.0 0.985564344962 1.0
36.0 0.982421171137 1.0
73.0 1.0261284023 1.0
166.0 0.967834412422 1.0
8.0 0.951490305187 1.0
object 5	1.0:1.0
141.0 0.975528627775 1.0
189.0 2.70643250277 1.0
112.0 1.03822917461 1.0
66.0 1.01400337304 1.0
62.0 1.01071697535 1.0
object 6	1.0:1.0
173.0 1.07811849863 1.0
193.0 0.121152428976 1.0
164.0 0.976711108479 1.0
52.0 1.00924032715 1.0
138.0 0.981133862623 1.0
28.0 1.02320359053 1.0
62.0 1.00366581872 1.0
9.0 0.957750352104 1.0
109.0 1.00428422892 1.0
111.0 0.934281369219 1.0
58.0 1.00179263306 1.0
104.0 0.978792912917 1.0
181.0 6.38634416579 1.0
object 7	1.0:1.0
45.0 1.00256905381 1.0
197.0 2.6617473852 1.0
134.0 0.976638353929 1.0
78.0 0.965421147682 1.0
125.0 0.938695816002 1.0
93.0 0.992575764956 1.0
114.0 1.0043720579 1.0
106.0 1.00562186803 1.0
33.0 1.02372102284 1.0
146.0 1.08874262928 1.0
167.0 1.01286139475 1.0
138.0 0.989730074058 1.0
91.0 1.01618191824 1.0
56.0 1.06915723926 1.0
13.0 1.00771953891 1.0
171.0 1.03677710193 1.0
190.0 6.6832252631 1.0
67.0 0.995497274061 1.0
176.0 1.03083984396 1.0
112.0 0.998523714205 1.0
62.0 0.962531605517 1.0
76.0 0.997289468304 1.0
52.0 0.919129990169 1.0
168.0 1.01039464856 1.0
107.0 1.03852566109 1.0
68.0 1.02816956082 1.0
object 8	1.0:1.0
144.0 0.988658957269 1.0
143.0 0.95045235116 1.0
50.0 1.01883345608 1.0
112.0 1.02852767185 1.0
52.0 1.00313354538 1.0
115.0 0.965036992536 1.0
32.0 1.00685455457 1.0
108.0 1.02350974695 1.0
158.0 1.00841050567 1.0
188.0 2.17578977622 1.0
165.0 0.955482656504 1.0
105.0 1.00867857144 1.0
163.0 1.01153694652 1.0
135.0 1.02007400709 1.0
86.0 0.976741426817 1.0
176.0 0.979511196189 1.0
107.0 1.05004993462 1.0
object 9	1.0:1.0
129.0 1.0484316438 1.0
190.0 -1.32131770643 1.0
78.0 0.950125478151 1.0
48.0 1.04658785579 1.0
28.0 0.974161865985 1.0
143.0 1.00664657661 1.0
65.0 0.996149250694 1.0
15.0 0.983238265177 1.0
61.0 0.98495178378 1.0
168.0 1.00628768697 1.0
40.0 0.93730975477 1.0
172.0 0.99499558444 1.0
36.0 1.01692906752 1.0
67.0 0.983807527901 1.0
8.0 1.00611235456 1.0
object 10	1.0:1.0
143.0 1.02710468876 1.0
77.0 0.997291304631 1.0
187.0 2.23611366629 1.0
130.0 0.99952965085 1.0
87.0 1.00430250686 1.0
19.0 1.03480191662 1.0
173.0 1.03849547179 1.0
74.0 1.00708427111 1.0
83.0 0.996920140207 1.0
122.0 0.9851860439 1.0
object 11	1.0:1.0
69.0 1.00264253614 1.0
21.0 1.00951145656 1.0
145.0 0.998575127208 1.0
11.0 0.990567086526 1.0
118.0 0.982019305649 1.0
48.0 0.932015237828 1.0
182.0 3.6490907797 1.0
90.0 0.990702122451 1.0
189.0 2.41769568556 1.0
18.0 0.984255061988 1.0
45.0 0.955488886231 1.0
112.0 0.992016837914 1.0
65.0 0.989820571738 1.0
object 12	1.0:1.0
129.0 0.924808413611 1.0
165.0 1.03743447013 1.0
72.0 1.04000914196 1.0
193.0 0.286458446118 1.0
12.0 0.987444120501 1.0
20.0 1.04560424186 1.0
195.0 1.99117695702 1.0
53.0 0.913134739266 1.0
39.0 0.974817538665 1.0
127.0 0.979663191066 1.0
58.0 0.969271189693 1.0
28.0 0.997989048046 1.0
167.0 0.975733456658 1.0
194.0 1.82890953526 1.0
116.0 1.00379037122 1.0
136.0 1.00781597165 1.0
33.0 1.0094933814 1.0
171.0 1.01203515474 1.0
142.0 0.987088922532 1.0
77.0 1.04188662945 1.0
79.0 1.01521905239 1.0
183.0 7.92753133618 1.0
object 13	1.0:1.0
25.0 0.916928803778 1.0
111.0 1.02465868755 1.0
9.0 1.03933382393 1.0
194.0 0.579260480366 1.0
91.0 1.00614710574 1.0
76.0 1.0124062341 1.0
118.0 1.03077777604 1.0
163.0 0.991911066032 1.0
132.0 0.941855410523 1.0
171.0 0.974423250526 1.0
48.0 1.07286326423 1.0
61.0 1.02642693524 1.0
179.0 0.913405125748 1.0
160.0 1.04076457578 1.0
138.0 1.01147813936 1.0
90.0 0.998706224623 1.0
120.0 0.994783792519 1.0
6.0 1.02454580678 1.0
14.0 0.95879564371 1.0
39.0 0.998629542839 1.0
object 14	1.0:1.0
189.0 -0.4347593827 1.0
175.0 0.999093488708 1.0
81.0 0.953914412548 1.0
119.0 0.987395144131 1.0
174.0 1.00765752906 1.0
48.0 1.04641675999 1.0
169.0 1.0323581864 1.0
133.0 1.03141693935 1.0
10.0 0.973863686998 1.0
42.0 1.01255258754 1.0
30.0 1.03870955633 1.0
33.0 0.969132746161 1.0
23.0 1.00013528449 1.0
155.0 1.00197353883 1.0
97.0 0.994806215556 1.0
21.0 1.04154338727 1.0
object 15	1.0:1.0
53.0 0.96636055052 1.0
102.0 1.01965957331 1.0
95.0 1.00419959771 1.0
166.0 0.992408197974 1.0
31.0 1.01721135549 1.0
109.0 1.00242236409 1.0
193.0 -1.10953776088 1.0
116.0 0.962743732447 1.0
40.0 0.908910336473 1.0
73.0 1.05421517396 1.0
object 16	1.0:1.0
191.0 3.03125357495 1.0
72.0 1.04012374131 1.0
135.0 0.966905815258 1.0
32.0 0.993121141099 1.0
162.0 0.98296233603 1.0
85.0 0.954057450896 1.0
53.0 0.995647898774 1.0
16.0 0.996428220365 1.0
130.0 1.00712829406 1.0
115.0 1.04880472836 1.0
object 17	1.0:1.0
129.0 0.961526180492 1.0
134.0 0.977405429173 1.0
114.0 1.016890951 1.0
169.0 1.00917889047 1.0
156.0 1.02015037212 1.0
76.0 0.998382022393 1.0
149.0 0.980008017655 1.0
110.0 0.9464846523 1.0
35.0 1.01315280885 1.0
131.0 1.00144043938 1.0
99.0 0.939848202983 1.0
91.0 1.02701385935 1.0
54.0 1.00213086326 1.0
41.0 0.972692503322 1.0
152.0 0.96823087352 1.0
object 18	1.0:1.0
74.0 1.01147946435 1.0
111.0 1.02666771879 1.0
89.0 1.00616125118 1.0
176.0 0.973039051722 1.0
41.0 0.976352799319 1.0
173.0 0.949398227497 1.0
128.0 1.04867645875 1.0
150.0 0.945587655528 1.0
135.0 1.02348953549 1.0
12.0 0.953488624064 1.0
130.0 0.997160282055 1.0
object 19	1.0:1.0
172.0 1.00985977977 1.0
193.0 -0.576538257176 1.0
28.0 0.981267094006 1.0
77.0 1.03350212555 1.0
96.0 1.03910232875 1.0
20.0 0.984186688709 1.0
92.0 0.986273306747 1.0
56.0 1.04368603026 1.0
116.0 0.997312104084 1.0
9.0 1.04533241106 1.0
178.0 0.991134806228 1.0
27.0 0.984779037117 1.0
object 20	1.0:1.0
137.0 0.940303215292 1.0
120.0 0.952559315051 1.0
187.0 0.526868352647 1.0
54.0 1.00453928259 1.0
106.0 1.02781813129 1.0
40.0 1.04202702629 1.0
103.0 1.00456655924 1.0
112.0 1.01810643386 1.0
190.0 -5.02416310939 1.0
75.0 1.0021336306 1.0
22.0 1.0038986939 1.0
91.0 1.02667846943 1.0
5.0 1.01251791467 1.0
87.0 0.971338414279 1.0
155.0 1.00846532947 1.0
1.0 0.960801749956 1.0
object 21	1.0:1.0
117.0 1.01413809041 1.0
122.0 0.996271808542 1.0
20.0 0.97336445912 1.0
43.0 0.974060268335 1.0
27.0 0.980345246685 1.0
16.0 1.00735854887 1.0
174.0 1.00593617841 1.0
10.0 1.01289116873 1.0
56.0 0.929952149214 1.0
110.0 0.965684878233 1.0
135.0 0.996030596435 1.0
17.0 1.00700436631 1.0
146.0 0.953584156186 1.0
58.0 1.00488733982 1.0
18.0 0.938847958786 1.0
23.0 1.00006531585 1.0
109.0 1.02090879675 1.0
37.0 0.96763367497 1.0
83.0 1.0044935012 1.0
124.0 1.02073837049 1.0
168.0 1.02156478724 1.0
object 22	1.0:1.0
98.0 1.02801742638 1.0
167.0 0.981740291229 1.0
171.0 1.00570488176 1.0
17.0 0.984299059834 1.0
119.0 1.00290155027 1.0
30.0 0.989586369099 1.0
106.0 1.01668156593 1.0
96.0 1.01504699443 1.0
109.0 1.00124262713 1.0
57.0 1.03105199121 1.0
176.0 1.01140015431 1.0
55.0 1.03380116098 1.0
174.0 1.00902850146 1.0
71.0 1.02450524968 1.0
object 23	1.0:1.0
109.0 1.02196472137 1.0
152.0 0.953165710394 1.0
87.0 0.971237270162 1.0
19.0 1.01658639925 1.0
179.0 0.976306094481 1.0
192.0 3.16390642848 1.0
156.0 0.972685517396 1.0
42.0 0.996337295713 1.0
120.0 1.00306445585 1.0
3.0 1.00021478715 1.0
90.0 0.981909238127 1.0
61.0 1.026110117 1.0
198.0 4.52425087379 1.0
object 24	1.0:1.0
104.0 0.99738624655 1.0
148.0 0.989587459878 1.0
169.0 1.00115437435 1.0
100.0 1.01006428724 1.0
29.0 1.05340628609 1.0
176.0 0.989218384873 1.0
42.0 0.98414848729 1.0
33.0 1.00627865467 1.0
38.0 1.09944755471 1.0
17.0 0.984435852522 1.0
109.0 1.00225573732 1.0
48.0 1.0104385762 1.0
161.0 1.03525456798 1.0
121.0 1.06012753324 1.0
object 25	1.0:1.0
163.0 0.934768767509 1.0
125.0 0.859022556033 1.0
87.0 0.973950087735 1.0
175.0 0.983373779141 1.0
114.0 1.0004626786 1.0
74.0 0.956863741327 1.0
76.0 1.02997824821 1.0
126.0 1.02572541378 1.0
13.0 0.999413268856 1.0
4.0 1.00843011918 1.0
149.0 0.960258964474 1.0
130.0 1.01480254966 1.0
199.0 0.0891087994115 1.0
61.0 1.00193963194 1.0
136.0 0.973124830823 1.0
object 26	1.0:1.0
147.0 1.03101678599 1.0
6.0 0.999818737262 1.0
182.0 -1.19149096577 1.0
92.0 1.02772890489 1.0
65.0 1.06093890332 1.0
58.0 1.06421293911 1.0
185.0 -7.54671293159 1.0
133.0 1.01029430972 1.0
139.0 1.01694590902 1.0
39.0 1.03509956841 1.0
199.0 0.26020606215 1.0
101.0 1.00035661797 1.0
171.0 0.996840026121 1.0
172.0 1.01384432137 1.0
19.0 0.996777712162 1.0
37.0 1.00543379187 1.0
32.0 1.02187222556 1.0
51.0 1.01205183731 1.0
object 27	1.0:1.0
188.0 0.3962523752 1.0
182.0 -1.75148098002 1.0
134.0 0.977900785407 1.0
46.0 0.960709390598 1.0
116.0 0.960927174153 1.0
169.0 0.982664758957 1.0
168.0 0.997797712963 1.0
7.0 0.986628961757 1.0
57.0 0.982609407182 1.0
62.0 0.996138178986 1.0
107.0 1.01527500458 1.0
26.0 1.00424017789 1.0
70.0 1.01871445426 1.0
153.0 0.990545848314 1.0
11.0 1.03500243766 1.0
119.0 1.02122153971 1.0
object 28	1.0:1.0
154.0 0.998268463618 1.0
177.0 1.02117235226 1.0
184.0 2.7446357774 1.0
162.0 0.975887057064 1.0
122.0 0.999957489489 1.0
77.0 0.992320642165 1.0
100.0 1.08381654719 1.0
41.0 1.01293271544 1.0
72.0 1.01430211638 1.0
180.0 1.20529680105 1.0
14.0 1.00300880584 1.0
object 29	1.0:1.0
158.0 0.986857341377 1.0
177.0 0.970785956637 1.0
42.0 0.983455382031 1.0
97.0 1.0086128794 1.0
18.0 0.94720511098 1.0
116.0 0.987121957121 1.0
36.0 1.01517061686 1.0
168.0 1.04330980251 1.0
83.0 1.02586668294 1.0
48.0 1.02192294484 1.0
81.0 0.955719103793 1.0
163.0 0.991521025679 1.0
156.0 1.02462645943 1.0
41.0 1.05102414833 1.0
19.0 0.978749487458 1.0
165.0 1.02938144473 1.0
188.0 -1.78352978562 1.0
object 30	1.0:1.0
48.0 1.02951039287 1.0
30.0 1.02298143122 1.0
191.0 5.18687052379 1.0
193.0 -1.16694280082 1.0
33.0 1.02969690176 1.0
29.0 0.946931965889 1.0
83.0 1.03041694662 1.0
138.0 1.03632993256 1.0
146.0 1.01087057202 1.0
132.0 1.02303677464 1.0
150.0 0.983307401416 1.0
80.0 0.992040404122 1.0
18.0 1.04202741046 1.0
3.0 1.00363275371 1.0
1.0 0.981422203649 1.0
179.0 1.02979722074 1.0
24.0 0.980398250576 1.0
69.0 0.994946706268 1.0
object 31	1.0:1.0
40.0 1.07516469952 1.0
195.0 8.38790638648 1.0
129.0 0.978860230883 1.0
34.0 1.06139796395 1.0
72.0 1.00457734119 1.0
41.0 1.02081698441 1.0
71.0 0.991396893112 1.0
103.0 1.04279685053 1.0
21.0 1.05225694859 1.0
191.0 4.18523598032 1.0
181.0 -4.36444067713 1.0
48.0 1.00582312515 1.0
object 32	1.0:1.0
33.0 0.999349674453 1.0
49.0 1.01890922393 1.0
70.0 1.03941221982 1.0
53.0 0.966270912644 1.0
138.0 0.949857754757 1.0
71.0 1.02902027347 1.0
73.0 0.955140697216 1.0
1.0 0.992618073961 1.0
object 33	1.0:1.0
90.0 0.964969131784 1.0
125.0 1.00149392707 1.0
170.0 1.01792082835 1.0
49.0 1.01074982566 1.0
16.0 1.03017493907 1.0
169.0 1.00572642782 1.0
79.0 0.964720200843 1.0
89.0 1.01158987593 1.0
17.0 0.987308320124 1.0
154.0 0.998440554828 1.0
57.0 1.00014029599 1.0
23.0 1.00489522923 1.0
168.0 0.998577330078 1.0
190.0 -8.71640047372 1.0
72.0 1.02821051982 1.0
143.0 0.995362409776 1.0
93.0 1.03115000468 1.0
91.0 0.969234187635 1.0
185.0 3.19374270158 1.0
127.0 0.977504651523 1.0
object 34	1.0:1.0
164.0 1.05874717353 1.0
105.0 0.995519848054 1.0
61.0 0.959617623338 1.0
179.0 0.908112531173 1.0
103.0 0.969770163443 1.0
161.0 0.967458360344 1.0
67.0 0.994669259152 1.0
40.0 0.976441084844 1.0
7.0 0.986764921797 1.0
10.0 1.00335501151 1.0
189.0 1.81549016188 1.0
13.0 1.0456372974 1.0
82.0 0.904498215913 1.0
176.0 0.977591238238 1.0
101.0 0.972340038635 1.0
162.0 0.989634668274 1.0
object 35	1.0:1.0
176.0 0.956198252045 1.0
63.0 1.00905390772 1.0
104.0 0.971078110778 1.0
94.0 0.98278682105 1.0
89.0 1.00220636052 1.0
83.0 0.99805027359 1.0
150.0 1.04598720129 1.0
168.0 0.985150673474 1.0
102.0 0.942502150951 1.0
111.0 0.929307648657 1.0
51.0 0.954710622075 1.0
5.0 1.0092795149 1.0
58.0 1.02809179943 1.0
object 36	1.0:1.0
39.0 1.01466670348 1.0
23.0 0.981642901013 1.0
170.0 1.00584461685 1.0
15.0 0.967773389504 1.0
86.0 1.01851373406 1.0
164.0 0.982625874591 1.0
125.0 0.954610508809 1.0
4.0 1.01053829816 1.0
73.0 1.03787469741 1.0
150.0 1.07652151351 1.0
21.0 0.99789615346 1.0
186.0 7.68200105856 1.0
87.0 1.03463955299 1.0
49.0 0.975142665429 1.0
184.0 2.73865611329 1.0
22.0 0.988062864943 1.0
181.0 -5.74379678717 1.0
object 37	1.0:1.0
49.0 1.0557084478 1.0
98.0 1.06529535989 1.0
0.0 1.04332946184 1.0
195.0 10.1082649045 1.0
10.0 1.03307824464 1.0
9.0 1.04618456027 1.0
143.0 0.998977660646 1.0
152.0 0.997381946174 1.0
133.0 1.02917039851 1.0
38.0 1.00211597147 1.0
39.0 0.990345210124 1.0
130.0 0.996952524661 1.0
168.0 0.983663488311 1.0
185.0 3.74915669751 1.0
4.0 1.00149822982 1.0
198.0 6.64956316988 1.0
150.0 0.990129145166 1.0
30.0 0.984469504752 1.0
object 38	1.0:1.0
50.0 0.988109138694 1.0
125.0 0.990991365243 1.0
34.0 1.09210287348 1.0
33.0 0.986276513568 1.0
15.0 1.01384111157 1.0
58.0 0.922701345443 1.0
60.0 0.988426406596 1.0
192.0 0.0424904418616 1.0
49.0 0.989951789202 1.0
86.0 0.975700695501 1.0
198.0 4.25962430804 1.0
152.0 1.03781258659 1.0
109.0 1.01314690433 1.0
80.0 0.984068765875 1.0
90.0 1.02493121694 1.0
92.0 0.983989035381 1.0
object 39	1.0:1.0
41.0 1.03802671082 1.0
44.0 1.00288480189 1.0
29.0 1.06380091794 1.0
19.0 1.03473282289 1.0
166.0 1.01917585411 1.0
143.0 0.980200663642 1.0
102.0 1.00258366753 1.0
175.0 1.03248991089 1.0
26.0 1.00398810243 1.0
154.0 0.965213755733 1.0
33.0 0.993157459263 1.0
51.0 1.03779962256 1.0
object 40	1.0:1.0
143.0 0.987152352526 1.0
11.0 0.981298148261 1.0
198.0 10.1379777505 1.0
32.0 1.01540986846 1.0
26.0 0.970288736199 1.0
105.0 0.975954767458 1.0
61.0 1.04723350484 1.0
191.0 -2.65580275688 1.0
73.0 0.953687551878 1.0
120.0 1.0600496961 1.0
16.0 0.922277603852 1.0
109.0 0.984644031732 1.0
157.0 0.941341987388 1.0
53.0 0.989343751481 1.0
91.0 0.987289651488 1.0
78.0 0.997766430235 1.0
146.0 1.00479173804 1.0
35.0 1.00390887607 1.0
83.0 1.02237273439 1.0
object 41	1.0:1.0
53.0 0.995778711429 1.0
43.0 0.983972033484 1.0
112.0 0.999542432374 1.0
11.0 1.04229482468 1.0
76.0 0.996536764255 1.0
20.0 1.03229819705 1.0
70.0 0.985279593678 1.0
184.0 1.5948125894 1.0
156.0 1.01686932624 1.0
178.0 0.983293819347 1.0
85.0 1.00496250769 1.0
98.0 0.9255190295 1.0
141.0 1.06473686672 1.0
195.0 0.462362861976 1.0
174.0 1.00202773589 1.0
29.0 0.961728569992 1.0
197.0 1.36444170307 1.0
25.0 1.0133816973 1.0
38.0 0.993292761369 1.0
object 42	1.0:1.0
51.0 1.0037765939 1.0
66.0 0.990237770297 1.0
87.0 1.02298985518 1.0
44.0 1.00305589311 1.0
72.0 1.02200254216 1.0
143.0 0.975862833821 1.0
149.0 0.988147850783 1.0
136.0 1.00059206014 1.0
185.0 -4.8211470521 1.0
21.0 0.936967430896 1.0
193.0 2.50419467692 1.0
197.0 -0.141687998647 1.0
32.0 0.966335896312 1.0
104.0 0.987666118847 1.0
57.0 1.04906473702 1.0
object 43	1.0:1.0
77.0 0.993718218732 1.0
174.0 1.01385838353 1.0
8.0 0.996338589999 1.0
84.0 1.05083630638 1.0
73.0 1.05760737623 1.0
34.0 1.03824294706 1.0
65.0 0.951994427852 1.0
142.0 1.01249659132 1.0
97.0 1.04540916999 1.0
184.0 2.91194157499 1.0
123.0 1.00261680793 1.0
62.0 0.985079056917 1.0
45.0 1.04896216905 1.0
object 44	1.0:1.0
125.0 1.02411428779 1.0
109.0 0.975256887397 1.0
18.0 0.994682977418 1.0
157.0 1.01043758701 1.0
159.0 1.01686795926 1.0
99.0 0.971873512284 1.0
81.0 0.912631123052 1.0
97.0 0.955970740755 1.0
9.0 0.997953834611 1.0
95.0 0.999497741327 1.0
67.0 1.04235404162 1.0
191.0 1.58604320654 1.0
164.0 1.00083532613 1.0
object 45	1.0:1.0
99.0 1.08511122852 1.0
22.0 1.01353347091 1.0
137.0 1.06637274784 1.0
67.0 1.02074043235 1.0
55.0 0.954393742004 1.0
39.0 1.00726403685 1.0
199.0 0.903888556667 1.0
82.0 1.02716779827 1.0
83.0 0.997951603746 1.0
30.0 1.01229962159 1.0
59.0 1.03271455104 1.0
5.0 0.994794100389 1.0
34.0 0.982967688326 1.0
46.0 1.00321633862 1.0
197.0 -2.68463462795 1.0
188.0 1.40612488312 1.0
135.0 1.04489505019 1.0
object 46	1.0:1.0
162.0 0.967806312319 1.0
25.0 1.00924517452 1.0
104.0 1.0225788066 1.0
33.0 1.01537076385 1.0
157.0 0.96476714315 1.0
52.0 1.0179822573 1.0
194.0 1.19607735116 1.0
166.0 1.00257836231 1.0
153.0 1.02895308935 1.0
199.0 0.0461436084192 1.0
180.0 1.16838448544 1.0
198.0 2.98917201712 1.0
118.0 0.975096732691 1.0
130.0 0.970952714771 1.0
84.0 1.00817401373 1.0
object 47	1.0:1.0
100.0 1.08668310292 1.0
76.0 0.999359655583 1.0
44.0 0.996321585284 1.0
168.0 1.02889637216 1.0
119.0 1.01136709055 1.0
95.0 0.975922961927 1.0
17.0 1.02674589455 1.0
175.0 0.975371694778 1.0
3.0 1.01746257443 1.0
object 48	1.0:1.0
84.0 1.00805621617 1.0
160.0 1.01839135427 1.0
45.0 1.00606827729 1.0
38.0 0.959552134504 1.0
95.0 1.01253016777 1.0
186.0 1.8803299091 1.0
198.0 3.5633607926 1.0
142.0 1.02676869708 1.0
151.0 1.01222782352 1.0
68.0 0.966277030937 1.0
object 49	1.0:1.0
56.0 1.00610801759 1.0
14.0 1.03141279372 1.0
174.0 1.01166304462 1.0
32.0 1.00478845315 1.0
64.0 0.959947386062 1.0
111.0 1.03086819921 1.0
85.0 1.01661063888 1.0
44.0 0.984354397606 1.0
139.0 1.00493006437 1.0
91.0 1.01406392428 1.0
41.0 1.02929866906 1.0
103.0 0.994020102427 1.0
59.0 1.01979643709 1.0
57.0 1.00135941901 1.0
95.0 1.00747418818 1.0
116.0 1.0389365233 1.0
52.0 1.00991385989 1.0
78.0 1.03722651341 1.0
37.0 1.00433231023 1.0
151.0 1.02007972654 1.0
167.0 1.00326100887 1.0
168.0 1.0566099896 1.0
object 50	1.0:0.5 3.63748360494:0.5
50.0 3.73856350787 1.0
67.0 0.967987368151 0.0
86.0 3.54904089501 1.0
104.0 1.03470766609 0.0
85.0 0.922272958397 0.0
63.0 3.6317261708 1.0
190.0 0.305217535736 0.0
53.0 3.58820193347 1.0
103.0 3.68506633529 1.0
61.0 0.949070740549 0.0
178.0 3.6116211239 1.0
117.0 3.63073112885 1.0
38.0 3.60721412289 1.0
26.0 3.60981231279 1.0
115.0 3.70046831285 1.0
185.0 1.80738681892 0.0
object 51	1.0:0.5 -6.7390763381:0.5
160.0 -6.77780696658 1.0
35.0 -6.75059554829 1.0
88.0 1.00952136889 0.0
32.0 1.00933423223 0.0
158.0 1.02758051856 0.0
29.0 0.941111295129 0.0
12.0 -6.76084474807 1.0
127.0 1.02885513516 0.0
125.0 -6.73388048652 1.0
77.0 0.96297990729 0.0
14.0 -6.67038914666 1.0
51.0 0.979727754182 0.0
object 52	1.0:0.5 -3.77160743639:0.5
17.0 -3.74812464561 1.0
87.0 -3.77451842868 1.0
82.0 1.06396541827 0.0
33.0 -3.66455223355 1.0
68.0 1.03543238501 0.0
175.0 -3.85806144299 1.0
49.0 0.95798030976 0.0
11.0 -3.69261298052 1.0
178.0 0.981172798221 0.0
6.0 -3.74794924649 1.0
42.0 1.09188693923 0.0
object 53	1.0:0.5 25.3417986936:0.5
86.0 0.919537030245 0.0
151.0 25.3747674656 1.0
145.0 25.4140772835 1.0
89.0 1.05987324894 0.0
69.0 25.325166533 1.0
111.0 1.03802252222 0.0
38.0 25.3755945376 1.0
88.0 0.936778876494 0.0
55.0 25.3469858309 1.0
74.0 25.3452534867 1.0
73.0 1.05521384944 0.0
27.0 1.01885029291 0.0
25.0 1.00296577487 0.0
63.0 0.990161136111 0.0
196.0 25.4983688262 1.0
29.0 1.08670661709 0.0
139.0 0.987923336369 0.0
136.0 25.3846915986 1.0
41.0 25.3133343835 1.0
191.0 1.67560416373 0.0
object 54	1.0:0.5 15.5891003424:0.5
76.0 15.5980631593 1.0
60.0 1.06019199947 0.0
9.0 1.01310886744 0.0
56.0 0.94124660166 0.0
120.0 15.4963756086 1.0
142.0 0.985338391153 0.0
2.0 15.5480364959 1.0
24.0 15.5695898247 1.0
158.0 1.03811685863 0.0
198.0 16.1640736414 1.0
98.0 15.604708071 1.0
165.0 15.5849864932 1.0
89.0 15.6676542432 1.0
170.0 15.5498668524 1.0
134.0 0.99235105744 0.0
84.0 15.6438888963 1.0
66.0 1.07614436062 0.0
object 55	1.0:0.5 -7.18974893928:0.5
17.0 -7.16225850575 1.0
190.0 -2.46060192182 0.0
41.0 -7.20759806471 1.0
61.0 1.06608225877 0.0
125.0 -7.25157584091 1.0
175.0 -7.15924766135 1.0
112.0 -7.16342217369 1.0
19.0 -7.19352136231 1.0
45.0 -7.08090311733 1.0
object 56	1.0:0.5 -2.30528873479:0.5
29.0 -2.32197695797 1.0
165.0 -2.29704279554 1.0
101.0 -2.36705841409 1.0
28.0 -2.39152509536 1.0
102.0 -2.22291283287 1.0
119.0 0.932621966754 0.0
9.0 1.01424511334 0.0
83.0 -2.31689860274 1.0
178.0 -2.33785250752 1.0
53.0 -2.23898005985 1.0
object 57	1.0:0.5 2.01449268085:0.5
99.0 0.961055269973 0.0
139.0 0.985573882527 0.0
18.0 1.98526703255 1.0
148.0 1.8804371772 1.0
87.0 2.01982755185 1.0
61.0 2.04279508158 1.0
107.0 1.01474586669 0.0
81.0 0.940691239698 0.0
145.0 0.938391431848 0.0
176.0 0.961232263326 0.0
159.0 1.00278340232 0.0
40.0 2.02472723146 1.0
48.0 1.02741436051 0.0
70.0 0.990659140637 0.0
72.0 1.97764379571 1.0
object 58	1.0:0.5 -1.91250809321:0.5
71.0 -1.96757402132 1.0
118.0 -1.93000621539 1.0
197.0 -2.5998034505 1.0
12.0 0.999237613129 0.0
13.0 -1.99192781298 1.0
176.0 0.992811297456 0.0
23.0 0.983726021965 0.0
193.0 1.31639471095 0.0
188.0 -3.94704377196 1.0
97.0 -2.00437654913 1.0
object 59	1.0:0.5 3.57412105943:0.5
23.0 1.08788866495 0.0
56.0 0.90655852369 0.0
55.0 3.54855865985 1.0
15.0 3.54094016574 1.0
186.0 -3.85506127419 0.0
144.0 1.05420469884 0.0
119.0 1.00414799611 0.0
184.0 6.59726875392 1.0
131.0 3.56082336759 1.0
96.0 3.67259530924 1.0
169.0 1.04852850471 0.0
42.0 3.47258687912 1.0
30.0 3.63637983461 1.0
35.0 0.951012972205 0.0
165.0 0.947103055644 0.0
74.0 0.984924337256 0.0
90.0 3.52420224486 1.0
64.0 3.46162168819 1.0
object 60	1.0:0.5 2.52958288499:0.5
179.0 2.55153420826 1.0
99.0 2.63417694652 1.0
2.0 2.56283992609 1.0
34.0 2.55697794428 1.0
176.0 1.0538799042 0.0
199.0 3.7997602757 1.0
101.0 1.01461181074 0.0
108.0 2.50897862338 1.0
60.0 2.54239445217 1.0
8.0 2.51811288145 1.0
139.0 2.49070865265 1.0
37.0 0.987551242002 0.0
136.0 2.50875973091 1.0
135.0 0.972094221051 0.0
72.0 2.53950091725 1.0
67.0 0.978057483089 0.0
102.0 2.47617991796 1.0
object 61	1.0:0.5 -4.33189846749:0.5
112.0 1.10470861617 0.0
31.0 -4.38780955824 1.0
118.0 0.971151618507 0.0
158.0 0.975927098354 0.0
169.0 -4.21175087284 1.0
33.0 -4.27218853286 1.0
170.0 1.01336375739 0.0
89.0 0.959461509822 0.0
7.0 0.982320581349 0.0
25.0 -4.32746559995 1.0
61.0 -4.27451349135 1.0
168.0 -4.29832548487 1.0
87.0 -4.42315881594 1.0
2.0 -4.28633453399 1.0
155.0 -4.32699142926 1.0
101.0 -4.31530423969 1.0
36.0 0.934248865464 0.0
165.0 0.933150767658 0.0
51.0 1.06413997521 0.0
156.0 0.97882002311 0.0
object 62	1.0:0.5 14.4600375537:0.5
91.0 14.4708958601 1.0
124.0 1.03577102245 0.0
109.0 14.5085114229 1.0
94.0 14.4935958302 1.0
183.0 2.63061314798 0.0
152.0 1.05824779777 0.0
20.0 14.4823798355 1.0
103.0 14.4440472628 1.0
89.0 0.997989952671 0.0
72.0 0.951561481549 0.0
187.0 15.8368527918 1.0
1.0 0.982668484632 0.0
object 63	1.0:0.5 -12.9386678114:0.5
10.0 -12.8478997889 1.0
153.0 -12.9173623056 1.0
83.0 0.938826719118 0.0
2.0 -12.9185000035 1.0
4.0 1.03790244437 0.0
116.0 -12.8268545581 1.0
150.0 1.03765591111 0.0
56.0 1.00283639266 0.0
58.0 -12.9923854524 1.0
39.0 -12.8835822207 1.0
117.0 -12.9304352133 1.0
84.0 0.941897451192 0.0
45.0 -12.9506436109 1.0
124.0 -12.9171939895 1.0
object 64	1.0:0.5 3.91849542344:0.5
140.0 1.02711201111 0.0
139.0 0.900288634529 0.0
22.0 3.95534708965 1.0
14.0 1.00232143251 0.0
90.0 3.90367824298 1.0
120.0 3.93079998787 1.0
194.0 7.25483128901 0.0
114.0 3.98380262683 1.0
39.0 3.81920914477 1.0
92.0 1.0825673774 0.0
129.0 0.943837777106 0.0
98.0 0.99980534726 0.0
7.0 1.03165321945 0.0
166.0 1.07441289109 0.0
object 65	1.0:0.5 -1.32488253212:0.5
133.0 -1.37871441605 1.0
49.0 0.926917476837 0.0
0.0 -1.34262053665 1.0
126.0 0.906652343298 0.0
74.0 -1.36216342291 1.0
188.0 0.0298033786583 0.0
17.0 -1.29213937061 1.0
189.0 6.63290996152 0.0
51.0 1.02164899791 0.0
102.0 -1.29898379892 1.0
92.0 -1.30477779003 1.0
160.0 1.00376564544 0.0
101.0 -1.31346891634 1.0
172.0 1.00985112389 0.0
63.0 -1.31957025689 1.0
32.0 0.963370565452 0.0
127.0 1.00959534901 0.0
193.0 -0.981793283136 1.0
28.0 0.98838555314 0.0
object 66	1.0:0.5 16.6939014472:0.5
181.0 23.7399417214 1.0
58.0 0.999779980845 0.0
18.0 1.03800474939 0.0
4.0 16.6567055776 1.0
33.0 16.6367610285 1.0
35.0 0.959972894437 0.0
154.0 16.6984090424 1.0
6.0 0.986208148764 0.0
14.0 16.599835742 1.0
168.0 16.7462760869 1.0
100.0 16.6855402922 1.0
187.0 1.08445814983 0.0
object 67	1.0:0.5 13.0904026299:0.5
39.0 1.02061914063 0.0
124.0 1.01471171776 0.0
107.0 13.1007641467 1.0
178.0 13.1070203923 1.0
167.0 0.984953664287 0.0
179.0 13.0056125411 1.0
182.0 1.55716122275 0.0
64.0 0.934629951485 0.0
76.0 13.0581385989 1.0
86.0 13.0560775963 1.0
197.0 15.9771022837 1.0
156.0 13.1929530375 1.0
121.0 13.0559148263 1.0
4.0 13.0874776063 1.0
object 68	1.0:0.5 -8.21456284074:0.5
25.0 0.971071330406 0.0
47.0 0.950086651598 0.0
152.0 -8.35038781614 1.0
45.0 -8.24192295955 1.0
22.0 1.06892975843 0.0
132.0 1.03162750781 0.0
133.0 -8.208725566 1.0
150.0 -8.1360494062 1.0
13.0 1.03899382311 0.0
74.0 -8.35457106121 1.0
85.0 1.04982353099 0.0
8.0 0.92698646703 0.0
190.0 -10.0518916762 1.0
198.0 -7.75492122852 1.0
115.0 1.01855541563 0.0
86.0 0.94913398474 0.0
object 69	1.0:0.5 8.21455918529:0.5
180.0 1.20647419804 0.0
1.0 0.967268202776 0.0
128.0 8.21649471683 1.0
11.0 1.03650821692 0.0
193.0 6.74502388982 0.0
158.0 0.968024328106 0.0
124.0 0.960804966655 0.0
56.0 8.17704002735 1.0
92.0 8.18931810792 1.0
103.0 8.23427852066 1.0
35.0 0.958931578793 0.0
149.0 8.17044720555 1.0
14.0 0.927187848344 0.0
119.0 8.20237357799 1.0
37.0 0.929930025048 0.0
object 70	1.0:0.5 -3.60797699382:0.5
58.0 1.14286120062 0.0
140.0 1.10586617086 0.0
15.0 0.976123194993 0.0
131.0 -3.67034289806 1.0
33.0 -3.55570319505 1.0
7.0 0.981556538872 0.0
101.0 0.958168663006 0.0
130.0 -3.63474763629 1.0
26.0 -3.69813492819 1.0
25.0 -3.60293960623 1.0
194.0 -0.222088436493 0.0
112.0 -3.55333203308 1.0
23.0 0.969580115919 0.0
80.0 0.980067625009 0.0
41.0 -3.70367839466 1.0
195.0 2.75556745219 0.0
174.0 0.956958224181 0.0
117.0 0.940455338592 0.0
113.0 -3.70738438072 1.0
122.0 -3.63573844307 1.0
102.0 -3.61164854023 1.0
133.0 -3.64309237995 1.0
31.0 0.989748067541 0.0
0.0 -3.59381365293 1.0
170.0 -3.56053255862 1.0
object 71	1.0:0.5 1.15237599277:0.5
71.0 1.12397722192 1.0
117.0 1.14868070799 1.0
106.0 1.18861733898 1.0
193.0 3.72468440442 0.0
125.0 0.9704363546 0.0
148.0 1.02405470943 0.0
63.0 0.961916942205 0.0
47.0 1.03387885194 0.0
3.0 1.20469589624 1.0
99.0 1.16667902091 1.0
1.0 1.17669942748 1.0
94.0 1.15770267525 1.0
192.0 1.23760518278 0.0
139.0 1.20689823546 1.0
17.0 1.15058564172 1.0
179.0 1.00062201521 0.0
82.0 1.01427477549 0.0
185.0 -2.01960371114 0.0
object 72	1.0:0.5 1.99073892125:0.5
173.0 1.00120940517 0.0
20.0 0.979197727826 0.0
65.0 1.03266555294 0.0
187.0 1.15779994126 0.0
184.0 -1.44304143035 0.0
160.0 0.92164684033 0.0
8.0 1.03517357801 0.0
54.0 1.04735126306 0.0
51.0 0.975080085138 0.0
151.0 1.94905400236 1.0
0.0 1.04455705187 0.0
6.0 0.94046703659 0.0
121.0 0.969818762018 0.0
198.0 3.99976378759 0.0
74.0 1.97625841611 1.0
116.0 2.03618062338 1.0
155.0 1.99187619667 1.0
197.0 4.22658259473 1.0
object 73	1.0:0.5 -4.24943595342:0.5
134.0 1.03853113804 0.0
50.0 1.04268558332 0.0
135.0 0.931087522388 0.0
133.0 1.02005890115 0.0
89.0 -4.26397293206 1.0
79.0 -4.25537293613 1.0
81.0 -4.27260667334 1.0
36.0 1.05787042192 0.0
140.0 0.984068139963 0.0
21.0 1.07119947974 0.0
90.0 -4.25510639137 1.0
131.0 1.03927271448 0.0
198.0 0.464507942463 0.0
45.0 -4.12994800965 1.0
162.0 1.06390618235 0.0
118.0 1.04937555177 0.0
190.0 -0.199098176936 0.0
142.0 0.987750619379 0.0
object 74	1.0:0.5 -0.0370763373914:0.5
17.0 -0.0904806626713 1.0
116.0 0.845571451443 0.0
197.0 -1.30724282091 0.0
126.0 0.0111201372475 1.0
101.0 -0.0332111151314 1.0
198.0 2.79779784744 0.0
112.0 0.915253002443 0.0
69.0 0.0262110530523 1.0
132.0 1.06117283254 0.0
45.0 -0.190825157732 1.0
111.0 -0.0416019871715 1.0
144.0 -0.0971059240712 1.0
58.0 0.992586499235 0.0
103.0 1.07235894379 0.0
36.0 0.950320770579 0.0
90.0 0.878652972508 0.0
59.0 1.00114769493 0.0
172.0 0.955169984812 0.0
51.0 -0.0589483157045 1.0
23.0 -0.120943806761 1.0
object 75	1.0:0.5 -0.965924836223:0.5
118.0 1.06085973475 0.0
42.0 0.957929611909 0.0
43.0 -1.00295574491 1.0
53.0 0.939169996175 0.0
57.0 0.926903370618 0.0
165.0 0.991771445003 0.0
77.0 0.982773542145 0.0
126.0 -0.949446268395 1.0
134.0 1.02562443255 0.0
183.0 -0.43947854205 1.0
174.0 1.00816897248 0.0
115.0 1.00017631804 0.0
27.0 1.03168407383 0.0
106.0 -0.912561858336 1.0
99.0 1.03002177409 0.0
5.0 0.912040388262 0.0
object 76	1.0:0.5 1.68662615493:0.5
122.0 1.00105148018 0.0
81.0 1.62536618469 1.0
167.0 1.03870721822 0.0
198.0 0.9218564036 1.0
9.0 1.61222143957 1.0
127.0 1.59937271927 1.0
25.0 1.67567664508 1.0
188.0 -8.28043886119 1.0
196.0 -0.875924093575 0.0
154.0 1.05657831833 0.0
41.0 0.992012923967 0.0
1.0 0.98487673288 0.0
24.0 1.68333341565 1.0
109.0 1.07371129703 0.0
133.0 1.75541619284 1.0
38.0 1.01712171427 0.0
34.0 1.71700047193 1.0
121.0 1.73666346175 1.0
62.0 1.6246831108 1.0
52.0 1.69186105849 1.0
95.0 1.01669736385 0.0
92.0 1.73284889143 1.0
48.0 1.61908410489 1.0
162.0 1.04685131709 0.0
47.0 1.66548576635 1.0
17.0 1.64479427995 1.0
138.0 1.63476856762 1.0
object 77	1.0:0.5 12.663249874:0.5
37.0 12.6293749275 1.0
62.0 0.893943110728 0.0
128.0 0.993084289282 0.0
174.0 0.925275437142 0.0
164.0 0.992092576221 0.0
150.0 12.7020400646 1.0
53.0 1.04325303076 0.0
51.0 1.00286133577 0.0
109.0 12.6755982234 1.0
168.0 0.998288399886 0.0
91.0 12.6398383526 1.0
object 78	1.0:0.5 -2.68777571637:0.5
118.0 -2.73514954372 1.0
101.0 1.00914344688 0.0
36.0 0.990239772083 0.0
163.0 0.971568024367 0.0
42.0 1.0718632634 0.0
132.0 -2.68372204747 1.0
63.0 0.994722717949 0.0
35.0 0.897367863897 0.0
91.0 -2.63790088627 1.0
199.0 0.356409681763 1.0
32.0 0.97375149793 0.0
67.0 1.01383405605 0.0
131.0 0.959104841613 0.0
79.0 -2.66026166146 1.0
154.0 1.07954203548 0.0
object 79	1.0:0.5 4.13573121002:0.5
170.0 1.03385981344 0.0
148.0 4.12796624105 1.0
19.0 0.928991703017 0.0
38.0 1.02760059234 0.0
145.0 1.05964517351 0.0
116.0 4.12658541546 1.0
73.0 4.19251529244 1.0
103.0 4.07004337953 1.0
108.0 0.948274833062 0.0
156.0 4.1678750951 1.0
119.0 4.14773898187 1.0
100.0 4.09341003559 1.0
object 80	1.0:0.5 9.56961532412:0.5
193.0 -2.79642145426 0.0
195.0 12.1485515753 1.0
178.0 0.975742644356 0.0
30.0 9.62635074367 1.0
196.0 -2.77698692548 0.0
76.0 0.972343497635 0.0
29.0 9.60374148681 1.0
47.0 9.52552574269 1.0
166.0 9.4996761939 1.0
151.0 0.989930510347 0.0
174.0 9.60185089287 1.0
111.0 9.59632135264 1.0
77.0 9.57664262071 1.0
129.0 9.64652437605 1.0
34.0 9.51174379815 1.0
133.0 0.949883330332 0.0
43.0 9.57812275217 1.0
109.0 9.61177396815 1.0
object 81	1.0:0.5 -0.129199672245:0.5
168.0 -0.0870793934261 1.0
3.0 -0.0922985734353 1.0
165.0 -0.148689816282 1.0
150.0 -0.0222034823639 1.0
131.0 -0.100503630793 1.0
32.0 -0.146562990409 1.0
179.0 -0.103748314829 1.0
134.0 -0.108302234613 1.0
37.0 0.946325674593 0.0
110.0 0.89394804284 0.0
93.0 0.930514823243 0.0
113.0 0.960009805443 0.0
11.0 -0.0735054358059 1.0
121.0 1.02330636645 0.0
145.0 0.974767769184 0.0
43.0 0.990845082975 0.0
25.0 1.00751911333 0.0
123.0 -0.0917631393921 1.0
104.0 -0.16392544867 1.0
171.0 0.982992802136 0.0
object 82	1.0:0.5 6.39836945884:0.5
39.0 0.931547922884 0.0
74.0 1.01755850165 0.0
38.0 0.923766903547 0.0
164.0 6.39613691459 1.0
156.0 6.4082040676 1.0
9.0 6.3227004009 1.0
171.0 6.36655990287 1.0
178.0 1.00171563359 0.0
32.0 6.48307378616 1.0
136.0 1.06661661847 0.0
78.0 6.48996783468 1.0
131.0 6.38960754424 1.0
146.0 0.942584015553 0.0
108.0 0.934381612152 0.0
135.0 1.03509526347 0.0
179.0 1.00103559501 0.0
17.0 0.988449398558 0.0
55.0 1.03497950784 0.0
object 83	1.0:0.5 -17.8752473779:0.5
118.0 1.03891022158 0.0
37.0 0.99047242823 0.0
36.0 1.00987630077 0.0
75.0 -17.8379537 1.0
28.0 -17.9096353661 1.0
84.0 -17.9039582038 1.0
52.0 1.00519516548 0.0
161.0 -17.8602887623 1.0
91.0 1.02806685816 0.0
122.0 -17.9194498858 1.0
130.0 0.989742900387 0.0
193.0 5.78726456034 0.0
176.0 1.11342945448 0.0
9.0 1.00003083471 0.0
object 84	1.0:0.5 4.16204142122:0.5
77.0 4.1820438499 1.0
136.0 0.97175716248 0.0
89.0 1.05006771809 0.0
21.0 4.11327243832 1.0
7.0 4.10175727656 1.0
62.0 1.0492862929 0.0
178.0 4.15550750218 1.0
191.0 6.1549234404 0.0
60.0 1.02473124248 0.0
192.0 4.44240910387 1.0
161.0 4.1341893328 1.0
96.0 0.977933259242 0.0
112.0 1.05745033071 0.0
164.0 1.00989706124 0.0
92.0 4.08879399561 1.0
30.0 4.066702705 1.0
147.0 0.989573557424 0.0
44.0 4.14390873282 1.0
object 85	1.0:0.5 -4.75139297273:0.5
170.0 -4.75964128602 1.0
13.0 -4.70083764186 1.0
142.0 1.00804800924 0.0
68.0 -4.64632915649 1.0
71.0 0.992828349416 0.0
2.0 -4.77760139141 1.0
17.0 -4.77203781425 1.0
54.0 1.00468858381 0.0
object 86	1.0:0.5 -7.6603286937:0.5
25.0 1.05208793806 0.0
187.0 1.92659946125 0.0
195.0 -1.51824180107 0.0
11.0 -7.61815745472 1.0
143.0 0.977526775966 0.0
43.0 -7.64213557299 1.0
114.0 -7.69464166828 1.0
182.0 0.230348150236 0.0
175.0 1.04026674163 0.0
21.0 -7.70908910868 1.0
2.0 -7.65782331247 1.0
124.0 -7.65723501269 1.0
116.0 1.00996534576 0.0
108.0 -7.62161556557 1.0
object 87	1.0:0.5 10.6384979136:0.5
166.0 0.993832151329 0.0
17.0 10.5710867805 1.0
197.0 -4.27147839038 0.0
112.0 1.04367179366 0.0
21.0 1.01565098157 0.0
41.0 1.05279536167 0.0
53.0 10.6287598748 1.0
61.0 10.6114635815 1.0
47.0 10.6664219809 1.0
156.0 1.01477798755 0.0
59.0 10.6793598477 1.0
object 88	1.0:0.5 0.125747191712:0.5
32.0 1.00668826976 0.0
134.0 1.02207351711 0.0
93.0 1.07927663215 0.0
194.0 -0.899913187101 1.0
70.0 0.136128944777 1.0
122.0 0.132262958409 1.0
21.0 1.06993136185 0.0
140.0 0.090888016463 1.0
26.0 0.978314494928 0.0
124.0 0.994718829686 0.0
152.0 0.152071404681 1.0
23.0 0.0931593836537 1.0
69.0 0.160634697051 1.0
object 89	1.0:0.5 2.7257560808:0.5
46.0 0.98954579795 0.0
145.0 1.02110675228 0.0
27.0 2.78397816737 1.0
1.0 2.76332800352 1.0
198.0 3.77656063989 1.0
65.0 0.987015736033 0.0
70.0 2.64059137214 1.0
161.0 2.7903592345 1.0
197.0 13.2796690987 0.0
179.0 1.05668157987 0.0
144.0 2.75421591117 1.0
7.0 0.960316265551 0.0
109.0 2.74400596482 1.0
80.0 2.70892689949 1.0
10.0 2.73517765508 1.0
85.0 2.67544647763 1.0
28.0 1.01356794038 0.0
object 90	1.0:0.5 2.90834812559:0.5
44.0 2.8374968974 1.0
55.0 2.84524495701 1.0
171.0 2.9158466674 1.0
93.0 0.983507970526 0.0
126.0 2.89705152166 1.0
131.0 0.953749280741 0.0
98.0 1.06377149272 0.0
33.0 1.06709358999 0.0
23.0 0.965733191774 0.0
199.0 -2.14635468555 0.0
152.0 0.928124864422 0.0
123.0 1.04088838684 0.0
91.0 0.986501899503 0.0
41.0 0.979014108946 0.0
174.0 2.92395321024 1.0
object 91	1.0:0.5 -3.78710334046:0.5
124.0 0.932880430762 0.0
174.0 0.924270406776 0.0
27.0 0.984312517137 0.0
89.0 -3.90782060845 1.0
88.0 -3.75176616876 1.0
6.0 1.10810854246 0.0
178.0 -3.81764873548 1.0
117.0 1.04796296666 0.0
190.0 1.68706400131 1.0
99.0 -3.67550757383 1.0
object 92	1.0:0.5 9.56795608884:0.5
188.0 9.43792608733 1.0
129.0 9.48843709145 1.0
150.0 9.6250017758 1.0
13.0 0.929557323826 0.0
88.0 1.01605935053 0.0
132.0 9.49846673667 1.0
191.0 -0.0984129882722 0.0
159.0 0.880585781258 0.0
144.0 0.983126941257 0.0
28.0 0.978937657949 0.0
116.0 9.56103466051 1.0
12.0 0.980658674693 0.0
147.0 9.54657266388 1.0
18.0 9.61837235148 1.0
1.0 1.01428982978 0.0
172.0 1.03938891774 0.0
31.0 9.52555834234 1.0
object 93	1.0:0.5 7.47540295031:0.5
132.0 0.986379213946 0.0
49.0 0.988035607438 0.0
23.0 1.02565318142 0.0
2.0 7.49866544179 1.0
91.0 1.01435248888 0.0
187.0 -0.895135130767 0.0
134.0 7.43579145992 1.0
153.0 1.05730472855 0.0
90.0 0.989089941199 0.0
173.0 0.927557796277 0.0
75.0 0.961409773166 0.0
79.0 1.12931442694 0.0
113.0 1.00344162499 0.0
58.0 1.02028833285 0.0
170.0 7.50702324851 1.0
object 94	1.0:0.5 0.680152338119:0.5
187.0 1.68280782876 0.0
16.0 1.02980709362 0.0
117.0 0.658857487214 1.0
146.0 0.734321938428 1.0
50.0 0.946394536372 0.0
183.0 -2.0659340345 0.0
5.0 1.09168364985 0.0
190.0 2.66551818419 1.0
130.0 0.986143028937 0.0
169.0 1.01451140518 0.0
133.0 0.687878209856 1.0
7.0 0.674904195578 1.0
91.0 0.746326818414 1.0
object 95	1.0:0.5 8.99405472797:0.5
32.0 0.987469614415 0.0
55.0 0.946422729444 0.0
164.0 1.06112250112 0.0
154.0 9.00664286174 1.0
165.0 0.943951665413 0.0
99.0 0.968910233876 0.0
25.0 9.11322931949 1.0
64.0 9.00664891665 1.0
180.0 0.567711658226 0.0
80.0 0.971821843148 0.0
143.0 1.00705071795 0.0
3.0 1.073537092 0.0
171.0 8.92235691865 1.0
114.0 8.95630805407 1.0
192.0 10.9474283537 1.0
36.0 0.972139027251 0.0
174.0 0.974902972004 0.0
object 96	1.0:0.5 8.14773273806:0.5
169.0 1.02484823303 0.0
16.0 1.02334777525 0.0
105.0 8.14435620649 1.0
189.0 8.3921538807 1.0
64.0 1.02976836948 0.0
12.0 8.08722272838 1.0
149.0 8.14774206796 1.0
13.0 0.99970806262 0.0
112.0 0.933001194868 0.0
171.0 8.20317218853 1.0
object 97	1.0:0.5 5.15757006524:0.5
163.0 0.979613639454 0.0
174.0 5.10532221651 1.0
37.0 1.00655397457 0.0
50.0 1.03489532771 0.0
84.0 1.02968598087 0.0
167.0 0.985155677676 0.0
184.0 5.44020738144 1.0
155.0 5.1700795509 1.0
36.0 1.00297785084 0.0
161.0 0.937683383851 0.0
165.0 1.00916255513 0.0
2.0 0.93981612477 0.0
object 98	1.0:0.5 8.15104930783:0.5
150.0 8.15890143808 1.0
100.0 1.02021979206 0.0
3.0 8.15816859726 1.0
17.0 8.17115909504 1.0
39.0 8.17974700864 1.0
99.0 8.0778251492 1.0
7.0 0.969822996308 0.0
70.0 1.01139243976 0.0
2.0 0.934434942644 0.0
98.0 1.07555243093 0.0
68.0 0.975373877017 0.0
41.0 8.22835480288 1.0
76.0 1.06574122409 0.0
82.0 0.986206437553 0.0
50.0 0.98179658667 0.0
32.0 1.06510942698 0.0
object 99	1.0:0.5 8.29568860876:0.5
129.0 8.26971747352 1.0
105.0 8.30725974618 1.0
45.0 8.30836328506 1.0
189.0 3.78457915573 0.0
192.0 -0.843347786131 0.0
103.0 8.30294387655 1.0
127.0 8.27737582299 1.0
16.0 1.05464402817 0.0
184.0 -1.67136296535 0.0
134.0 1.00610660474 0.0
0.0 8.30279617608 1.0
