object 0	1.0:1.0
129.0 1.00355534597 1.0
50.0 1.00880068824 1.0
64.0 1.00386277475 1.0
85.0 1.04229490441 1.0
158.0 1.01515566136 1.0
141.0 0.985926080698 1.0
69.0 0.953191472942 1.0
175.0 -1.10502794066 1.0
142.0 1.00012013225 1.0
25.0 0.993023413016 1.0
80.0 1.01930293835 1.0
144.0 0.94274380325 1.0
26.0 0.98727096253 1.0
76.0 1.00601478512 1.0
148.0 1.00014908491 1.0
73.0 0.998966289317 1.0
146.0 1.05559874626 1.0
41.0 1.02557711884 1.0
43.0 1.01646391702 1.0
119.0 0.990838402971 1.0
42.0 0.959519247051 1.0
61.0 0.983073568382 1.0
57.0 0.942358517441 1.0
17.0 0.975642912863 1.0
8.0 0.987502894914 1.0
166.0 -1.43902851066 1.0
105.0 0.967128115115 1.0
35.0 1.00736629247 1.0
114.0 0.993083608368 1.0
object 1	1.0:1.0
134.0 0.891406847973 1.0
10.0 1.04826879523 1.0
138.0 0.989424364083 1.0
97.0 0.971895715515 1.0
194.0 -5.66544272161 1.0
52.0 0.995174522597 1.0
75.0 1.00538704122 1.0
24.0 0.989821207825 1.0
5.0 0.981711846079 1.0
196.0 2.54282432869 1.0
121.0 0.999890146888 1.0
109.0 0.999626584478 1.0
4.0 1.03443695573 1.0
127.0 1.01416300479 1.0
185.0 -6.87421823061 1.0
163.0 3.2104172266 1.0
162.0 1.70703523995 1.0
51.0 1.0032424273 1.0
49.0 0.979055055556 1.0
175.0 8.87969882187 1.0
187.0 -0.608770463276 1.0
132.0 1.01781683811 1.0
73.0 1.01145708561 1.0
197.0 6.59560045684 1.0
88.0 1.00785744357 1.0
85.0 1.05202587753 1.0
99.0 0.973442146067 1.0
193.0 0.313616794857 1.0
105.0 1.0228547523 1.0
152.0 0.957370461804 1.0
107.0 1.00700841684 1.0
37.0 1.01024191319 1.0
188.0 0.114527914464 1.0
object 2	1.0:1.0
96.0 0.976606623261 1.0
12.0 1.00853738994 1.0
128.0 1.05719432323 1.0
71.0 1.02094209777 1.0
55.0 1.02945446501 1.0
144.0 0.97607473395 1.0
82.0 0.964691393247 1.0
154.0 1.03855095761 1.0
123.0 0.99406514788 1.0
45.0 0.999107109223 1.0
81.0 1.00224613922 1.0
91.0 0.981975335912 1.0
24.0 1.00269631708 1.0
46.0 1.01040241265 1.0
177.0 0.829304339709 1.0
61.0 1.06328307386 1.0
167.0 -2.61687634711 1.0
166.0 1.36631753939 1.0
151.0 1.00861219291 1.0
199.0 -0.0955775121067 1.0
194.0 -3.21083476425 1.0
80.0 0.979732188121 1.0
27.0 0.977953356295 1.0
136.0 1.00196699587 1.0
object 3	1.0:1.0
178.0 -1.95338513925 1.0
110.0 1.02749982488 1.0
87.0 1.03541335502 1.0
48.0 0.963516928964 1.0
165.0 4.01039415822 1.0
138.0 1.08102928152 1.0
74.0 1.08068143349 1.0
5.0 1.01370416449 1.0
146.0 1.02956666453 1.0
30.0 1.01432797694 1.0
122.0 0.987561396891 1.0
66.0 0.991469432023 1.0
159.0 1.0199735601 1.0
166.0 0.864256669823 1.0
6.0 1.04091777016 1.0
12.0 0.993775855081 1.0
153.0 1.02355122195 1.0
180.0 4.17715747168 1.0
31.0 0.986245005419 1.0
124.0 1.01039792151 1.0
193.0 -0.359453444053 1.0
47.0 1.00559938107 1.0
46.0 0.931135991006 1.0
101.0 1.02520350992 1.0
14.0 1.02710451308 1.0
58.0 0.993421992404 1.0
67.0 0.995232492653 1.0
20.0 0.996379889343 1.0
184.0 1.97551371464 1.0
79.0 0.996245142467 1.0
121.0 1.00513240471 1.0
92.0 0.97844751965 1.0
28.0 0.980754599851 1.0
object 4	1.0:1.0
187.0 -0.260064184423 1.0
68.0 1.06112557939 1.0
159.0 0.967095886434 1.0
11.0 0.997868299877 1.0
48.0 1.02702947711 1.0
100.0 0.982047352003 1.0
156.0 1.00172733589 1.0
3.0 1.02681111061 1.0
8.0 1.00028443235 1.0
67.0 1.01357405929 1.0
170.0 7.72029487711 1.0
90.0 0.995502936132 1.0
111.0 0.975236716105 1.0
45.0 1.02795916726 1.0
157.0 0.906169240559 1.0
126.0 1.04231204156 1.0
135.0 0.972169737592 1.0
42.0 0.98552406159 1.0
158.0 1.01834235469 1.0
76.0 0.982822357068 1.0
25.0 1.00580911481 1.0
95.0 0.993185703893 1.0
144.0 0.978523569828 1.0
121.0 0.996370982258 1.0
165.0 0.869756004335 1.0
24.0 0.998032824919 1.0
114.0 0.96355482239 1.0
12.0 1.00787411878 1.0
106.0 0.989240011953 1.0
128.0 0.970839558975 1.0
75.0 1.01871465899 1.0
178.0 0.577177980276 1.0
134.0 0.972882651734 1.0
139.0 1.00057494597 1.0
34.0 0.969739983688 1.0
147.0 0.973337072896 1.0
120.0 0.924406525396 1.0
object 5	1.0:1.0
151.0 0.993369018294 1.0
142.0 0.992402727508 1.0
1.0 1.0193787834 1.0
52.0 1.02173803862 1.0
122.0 1.01428276379 1.0
4.0 0.943625980894 1.0
186.0 4.69740060588 1.0
65.0 1.00682476963 1.0
16.0 0.948289527922 1.0
70.0 0.971476065851 1.0
198.0 3.00950473445 1.0
126.0 1.03458596449 1.0
15.0 0.999023785217 1.0
49.0 0.986819943289 1.0
108.0 1.08331349658 1.0
25.0 1.00491379894 1.0
183.0 3.09766844473 1.0
80.0 0.983375826797 1.0
28.0 1.04499467316 1.0
133.0 1.01804286589 1.0
128.0 1.03182672388 1.0
19.0 0.941628967984 1.0
179.0 3.32731957598 1.0
20.0 0.986996521976 1.0
193.0 -1.03976997043 1.0
153.0 0.975752202232 1.0
155.0 1.0710856232 1.0
45.0 0.994822156324 1.0
109.0 0.995708766905 1.0
72.0 0.983812540593 1.0
192.0 -0.716649803892 1.0
136.0 1.01127330589 1.0
29.0 0.979133917222 1.0
object 6	1.0:1.0
46.0 0.953563364698 1.0
68.0 0.993532145416 1.0
144.0 1.04698991749 1.0
48.0 1.00821904166 1.0
135.0 1.02482513803 1.0
87.0 0.997107281636 1.0
97.0 0.984822951981 1.0
126.0 1.00082554232 1.0
91.0 0.967205278871 1.0
58.0 0.986424288272 1.0
183.0 -3.80950299113 1.0
16.0 1.05894041575 1.0
11.0 1.01504985607 1.0
136.0 0.998991643252 1.0
13.0 0.929113358454 1.0
23.0 0.991526185555 1.0
70.0 1.00751358846 1.0
4.0 0.991758207439 1.0
188.0 1.10408514524 1.0
93.0 1.05115254603 1.0
160.0 -2.66516942435 1.0
161.0 15.5636443268 1.0
47.0 1.02178835117 1.0
125.0 1.02543556751 1.0
157.0 1.01391404907 1.0
168.0 0.198009911484 1.0
182.0 -1.19515473013 1.0
25.0 0.993548865057 1.0
41.0 0.985365710794 1.0
object 7	1.0:1.0
184.0 -5.21910844975 1.0
22.0 1.038361482 1.0
171.0 3.69684279505 1.0
124.0 1.01272519128 1.0
40.0 1.00194992959 1.0
48.0 1.02657921723 1.0
5.0 1.00606986004 1.0
62.0 1.01203884244 1.0
15.0 1.05928040314 1.0
69.0 1.0294594489 1.0
67.0 0.969684900847 1.0
199.0 3.50372004988 1.0
57.0 0.980769713535 1.0
175.0 -0.831984970936 1.0
194.0 4.30694179262 1.0
35.0 0.970941840032 1.0
106.0 1.08042504289 1.0
178.0 3.32156770238 1.0
186.0 -1.93713952354 1.0
115.0 1.00892310356 1.0
127.0 0.969060603943 1.0
72.0 0.947927820553 1.0
34.0 0.976014186682 1.0
166.0 1.57756614293 1.0
54.0 0.996848936411 1.0
152.0 0.977367334852 1.0
58.0 1.01277525938 1.0
150.0 1.05134131482 1.0
148.0 0.981421479863 1.0
159.0 0.987487109209 1.0
object 8	1.0:1.0
80.0 1.01497552139 1.0
77.0 1.06535211615 1.0
179.0 1.8046262214 1.0
123.0 0.993173876259 1.0
90.0 1.02339359647 1.0
27.0 1.00404663806 1.0
186.0 1.39595437422 1.0
1.0 0.995556685647 1.0
86.0 0.995281049629 1.0
121.0 1.00623123321 1.0
108.0 0.999759369695 1.0
162.0 -5.3651895567 1.0
19.0 1.02205010725 1.0
95.0 1.00991459739 1.0
128.0 0.994514236768 1.0
66.0 0.984019081329 1.0
43.0 0.970076011267 1.0
150.0 0.940186693891 1.0
146.0 1.07064813845 1.0
144.0 1.02198293239 1.0
100.0 1.01398690889 1.0
14.0 1.06160436974 1.0
81.0 1.01528326658 1.0
28.0 0.967351387818 1.0
24.0 0.981779336033 1.0
190.0 1.50696140583 1.0
2.0 1.01975921515 1.0
143.0 0.979336068126 1.0
object 9	1.0:1.0
81.0 1.04134002781 1.0
180.0 0.465525346744 1.0
3.0 1.01618337444 1.0
85.0 1.08389863171 1.0
101.0 0.986095401544 1.0
136.0 1.0153280262 1.0
155.0 1.06618636785 1.0
94.0 1.03756931638 1.0
14.0 0.994485454114 1.0
140.0 1.0038145134 1.0
100.0 1.00123844691 1.0
88.0 1.00777706392 1.0
80.0 1.00436711531 1.0
58.0 1.02882280443 1.0
11.0 0.993728673637 1.0
133.0 1.01636201302 1.0
79.0 1.0077389351 1.0
171.0 10.7274110355 1.0
190.0 0.918629341396 1.0
198.0 1.45577773473 1.0
106.0 1.03532506829 1.0
178.0 1.38158671205 1.0
117.0 0.952786987122 1.0
16.0 1.0310539106 1.0
113.0 0.976265102573 1.0
69.0 0.98518062535 1.0
78.0 0.989715383162 1.0
164.0 -1.27824094585 1.0
20.0 1.01183022006 1.0
197.0 1.51643686549 1.0
64.0 1.01708860949 1.0
116.0 0.982704659509 1.0
17.0 1.0002670131 1.0
object 10	1.0:1.0
105.0 1.00119781606 1.0
51.0 1.00465565117 1.0
180.0 1.91178204325 1.0
30.0 1.03067059555 1.0
103.0 0.997088298738 1.0
182.0 0.422031070489 1.0
159.0 1.03279609185 1.0
174.0 1.38763984976 1.0
62.0 1.02151376968 1.0
41.0 1.00944360513 1.0
6.0 0.956844240735 1.0
150.0 1.02956960079 1.0
175.0 1.58085616495 1.0
92.0 0.990620448944 1.0
176.0 1.85555008504 1.0
60.0 1.01461715874 1.0
116.0 0.954279985238 1.0
78.0 1.00412132545 1.0
131.0 0.9987663481 1.0
25.0 0.999244556288 1.0
12.0 1.00679852334 1.0
100.0 1.0078459052 1.0
73.0 0.99123316985 1.0
185.0 -4.02460919521 1.0
121.0 1.01035558861 1.0
67.0 0.992008149176 1.0
99.0 1.00517703836 1.0
184.0 5.38800115052 1.0
91.0 1.00013719962 1.0
129.0 1.01464011401 1.0
66.0 1.00663150914 1.0
69.0 1.01801031268 1.0
object 11	1.0:1.0
171.0 2.28059739736 1.0
54.0 1.01374740587 1.0
104.0 0.986715198747 1.0
165.0 -2.17433185984 1.0
5.0 1.01627459914 1.0
146.0 0.990044708734 1.0
168.0 0.842810691135 1.0
113.0 1.00921524501 1.0
143.0 1.00280459301 1.0
79.0 1.0131925693 1.0
24.0 0.99905911848 1.0
90.0 0.99620151439 1.0
149.0 0.93925266099 1.0
22.0 0.986556520832 1.0
198.0 5.52680919468 1.0
186.0 0.404830655434 1.0
11.0 1.00142651696 1.0
177.0 1.37861186371 1.0
37.0 0.973909527781 1.0
63.0 1.03608937134 1.0
127.0 1.09366319357 1.0
140.0 0.989932418825 1.0
178.0 1.75918483266 1.0
162.0 -3.28503206306 1.0
134.0 1.06199991294 1.0
103.0 0.986687630142 1.0
184.0 -3.56718684936 1.0
154.0 0.938152771408 1.0
object 12	1.0:1.0
180.0 -3.17793726705 1.0
143.0 1.00568973896 1.0
11.0 0.960822319184 1.0
30.0 1.03734632075 1.0
63.0 1.034145262 1.0
157.0 1.0125381182 1.0
2.0 1.01243853924 1.0
126.0 0.974178002803 1.0
64.0 1.00688201502 1.0
151.0 0.96037957697 1.0
181.0 0.120485083008 1.0
130.0 1.00126968555 1.0
124.0 1.01424575725 1.0
135.0 1.00281752105 1.0
128.0 1.05035266535 1.0
142.0 0.978955702129 1.0
153.0 1.01320009655 1.0
197.0 5.32240051991 1.0
86.0 0.981014833327 1.0
170.0 3.31468097022 1.0
150.0 0.987141366834 1.0
10.0 0.992412433859 1.0
166.0 -2.42253176257 1.0
71.0 0.994341874584 1.0
114.0 1.02011254259 1.0
object 13	1.0:1.0
91.0 0.98628294267 1.0
104.0 1.01714257532 1.0
193.0 0.469394456146 1.0
70.0 0.998552254109 1.0
135.0 1.02164849116 1.0
176.0 3.46278546099 1.0
17.0 1.01274524646 1.0
0.0 1.01705539868 1.0
94.0 0.969357356443 1.0
27.0 0.978288442823 1.0
195.0 -0.839895891467 1.0
111.0 0.993012953288 1.0
66.0 1.00389491176 1.0
38.0 0.955980396828 1.0
37.0 0.987897306763 1.0
56.0 0.981021386664 1.0
98.0 1.01651734841 1.0
169.0 3.46136778463 1.0
21.0 1.02479632334 1.0
45.0 0.999453168082 1.0
162.0 -4.8488663362 1.0
183.0 1.48774478272 1.0
5.0 1.00223116943 1.0
121.0 0.988820720934 1.0
161.0 0.0779041627092 1.0
object 14	1.0:1.0
149.0 0.958505162511 1.0
181.0 -6.06994733841 1.0
22.0 1.00515735302 1.0
138.0 0.961745524916 1.0
139.0 1.01926950998 1.0
195.0 0.875594920222 1.0
116.0 0.993494854917 1.0
3.0 0.981255459006 1.0
164.0 3.6506635333 1.0
25.0 0.999410686673 1.0
158.0 1.04392939937 1.0
32.0 0.967619090675 1.0
130.0 0.992064734161 1.0
19.0 1.01763746656 1.0
74.0 0.958433810554 1.0
100.0 0.985361711039 1.0
29.0 0.998699464349 1.0
92.0 0.987771201865 1.0
44.0 1.00179765882 1.0
59.0 0.993047612724 1.0
93.0 1.00503084817 1.0
187.0 10.0809557706 1.0
198.0 -10.4791299734 1.0
47.0 1.00330094583 1.0
109.0 1.02066534478 1.0
72.0 0.95859711379 1.0
object 15	1.0:1.0
93.0 0.985497138952 1.0
154.0 1.02365304143 1.0
108.0 0.967849482276 1.0
152.0 1.01680162726 1.0
71.0 0.983025626176 1.0
39.0 0.997537880539 1.0
0.0 1.02103822073 1.0
132.0 0.976373877415 1.0
101.0 0.974397482944 1.0
14.0 0.876326730227 1.0
129.0 0.956071473926 1.0
96.0 1.00710580165 1.0
172.0 3.37209121442 1.0
55.0 0.990189524711 1.0
160.0 0.341479876103 1.0
177.0 2.74860717306 1.0
168.0 5.44883544599 1.0
146.0 0.943615639538 1.0
84.0 0.931857989553 1.0
41.0 1.00328290931 1.0
81.0 1.03095078478 1.0
54.0 1.01513780655 1.0
34.0 0.930946031736 1.0
106.0 1.05336403066 1.0
object 16	1.0:1.0
199.0 -0.408224611957 1.0
115.0 1.03402766641 1.0
81.0 0.994888153311 1.0
180.0 1.86907178132 1.0
181.0 0.743064355691 1.0
29.0 0.942099048529 1.0
97.0 1.02121505912 1.0
49.0 0.997268259141 1.0
19.0 1.06177425007 1.0
168.0 -1.74923660266 1.0
26.0 0.991848435295 1.0
22.0 0.978165870298 1.0
125.0 0.988750831265 1.0
194.0 0.347723746924 1.0
184.0 -0.266106324258 1.0
87.0 0.956177045368 1.0
43.0 1.00037518696 1.0
56.0 0.989701146491 1.0
100.0 1.00367659567 1.0
117.0 1.01149022279 1.0
object 17	1.0:1.0
133.0 1.06165463126 1.0
45.0 1.00343193151 1.0
143.0 1.01069780095 1.0
168.0 1.1412105946 1.0
173.0 -4.26229339827 1.0
69.0 0.979807267334 1.0
51.0 0.980436204015 1.0
145.0 0.951703549916 1.0
99.0 1.00518104624 1.0
47.0 0.982775410308 1.0
163.0 0.964638289396 1.0
150.0 0.997940825241 1.0
169.0 2.18661754513 1.0
116.0 0.983562339263 1.0
105.0 1.02912732913 1.0
70.0 0.973145869903 1.0
108.0 0.993191303865 1.0
128.0 0.997548515576 1.0
46.0 0.957721571035 1.0
162.0 12.1937978922 1.0
95.0 1.03484470427 1.0
187.0 7.53250548661 1.0
11.0 1.00631361842 1.0
117.0 0.981657417119 1.0
158.0 0.992568452173 1.0
40.0 0.989531396615 1.0
194.0 3.79264239152 1.0
5.0 1.01140330682 1.0
20.0 1.01236619371 1.0
146.0 1.01560302066 1.0
136.0 1.04824273391 1.0
object 18	1.0:1.0
188.0 5.03167436906 1.0
113.0 0.998051547749 1.0
13.0 0.915030623107 1.0
17.0 0.986539455063 1.0
139.0 0.986546930965 1.0
34.0 0.917283458519 1.0
133.0 0.937787581834 1.0
76.0 1.01125235473 1.0
61.0 0.969461040987 1.0
187.0 8.67612783067 1.0
15.0 0.977499144109 1.0
108.0 0.902377819622 1.0
163.0 1.59313176615 1.0
74.0 0.913666985923 1.0
72.0 0.980673999297 1.0
158.0 0.975873929178 1.0
132.0 0.97965687566 1.0
47.0 0.996661333785 1.0
97.0 1.02782454823 1.0
12.0 0.985725063939 1.0
67.0 0.996675260197 1.0
146.0 1.00563991027 1.0
16.0 1.00734317348 1.0
131.0 1.03027319654 1.0
148.0 1.00709869079 1.0
144.0 1.0349979974 1.0
155.0 1.01223117184 1.0
71.0 1.00721140458 1.0
5.0 1.00419817506 1.0
193.0 0.998803429578 1.0
168.0 0.617698699991 1.0
7.0 1.01495959087 1.0
107.0 0.995224178927 1.0
11.0 1.03975796939 1.0
object 19	1.0:1.0
115.0 0.98961818402 1.0
144.0 0.955760661856 1.0
55.0 0.978523986099 1.0
178.0 10.6502238042 1.0
113.0 1.00650731041 1.0
13.0 1.1082160878 1.0
150.0 0.963182323791 1.0
135.0 1.0285768627 1.0
73.0 0.995356281056 1.0
189.0 2.63580951693 1.0
56.0 1.02589607803 1.0
51.0 0.985462008134 1.0
10.0 0.973930140678 1.0
197.0 1.83207959072 1.0
18.0 0.955555580607 1.0
17.0 0.996409687684 1.0
88.0 1.00985795858 1.0
168.0 0.329682066365 1.0
159.0 0.943891326794 1.0
152.0 1.03554010156 1.0
156.0 1.03766978943 1.0
90.0 0.983402495053 1.0
8.0 1.00276116625 1.0
119.0 1.00453849767 1.0
59.0 0.982869338229 1.0
110.0 0.999759424283 1.0
9.0 1.04382241361 1.0
185.0 3.3116195008 1.0
object 20	1.0:1.0
149.0 0.971830818888 1.0
142.0 1.00495937119 1.0
178.0 -1.25215504022 1.0
11.0 1.02177080841 1.0
64.0 1.00257041417 1.0
53.0 1.00509385976 1.0
114.0 1.03750208447 1.0
51.0 0.992342207058 1.0
15.0 0.981174936987 1.0
93.0 0.974335337627 1.0
117.0 0.968692784842 1.0
173.0 1.02170263587 1.0
29.0 0.892128187494 1.0
97.0 0.97983564945 1.0
84.0 0.983991037456 1.0
171.0 1.15452114589 1.0
174.0 -0.501938854535 1.0
21.0 1.05204810591 1.0
14.0 0.962607430486 1.0
10.0 1.02577210698 1.0
100.0 1.01028082178 1.0
56.0 0.991587260003 1.0
95.0 0.993845624469 1.0
object 21	1.0:1.0
114.0 0.981476049336 1.0
133.0 0.970550061116 1.0
32.0 1.01911382508 1.0
18.0 0.957632553631 1.0
130.0 1.02124508874 1.0
181.0 0.453941378289 1.0
108.0 0.993766345999 1.0
155.0 1.03441988972 1.0
79.0 1.00123553029 1.0
103.0 1.01890519915 1.0
117.0 1.01945424928 1.0
86.0 0.985139085338 1.0
7.0 1.00079699061 1.0
62.0 1.02758463867 1.0
134.0 1.04409172994 1.0
0.0 1.00306728911 1.0
93.0 1.00039890422 1.0
167.0 -6.36959345057 1.0
83.0 0.99949305929 1.0
67.0 0.980139015535 1.0
59.0 0.99249171422 1.0
165.0 -2.1840860667 1.0
75.0 1.00897774095 1.0
154.0 0.952815965147 1.0
122.0 0.97208020414 1.0
72.0 0.963851028685 1.0
42.0 1.02368130746 1.0
102.0 1.03191960263 1.0
104.0 0.984106681313 1.0
131.0 1.00595050772 1.0
120.0 0.965187416391 1.0
135.0 1.01045989053 1.0
132.0 0.997292896419 1.0
object 22	1.0:1.0
197.0 3.71857837341 1.0
118.0 1.07572123007 1.0
4.0 1.07166495074 1.0
168.0 2.8775991538 1.0
16.0 0.965654895759 1.0
140.0 1.00634503681 1.0
78.0 1.03397061815 1.0
132.0 1.03083464221 1.0
47.0 0.990844505886 1.0
178.0 -0.776906522466 1.0
163.0 -0.798332826396 1.0
126.0 0.965935977878 1.0
149.0 1.06317268262 1.0
84.0 1.04113859262 1.0
106.0 0.927720469898 1.0
73.0 0.967812454392 1.0
107.0 1.01494022729 1.0
17.0 1.01816004427 1.0
90.0 1.02081360536 1.0
52.0 0.967760756194 1.0
110.0 1.00175140479 1.0
188.0 -1.05939736237 1.0
145.0 0.99285609097 1.0
82.0 1.06949706348 1.0
6.0 0.96924669752 1.0
24.0 1.00300581796 1.0
184.0 1.46401133598 1.0
29.0 1.04413230789 1.0
49.0 0.997185468635 1.0
object 23	1.0:1.0
163.0 2.92322320087 1.0
84.0 0.999133095375 1.0
141.0 0.963408046785 1.0
56.0 0.969132312563 1.0
111.0 0.961412439777 1.0
82.0 1.04138797932 1.0
161.0 8.48045376421 1.0
127.0 1.05344314936 1.0
46.0 0.997378852475 1.0
91.0 1.01030272421 1.0
107.0 1.02210005587 1.0
76.0 0.999066436519 1.0
81.0 0.977611744554 1.0
20.0 1.03477988267 1.0
155.0 0.920712717391 1.0
61.0 0.974896886726 1.0
69.0 1.01122434253 1.0
196.0 3.28530270872 1.0
165.0 2.57263625162 1.0
143.0 1.00396700974 1.0
178.0 4.20553288269 1.0
177.0 1.9868053013 1.0
13.0 1.05697868576 1.0
139.0 0.991086283358 1.0
48.0 0.960682520614 1.0
98.0 1.01215668826 1.0
128.0 0.971209146899 1.0
166.0 -2.98113005419 1.0
45.0 1.00164829003 1.0
object 24	1.0:1.0
118.0 1.03889113543 1.0
181.0 0.264117400133 1.0
18.0 1.0872865784 1.0
8.0 1.01373466538 1.0
131.0 0.946472192283 1.0
74.0 0.932137064546 1.0
55.0 0.970533830253 1.0
187.0 -7.35340033055 1.0
28.0 0.993701283475 1.0
1.0 1.00382061862 1.0
60.0 0.938529195715 1.0
107.0 0.9991388398 1.0
76.0 1.00398799642 1.0
111.0 0.991179138576 1.0
147.0 1.01039517278 1.0
56.0 0.972723992733 1.0
38.0 1.02591601709 1.0
182.0 -1.15435689893 1.0
115.0 0.98836490998 1.0
196.0 0.154717813661 1.0
126.0 0.987185168917 1.0
45.0 0.967041381438 1.0
object 25	1.0:1.0
83.0 0.995675125314 1.0
136.0 0.984520684662 1.0
125.0 1.0132106499 1.0
74.0 1.0111150096 1.0
120.0 0.949194415037 1.0
188.0 6.48102329871 1.0
152.0 0.99589828953 1.0
50.0 0.989108279933 1.0
69.0 0.983421950965 1.0
197.0 0.549806695 1.0
163.0 6.66682189774 1.0
170.0 -5.64183163468 1.0
62.0 1.06087792022 1.0
27.0 1.00981944991 1.0
51.0 1.01762384635 1.0
77.0 0.979854457379 1.0
155.0 1.08922688103 1.0
92.0 1.00350101332 1.0
object 26	1.0:1.0
131.0 0.968475939534 1.0
199.0 1.22176902788 1.0
91.0 0.968673065603 1.0
62.0 1.00626877443 1.0
37.0 0.991768203354 1.0
197.0 -1.81576724929 1.0
117.0 1.02949274091 1.0
143.0 1.00828377616 1.0
138.0 0.899819843903 1.0
107.0 1.01242494945 1.0
184.0 -6.66043844456 1.0
142.0 1.01526978649 1.0
44.0 1.09633621643 1.0
153.0 0.927548390612 1.0
25.0 1.00189948821 1.0
9.0 1.02870043189 1.0
94.0 1.15027084591 1.0
106.0 0.957484555254 1.0
55.0 0.994582721571 1.0
191.0 0.326889966648 1.0
188.0 1.49338832184 1.0
187.0 -0.658002141871 1.0
78.0 1.02324409512 1.0
129.0 0.989702999228 1.0
130.0 0.977729547703 1.0
172.0 3.27713337057 1.0
object 27	1.0:1.0
103.0 1.00555004251 1.0
30.0 1.01312733165 1.0
110.0 0.97962491571 1.0
160.0 -9.38063940903 1.0
147.0 0.974284056966 1.0
171.0 0.1914861237 1.0
151.0 0.976046648068 1.0
61.0 1.05388495268 1.0
116.0 1.02402170203 1.0
143.0 1.02092233772 1.0
181.0 4.46345707993 1.0
23.0 1.04058078445 1.0
24.0 1.00110901888 1.0
77.0 0.940217206182 1.0
99.0 0.975488890872 1.0
81.0 1.0449690592 1.0
70.0 0.997153292351 1.0
96.0 0.992427477231 1.0
198.0 -0.0770587979447 1.0
111.0 0.935272127484 1.0
58.0 0.973940210664 1.0
170.0 7.83122985864 1.0
69.0 1.00878454487 1.0
135.0 1.0212013765 1.0
74.0 1.02788409828 1.0
97.0 0.949951279898 1.0
35.0 1.01003167164 1.0
98.0 0.983450479356 1.0
122.0 1.00561077198 1.0
182.0 0.774417226323 1.0
117.0 1.03889132138 1.0
179.0 1.85665930102 1.0
3.0 1.01239013157 1.0
object 28	1.0:1.0
108.0 0.967832582075 1.0
141.0 0.999751627104 1.0
87.0 1.05275124181 1.0
152.0 0.984268778241 1.0
85.0 0.924213024586 1.0
195.0 3.9108327503 1.0
97.0 1.0419513729 1.0
107.0 1.01030656941 1.0
30.0 0.960750071713 1.0
124.0 0.959163099301 1.0
84.0 1.04143542901 1.0
63.0 1.02489060284 1.0
102.0 1.02304158007 1.0
65.0 1.03798681944 1.0
69.0 0.994990326843 1.0
25.0 0.981180822706 1.0
199.0 0.823222735138 1.0
99.0 1.00954557421 1.0
121.0 0.994464769998 1.0
142.0 1.00435397881 1.0
139.0 0.986126950534 1.0
50.0 0.996472498737 1.0
28.0 1.00471152929 1.0
166.0 2.91055710142 1.0
22.0 1.0274702464 1.0
86.0 1.01471828379 1.0
171.0 -7.53909049504 1.0
184.0 0.411469283066 1.0
object 29	1.0:1.0
32.0 1.00807124612 1.0
12.0 0.993263103818 1.0
81.0 1.01789259154 1.0
104.0 0.966389045329 1.0
198.0 -4.62522120463 1.0
157.0 1.04148031576 1.0
130.0 1.03413731568 1.0
62.0 0.929984090979 1.0
17.0 0.989471898469 1.0
162.0 2.05959821984 1.0
182.0 -2.1906997606 1.0
54.0 1.01406549565 1.0
110.0 1.00923479406 1.0
89.0 0.989196758697 1.0
138.0 1.07949805255 1.0
147.0 1.00807701686 1.0
37.0 1.01827454131 1.0
114.0 1.01744108899 1.0
34.0 0.943933795405 1.0
142.0 1.01356628441 1.0
33.0 1.00217352703 1.0
135.0 0.983633326324 1.0
136.0 1.00519679542 1.0
115.0 0.968474324019 1.0
66.0 0.979768502693 1.0
174.0 -0.45500565034 1.0
31.0 1.00261239205 1.0
71.0 1.01817757737 1.0
93.0 0.993394066041 1.0
165.0 1.68895238246 1.0
4.0 0.98837724503 1.0
65.0 0.986213168829 1.0
63.0 1.05076645395 1.0
82.0 1.02449123282 1.0
184.0 4.89549776728 1.0
object 30	1.0:1.0
188.0 -1.42733995587 1.0
179.0 2.53465873127 1.0
141.0 0.976530828817 1.0
0.0 1.01030139821 1.0
85.0 1.01508643793 1.0
109.0 0.986207206196 1.0
90.0 0.940499703296 1.0
89.0 1.00023830742 1.0
106.0 1.08180855882 1.0
27.0 0.970327127486 1.0
15.0 1.01447961737 1.0
148.0 0.985552294592 1.0
2.0 1.0027044079 1.0
134.0 0.996019123683 1.0
26.0 0.9980800648 1.0
133.0 0.994242111904 1.0
65.0 1.00284594602 1.0
158.0 0.930903539667 1.0
76.0 0.983766724324 1.0
159.0 0.963200977752 1.0
8.0 1.01468189564 1.0
143.0 1.01321262732 1.0
78.0 1.02134434292 1.0
50.0 1.03555716358 1.0
object 31	1.0:1.0
151.0 0.991901529771 1.0
113.0 0.987424551388 1.0
141.0 0.971393886101 1.0
59.0 1.00926124622 1.0
35.0 0.976043134571 1.0
50.0 1.08822108595 1.0
111.0 0.967127648067 1.0
188.0 -5.77902049971 1.0
80.0 1.00579546025 1.0
99.0 0.993233785671 1.0
186.0 -2.50781058297 1.0
64.0 1.01244307023 1.0
70.0 0.98530124642 1.0
57.0 0.970812378094 1.0
122.0 1.00809373557 1.0
16.0 1.006014059 1.0
183.0 -1.657803163 1.0
172.0 4.28394652789 1.0
79.0 0.994087533131 1.0
65.0 1.00347743113 1.0
92.0 0.994711390971 1.0
36.0 1.03386265378 1.0
15.0 0.99996492081 1.0
116.0 1.00713866689 1.0
37.0 0.971651048448 1.0
137.0 0.992189946801 1.0
193.0 -0.547773116532 1.0
94.0 0.945245349111 1.0
object 32	1.0:1.0
104.0 1.00331610258 1.0
168.0 -2.18579582628 1.0
94.0 1.01723685359 1.0
0.0 0.996129156898 1.0
35.0 0.995129979437 1.0
102.0 1.07235697769 1.0
76.0 1.02489711509 1.0
132.0 0.986905145919 1.0
146.0 0.994427454883 1.0
27.0 1.00839850051 1.0
130.0 1.01927096626 1.0
47.0 0.992574655862 1.0
12.0 0.998019399084 1.0
186.0 1.66727001587 1.0
69.0 0.985743493285 1.0
34.0 1.04398878876 1.0
40.0 1.01752538558 1.0
187.0 2.55979150882 1.0
50.0 0.987915028912 1.0
71.0 0.984069972756 1.0
189.0 -0.93788886238 1.0
30.0 1.00362809989 1.0
140.0 1.00819303319 1.0
4.0 0.971045199538 1.0
70.0 1.02768906507 1.0
185.0 -1.87584935631 1.0
191.0 6.01972442076 1.0
60.0 1.00326191529 1.0
125.0 1.06206543453 1.0
49.0 1.00785722385 1.0
199.0 0.563267547389 1.0
26.0 1.0151534539 1.0
6.0 1.00372911328 1.0
165.0 0.936928667318 1.0
object 33	1.0:1.0
159.0 1.02424670697 1.0
119.0 0.971918806585 1.0
149.0 1.03341693446 1.0
56.0 1.0079449064 1.0
57.0 1.02565657138 1.0
85.0 0.944940277477 1.0
113.0 0.990125848 1.0
28.0 0.974774387697 1.0
186.0 0.879960234679 1.0
188.0 -0.731568356115 1.0
170.0 2.46823270644 1.0
120.0 0.949995765793 1.0
89.0 0.970976438167 1.0
138.0 0.989192619683 1.0
130.0 0.983402015843 1.0
65.0 0.980156909566 1.0
192.0 1.42694372618 1.0
3.0 1.00626896099 1.0
0.0 0.978556748015 1.0
87.0 0.98276787323 1.0
27.0 0.963517422709 1.0
184.0 1.74757860629 1.0
198.0 -1.41875883402 1.0
43.0 0.997509039951 1.0
54.0 0.995703149348 1.0
199.0 0.800218713102 1.0
123.0 1.00862137348 1.0
136.0 1.02087387112 1.0
121.0 0.990799147721 1.0
20.0 1.00166596697 1.0
31.0 0.933599460297 1.0
134.0 1.02334814586 1.0
64.0 1.02973675711 1.0
37.0 1.03732891184 1.0
21.0 1.03987522522 1.0
object 34	1.0:1.0
178.0 5.07445723958 1.0
133.0 1.02023879782 1.0
179.0 2.52449395486 1.0
80.0 0.981617257415 1.0
108.0 1.16289288067 1.0
47.0 1.01114564605 1.0
62.0 0.977153492624 1.0
181.0 -6.36425149809 1.0
2.0 0.992482752315 1.0
147.0 1.01975977909 1.0
168.0 1.86362125392 1.0
20.0 0.979552401016 1.0
148.0 1.00798457541 1.0
121.0 1.011190183 1.0
52.0 0.99859143617 1.0
85.0 0.938112422454 1.0
107.0 1.00572598964 1.0
37.0 0.962389929802 1.0
76.0 0.996868630782 1.0
28.0 1.00802012604 1.0
115.0 1.00202252591 1.0
162.0 6.11830098286 1.0
43.0 0.994312004868 1.0
137.0 0.957075962662 1.0
65.0 1.0169556613 1.0
176.0 5.65323071382 1.0
94.0 1.05592471657 1.0
16.0 0.961088634041 1.0
122.0 0.992673998566 1.0
169.0 2.93128935839 1.0
50.0 1.01402091109 1.0
153.0 0.94518377654 1.0
object 35	1.0:1.0
103.0 1.01001508097 1.0
176.0 -1.89562538352 1.0
174.0 -0.265391354854 1.0
196.0 2.80871104945 1.0
48.0 1.01123032088 1.0
131.0 1.00637459853 1.0
182.0 2.10034505959 1.0
161.0 0.026449652405 1.0
106.0 0.985234097609 1.0
113.0 1.00659141676 1.0
32.0 1.01175932625 1.0
18.0 1.0110811388 1.0
42.0 0.980823681578 1.0
72.0 0.96588422376 1.0
91.0 0.98450607291 1.0
60.0 0.971752304667 1.0
6.0 0.979212960964 1.0
22.0 0.999977366913 1.0
43.0 1.00737326756 1.0
76.0 0.987242191789 1.0
114.0 1.00172184364 1.0
119.0 1.00951239114 1.0
197.0 4.72155051193 1.0
172.0 4.74361864436 1.0
184.0 1.60486352214 1.0
99.0 1.02900188498 1.0
186.0 0.955217082536 1.0
50.0 0.992716711739 1.0
145.0 0.986838157326 1.0
166.0 3.13081712389 1.0
104.0 1.00576296704 1.0
160.0 -4.26399501311 1.0
49.0 0.997958622205 1.0
object 36	1.0:1.0
26.0 0.986806973908 1.0
55.0 1.04035135402 1.0
14.0 1.04770225 1.0
133.0 1.00152924625 1.0
90.0 1.02549964306 1.0
47.0 1.04033832527 1.0
96.0 0.968222023708 1.0
15.0 0.978472046302 1.0
18.0 0.981332119745 1.0
130.0 0.989827988932 1.0
56.0 0.963528864715 1.0
115.0 1.00361718858 1.0
181.0 -2.4031465334 1.0
1.0 1.00319630618 1.0
100.0 1.01560701561 1.0
93.0 1.01783919862 1.0
142.0 1.00821281948 1.0
65.0 0.996276863396 1.0
116.0 0.935577526566 1.0
128.0 1.01197506676 1.0
70.0 0.995110780677 1.0
63.0 1.01908383832 1.0
164.0 0.991714540569 1.0
82.0 0.9446409683 1.0
60.0 0.994306052162 1.0
186.0 0.0416209053972 1.0
76.0 1.00908091204 1.0
7.0 1.0178801101 1.0
117.0 1.01572457737 1.0
157.0 1.02625499386 1.0
143.0 1.01303304361 1.0
62.0 0.964259209186 1.0
20.0 1.04875826792 1.0
103.0 0.990702807418 1.0
object 37	1.0:1.0
158.0 1.02280046416 1.0
33.0 1.04620194405 1.0
105.0 1.00961238629 1.0
137.0 1.06091886056 1.0
104.0 1.00730434005 1.0
31.0 1.04061213283 1.0
28.0 1.06356472471 1.0
57.0 1.03445284523 1.0
122.0 0.980335994345 1.0
154.0 1.09202572336 1.0
88.0 1.01294295475 1.0
126.0 1.00446123255 1.0
159.0 0.907225610402 1.0
197.0 1.83312877368 1.0
152.0 1.00645718889 1.0
143.0 0.997131827546 1.0
156.0 0.943715185971 1.0
155.0 0.987931381141 1.0
181.0 1.59358259749 1.0
149.0 0.950789840338 1.0
7.0 0.967421844328 1.0
110.0 1.0202018378 1.0
142.0 0.993007566317 1.0
43.0 0.997197338723 1.0
object 38	1.0:1.0
98.0 1.01104146169 1.0
34.0 1.0164314205 1.0
159.0 0.999932363856 1.0
77.0 1.00714593376 1.0
190.0 1.63124175021 1.0
156.0 1.05026158938 1.0
170.0 2.78750977715 1.0
78.0 0.94017158126 1.0
157.0 1.05544392596 1.0
49.0 0.98703563498 1.0
119.0 0.979214393326 1.0
120.0 0.972023914172 1.0
81.0 0.949849320414 1.0
21.0 0.980342689667 1.0
39.0 1.00606490118 1.0
48.0 0.992911265536 1.0
41.0 0.980161805235 1.0
151.0 1.02095187634 1.0
154.0 0.967572777339 1.0
52.0 0.947897792347 1.0
180.0 1.09138585318 1.0
92.0 1.01229134519 1.0
186.0 0.307172778188 1.0
16.0 0.995165446568 1.0
15.0 0.979524999367 1.0
109.0 1.03885367871 1.0
65.0 0.977374642625 1.0
196.0 1.23505925827 1.0
189.0 -2.28415062602 1.0
object 39	1.0:1.0
62.0 0.99622466603 1.0
4.0 1.0226941179 1.0
151.0 1.00286265594 1.0
184.0 -6.45347074791 1.0
72.0 0.87494511308 1.0
176.0 0.17527386453 1.0
13.0 1.01568746906 1.0
27.0 0.960629552234 1.0
180.0 2.90672681237 1.0
81.0 1.02381326625 1.0
169.0 2.64841560483 1.0
1.0 1.02658410592 1.0
35.0 0.986173331902 1.0
73.0 0.954348265831 1.0
178.0 4.51517752148 1.0
126.0 1.01886854605 1.0
111.0 1.02221026548 1.0
147.0 1.02222924756 1.0
59.0 1.00269225401 1.0
185.0 0.147599413575 1.0
38.0 1.02838991642 1.0
32.0 1.00292810839 1.0
63.0 0.965473063151 1.0
76.0 1.00751283746 1.0
48.0 0.94023323774 1.0
70.0 0.988418671943 1.0
7.0 0.964869753077 1.0
187.0 -3.75764932553 1.0
85.0 1.05736779783 1.0
173.0 2.99185781497 1.0
31.0 0.964637338196 1.0
94.0 1.04642092096 1.0
object 40	1.0:1.0
63.0 0.979000802064 1.0
115.0 0.979479126681 1.0
62.0 1.03934983413 1.0
145.0 0.988982608448 1.0
89.0 0.967789646641 1.0
93.0 1.02630900242 1.0
189.0 4.24345765826 1.0
192.0 0.0372866789572 1.0
158.0 0.957166058516 1.0
108.0 0.995579698219 1.0
126.0 0.993407011367 1.0
179.0 0.631086392782 1.0
178.0 -0.903155471747 1.0
143.0 0.998816213105 1.0
174.0 1.58946154549 1.0
191.0 -4.25378534776 1.0
80.0 1.01832903749 1.0
199.0 4.44077461679 1.0
40.0 0.996057418252 1.0
94.0 0.952421057571 1.0
124.0 1.00615113683 1.0
109.0 0.980788897136 1.0
60.0 1.02086967237 1.0
37.0 0.953879901551 1.0
69.0 1.05509879015 1.0
31.0 1.04445197706 1.0
159.0 1.08624368579 1.0
175.0 -1.74707347957 1.0
19.0 1.03180947047 1.0
object 41	1.0:1.0
6.0 1.01053565597 1.0
89.0 0.859433221915 1.0
135.0 1.00394236349 1.0
74.0 0.942243957625 1.0
83.0 0.994736649797 1.0
42.0 1.0295482396 1.0
158.0 0.991845155407 1.0
58.0 1.03011676311 1.0
152.0 1.00183075132 1.0
43.0 0.978976839024 1.0
15.0 1.0107218215 1.0
114.0 0.995268537168 1.0
199.0 0.646142062809 1.0
129.0 1.04217412427 1.0
64.0 1.02667259894 1.0
192.0 1.46896661662 1.0
170.0 4.43572939914 1.0
16.0 0.983433882975 1.0
25.0 0.988512316144 1.0
81.0 0.975907105407 1.0
172.0 -3.97221490373 1.0
122.0 1.03852450598 1.0
19.0 0.948073183682 1.0
105.0 1.01439900755 1.0
32.0 1.01302807603 1.0
97.0 1.0031240348 1.0
62.0 1.01114996513 1.0
123.0 1.00912740071 1.0
47.0 1.02520683719 1.0
53.0 0.986376472586 1.0
185.0 -6.80255000027 1.0
75.0 0.951668120511 1.0
184.0 -1.76454401643 1.0
9.0 1.06109787414 1.0
85.0 0.992070911199 1.0
67.0 0.988776458736 1.0
44.0 0.970079921911 1.0
45.0 1.0324191883 1.0
12.0 1.01062438274 1.0
198.0 2.24198938883 1.0
46.0 1.03099736395 1.0
8.0 0.992882255774 1.0
object 42	1.0:1.0
84.0 1.00639357066 1.0
65.0 1.01199061796 1.0
4.0 1.00009373019 1.0
177.0 -0.254493780932 1.0
137.0 1.00036367857 1.0
144.0 1.01347003873 1.0
75.0 1.0024486893 1.0
95.0 1.02232589356 1.0
173.0 5.13225906463 1.0
14.0 1.07358333882 1.0
42.0 0.983781914728 1.0
25.0 1.00546508024 1.0
135.0 0.974921852427 1.0
88.0 0.980584082604 1.0
21.0 1.03106521072 1.0
92.0 0.987421139423 1.0
99.0 1.00421701874 1.0
110.0 0.987569039908 1.0
124.0 0.980095690224 1.0
87.0 0.98306986942 1.0
196.0 0.391489829924 1.0
22.0 1.01124891637 1.0
55.0 1.01528413495 1.0
104.0 1.01387825961 1.0
119.0 0.99342568051 1.0
11.0 1.00689314985 1.0
115.0 0.990322153488 1.0
31.0 1.06010446428 1.0
object 43	1.0:1.0
151.0 0.988809225281 1.0
181.0 4.12188047383 1.0
83.0 0.970827943438 1.0
23.0 0.929624603394 1.0
78.0 1.05419445718 1.0
106.0 1.04288770695 1.0
95.0 1.02351501143 1.0
125.0 0.98018106195 1.0
199.0 1.7303231763 1.0
167.0 3.49993711857 1.0
188.0 0.85160041299 1.0
84.0 0.971486681796 1.0
186.0 0.0803725224231 1.0
92.0 1.01090008018 1.0
163.0 0.530289524123 1.0
47.0 1.01899291935 1.0
32.0 1.02287980183 1.0
144.0 1.05164998299 1.0
16.0 1.01448159369 1.0
171.0 3.72956541539 1.0
80.0 1.01410245031 1.0
119.0 0.998608837279 1.0
152.0 0.996528077054 1.0
40.0 1.01292994851 1.0
21.0 1.01686110676 1.0
7.0 0.994744416184 1.0
5.0 1.02249638734 1.0
127.0 0.991867870278 1.0
159.0 0.957801051973 1.0
4.0 1.01175241399 1.0
114.0 1.02418422365 1.0
72.0 0.991255704353 1.0
183.0 4.19806804902 1.0
object 44	1.0:1.0
78.0 0.978645454343 1.0
39.0 0.980309170784 1.0
192.0 -0.542819937655 1.0
198.0 9.39018918022 1.0
80.0 1.00075336812 1.0
180.0 -1.44014231827 1.0
142.0 0.985576199185 1.0
176.0 -0.859227343629 1.0
104.0 1.00446725662 1.0
127.0 1.00280987546 1.0
147.0 0.982278966644 1.0
93.0 0.983032266262 1.0
72.0 1.01958597346 1.0
112.0 0.983991568085 1.0
6.0 0.998317876017 1.0
7.0 0.983384139386 1.0
15.0 1.05022699799 1.0
197.0 -3.74211338418 1.0
46.0 0.959006714216 1.0
42.0 1.04714621994 1.0
154.0 0.999637096323 1.0
49.0 0.992288935672 1.0
111.0 0.964159636916 1.0
64.0 1.00258892686 1.0
120.0 0.970256095625 1.0
20.0 1.0064226047 1.0
137.0 1.01585983898 1.0
150.0 1.021833776 1.0
60.0 0.981279985107 1.0
33.0 1.06756298565 1.0
157.0 1.07030869402 1.0
140.0 1.04252564372 1.0
40.0 0.998001324842 1.0
110.0 0.995306766203 1.0
59.0 1.00765894583 1.0
object 45	1.0:1.0
78.0 0.974117635426 1.0
108.0 0.966835125935 1.0
62.0 0.989567625121 1.0
61.0 1.01726967401 1.0
60.0 0.989399129871 1.0
6.0 0.974611732066 1.0
14.0 0.915544378769 1.0
126.0 1.01831806485 1.0
117.0 0.978717204863 1.0
141.0 1.04418271639 1.0
74.0 1.05404796914 1.0
159.0 0.986055606873 1.0
157.0 1.02587299767 1.0
3.0 0.99941198589 1.0
179.0 -0.295145590825 1.0
69.0 1.05745926033 1.0
96.0 0.975594590639 1.0
71.0 0.992224689676 1.0
160.0 -0.146221248326 1.0
170.0 -0.745494922746 1.0
41.0 0.996062428468 1.0
58.0 1.03087416274 1.0
99.0 0.974460679377 1.0
132.0 1.0060422804 1.0
123.0 1.02389667064 1.0
192.0 0.440548474627 1.0
52.0 0.974126909689 1.0
130.0 1.00037639356 1.0
21.0 1.05053357258 1.0
19.0 0.975992009957 1.0
87.0 1.02956264202 1.0
176.0 -0.346783166987 1.0
134.0 0.945703305926 1.0
object 46	1.0:1.0
173.0 -5.26614156437 1.0
12.0 0.995719196333 1.0
181.0 1.86569568545 1.0
8.0 1.02888391093 1.0
30.0 1.02315622422 1.0
93.0 0.9839364935 1.0
148.0 1.01880764086 1.0
192.0 -1.36427117097 1.0
168.0 5.10422001149 1.0
80.0 0.991873418647 1.0
157.0 1.066710383 1.0
121.0 0.993274441731 1.0
52.0 0.920302014998 1.0
79.0 0.998049687224 1.0
46.0 1.1024887805 1.0
195.0 0.0561576577187 1.0
154.0 0.948801639386 1.0
82.0 1.07052293275 1.0
44.0 0.99797275412 1.0
45.0 0.995203086698 1.0
34.0 0.939147295433 1.0
163.0 -2.54261552206 1.0
187.0 5.00291391242 1.0
62.0 1.04137744634 1.0
88.0 1.00595039687 1.0
191.0 3.64445671802 1.0
37.0 1.00881305479 1.0
72.0 0.955996078077 1.0
101.0 1.03578152094 1.0
184.0 -3.86842971416 1.0
174.0 1.47496300403 1.0
1.0 0.976476132687 1.0
object 47	1.0:1.0
137.0 1.04186175883 1.0
130.0 1.02422218581 1.0
102.0 1.01070577046 1.0
169.0 -1.15795039325 1.0
71.0 1.00548577792 1.0
38.0 1.00070654082 1.0
50.0 1.00134026271 1.0
157.0 0.926462392485 1.0
18.0 0.964753035886 1.0
170.0 7.13972024097 1.0
115.0 0.963172206915 1.0
81.0 0.98641073541 1.0
82.0 1.03400185856 1.0
73.0 0.947873898624 1.0
52.0 0.846691956875 1.0
78.0 0.984197084268 1.0
9.0 1.00847661199 1.0
76.0 0.984220564287 1.0
7.0 0.980404336284 1.0
171.0 -1.37074790296 1.0
44.0 1.01534806065 1.0
174.0 1.75572683663 1.0
128.0 0.988466848169 1.0
11.0 0.980955139982 1.0
77.0 0.948568093887 1.0
184.0 2.89772510781 1.0
158.0 0.97209184114 1.0
79.0 1.0103540963 1.0
28.0 0.965199547891 1.0
172.0 3.48383057534 1.0
object 48	1.0:1.0
134.0 0.975169820168 1.0
105.0 0.99949805935 1.0
158.0 0.992271304146 1.0
106.0 0.982339644177 1.0
42.0 1.013126428 1.0
84.0 1.01581085993 1.0
37.0 0.967877938343 1.0
64.0 0.990604144359 1.0
39.0 1.02642165121 1.0
92.0 0.984441057923 1.0
133.0 0.97342915974 1.0
48.0 1.00465083673 1.0
191.0 -1.03461650904 1.0
111.0 0.964432437391 1.0
103.0 0.979863772667 1.0
120.0 1.00798050282 1.0
186.0 1.69924110752 1.0
170.0 -3.87952808191 1.0
182.0 6.36530360461 1.0
12.0 1.01837192606 1.0
135.0 0.990003059748 1.0
174.0 1.19353184311 1.0
159.0 1.01391883208 1.0
62.0 0.979808080709 1.0
74.0 0.99334844062 1.0
151.0 0.98384624874 1.0
100.0 1.00978802228 1.0
177.0 1.07314992632 1.0
108.0 1.01946127056 1.0
object 49	1.0:1.0
28.0 1.00141682523 1.0
116.0 1.04280980091 1.0
93.0 1.00191982812 1.0
63.0 0.972317758032 1.0
50.0 1.07395069553 1.0
91.0 0.996287760767 1.0
165.0 0.138850193188 1.0
30.0 1.00337309426 1.0
5.0 1.00126399584 1.0
43.0 1.00636310454 1.0
195.0 4.87839678027 1.0
127.0 0.995806270739 1.0
107.0 0.990474800101 1.0
31.0 1.0379334316 1.0
80.0 0.988271183337 1.0
17.0 1.01803057223 1.0
198.0 -6.63482580723 1.0
6.0 1.02760666472 1.0
52.0 1.07408350872 1.0
71.0 0.988898484702 1.0
130.0 1.00580954354 1.0
21.0 1.01533073127 1.0
192.0 -2.52360802431 1.0
51.0 0.992540228993 1.0
105.0 1.00124189298 1.0
173.0 -3.52221867227 1.0
78.0 1.01477469997 1.0
34.0 1.04022601851 1.0
9.0 1.03780039461 1.0
70.0 0.977646315801 1.0
86.0 1.0068148687 1.0
190.0 2.77435383026 1.0
23.0 1.01615998422 1.0
object 50	1.0:0.5 6.80118978006:0.5
19.0 0.884873796106 0.0
132.0 6.83542810249 1.0
0.0 1.03907285524 0.0
33.0 6.84337182724 1.0
4.0 6.85739685183 1.0
6.0 1.03810826516 0.0
138.0 1.03803988186 0.0
172.0 -0.0613438697786 1.0
71.0 0.981847776275 0.0
187.0 5.62077305056 1.0
99.0 6.81146521434 1.0
68.0 6.89564824682 1.0
20.0 6.83541348748 1.0
126.0 6.79442941806 1.0
145.0 6.85701275522 1.0
63.0 6.70865766284 1.0
56.0 0.955434025089 0.0
182.0 8.90604997891 1.0
57.0 6.83423515014 1.0
167.0 0.684995303072 0.0
27.0 6.70971111908 1.0
181.0 -0.755706023233 0.0
188.0 7.49366544226 1.0
184.0 10.505817204 1.0
5.0 0.976866191694 0.0
60.0 0.97564002887 0.0
157.0 1.00364279043 0.0
125.0 6.84419129514 1.0
118.0 0.88671695856 0.0
195.0 3.75675741197 0.0
150.0 0.960796213423 0.0
object 51	1.0:0.5 6.6976777781:0.5
196.0 0.786923309111 1.0
157.0 1.05454700614 0.0
189.0 -5.53843250498 0.0
175.0 1.74627077482 0.0
112.0 0.992564552173 0.0
139.0 6.71361052691 1.0
49.0 1.0352245669 0.0
134.0 1.03543874615 0.0
20.0 6.70132324582 1.0
107.0 6.69659853133 1.0
184.0 -3.93667549231 0.0
89.0 6.74641041628 1.0
160.0 6.62520291877 1.0
154.0 1.00237559131 0.0
42.0 1.0499851803 0.0
91.0 0.937532833896 0.0
19.0 6.67164833013 1.0
147.0 0.996269886532 0.0
6.0 6.65996415503 1.0
165.0 -1.41581353871 0.0
92.0 6.66572742773 1.0
93.0 6.62672903003 1.0
object 52	1.0:0.5 4.93547325461:0.5
69.0 0.986147693721 0.0
95.0 1.00256602856 0.0
115.0 0.963026350428 0.0
43.0 0.925619143287 0.0
183.0 -2.92657563198 0.0
87.0 4.90075809712 1.0
26.0 4.94350775053 1.0
99.0 1.02658306213 0.0
45.0 4.90088524437 1.0
191.0 -3.15454966887 0.0
111.0 5.0056817392 1.0
42.0 4.97705740277 1.0
196.0 7.55984287427 0.0
126.0 1.01603812235 0.0
198.0 2.86896759431 0.0
37.0 4.90182239105 1.0
199.0 -6.33129382647 0.0
189.0 2.63244010126 0.0
139.0 4.96119252764 1.0
30.0 4.96250616441 1.0
65.0 0.967624229999 0.0
13.0 4.86930838195 1.0
67.0 1.04209882292 0.0
object 53	1.0:0.5 3.16777383693:0.5
199.0 -0.815545491217 0.0
139.0 0.978135081072 0.0
185.0 -0.283873338442 1.0
45.0 3.19044344836 1.0
103.0 1.00345246728 0.0
131.0 3.2046795669 1.0
197.0 -1.75080177905 0.0
92.0 3.14810180343 1.0
9.0 1.03056486951 0.0
124.0 3.07694665007 1.0
34.0 0.984333037723 0.0
48.0 0.900242507232 0.0
52.0 3.17960579018 1.0
41.0 3.1669201294 1.0
13.0 0.925442167907 0.0
27.0 1.0000651607 0.0
168.0 -2.17050155163 0.0
90.0 3.1397950413 1.0
170.0 -3.23720943195 1.0
193.0 -0.217483818311 0.0
189.0 6.46016955645 1.0
147.0 0.981855662967 0.0
191.0 -0.855831357685 0.0
88.0 3.19875219305 1.0
169.0 10.7152514034 1.0
109.0 1.02439484996 0.0
22.0 3.23672647922 1.0
53.0 1.00992517205 0.0
178.0 0.762490892309 0.0
146.0 3.19302848747 1.0
127.0 0.997822083463 0.0
149.0 1.08843640333 0.0
82.0 3.09783528912 1.0
129.0 1.01038596954 0.0
108.0 0.995751067139 0.0
91.0 3.22916264976 1.0
object 54	1.0:0.5 9.47138559616:0.5
71.0 0.936746497015 0.0
142.0 1.05127902483 0.0
173.0 4.28784151594 0.0
91.0 9.49963752285 1.0
56.0 1.00885843973 0.0
19.0 9.43412572517 1.0
44.0 0.934815939205 0.0
113.0 9.40245557064 1.0
186.0 6.22342102671 0.0
74.0 9.34267593015 1.0
28.0 0.946019067784 0.0
8.0 9.38120430942 1.0
161.0 11.5415153157 1.0
194.0 1.10984686486 0.0
122.0 1.00459620831 0.0
18.0 9.48029700953 1.0
192.0 10.5010961844 1.0
35.0 9.43445641166 1.0
185.0 -4.81102326812 0.0
73.0 1.05990806722 0.0
150.0 0.990350440647 0.0
49.0 9.39159017773 1.0
53.0 9.44792532372 1.0
77.0 0.925297078465 0.0
65.0 1.05535776765 0.0
155.0 1.02700937512 0.0
197.0 10.4804740143 1.0
66.0 0.97499886816 0.0
6.0 9.39056402371 1.0
153.0 0.977304400444 0.0
174.0 2.14265618835 0.0
14.0 9.50977944787 1.0
198.0 -0.982860052348 0.0
135.0 0.983407642675 0.0
object 55	1.0:0.5 6.54403466999:0.5
2.0 1.0055511721 0.0
173.0 7.4730901858 1.0
182.0 2.00757948975 0.0
79.0 1.00810268016 0.0
105.0 6.44369969643 1.0
145.0 6.52660853099 1.0
15.0 6.54577569649 1.0
137.0 6.49749008313 1.0
107.0 6.56941129165 1.0
28.0 6.55065347893 1.0
148.0 0.955884406739 0.0
108.0 6.53224385413 1.0
198.0 4.78343317524 1.0
161.0 8.72454883302 1.0
166.0 7.56954616034 1.0
120.0 0.978968271207 0.0
128.0 6.45296871416 1.0
23.0 0.96571939042 0.0
37.0 0.922236354296 0.0
17.0 6.53898814188 1.0
96.0 1.02244421767 0.0
130.0 6.59676979215 1.0
56.0 0.968802614105 0.0
151.0 6.54218954651 1.0
123.0 6.46244771548 1.0
22.0 1.06036228684 0.0
75.0 6.54624299963 1.0
object 56	1.0:0.5 -8.60340841632:0.5
58.0 -8.7018579876 1.0
199.0 -9.35965739309 1.0
186.0 1.11284561475 0.0
134.0 -8.49604133171 1.0
97.0 -8.49920471931 1.0
45.0 0.967889004819 0.0
163.0 2.00366190394 0.0
65.0 -8.65836033069 1.0
83.0 1.06575313947 0.0
76.0 -8.58904818121 1.0
162.0 -0.24678816391 0.0
41.0 0.950685170791 0.0
159.0 -8.64529053575 1.0
124.0 0.962387549431 0.0
129.0 -8.62476527244 1.0
152.0 -8.61164313625 1.0
131.0 1.00858332779 0.0
70.0 -8.70704313473 1.0
31.0 0.989109829581 0.0
180.0 -4.52526664197 1.0
85.0 -8.62510494957 1.0
116.0 -8.57289997703 1.0
112.0 -8.59814989158 1.0
60.0 0.965652360227 0.0
12.0 1.0314002365 0.0
16.0 -8.65455644847 1.0
105.0 -8.60108815391 1.0
84.0 1.02671011309 0.0
object 57	1.0:0.5 4.91713460977:0.5
183.0 0.201426848788 1.0
173.0 1.29304241642 1.0
145.0 4.91307135294 1.0
60.0 0.906293657227 0.0
105.0 0.992368374033 0.0
45.0 1.01714452938 0.0
162.0 8.15082860638 1.0
147.0 0.94909251488 0.0
150.0 4.9932713717 1.0
107.0 1.01892209677 0.0
91.0 4.91267734827 1.0
11.0 5.02604636379 1.0
18.0 1.0270604719 0.0
189.0 3.18867502766 1.0
1.0 4.89345382148 1.0
138.0 0.967989470488 0.0
72.0 4.94252141467 1.0
133.0 4.94782120809 1.0
52.0 0.955773851316 0.0
47.0 4.89259648636 1.0
3.0 1.02937017204 0.0
42.0 4.88367064293 1.0
44.0 1.01577280699 0.0
85.0 4.92356458442 1.0
193.0 6.22074827302 1.0
53.0 4.94322315185 1.0
99.0 0.999625420761 0.0
object 58	1.0:0.5 -21.6635095763:0.5
118.0 -21.6639578327 1.0
147.0 1.05228641821 0.0
12.0 -21.6783867955 1.0
164.0 -25.2239091358 1.0
161.0 -18.3510664581 1.0
18.0 0.979019955013 0.0
191.0 0.448838799534 0.0
111.0 0.935329803939 0.0
84.0 -21.6203701088 1.0
196.0 -5.60874830669 0.0
134.0 0.926805096026 0.0
26.0 -21.671976249 1.0
110.0 1.00330560723 0.0
152.0 0.984636911769 0.0
171.0 -21.7754725906 1.0
102.0 -21.6195900018 1.0
61.0 1.06479683745 0.0
153.0 -21.6134945402 1.0
65.0 1.05898261313 0.0
46.0 1.03453638632 0.0
122.0 -21.6957289069 1.0
17.0 1.06993775238 0.0
141.0 -21.6116821429 1.0
76.0 -21.6974215041 1.0
104.0 0.933354166604 0.0
163.0 -22.2916116007 1.0
179.0 -2.02030346122 0.0
89.0 -21.6734876011 1.0
4.0 1.07224066087 0.0
138.0 1.06345676472 0.0
162.0 2.15131233664 0.0
49.0 1.04386632429 0.0
27.0 0.980035165911 0.0
175.0 3.18559316803 0.0
81.0 1.00338362068 0.0
object 59	1.0:0.5 -9.30426614815:0.5
184.0 -7.61245205693 1.0
145.0 0.971869803473 0.0
165.0 4.81043438785 0.0
14.0 -9.26350715524 1.0
188.0 2.92565371801 0.0
151.0 -9.2822641907 1.0
13.0 1.01900340128 0.0
57.0 -9.28191236147 1.0
168.0 -13.2044546391 1.0
84.0 -9.31820867382 1.0
28.0 -9.25331096659 1.0
95.0 0.992418996316 0.0
191.0 -13.8845445011 1.0
3.0 0.968776235457 0.0
141.0 -9.31185633663 1.0
113.0 -9.31514215188 1.0
21.0 1.05584258871 0.0
112.0 0.966892090986 0.0
110.0 -9.28304089678 1.0
12.0 1.0539109491 0.0
91.0 0.99216908935 0.0
85.0 -9.31059320782 1.0
object 60	1.0:0.5 -15.3912649237:0.5
167.0 0.655152207421 0.0
168.0 6.14261888134 0.0
155.0 0.987305473383 0.0
104.0 -15.3002272282 1.0
82.0 0.988079146722 0.0
150.0 -15.3723810021 1.0
144.0 0.98363634415 0.0
166.0 -20.6345025641 1.0
142.0 0.929465273319 0.0
68.0 1.01828675472 0.0
180.0 -21.6230619693 1.0
20.0 0.978361231102 0.0
194.0 0.718280659096 0.0
24.0 -15.3936256865 1.0
78.0 -15.2871442177 1.0
4.0 -15.3882458251 1.0
73.0 0.98808942552 0.0
101.0 -15.4966693478 1.0
1.0 0.978532573776 0.0
62.0 1.05103117431 0.0
125.0 -15.4086699667 1.0
5.0 1.02483811762 0.0
106.0 -15.3230207256 1.0
120.0 -15.3284666338 1.0
154.0 -15.402244371 1.0
156.0 -15.3946851861 1.0
87.0 -15.4512047619 1.0
158.0 -15.3449517741 1.0
124.0 1.05136458983 0.0
44.0 1.00065470101 0.0
38.0 -15.3690062734 1.0
32.0 0.969187800681 0.0
object 61	1.0:0.5 -2.38103315203:0.5
68.0 1.08843159749 0.0
32.0 1.08576671499 0.0
196.0 -2.60911210822 0.0
108.0 0.93491804745 0.0
8.0 -2.41693543868 1.0
77.0 -2.41607187277 1.0
128.0 -2.37150332142 1.0
93.0 1.03154671431 0.0
42.0 -2.36110521163 1.0
28.0 1.01682530946 0.0
72.0 -2.25183487779 1.0
189.0 7.19397265356 0.0
104.0 1.0162446883 0.0
137.0 -2.36319721256 1.0
12.0 -2.36203212911 1.0
134.0 0.942306496853 0.0
177.0 -1.296353731 1.0
178.0 3.07474918874 0.0
103.0 -2.31149034067 1.0
135.0 1.03448989613 0.0
167.0 2.47365801906 0.0
151.0 -2.43237631881 1.0
131.0 1.01548175629 0.0
69.0 1.03106679418 0.0
175.0 -1.80829258828 1.0
158.0 1.05592322254 0.0
163.0 1.07908257904 0.0
6.0 -2.37371722646 1.0
192.0 2.19447583218 0.0
23.0 1.00999405883 0.0
79.0 -2.31749088387 1.0
67.0 0.947632209395 0.0
123.0 0.978157940054 0.0
45.0 -2.40844344523 1.0
53.0 -2.35942105302 1.0
133.0 1.00317613872 0.0
24.0 0.96720914151 0.0
148.0 0.925594566819 0.0
47.0 0.947790427229 0.0
96.0 -2.41468659405 1.0
object 62	1.0:0.5 4.26098461515:0.5
70.0 4.19995802746 1.0
196.0 2.45144214712 0.0
162.0 1.46168892172 1.0
113.0 4.19053332992 1.0
30.0 1.00328007749 0.0
47.0 1.05202976532 0.0
171.0 -1.31784459219 0.0
116.0 4.21589330012 1.0
50.0 0.982958090303 0.0
53.0 0.977259254059 0.0
44.0 0.967816146562 0.0
160.0 4.83129033775 1.0
84.0 4.31336201813 1.0
185.0 1.81506614311 0.0
174.0 -0.841836882839 1.0
152.0 0.949727240955 0.0
73.0 4.35553623246 1.0
151.0 4.29092044792 1.0
124.0 1.07568717339 0.0
119.0 1.02261323493 0.0
146.0 4.36633142967 1.0
133.0 4.20179444985 1.0
69.0 4.28022046902 1.0
189.0 -1.16267344512 1.0
140.0 4.29015492384 1.0
13.0 4.28712163178 1.0
16.0 4.31553188653 1.0
45.0 1.03612818169 0.0
54.0 4.30517324032 1.0
198.0 10.6982807303 1.0
object 63	1.0:0.5 10.684112473:0.5
80.0 1.03728741119 0.0
59.0 1.0067192983 0.0
79.0 0.99341271182 0.0
135.0 0.926318119265 0.0
8.0 10.772271841 1.0
23.0 0.978627946723 0.0
31.0 1.00719068411 0.0
28.0 10.7207653142 1.0
30.0 10.678223778 1.0
194.0 14.0992136036 1.0
162.0 13.7287743178 1.0
37.0 1.03845465292 0.0
87.0 10.7566903355 1.0
149.0 10.6534020622 1.0
106.0 10.6804672405 1.0
196.0 8.40595074861 1.0
155.0 0.926099797213 0.0
191.0 5.94596886642 0.0
11.0 1.01963178533 0.0
53.0 0.983494402162 0.0
76.0 10.7049059504 1.0
46.0 10.6185775869 1.0
128.0 10.6505567335 1.0
48.0 10.5995687503 1.0
32.0 10.8380703664 1.0
40.0 1.11151019889 0.0
150.0 10.7368315517 1.0
102.0 0.952489143674 0.0
0.0 10.6960561331 1.0
object 64	1.0:0.5 11.3501266585:0.5
9.0 0.897855275371 0.0
137.0 11.3169979801 1.0
34.0 11.3584732131 1.0
119.0 11.2578876866 1.0
38.0 11.335226858 1.0
184.0 12.4587868619 1.0
148.0 1.05224362066 0.0
131.0 11.3495920569 1.0
179.0 1.527398606 0.0
125.0 11.3383021312 1.0
54.0 0.976943034123 0.0
72.0 0.953969568557 0.0
53.0 11.4528764592 1.0
117.0 11.3702701448 1.0
68.0 0.997239668391 0.0
62.0 0.994643485893 0.0
170.0 16.9935428902 1.0
109.0 11.2947032843 1.0
118.0 1.01926228868 0.0
90.0 1.03147060391 0.0
130.0 1.02609012041 0.0
42.0 11.3735885333 1.0
70.0 0.896019621295 0.0
180.0 0.678049850703 0.0
196.0 12.161702077 1.0
14.0 11.2775066067 1.0
175.0 11.8119168507 1.0
93.0 0.996385931162 0.0
174.0 1.63534654595 0.0
158.0 0.94815651129 0.0
96.0 11.3909488574 1.0
1.0 1.02057503106 0.0
object 65	1.0:0.5 1.34284261387:0.5
32.0 1.36292883246 1.0
112.0 0.990686572999 0.0
143.0 0.999985397667 0.0
105.0 1.05109091326 0.0
7.0 1.01530631143 0.0
188.0 1.11404422307 0.0
66.0 1.31985944757 1.0
56.0 1.33278633993 1.0
40.0 0.948972794119 0.0
30.0 1.29465731175 1.0
193.0 2.70293669568 1.0
182.0 4.66531890409 0.0
77.0 1.37767416013 1.0
148.0 1.36872340202 1.0
35.0 1.35776746918 1.0
67.0 0.958959722096 0.0
37.0 1.31721346648 1.0
115.0 1.26946681761 1.0
161.0 3.96729036908 1.0
83.0 1.35774401339 1.0
33.0 1.05499172694 0.0
136.0 1.39151596173 1.0
129.0 1.2673101642 1.0
137.0 1.00301614483 0.0
74.0 1.36316505721 1.0
106.0 1.00826352371 0.0
25.0 1.29670797242 1.0
103.0 1.01739430101 0.0
80.0 0.938575937268 0.0
0.0 1.05541870505 0.0
100.0 0.989123990641 0.0
140.0 1.3009936899 1.0
173.0 2.5988101173 0.0
3.0 0.956306444094 0.0
29.0 1.228070719 1.0
object 66	1.0:0.5 1.93485241689:0.5
102.0 1.89380690647 1.0
80.0 1.88845478816 1.0
22.0 0.937914626064 0.0
98.0 1.88844769671 1.0
17.0 0.972189882352 0.0
179.0 -0.0923603529093 0.0
143.0 1.98103734402 1.0
94.0 1.94346963947 1.0
189.0 4.38231328428 1.0
186.0 2.74129201084 1.0
165.0 0.97070049128 1.0
34.0 1.9438200353 1.0
103.0 1.98786712637 1.0
37.0 1.11699875045 0.0
54.0 1.89332539013 1.0
121.0 2.01082557714 1.0
93.0 0.979434426699 0.0
115.0 0.947948044622 0.0
136.0 0.972046482307 0.0
157.0 0.955222390426 0.0
156.0 0.950605633651 0.0
0.0 1.9801598125 1.0
180.0 -0.979389923358 1.0
193.0 4.38323816908 0.0
196.0 2.55919308335 0.0
107.0 0.957463874628 0.0
58.0 1.80695271788 1.0
51.0 0.983783884969 0.0
164.0 6.42477970415 1.0
object 67	1.0:0.5 16.1266284197:0.5
88.0 0.952752161776 0.0
76.0 0.97056261849 0.0
91.0 0.980100259788 0.0
36.0 16.0920705424 1.0
12.0 0.957715000054 0.0
183.0 1.73171290795 0.0
147.0 16.1425096924 1.0
165.0 -1.84010423772 0.0
23.0 1.02769092918 0.0
52.0 16.057518229 1.0
14.0 16.1340894526 1.0
89.0 16.1562058429 1.0
151.0 0.985324409881 0.0
195.0 1.48961394995 0.0
174.0 14.6093576757 1.0
93.0 16.1161452502 1.0
136.0 16.1099194414 1.0
154.0 0.930368539708 0.0
185.0 -1.56534702144 0.0
94.0 16.1033722326 1.0
48.0 16.04335941 1.0
129.0 16.0724784315 1.0
58.0 16.0645623699 1.0
131.0 16.1308591293 1.0
155.0 16.1368962796 1.0
128.0 1.02238705139 0.0
49.0 16.0663594262 1.0
8.0 16.1111234533 1.0
0.0 1.00229038542 0.0
103.0 16.0594932929 1.0
146.0 16.1652325286 1.0
171.0 -0.443856215516 0.0
133.0 0.983515159008 0.0
100.0 1.0978495102 0.0
191.0 15.7390112603 1.0
99.0 16.1214852566 1.0
22.0 16.0143185677 1.0
object 68	1.0:0.5 4.5654772178:0.5
134.0 0.912474180029 0.0
173.0 1.86898840146 0.0
99.0 0.969301592058 0.0
159.0 4.5792393236 1.0
166.0 1.37444204307 0.0
122.0 4.57766261838 1.0
137.0 4.59247225831 1.0
120.0 1.00915685713 0.0
125.0 4.63606389206 1.0
12.0 4.65356094395 1.0
124.0 0.976754405648 0.0
128.0 0.971053468842 0.0
130.0 1.06868534379 0.0
37.0 4.57403418425 1.0
183.0 1.92168427408 0.0
85.0 1.01319602129 0.0
30.0 4.5158237765 1.0
60.0 4.58322842685 1.0
81.0 0.882695624657 0.0
156.0 4.60650657836 1.0
62.0 1.01390353915 0.0
174.0 1.83402519418 1.0
object 69	1.0:0.5 6.6284029931:0.5
156.0 1.02465429963 0.0
123.0 6.63340322947 1.0
110.0 1.0429705599 0.0
191.0 -3.15294074707 1.0
134.0 0.926721336767 0.0
114.0 6.71513006279 1.0
106.0 0.93609806436 0.0
155.0 6.64245602786 1.0
196.0 -4.50029747529 0.0
54.0 6.63102362053 1.0
152.0 6.60881890253 1.0
197.0 6.61641927608 1.0
55.0 6.59958330063 1.0
171.0 10.1715954017 1.0
80.0 0.984855225702 0.0
99.0 1.08095128573 0.0
46.0 1.09806374267 0.0
49.0 6.59196715555 1.0
139.0 6.67883181314 1.0
87.0 6.65169211581 1.0
168.0 13.6691375888 1.0
130.0 0.931252101091 0.0
142.0 6.59297668668 1.0
30.0 1.04563312093 0.0
13.0 0.978583398729 0.0
28.0 6.59407283266 1.0
69.0 1.02341042702 0.0
145.0 1.04306370616 0.0
47.0 6.6630852749 1.0
136.0 6.66634330969 1.0
85.0 1.00619407081 0.0
45.0 1.03942822239 0.0
81.0 6.6001854568 1.0
48.0 0.999004417357 0.0
173.0 6.77825682242 0.0
object 70	1.0:0.5 16.2934319962:0.5
183.0 26.4748903453 1.0
62.0 16.3245091093 1.0
104.0 0.934229433715 0.0
101.0 16.2558290248 1.0
199.0 26.3188154891 1.0
10.0 0.953840547191 0.0
186.0 1.44092475515 0.0
171.0 14.5081466184 1.0
151.0 1.01746329589 0.0
14.0 0.992961651625 0.0
8.0 16.4118237417 1.0
36.0 16.3059270767 1.0
70.0 1.03310989022 0.0
180.0 13.2585246963 1.0
88.0 0.974247500797 0.0
21.0 16.2802224654 1.0
48.0 16.4033509443 1.0
134.0 0.963579371066 0.0
150.0 16.2819893929 1.0
139.0 16.2934130314 1.0
137.0 0.954718800328 0.0
146.0 16.3829605927 1.0
111.0 1.0477476339 0.0
133.0 16.28843227 1.0
11.0 16.2273382392 1.0
45.0 1.06368781814 0.0
162.0 14.6025943803 1.0
5.0 16.3472759833 1.0
120.0 16.2374184146 1.0
51.0 16.3676235098 1.0
98.0 1.02555755592 0.0
164.0 11.3660200265 1.0
37.0 0.98089470654 0.0
94.0 16.2372576186 1.0
168.0 17.3651539493 1.0
99.0 0.973249862008 0.0
105.0 0.964819802694 0.0
115.0 16.3373791189 1.0
194.0 20.2270433538 1.0
object 71	1.0:0.5 6.93656624501:0.5
12.0 7.07475929549 1.0
70.0 6.94273972533 1.0
24.0 6.86531470738 1.0
44.0 1.00173051093 0.0
124.0 0.98751889351 0.0
102.0 1.03730617122 0.0
48.0 6.92617661143 1.0
91.0 0.975855233737 0.0
111.0 6.94317000846 1.0
7.0 6.94803499244 1.0
20.0 6.88923797125 1.0
40.0 6.9324050837 1.0
146.0 1.07409691816 0.0
86.0 1.06260848373 0.0
127.0 0.961488940414 0.0
29.0 1.03213671389 0.0
185.0 3.11759810192 0.0
85.0 6.933704355 1.0
153.0 6.90284320727 1.0
27.0 0.992226192904 0.0
182.0 0.278911576887 0.0
2.0 6.9328303152 1.0
132.0 1.05375682931 0.0
65.0 0.992000591215 0.0
119.0 6.9155261689 1.0
198.0 9.17218457883 1.0
112.0 6.84601656732 1.0
149.0 0.919744753001 0.0
25.0 7.03235486844 1.0
45.0 6.96575337807 1.0
77.0 0.999684103177 0.0
160.0 7.24781130897 1.0
75.0 0.987424379016 0.0
object 72	1.0:0.5 -3.79931473634:0.5
11.0 -3.7421692767 1.0
81.0 -3.74430760233 1.0
173.0 -1.04508647716 0.0
9.0 1.0855817389 0.0
1.0 -3.79688786844 1.0
160.0 -1.42506733884 1.0
133.0 -3.78610337652 1.0
99.0 1.01354072504 0.0
38.0 1.05123375113 0.0
130.0 -3.87734112792 1.0
61.0 1.01917398087 0.0
65.0 -3.81184980481 1.0
95.0 0.932208603069 0.0
91.0 1.02243909043 0.0
7.0 -3.84732273892 1.0
117.0 1.010933121 0.0
46.0 0.981355100146 0.0
8.0 -3.74239229261 1.0
182.0 -1.14426305473 1.0
178.0 -1.93313109476 1.0
58.0 0.952022765496 0.0
43.0 1.0291197119 0.0
168.0 -2.02077388917 1.0
66.0 0.946026774569 0.0
object 73	1.0:0.5 -0.607158968409:0.5
64.0 0.958805639476 0.0
28.0 0.988953352123 0.0
13.0 0.983319757484 0.0
176.0 2.07161409666 0.0
197.0 2.694982345 0.0
193.0 -5.69362248933 0.0
190.0 0.51192833736 0.0
23.0 -0.554308448918 1.0
65.0 -0.601420524382 1.0
19.0 0.958445428983 0.0
98.0 -0.52490655464 1.0
18.0 -0.574966846119 1.0
8.0 -0.590138431709 1.0
30.0 1.0298499929 0.0
130.0 -0.586964461423 1.0
46.0 -0.505041012719 1.0
70.0 0.974404504722 0.0
186.0 -5.0087913371 1.0
92.0 -0.586955669934 1.0
144.0 -0.617356869767 1.0
195.0 2.07408241056 0.0
124.0 1.02162523384 0.0
80.0 0.914233059288 0.0
145.0 -0.600607601562 1.0
139.0 -0.654409358016 1.0
142.0 0.980877346547 0.0
128.0 -0.554344222787 1.0
36.0 -0.576048329531 1.0
object 74	1.0:0.5 0.222632294878:0.5
165.0 1.80436181157 1.0
42.0 0.286044077143 1.0
96.0 0.148373999976 1.0
7.0 0.159610611727 1.0
38.0 0.942163026651 0.0
101.0 0.917370159844 0.0
46.0 0.258514541705 1.0
150.0 0.24239446398 1.0
25.0 1.0055552425 0.0
4.0 0.947529535349 0.0
139.0 1.01606934945 0.0
176.0 -4.56000763989 1.0
103.0 1.02829408789 0.0
132.0 0.98098107656 0.0
3.0 0.228117274463 1.0
76.0 0.253253320797 1.0
22.0 1.11181327105 0.0
156.0 0.253614507394 1.0
35.0 0.943621472549 0.0
97.0 0.935081064449 0.0
70.0 0.213433504292 1.0
93.0 0.960771904416 0.0
23.0 1.00486713648 0.0
object 75	1.0:0.5 -0.834232500994:0.5
94.0 1.03408050742 0.0
103.0 1.01937447596 0.0
87.0 1.02613824997 0.0
27.0 1.08858939786 0.0
58.0 -0.786386070382 1.0
68.0 1.06070795395 0.0
93.0 -0.883882575384 1.0
55.0 -0.851512366367 1.0
178.0 0.653392073307 1.0
111.0 0.934156102274 0.0
129.0 -0.858746799841 1.0
60.0 1.02386151787 0.0
61.0 -0.803925107594 1.0
98.0 1.02858832489 0.0
175.0 -1.94874972395 1.0
9.0 1.00115268706 0.0
48.0 -0.824261822955 1.0
123.0 -0.804661695375 1.0
41.0 -0.883370921238 1.0
186.0 6.01183569602 0.0
7.0 -0.786946692825 1.0
18.0 1.02364538772 0.0
51.0 -0.805169236405 1.0
196.0 -1.52696079387 1.0
198.0 -1.55803239344 1.0
54.0 -0.819066448737 1.0
17.0 -0.84934147525 1.0
168.0 1.99206565749 0.0
183.0 -2.90416179908 1.0
10.0 1.04834380177 0.0
82.0 -0.880193068847 1.0
190.0 3.75239697953 1.0
object 76	1.0:0.5 8.99264478735:0.5
81.0 8.98981849889 1.0
197.0 9.77838964437 1.0
14.0 1.04621336476 0.0
45.0 8.95463819318 1.0
166.0 11.6232499783 1.0
62.0 9.07373394269 1.0
91.0 9.03713563962 1.0
174.0 -0.524044290692 0.0
122.0 9.04727586839 1.0
165.0 8.08070232082 1.0
180.0 10.8991793322 1.0
135.0 0.994545852539 0.0
93.0 8.91111970487 1.0
159.0 0.958573591493 0.0
87.0 8.9664199961 1.0
41.0 9.03132436136 1.0
82.0 0.883089287424 0.0
46.0 1.04687124715 0.0
77.0 1.03257697138 0.0
96.0 9.01689027044 1.0
124.0 0.996020203716 0.0
69.0 1.01568243898 0.0
188.0 2.99000049623 0.0
111.0 1.01793333592 0.0
179.0 0.474723883762 0.0
155.0 8.97518087093 1.0
64.0 8.94259035064 1.0
158.0 1.02905632813 0.0
89.0 0.929225483828 0.0
186.0 -0.862282503549 1.0
172.0 0.206624546491 0.0
88.0 0.990562650204 0.0
7.0 0.942658793638 0.0
28.0 9.09315037744 1.0
70.0 1.05320304742 0.0
153.0 9.00876702384 1.0
59.0 0.95619767402 0.0
76.0 9.00850294731 1.0
125.0 9.06795103378 1.0
145.0 1.05904930953 0.0
79.0 8.93804425018 1.0
object 77	1.0:0.5 -7.05860889113:0.5
120.0 -7.10094829885 1.0
82.0 1.074376066 0.0
86.0 -7.11873949951 1.0
7.0 -6.99802353936 1.0
121.0 1.00453974403 0.0
80.0 0.975288906231 0.0
147.0 1.09101614909 0.0
57.0 -7.11113877956 1.0
175.0 0.613399132744 0.0
183.0 -2.76820312839 0.0
116.0 -7.05394019159 1.0
17.0 0.936152691748 0.0
131.0 0.955230966889 0.0
177.0 5.62104929525 0.0
122.0 -7.04223555708 1.0
2.0 1.0137167579 0.0
178.0 6.48093088563 0.0
87.0 0.991401336878 0.0
118.0 -7.13996449731 1.0
72.0 -6.98302327202 1.0
159.0 -7.03747762681 1.0
129.0 -7.13111840224 1.0
126.0 -6.95973567529 1.0
53.0 -7.03912960004 1.0
35.0 -7.05997108727 1.0
155.0 1.02903317103 0.0
object 78	1.0:0.5 7.77908358329:0.5
39.0 7.70958104984 1.0
103.0 7.75214414215 1.0
170.0 14.7516023855 1.0
149.0 7.77079386205 1.0
59.0 7.70674542234 1.0
154.0 7.82635332616 1.0
177.0 -5.01208739267 0.0
38.0 7.70588385212 1.0
132.0 0.997223319176 0.0
151.0 1.07367796973 0.0
86.0 0.955447549211 0.0
79.0 7.79259546698 1.0
130.0 7.6966617547 1.0
194.0 1.52368747223 0.0
98.0 1.02749134822 0.0
54.0 7.67002651442 1.0
181.0 -2.65046681675 0.0
148.0 7.77783765851 1.0
48.0 7.87608368046 1.0
95.0 7.77789137316 1.0
51.0 7.90689252382 1.0
57.0 7.86287874073 1.0
161.0 6.64590506435 1.0
182.0 -8.06422102613 0.0
167.0 -0.218012163274 0.0
87.0 0.959971044563 0.0
55.0 1.02164899687 0.0
62.0 1.05724272521 0.0
13.0 1.0199006807 0.0
111.0 1.02718643523 0.0
object 79	1.0:0.5 -4.97501015993:0.5
153.0 -4.9423673889 1.0
103.0 0.956883618672 0.0
6.0 -4.92424495561 1.0
160.0 -7.17195941269 1.0
52.0 1.02769788657 0.0
33.0 0.991416048923 0.0
132.0 1.08688728687 0.0
71.0 0.887280540747 0.0
180.0 -0.150599518693 0.0
135.0 -4.9929848389 1.0
42.0 -4.9034742543 1.0
62.0 -4.89313096007 1.0
190.0 2.07170413682 0.0
143.0 1.02928380674 0.0
72.0 -4.91558073194 1.0
38.0 1.01440834462 0.0
168.0 7.97652808538 1.0
47.0 -4.8682845609 1.0
92.0 -4.93203125579 1.0
115.0 0.935708323597 0.0
138.0 -5.00762537096 1.0
39.0 -5.06575721584 1.0
15.0 -4.89987034815 1.0
186.0 2.98393422276 0.0
63.0 -4.94485053153 1.0
43.0 0.974292860998 0.0
188.0 -6.03640171646 1.0
54.0 -5.05042782898 1.0
107.0 -4.92514500954 1.0
141.0 -4.93959757498 1.0
196.0 7.98367127647 0.0
109.0 0.990486556745 0.0
79.0 -5.0381719572 1.0
126.0 1.06616267098 0.0
170.0 -6.17444760254 1.0
131.0 -4.95869787469 1.0
136.0 0.969173389232 0.0
object 80	1.0:0.5 -1.24302523203:0.5
20.0 1.01645661598 0.0
175.0 1.45888738766 0.0
183.0 -0.262287807812 1.0
157.0 -1.30075426326 1.0
18.0 -1.17842838249 1.0
114.0 -1.22425901117 1.0
187.0 -0.779631378658 0.0
56.0 1.02435214014 0.0
45.0 0.915047837385 0.0
34.0 -1.21054174091 1.0
144.0 -1.24614052675 1.0
51.0 1.06095577834 0.0
95.0 1.0599333227 0.0
150.0 0.949065067826 0.0
107.0 1.08029680107 0.0
152.0 -1.27529768865 1.0
198.0 1.11848125619 0.0
156.0 0.99521069537 0.0
98.0 1.06355439788 0.0
147.0 0.986921115456 0.0
71.0 0.989059800775 0.0
130.0 1.06741856248 0.0
22.0 -1.24546961756 1.0
64.0 0.948792769807 0.0
88.0 1.06540458561 0.0
32.0 1.06646208159 0.0
194.0 -0.911388836254 0.0
66.0 -1.20981359992 1.0
177.0 0.252899015783 1.0
47.0 1.01443445814 0.0
3.0 -1.27799955422 1.0
81.0 1.06083168146 0.0
80.0 -1.26795693056 1.0
86.0 -1.2681746501 1.0
135.0 -1.21357222153 1.0
116.0 -1.26312590584 1.0
154.0 0.97642001887 0.0
object 81	1.0:0.5 12.5542099546:0.5
151.0 12.5711071441 1.0
54.0 1.08391633035 0.0
120.0 12.5346359452 1.0
35.0 0.965556774604 0.0
85.0 12.7253286744 1.0
188.0 13.4515736551 1.0
103.0 12.5919476414 1.0
4.0 1.06745693975 0.0
57.0 12.5522349793 1.0
198.0 -0.0401512367465 0.0
96.0 1.00101531275 0.0
154.0 0.999056016052 0.0
173.0 20.3873941933 1.0
181.0 -2.68511369029 0.0
11.0 0.992734442687 0.0
2.0 0.93310984407 0.0
191.0 -5.59959758833 0.0
147.0 0.995561518892 0.0
45.0 0.915301883213 0.0
77.0 12.5773346009 1.0
12.0 0.996298945823 0.0
55.0 12.6219237244 1.0
153.0 1.00399278092 0.0
10.0 12.6181692094 1.0
189.0 17.0779982285 1.0
149.0 12.568673773 1.0
object 82	1.0:0.5 -7.78418587459:0.5
123.0 0.998078141305 0.0
191.0 6.04098374668 0.0
80.0 -7.79987704732 1.0
112.0 -7.81131288632 1.0
20.0 -7.80283420153 1.0
75.0 -7.88264284382 1.0
105.0 -7.80836909867 1.0
188.0 0.689297536098 0.0
101.0 0.906021624854 0.0
91.0 0.995342203979 0.0
172.0 1.26546708576 0.0
35.0 1.05358186034 0.0
9.0 -7.77538082954 1.0
141.0 0.95188101311 0.0
45.0 1.04705963976 0.0
126.0 0.991539602899 0.0
1.0 0.951946971138 0.0
5.0 -7.84559431142 1.0
15.0 0.95447992902 0.0
17.0 -7.85063130165 1.0
103.0 0.976663837986 0.0
135.0 -7.80840709302 1.0
150.0 -7.7688875344 1.0
136.0 -7.77354739762 1.0
8.0 -7.78510099829 1.0
102.0 0.973262841549 0.0
107.0 -7.76225388462 1.0
199.0 -16.1296018333 1.0
55.0 0.901049684356 0.0
78.0 -7.73675964772 1.0
155.0 1.0217922896 0.0
object 83	1.0:0.5 -14.4064521717:0.5
101.0 -14.3895734197 1.0
64.0 -14.465169666 1.0
114.0 -14.3956131959 1.0
159.0 -14.3553813688 1.0
20.0 1.02726191562 0.0
124.0 -14.4746644437 1.0
41.0 1.00730526329 0.0
73.0 -14.4296945673 1.0
27.0 1.01245001968 0.0
188.0 -0.488373989929 0.0
148.0 0.987584691664 0.0
109.0 1.0995669779 0.0
10.0 1.00814477243 0.0
44.0 -14.3349484059 1.0
71.0 1.01692107844 0.0
195.0 -14.8658354545 1.0
88.0 -14.3874656618 1.0
171.0 -14.0429349422 1.0
70.0 1.0171782798 0.0
147.0 0.982274165563 0.0
163.0 -17.2843952683 1.0
146.0 1.01445871573 0.0
189.0 -20.2090220333 1.0
53.0 0.985281425365 0.0
157.0 1.03420863496 0.0
65.0 1.03214320437 0.0
173.0 5.10153215529 0.0
103.0 -14.3278895867 1.0
196.0 -14.958565306 1.0
172.0 -10.2963511633 1.0
object 84	1.0:0.5 -3.75897507041:0.5
119.0 0.955467087395 0.0
3.0 0.993705229248 0.0
172.0 -8.56469056548 1.0
126.0 1.04152601441 0.0
74.0 -3.80905876251 1.0
44.0 0.969205161212 0.0
147.0 1.05670855188 0.0
70.0 -3.74948227312 1.0
188.0 4.35647610958 0.0
111.0 1.02465778223 0.0
95.0 -3.79192323991 1.0
134.0 0.977777527911 0.0
140.0 -3.8077986544 1.0
17.0 0.921917495566 0.0
110.0 -3.71987220025 1.0
69.0 -3.74024306861 1.0
87.0 1.04844015411 0.0
163.0 -4.53211541407 1.0
67.0 0.960063979591 0.0
195.0 0.586533796221 0.0
21.0 -3.76710720419 1.0
41.0 0.94741644009 0.0
102.0 -3.70787067538 1.0
27.0 1.08142311859 0.0
153.0 -3.72938306199 1.0
9.0 1.00641551424 0.0
56.0 1.02662099414 0.0
37.0 -3.64579801645 1.0
18.0 -3.6901372469 1.0
object 85	1.0:0.5 8.44519674219:0.5
171.0 8.18135336051 1.0
196.0 9.43278053558 1.0
51.0 0.921376504671 0.0
117.0 8.36838803607 1.0
17.0 8.4292621301 1.0
170.0 -3.91891246031 0.0
22.0 8.45039410363 1.0
26.0 8.49903792905 1.0
97.0 8.42159145269 1.0
169.0 -1.6755017792 0.0
109.0 1.06765625327 0.0
5.0 8.41395833597 1.0
55.0 8.54765238404 1.0
139.0 8.45639071661 1.0
160.0 -1.40521247676 0.0
18.0 8.45403028963 1.0
148.0 8.46542832279 1.0
195.0 9.63387314309 1.0
14.0 1.03888494341 0.0
69.0 0.945731392089 0.0
192.0 16.7103360518 1.0
30.0 0.927466858597 0.0
object 86	1.0:0.5 19.8316689646:0.5
117.0 0.927800765412 0.0
55.0 1.0028184682 0.0
138.0 0.871230388327 0.0
192.0 -0.974082771003 0.0
58.0 0.928408178491 0.0
70.0 1.0689106933 0.0
37.0 19.7549300792 1.0
172.0 12.5580722466 1.0
150.0 1.00998570352 0.0
39.0 0.947293793017 0.0
46.0 19.7731007561 1.0
56.0 0.979403268542 0.0
97.0 1.00094606062 0.0
147.0 1.01890962842 0.0
128.0 0.929908914083 0.0
76.0 19.8832560907 1.0
18.0 0.992083543957 0.0
130.0 0.998604295613 0.0
160.0 16.9331033442 1.0
173.0 16.570457073 1.0
159.0 19.8064895242 1.0
48.0 0.904634524938 0.0
80.0 19.8897658683 1.0
184.0 18.7540898847 1.0
115.0 0.903114905199 0.0
2.0 0.942594304592 0.0
167.0 1.04379730864 0.0
30.0 0.894145857017 0.0
object 87	1.0:0.5 -1.19110427571:0.5
123.0 -1.18825518499 1.0
194.0 2.09960968076 0.0
95.0 0.884763423988 0.0
53.0 -1.16558716004 1.0
127.0 -1.13213709137 1.0
169.0 -6.67558200422 1.0
154.0 1.01988111659 0.0
117.0 0.911826493522 0.0
58.0 1.09201631102 0.0
90.0 -1.20147780089 1.0
186.0 4.22655181975 0.0
44.0 0.907638294372 0.0
92.0 1.04298872011 0.0
163.0 1.63822064702 0.0
88.0 -1.18528968301 1.0
40.0 1.07663907444 0.0
76.0 1.06411297963 0.0
124.0 -1.19637413871 1.0
70.0 1.06246438638 0.0
60.0 -1.15808473813 1.0
15.0 -1.21421533105 1.0
106.0 1.03428647682 0.0
26.0 0.971738622451 0.0
33.0 1.00843215877 0.0
159.0 1.03365248135 0.0
147.0 1.02626466418 0.0
138.0 0.92394646015 0.0
object 88	1.0:0.5 -19.3931260199:0.5
187.0 -1.32405758739 0.0
58.0 0.981719314423 0.0
45.0 -19.3996289195 1.0
80.0 -19.3869838936 1.0
53.0 -19.3479604069 1.0
11.0 1.01577809783 0.0
128.0 1.00635088344 0.0
109.0 -19.3894940598 1.0
8.0 0.927435534879 0.0
82.0 -19.3838914697 1.0
173.0 -1.64393114368 0.0
156.0 0.997048286321 0.0
181.0 -17.4505161686 1.0
43.0 1.05740787985 0.0
114.0 0.988674145403 0.0
189.0 -14.732829004 1.0
160.0 -18.1469903102 1.0
96.0 -19.4390722533 1.0
14.0 -19.3431906302 1.0
126.0 1.1088855962 0.0
48.0 -19.3804627516 1.0
94.0 1.10345115902 0.0
157.0 -19.3246074089 1.0
119.0 -19.2965262259 1.0
147.0 1.03919574927 0.0
4.0 0.905316952515 0.0
62.0 1.03500403579 0.0
122.0 1.02530117125 0.0
198.0 -17.8709676859 1.0
51.0 -19.4355013227 1.0
38.0 -19.4520217939 1.0
50.0 1.00087804185 0.0
172.0 -16.5601953962 1.0
150.0 -19.3484199838 1.0
42.0 1.00835698339 0.0
61.0 -19.3999349863 1.0
22.0 -19.4505698688 1.0
18.0 1.05508718083 0.0
145.0 -19.328470016 1.0
20.0 0.938154111417 0.0
24.0 -19.3674601106 1.0
72.0 0.9976050875 0.0
26.0 -19.3676435846 1.0
object 89	1.0:0.5 4.62593925199:0.5
187.0 0.738851025166 0.0
22.0 1.02656084496 0.0
41.0 0.991686434202 0.0
130.0 0.933074668416 0.0
1.0 0.950036107629 0.0
198.0 3.8257271678 1.0
151.0 0.960873693611 0.0
24.0 0.949325939838 0.0
157.0 1.00091842356 0.0
2.0 4.68891767467 1.0
10.0 1.07050161469 0.0
131.0 4.56897418117 1.0
166.0 4.44262354174 1.0
7.0 0.958142251411 0.0
94.0 4.62419878263 1.0
42.0 0.998196180386 0.0
26.0 1.14968965804 0.0
114.0 0.976992723503 0.0
176.0 2.56266359312 0.0
155.0 4.62999981054 1.0
119.0 4.55424197693 1.0
65.0 0.979729295972 0.0
118.0 1.0506062731 0.0
71.0 1.09223952296 0.0
106.0 0.986122930281 0.0
117.0 0.96791301442 0.0
19.0 0.92903182571 0.0
98.0 4.55040103643 1.0
68.0 0.975007968611 0.0
51.0 4.67548379789 1.0
128.0 1.07766760618 0.0
50.0 4.777738291 1.0
45.0 0.989208923 0.0
object 90	1.0:0.5 1.88935383071:0.5
25.0 1.02170708997 0.0
171.0 -1.17294359804 1.0
150.0 1.93443452369 1.0
12.0 0.953789826971 0.0
76.0 1.93041162043 1.0
186.0 0.791553565044 1.0
108.0 1.9477353113 1.0
157.0 1.84889396282 1.0
124.0 1.00137370302 0.0
39.0 1.81947378146 1.0
135.0 1.04878592007 0.0
28.0 1.01572824652 0.0
113.0 1.94084832208 1.0
123.0 1.83696823324 1.0
139.0 1.06723416759 0.0
85.0 1.15024863673 0.0
99.0 0.997618377 0.0
195.0 4.17020038682 1.0
84.0 0.984988571541 0.0
170.0 1.34662309669 0.0
27.0 1.93162509824 1.0
190.0 -6.8711847557 0.0
17.0 1.01049274813 0.0
141.0 1.86648079674 1.0
71.0 0.968540352189 0.0
189.0 -1.88222984311 0.0
5.0 1.86758391568 1.0
163.0 4.16913870194 1.0
158.0 1.92973727764 1.0
183.0 -2.50516418779 0.0
29.0 1.03866695774 0.0
33.0 1.83010398068 1.0
44.0 1.0206608471 0.0
134.0 1.88115139617 1.0
55.0 1.87525734202 1.0
90.0 0.983912613386 0.0
174.0 6.93495836353 1.0
10.0 1.94165729461 1.0
56.0 0.999955594035 0.0
83.0 1.86388709862 1.0
63.0 1.92567585911 1.0
61.0 0.948114037173 0.0
187.0 -0.821245051445 1.0
object 91	1.0:0.5 -12.070732645:0.5
190.0 -10.4113189321 1.0
186.0 -2.76790017957 1.0
160.0 2.04075934291 0.0
75.0 -12.005658169 1.0
99.0 -12.0867489133 1.0
7.0 -12.0674243024 1.0
49.0 0.971423649788 0.0
64.0 -12.0176502739 1.0
146.0 0.989688983087 0.0
29.0 -12.0107736063 1.0
58.0 -12.0278109865 1.0
57.0 1.0424815343 0.0
127.0 1.04628129781 0.0
60.0 -12.0380988099 1.0
81.0 1.04859537957 0.0
194.0 -8.55939615118 1.0
24.0 -12.0355114444 1.0
13.0 0.917339986137 0.0
139.0 1.06880578895 0.0
16.0 0.972813715933 0.0
74.0 -11.9722749594 1.0
96.0 1.01611480949 0.0
69.0 0.9952442103 0.0
199.0 3.26079551595 0.0
153.0 -12.0783138518 1.0
95.0 -12.0874950105 1.0
174.0 -0.925701386848 0.0
70.0 1.00523362546 0.0
155.0 -12.0389361259 1.0
20.0 0.965631582385 0.0
31.0 0.98296882183 0.0
object 92	1.0:0.5 15.8475008988:0.5
1.0 1.05681099019 0.0
94.0 15.8815128491 1.0
58.0 0.999474519655 0.0
79.0 1.04952379447 0.0
199.0 1.79043795908 0.0
175.0 16.2016104744 1.0
179.0 22.0095426839 1.0
72.0 1.08905498263 0.0
10.0 15.8341203422 1.0
26.0 0.997967460266 0.0
52.0 15.9113211154 1.0
154.0 15.9010225804 1.0
187.0 13.5568361629 1.0
31.0 15.9588936495 1.0
0.0 15.8911424548 1.0
11.0 0.971572841392 0.0
148.0 15.8393916543 1.0
182.0 16.8738771057 1.0
32.0 15.9037016808 1.0
113.0 15.7934566865 1.0
136.0 15.858793183 1.0
152.0 0.998257241627 0.0
131.0 0.850052912002 0.0
43.0 15.8817714229 1.0
147.0 15.7604335218 1.0
41.0 1.09640348332 0.0
194.0 1.56742751957 0.0
191.0 15.2468043931 1.0
188.0 15.3531335162 1.0
107.0 0.910638323445 0.0
6.0 1.0601454479 0.0
99.0 15.8371879789 1.0
12.0 15.9068139291 1.0
180.0 1.89329806469 0.0
19.0 15.8600200103 1.0
129.0 15.87048479 1.0
23.0 15.8412571474 1.0
109.0 15.9188089256 1.0
57.0 15.8696303759 1.0
177.0 10.7997155377 1.0
168.0 4.91800707285 0.0
object 93	1.0:0.5 3.57866184772:0.5
188.0 3.82716128834 1.0
195.0 2.47698357705 1.0
111.0 3.60379238767 1.0
100.0 1.05536560258 0.0
16.0 3.64816233553 1.0
120.0 0.9517293602 0.0
169.0 2.15185139776 1.0
170.0 -1.09777183781 0.0
17.0 3.61131300898 1.0
54.0 3.58881909821 1.0
78.0 3.50130481681 1.0
6.0 1.0542611256 0.0
34.0 1.0009902726 0.0
8.0 1.0005510689 0.0
50.0 1.07157540889 0.0
93.0 1.02965870467 0.0
63.0 3.62859929287 1.0
65.0 3.60058260822 1.0
41.0 1.09392148484 0.0
26.0 3.54235219078 1.0
56.0 1.04512261471 0.0
184.0 0.81638962728 0.0
125.0 1.00036013658 0.0
48.0 3.58426640474 1.0
30.0 1.05992332237 0.0
198.0 1.15785038229 1.0
142.0 3.50686877334 1.0
73.0 0.998302727892 0.0
163.0 1.39782661825 0.0
105.0 1.01236269708 0.0
7.0 3.55511133949 1.0
82.0 3.58951948548 1.0
134.0 3.62048194791 1.0
40.0 1.08657847106 0.0
186.0 8.70484670498 1.0
70.0 1.06360186142 0.0
197.0 -1.31372176507 0.0
106.0 1.01579488827 0.0
88.0 0.976431519453 0.0
object 94	1.0:0.5 -4.75862407994:0.5
172.0 -5.35633463218 1.0
82.0 -4.82094224221 1.0
138.0 -4.66645277212 1.0
118.0 0.99529512937 0.0
36.0 0.962076795899 0.0
111.0 -4.74627975957 1.0
155.0 1.05177795183 0.0
16.0 -4.75270798498 1.0
116.0 1.07021682851 0.0
4.0 0.995670441639 0.0
115.0 0.987525272905 0.0
154.0 -4.75199848268 1.0
144.0 -4.7902058504 1.0
19.0 -4.75209849038 1.0
52.0 0.903564915162 0.0
142.0 -4.84594648689 1.0
24.0 1.00563392451 0.0
113.0 0.991581687104 0.0
51.0 1.05455732968 0.0
48.0 1.00502441786 0.0
0.0 0.961824184582 0.0
189.0 -7.06992351806 1.0
80.0 -4.8108762641 1.0
13.0 1.08816296629 0.0
124.0 0.986269276931 0.0
20.0 -4.75190138365 1.0
167.0 -4.93619293734 1.0
35.0 0.974840486559 0.0
6.0 0.999033744217 0.0
174.0 2.83298889343 1.0
101.0 1.02797567465 0.0
object 95	1.0:0.5 -10.8824548984:0.5
188.0 -8.27773210232 1.0
102.0 0.959098032475 0.0
73.0 -10.8555935345 1.0
181.0 -14.3357998108 1.0
70.0 1.10029491505 0.0
197.0 -6.15757088469 1.0
82.0 0.976944364678 0.0
161.0 -13.0260031545 1.0
5.0 1.01032045679 0.0
148.0 -10.8557153848 1.0
107.0 -10.9723930018 1.0
11.0 -10.8933705435 1.0
3.0 0.996899678482 0.0
182.0 -7.03511732747 1.0
69.0 -10.9459484904 1.0
157.0 0.96642233176 0.0
123.0 0.975644851348 0.0
149.0 0.981798382753 0.0
91.0 0.984713585409 0.0
158.0 0.926447186493 0.0
98.0 -10.8497970791 1.0
155.0 0.982768226463 0.0
89.0 -10.9409676144 1.0
34.0 -10.7742008418 1.0
101.0 -10.8628036405 1.0
168.0 -2.89037269577 0.0
108.0 0.965211322353 0.0
30.0 -10.8320053269 1.0
187.0 -10.2303109732 1.0
33.0 -10.7548463912 1.0
114.0 0.950536024171 0.0
32.0 0.958159772315 0.0
60.0 -10.9072229801 1.0
192.0 7.07733835847 0.0
63.0 1.02966325043 0.0
15.0 0.996600386815 0.0
37.0 0.874613592438 0.0
183.0 7.15209134622 0.0
12.0 -10.8616796217 1.0
object 96	1.0:0.5 0.842075590312:0.5
160.0 -2.36032296748 1.0
150.0 0.774850937848 1.0
27.0 0.953779314577 0.0
63.0 1.03605472722 0.0
3.0 0.974857566403 0.0
166.0 2.4416626443 1.0
138.0 0.910012645643 0.0
48.0 0.986649729084 0.0
46.0 1.09782778649 0.0
56.0 0.738672374601 1.0
91.0 0.953722030887 0.0
78.0 0.864453797408 1.0
196.0 1.60602718706 0.0
71.0 0.739404395987 1.0
14.0 0.84408701778 1.0
137.0 0.987127718132 0.0
141.0 1.02739934496 0.0
12.0 0.900345490336 1.0
5.0 0.962026410144 0.0
179.0 5.7147895348 1.0
59.0 0.863299302538 1.0
198.0 3.04245988797 0.0
34.0 1.0196563868 0.0
154.0 0.861675600077 1.0
104.0 0.781374393862 1.0
52.0 1.0376187826 0.0
159.0 0.995589507673 0.0
133.0 0.864494707956 1.0
176.0 2.94534737334 1.0
79.0 0.957527094456 0.0
136.0 0.976095944834 0.0
101.0 0.817634177743 1.0
object 97	1.0:0.5 6.31523023265:0.5
22.0 6.33542503228 1.0
45.0 1.03381112022 0.0
130.0 1.00853387079 0.0
134.0 6.39330664226 1.0
170.0 -4.36085583603 1.0
198.0 -0.277513554592 1.0
92.0 6.33502094043 1.0
119.0 1.02900510569 0.0
44.0 6.32914420272 1.0
153.0 1.04661696333 0.0
35.0 0.926698514792 0.0
97.0 6.3168129307 1.0
132.0 6.30840476126 1.0
28.0 6.2523273128 1.0
133.0 1.02715740639 0.0
49.0 1.0013393157 0.0
90.0 6.35722906946 1.0
50.0 6.39856306388 1.0
36.0 6.34870859372 1.0
192.0 -0.844106925403 0.0
171.0 8.6317633788 1.0
41.0 1.01669953355 0.0
40.0 0.980424941067 0.0
144.0 6.31280202637 1.0
55.0 6.31427399356 1.0
131.0 6.35197041522 1.0
182.0 9.07212897688 1.0
83.0 1.03634534272 0.0
168.0 8.23974625842 1.0
18.0 6.28665652335 1.0
62.0 6.34970471114 1.0
5.0 0.994435052539 0.0
object 98	1.0:0.5 6.40186168852:0.5
33.0 6.3846079002 1.0
144.0 6.38151737865 1.0
20.0 1.01955897158 0.0
1.0 6.2874912187 1.0
137.0 1.10621224641 0.0
187.0 0.0406134885247 0.0
56.0 6.34735789897 1.0
51.0 0.932089102514 0.0
97.0 0.984683307026 0.0
148.0 6.34324701537 1.0
54.0 6.43823959747 1.0
93.0 1.02905159884 0.0
9.0 6.28709544791 1.0
159.0 6.43191572149 1.0
63.0 1.01716023449 0.0
145.0 6.39474557674 1.0
180.0 -1.11128193901 0.0
101.0 0.895209958092 0.0
182.0 6.10863864287 1.0
3.0 0.998728094507 0.0
103.0 0.929601980946 0.0
96.0 6.38294447666 1.0
71.0 6.35965782439 1.0
110.0 1.00736627365 0.0
37.0 0.940645710728 0.0
197.0 -0.825371556941 0.0
66.0 1.08439398529 0.0
108.0 6.41815193629 1.0
43.0 1.03531338068 0.0
60.0 0.905187767177 0.0
76.0 6.43835834726 1.0
object 99	1.0:0.5 8.25803780388:0.5
92.0 0.953139898053 0.0
31.0 1.01819966789 0.0
39.0 0.947497660952 0.0
40.0 0.971623632839 0.0
98.0 8.26241692423 1.0
12.0 0.913281588884 0.0
79.0 8.21379176753 1.0
188.0 0.496220725881 0.0
32.0 1.04875785134 0.0
105.0 1.03204867379 0.0
48.0 0.997680187796 0.0
101.0 8.23467305314 1.0
106.0 1.00132970469 0.0
123.0 8.21300576971 1.0
113.0 1.0051379112 0.0
154.0 1.01384091062 0.0
20.0 0.990098438855 0.0
151.0 8.25777690532 1.0
47.0 1.05281369687 0.0
99.0 0.980945871226 0.0
1.0 8.27052121837 1.0
100.0 1.016900337 0.0
83.0 0.93909248268 0.0
23.0 0.946063021774 0.0
119.0 8.20779334975 1.0
53.0 1.05351107145 0.0
88.0 8.34847770928 1.0
156.0 1.06016084424 0.0
161.0 10.1799938425 1.0
125.0 0.946097302932 0.0
150.0 8.27412834398 1.0
111.0 8.20221454297 1.0
173.0 7.29607246078 1.0
46.0 8.20274219517 1.0
158.0 0.998038450206 0.0
24.0 0.886469757754 0.0
