object 0	1.0:1.0
150.0 1.02156024008 1.0
66.0 1.05599097545 1.0
73.0 0.989975369874 1.0
173.0 0.949914625703 1.0
166.0 0.987584605454 1.0
96.0 1.00756096708 1.0
118.0 0.986213939377 1.0
54.0 0.982747428697 1.0
197.0 7.8827468557 1.0
84.0 1.01793813507 1.0
98.0 0.955784777451 1.0
126.0 1.01216601637 1.0
35.0 0.988278250544 1.0
86.0 1.00006702267 1.0
75.0 1.04678508566 1.0
5.0 0.976442915401 1.0
138.0 1.00804331092 1.0
127.0 1.01020832087 1.0
100.0 1.08269802242 1.0
32.0 1.06306416197 1.0
189.0 -0.216865461375 1.0
19.0 1.00159788223 1.0
45.0 1.02630811665 1.0
122.0 0.999890923832 1.0
object 1	1.0:1.0
193.0 -0.986933092954 1.0
75.0 0.996388876098 1.0
177.0 1.00180197218 1.0
27.0 0.98444352928 1.0
158.0 1.00795931447 1.0
4.0 0.995247887999 1.0
126.0 1.00206201374 1.0
85.0 0.964073736094 1.0
30.0 0.974243414021 1.0
37.0 1.04101375738 1.0
32.0 0.89509631279 1.0
5.0 1.00456794404 1.0
40.0 1.03365537343 1.0
170.0 0.960553121246 1.0
0.0 0.997395569268 1.0
object 2	1.0:1.0
59.0 1.02222382089 1.0
145.0 0.99616711476 1.0
189.0 -0.0439816424471 1.0
47.0 0.989117407079 1.0
41.0 1.00528643926 1.0
48.0 1.01707155528 1.0
199.0 1.15720340052 1.0
31.0 0.99898586792 1.0
79.0 1.01999174085 1.0
184.0 -4.39286722808 1.0
149.0 1.01605821979 1.0
102.0 0.941950552521 1.0
142.0 0.94322796877 1.0
101.0 0.999389689045 1.0
object 3	1.0:1.0
168.0 1.02741770114 1.0
92.0 1.01164562183 1.0
122.0 1.03580845024 1.0
49.0 1.00640481551 1.0
77.0 1.01496146323 1.0
78.0 0.98543748288 1.0
182.0 -5.02263084237 1.0
161.0 0.985973540402 1.0
13.0 0.985770772557 1.0
189.0 1.03939960917 1.0
181.0 5.59217790533 1.0
152.0 1.03588677379 1.0
39.0 0.991787580206 1.0
188.0 -2.15358634191 1.0
119.0 0.9740874139 1.0
103.0 1.02457126048 1.0
43.0 0.988404299466 1.0
10.0 1.00348655255 1.0
139.0 1.02122694793 1.0
96.0 1.00793870452 1.0
object 4	1.0:1.0
45.0 0.92400858756 1.0
177.0 1.00563809176 1.0
110.0 0.981840759492 1.0
126.0 0.95801627174 1.0
0.0 1.01709616319 1.0
70.0 0.986118451778 1.0
155.0 1.01349732412 1.0
146.0 1.02481246275 1.0
184.0 2.8193066321 1.0
104.0 1.02219101805 1.0
41.0 1.02440304833 1.0
189.0 5.16553083578 1.0
1.0 0.969607783368 1.0
118.0 1.02357382243 1.0
52.0 1.00382725756 1.0
6.0 1.02829797053 1.0
105.0 0.985282469377 1.0
129.0 0.972413507188 1.0
116.0 0.997294976739 1.0
object 5	1.0:1.0
199.0 0.633044203272 1.0
182.0 -1.24174491172 1.0
134.0 0.994175158507 1.0
75.0 1.01535922427 1.0
85.0 1.00929308108 1.0
97.0 0.980355004446 1.0
175.0 1.02441347814 1.0
136.0 0.986921915055 1.0
84.0 0.979025121217 1.0
39.0 0.962311453437 1.0
86.0 1.0313349977 1.0
44.0 0.944894001366 1.0
21.0 1.06975536112 1.0
150.0 1.04968292117 1.0
176.0 0.998457652232 1.0
3.0 0.992596356621 1.0
16.0 0.958068410919 1.0
0.0 0.978999277656 1.0
107.0 1.02755712171 1.0
79.0 1.00546154796 1.0
180.0 0.532881584412 1.0
179.0 0.986192616925 1.0
110.0 0.980222579751 1.0
object 6	1.0:1.0
97.0 0.994721670888 1.0
31.0 1.03972649826 1.0
23.0 1.03149505747 1.0
90.0 0.997965684003 1.0
6.0 1.00440232651 1.0
9.0 1.08491842234 1.0
2.0 1.00917642753 1.0
3.0 0.952752484593 1.0
127.0 0.961534931649 1.0
54.0 0.920000329435 1.0
40.0 1.0183960529 1.0
132.0 1.00081431328 1.0
50.0 1.03967997061 1.0
37.0 1.03603724521 1.0
77.0 0.965990237994 1.0
192.0 2.53478171127 1.0
175.0 0.913170922305 1.0
128.0 1.02060573932 1.0
67.0 1.01346150984 1.0
70.0 1.00625481163 1.0
object 7	1.0:1.0
59.0 1.01792041219 1.0
185.0 4.78790281708 1.0
37.0 0.934004137862 1.0
12.0 1.00010998211 1.0
198.0 1.2059559855 1.0
148.0 1.02801814165 1.0
142.0 1.03120675652 1.0
98.0 1.02224175637 1.0
13.0 1.01902036582 1.0
128.0 0.988038848144 1.0
46.0 1.02070721895 1.0
112.0 1.02634720339 1.0
7.0 0.926481232673 1.0
117.0 0.971380868904 1.0
64.0 1.02651377418 1.0
193.0 -4.91771046269 1.0
151.0 1.01617269817 1.0
82.0 1.01785675847 1.0
18.0 0.993851317233 1.0
object 8	1.0:1.0
142.0 1.0135935444 1.0
15.0 1.03450776957 1.0
71.0 1.00964726858 1.0
90.0 0.987847772098 1.0
31.0 0.996519040884 1.0
6.0 1.00998990613 1.0
87.0 0.903276467544 1.0
23.0 1.05665072579 1.0
163.0 0.93251249334 1.0
105.0 0.96933760988 1.0
27.0 1.0092063668 1.0
148.0 0.967837111713 1.0
156.0 1.00587715828 1.0
143.0 1.01732299696 1.0
62.0 1.05050977155 1.0
37.0 0.97015125316 1.0
165.0 0.994155413299 1.0
171.0 0.974954688102 1.0
133.0 1.00878832525 1.0
object 9	1.0:1.0
187.0 0.574324149171 1.0
85.0 0.965289473889 1.0
180.0 0.646052385324 1.0
124.0 0.995629827349 1.0
91.0 1.04528189607 1.0
59.0 1.06045073763 1.0
48.0 1.0230698825 1.0
145.0 0.970343362368 1.0
23.0 0.97442703602 1.0
153.0 0.988104031085 1.0
82.0 1.02717123394 1.0
191.0 6.26756987285 1.0
39.0 1.1099282822 1.0
159.0 0.967846236998 1.0
78.0 1.00521415589 1.0
34.0 1.07238291721 1.0
189.0 -0.08593531023 1.0
195.0 -1.20687308011 1.0
119.0 0.970376204893 1.0
9.0 0.953865900656 1.0
42.0 0.992611691971 1.0
121.0 1.04196432713 1.0
126.0 0.992532617186 1.0
151.0 0.989079375909 1.0
138.0 0.962788805141 1.0
137.0 1.02490409791 1.0
69.0 1.02533155431 1.0
10.0 1.03318428801 1.0
117.0 1.04511067397 1.0
178.0 1.01524236791 1.0
58.0 1.01074576999 1.0
62.0 1.01829095333 1.0
31.0 0.999367188943 1.0
object 10	1.0:1.0
142.0 0.986262330838 1.0
88.0 1.00348043601 1.0
48.0 0.964695331464 1.0
22.0 0.981876051351 1.0
146.0 0.980916853016 1.0
194.0 0.806233978248 1.0
101.0 1.01906369312 1.0
66.0 1.03504491885 1.0
4.0 0.90987581158 1.0
156.0 1.01138183625 1.0
77.0 1.00471835795 1.0
44.0 1.03252699279 1.0
109.0 0.999612176991 1.0
object 11	1.0:1.0
135.0 0.963021919222 1.0
9.0 1.00662665174 1.0
50.0 1.00326463637 1.0
167.0 0.970875914107 1.0
95.0 0.98446893548 1.0
4.0 1.01716410521 1.0
12.0 1.00722737838 1.0
108.0 0.923299790844 1.0
190.0 5.78243473701 1.0
137.0 0.957991548724 1.0
154.0 1.00084563242 1.0
17.0 1.02384397834 1.0
88.0 0.988371996346 1.0
158.0 1.02336144605 1.0
126.0 1.03109945429 1.0
147.0 1.05451533351 1.0
48.0 1.0125305026 1.0
18.0 1.00340626054 1.0
166.0 0.988392567801 1.0
159.0 1.05233029581 1.0
6.0 0.98712179027 1.0
21.0 0.999369806 1.0
92.0 0.997743792198 1.0
37.0 0.978576760831 1.0
161.0 1.02903725501 1.0
81.0 0.995014927954 1.0
64.0 1.00514897435 1.0
66.0 1.03392711902 1.0
object 12	1.0:1.0
183.0 -1.08316056875 1.0
82.0 0.979391598291 1.0
131.0 0.994924987908 1.0
141.0 0.984069300782 1.0
70.0 0.990641428836 1.0
56.0 0.999392157732 1.0
116.0 1.01658364201 1.0
191.0 1.46627581982 1.0
68.0 1.02197523797 1.0
60.0 0.981859265382 1.0
162.0 0.944622969921 1.0
39.0 0.989116773545 1.0
47.0 0.907199475457 1.0
15.0 1.01211491141 1.0
62.0 1.01129321399 1.0
111.0 1.0055813599 1.0
76.0 0.996941118668 1.0
108.0 0.960874529927 1.0
130.0 1.07187921296 1.0
51.0 1.01900886928 1.0
14.0 1.01885123688 1.0
188.0 7.03586803911 1.0
object 13	1.0:1.0
163.0 1.04249812322 1.0
43.0 0.981994801378 1.0
106.0 1.02675434123 1.0
85.0 0.965843731758 1.0
46.0 0.973097418814 1.0
38.0 1.02840385159 1.0
170.0 0.983868760585 1.0
39.0 0.857153270761 1.0
76.0 0.964977325728 1.0
53.0 1.00712504297 1.0
173.0 1.00401048626 1.0
30.0 1.00537333764 1.0
4.0 0.958491849226 1.0
177.0 1.02255758403 1.0
152.0 1.01263037555 1.0
164.0 0.988737375852 1.0
68.0 0.990941222181 1.0
78.0 1.01401399854 1.0
19.0 1.01985888452 1.0
127.0 1.03214733711 1.0
object 14	1.0:1.0
53.0 1.00160949295 1.0
191.0 -1.22698317682 1.0
149.0 0.983651156929 1.0
85.0 1.02048640596 1.0
179.0 1.01762755812 1.0
153.0 1.01119825778 1.0
145.0 0.955150100508 1.0
74.0 0.99121201498 1.0
64.0 1.07124496963 1.0
18.0 0.94433501099 1.0
181.0 4.80663666046 1.0
127.0 0.99021538821 1.0
3.0 1.02431763203 1.0
51.0 0.998116090763 1.0
object 15	1.0:1.0
109.0 0.992925960386 1.0
134.0 1.01220376108 1.0
96.0 0.981599169229 1.0
166.0 1.00459396937 1.0
172.0 0.932055603111 1.0
157.0 1.03944958904 1.0
21.0 1.01674929696 1.0
189.0 1.90414866812 1.0
61.0 0.988620627922 1.0
70.0 1.01459629393 1.0
164.0 1.02583034393 1.0
122.0 0.97971070065 1.0
177.0 1.01761673518 1.0
4.0 0.960138225456 1.0
161.0 1.00184997394 1.0
86.0 1.07483167192 1.0
8.0 1.00574400391 1.0
44.0 1.04494804679 1.0
80.0 0.989477107935 1.0
55.0 1.00991688208 1.0
147.0 1.028909755 1.0
153.0 1.00546354987 1.0
85.0 0.956812234844 1.0
130.0 0.98550517466 1.0
57.0 0.990626764448 1.0
100.0 0.987570316561 1.0
29.0 0.954772829374 1.0
173.0 1.02694284218 1.0
object 16	1.0:1.0
154.0 0.982529926032 1.0
2.0 0.933439313982 1.0
108.0 0.962764830493 1.0
189.0 -0.221468426481 1.0
166.0 0.995871995489 1.0
193.0 -0.957311115009 1.0
134.0 1.02200893887 1.0
69.0 1.02808612644 1.0
143.0 1.02468589246 1.0
181.0 4.02373175137 1.0
91.0 1.01819411738 1.0
99.0 0.927268713604 1.0
114.0 1.03552079031 1.0
196.0 5.86484962861 1.0
78.0 0.989082387895 1.0
155.0 1.02698241566 1.0
50.0 1.02426920477 1.0
178.0 0.992221512379 1.0
39.0 1.05258626059 1.0
187.0 0.902046934538 1.0
object 17	1.0:1.0
71.0 0.990448779651 1.0
189.0 3.7266982393 1.0
66.0 0.950630370257 1.0
30.0 0.976833925774 1.0
113.0 1.01788214443 1.0
81.0 1.01102274128 1.0
88.0 0.988671236151 1.0
26.0 0.962370431149 1.0
28.0 0.994108063327 1.0
43.0 1.01069704014 1.0
164.0 1.03218963059 1.0
197.0 1.0571074272 1.0
117.0 0.974947675993 1.0
172.0 1.02198461547 1.0
92.0 1.02318845594 1.0
110.0 0.998083554954 1.0
104.0 0.963771734232 1.0
118.0 0.963266544846 1.0
199.0 2.49211030004 1.0
111.0 1.06995003006 1.0
object 18	1.0:1.0
108.0 1.07715022363 1.0
72.0 0.984433211503 1.0
6.0 1.00034111738 1.0
188.0 0.330813511537 1.0
17.0 1.0028867413 1.0
60.0 1.0446446551 1.0
176.0 0.969202413505 1.0
184.0 -3.98806118635 1.0
196.0 -5.68026465722 1.0
61.0 1.01656796763 1.0
34.0 0.979571118368 1.0
73.0 0.98060980972 1.0
142.0 0.994542535192 1.0
57.0 1.00435861107 1.0
91.0 0.991064102996 1.0
63.0 1.08046347244 1.0
79.0 1.00133549746 1.0
14.0 0.979554186735 1.0
object 19	1.0:1.0
179.0 0.977937767722 1.0
44.0 1.02119771537 1.0
118.0 1.00829467047 1.0
94.0 0.98558281855 1.0
9.0 0.975354047837 1.0
133.0 0.994537259941 1.0
100.0 0.922999782101 1.0
42.0 0.990872491023 1.0
85.0 1.00478482777 1.0
167.0 1.00895871842 1.0
151.0 0.965664583728 1.0
125.0 1.02828869579 1.0
141.0 0.969947531645 1.0
29.0 0.926033731775 1.0
65.0 0.967888620891 1.0
111.0 0.988830016605 1.0
137.0 0.988642491298 1.0
176.0 0.983222451037 1.0
39.0 0.952543032765 1.0
106.0 0.95115717683 1.0
56.0 1.00029736469 1.0
197.0 1.52459215145 1.0
object 20	1.0:1.0
106.0 0.996380142708 1.0
89.0 1.00169214449 1.0
57.0 0.997243350939 1.0
125.0 0.996735171346 1.0
116.0 0.995278256171 1.0
83.0 1.03913742626 1.0
17.0 1.00527709957 1.0
138.0 1.06222029448 1.0
133.0 1.05902520099 1.0
43.0 0.979694318004 1.0
107.0 1.03441245234 1.0
148.0 1.01778491441 1.0
4.0 1.05431838304 1.0
25.0 0.973963197431 1.0
100.0 0.949838778949 1.0
129.0 0.978170912988 1.0
object 21	1.0:1.0
54.0 0.95891138522 1.0
144.0 1.00116432961 1.0
90.0 0.999534641345 1.0
0.0 0.96372942099 1.0
98.0 1.01623365976 1.0
159.0 1.02795994784 1.0
60.0 0.96870621552 1.0
119.0 1.02283748636 1.0
165.0 0.935761728669 1.0
160.0 0.966633207707 1.0
20.0 0.969653987782 1.0
141.0 1.00275486369 1.0
117.0 0.957718490402 1.0
173.0 0.968051227978 1.0
78.0 1.02293911912 1.0
110.0 0.970780897796 1.0
95.0 0.971025648891 1.0
154.0 0.984687515823 1.0
124.0 0.985653677596 1.0
48.0 1.01678233399 1.0
51.0 0.982587527546 1.0
13.0 0.997273311546 1.0
14.0 1.02099487712 1.0
10.0 1.00594387525 1.0
object 22	1.0:1.0
155.0 0.989612675747 1.0
98.0 0.989642484743 1.0
97.0 1.00529634493 1.0
94.0 0.930101483548 1.0
193.0 3.05226364734 1.0
39.0 1.00510703821 1.0
129.0 0.99468653843 1.0
109.0 1.02194874126 1.0
19.0 0.981442754868 1.0
89.0 1.00679340634 1.0
178.0 0.975489400801 1.0
55.0 0.982055196793 1.0
134.0 1.00214949409 1.0
115.0 1.01058606643 1.0
117.0 1.05806704878 1.0
23.0 1.01606067445 1.0
185.0 1.20349327445 1.0
66.0 1.04722434515 1.0
91.0 1.0051711521 1.0
161.0 0.976058059385 1.0
138.0 1.0125042814 1.0
26.0 1.01145437405 1.0
159.0 0.965171723898 1.0
197.0 -0.897913899497 1.0
21.0 0.982007521542 1.0
31.0 0.988022219193 1.0
object 23	1.0:1.0
127.0 1.01318921168 1.0
146.0 1.02593680957 1.0
123.0 1.00392370672 1.0
117.0 0.98772518581 1.0
51.0 1.00241223015 1.0
68.0 1.00092992964 1.0
43.0 0.984244441928 1.0
2.0 1.08655058657 1.0
64.0 0.993543407513 1.0
166.0 1.01089639007 1.0
138.0 0.974752345275 1.0
189.0 -3.44713660083 1.0
148.0 0.968095006173 1.0
180.0 1.94118776973 1.0
73.0 1.08338650042 1.0
142.0 0.970710783695 1.0
object 24	1.0:1.0
120.0 1.01128141252 1.0
10.0 0.954198097663 1.0
72.0 0.99072684677 1.0
86.0 0.978007417845 1.0
199.0 1.29094937353 1.0
158.0 0.996690273039 1.0
27.0 1.00086997375 1.0
46.0 0.981725134429 1.0
130.0 1.01872496868 1.0
118.0 0.972014500966 1.0
192.0 -9.65333223996 1.0
40.0 0.955272632183 1.0
188.0 -3.82172439674 1.0
102.0 1.03104105502 1.0
32.0 1.03655228036 1.0
173.0 1.08220628682 1.0
14.0 1.05409899436 1.0
4.0 1.01914964804 1.0
63.0 1.00909979198 1.0
189.0 5.524016853 1.0
128.0 1.01412719461 1.0
2.0 1.00581033326 1.0
object 25	1.0:1.0
36.0 0.999647036083 1.0
47.0 0.996160701169 1.0
2.0 1.04498796782 1.0
128.0 0.98670275916 1.0
162.0 1.02488487838 1.0
52.0 0.995086863314 1.0
85.0 0.986044175876 1.0
114.0 0.988469588205 1.0
57.0 1.01106478188 1.0
182.0 -11.1998339674 1.0
33.0 0.994711509022 1.0
37.0 1.05106162239 1.0
98.0 1.01037588181 1.0
123.0 0.997347392765 1.0
190.0 0.471950953022 1.0
125.0 0.957145068166 1.0
29.0 0.984308806121 1.0
161.0 0.999877822905 1.0
24.0 1.00530396319 1.0
44.0 1.049904731 1.0
object 26	1.0:1.0
27.0 0.992025190514 1.0
0.0 1.02131015759 1.0
62.0 1.05649044821 1.0
161.0 0.986092702824 1.0
154.0 1.00719350437 1.0
22.0 1.02263083392 1.0
188.0 3.12506420237 1.0
132.0 0.972117443353 1.0
28.0 1.00592283303 1.0
47.0 1.04272043361 1.0
116.0 0.984910229455 1.0
158.0 0.997528787003 1.0
163.0 0.938378708832 1.0
106.0 0.963058669621 1.0
181.0 -0.620832542 1.0
189.0 -1.61461134698 1.0
12.0 0.989133243243 1.0
75.0 1.01727467721 1.0
74.0 0.994614655793 1.0
84.0 1.05999962497 1.0
2.0 1.03526251988 1.0
192.0 -0.488448932133 1.0
49.0 1.00955059032 1.0
object 27	1.0:1.0
55.0 1.0071987783 1.0
67.0 1.01979095339 1.0
53.0 0.985691283652 1.0
119.0 1.00340650015 1.0
198.0 3.30282039371 1.0
64.0 0.950458352263 1.0
102.0 1.02983291241 1.0
20.0 1.01092946617 1.0
11.0 1.05560409757 1.0
118.0 1.03033585351 1.0
38.0 1.01673738713 1.0
170.0 1.04039370259 1.0
176.0 0.93721001175 1.0
97.0 1.00785971684 1.0
114.0 1.00744837122 1.0
179.0 0.992755741107 1.0
171.0 0.993139782444 1.0
117.0 1.00719531047 1.0
132.0 1.12385163056 1.0
137.0 0.982858184223 1.0
144.0 1.00871934688 1.0
167.0 1.0258873236 1.0
120.0 0.978521095036 1.0
107.0 1.04658233406 1.0
79.0 1.00113288727 1.0
177.0 0.989697341614 1.0
88.0 1.01384212847 1.0
111.0 0.997494341909 1.0
object 28	1.0:1.0
78.0 1.03371064037 1.0
147.0 0.983609471089 1.0
97.0 1.0178757631 1.0
82.0 1.04185650489 1.0
94.0 0.975588527768 1.0
125.0 1.03176868858 1.0
172.0 0.937837433093 1.0
47.0 1.05173446963 1.0
17.0 0.981411783625 1.0
146.0 0.949966005661 1.0
59.0 0.963724469863 1.0
184.0 3.35491951066 1.0
0.0 0.986959947279 1.0
126.0 1.03423988791 1.0
193.0 4.46983444231 1.0
9.0 1.07392015184 1.0
object 29	1.0:1.0
54.0 1.03563489597 1.0
7.0 1.0109318995 1.0
60.0 0.98567170381 1.0
46.0 1.00366469293 1.0
107.0 0.989024471916 1.0
147.0 0.910282417363 1.0
182.0 -0.322627614854 1.0
24.0 1.03928734975 1.0
56.0 0.980687902412 1.0
11.0 0.983895009214 1.0
173.0 1.03893946503 1.0
156.0 0.97059522713 1.0
134.0 0.989854719268 1.0
47.0 1.08653350717 1.0
94.0 1.01394650847 1.0
100.0 1.01462489066 1.0
170.0 0.999039326675 1.0
66.0 1.0038727909 1.0
62.0 0.99739411056 1.0
83.0 1.07164131778 1.0
159.0 0.960747523785 1.0
185.0 -2.01185830949 1.0
object 30	1.0:1.0
31.0 0.973420091448 1.0
133.0 0.984560892814 1.0
179.0 0.920300094796 1.0
70.0 1.00765475261 1.0
142.0 0.998225703362 1.0
27.0 0.988044436732 1.0
173.0 1.04775510309 1.0
7.0 0.963198405426 1.0
157.0 0.978703145547 1.0
90.0 0.993890047043 1.0
190.0 -0.456641156425 1.0
177.0 1.00818030627 1.0
20.0 1.00774012008 1.0
92.0 1.01786331843 1.0
154.0 0.926959508674 1.0
117.0 0.93969292598 1.0
68.0 1.00698401018 1.0
object 31	1.0:1.0
1.0 1.08126661909 1.0
108.0 0.995593678059 1.0
162.0 1.01912407114 1.0
93.0 1.00308029691 1.0
61.0 0.995622756132 1.0
177.0 0.999221016996 1.0
104.0 0.958486296174 1.0
2.0 1.13180758588 1.0
125.0 0.972192079795 1.0
10.0 1.02367912648 1.0
79.0 1.01270156858 1.0
68.0 0.997833846906 1.0
73.0 0.996955623807 1.0
112.0 0.967488666534 1.0
32.0 1.01956499386 1.0
131.0 1.05564497269 1.0
63.0 0.966304388406 1.0
156.0 0.988809016227 1.0
100.0 0.998176493228 1.0
30.0 0.948202493134 1.0
48.0 0.989867623238 1.0
153.0 1.01907278997 1.0
161.0 0.998133365286 1.0
object 32	1.0:1.0
194.0 3.15929655958 1.0
169.0 0.999179564627 1.0
18.0 0.915589448094 1.0
110.0 0.974823309723 1.0
58.0 0.999519158713 1.0
8.0 0.996063465053 1.0
114.0 1.0354313117 1.0
26.0 0.949986865002 1.0
27.0 0.994911574545 1.0
84.0 1.00867353763 1.0
179.0 1.040166998 1.0
151.0 0.985467207453 1.0
180.0 0.43304556724 1.0
136.0 0.965124607025 1.0
127.0 1.00635701189 1.0
107.0 1.0071080821 1.0
52.0 0.98945233029 1.0
115.0 0.994577358087 1.0
182.0 6.08331235969 1.0
104.0 0.962678260579 1.0
88.0 0.991277588638 1.0
object 33	1.0:1.0
86.0 0.957698306641 1.0
46.0 0.941974158929 1.0
191.0 0.357846601225 1.0
148.0 0.981607587674 1.0
34.0 0.973245101419 1.0
83.0 1.02197043526 1.0
95.0 1.02015950589 1.0
139.0 1.00328771347 1.0
187.0 4.4854693961 1.0
70.0 0.977809658385 1.0
25.0 0.999841439797 1.0
127.0 1.02549808389 1.0
29.0 1.00699756636 1.0
75.0 1.03967507384 1.0
92.0 0.985011282394 1.0
115.0 1.00819470409 1.0
177.0 0.990815409452 1.0
138.0 1.02869012424 1.0
116.0 0.99651868973 1.0
59.0 0.930192638368 1.0
182.0 -1.24185855014 1.0
42.0 0.989035576701 1.0
object 34	1.0:1.0
120.0 1.00148781617 1.0
42.0 1.04130157881 1.0
167.0 1.00289533508 1.0
119.0 0.988491686257 1.0
173.0 1.0190273084 1.0
29.0 1.01129069367 1.0
175.0 1.05548658911 1.0
92.0 0.98260536398 1.0
135.0 0.971444581232 1.0
114.0 1.03382812084 1.0
116.0 1.03942040927 1.0
77.0 1.0204892247 1.0
78.0 1.01666427028 1.0
48.0 1.01517692495 1.0
97.0 1.0203987376 1.0
137.0 0.983147050813 1.0
196.0 6.29108195077 1.0
object 35	1.0:1.0
106.0 0.935837062072 1.0
86.0 1.07361234391 1.0
43.0 1.00564377942 1.0
8.0 0.988506349222 1.0
65.0 0.9659925528 1.0
175.0 0.985790907195 1.0
165.0 1.00437790881 1.0
59.0 1.03981228027 1.0
190.0 -1.77112652849 1.0
176.0 0.998500369254 1.0
131.0 1.0357767434 1.0
183.0 -6.34374670704 1.0
138.0 1.00707856372 1.0
188.0 0.99166461299 1.0
16.0 0.93198188951 1.0
object 36	1.0:1.0
89.0 0.978573990702 1.0
66.0 0.984058597779 1.0
130.0 0.98737061921 1.0
79.0 1.01658829117 1.0
164.0 0.995255572276 1.0
133.0 0.991110562918 1.0
126.0 0.984355885031 1.0
35.0 0.997191020673 1.0
162.0 0.946110444893 1.0
154.0 1.02680570417 1.0
177.0 1.00230048229 1.0
74.0 1.02097309486 1.0
75.0 1.00627229643 1.0
82.0 0.981788716017 1.0
29.0 1.01549148371 1.0
119.0 1.01407276593 1.0
101.0 1.02096190721 1.0
193.0 -2.39017140663 1.0
145.0 0.979739271782 1.0
125.0 0.989892651759 1.0
183.0 -3.65408473283 1.0
38.0 1.03011854359 1.0
181.0 1.38188326211 1.0
191.0 -0.139558062351 1.0
108.0 0.903760688219 1.0
39.0 1.02106069164 1.0
59.0 0.955044773793 1.0
object 37	1.0:1.0
54.0 1.00536116747 1.0
117.0 1.02128920168 1.0
198.0 0.0565995887852 1.0
141.0 1.02634277643 1.0
142.0 0.99219671923 1.0
73.0 0.988893870911 1.0
1.0 0.992369561169 1.0
105.0 1.00459685963 1.0
164.0 0.98966695305 1.0
183.0 0.142814765956 1.0
85.0 0.996107140115 1.0
39.0 1.02413838444 1.0
116.0 1.00794845371 1.0
108.0 1.03577828127 1.0
134.0 1.00775063638 1.0
167.0 0.986656367939 1.0
180.0 1.76268477428 1.0
132.0 0.996860946738 1.0
25.0 1.02741460206 1.0
30.0 0.985805669987 1.0
120.0 0.994837230448 1.0
15.0 0.981773845955 1.0
170.0 1.00926350206 1.0
146.0 1.0321310534 1.0
68.0 0.990284516656 1.0
103.0 1.05865407466 1.0
188.0 -1.10009308423 1.0
128.0 0.992184083495 1.0
object 38	1.0:1.0
136.0 0.995187603498 1.0
80.0 0.942688164648 1.0
90.0 1.00941195775 1.0
173.0 1.01623416818 1.0
131.0 0.985447912425 1.0
142.0 1.0380760893 1.0
31.0 0.999982435948 1.0
48.0 0.990432894838 1.0
70.0 0.995471166823 1.0
49.0 1.00331791016 1.0
77.0 0.943952414123 1.0
54.0 1.02578594618 1.0
7.0 1.0161401264 1.0
37.0 0.95102072874 1.0
53.0 1.00225914024 1.0
46.0 1.01613697294 1.0
72.0 1.02850204621 1.0
object 39	1.0:1.0
79.0 1.01993163999 1.0
98.0 0.976299109244 1.0
125.0 0.948133112233 1.0
113.0 1.0364976751 1.0
112.0 0.988010705887 1.0
137.0 0.98254116337 1.0
15.0 1.00177726608 1.0
35.0 1.00244674571 1.0
42.0 1.00001103083 1.0
193.0 -0.639298480728 1.0
50.0 1.09278281906 1.0
172.0 0.966084197611 1.0
8.0 1.01419176324 1.0
168.0 0.993640715106 1.0
159.0 0.930048719575 1.0
39.0 1.07637964123 1.0
object 40	1.0:1.0
108.0 0.927276351591 1.0
27.0 1.01072926017 1.0
22.0 1.00345415447 1.0
186.0 -1.80962898601 1.0
50.0 1.05136844124 1.0
118.0 0.998708260459 1.0
69.0 1.06573241073 1.0
105.0 1.06665790065 1.0
2.0 1.0377524383 1.0
147.0 0.967430649359 1.0
85.0 0.979467984756 1.0
59.0 0.988170546333 1.0
141.0 0.977263464693 1.0
184.0 -9.89422198205 1.0
168.0 0.985993525466 1.0
84.0 1.02180471578 1.0
51.0 0.976095755593 1.0
158.0 1.00589557229 1.0
62.0 0.965048830935 1.0
189.0 4.93064546306 1.0
24.0 0.986720490545 1.0
object 41	1.0:1.0
127.0 0.987118042038 1.0
48.0 1.01155574235 1.0
187.0 4.22020828632 1.0
121.0 0.914220548073 1.0
72.0 1.01326410256 1.0
139.0 0.996748877091 1.0
180.0 3.55979709476 1.0
38.0 1.01535511866 1.0
10.0 1.00053342465 1.0
39.0 1.02173327452 1.0
9.0 1.01121312718 1.0
20.0 1.01720078764 1.0
166.0 0.985119257248 1.0
69.0 0.947903614607 1.0
125.0 1.01254091846 1.0
5.0 1.00537438946 1.0
123.0 1.01011253188 1.0
135.0 0.979005983332 1.0
41.0 1.02535637626 1.0
164.0 1.01036718339 1.0
30.0 0.977273924148 1.0
101.0 0.97647309621 1.0
21.0 0.94990817902 1.0
96.0 1.01051467694 1.0
object 42	1.0:1.0
8.0 0.990219326368 1.0
164.0 0.989990480364 1.0
156.0 0.987183931221 1.0
5.0 0.999013027055 1.0
191.0 -1.70609177434 1.0
177.0 1.00387917173 1.0
81.0 0.96561406945 1.0
43.0 1.01428078456 1.0
83.0 1.01981693446 1.0
119.0 0.996520513303 1.0
49.0 1.00427053588 1.0
115.0 1.01843306498 1.0
101.0 1.02861863647 1.0
175.0 1.04793271473 1.0
189.0 1.95337337965 1.0
146.0 0.993100603466 1.0
187.0 2.37068493324 1.0
163.0 0.987921179923 1.0
13.0 1.02132534719 1.0
152.0 0.994494964591 1.0
182.0 3.48448500206 1.0
77.0 1.00234730233 1.0
object 43	1.0:1.0
100.0 1.00168701881 1.0
176.0 0.9942592128 1.0
69.0 1.01035899864 1.0
186.0 -0.370158112719 1.0
59.0 1.01130493237 1.0
82.0 1.03121477137 1.0
80.0 0.978994522437 1.0
97.0 1.00529244118 1.0
177.0 1.01869075455 1.0
99.0 0.990877895195 1.0
107.0 0.996791281082 1.0
190.0 5.79060910743 1.0
17.0 0.995863550851 1.0
64.0 0.956721708261 1.0
187.0 0.868370707255 1.0
43.0 0.979750639778 1.0
188.0 -4.61833693815 1.0
114.0 1.02231804537 1.0
91.0 0.968954909096 1.0
6.0 1.00574353812 1.0
175.0 0.979003375538 1.0
194.0 -2.53557897876 1.0
134.0 0.991125506377 1.0
62.0 0.987181386511 1.0
9.0 0.98374401449 1.0
object 44	1.0:1.0
177.0 0.984240446236 1.0
81.0 1.01549473348 1.0
31.0 0.986338010396 1.0
192.0 -5.82101907164 1.0
175.0 0.964553510522 1.0
174.0 0.986876677414 1.0
167.0 0.956652048879 1.0
86.0 0.988758199748 1.0
65.0 1.06927048594 1.0
77.0 0.981665629561 1.0
173.0 0.963925262455 1.0
107.0 0.969992490412 1.0
53.0 0.998570027271 1.0
41.0 0.978069067191 1.0
142.0 0.970153770343 1.0
155.0 1.00432261082 1.0
57.0 0.979163087321 1.0
17.0 0.995701766716 1.0
132.0 1.0453058643 1.0
189.0 2.84360173567 1.0
73.0 1.00831561101 1.0
119.0 1.01933105823 1.0
169.0 0.935826755011 1.0
62.0 1.03334110562 1.0
18.0 1.03314189908 1.0
55.0 1.0011880452 1.0
object 45	1.0:1.0
51.0 1.01709826688 1.0
183.0 -4.53966194797 1.0
126.0 0.974114630872 1.0
165.0 0.997367962056 1.0
40.0 0.998642760497 1.0
99.0 0.99203905275 1.0
57.0 1.00524743523 1.0
115.0 0.961860737992 1.0
52.0 0.977687827748 1.0
106.0 1.01816738675 1.0
178.0 1.01245434664 1.0
114.0 0.959677796591 1.0
96.0 1.02419832568 1.0
108.0 0.9502125369 1.0
70.0 1.01275417802 1.0
object 46	1.0:1.0
42.0 1.00478917298 1.0
49.0 1.0055928649 1.0
47.0 1.01887348347 1.0
41.0 0.999707723212 1.0
7.0 0.999027849504 1.0
24.0 0.999320615381 1.0
61.0 0.999068179271 1.0
149.0 1.02345643534 1.0
182.0 -3.77645058022 1.0
145.0 0.992084379534 1.0
84.0 1.02000827371 1.0
193.0 -4.59221648981 1.0
83.0 0.928341507256 1.0
76.0 0.989100224711 1.0
195.0 3.01803521717 1.0
111.0 0.952754395098 1.0
157.0 0.992929902829 1.0
62.0 0.993197520886 1.0
80.0 0.991707909121 1.0
object 47	1.0:1.0
87.0 1.05275148792 1.0
34.0 1.00943567378 1.0
49.0 0.988750474774 1.0
46.0 0.996586026214 1.0
196.0 0.387375158612 1.0
10.0 0.947672680372 1.0
95.0 1.01720980386 1.0
12.0 1.00337100646 1.0
158.0 1.00680642313 1.0
122.0 1.01670731785 1.0
24.0 1.00280372622 1.0
51.0 0.973368901013 1.0
190.0 2.62015000722 1.0
2.0 0.980678356548 1.0
98.0 0.968725435332 1.0
176.0 1.03393589095 1.0
object 48	1.0:1.0
102.0 0.948929589459 1.0
26.0 0.992891957086 1.0
177.0 1.03672321543 1.0
86.0 1.03730715404 1.0
69.0 1.02136105409 1.0
176.0 1.01589918573 1.0
156.0 0.98241471094 1.0
189.0 0.97972757333 1.0
51.0 0.977509854322 1.0
4.0 0.915096049403 1.0
9.0 1.10093503714 1.0
28.0 0.994905033302 1.0
50.0 0.948579726544 1.0
133.0 1.02709576931 1.0
object 49	1.0:1.0
127.0 1.02795397104 1.0
10.0 0.999411969497 1.0
75.0 0.999247249238 1.0
6.0 0.988331436466 1.0
104.0 0.920798632793 1.0
113.0 0.996839824506 1.0
86.0 1.01401753163 1.0
181.0 2.34531980126 1.0
19.0 0.988493050458 1.0
84.0 0.998817044085 1.0
80.0 0.939915904298 1.0
114.0 0.995625849686 1.0
14.0 1.04569882873 1.0
139.0 1.02268743431 1.0
185.0 -4.89936018632 1.0
98.0 0.999485374051 1.0
object 50	1.0:0.5 7.10162466623:0.5
53.0 0.957386867367 0.0
30.0 1.02900110154 0.0
31.0 1.00456014942 0.0
6.0 1.12770314545 0.0
101.0 1.06617886236 0.0
104.0 0.999069342291 0.0
187.0 0.759273378849 0.0
116.0 7.10132687139 1.0
40.0 7.13423418134 1.0
22.0 1.00654189715 0.0
129.0 0.995123834525 0.0
139.0 7.10840778176 1.0
86.0 7.2129492739 1.0
162.0 1.00500726024 0.0
90.0 1.01400593979 0.0
60.0 1.06567107904 0.0
39.0 7.17145921718 1.0
67.0 1.02133353309 0.0
164.0 0.990297398099 0.0
158.0 7.02233929774 1.0
89.0 7.09171329063 1.0
195.0 10.2839014066 1.0
61.0 0.955820218309 0.0
object 51	1.0:0.5 -3.30613879983:0.5
14.0 0.955006371043 0.0
190.0 2.69078495608 0.0
76.0 1.02957020318 0.0
36.0 -3.32682111594 1.0
146.0 -3.24161113943 1.0
170.0 1.02727044957 0.0
45.0 1.06623183945 0.0
10.0 -3.30698922834 1.0
23.0 0.944453577421 0.0
154.0 -3.28973590223 1.0
157.0 0.935841198681 0.0
121.0 -3.29606310653 1.0
159.0 -3.26921873831 1.0
131.0 -3.37630405904 1.0
58.0 0.939742593093 0.0
145.0 -3.24861327408 1.0
71.0 0.98073294667 0.0
38.0 -3.18019119457 1.0
56.0 -3.22872654871 1.0
194.0 3.74982432837 0.0
0.0 -3.31763704238 1.0
181.0 -1.27953639869 1.0
103.0 -3.28353512982 1.0
182.0 4.38453701269 0.0
61.0 1.0018666041 0.0
52.0 1.01686771093 0.0
27.0 1.04230732454 0.0
17.0 1.02781099284 0.0
48.0 1.02032342731 0.0
object 52	1.0:0.5 4.11601876298:0.5
12.0 4.15314821002 1.0
143.0 4.05228763149 1.0
198.0 3.26861678394 1.0
170.0 0.951924692945 0.0
76.0 1.01513846826 0.0
72.0 0.956567139657 0.0
195.0 2.61176411411 1.0
34.0 0.969523787551 0.0
49.0 4.16449847318 1.0
82.0 4.0771051825 1.0
106.0 4.13345105744 1.0
140.0 0.95350823714 0.0
147.0 0.994641575409 0.0
101.0 0.972737284202 0.0
94.0 4.12035225371 1.0
97.0 4.04631880043 1.0
105.0 0.916902004872 0.0
122.0 4.06655386929 1.0
object 53	1.0:0.5 -0.45054759082:0.5
72.0 0.993212633778 0.0
135.0 1.0291682455 0.0
164.0 -0.460636316939 1.0
89.0 1.06393518643 0.0
32.0 -0.467250545812 1.0
184.0 1.19525832702 0.0
124.0 -0.557525701455 1.0
158.0 0.990860455296 0.0
49.0 0.978867724898 0.0
175.0 -0.458401754285 1.0
148.0 0.980943436186 0.0
56.0 -0.441783600105 1.0
13.0 -0.494006640368 1.0
162.0 0.92594228235 0.0
129.0 -0.407714516962 1.0
42.0 1.00470219548 0.0
85.0 0.955283138637 0.0
27.0 1.01260988861 0.0
193.0 -3.57666632814 1.0
114.0 1.06511456458 0.0
105.0 -0.422569255978 1.0
180.0 -1.46701069063 1.0
object 54	1.0:0.5 -6.13932539368:0.5
53.0 -6.16380709829 1.0
174.0 -6.17416046787 1.0
23.0 0.98105840329 0.0
169.0 -6.16664932754 1.0
116.0 -6.11528318969 1.0
150.0 1.0397984668 0.0
33.0 -6.02710181199 1.0
96.0 1.03765509339 0.0
186.0 -1.89241601515 0.0
78.0 -6.12692728139 1.0
170.0 -6.09623514055 1.0
44.0 0.958411493443 0.0
65.0 0.964953266701 0.0
118.0 -6.22315894581 1.0
152.0 -6.06191068579 1.0
17.0 -6.14898664702 1.0
88.0 -6.07010382079 1.0
165.0 0.970447997145 0.0
73.0 1.06202728675 0.0
139.0 -6.24405148257 1.0
71.0 0.976624131244 0.0
182.0 4.04585868889 0.0
149.0 0.988981274452 0.0
120.0 1.00434041782 0.0
199.0 -6.52072727331 1.0
58.0 -6.10600897817 1.0
147.0 -6.09768674986 1.0
object 55	1.0:0.5 12.0941739406:0.5
139.0 1.02465442409 0.0
28.0 1.02054168755 0.0
98.0 0.947546328668 0.0
32.0 12.0520382468 1.0
73.0 1.03250749074 0.0
41.0 12.0793817757 1.0
38.0 1.04693195557 0.0
59.0 0.972178774644 0.0
164.0 12.1391420922 1.0
45.0 12.1065570011 1.0
68.0 1.02030820526 0.0
35.0 12.1960596645 1.0
65.0 0.974528003866 0.0
55.0 12.1205859373 1.0
190.0 10.7032802774 1.0
40.0 12.158321221 1.0
69.0 0.997583196728 0.0
197.0 4.89550784236 0.0
150.0 0.999295912286 0.0
42.0 12.1124845534 1.0
120.0 0.920895030641 0.0
object 56	1.0:0.5 -0.202025927067:0.5
106.0 -0.192348945436 1.0
59.0 0.950013941127 0.0
47.0 -0.258070539687 1.0
92.0 -0.272163411956 1.0
38.0 -0.253204442194 1.0
52.0 -0.163633605047 1.0
186.0 0.118849970564 1.0
14.0 1.06691063137 0.0
0.0 0.958496886743 0.0
142.0 0.958031167231 0.0
8.0 -0.192851981019 1.0
91.0 0.961813022549 0.0
116.0 1.06044130172 0.0
78.0 -0.204103383803 1.0
193.0 8.09890656895 0.0
object 57	1.0:0.5 3.37747455529:0.5
79.0 1.03351910835 0.0
95.0 3.37787738593 1.0
145.0 0.943906280483 0.0
6.0 3.38183480316 1.0
92.0 3.42517785528 1.0
194.0 3.84154522371 1.0
87.0 0.984658489836 0.0
161.0 1.05817037767 0.0
149.0 0.948929172706 0.0
167.0 3.3644046978 1.0
35.0 1.02761306521 0.0
15.0 3.39805825551 1.0
91.0 3.35760031208 1.0
89.0 1.03090464498 0.0
141.0 3.44439364144 1.0
117.0 3.34880895266 1.0
object 58	1.0:0.5 6.35472781108:0.5
5.0 6.2866410956 1.0
10.0 6.36237389652 1.0
127.0 0.98174294953 0.0
49.0 1.01048213758 0.0
91.0 1.00861290546 0.0
84.0 6.46246356535 1.0
110.0 6.28565320642 1.0
153.0 0.954140524011 0.0
161.0 0.932559423079 0.0
80.0 1.02122876687 0.0
89.0 6.41480176347 1.0
181.0 7.03732718594 1.0
3.0 0.96473776172 0.0
112.0 6.35180329028 1.0
71.0 6.37992291259 1.0
72.0 6.38546835995 1.0
116.0 6.42565538508 1.0
121.0 6.36196503369 1.0
24.0 6.33964357426 1.0
33.0 0.932456971767 0.0
object 59	1.0:0.5 -5.40864780243:0.5
26.0 1.08400752642 0.0
40.0 -5.4028216414 1.0
194.0 2.90096595282 0.0
96.0 -5.45307457726 1.0
188.0 -2.53847047357 1.0
36.0 -5.35358737108 1.0
144.0 1.05938432709 0.0
161.0 -5.33613996687 1.0
47.0 1.04244331563 0.0
16.0 1.10062033361 0.0
152.0 1.06288195342 0.0
197.0 7.80961810294 0.0
167.0 0.970586481287 0.0
80.0 1.00722957003 0.0
21.0 -5.45906875627 1.0
143.0 -5.47831115824 1.0
172.0 1.02309062343 0.0
58.0 0.982657632684 0.0
174.0 -5.48384222513 1.0
object 60	1.0:0.5 16.0360347686:0.5
118.0 16.0401471799 1.0
66.0 0.979921515857 0.0
178.0 0.960783375095 0.0
45.0 1.01767297869 0.0
176.0 15.9597274109 1.0
0.0 16.0059465167 1.0
6.0 1.0072566637 0.0
47.0 1.00425490602 0.0
186.0 18.7163940078 1.0
97.0 0.990118149399 0.0
111.0 0.998091422289 0.0
28.0 16.0665263154 1.0
172.0 16.0349924931 1.0
106.0 0.901798959637 0.0
141.0 16.1019457922 1.0
187.0 1.33857715461 0.0
107.0 16.031612591 1.0
182.0 15.572303858 1.0
156.0 16.0206137447 1.0
117.0 16.0457298778 1.0
object 61	1.0:0.5 11.5128792577:0.5
12.0 11.5563408956 1.0
94.0 0.966308192407 0.0
48.0 1.03953754547 0.0
46.0 1.02741960807 0.0
166.0 11.5269830903 1.0
126.0 1.03916763126 0.0
172.0 11.5297060989 1.0
76.0 0.970406135445 0.0
88.0 11.4386744948 1.0
85.0 11.4966371494 1.0
19.0 0.963250469628 0.0
object 62	1.0:0.5 0.566991485393:0.5
60.0 0.515221730033 1.0
19.0 0.498721474658 1.0
83.0 0.631520453778 1.0
143.0 0.482092584369 1.0
66.0 1.0939077962 0.0
47.0 1.05749860144 0.0
191.0 0.914776104416 0.0
185.0 4.76330225546 0.0
39.0 0.624896010919 1.0
53.0 0.54846351898 1.0
173.0 0.632141486598 1.0
10.0 0.978452948204 0.0
9.0 0.582769439788 1.0
141.0 1.020705705 0.0
166.0 1.01430690563 0.0
197.0 -5.85841844953 0.0
51.0 0.530397816055 1.0
object 63	1.0:0.5 -5.29581514309:0.5
115.0 -5.38923976576 1.0
108.0 0.875615631859 0.0
42.0 0.975707101824 0.0
48.0 0.989452585172 0.0
55.0 -5.24449506092 1.0
190.0 -2.29125605724 0.0
96.0 0.980636334302 0.0
47.0 -5.29942532442 1.0
175.0 -5.36810688764 1.0
147.0 0.998537081474 0.0
142.0 0.94108397599 0.0
82.0 1.06843244752 0.0
167.0 -5.29849092968 1.0
146.0 0.987233355528 0.0
19.0 0.99985859905 0.0
116.0 -5.34334014161 1.0
object 64	1.0:0.5 5.80615364987:0.5
36.0 0.917540719373 0.0
49.0 5.7934470884 1.0
121.0 5.82791896797 1.0
156.0 5.78462576724 1.0
87.0 1.02187967877 0.0
98.0 1.02965479435 0.0
28.0 5.73429486919 1.0
20.0 0.982005837385 0.0
133.0 0.992977004689 0.0
13.0 5.80570189558 1.0
40.0 5.84358798713 1.0
80.0 5.84501530612 1.0
86.0 0.926563737602 0.0
191.0 -4.11240417087 0.0
163.0 5.77924958539 1.0
82.0 1.00946138096 0.0
72.0 5.78596528888 1.0
41.0 5.82820100646 1.0
185.0 6.25579828025 1.0
109.0 0.964380533941 0.0
6.0 5.76719106565 1.0
7.0 1.03386945026 0.0
25.0 5.74895522903 1.0
object 65	1.0:0.5 -3.8720268987:0.5
93.0 -3.85830251325 1.0
57.0 -3.91283136762 1.0
38.0 0.976328160745 0.0
92.0 0.978561532456 0.0
195.0 0.955717049711 0.0
194.0 -4.42285101319 1.0
30.0 -3.84350095634 1.0
32.0 0.990678253956 0.0
129.0 0.929521984536 0.0
67.0 0.968601004238 0.0
130.0 0.948118143046 0.0
196.0 1.11711107803 0.0
73.0 0.958859936333 0.0
71.0 0.959723336623 0.0
173.0 -3.91533780482 1.0
8.0 1.05447065502 0.0
193.0 -7.27703934329 1.0
22.0 1.03756204959 0.0
186.0 0.870349410989 0.0
25.0 1.01014741173 0.0
98.0 -3.84835071176 1.0
172.0 1.05602783268 0.0
64.0 -3.86241681214 1.0
134.0 1.0637772864 0.0
74.0 -3.79279891092 1.0
60.0 1.05198142231 0.0
24.0 1.00273957807 0.0
object 66	1.0:0.5 3.65379695666:0.5
35.0 1.1053030289 0.0
155.0 0.963459183556 0.0
22.0 3.6240707748 1.0
160.0 3.65823041711 1.0
119.0 0.979426106739 0.0
59.0 3.60896026274 1.0
100.0 3.68703375685 1.0
8.0 1.02948221345 0.0
172.0 3.66991130562 1.0
69.0 1.01770670087 0.0
46.0 3.74032515263 1.0
41.0 3.697769899 1.0
55.0 3.61412549295 1.0
43.0 1.07784927449 0.0
67.0 1.06783012204 0.0
133.0 3.6438728809 1.0
86.0 3.59303597969 1.0
178.0 0.954711544954 0.0
16.0 3.70516931265 1.0
197.0 2.65252450558 1.0
25.0 3.6675937568 1.0
84.0 0.95928818573 0.0
103.0 3.56473622685 1.0
object 67	1.0:0.5 4.40634430796:0.5
32.0 4.34897539261 1.0
39.0 0.929135218243 0.0
37.0 1.04903524223 0.0
100.0 1.11428314559 0.0
183.0 3.53938310978 1.0
185.0 3.00002104069 1.0
139.0 1.01353540922 0.0
157.0 4.41949335472 1.0
2.0 4.39894687102 1.0
117.0 4.38976178856 1.0
166.0 0.987977975159 0.0
193.0 2.73867493031 1.0
114.0 4.40022577297 1.0
164.0 0.985315486432 0.0
162.0 1.02065592329 0.0
199.0 1.74075504546 1.0
96.0 1.05224896721 0.0
110.0 0.919741446135 0.0
97.0 0.96002294721 0.0
object 68	1.0:0.5 -1.37666163885:0.5
12.0 -1.34171419075 1.0
66.0 -1.44428290694 1.0
78.0 1.06164549857 0.0
38.0 -1.40775187569 1.0
63.0 -1.3799146265 1.0
59.0 -1.3736580363 1.0
40.0 -1.37827511603 1.0
148.0 0.984210702591 0.0
119.0 -1.37947450932 1.0
149.0 0.95860859568 0.0
132.0 0.990133847201 0.0
77.0 -1.41434226463 1.0
34.0 -1.30036162308 1.0
138.0 0.974857104777 0.0
33.0 0.975214511373 0.0
177.0 0.960565007345 0.0
68.0 0.950330401038 0.0
43.0 1.04346964079 0.0
92.0 0.996554304409 0.0
168.0 -1.36190539258 1.0
136.0 -1.4364550966 1.0
83.0 -1.4472952054 1.0
69.0 -1.33193118884 1.0
object 69	1.0:0.5 5.70891415371:0.5
17.0 0.964163149091 0.0
48.0 0.987068251479 0.0
151.0 5.77448245645 1.0
31.0 0.970389391842 0.0
91.0 5.71181257436 1.0
157.0 0.980325350659 0.0
133.0 1.04927394666 0.0
132.0 5.76646073039 1.0
167.0 5.72286085889 1.0
14.0 0.946920085205 0.0
34.0 5.62180536585 1.0
10.0 5.7087780407 1.0
92.0 1.02926543563 0.0
object 70	1.0:0.5 2.22929381017:0.5
9.0 0.986041894675 0.0
194.0 0.790685722248 0.0
86.0 0.997733349076 0.0
89.0 1.05551603885 0.0
63.0 2.22890006615 1.0
28.0 2.21964253358 1.0
192.0 -1.53422550263 0.0
155.0 1.09628435757 0.0
146.0 1.04567384679 0.0
24.0 0.979266294368 0.0
136.0 0.86678463612 0.0
71.0 0.943902057235 0.0
178.0 2.26110389441 1.0
154.0 0.989635803851 0.0
129.0 2.25293957374 1.0
69.0 2.20244905118 1.0
125.0 2.29478389502 1.0
134.0 2.28868670096 1.0
object 71	1.0:0.5 -4.66459633372:0.5
81.0 -4.670680302 1.0
197.0 4.54487159644 1.0
91.0 -4.62072259902 1.0
39.0 -4.54886205657 1.0
119.0 0.955237591632 0.0
67.0 0.994180766514 0.0
49.0 -4.6707685821 1.0
174.0 -4.67302990093 1.0
21.0 1.01252223587 0.0
187.0 2.36765277348 0.0
0.0 -4.67362910463 1.0
115.0 1.03610688013 0.0
154.0 -4.69845556507 1.0
123.0 -4.61282918959 1.0
124.0 1.00063370836 0.0
73.0 1.10227010768 0.0
118.0 1.03225846463 0.0
59.0 -4.73394889171 1.0
196.0 -7.58915733546 1.0
83.0 -4.61410519306 1.0
78.0 0.93118284444 0.0
96.0 -4.67676354927 1.0
7.0 -4.67661663049 1.0
36.0 1.02522999971 0.0
148.0 -4.69403223178 1.0
11.0 -4.68906871253 1.0
44.0 1.0012261984 0.0
142.0 -4.68256603554 1.0
95.0 0.941811779339 0.0
153.0 -4.71511482432 1.0
object 72	1.0:0.5 -2.48405388471:0.5
168.0 1.07379007428 0.0
191.0 2.10893510252 0.0
193.0 -0.975577512181 1.0
108.0 -2.49023190273 1.0
186.0 -5.07123252066 1.0
112.0 -2.46087386957 1.0
158.0 -2.49354916057 1.0
179.0 1.04577664639 0.0
81.0 0.974496869796 0.0
60.0 1.061980815 0.0
66.0 -2.46113848205 1.0
92.0 -2.5059274475 1.0
185.0 4.81370963349 0.0
80.0 -2.54870224215 1.0
145.0 1.04844614757 0.0
148.0 1.02709027751 0.0
23.0 -2.50336587317 1.0
57.0 -2.49995936343 1.0
object 73	1.0:0.5 1.70176096119:0.5
157.0 0.963224836992 0.0
172.0 0.978759709145 0.0
98.0 1.01719700103 0.0
50.0 0.970565321443 0.0
155.0 1.73473440561 1.0
93.0 1.69057757098 1.0
196.0 1.28971616453 0.0
85.0 1.73573927235 1.0
13.0 1.67328927612 1.0
1.0 1.74150270426 1.0
182.0 -0.584327502078 1.0
61.0 1.03453058447 0.0
138.0 1.76616324917 1.0
195.0 -2.45284949715 0.0
197.0 -0.905352360016 0.0
67.0 1.75821139584 1.0
162.0 0.973957706054 0.0
26.0 1.6765158914 1.0
107.0 0.93855495605 0.0
object 74	1.0:0.5 -9.70182776496:0.5
33.0 1.0426436443 0.0
57.0 0.85638083279 0.0
70.0 0.951240709653 0.0
170.0 1.04727385439 0.0
55.0 0.995288052305 0.0
93.0 -9.65758180656 1.0
127.0 0.950275943904 0.0
60.0 1.04005863893 0.0
128.0 1.05979954242 0.0
31.0 1.00322760965 0.0
89.0 1.04324982389 0.0
157.0 -9.73662859431 1.0
7.0 0.95799197527 0.0
144.0 -9.6309435428 1.0
67.0 0.983036998412 0.0
160.0 1.004655482 0.0
121.0 -9.76404643909 1.0
58.0 -9.67602235892 1.0
106.0 1.01042766219 0.0
95.0 -9.71463842849 1.0
153.0 0.995062629582 0.0
171.0 1.00623848879 0.0
167.0 -9.67904592064 1.0
131.0 -9.7063001157 1.0
23.0 -9.68250143617 1.0
object 75	1.0:0.5 16.6691149333:0.5
115.0 16.7253631 1.0
61.0 16.6681787784 1.0
173.0 1.04814513814 0.0
47.0 1.06180182427 0.0
132.0 16.5941190605 1.0
2.0 16.5880863069 1.0
86.0 16.5386513662 1.0
108.0 1.03662321208 0.0
25.0 1.01927312158 0.0
104.0 16.5947898015 1.0
191.0 16.5869235864 1.0
object 76	1.0:0.5 -7.23580079337:0.5
5.0 -7.20404073995 1.0
120.0 -7.25187274844 1.0
113.0 0.977252631763 0.0
62.0 1.02480068718 0.0
137.0 1.01242887158 0.0
169.0 -7.17257735278 1.0
65.0 -7.28311569652 1.0
190.0 -7.16837609535 1.0
163.0 -7.21785602976 1.0
44.0 1.07906901931 0.0
109.0 0.996368921514 0.0
184.0 -11.415137002 1.0
object 77	1.0:0.5 11.6708936692:0.5
168.0 11.5785958121 1.0
192.0 0.744305892973 0.0
135.0 1.00500660477 0.0
89.0 0.968128812838 0.0
189.0 12.4873915194 1.0
193.0 10.8061327156 1.0
45.0 0.97706311745 0.0
164.0 1.01825025198 0.0
54.0 0.9984566748 0.0
72.0 11.727334779 1.0
142.0 11.7120899592 1.0
96.0 11.5577123412 1.0
149.0 11.5926201338 1.0
60.0 0.957166155299 0.0
160.0 11.6601271733 1.0
55.0 1.05597311555 0.0
40.0 1.07526385078 0.0
182.0 9.40911379466 1.0
88.0 1.00006300277 0.0
186.0 5.7612665106 0.0
176.0 0.970335412573 0.0
object 78	1.0:0.5 -14.4474743957:0.5
89.0 0.979042800693 0.0
57.0 -14.4997975072 1.0
149.0 -14.4387117324 1.0
80.0 -14.4287522231 1.0
23.0 1.07812967787 0.0
37.0 -14.3770672886 1.0
182.0 -10.7025185654 1.0
102.0 1.05898009834 0.0
181.0 -13.7178111314 1.0
194.0 -14.6486337254 1.0
154.0 1.00373287264 0.0
22.0 -14.4470783113 1.0
143.0 -14.2740128044 1.0
52.0 -14.4760539818 1.0
188.0 -17.7842751258 1.0
58.0 -14.4627749458 1.0
153.0 0.989836530441 0.0
91.0 1.00414198271 0.0
63.0 -14.4152677115 1.0
150.0 -14.5366504548 1.0
83.0 -14.4630216159 1.0
198.0 1.97862294903 0.0
object 79	1.0:0.5 -13.5057496495:0.5
72.0 0.959460473451 0.0
144.0 1.03594987811 0.0
191.0 2.39570706291 0.0
107.0 0.896329214144 0.0
164.0 -13.4698502239 1.0
16.0 0.978066889759 0.0
161.0 1.10204373699 0.0
137.0 0.93152300507 0.0
187.0 -0.269669744396 0.0
70.0 0.99375269747 0.0
74.0 1.04264705717 0.0
157.0 1.0611647762 0.0
84.0 1.06229717943 0.0
127.0 -13.4941433403 1.0
22.0 -13.4102574644 1.0
14.0 0.99421728128 0.0
143.0 0.993350030396 0.0
30.0 0.9872598617 0.0
110.0 1.01884229949 0.0
43.0 0.965754891115 0.0
object 80	1.0:0.5 -5.38402485683:0.5
43.0 -5.38132675185 1.0
84.0 -5.31004323121 1.0
154.0 0.937711696592 0.0
181.0 2.01200304776 0.0
38.0 0.954469991734 0.0
170.0 -5.34414604548 1.0
6.0 1.04217406345 0.0
144.0 1.04336110182 0.0
95.0 0.924527573663 0.0
157.0 -5.3979997525 1.0
185.0 -1.34294889852 0.0
102.0 1.06177375298 0.0
182.0 -10.5254843474 1.0
11.0 1.00935256462 0.0
134.0 0.920831422933 0.0
138.0 -5.36494005822 1.0
28.0 -5.41931293506 1.0
172.0 0.967729362553 0.0
178.0 -5.40738724078 1.0
164.0 -5.44829320296 1.0
85.0 -5.27362664646 1.0
90.0 -5.356403338 1.0
188.0 2.18467542617 0.0
75.0 -5.44367419254 1.0
61.0 1.06232335249 0.0
111.0 -5.40198803594 1.0
24.0 -5.36526637327 1.0
object 81	1.0:0.5 -8.75812286601:0.5
123.0 0.99262796323 0.0
153.0 0.880261961435 0.0
9.0 -8.74744826092 1.0
168.0 1.00310142546 0.0
189.0 1.68411734752 0.0
17.0 -8.77754494581 1.0
81.0 -8.80921162005 1.0
4.0 0.961304192941 0.0
104.0 -8.8160594007 1.0
179.0 1.03220643845 0.0
157.0 -8.73256603835 1.0
173.0 -8.74939052707 1.0
139.0 -8.88382673434 1.0
78.0 0.971344889703 0.0
16.0 -8.76361384673 1.0
163.0 -8.79923575751 1.0
50.0 -8.81369139375 1.0
48.0 -8.79877123071 1.0
135.0 1.06520363841 0.0
90.0 -8.82196922446 1.0
131.0 -8.62087226076 1.0
160.0 -8.72953933801 1.0
object 82	1.0:0.5 4.04372070677:0.5
24.0 4.03596104052 1.0
96.0 4.08499861854 1.0
15.0 0.927582490045 0.0
38.0 1.04801570657 0.0
68.0 0.998805455938 0.0
111.0 4.01064290077 1.0
188.0 1.58891059647 1.0
25.0 4.12018552018 1.0
143.0 1.01166003616 0.0
194.0 3.32029184997 1.0
199.0 -1.62423112447 0.0
29.0 3.94906700405 1.0
138.0 0.999483312824 0.0
26.0 0.951053422467 0.0
50.0 0.97081554341 0.0
0.0 4.10226098057 1.0
3.0 4.02266767374 1.0
182.0 6.41781503465 0.0
object 83	1.0:0.5 -9.31035161509:0.5
161.0 -9.37602973083 1.0
3.0 0.930992375908 0.0
27.0 -9.3570359133 1.0
74.0 -9.39662492302 1.0
101.0 -9.35458132927 1.0
84.0 1.02087572593 0.0
94.0 0.964306254313 0.0
32.0 -9.29635946052 1.0
106.0 0.994377649544 0.0
30.0 1.02326019172 0.0
150.0 -9.311918115 1.0
11.0 0.990080862837 0.0
93.0 0.943669744801 0.0
16.0 0.930316327104 0.0
105.0 0.957646859533 0.0
22.0 -9.34295896253 1.0
109.0 0.972759995873 0.0
object 84	1.0:0.5 5.14018848493:0.5
12.0 0.938832116692 0.0
131.0 1.04753583332 0.0
91.0 5.05545769117 1.0
27.0 5.11409783073 1.0
171.0 5.12451075069 1.0
38.0 1.00120835177 0.0
134.0 1.01120790619 0.0
23.0 5.09737099237 1.0
194.0 4.35736041251 1.0
152.0 1.00816225651 0.0
180.0 7.05642652097 1.0
111.0 1.07296995529 0.0
81.0 5.12758693454 1.0
28.0 5.06709254221 1.0
57.0 1.12364033067 0.0
76.0 5.16546862746 1.0
165.0 0.963601230232 0.0
11.0 5.24876044389 1.0
199.0 4.17190732539 1.0
65.0 5.06469430783 1.0
174.0 0.980859002402 0.0
118.0 5.15478594481 1.0
85.0 5.14715113979 1.0
object 85	1.0:0.5 17.3457076784:0.5
50.0 1.06114956384 0.0
62.0 17.3828260909 1.0
73.0 1.02406971146 0.0
43.0 0.95895872588 0.0
55.0 17.3631776011 1.0
69.0 1.05819805489 0.0
191.0 14.2118826176 1.0
107.0 17.3293820056 1.0
15.0 1.03364324952 0.0
146.0 1.01795314747 0.0
74.0 0.978187248258 0.0
86.0 0.961877641465 0.0
186.0 3.28771844572 0.0
126.0 1.05983911864 0.0
object 86	1.0:0.5 -16.3380607011:0.5
119.0 -16.3548393929 1.0
50.0 -16.3896070376 1.0
73.0 -16.2939927471 1.0
130.0 -16.3025650091 1.0
12.0 0.889452957388 0.0
76.0 1.05024335702 0.0
114.0 -16.3926408989 1.0
141.0 0.949377507221 0.0
143.0 1.06543370773 0.0
47.0 1.02165070479 0.0
173.0 -16.2993187631 1.0
41.0 -16.3695701503 1.0
71.0 -16.3224589056 1.0
182.0 -17.4754411848 1.0
150.0 1.00617297165 0.0
60.0 0.942603033342 0.0
115.0 -16.3734071381 1.0
5.0 -16.4578617894 1.0
59.0 -16.4024149114 1.0
object 87	1.0:0.5 -11.4422909959:0.5
47.0 1.01375843565 0.0
71.0 1.04593017745 0.0
12.0 -11.3399078188 1.0
89.0 1.06315908591 0.0
64.0 1.07095682247 0.0
88.0 -11.4206638042 1.0
198.0 -10.8910840502 1.0
94.0 1.09256099149 0.0
154.0 -11.4117000164 1.0
165.0 0.958786475352 0.0
74.0 1.03137390589 0.0
48.0 -11.4560383745 1.0
109.0 -11.4261745923 1.0
96.0 0.972536307241 0.0
142.0 1.1013463114 0.0
119.0 1.05820906402 0.0
158.0 -11.4168798584 1.0
53.0 -11.4512494108 1.0
18.0 1.08264640478 0.0
180.0 6.12655249907 0.0
192.0 1.3478639132 0.0
163.0 0.964227260568 0.0
24.0 -11.5762391507 1.0
145.0 0.998020488636 0.0
object 88	1.0:0.5 -20.8061698438:0.5
149.0 -20.7844971189 1.0
29.0 -20.8151713357 1.0
122.0 0.956049991937 0.0
24.0 -20.7577373104 1.0
150.0 -20.8047161859 1.0
35.0 0.997607588104 0.0
109.0 1.00540294511 0.0
13.0 -20.7909721455 1.0
163.0 -20.8332300314 1.0
2.0 -20.7686952213 1.0
95.0 -20.8397474792 1.0
113.0 0.986602518359 0.0
object 89	1.0:0.5 -1.10775763993:0.5
87.0 1.01361342521 0.0
91.0 -1.1153712252 1.0
156.0 0.965770897283 0.0
150.0 0.989464000737 0.0
188.0 4.35245748198 0.0
190.0 -0.146347178288 1.0
14.0 0.970070240034 0.0
77.0 1.01475836291 0.0
153.0 0.980833003731 0.0
35.0 -1.02704456728 1.0
8.0 -1.04820423241 1.0
84.0 -1.18352534295 1.0
198.0 0.0594424498236 0.0
101.0 0.949334259117 0.0
object 90	1.0:0.5 -7.51943177187:0.5
69.0 -7.52213369905 1.0
132.0 -7.51610850128 1.0
73.0 -7.57382769016 1.0
20.0 0.94945810936 0.0
102.0 1.02603009379 0.0
193.0 7.92344339854 0.0
68.0 0.941585113553 0.0
144.0 0.994595858397 0.0
164.0 -7.53330562074 1.0
52.0 -7.45379632276 1.0
120.0 -7.53058232616 1.0
84.0 1.01209753258 0.0
116.0 1.08046024153 0.0
75.0 -7.42776303928 1.0
134.0 1.00880649242 0.0
93.0 0.987723122536 0.0
156.0 -7.57706167298 1.0
140.0 -7.52159289925 1.0
142.0 0.8750328228 0.0
119.0 0.992014163116 0.0
89.0 0.9498446577 0.0
34.0 -7.59453824115 1.0
141.0 1.03000718109 0.0
object 91	1.0:0.5 12.4935261731:0.5
192.0 7.614447183 0.0
153.0 12.4030953372 1.0
90.0 12.5233000168 1.0
75.0 0.913975706691 0.0
71.0 12.5636590982 1.0
44.0 12.4400431118 1.0
122.0 12.4130990005 1.0
182.0 -7.7054861941 0.0
24.0 12.449005344 1.0
99.0 12.543675084 1.0
49.0 1.08441060196 0.0
115.0 12.488341657 1.0
128.0 0.968009528138 0.0
141.0 1.01449415092 0.0
133.0 12.4399436698 1.0
159.0 12.4332736505 1.0
184.0 7.23592823998 0.0
20.0 0.997757302588 0.0
151.0 12.5173222872 1.0
83.0 12.4748667154 1.0
127.0 0.958257590238 0.0
55.0 12.5613183875 1.0
118.0 12.4696283334 1.0
169.0 12.5389174194 1.0
65.0 0.970896261265 0.0
58.0 12.531523543 1.0
116.0 12.4372266893 1.0
166.0 12.5667327459 1.0
57.0 1.03547634574 0.0
object 92	1.0:0.5 18.1180241512:0.5
156.0 1.0351346601 0.0
181.0 0.673218209901 0.0
25.0 1.04613394137 0.0
145.0 18.1689137394 1.0
117.0 18.043788633 1.0
74.0 0.972521822491 0.0
178.0 18.0739919325 1.0
46.0 18.1484129143 1.0
188.0 -0.808284057178 0.0
94.0 18.1280168387 1.0
192.0 11.4142272849 1.0
116.0 18.0820194624 1.0
155.0 18.1029264632 1.0
77.0 18.0384791879 1.0
99.0 18.0946664795 1.0
141.0 0.995703327439 0.0
6.0 1.05926334307 0.0
176.0 1.01971123988 0.0
55.0 1.00633967248 0.0
53.0 1.1120615994 0.0
90.0 1.01964934327 0.0
97.0 0.9126475668 0.0
object 93	1.0:0.5 -3.21712552178:0.5
88.0 0.944879932591 0.0
105.0 -3.17885280838 1.0
9.0 -3.28422728537 1.0
67.0 -3.21571093661 1.0
187.0 2.31728581447 0.0
173.0 1.06167410566 0.0
179.0 1.03085009771 0.0
140.0 -3.26935329336 1.0
145.0 1.01703355414 0.0
6.0 0.980632356846 0.0
182.0 1.5930666809 0.0
10.0 1.00933997442 0.0
174.0 1.05541457599 0.0
143.0 -3.23799268179 1.0
11.0 0.989204738559 0.0
13.0 1.00103898656 0.0
180.0 -3.04789984551 1.0
73.0 1.01307350193 0.0
152.0 -3.19999539273 1.0
object 94	1.0:0.5 -2.13306347478:0.5
142.0 -2.18063152061 1.0
97.0 -2.01882873965 1.0
157.0 0.983597523606 0.0
128.0 1.07034133447 0.0
111.0 0.995839024333 0.0
115.0 -2.17606214833 1.0
48.0 0.936431263083 0.0
80.0 0.984344625964 0.0
11.0 1.07717896653 0.0
13.0 -2.13490634258 1.0
42.0 0.988859093931 0.0
3.0 -2.1934232647 1.0
141.0 -2.14323426004 1.0
109.0 0.92465267208 0.0
68.0 -2.17352435108 1.0
36.0 -2.12200839784 1.0
74.0 0.938229868006 0.0
66.0 -2.16361794151 1.0
object 95	1.0:0.5 2.25822777998:0.5
36.0 2.25152842905 1.0
39.0 1.05508614307 0.0
155.0 2.18296754069 1.0
182.0 3.50191842277 1.0
56.0 2.28444235411 1.0
83.0 1.04717428904 0.0
127.0 2.30297369255 1.0
140.0 2.2000679875 1.0
130.0 2.32802699374 1.0
188.0 7.71800494564 1.0
72.0 2.22595257174 1.0
153.0 2.26510075532 1.0
object 96	1.0:0.5 -2.17191088734:0.5
118.0 1.01548072677 0.0
62.0 -2.12313414303 1.0
167.0 1.01270658678 0.0
29.0 1.0331877107 0.0
37.0 1.03246312031 0.0
110.0 -2.06702580748 1.0
2.0 -2.14039566188 1.0
112.0 0.933836006823 0.0
51.0 0.98980693265 0.0
30.0 -2.20982018789 1.0
26.0 0.940046974287 0.0
38.0 0.992316492645 0.0
3.0 -2.17011425426 1.0
120.0 0.957228491272 0.0
7.0 1.04495291986 0.0
70.0 -2.0883684518 1.0
134.0 -2.09917636499 1.0
126.0 -2.13749127867 1.0
145.0 -2.16548606731 1.0
151.0 1.00059857322 0.0
object 97	1.0:0.5 16.6799580267:0.5
98.0 16.6317790999 1.0
139.0 0.956039686925 0.0
9.0 1.12105435269 0.0
192.0 -3.20823676171 0.0
39.0 16.7836622207 1.0
85.0 16.6975651747 1.0
94.0 1.04039946905 0.0
160.0 16.7025402687 1.0
1.0 16.6170507546 1.0
64.0 1.0467567249 0.0
4.0 0.995626111162 0.0
27.0 1.04787340747 0.0
123.0 1.00919195539 0.0
96.0 16.6346241679 1.0
145.0 16.671837229 1.0
129.0 1.08677216158 0.0
object 98	1.0:0.5 -14.3152842283:0.5
146.0 -14.3034731217 1.0
28.0 1.03263037762 0.0
159.0 1.0667808236 0.0
6.0 0.943435648812 0.0
72.0 -14.2373953124 1.0
62.0 1.03938008151 0.0
93.0 1.05156397029 0.0
135.0 0.990404236262 0.0
95.0 0.988486605887 0.0
191.0 0.523798677954 0.0
158.0 -14.3812778813 1.0
68.0 1.03177537321 0.0
7.0 -14.2886432673 1.0
193.0 -16.4421474297 1.0
108.0 -14.2945017061 1.0
148.0 1.03484759217 0.0
150.0 1.03694728506 0.0
103.0 0.994631565278 0.0
65.0 0.962822301089 0.0
13.0 -14.3275841648 1.0
133.0 1.05785729923 0.0
169.0 0.908890111506 0.0
64.0 1.06124282005 0.0
142.0 1.01708772794 0.0
object 99	1.0:0.5 9.95610927264:0.5
154.0 0.995159461679 0.0
6.0 0.984319219285 0.0
123.0 1.03224961025 0.0
17.0 1.00063906116 0.0
189.0 13.3242239173 1.0
54.0 9.96400041838 1.0
80.0 10.0029701573 1.0
190.0 3.46282104437 0.0
42.0 0.9829569789 0.0
173.0 9.85950134381 1.0
175.0 9.94612842029 1.0
120.0 0.964191802739 0.0
1.0 0.948474189032 0.0
63.0 0.967229829595 0.0
119.0 9.94681710085 1.0
