object 0	1.0:1.0
180.0 3.71338489138 1.0
170.0 1.02120821195 1.0
86.0 1.01735155067 1.0
47.0 1.0617767465 1.0
167.0 0.967471652524 1.0
139.0 0.912525310905 1.0
175.0 0.99400600943 1.0
188.0 -1.3202866331 1.0
111.0 1.09470260232 1.0
104.0 0.984503193492 1.0
171.0 0.963845916998 1.0
121.0 1.0146352835 1.0
object 1	1.0:1.0
57.0 0.980313578738 1.0
82.0 1.03494586963 1.0
199.0 1.7410561378 1.0
171.0 0.981546894009 1.0
63.0 0.996801246827 1.0
object 2	1.0:1.0
24.0 1.0389803352 1.0
127.0 1.00259607227 1.0
21.0 1.0061190639 1.0
20.0 1.03195228456 1.0
object 3	1.0:1.0
103.0 1.01643702261 1.0
84.0 1.01901087103 1.0
88.0 0.971575762112 1.0
115.0 1.00747722835 1.0
18.0 1.00703769165 1.0
149.0 1.02586796478 1.0
154.0 0.992082579904 1.0
75.0 0.991407807486 1.0
162.0 1.00914704 1.0
object 4	1.0:1.0
13.0 0.957044016547 1.0
24.0 0.983825583525 1.0
135.0 0.962150831205 1.0
129.0 1.04055378571 1.0
37.0 1.02017700189 1.0
131.0 0.966231323582 1.0
165.0 0.993013335785 1.0
45.0 1.00618464121 1.0
44.0 1.00790890195 1.0
137.0 0.935426650207 1.0
object 5	1.0:1.0
173.0 1.01631961893 1.0
167.0 1.00026747002 1.0
188.0 -2.2125159852 1.0
object 6	1.0:1.0
92.0 1.01167127139 1.0
173.0 1.06628004768 1.0
6.0 0.99595665362 1.0
101.0 0.992454238916 1.0
157.0 1.00181432598 1.0
131.0 0.934716881231 1.0
68.0 0.997566117525 1.0
120.0 1.03586433672 1.0
193.0 0.939152946874 1.0
174.0 1.02243981938 1.0
76.0 0.996572256873 1.0
1.0 0.967969775203 1.0
object 7	1.0:1.0
151.0 0.992528824442 1.0
174.0 0.99301666244 1.0
181.0 7.60433370614 1.0
188.0 5.06632674748 1.0
175.0 0.993784988927 1.0
object 8	1.0:1.0
63.0 1.01923700929 1.0
97.0 0.983219946534 1.0
100.0 1.06316962168 1.0
44.0 1.02163145459 1.0
177.0 1.01443793511 1.0
object 9	1.0:1.0
39.0 1.07054241535 1.0
102.0 1.03987709131 1.0
124.0 0.935997051136 1.0
175.0 0.995130080547 1.0
6.0 1.01462312751 1.0
126.0 1.00287159669 1.0
19.0 0.95782514217 1.0
12.0 0.969546715998 1.0
61.0 1.01240796293 1.0
16.0 1.01497047045 1.0
135.0 1.01252158935 1.0
13.0 1.01649952097 1.0
object 10	1.0:1.0
86.0 1.00313192495 1.0
82.0 1.01528911435 1.0
41.0 1.00058052396 1.0
74.0 1.02755456558 1.0
71.0 0.985822527244 1.0
78.0 1.00364461083 1.0
17.0 0.947961990513 1.0
177.0 1.05006878585 1.0
133.0 0.981435078424 1.0
object 11	1.0:1.0
19.0 0.965891226111 1.0
199.0 -2.67100947427 1.0
145.0 1.03916839423 1.0
187.0 -2.16945824945 1.0
167.0 0.974924364328 1.0
185.0 3.6190097036 1.0
96.0 0.997014211205 1.0
110.0 1.00979467083 1.0
40.0 0.98776653267 1.0
104.0 1.06206856108 1.0
object 12	1.0:1.0
39.0 0.98233691881 1.0
118.0 0.965224587925 1.0
88.0 1.0129431911 1.0
71.0 1.02389161995 1.0
99.0 0.95774931806 1.0
81.0 1.00084408801 1.0
55.0 1.03898342995 1.0
105.0 1.03330249458 1.0
object 13	1.0:1.0
129.0 1.01292911548 1.0
2.0 1.04082241934 1.0
155.0 0.988498834973 1.0
11.0 1.02299388547 1.0
29.0 1.07465177794 1.0
19.0 1.01968542132 1.0
74.0 0.999223361472 1.0
40.0 1.02435046143 1.0
16.0 0.979745598275 1.0
152.0 1.01413500828 1.0
47.0 1.02090713262 1.0
35.0 0.995027292064 1.0
196.0 6.68041261452 1.0
object 14	1.0:1.0
128.0 1.00836113433 1.0
89.0 1.04400167413 1.0
object 15	1.0:1.0
62.0 0.966239751793 1.0
57.0 1.00455773028 1.0
196.0 0.972399523542 1.0
25.0 0.972895416392 1.0
65.0 0.992359374929 1.0
146.0 1.01945254535 1.0
144.0 0.999625030592 1.0
98.0 0.986207615257 1.0
171.0 1.05500464565 1.0
53.0 0.959100343145 1.0
49.0 0.99412509775 1.0
7.0 1.07098846492 1.0
28.0 0.987999573369 1.0
object 16	1.0:1.0
79.0 1.02880844398 1.0
16.0 0.963166835136 1.0
84.0 1.0248974916 1.0
18.0 1.00330225822 1.0
149.0 1.00010984506 1.0
object 17	1.0:1.0
20.0 1.02926892835 1.0
93.0 0.965037916941 1.0
195.0 0.582281533025 1.0
12.0 0.939208073174 1.0
35.0 0.97443922315 1.0
174.0 1.00219836628 1.0
148.0 1.01990299637 1.0
15.0 0.912916602291 1.0
39.0 0.973650813675 1.0
99.0 1.04347213562 1.0
64.0 1.04854091612 1.0
object 18	1.0:1.0
117.0 1.01572341911 1.0
4.0 0.958360989699 1.0
159.0 1.00340871248 1.0
16.0 1.00550433574 1.0
175.0 0.979566827483 1.0
182.0 -2.42047008631 1.0
137.0 0.990649262171 1.0
129.0 1.03883934263 1.0
185.0 5.33331974788 1.0
46.0 1.08993428291 1.0
object 19	1.0:1.0
94.0 1.03152472394 1.0
122.0 1.08069684251 1.0
115.0 0.986191917677 1.0
17.0 0.942930900837 1.0
96.0 1.0704320906 1.0
42.0 1.00201084379 1.0
object 20	1.0:1.0
103.0 1.00814059454 1.0
174.0 0.985609481881 1.0
156.0 1.04524099683 1.0
102.0 0.990922190101 1.0
173.0 1.00406714284 1.0
146.0 0.99289857609 1.0
14.0 1.05581978263 1.0
69.0 0.98192207417 1.0
66.0 0.986767321878 1.0
object 21	1.0:1.0
67.0 0.92199244169 1.0
20.0 0.999573722416 1.0
78.0 0.965000037538 1.0
124.0 1.06014816473 1.0
object 22	1.0:1.0
124.0 1.08599293314 1.0
91.0 0.99773256175 1.0
173.0 1.02979361989 1.0
112.0 0.945305549663 1.0
168.0 1.01722767237 1.0
119.0 1.03445910525 1.0
object 23	1.0:1.0
124.0 0.983174816955 1.0
184.0 -4.73114062419 1.0
48.0 0.933211529685 1.0
146.0 0.978853128591 1.0
106.0 0.999032435985 1.0
173.0 0.994739387551 1.0
94.0 0.96416276091 1.0
70.0 0.98562364511 1.0
46.0 0.995756067489 1.0
object 24	1.0:1.0
20.0 0.946835919224 1.0
54.0 0.991699061928 1.0
118.0 1.0555388343 1.0
144.0 0.984406228533 1.0
56.0 0.961913873322 1.0
object 25	1.0:1.0
77.0 1.03718540178 1.0
170.0 1.03449362468 1.0
191.0 7.05502073475 1.0
85.0 0.96582175277 1.0
199.0 4.14934404906 1.0
163.0 0.987460663791 1.0
object 26	1.0:1.0
18.0 1.00834651677 1.0
92.0 1.02152979528 1.0
27.0 0.975546201661 1.0
113.0 0.994568041933 1.0
6.0 0.993305961669 1.0
180.0 -0.661928901604 1.0
object 27	1.0:1.0
186.0 6.10780777375 1.0
161.0 1.01273693679 1.0
114.0 0.980675953121 1.0
163.0 0.984629122223 1.0
123.0 1.00916291196 1.0
21.0 0.998100540602 1.0
86.0 1.00881944994 1.0
77.0 1.01129524072 1.0
41.0 0.99334825735 1.0
107.0 1.00949855968 1.0
164.0 1.00132322196 1.0
object 28	1.0:1.0
71.0 1.06560034392 1.0
189.0 4.80410006847 1.0
159.0 1.00381844163 1.0
88.0 0.973433049256 1.0
85.0 1.0006020214 1.0
0.0 1.01146293936 1.0
12.0 0.962306895894 1.0
62.0 0.992331884287 1.0
176.0 1.0007353809 1.0
object 29	1.0:1.0
193.0 -2.36414317404 1.0
84.0 1.00387134343 1.0
144.0 1.00390052147 1.0
6.0 1.01389236777 1.0
object 30	1.0:1.0
60.0 1.00598121851 1.0
193.0 -0.629184054614 1.0
50.0 1.00840935716 1.0
101.0 1.00674400478 1.0
25.0 1.00022142302 1.0
152.0 1.0788185761 1.0
object 31	1.0:1.0
188.0 1.01568663325 1.0
197.0 3.29854396123 1.0
51.0 1.07397492666 1.0
179.0 0.982896820327 1.0
object 32	1.0:1.0
113.0 1.0373851282 1.0
57.0 0.982691057343 1.0
109.0 0.996778537021 1.0
31.0 0.931999915819 1.0
47.0 0.951327850804 1.0
14.0 1.0388596528 1.0
object 33	1.0:1.0
158.0 0.958900197734 1.0
63.0 1.00360345854 1.0
135.0 1.08141349897 1.0
109.0 0.991478489896 1.0
122.0 1.01333130681 1.0
187.0 6.00705749231 1.0
12.0 1.04326394825 1.0
object 34	1.0:1.0
91.0 1.00058812982 1.0
156.0 1.03864770469 1.0
88.0 0.991286055895 1.0
148.0 0.998437834648 1.0
123.0 0.998979361417 1.0
107.0 1.01248907306 1.0
73.0 1.02959738162 1.0
111.0 1.01083876698 1.0
object 35	1.0:1.0
89.0 1.01190833757 1.0
40.0 0.928252474703 1.0
42.0 1.01120486534 1.0
164.0 0.989940816924 1.0
object 36	1.0:1.0
13.0 1.01771053186 1.0
67.0 0.914185293134 1.0
object 37	1.0:1.0
25.0 0.975525510068 1.0
199.0 0.116839122619 1.0
139.0 0.944720211768 1.0
113.0 0.988788531771 1.0
183.0 -1.31867151938 1.0
175.0 1.00106459443 1.0
42.0 0.99568205632 1.0
186.0 -2.34659535864 1.0
109.0 0.992619406616 1.0
127.0 1.01873528325 1.0
142.0 1.00514106538 1.0
object 38	1.0:1.0
72.0 1.01944075673 1.0
39.0 0.98720300813 1.0
94.0 1.01164228384 1.0
163.0 1.02542856448 1.0
65.0 0.96354057086 1.0
53.0 0.994264524182 1.0
object 39	1.0:1.0
52.0 0.957855552461 1.0
33.0 0.981172158821 1.0
168.0 1.00752995721 1.0
104.0 0.969075621248 1.0
8.0 1.01399664247 1.0
object 40	1.0:1.0
180.0 7.0605212819 1.0
101.0 1.0188802365 1.0
108.0 1.03713645729 1.0
121.0 0.99480392201 1.0
164.0 1.00625784384 1.0
31.0 0.980964139215 1.0
8.0 0.997896639372 1.0
92.0 0.994854934817 1.0
109.0 1.02430881886 1.0
object 41	1.0:1.0
174.0 0.974535521148 1.0
177.0 1.01543919489 1.0
10.0 0.995056414251 1.0
105.0 0.971738333582 1.0
62.0 0.994695234885 1.0
object 42	1.0:1.0
191.0 0.0151767462214 1.0
141.0 0.976990930063 1.0
121.0 1.01294483052 1.0
82.0 0.937607715477 1.0
118.0 1.01634482292 1.0
162.0 1.01254094978 1.0
61.0 0.952359582287 1.0
26.0 1.0112232402 1.0
171.0 0.965769044248 1.0
85.0 1.01124522148 1.0
10.0 1.05179420604 1.0
object 43	1.0:1.0
59.0 0.976286913437 1.0
193.0 1.64446604656 1.0
121.0 0.982050427502 1.0
149.0 0.98429851352 1.0
188.0 0.541597809899 1.0
160.0 0.998432717353 1.0
66.0 1.01422347666 1.0
5.0 0.993659853232 1.0
object 44	1.0:1.0
71.0 0.983417241406 1.0
24.0 1.01459241516 1.0
56.0 1.03291472904 1.0
object 45	1.0:1.0
170.0 0.98740102555 1.0
32.0 1.00348480149 1.0
26.0 1.01868363764 1.0
162.0 1.0250908116 1.0
156.0 0.985792599583 1.0
56.0 0.976345552556 1.0
object 46	1.0:1.0
123.0 0.979148285474 1.0
78.0 1.04369376055 1.0
25.0 0.970870665053 1.0
38.0 1.06904372681 1.0
object 47	1.0:1.0
49.0 0.98386847716 1.0
9.0 0.989894731808 1.0
83.0 1.00678267847 1.0
144.0 0.998285126852 1.0
120.0 0.970325750294 1.0
189.0 5.71257397152 1.0
183.0 -1.67242076081 1.0
object 48	1.0:1.0
149.0 0.995715184186 1.0
130.0 1.10116295706 1.0
109.0 1.00526271096 1.0
10.0 1.02840414928 1.0
30.0 0.963598703498 1.0
object 49	1.0:1.0
153.0 0.999702959489 1.0
75.0 1.0297539829 1.0
83.0 1.0208434066 1.0
107.0 1.0092144452 1.0
165.0 0.999556962263 1.0
87.0 0.998561973807 1.0
object 50	1.0:1.0
115.0 0.976411390427 1.0
133.0 0.976377480598 1.0
103.0 0.951527368665 1.0
64.0 0.940300227597 1.0
32.0 0.9940901313 1.0
object 51	1.0:1.0
172.0 0.918307442653 1.0
155.0 1.00359962589 1.0
30.0 0.945081099446 1.0
10.0 0.921193621368 1.0
107.0 0.964084259522 1.0
146.0 1.00799882541 1.0
136.0 1.04357614223 1.0
105.0 0.984948885392 1.0
14.0 1.01058647043 1.0
object 52	1.0:1.0
127.0 1.01138123775 1.0
89.0 0.978373848706 1.0
63.0 1.0275358937 1.0
158.0 0.960076474446 1.0
16.0 0.937993850471 1.0
178.0 0.975863639958 1.0
61.0 0.9775564102 1.0
object 53	1.0:1.0
191.0 -3.35568177202 1.0
60.0 1.05234737998 1.0
177.0 1.0199535804 1.0
112.0 0.972685137171 1.0
17.0 0.931315289547 1.0
8.0 0.989006489456 1.0
75.0 0.953822895844 1.0
object 54	1.0:1.0
142.0 0.921628563584 1.0
66.0 1.00677814996 1.0
0.0 1.00401914385 1.0
99.0 0.978631455735 1.0
object 55	1.0:1.0
132.0 1.02643542805 1.0
16.0 1.08003371565 1.0
119.0 1.00979559588 1.0
89.0 1.032799675 1.0
163.0 0.957738415715 1.0
97.0 1.00086911542 1.0
135.0 1.03624163261 1.0
76.0 1.01789970325 1.0
47.0 1.01351982547 1.0
object 56	1.0:1.0
69.0 1.00760091605 1.0
186.0 -3.6838401858 1.0
101.0 1.01289153629 1.0
86.0 0.997125701171 1.0
153.0 1.02508577134 1.0
182.0 6.05697583179 1.0
2.0 1.05669770058 1.0
166.0 1.00451220992 1.0
object 57	1.0:1.0
36.0 0.982677633681 1.0
199.0 -6.62760497395 1.0
154.0 0.961951356067 1.0
7.0 1.10094795177 1.0
107.0 0.99328363683 1.0
116.0 1.04405976643 1.0
133.0 0.991933274018 1.0
75.0 1.01244295965 1.0
object 58	1.0:1.0
86.0 1.01482086498 1.0
62.0 1.02552292621 1.0
91.0 0.971947950289 1.0
144.0 0.987033216569 1.0
34.0 1.02479380177 1.0
125.0 1.0128365211 1.0
object 59	1.0:1.0
38.0 1.00789693171 1.0
71.0 1.01088176943 1.0
110.0 1.04512692706 1.0
7.0 0.991804867124 1.0
160.0 1.05624091976 1.0
112.0 0.958438726138 1.0
62.0 1.02169694603 1.0
54.0 1.01110737768 1.0
65.0 0.996378871903 1.0
object 60	1.0:1.0
59.0 1.0020036353 1.0
134.0 0.973273238136 1.0
8.0 0.988573740261 1.0
165.0 1.01668147546 1.0
133.0 0.976406693601 1.0
130.0 0.958763103268 1.0
118.0 1.01703069649 1.0
9.0 1.00669787467 1.0
object 61	1.0:1.0
191.0 8.49869105202 1.0
111.0 0.941438040874 1.0
176.0 0.980979865479 1.0
153.0 1.01117677896 1.0
98.0 0.99528791786 1.0
50.0 0.985795475149 1.0
182.0 0.541693873884 1.0
object 62	1.0:1.0
31.0 1.01885181669 1.0
181.0 8.14923928121 1.0
126.0 0.978643448868 1.0
92.0 1.00536470818 1.0
95.0 1.01724941827 1.0
167.0 0.97842156656 1.0
129.0 1.00420525703 1.0
object 63	1.0:1.0
185.0 2.83383597522 1.0
81.0 0.994422288605 1.0
199.0 4.24488014666 1.0
5.0 1.02152641014 1.0
119.0 1.02532601701 1.0
130.0 1.00583243755 1.0
object 64	1.0:1.0
168.0 0.999830088502 1.0
57.0 0.96897428595 1.0
102.0 0.936405380078 1.0
137.0 1.00086355978 1.0
object 65	1.0:1.0
74.0 0.99831304077 1.0
75.0 0.988409099512 1.0
170.0 0.969536074265 1.0
72.0 1.0176379395 1.0
126.0 1.03890032629 1.0
86.0 1.01957766382 1.0
21.0 1.01969164562 1.0
45.0 1.01947759381 1.0
163.0 0.985915530341 1.0
4.0 0.99819342033 1.0
object 66	1.0:1.0
104.0 0.987296954465 1.0
124.0 0.939073981537 1.0
56.0 0.944377205843 1.0
53.0 0.990338430424 1.0
175.0 0.979657613213 1.0
4.0 1.01381258492 1.0
159.0 1.0025354164 1.0
135.0 1.04493800887 1.0
120.0 1.01014477647 1.0
81.0 1.00968870701 1.0
144.0 0.997419466627 1.0
object 67	1.0:1.0
74.0 0.982391605243 1.0
75.0 1.00246021349 1.0
64.0 0.971376540462 1.0
54.0 1.01234372948 1.0
196.0 -0.825296326451 1.0
144.0 1.00219567773 1.0
27.0 0.956585041593 1.0
180.0 3.82240104091 1.0
object 68	1.0:1.0
156.0 1.02740901166 1.0
100.0 1.00200807948 1.0
25.0 0.997247916875 1.0
154.0 0.945567364027 1.0
153.0 0.993602656103 1.0
object 69	1.0:1.0
95.0 0.993310965513 1.0
6.0 0.992998729492 1.0
193.0 3.72038230536 1.0
195.0 -4.47054397578 1.0
51.0 1.06437491079 1.0
190.0 -1.06394116793 1.0
149.0 1.03429556263 1.0
58.0 1.01942166908 1.0
3.0 0.994527999822 1.0
150.0 1.06755391084 1.0
object 70	1.0:1.0
104.0 1.04509002654 1.0
167.0 1.01370827481 1.0
53.0 1.00436128617 1.0
90.0 0.97193921923 1.0
32.0 0.979006384572 1.0
51.0 1.01949367235 1.0
98.0 0.98118496157 1.0
173.0 1.04874196225 1.0
11.0 0.979375899056 1.0
object 71	1.0:1.0
86.0 1.00776089508 1.0
120.0 0.997124842658 1.0
83.0 1.02291970938 1.0
193.0 -1.08497757559 1.0
28.0 1.01227666249 1.0
18.0 1.01699380209 1.0
194.0 -1.37146175649 1.0
173.0 0.999151940988 1.0
object 72	1.0:1.0
72.0 0.974448559574 1.0
141.0 1.00252262003 1.0
21.0 0.990437266616 1.0
0.0 1.00958387041 1.0
87.0 1.05286981667 1.0
82.0 0.965239265133 1.0
8.0 0.988127542788 1.0
190.0 3.04831622456 1.0
object 73	1.0:1.0
66.0 0.977128047697 1.0
168.0 0.991243756192 1.0
30.0 0.995124883379 1.0
0.0 1.01295530637 1.0
65.0 1.01986511749 1.0
182.0 2.44313412987 1.0
45.0 0.958137855755 1.0
22.0 1.007068391 1.0
95.0 0.951366427271 1.0
object 74	1.0:1.0
197.0 3.43931479426 1.0
20.0 0.990813633997 1.0
152.0 0.983246004342 1.0
159.0 0.994119840569 1.0
185.0 9.84396077512 1.0
74.0 1.00369472084 1.0
188.0 2.95835393435 1.0
18.0 1.01880356423 1.0
79.0 1.02918507818 1.0
37.0 0.931959545687 1.0
object 75	1.0:1.0
146.0 0.992952023171 1.0
191.0 4.27114310125 1.0
86.0 1.0081390894 1.0
12.0 1.05975049399 1.0
94.0 1.06987696937 1.0
188.0 1.27291644911 1.0
33.0 1.0152263443 1.0
26.0 1.02064032178 1.0
object 76	1.0:1.0
137.0 0.983529913691 1.0
68.0 0.989822790703 1.0
145.0 1.05324643441 1.0
114.0 0.966946278873 1.0
111.0 1.08202036962 1.0
object 77	1.0:1.0
160.0 0.973098738496 1.0
107.0 1.0088663616 1.0
65.0 1.02439067975 1.0
118.0 0.995092367459 1.0
object 78	1.0:1.0
194.0 -4.50199244961 1.0
55.0 0.941751260138 1.0
153.0 0.97732461151 1.0
81.0 1.02637301813 1.0
83.0 1.02562513031 1.0
object 79	1.0:1.0
104.0 1.00693198713 1.0
49.0 1.01804825257 1.0
92.0 1.00478509256 1.0
23.0 1.01426315406 1.0
105.0 0.987485149021 1.0
58.0 1.0321067341 1.0
37.0 0.979695195404 1.0
34.0 0.966397078251 1.0
196.0 -2.67762473394 1.0
120.0 0.98056067018 1.0
object 80	1.0:1.0
16.0 0.958849877478 1.0
179.0 0.986383295107 1.0
36.0 0.935758320291 1.0
158.0 1.03084807804 1.0
53.0 0.961069897122 1.0
18.0 0.993573889568 1.0
143.0 0.984585715985 1.0
113.0 0.99139104262 1.0
98.0 1.02685756983 1.0
object 81	1.0:1.0
109.0 0.995195001267 1.0
174.0 1.0268065963 1.0
142.0 1.01168736202 1.0
110.0 1.0848551468 1.0
146.0 0.996031598361 1.0
165.0 0.99957480423 1.0
object 82	1.0:1.0
80.0 1.01009108776 1.0
133.0 1.00873542306 1.0
123.0 1.03935354415 1.0
3.0 0.965528906864 1.0
176.0 1.03318032636 1.0
192.0 1.45874282512 1.0
object 83	1.0:1.0
84.0 1.04050590419 1.0
36.0 0.970302410465 1.0
3.0 0.969356583111 1.0
93.0 1.02363032351 1.0
148.0 0.97060852956 1.0
90.0 0.992202869582 1.0
49.0 1.01531222365 1.0
99.0 1.00603902371 1.0
object 84	1.0:1.0
171.0 0.993969394782 1.0
52.0 1.00783784398 1.0
27.0 0.977658772129 1.0
69.0 0.989807936216 1.0
68.0 1.03147776091 1.0
30.0 1.0026403141 1.0
object 85	1.0:1.0
111.0 0.987522339199 1.0
120.0 0.996160759473 1.0
79.0 0.997819317476 1.0
13.0 1.00404227009 1.0
137.0 1.00789306655 1.0
object 86	1.0:1.0
124.0 0.99336694413 1.0
70.0 0.997358511595 1.0
189.0 0.743788669729 1.0
147.0 0.974159140304 1.0
22.0 0.996623787622 1.0
66.0 1.00270135079 1.0
object 87	1.0:1.0
166.0 0.961790433524 1.0
149.0 1.00011743358 1.0
object 88	1.0:1.0
125.0 0.995110047287 1.0
151.0 1.01871329574 1.0
16.0 0.966229016137 1.0
157.0 1.01356361399 1.0
188.0 0.0345537332477 1.0
51.0 1.02193619348 1.0
184.0 7.2143985855 1.0
152.0 1.02745990905 1.0
124.0 0.940198475598 1.0
156.0 0.989856076297 1.0
object 89	1.0:1.0
130.0 1.01520147525 1.0
196.0 -3.52293006364 1.0
110.0 0.9534668258 1.0
155.0 1.01269758747 1.0
49.0 0.988196785529 1.0
128.0 0.971158566018 1.0
133.0 1.00783313384 1.0
object 90	1.0:1.0
13.0 0.978183169573 1.0
180.0 8.48157500979 1.0
object 91	1.0:1.0
184.0 2.74464839441 1.0
142.0 1.05697522923 1.0
121.0 0.996765873645 1.0
156.0 1.01698204128 1.0
86.0 0.996392326007 1.0
61.0 0.976654298353 1.0
137.0 0.964129522671 1.0
192.0 1.29356267869 1.0
16.0 0.96603158299 1.0
object 92	1.0:1.0
4.0 1.03970469227 1.0
156.0 1.02616543819 1.0
115.0 1.03422432051 1.0
194.0 6.48726082113 1.0
1.0 0.999634336188 1.0
69.0 0.985546674461 1.0
110.0 0.957126516314 1.0
198.0 -2.50942416381 1.0
113.0 1.01170969361 1.0
123.0 1.0008022957 1.0
182.0 2.25681414402 1.0
159.0 1.00824916258 1.0
object 93	1.0:1.0
3.0 1.03618606412 1.0
164.0 1.01203594359 1.0
96.0 1.02065682265 1.0
40.0 1.0185029406 1.0
55.0 1.01610684324 1.0
76.0 1.00927262998 1.0
object 94	1.0:1.0
155.0 0.985760041189 1.0
1.0 1.02740673705 1.0
42.0 0.996071249457 1.0
99.0 1.03118734765 1.0
object 95	1.0:1.0
63.0 0.986734090056 1.0
6.0 1.0028879799 1.0
162.0 1.01667869309 1.0
154.0 1.04882462833 1.0
150.0 0.982277811403 1.0
object 96	1.0:1.0
112.0 0.973887561175 1.0
159.0 0.987776760548 1.0
15.0 0.925070553942 1.0
152.0 1.01515414333 1.0
31.0 0.966389209736 1.0
192.0 -1.4178257427 1.0
22.0 1.00850890807 1.0
object 97	1.0:1.0
51.0 0.945249590071 1.0
53.0 0.97239643553 1.0
68.0 0.99854522883 1.0
74.0 1.01279578002 1.0
42.0 0.993548997441 1.0
23.0 1.00225248436 1.0
object 98	1.0:1.0
162.0 1.02743960608 1.0
100.0 1.04391211992 1.0
136.0 1.00854783271 1.0
197.0 6.31109045812 1.0
96.0 1.00574180016 1.0
object 99	1.0:1.0
9.0 1.03209959419 1.0
8.0 1.00614438953 1.0
105.0 0.974079569681 1.0
197.0 -4.13231623441 1.0
28.0 1.02251912135 1.0
94.0 0.914498504535 1.0
156.0 0.991642921072 1.0
86.0 0.991977816099 1.0
