object 0	1.0:1.0
9.0 1.01790000549 1.0
53.0 0.964202376302 1.0
187.0 11.8433897995 1.0
17.0 0.946599093677 1.0
194.0 1.84937344415 1.0
120.0 1.0182211055 1.0
43.0 1.01437448816 1.0
171.0 -0.0796446654837 1.0
139.0 1.00523081649 1.0
68.0 1.00894532372 1.0
73.0 1.0295383835 1.0
144.0 -0.28255456595 1.0
60.0 0.982020718032 1.0
90.0 0.978328152312 1.0
137.0 0.979732976149 1.0
54.0 0.957488476827 1.0
147.0 -4.42323715723 1.0
162.0 -1.96829955616 1.0
163.0 -0.542089767535 1.0
5.0 1.01152832894 1.0
198.0 4.56531192774 1.0
166.0 -1.36452392979 1.0
111.0 0.980830081649 1.0
130.0 1.00584062981 1.0
0.0 1.03158982857 1.0
object 1	1.0:1.0
44.0 0.997151461783 1.0
132.0 1.02014345521 1.0
165.0 -0.232774522088 1.0
90.0 0.998656277484 1.0
5.0 0.990745648416 1.0
124.0 0.96259397974 1.0
106.0 1.02598535317 1.0
54.0 0.948849439732 1.0
98.0 1.02484912633 1.0
80.0 0.905212322269 1.0
155.0 -0.954591759482 1.0
50.0 0.992746511244 1.0
146.0 1.36328234764 1.0
97.0 0.976040317995 1.0
141.0 -6.2351790272 1.0
24.0 1.00857489421 1.0
186.0 -7.96859580439 1.0
152.0 9.00271314998 1.0
142.0 2.39773940223 1.0
139.0 1.00627724775 1.0
59.0 1.03038649731 1.0
99.0 1.01108518569 1.0
6.0 1.03243599991 1.0
166.0 -2.19763209509 1.0
151.0 0.972682870334 1.0
4.0 0.959772772822 1.0
103.0 0.991985267005 1.0
191.0 3.52079693484 1.0
41.0 0.988897795338 1.0
120.0 0.965121781667 1.0
65.0 1.01803838687 1.0
158.0 2.17918790203 1.0
136.0 1.0296997182 1.0
1.0 0.961820693098 1.0
178.0 -0.382671355421 1.0
object 2	1.0:1.0
196.0 -1.75416480969 1.0
29.0 0.982543817918 1.0
15.0 0.996778640424 1.0
78.0 1.05261739109 1.0
48.0 0.999617938711 1.0
65.0 1.03336582011 1.0
20.0 0.967789247059 1.0
133.0 1.02246098902 1.0
37.0 0.982985530569 1.0
35.0 0.961573355857 1.0
90.0 1.01663088832 1.0
189.0 3.60793256024 1.0
91.0 1.00687503942 1.0
5.0 1.0568668774 1.0
186.0 -3.04240839576 1.0
74.0 0.99273241593 1.0
122.0 1.00234597003 1.0
1.0 0.981035393875 1.0
168.0 1.68901295183 1.0
102.0 1.00201056074 1.0
192.0 1.80794244039 1.0
77.0 0.959891312868 1.0
185.0 -3.67164357295 1.0
27.0 1.03684051003 1.0
70.0 1.07882870333 1.0
61.0 1.01418474422 1.0
144.0 -2.39327742143 1.0
object 3	1.0:1.0
16.0 0.947098119958 1.0
133.0 1.01422422684 1.0
14.0 1.06467099776 1.0
36.0 1.02587941797 1.0
191.0 0.218732278248 1.0
17.0 0.977892142341 1.0
18.0 1.00997197429 1.0
147.0 0.0304483448361 1.0
51.0 1.01366018121 1.0
77.0 1.01221478272 1.0
163.0 0.236887322917 1.0
188.0 -0.797408513489 1.0
47.0 0.991884334078 1.0
76.0 1.00231177841 1.0
108.0 1.00387866687 1.0
13.0 0.992212002129 1.0
2.0 0.964552382994 1.0
100.0 1.05668708605 1.0
48.0 0.991055642274 1.0
141.0 2.38874758437 1.0
75.0 1.03276934373 1.0
189.0 -0.985305112458 1.0
181.0 -0.984674526886 1.0
137.0 1.01015512237 1.0
135.0 0.976191534235 1.0
94.0 1.00216941316 1.0
86.0 1.0034774884 1.0
132.0 0.975745308395 1.0
109.0 0.917034363021 1.0
24.0 0.982799061466 1.0
158.0 5.6814553149 1.0
123.0 1.01528994775 1.0
103.0 0.984542050964 1.0
71.0 0.990684858776 1.0
object 4	1.0:1.0
33.0 1.0820603953 1.0
20.0 0.985467693627 1.0
182.0 2.82600394363 1.0
14.0 1.1126124078 1.0
196.0 1.30131401495 1.0
133.0 1.0000875851 1.0
1.0 1.0370874554 1.0
104.0 0.978231344919 1.0
144.0 0.94722862108 1.0
21.0 1.01284060258 1.0
189.0 1.43866902233 1.0
27.0 0.87303956338 1.0
108.0 1.00412063641 1.0
37.0 1.02013665544 1.0
69.0 0.966072404115 1.0
29.0 0.996728402373 1.0
137.0 1.01007318275 1.0
9.0 1.00642191482 1.0
101.0 0.992515249048 1.0
134.0 0.983956861179 1.0
23.0 0.999195100439 1.0
163.0 0.149186582309 1.0
190.0 3.286241146 1.0
100.0 0.992731235492 1.0
70.0 1.00205243926 1.0
123.0 1.03840426393 1.0
16.0 1.0012011433 1.0
28.0 0.974954386676 1.0
176.0 -2.54483691434 1.0
125.0 0.977493197124 1.0
object 5	1.0:1.0
28.0 1.02483864143 1.0
58.0 0.981777202997 1.0
196.0 0.747806556094 1.0
88.0 0.945133748358 1.0
149.0 3.16771184694 1.0
166.0 -0.0945365089311 1.0
80.0 1.05625306949 1.0
159.0 -2.07280041398 1.0
39.0 0.953880631718 1.0
122.0 1.00720919397 1.0
133.0 0.967621793944 1.0
34.0 0.991181976 1.0
163.0 2.32121744743 1.0
155.0 0.783120651883 1.0
14.0 1.13024936013 1.0
111.0 1.00900192559 1.0
120.0 0.986345088341 1.0
179.0 -1.13048242898 1.0
68.0 1.02574927586 1.0
185.0 -3.72548410045 1.0
172.0 -1.27622266903 1.0
126.0 1.03490572441 1.0
21.0 0.985785123903 1.0
3.0 1.04530111196 1.0
129.0 0.979622956113 1.0
77.0 0.956445912146 1.0
62.0 0.929517691839 1.0
32.0 1.03886261245 1.0
128.0 1.01364058548 1.0
113.0 0.957279299269 1.0
11.0 1.04302317792 1.0
65.0 0.992781350286 1.0
17.0 0.971546377674 1.0
164.0 -0.0260858024005 1.0
138.0 1.03127453121 1.0
148.0 1.28014204359 1.0
99.0 0.967180860759 1.0
43.0 1.02656252154 1.0
106.0 1.00379597165 1.0
object 6	1.0:1.0
81.0 0.982018680496 1.0
10.0 1.07259152436 1.0
118.0 1.01256551347 1.0
64.0 1.0317304192 1.0
182.0 4.60551525594 1.0
173.0 0.54912111133 1.0
25.0 0.946742515671 1.0
73.0 1.10578502356 1.0
107.0 0.986228062337 1.0
176.0 2.03905970236 1.0
150.0 0.342058013792 1.0
97.0 1.02995788776 1.0
111.0 0.970313228814 1.0
0.0 1.0005774979 1.0
181.0 -0.415133800334 1.0
136.0 1.02305522139 1.0
193.0 -1.45643322189 1.0
151.0 -1.97680235913 1.0
148.0 3.84794306733 1.0
145.0 -0.306565113533 1.0
69.0 1.05877536405 1.0
157.0 -0.0357196749723 1.0
195.0 -2.03992927639 1.0
98.0 1.08879148453 1.0
19.0 1.04973921475 1.0
66.0 0.979103735661 1.0
13.0 0.954569167533 1.0
88.0 1.00799405434 1.0
188.0 -0.407570921946 1.0
134.0 0.955129434175 1.0
147.0 -1.01878440234 1.0
object 7	1.0:1.0
86.0 1.01671085117 1.0
6.0 1.0198093992 1.0
110.0 0.965033752707 1.0
106.0 0.987120262791 1.0
116.0 1.02862405001 1.0
132.0 0.908891113645 1.0
107.0 1.03911175107 1.0
28.0 1.02665190201 1.0
38.0 1.03925101619 1.0
100.0 1.0000713214 1.0
197.0 1.39450304737 1.0
164.0 -1.52808413318 1.0
179.0 4.145046315 1.0
85.0 1.00824744894 1.0
185.0 -8.46576775502 1.0
148.0 -0.294002780407 1.0
122.0 1.00956476482 1.0
74.0 1.01648057299 1.0
158.0 4.09690961504 1.0
23.0 0.997245682626 1.0
4.0 1.0355938465 1.0
103.0 0.96495825038 1.0
88.0 0.973238592634 1.0
34.0 1.01939415435 1.0
139.0 0.981200981921 1.0
137.0 1.00517349111 1.0
91.0 1.00183812778 1.0
181.0 0.2468466903 1.0
111.0 1.00921119204 1.0
29.0 1.01615855178 1.0
83.0 1.00570316594 1.0
160.0 10.0313161509 1.0
140.0 0.579447104159 1.0
object 8	1.0:1.0
40.0 0.994117927172 1.0
120.0 1.00459161199 1.0
16.0 0.973405401075 1.0
37.0 0.999877812107 1.0
56.0 1.04684531637 1.0
184.0 -2.93602320011 1.0
41.0 0.992088232106 1.0
161.0 0.262796898689 1.0
189.0 -1.28427552962 1.0
199.0 0.460648787465 1.0
175.0 2.69003437371 1.0
103.0 1.00912685893 1.0
166.0 5.22145943972 1.0
65.0 1.00095056653 1.0
148.0 -0.568108900555 1.0
139.0 1.01062370054 1.0
192.0 -2.16521530007 1.0
191.0 1.5029898715 1.0
172.0 1.46256523471 1.0
94.0 0.969969759406 1.0
141.0 1.09050207197 1.0
14.0 1.04620596656 1.0
100.0 1.00837553864 1.0
130.0 0.968473230649 1.0
112.0 1.01667359875 1.0
36.0 1.00693116555 1.0
140.0 2.71289090699 1.0
146.0 7.50398218062 1.0
87.0 1.04694945709 1.0
178.0 2.55649117456 1.0
106.0 0.979509438347 1.0
object 9	1.0:1.0
110.0 1.00782610046 1.0
56.0 1.03389924832 1.0
64.0 0.968496922386 1.0
99.0 1.00674670766 1.0
22.0 1.01911840692 1.0
0.0 0.998472659671 1.0
59.0 0.952539985419 1.0
30.0 1.00544412353 1.0
161.0 3.16170177803 1.0
151.0 0.856496516593 1.0
90.0 0.970830865631 1.0
125.0 1.02737192296 1.0
66.0 0.985147538863 1.0
33.0 1.05332665421 1.0
103.0 0.998867032988 1.0
176.0 1.64307401782 1.0
51.0 0.992020417571 1.0
11.0 1.04361030308 1.0
139.0 0.998015278042 1.0
17.0 1.04567621013 1.0
194.0 0.970421019725 1.0
166.0 8.05842131025 1.0
189.0 -4.86910989959 1.0
13.0 1.00235229038 1.0
108.0 0.994895904439 1.0
102.0 0.988926040054 1.0
16.0 0.985815198799 1.0
181.0 -0.888635771386 1.0
130.0 0.992254580022 1.0
177.0 4.11998121556 1.0
6.0 0.984508313833 1.0
186.0 -3.166449819 1.0
97.0 0.948577859004 1.0
109.0 0.948100907696 1.0
135.0 0.979920261099 1.0
38.0 1.03944228356 1.0
114.0 1.0051651495 1.0
object 10	1.0:1.0
34.0 1.01851690396 1.0
94.0 0.974897038604 1.0
39.0 1.02562810622 1.0
87.0 1.00640011384 1.0
45.0 1.04252800299 1.0
167.0 0.110674605108 1.0
162.0 -10.1753323858 1.0
83.0 1.00725771451 1.0
179.0 -0.358446677843 1.0
6.0 1.03223201587 1.0
173.0 1.86012847101 1.0
44.0 1.00010144486 1.0
43.0 1.09005517248 1.0
32.0 1.03344254179 1.0
27.0 0.978504901019 1.0
54.0 0.949526682767 1.0
35.0 0.928654793448 1.0
79.0 1.02330941575 1.0
195.0 0.909151865937 1.0
141.0 3.5717671657 1.0
97.0 0.966806131516 1.0
145.0 -5.13176737432 1.0
7.0 0.992780509293 1.0
64.0 1.02655396466 1.0
105.0 1.02102022738 1.0
73.0 1.03123111047 1.0
138.0 0.989618393393 1.0
153.0 2.81925376631 1.0
110.0 0.972456346687 1.0
48.0 1.0641620674 1.0
137.0 1.02052328791 1.0
17.0 0.984993592683 1.0
object 11	1.0:1.0
198.0 1.92312240587 1.0
48.0 0.968869442458 1.0
172.0 4.04937392696 1.0
71.0 0.96851818692 1.0
62.0 1.00359350196 1.0
111.0 0.992929823749 1.0
69.0 1.01883053414 1.0
167.0 1.78220212405 1.0
107.0 1.00067782353 1.0
191.0 -1.26923138113 1.0
162.0 1.68822746933 1.0
196.0 2.52679768268 1.0
155.0 -0.687398520137 1.0
102.0 1.01022407349 1.0
40.0 0.966499836102 1.0
108.0 1.01045787526 1.0
161.0 0.304339654395 1.0
143.0 5.62517472251 1.0
15.0 0.98976893762 1.0
135.0 1.01594138132 1.0
97.0 0.999066925925 1.0
199.0 5.95949545165 1.0
92.0 0.944319962305 1.0
0.0 0.979191004967 1.0
158.0 4.23216271743 1.0
56.0 1.00663969218 1.0
object 12	1.0:1.0
143.0 6.3742920793 1.0
169.0 1.05974864741 1.0
152.0 -3.85129445145 1.0
82.0 0.970405093915 1.0
117.0 1.07915288384 1.0
46.0 0.984342156698 1.0
147.0 0.559488315152 1.0
174.0 1.8713873658 1.0
54.0 1.02535272505 1.0
86.0 1.0008346985 1.0
199.0 -3.4403958415 1.0
103.0 0.987544398868 1.0
112.0 0.991112277702 1.0
48.0 0.993859876008 1.0
27.0 0.972488024002 1.0
160.0 -2.61856812098 1.0
52.0 1.02372870821 1.0
44.0 0.994495662637 1.0
70.0 1.00991763021 1.0
99.0 0.985208310624 1.0
75.0 1.0300646232 1.0
62.0 0.968975767524 1.0
78.0 1.02826702925 1.0
192.0 5.18960473565 1.0
104.0 0.971928937456 1.0
182.0 4.89924663247 1.0
154.0 -0.136424877982 1.0
20.0 0.982907198707 1.0
163.0 1.87374120837 1.0
171.0 1.32827947537 1.0
162.0 0.390582396945 1.0
168.0 -0.0790485374064 1.0
173.0 1.71646369495 1.0
198.0 1.30798131457 1.0
10.0 1.07900713004 1.0
130.0 1.05386210923 1.0
object 13	1.0:1.0
24.0 1.0224840184 1.0
47.0 1.00473730853 1.0
162.0 6.93382715704 1.0
198.0 3.21659206849 1.0
71.0 1.02205960272 1.0
82.0 1.01405775303 1.0
42.0 1.00762363698 1.0
66.0 0.985234023255 1.0
183.0 -0.391250172151 1.0
70.0 0.905215576973 1.0
95.0 1.00893460015 1.0
99.0 1.0329685221 1.0
199.0 2.34301772452 1.0
96.0 0.985063871499 1.0
155.0 7.03199483242 1.0
139.0 0.978858543956 1.0
146.0 4.37528437003 1.0
63.0 0.999490182457 1.0
object 14	1.0:1.0
198.0 2.68258058917 1.0
127.0 1.01944842239 1.0
75.0 1.07151217146 1.0
152.0 -3.90826179894 1.0
151.0 1.11619525973 1.0
50.0 1.04031994227 1.0
38.0 1.01677633655 1.0
46.0 0.989280476845 1.0
174.0 -0.544623662224 1.0
71.0 1.00505216123 1.0
77.0 0.941440314597 1.0
178.0 0.30467565252 1.0
170.0 4.81180265666 1.0
78.0 1.04368025214 1.0
69.0 1.00048887113 1.0
36.0 0.995305709186 1.0
153.0 0.801432505924 1.0
124.0 1.05469329339 1.0
164.0 0.77850801294 1.0
22.0 0.997692129356 1.0
99.0 1.01214542108 1.0
52.0 1.00388289683 1.0
137.0 0.995635899075 1.0
47.0 0.989459175077 1.0
156.0 3.9048984272 1.0
54.0 0.960989193959 1.0
114.0 1.01153704101 1.0
177.0 -0.341978512156 1.0
62.0 0.977967593047 1.0
160.0 -3.69136451653 1.0
179.0 7.21721751794 1.0
object 15	1.0:1.0
100.0 1.01387939053 1.0
49.0 0.988057143712 1.0
52.0 1.02621355346 1.0
79.0 1.03904947449 1.0
152.0 8.09725912826 1.0
151.0 3.35269671256 1.0
18.0 0.994013311345 1.0
106.0 0.998400742836 1.0
60.0 1.0758967053 1.0
189.0 4.94205596185 1.0
55.0 0.971584117735 1.0
163.0 1.71688188769 1.0
24.0 1.01043851637 1.0
157.0 -3.77751801764 1.0
199.0 -8.35364642035 1.0
120.0 0.963052919137 1.0
99.0 0.893119381524 1.0
82.0 1.04763455677 1.0
145.0 2.2128698449 1.0
26.0 0.978014999258 1.0
171.0 -0.0556491588866 1.0
144.0 2.43760328295 1.0
object 16	1.0:1.0
22.0 1.00264555592 1.0
51.0 0.988019468809 1.0
100.0 1.00322568027 1.0
94.0 0.918476403346 1.0
199.0 -9.95971037667 1.0
42.0 1.0030160161 1.0
44.0 1.0080879238 1.0
136.0 1.04109526956 1.0
97.0 0.965765623638 1.0
73.0 0.954603986705 1.0
53.0 0.951398077294 1.0
193.0 2.23580069086 1.0
8.0 1.00763605485 1.0
76.0 0.990874867405 1.0
119.0 1.00100740416 1.0
105.0 0.974159605017 1.0
171.0 -0.881744703191 1.0
103.0 0.987310946853 1.0
37.0 1.01277295985 1.0
164.0 -4.02005343085 1.0
170.0 0.0325321407537 1.0
93.0 0.974324538803 1.0
77.0 1.00410816711 1.0
189.0 1.41885290258 1.0
107.0 0.996976029005 1.0
173.0 -2.01430327685 1.0
135.0 1.00382613263 1.0
163.0 -1.22883901413 1.0
59.0 0.981820676692 1.0
4.0 0.97362239102 1.0
object 17	1.0:1.0
6.0 1.0285872137 1.0
172.0 1.81170039414 1.0
12.0 1.04247637286 1.0
128.0 0.916291839076 1.0
164.0 -5.55194882495 1.0
123.0 0.96936943374 1.0
52.0 0.988391708415 1.0
112.0 0.99965972093 1.0
72.0 1.01002095001 1.0
113.0 1.01515620191 1.0
159.0 -3.93075897293 1.0
187.0 12.714178585 1.0
78.0 1.04117725837 1.0
51.0 0.993907286738 1.0
40.0 1.00938976784 1.0
69.0 0.97554402347 1.0
141.0 5.49877638671 1.0
103.0 0.974885971404 1.0
143.0 0.665971975512 1.0
63.0 0.984915493662 1.0
43.0 1.01233061461 1.0
47.0 0.967755750562 1.0
45.0 0.990428886062 1.0
10.0 1.08717186222 1.0
68.0 0.987242690338 1.0
39.0 1.02687268136 1.0
80.0 1.0040627892 1.0
77.0 0.966645837089 1.0
124.0 1.12735247884 1.0
131.0 0.985512566915 1.0
62.0 0.99121083269 1.0
object 18	1.0:1.0
69.0 1.02639317567 1.0
54.0 1.01754225519 1.0
50.0 0.984482036989 1.0
26.0 0.996075928905 1.0
119.0 0.981088211421 1.0
159.0 -6.99465420884 1.0
59.0 1.00409391203 1.0
17.0 1.05500201323 1.0
158.0 -1.47582813404 1.0
164.0 0.830353859963 1.0
56.0 1.01206231801 1.0
92.0 1.07972984872 1.0
31.0 1.02330896222 1.0
35.0 0.964807696926 1.0
1.0 1.019046386 1.0
145.0 1.53273999329 1.0
132.0 1.08609672966 1.0
57.0 0.960136291269 1.0
105.0 1.02732685738 1.0
29.0 1.01486629584 1.0
134.0 1.0015361507 1.0
27.0 1.00314716093 1.0
125.0 1.00042035145 1.0
68.0 0.971089313255 1.0
37.0 1.00729009971 1.0
110.0 1.01199108859 1.0
138.0 1.03340871232 1.0
146.0 -2.77433023082 1.0
object 19	1.0:1.0
197.0 0.0849193550849 1.0
166.0 0.0960103908543 1.0
129.0 0.943968367168 1.0
158.0 2.98293808703 1.0
53.0 1.06520221911 1.0
6.0 1.00220427617 1.0
135.0 1.04203550155 1.0
199.0 -12.4906114963 1.0
157.0 4.30154930052 1.0
79.0 0.996188713783 1.0
50.0 1.06909757748 1.0
121.0 0.985454692528 1.0
63.0 0.996196879931 1.0
173.0 1.86978542852 1.0
1.0 1.03071840068 1.0
95.0 1.0112502266 1.0
32.0 1.0208643361 1.0
183.0 0.88000302028 1.0
43.0 1.00322427934 1.0
165.0 3.10720831509 1.0
177.0 3.42459359666 1.0
111.0 0.985547875968 1.0
39.0 1.00191727222 1.0
15.0 1.01741188635 1.0
71.0 0.972867478189 1.0
7.0 0.997135049131 1.0
152.0 0.532183687489 1.0
162.0 -0.413322785935 1.0
13.0 0.976881054364 1.0
143.0 -0.921736943564 1.0
118.0 1.03982795827 1.0
100.0 0.985992192189 1.0
128.0 0.926726111027 1.0
9.0 1.00361530081 1.0
149.0 5.02066829673 1.0
object 20	1.0:1.0
32.0 1.02206278401 1.0
150.0 -1.0066280917 1.0
195.0 -3.78949900659 1.0
76.0 0.984668647254 1.0
28.0 0.980776188361 1.0
34.0 0.973356710127 1.0
177.0 1.18112838208 1.0
51.0 0.996609115442 1.0
1.0 1.00194928058 1.0
117.0 1.02914641752 1.0
189.0 -0.238980199489 1.0
182.0 3.36414108785 1.0
67.0 0.941227570338 1.0
41.0 0.996584133132 1.0
66.0 1.04182730162 1.0
87.0 0.983211941438 1.0
13.0 0.983621931378 1.0
27.0 0.932352723582 1.0
99.0 0.96457722544 1.0
69.0 0.987174459318 1.0
105.0 1.00619042709 1.0
165.0 2.53311653544 1.0
113.0 1.02476538146 1.0
163.0 7.98481597473 1.0
109.0 1.06324599607 1.0
101.0 0.996522502955 1.0
133.0 1.05461177917 1.0
136.0 0.972381891552 1.0
57.0 1.05038463691 1.0
120.0 0.952410250199 1.0
object 21	1.0:1.0
150.0 1.91618808486 1.0
36.0 0.968834361382 1.0
72.0 1.00618620268 1.0
19.0 1.10519024309 1.0
52.0 1.01562426565 1.0
155.0 2.60541493095 1.0
107.0 0.954928377761 1.0
3.0 1.00330663947 1.0
0.0 0.975327604095 1.0
86.0 0.99314852323 1.0
73.0 0.980560181762 1.0
4.0 0.987113509615 1.0
142.0 -9.01735664615 1.0
37.0 1.00574841351 1.0
126.0 1.02029962597 1.0
45.0 1.0183475408 1.0
116.0 0.985674750526 1.0
123.0 1.0911922136 1.0
120.0 1.02961038053 1.0
10.0 1.01663085716 1.0
125.0 0.96077392437 1.0
13.0 1.02268860533 1.0
188.0 5.30090589933 1.0
173.0 -0.972144690482 1.0
object 22	1.0:1.0
191.0 0.182757808737 1.0
81.0 1.0101692058 1.0
114.0 1.00869460536 1.0
110.0 0.944744965086 1.0
123.0 1.00450161923 1.0
62.0 1.01593200716 1.0
105.0 1.00624621499 1.0
74.0 1.00107820205 1.0
15.0 0.986441909092 1.0
26.0 1.00424116941 1.0
177.0 4.30978372968 1.0
146.0 2.66413254412 1.0
194.0 -0.0625434024398 1.0
17.0 0.982155256508 1.0
161.0 2.35276397418 1.0
171.0 -2.48102336769 1.0
39.0 1.02963722604 1.0
115.0 0.981621770251 1.0
95.0 0.999906711019 1.0
140.0 1.08657659126 1.0
28.0 0.995909826954 1.0
193.0 1.87916107477 1.0
106.0 1.00716048005 1.0
object 23	1.0:1.0
54.0 1.01864679101 1.0
197.0 1.35133991513 1.0
181.0 -1.36291136182 1.0
7.0 0.961438321088 1.0
28.0 0.967450329306 1.0
49.0 1.01225068275 1.0
75.0 1.06826455444 1.0
102.0 1.01129631543 1.0
95.0 0.99088883568 1.0
198.0 -1.38665589857 1.0
64.0 0.972353535679 1.0
110.0 0.900390148162 1.0
98.0 0.940901571129 1.0
63.0 1.0127852615 1.0
154.0 2.01592258278 1.0
138.0 0.948595882907 1.0
19.0 0.960701245431 1.0
41.0 0.991258869195 1.0
170.0 0.11560517747 1.0
145.0 -3.35797383016 1.0
191.0 0.424952534537 1.0
166.0 -1.42572038619 1.0
85.0 1.02369985037 1.0
116.0 1.00928336436 1.0
113.0 0.994035775975 1.0
5.0 0.997744003767 1.0
44.0 1.0252077513 1.0
135.0 0.974016696288 1.0
22.0 0.999887493034 1.0
158.0 6.95627863146 1.0
69.0 1.02410713577 1.0
128.0 1.01865529713 1.0
152.0 1.5751754725 1.0
93.0 0.946905004126 1.0
57.0 0.977260876606 1.0
object 24	1.0:1.0
148.0 2.23243734516 1.0
146.0 -2.69183034514 1.0
56.0 1.11333443206 1.0
35.0 1.0125713263 1.0
36.0 0.943791290909 1.0
5.0 1.05411194339 1.0
139.0 1.00403844336 1.0
79.0 0.975218128871 1.0
20.0 1.0194304899 1.0
91.0 0.979388768629 1.0
39.0 0.995875904131 1.0
161.0 -1.83131297631 1.0
86.0 1.02267435275 1.0
33.0 1.00308242955 1.0
76.0 0.993476040531 1.0
87.0 0.979878262501 1.0
147.0 -3.81351601905 1.0
131.0 1.00776289151 1.0
6.0 0.971940429004 1.0
11.0 1.00099063142 1.0
7.0 0.999556415137 1.0
175.0 4.12293246056 1.0
132.0 1.07252601414 1.0
50.0 1.02576650311 1.0
135.0 1.01776796595 1.0
144.0 -6.05634165861 1.0
9.0 1.01323977473 1.0
114.0 1.05724954681 1.0
14.0 1.05521952475 1.0
156.0 3.00694248177 1.0
object 25	1.0:1.0
175.0 -6.60899620251 1.0
141.0 -3.42006083125 1.0
139.0 0.978301961024 1.0
93.0 0.997462979491 1.0
123.0 1.02465086073 1.0
186.0 1.21583200233 1.0
173.0 0.923006165377 1.0
126.0 1.03298216668 1.0
97.0 0.936351526854 1.0
122.0 1.00369086506 1.0
19.0 1.03213645834 1.0
87.0 1.02574601138 1.0
34.0 1.01748958621 1.0
56.0 1.10522005182 1.0
71.0 0.975073081829 1.0
115.0 0.992411845782 1.0
177.0 6.20964244498 1.0
80.0 0.991725254685 1.0
24.0 1.00682636028 1.0
68.0 0.96772062235 1.0
119.0 1.02844290294 1.0
89.0 1.00239461146 1.0
100.0 0.950899008246 1.0
98.0 1.02546808829 1.0
183.0 -1.21092039478 1.0
157.0 -2.18466879551 1.0
75.0 1.03627008567 1.0
11.0 1.02660067246 1.0
174.0 1.79116267059 1.0
127.0 1.04077706423 1.0
object 26	1.0:1.0
5.0 0.982253811205 1.0
111.0 0.994605305056 1.0
106.0 1.02926760413 1.0
126.0 0.999802619786 1.0
36.0 0.992512189817 1.0
128.0 1.02871093612 1.0
6.0 1.0081284618 1.0
53.0 1.04245101471 1.0
127.0 1.05131841638 1.0
149.0 -0.0546718444798 1.0
171.0 3.16623444754 1.0
3.0 1.03524206676 1.0
63.0 1.02040137138 1.0
69.0 0.959233195432 1.0
184.0 0.372794746277 1.0
197.0 2.79682603222 1.0
82.0 1.01380036152 1.0
144.0 7.25575093506 1.0
131.0 0.99418334889 1.0
65.0 0.987861484073 1.0
146.0 -3.4874345529 1.0
31.0 0.982148721175 1.0
163.0 2.55043676267 1.0
12.0 0.919497706636 1.0
2.0 1.0477351509 1.0
199.0 -5.13141445295 1.0
113.0 0.992043780931 1.0
96.0 1.01994659553 1.0
185.0 2.74682530987 1.0
125.0 1.05066766864 1.0
32.0 0.999720650588 1.0
18.0 0.999636267257 1.0
67.0 1.00553961027 1.0
135.0 0.995292259736 1.0
120.0 0.984142767037 1.0
134.0 1.00984990936 1.0
145.0 -4.32321240713 1.0
22.0 0.991138252836 1.0
153.0 0.164908296406 1.0
191.0 3.5041360524 1.0
7.0 1.02745879327 1.0
object 27	1.0:1.0
182.0 5.38610587493 1.0
19.0 1.00174032473 1.0
86.0 1.0077560849 1.0
175.0 1.00005587486 1.0
30.0 0.992190022408 1.0
158.0 5.16179269775 1.0
173.0 1.24764219955 1.0
162.0 6.86992675871 1.0
32.0 1.0241494293 1.0
123.0 1.03961148819 1.0
56.0 1.05156313929 1.0
88.0 0.871983759271 1.0
153.0 -3.76639680751 1.0
139.0 1.00014547233 1.0
16.0 1.02009510069 1.0
147.0 -4.57891648019 1.0
37.0 0.999425378433 1.0
168.0 2.89729819733 1.0
106.0 0.941482101867 1.0
74.0 1.00252708477 1.0
132.0 0.866547633299 1.0
52.0 1.01183826123 1.0
177.0 7.63768173237 1.0
96.0 0.878110401679 1.0
107.0 0.999514062058 1.0
7.0 1.01455206796 1.0
45.0 1.01299915108 1.0
84.0 1.00368691554 1.0
31.0 0.992188870659 1.0
78.0 0.980460785283 1.0
object 28	1.0:1.0
182.0 8.28440562217 1.0
7.0 1.01425545017 1.0
104.0 1.01183251535 1.0
37.0 0.993420690714 1.0
23.0 0.988115725724 1.0
59.0 0.998135954076 1.0
171.0 0.151366807726 1.0
125.0 0.999029425586 1.0
62.0 0.999799559631 1.0
93.0 1.0325224562 1.0
167.0 0.421750482428 1.0
194.0 0.496911273871 1.0
141.0 1.3190506695 1.0
199.0 0.427225983079 1.0
17.0 1.04587282505 1.0
184.0 5.78337444105 1.0
164.0 -1.81192966496 1.0
84.0 0.985965756867 1.0
144.0 -1.70589851378 1.0
180.0 -2.09259192472 1.0
44.0 0.986899654374 1.0
190.0 -4.74456196933 1.0
133.0 0.985845444414 1.0
148.0 1.49048129732 1.0
58.0 1.01940901316 1.0
181.0 4.79054726865 1.0
55.0 1.01159635044 1.0
18.0 1.00560652594 1.0
135.0 0.992986022566 1.0
object 29	1.0:1.0
111.0 1.04118797859 1.0
96.0 0.964505743809 1.0
48.0 1.03289473035 1.0
172.0 5.62206769022 1.0
19.0 0.930623670394 1.0
169.0 5.93599628752 1.0
139.0 0.995155082967 1.0
40.0 0.966041585452 1.0
58.0 0.972696669888 1.0
13.0 0.992744044504 1.0
150.0 -1.81629001463 1.0
20.0 1.04651413153 1.0
15.0 1.00039637699 1.0
189.0 0.0433132222281 1.0
56.0 0.935828913306 1.0
157.0 0.734169874718 1.0
162.0 -0.727961022902 1.0
95.0 0.999794806177 1.0
33.0 0.874105593991 1.0
50.0 1.03980687671 1.0
108.0 1.02003894006 1.0
23.0 0.985900339804 1.0
27.0 0.995470644495 1.0
72.0 0.98489560349 1.0
136.0 0.982284511126 1.0
7.0 1.02172744477 1.0
128.0 1.00686479633 1.0
object 30	1.0:1.0
70.0 1.01217471875 1.0
199.0 7.6040150332 1.0
197.0 0.0853912480992 1.0
99.0 0.987967236694 1.0
155.0 5.61224008649 1.0
181.0 4.10536140548 1.0
2.0 0.990942465792 1.0
64.0 1.01766999942 1.0
73.0 1.06191845763 1.0
148.0 2.44621517983 1.0
183.0 1.03810490486 1.0
90.0 1.0131334424 1.0
189.0 -0.710511923562 1.0
167.0 1.59110848685 1.0
142.0 -5.22230351717 1.0
103.0 1.00422538685 1.0
152.0 -1.72029977597 1.0
45.0 1.00002804833 1.0
108.0 1.1001878244 1.0
149.0 1.70402748781 1.0
164.0 3.16691882939 1.0
135.0 0.996663983874 1.0
46.0 0.993953011979 1.0
25.0 1.00069024852 1.0
91.0 1.01183053058 1.0
169.0 -1.98004115032 1.0
153.0 0.65555851664 1.0
13.0 0.972699971517 1.0
146.0 -5.87380187877 1.0
121.0 1.04184965031 1.0
15.0 0.974914729081 1.0
10.0 1.07480661112 1.0
0.0 0.96933459026 1.0
47.0 1.04117132849 1.0
object 31	1.0:1.0
137.0 0.990768473436 1.0
37.0 0.984771919432 1.0
119.0 0.96538133604 1.0
110.0 1.00636842374 1.0
145.0 6.66286347172 1.0
143.0 -0.947818748549 1.0
152.0 2.55831730333 1.0
189.0 3.18269673096 1.0
76.0 1.01386495591 1.0
55.0 0.992862752813 1.0
140.0 1.6733522783 1.0
59.0 0.948988274721 1.0
142.0 1.34347410189 1.0
167.0 2.6903158773 1.0
45.0 1.02585175299 1.0
100.0 1.01134203794 1.0
183.0 1.85412110217 1.0
71.0 1.05119112788 1.0
187.0 8.73181343891 1.0
171.0 0.507099960428 1.0
81.0 0.980591866503 1.0
129.0 1.01537938819 1.0
77.0 1.04451845833 1.0
73.0 0.979283511199 1.0
127.0 1.01994847491 1.0
89.0 1.00157510376 1.0
15.0 0.996325671826 1.0
174.0 -1.22922800967 1.0
107.0 1.01863439053 1.0
58.0 1.03400521434 1.0
28.0 0.990854249509 1.0
40.0 1.01602817126 1.0
object 32	1.0:1.0
75.0 0.963675292948 1.0
136.0 0.945130979186 1.0
25.0 1.01404604269 1.0
41.0 0.992284958466 1.0
101.0 0.989511203985 1.0
196.0 -2.41963425533 1.0
158.0 0.97387992194 1.0
133.0 0.990238881083 1.0
98.0 1.03393508088 1.0
61.0 0.988453048323 1.0
26.0 0.995525768807 1.0
13.0 1.01244700353 1.0
173.0 0.645481696562 1.0
88.0 0.923704877424 1.0
3.0 1.04384311858 1.0
18.0 1.01541732004 1.0
16.0 0.979065817737 1.0
92.0 1.01868265133 1.0
84.0 0.998960911808 1.0
167.0 4.05627741364 1.0
145.0 1.37645980275 1.0
188.0 2.75454706266 1.0
65.0 1.05929053696 1.0
59.0 0.983414736781 1.0
165.0 0.996771059572 1.0
115.0 0.990379687703 1.0
52.0 1.00264701224 1.0
198.0 -0.513197012498 1.0
93.0 1.00638235162 1.0
109.0 1.02994008826 1.0
43.0 1.04223464965 1.0
117.0 0.971208174329 1.0
object 33	1.0:1.0
55.0 0.991998036912 1.0
162.0 1.96436421961 1.0
105.0 1.00749881194 1.0
160.0 5.51111864711 1.0
130.0 0.991420222668 1.0
174.0 4.31436751391 1.0
150.0 -1.41323107232 1.0
152.0 -3.26879458137 1.0
61.0 0.987033748944 1.0
185.0 -0.0283116208963 1.0
159.0 1.65703417236 1.0
101.0 0.9974150204 1.0
9.0 1.00307238387 1.0
33.0 1.00369685148 1.0
99.0 0.993419567177 1.0
16.0 0.991605066149 1.0
29.0 0.974934157629 1.0
102.0 1.023498919 1.0
188.0 -1.19781858051 1.0
89.0 0.99495809552 1.0
85.0 0.992994091483 1.0
37.0 0.980920917293 1.0
53.0 0.938310799277 1.0
177.0 1.45389057968 1.0
122.0 1.00608841532 1.0
83.0 0.975516513128 1.0
118.0 1.00073496991 1.0
142.0 0.496100791058 1.0
111.0 0.994491063453 1.0
24.0 1.00254748663 1.0
140.0 0.887495412472 1.0
103.0 0.997777673689 1.0
8.0 0.991985684421 1.0
67.0 0.986911289319 1.0
74.0 1.0044039514 1.0
object 34	1.0:1.0
119.0 0.979915595782 1.0
180.0 7.83101318089 1.0
19.0 0.916632868004 1.0
175.0 -3.57801725706 1.0
35.0 1.0217386951 1.0
39.0 1.06456185739 1.0
82.0 0.927767271993 1.0
93.0 0.979515881963 1.0
45.0 0.969437426707 1.0
186.0 1.054841951 1.0
70.0 0.973635321443 1.0
50.0 1.0438389072 1.0
29.0 1.00230808423 1.0
56.0 0.942678768515 1.0
91.0 1.01265896018 1.0
199.0 1.11044893199 1.0
167.0 0.138374541773 1.0
166.0 1.19532101644 1.0
196.0 -1.67219914193 1.0
113.0 0.983391941331 1.0
38.0 0.979453801499 1.0
164.0 -0.852925508325 1.0
130.0 0.995944763714 1.0
81.0 0.982192073659 1.0
169.0 -4.58481093275 1.0
37.0 1.00230257236 1.0
90.0 1.02307936305 1.0
5.0 0.951961665352 1.0
135.0 1.01114171959 1.0
189.0 3.12943044772 1.0
94.0 0.949679104037 1.0
object 35	1.0:1.0
0.0 1.00155920152 1.0
67.0 0.995164750663 1.0
193.0 3.96012298414 1.0
24.0 0.975773644539 1.0
51.0 0.996498144206 1.0
2.0 1.02211574106 1.0
40.0 0.989365557456 1.0
37.0 1.00825694132 1.0
119.0 0.983102823801 1.0
171.0 1.20913815914 1.0
18.0 0.998386603047 1.0
196.0 2.32048226738 1.0
79.0 0.96137601377 1.0
72.0 0.980679904123 1.0
176.0 5.2256380679 1.0
189.0 2.08526883539 1.0
135.0 1.00434203555 1.0
4.0 1.02663078374 1.0
186.0 0.296392031142 1.0
167.0 -0.204726154558 1.0
8.0 0.999737917686 1.0
95.0 1.02720849502 1.0
35.0 1.03550777551 1.0
32.0 1.02257399004 1.0
34.0 1.02760983437 1.0
102.0 1.02468169279 1.0
object 36	1.0:1.0
184.0 2.01489757151 1.0
8.0 0.993747979667 1.0
98.0 1.00543135431 1.0
127.0 1.02227501205 1.0
12.0 0.984571097777 1.0
25.0 0.957532872808 1.0
186.0 3.07272097099 1.0
65.0 0.992447776416 1.0
83.0 0.960771373391 1.0
77.0 1.02614258913 1.0
166.0 6.80887629576 1.0
37.0 0.991855775418 1.0
42.0 0.998561026362 1.0
103.0 0.990497639415 1.0
74.0 1.00464635517 1.0
93.0 0.99396718432 1.0
108.0 0.97151661613 1.0
153.0 -1.42744338502 1.0
193.0 -0.824507878831 1.0
174.0 3.33850071186 1.0
191.0 0.261682418689 1.0
171.0 0.913274064044 1.0
90.0 1.03654965136 1.0
149.0 0.918609008386 1.0
198.0 6.24048048179 1.0
96.0 1.00722445658 1.0
163.0 2.92172329507 1.0
121.0 1.08638592524 1.0
object 37	1.0:1.0
15.0 0.980611779741 1.0
81.0 0.991116203786 1.0
19.0 0.94081900492 1.0
67.0 0.989190774629 1.0
196.0 1.24118409895 1.0
60.0 1.06780188086 1.0
53.0 1.00886346754 1.0
66.0 1.01333686095 1.0
30.0 1.01737911896 1.0
162.0 1.6754561133 1.0
166.0 -2.15729014704 1.0
110.0 0.95143895487 1.0
157.0 0.198369705312 1.0
55.0 1.0098935356 1.0
129.0 0.883148232237 1.0
190.0 -5.78975858007 1.0
136.0 0.97315146751 1.0
41.0 0.988851624692 1.0
138.0 0.972777500727 1.0
147.0 9.16820529193 1.0
175.0 0.660660078789 1.0
197.0 -1.63226682007 1.0
117.0 1.00025571945 1.0
126.0 1.0193061916 1.0
194.0 1.65080295209 1.0
120.0 1.05523056591 1.0
133.0 0.988114725596 1.0
52.0 0.972521692077 1.0
63.0 0.989288714587 1.0
195.0 -1.69424716665 1.0
45.0 0.95154458315 1.0
23.0 1.03581664584 1.0
84.0 0.983518026158 1.0
51.0 1.01545442861 1.0
22.0 1.00396396772 1.0
163.0 -2.39495997371 1.0
5.0 1.01127876078 1.0
object 38	1.0:1.0
32.0 1.00563073184 1.0
90.0 1.00453454531 1.0
193.0 2.25219750176 1.0
133.0 1.04662029738 1.0
86.0 1.00467614011 1.0
23.0 1.00815125309 1.0
100.0 1.03417543145 1.0
68.0 1.01791159719 1.0
115.0 1.01646583725 1.0
185.0 7.66281812727 1.0
173.0 1.94111545398 1.0
72.0 0.978103582432 1.0
140.0 0.954855868323 1.0
174.0 -1.09882836234 1.0
18.0 0.962061164122 1.0
189.0 -4.07984891538 1.0
144.0 14.3083802866 1.0
159.0 9.82961249053 1.0
9.0 1.01462434455 1.0
146.0 6.82085299094 1.0
42.0 1.04771941643 1.0
75.0 0.995517726009 1.0
89.0 0.991858397013 1.0
113.0 0.99645951531 1.0
43.0 1.01815684799 1.0
67.0 1.03951630764 1.0
object 39	1.0:1.0
27.0 0.940136395295 1.0
157.0 1.02153276551 1.0
11.0 1.02496163999 1.0
45.0 1.01845627881 1.0
135.0 1.0454699275 1.0
47.0 1.01813133109 1.0
3.0 1.00774021281 1.0
57.0 1.03677295297 1.0
0.0 0.949453167398 1.0
83.0 1.03588193721 1.0
17.0 0.939372651468 1.0
141.0 -0.228116157929 1.0
111.0 1.0284424981 1.0
193.0 2.73544119009 1.0
95.0 0.988118637524 1.0
30.0 0.984899131764 1.0
123.0 1.0601424544 1.0
118.0 1.02127082992 1.0
72.0 0.999943707169 1.0
10.0 0.977696555009 1.0
105.0 0.967030612689 1.0
42.0 0.989266848706 1.0
81.0 0.994878640403 1.0
149.0 5.94777455587 1.0
174.0 5.23208093891 1.0
6.0 0.981142355165 1.0
116.0 0.967733828059 1.0
140.0 -1.73495891727 1.0
1.0 1.00422466191 1.0
148.0 2.2795665772 1.0
76.0 1.00184323356 1.0
185.0 0.34491071979 1.0
158.0 1.75517462807 1.0
16.0 1.00402217582 1.0
12.0 1.08944660126 1.0
183.0 -1.40020260535 1.0
195.0 0.960055118363 1.0
object 40	1.0:1.0
62.0 1.00388670786 1.0
172.0 2.32900505894 1.0
110.0 1.01908041342 1.0
21.0 0.951090374039 1.0
114.0 0.972429161062 1.0
181.0 0.86798456214 1.0
134.0 1.04756443921 1.0
109.0 1.03437500073 1.0
79.0 0.985132769159 1.0
120.0 1.01191324161 1.0
99.0 1.00136025085 1.0
154.0 2.79568935328 1.0
80.0 1.05878561566 1.0
186.0 5.76255071507 1.0
1.0 1.01312272227 1.0
83.0 1.04325047222 1.0
129.0 1.00264227563 1.0
187.0 -0.436786804906 1.0
196.0 2.31782773358 1.0
96.0 0.99233716053 1.0
object 41	1.0:1.0
159.0 -5.78332964151 1.0
121.0 1.02190525183 1.0
150.0 0.941923624418 1.0
27.0 1.00360988771 1.0
49.0 1.04151054598 1.0
169.0 -10.8045377947 1.0
146.0 4.07299861118 1.0
172.0 6.7183686998 1.0
52.0 0.981481483965 1.0
105.0 0.965024457359 1.0
187.0 -3.77094890938 1.0
175.0 0.13286087891 1.0
195.0 0.110304558388 1.0
124.0 1.03037979629 1.0
147.0 1.96188568077 1.0
4.0 0.997110098151 1.0
81.0 0.996054316792 1.0
object 42	1.0:1.0
180.0 -5.9170549761 1.0
65.0 1.03303147446 1.0
83.0 0.967115815096 1.0
1.0 0.997681033211 1.0
149.0 1.30553756165 1.0
132.0 0.931200764649 1.0
86.0 0.981224659686 1.0
94.0 1.03946601981 1.0
82.0 1.04882673574 1.0
62.0 0.982373553844 1.0
4.0 0.999651616626 1.0
56.0 1.02841255515 1.0
181.0 -1.42103406201 1.0
165.0 1.60779154092 1.0
120.0 0.980642525302 1.0
21.0 1.01447193505 1.0
161.0 0.922434506027 1.0
39.0 0.968174185054 1.0
103.0 0.997274861411 1.0
197.0 3.661786134 1.0
41.0 0.997872017224 1.0
78.0 1.03442585286 1.0
66.0 1.0146511887 1.0
140.0 1.73738803463 1.0
150.0 4.72595111145 1.0
49.0 1.01176753467 1.0
15.0 1.00486962358 1.0
144.0 -3.65800663811 1.0
object 43	1.0:1.0
130.0 0.947599678453 1.0
100.0 1.00353774005 1.0
49.0 0.994285312063 1.0
133.0 1.08175732539 1.0
178.0 0.56050211377 1.0
30.0 1.04351958757 1.0
86.0 0.991767838146 1.0
34.0 1.00800934913 1.0
72.0 1.00544238161 1.0
85.0 1.01895448946 1.0
175.0 -0.0873565656868 1.0
120.0 1.02130559277 1.0
119.0 1.01688577043 1.0
2.0 0.977009364354 1.0
89.0 1.00490969116 1.0
141.0 3.77937192962 1.0
5.0 1.06493154208 1.0
142.0 3.35882050224 1.0
191.0 -1.27236696239 1.0
182.0 3.04302585602 1.0
140.0 -1.07101192838 1.0
169.0 4.49427978966 1.0
180.0 -0.677576259081 1.0
151.0 -2.32368395664 1.0
124.0 1.04190835949 1.0
6.0 1.03114967025 1.0
187.0 -7.02291684142 1.0
113.0 1.02203759199 1.0
27.0 1.02590551841 1.0
153.0 2.33915401357 1.0
22.0 1.00216608769 1.0
object 44	1.0:1.0
134.0 0.98033100091 1.0
180.0 -2.93251478096 1.0
20.0 1.01723550598 1.0
118.0 0.994427293993 1.0
3.0 0.992141580088 1.0
177.0 0.0400363793528 1.0
158.0 7.33379253905 1.0
38.0 0.981602926029 1.0
132.0 1.0039807873 1.0
128.0 1.00340092666 1.0
127.0 1.03545212603 1.0
120.0 0.999609548796 1.0
74.0 0.997159793036 1.0
124.0 0.949790500969 1.0
170.0 1.63661384521 1.0
154.0 4.42834974059 1.0
185.0 10.4564186168 1.0
54.0 1.03717969961 1.0
6.0 1.09413574523 1.0
97.0 1.00758450055 1.0
141.0 -4.2017893363 1.0
71.0 0.956069832644 1.0
55.0 0.987205549363 1.0
183.0 -1.38855347313 1.0
166.0 2.81018976818 1.0
146.0 1.61764596212 1.0
11.0 1.07176004989 1.0
32.0 0.990479879653 1.0
130.0 1.0272770364 1.0
64.0 0.930212854466 1.0
125.0 1.00719322089 1.0
123.0 0.971040226883 1.0
190.0 0.113708637816 1.0
24.0 0.9981576078 1.0
159.0 9.04164504765 1.0
object 45	1.0:1.0
76.0 0.994026098447 1.0
82.0 0.995424712906 1.0
117.0 1.00790358188 1.0
28.0 0.99567966101 1.0
90.0 1.00921322878 1.0
142.0 0.24927582995 1.0
77.0 0.97573884706 1.0
45.0 1.01463435862 1.0
64.0 1.01576507367 1.0
58.0 0.982066232894 1.0
139.0 0.995367729953 1.0
53.0 0.994266351464 1.0
42.0 1.0051682246 1.0
157.0 -4.80369346047 1.0
91.0 1.00698705997 1.0
32.0 0.988776556135 1.0
152.0 0.0988756587846 1.0
89.0 0.997182536322 1.0
65.0 0.988150439433 1.0
96.0 0.966618392482 1.0
1.0 0.992530039306 1.0
156.0 1.7926895136 1.0
88.0 1.05051587604 1.0
99.0 1.00505054745 1.0
11.0 0.977989101038 1.0
146.0 6.73097236682 1.0
41.0 0.999363537314 1.0
98.0 1.03656978467 1.0
97.0 0.957205452031 1.0
183.0 -0.427134875689 1.0
51.0 0.986461860598 1.0
121.0 1.00174611151 1.0
16.0 1.01369238913 1.0
197.0 3.37948220288 1.0
3.0 1.03140552626 1.0
37.0 1.01651813187 1.0
24.0 0.974369257857 1.0
111.0 0.975465346389 1.0
172.0 3.43338949988 1.0
120.0 1.00009288871 1.0
83.0 0.947714003834 1.0
100.0 1.04434049164 1.0
184.0 -9.8984469561 1.0
6.0 1.01364227611 1.0
object 46	1.0:1.0
65.0 1.06651311103 1.0
196.0 5.44103315999 1.0
105.0 0.950258019 1.0
174.0 1.78539241082 1.0
42.0 1.01121350687 1.0
71.0 1.01518861766 1.0
48.0 1.02403727065 1.0
176.0 2.58654349866 1.0
90.0 1.00917544443 1.0
141.0 0.265610996458 1.0
2.0 0.98412296055 1.0
192.0 3.55657324432 1.0
100.0 0.987624890751 1.0
104.0 1.02002733729 1.0
112.0 0.986282463653 1.0
158.0 3.68791996313 1.0
132.0 0.971393644149 1.0
86.0 0.988573423111 1.0
109.0 1.06200538614 1.0
46.0 0.995354113156 1.0
101.0 1.00769052511 1.0
135.0 1.08036669537 1.0
195.0 -7.28041272655 1.0
72.0 0.988602578544 1.0
object 47	1.0:1.0
116.0 0.957284731711 1.0
1.0 0.999451276419 1.0
117.0 0.991971052893 1.0
10.0 1.02430243072 1.0
92.0 0.99377523216 1.0
146.0 -3.86269085987 1.0
37.0 1.02280766461 1.0
122.0 0.969143367668 1.0
2.0 0.982438015946 1.0
60.0 1.01378812378 1.0
35.0 0.986899260711 1.0
83.0 0.97702540567 1.0
106.0 0.95157578401 1.0
41.0 0.995236848936 1.0
object 48	1.0:1.0
147.0 -5.5784815203 1.0
59.0 0.98913330077 1.0
56.0 1.04494581584 1.0
32.0 1.02667809082 1.0
133.0 1.02925044654 1.0
135.0 1.04791961412 1.0
177.0 0.317927662082 1.0
49.0 0.969493665366 1.0
45.0 1.01743304518 1.0
27.0 1.01330782247 1.0
148.0 2.93918171397 1.0
158.0 0.470195376927 1.0
198.0 -0.274364861752 1.0
188.0 0.24054296574 1.0
28.0 0.987225222351 1.0
157.0 1.07507033772 1.0
103.0 0.996107910401 1.0
8.0 1.00790609565 1.0
144.0 -2.15635980712 1.0
195.0 -1.9740689944 1.0
38.0 0.971794821989 1.0
172.0 4.63591006131 1.0
167.0 2.65263408501 1.0
60.0 0.896388223407 1.0
93.0 0.983535184843 1.0
181.0 0.822686169813 1.0
149.0 5.39301080905 1.0
47.0 0.98692582847 1.0
3.0 0.996820072082 1.0
object 49	1.0:1.0
192.0 3.79327209339 1.0
112.0 1.00580192385 1.0
177.0 2.46447927167 1.0
144.0 0.776082069314 1.0
98.0 0.977815460293 1.0
131.0 1.00609628269 1.0
14.0 0.899005480713 1.0
73.0 0.983592668475 1.0
3.0 0.988041688669 1.0
66.0 0.932414430465 1.0
196.0 0.131865964836 1.0
70.0 1.01967463015 1.0
54.0 1.00244133546 1.0
149.0 5.9281682193 1.0
17.0 0.980642502737 1.0
8.0 1.00234873824 1.0
130.0 1.00170577808 1.0
35.0 0.918137086219 1.0
185.0 7.2796065003 1.0
160.0 0.00230424599374 1.0
13.0 1.01922031102 1.0
16.0 0.968633278465 1.0
79.0 0.97723050569 1.0
33.0 1.08828385968 1.0
91.0 1.01156680344 1.0
object 50	1.0:0.5 7.2945213361:0.5
66.0 1.0106489055 0.0
141.0 1.94863230091 0.0
46.0 0.961115589101 0.0
80.0 7.29478538159 1.0
69.0 7.42114023843 1.0
180.0 -0.613058825582 0.0
21.0 0.90173649132 0.0
158.0 6.88903160349 1.0
28.0 7.24116764343 1.0
72.0 1.04393282771 0.0
159.0 0.681607656651 0.0
104.0 7.29240731232 1.0
41.0 1.01358174609 0.0
173.0 3.93394209233 1.0
7.0 7.34567467115 1.0
166.0 8.59496658489 1.0
40.0 0.995136089003 0.0
151.0 7.76569402896 1.0
0.0 0.991890641221 0.0
153.0 8.60054187626 1.0
37.0 0.995113334781 0.0
148.0 9.139561229 1.0
19.0 1.06384509946 0.0
88.0 7.25733237726 1.0
130.0 0.971645688946 0.0
object 51	1.0:0.5 -3.85346113273:0.5
15.0 0.960211842512 0.0
180.0 -0.24160845712 0.0
136.0 -3.80098567315 1.0
4.0 -3.89037282702 1.0
52.0 -3.80811031932 1.0
161.0 -3.56300937047 1.0
148.0 0.478530189692 0.0
177.0 -6.83003884845 1.0
77.0 0.978109773874 0.0
171.0 -4.1855547692 1.0
13.0 -3.84343074808 1.0
128.0 0.916338827449 0.0
95.0 -3.93118876272 1.0
96.0 -3.87548372538 1.0
41.0 1.03066179432 0.0
188.0 -6.73772384211 0.0
165.0 -6.00626255595 0.0
149.0 -1.01324447226 0.0
19.0 -3.8217908872 1.0
164.0 -2.32453118322 0.0
27.0 1.00826056575 0.0
163.0 -5.98150048163 1.0
70.0 -3.85222914042 1.0
28.0 -3.90534652094 1.0
object 52	1.0:0.5 -3.53231052456:0.5
165.0 0.183938225858 1.0
60.0 -3.50367328609 1.0
31.0 -3.53653159276 1.0
132.0 0.982543830522 0.0
80.0 1.00973161734 0.0
34.0 0.995484454354 0.0
38.0 0.976379520554 0.0
72.0 -3.49830483278 1.0
125.0 -3.49245522051 1.0
62.0 -3.48147217651 1.0
127.0 1.08913098212 0.0
21.0 1.09389036558 0.0
166.0 -2.81510985654 1.0
20.0 1.0292570607 0.0
92.0 1.05140534119 0.0
45.0 1.03823834842 0.0
118.0 -3.48665198238 1.0
16.0 0.951934522826 0.0
178.0 -3.54816041796 1.0
84.0 -3.53720878271 1.0
167.0 -2.85790392011 1.0
113.0 -3.56509776559 1.0
73.0 1.00042852233 0.0
40.0 -3.60602612364 1.0
141.0 -3.6551805663 1.0
28.0 -3.45456263761 1.0
109.0 0.922567224066 0.0
101.0 0.976962271688 0.0
196.0 -4.22545335565 1.0
173.0 1.22584079154 0.0
27.0 0.994520669475 0.0
70.0 1.11982272567 0.0
153.0 -1.88118417848 1.0
74.0 -3.54117948952 1.0
117.0 -3.60108283232 1.0
100.0 1.03162168172 0.0
object 53	1.0:0.5 -2.93825140173:0.5
157.0 2.49240766343 0.0
193.0 3.20285182107 0.0
151.0 1.14088860792 0.0
174.0 -2.18126604464 0.0
48.0 -2.95291523375 1.0
38.0 1.02451503235 0.0
114.0 -2.83504031606 1.0
36.0 0.990418261865 0.0
140.0 -1.54718906193 1.0
106.0 -2.8775007748 1.0
68.0 -2.97397518175 1.0
30.0 0.976371793126 0.0
12.0 0.92817694883 0.0
62.0 0.973106790027 0.0
172.0 1.3060673477 0.0
115.0 0.913147526064 0.0
27.0 -2.99546437101 1.0
148.0 1.96532411068 0.0
7.0 -2.92129866287 1.0
15.0 -2.98082484899 1.0
143.0 -4.27341144807 1.0
189.0 0.716644356254 1.0
8.0 -2.93332826153 1.0
41.0 1.08235077339 0.0
169.0 2.69329690849 0.0
165.0 -6.2391831955 1.0
10.0 -2.97163899676 1.0
92.0 1.00474830305 0.0
32.0 -3.07346073754 1.0
19.0 0.953663960711 0.0
108.0 0.992679122326 0.0
54.0 -2.9804528114 1.0
164.0 0.164688195594 0.0
139.0 0.993281126735 0.0
35.0 -2.95669435167 1.0
170.0 -0.159218169687 0.0
object 54	1.0:0.5 9.54749249274:0.5
86.0 0.99071308755 0.0
93.0 1.10653530865 0.0
9.0 9.66173446368 1.0
16.0 9.61524767146 1.0
118.0 1.06277288385 0.0
166.0 8.91834177253 1.0
167.0 8.59460592908 1.0
87.0 9.54183358312 1.0
156.0 18.8632701862 1.0
39.0 9.64501015384 1.0
194.0 10.0893025734 1.0
46.0 9.44355298445 1.0
51.0 1.07456635292 0.0
98.0 9.51145574662 1.0
49.0 0.97143249282 0.0
36.0 9.51023702471 1.0
178.0 1.34294787741 0.0
114.0 0.98733082576 0.0
40.0 9.61625040134 1.0
199.0 6.27450027985 1.0
34.0 1.04156360037 0.0
19.0 9.54646382767 1.0
52.0 9.53001818973 1.0
61.0 0.951347082363 0.0
13.0 9.56227499531 1.0
160.0 0.142635367311 0.0
3.0 0.984083956684 0.0
24.0 0.993092014768 0.0
59.0 1.0355607379 0.0
76.0 9.59297950437 1.0
170.0 13.5121064949 1.0
15.0 0.932040318168 0.0
172.0 9.24582823418 1.0
116.0 9.58151394673 1.0
80.0 9.58545946393 1.0
object 55	1.0:0.5 13.3807433866:0.5
117.0 0.991516886593 0.0
198.0 18.7445601917 1.0
74.0 13.3474074986 1.0
108.0 13.3638603297 1.0
41.0 0.949929261493 0.0
35.0 13.3645164081 1.0
184.0 11.2994898348 1.0
150.0 13.2585275401 1.0
24.0 13.3433754847 1.0
9.0 13.375646907 1.0
76.0 0.984487176815 0.0
51.0 13.4150071582 1.0
128.0 13.3525972953 1.0
56.0 13.4342897854 1.0
78.0 1.01050018362 0.0
114.0 13.3754339535 1.0
64.0 1.01177747864 0.0
130.0 0.992602653638 0.0
89.0 13.4225289832 1.0
106.0 1.04475321561 0.0
37.0 13.4192487794 1.0
187.0 -1.5326798436 0.0
133.0 13.386141171 1.0
186.0 12.7081354278 1.0
160.0 1.14534749 0.0
110.0 0.916001213782 0.0
71.0 0.959192393044 0.0
17.0 0.967252536166 0.0
object 56	1.0:0.5 -7.67716931335:0.5
61.0 -7.60949980924 1.0
48.0 -7.77636954688 1.0
174.0 -8.31199996722 1.0
2.0 -7.64357580779 1.0
7.0 -7.77152724384 1.0
62.0 1.03918240365 0.0
3.0 -7.78450026788 1.0
87.0 -7.64603713032 1.0
38.0 1.02366485141 0.0
170.0 6.54642199803 0.0
25.0 0.994822122706 0.0
199.0 3.50103711818 0.0
157.0 9.85596389578 0.0
175.0 -9.68274978171 1.0
124.0 1.02099379452 0.0
156.0 -7.96642389044 1.0
133.0 -7.60359308936 1.0
72.0 -7.68172677607 1.0
79.0 1.04904053119 0.0
186.0 2.13783293269 0.0
125.0 -7.72420117523 1.0
22.0 1.00533190398 0.0
98.0 0.969555825881 0.0
146.0 0.610230458552 0.0
148.0 0.00577427221436 0.0
object 57	1.0:0.5 -4.76407330023:0.5
106.0 -4.70360021497 1.0
18.0 -4.78978126362 1.0
104.0 -4.78401900244 1.0
164.0 1.8570283097 0.0
189.0 -9.80261598185 1.0
36.0 -4.74518003151 1.0
167.0 -5.04624460904 1.0
54.0 -4.82433210729 1.0
101.0 -4.76049596227 1.0
85.0 0.958279249869 0.0
181.0 1.72758099543 0.0
155.0 -6.17317231721 1.0
42.0 0.983734232836 0.0
49.0 0.97853219232 0.0
90.0 1.00214557495 0.0
129.0 0.959956818448 0.0
3.0 -4.76846169224 1.0
180.0 -10.9579472501 1.0
156.0 -4.62812741293 1.0
48.0 1.03667772271 0.0
72.0 0.966144330296 0.0
25.0 -4.76327327711 1.0
140.0 8.06272229725 0.0
93.0 0.997292424717 0.0
109.0 -4.78964049141 1.0
75.0 0.972019667022 0.0
24.0 -4.74824700367 1.0
58.0 -4.79629205109 1.0
69.0 -4.7078325441 1.0
141.0 3.99339541212 0.0
9.0 -4.82318338296 1.0
78.0 1.09519179801 0.0
175.0 -7.22762966113 1.0
151.0 2.89744080834 0.0
198.0 2.93639797003 0.0
197.0 -5.18540893807 1.0
176.0 -5.09723989532 1.0
object 58	1.0:0.5 -13.6270878619:0.5
149.0 1.27470201358 0.0
16.0 -13.6791136374 1.0
145.0 -12.5715718008 1.0
125.0 -13.7187234216 1.0
9.0 1.04707923138 0.0
22.0 -13.6633548073 1.0
39.0 0.985721355058 0.0
171.0 2.61634744706 0.0
169.0 2.19131717217 0.0
79.0 -13.5899980667 1.0
6.0 -13.6146401433 1.0
150.0 -1.48054376845 0.0
197.0 -0.994952926276 0.0
45.0 1.01126707072 0.0
83.0 0.921702008833 0.0
177.0 1.31171221028 0.0
59.0 1.00158955723 0.0
66.0 0.963259973542 0.0
128.0 1.01773207895 0.0
37.0 -13.6406461497 1.0
74.0 -13.5797227587 1.0
165.0 6.56376522092 0.0
158.0 -13.8867024512 1.0
20.0 0.953782403679 0.0
object 59	1.0:0.5 -5.92274018589:0.5
96.0 0.917502023189 0.0
94.0 1.03520977103 0.0
164.0 4.07834129145 0.0
0.0 1.03503723586 0.0
114.0 -5.9554843953 1.0
162.0 -6.87975841369 1.0
186.0 -5.5897508369 1.0
82.0 -5.86786156547 1.0
74.0 1.01278243496 0.0
120.0 1.03917712254 0.0
63.0 0.920798412097 0.0
191.0 1.33698590922 0.0
147.0 0.368381661021 0.0
79.0 -5.97600670969 1.0
148.0 -5.10405899969 1.0
137.0 -5.90114495283 1.0
115.0 -5.9532004511 1.0
15.0 0.977328116848 0.0
189.0 -7.99265598501 0.0
50.0 -5.95577385225 1.0
78.0 1.02596926099 0.0
36.0 -5.99849912667 1.0
43.0 1.01130437704 0.0
113.0 0.988690235372 0.0
86.0 1.00520616275 0.0
100.0 0.977199792861 0.0
51.0 -5.92149870854 1.0
46.0 1.0506681982 0.0
37.0 0.950629474761 0.0
41.0 -5.94606950783 1.0
131.0 -5.92716636989 1.0
193.0 7.61289853902 0.0
object 60	1.0:0.5 -14.0338885295:0.5
41.0 0.985479393297 0.0
142.0 1.74408071542 0.0
50.0 -13.9847583731 1.0
84.0 -14.0893407302 1.0
127.0 -14.0108597345 1.0
169.0 -14.3640490155 1.0
149.0 -13.1043149257 1.0
162.0 6.27396769381 0.0
196.0 1.01849543378 0.0
171.0 -0.368040122325 0.0
8.0 -14.0444225188 1.0
83.0 -13.9822155969 1.0
152.0 4.6858510996 0.0
97.0 -14.0359012248 1.0
141.0 -16.3563830301 1.0
175.0 -17.8623604431 1.0
33.0 -14.0591189961 1.0
63.0 -13.9692326265 1.0
37.0 -14.0477680198 1.0
147.0 2.24690504629 0.0
153.0 -15.8177003232 1.0
65.0 0.989895651486 0.0
73.0 -13.9728381864 1.0
67.0 -14.0187602743 1.0
81.0 0.902164658368 0.0
160.0 0.937827567848 0.0
136.0 -14.10486424 1.0
135.0 -13.9919770115 1.0
165.0 -9.48293392423 1.0
116.0 0.983623579701 0.0
1.0 -14.0632848314 1.0
157.0 3.92588143579 0.0
82.0 1.0605527395 0.0
181.0 -1.04641827202 0.0
158.0 -15.377903331 1.0
object 61	1.0:0.5 1.40894460069:0.5
166.0 0.812223389068 0.0
10.0 1.03811666175 0.0
72.0 1.35257355055 1.0
197.0 8.98782309281 1.0
32.0 1.4214392287 1.0
40.0 1.38614033715 1.0
18.0 1.05153312586 0.0
171.0 3.53026345821 0.0
7.0 0.961452902441 0.0
3.0 0.985181323511 0.0
148.0 -1.52809616138 1.0
80.0 1.09138292416 0.0
163.0 1.9190746815 0.0
129.0 1.40384736496 1.0
52.0 1.0660459974 0.0
177.0 -2.04913702186 0.0
173.0 2.63513716338 1.0
109.0 1.04655082005 0.0
57.0 1.32748045535 1.0
5.0 1.40646109116 1.0
191.0 1.12403075035 0.0
122.0 1.42847177365 1.0
79.0 1.34152458725 1.0
130.0 1.06326432613 0.0
9.0 1.36036990108 1.0
29.0 1.36560899874 1.0
155.0 4.37652198135 1.0
110.0 1.33699182713 1.0
66.0 1.3840404466 1.0
object 62	1.0:0.5 6.0385953732:0.5
172.0 -3.36691660866 0.0
155.0 6.26812766523 1.0
181.0 1.8083978267 0.0
42.0 1.07315724524 0.0
107.0 6.01669901475 1.0
184.0 2.67352611082 0.0
170.0 10.4583571384 1.0
136.0 1.01110808206 0.0
90.0 0.93344874449 0.0
74.0 5.99910278273 1.0
85.0 6.04294309749 1.0
158.0 1.4505188265 0.0
124.0 0.946893993623 0.0
152.0 10.1913398134 1.0
40.0 1.05377862349 0.0
112.0 5.99322057887 1.0
7.0 6.01827663936 1.0
159.0 0.961275406232 0.0
154.0 8.08945622716 1.0
103.0 6.04383957468 1.0
166.0 4.37018547406 1.0
153.0 7.19993754463 1.0
99.0 6.0173313872 1.0
18.0 1.0683636397 0.0
195.0 -1.48497469981 0.0
104.0 0.989531947736 0.0
65.0 6.06433821435 1.0
130.0 1.03635141899 0.0
object 63	1.0:0.5 -4.49166425114:0.5
64.0 0.983265257277 0.0
109.0 0.970551856826 0.0
143.0 7.10531694214 0.0
178.0 2.3669826359 0.0
128.0 -4.47624265776 1.0
177.0 -1.70140951151 0.0
91.0 1.00758086524 0.0
129.0 -4.55632050725 1.0
21.0 -4.40280468238 1.0
34.0 -4.50661502694 1.0
48.0 1.0550825416 0.0
191.0 1.74335411928 0.0
88.0 -4.66265970777 1.0
16.0 0.941622761745 0.0
60.0 0.958255045441 0.0
134.0 -4.50792901944 1.0
113.0 -4.48290389205 1.0
80.0 0.975115170312 0.0
70.0 -4.53471922651 1.0
170.0 -4.27561486133 0.0
75.0 -4.56192300756 1.0
118.0 -4.58604816208 1.0
67.0 -4.51480954344 1.0
136.0 1.14972389667 0.0
198.0 2.19760635636 0.0
99.0 -4.57972633239 1.0
74.0 0.919994680751 0.0
56.0 0.878253687437 0.0
object 64	1.0:0.5 10.9219863775:0.5
3.0 1.00526216721 0.0
53.0 1.10714905266 0.0
12.0 1.06868419355 0.0
141.0 -0.19783745133 0.0
195.0 10.8996321987 1.0
46.0 0.993654710967 0.0
134.0 10.9041685105 1.0
49.0 11.0539101628 1.0
54.0 0.965315255262 0.0
122.0 10.8856061141 1.0
84.0 0.952374091998 0.0
199.0 1.12850463623 0.0
25.0 10.9244552824 1.0
115.0 10.8363884382 1.0
6.0 10.9419487006 1.0
173.0 10.8639398108 1.0
76.0 0.987204246891 0.0
130.0 1.01801732127 0.0
71.0 10.9195668212 1.0
131.0 10.9208736696 1.0
186.0 1.36437641225 0.0
22.0 10.9402105599 1.0
148.0 9.68933021926 1.0
126.0 1.03170885611 0.0
0.0 10.862967372 1.0
138.0 1.00039295179 0.0
38.0 10.9755723597 1.0
68.0 1.07372245255 0.0
11.0 10.9054960934 1.0
92.0 1.02609962809 0.0
32.0 11.0125496684 1.0
96.0 0.898843233512 0.0
101.0 0.978823608828 0.0
163.0 14.0151814602 1.0
21.0 10.9734594379 1.0
143.0 1.79809719466 0.0
object 65	1.0:0.5 -3.24220970646:0.5
192.0 0.226082711961 1.0
58.0 -3.15234755785 1.0
53.0 -3.21362057194 1.0
51.0 0.979164260321 0.0
153.0 -1.21589131225 1.0
181.0 2.9685287569 0.0
3.0 -3.22294266556 1.0
7.0 -3.2882357241 1.0
106.0 1.00595411095 0.0
164.0 -4.2627703624 1.0
33.0 -3.26958293919 1.0
109.0 1.01760760772 0.0
43.0 -3.25980842615 1.0
120.0 -3.2675015099 1.0
74.0 -3.21622598655 1.0
88.0 0.971727265552 0.0
126.0 0.959601199513 0.0
104.0 1.05226416926 0.0
95.0 1.01329942203 0.0
65.0 1.05840762876 0.0
117.0 -3.23814135759 1.0
86.0 -3.24743901367 1.0
object 66	1.0:0.5 26.936686607:0.5
23.0 26.8839963956 1.0
145.0 -0.496258510437 0.0
88.0 26.9211966279 1.0
52.0 26.9567295133 1.0
74.0 26.9799233179 1.0
36.0 1.00198337105 0.0
66.0 0.958933587857 0.0
176.0 34.4109028841 1.0
57.0 1.03502855139 0.0
39.0 26.9759783469 1.0
96.0 26.9006265314 1.0
177.0 26.8759857408 1.0
195.0 -0.683432838303 0.0
107.0 1.06717701977 0.0
171.0 28.4516904172 1.0
65.0 0.931322629623 0.0
178.0 0.797968993044 0.0
83.0 1.00183899996 0.0
144.0 29.0017438672 1.0
45.0 26.8665493481 1.0
194.0 2.37124116335 0.0
170.0 5.58938116448 0.0
157.0 1.32799433228 0.0
42.0 26.9669298718 1.0
149.0 -2.41646802155 0.0
79.0 26.9711605772 1.0
37.0 1.00078617445 0.0
118.0 0.946513385656 0.0
160.0 28.2121146762 1.0
object 67	1.0:0.5 3.56851495559:0.5
156.0 7.54110682293 1.0
165.0 3.41130215599 0.0
139.0 0.956032488283 0.0
76.0 1.02195186748 0.0
0.0 3.61439815697 1.0
101.0 1.0077988046 0.0
77.0 3.44890860928 1.0
70.0 3.5704601492 1.0
155.0 2.16074418411 0.0
55.0 3.56084901628 1.0
199.0 1.75009259382 0.0
16.0 1.06611982994 0.0
31.0 1.0029034037 0.0
120.0 0.974817458757 0.0
128.0 1.07314718112 0.0
130.0 0.978774717898 0.0
172.0 2.10145982479 0.0
26.0 1.03431820977 0.0
187.0 2.32337643705 0.0
161.0 2.24025176971 1.0
169.0 -0.143808639026 0.0
18.0 0.988541631016 0.0
66.0 1.0696627111 0.0
39.0 0.994295954641 0.0
105.0 3.54537530066 1.0
167.0 4.31553794613 1.0
102.0 0.973011866325 0.0
173.0 1.99640478117 1.0
99.0 0.961797298899 0.0
191.0 4.29628150524 1.0
object 68	1.0:0.5 -5.83670208687:0.5
199.0 -9.98217355275 1.0
116.0 -5.93876648579 1.0
82.0 0.882921420417 0.0
188.0 8.11214251912 1.0
142.0 -1.44190434746 0.0
155.0 -6.89592514636 1.0
121.0 1.03933771368 0.0
65.0 -5.88030552642 1.0
150.0 5.40323271744 0.0
9.0 1.10681962211 0.0
34.0 -5.82821737759 1.0
30.0 -5.80094987309 1.0
185.0 -8.53762032547 1.0
76.0 0.935948558708 0.0
181.0 -5.08380331151 1.0
136.0 0.977359865323 0.0
162.0 1.50458076791 0.0
21.0 1.0421159616 0.0
156.0 -3.93460126745 1.0
32.0 -5.96076518267 1.0
90.0 -5.83253336071 1.0
100.0 0.8855939561 0.0
80.0 0.993585490641 0.0
71.0 0.996351986605 0.0
99.0 0.917532952335 0.0
54.0 -5.84421748583 1.0
33.0 -5.92331866505 1.0
88.0 -5.85648061646 1.0
8.0 -5.7572533714 1.0
16.0 0.939232047524 0.0
97.0 0.960098892369 0.0
122.0 1.02763956195 0.0
31.0 0.950558808668 0.0
167.0 1.7102206446 0.0
158.0 3.21888019149 0.0
164.0 -3.108885031 1.0
184.0 -3.02691274912 1.0
object 69	1.0:0.5 -7.5459637383:0.5
149.0 -9.59504178555 1.0
7.0 0.995475513281 0.0
107.0 0.997770619937 0.0
148.0 -0.8981770993 0.0
99.0 0.999525201657 0.0
170.0 3.76386618346 0.0
57.0 0.935824636652 0.0
61.0 -7.59728983899 1.0
193.0 -12.1996340807 1.0
24.0 -7.62555571603 1.0
126.0 0.977064254532 0.0
81.0 1.01561542965 0.0
63.0 -7.63309016466 1.0
40.0 -7.61660793458 1.0
11.0 -7.52168328232 1.0
13.0 1.00519513989 0.0
71.0 0.901659194448 0.0
54.0 -7.62916871276 1.0
3.0 1.03698825317 0.0
75.0 1.02861974434 0.0
67.0 -7.49944927707 1.0
100.0 1.05491064716 0.0
48.0 1.03651326611 0.0
77.0 -7.56312413789 1.0
172.0 2.72255462987 0.0
object 70	1.0:0.5 -7.30003390978:0.5
152.0 5.57940364944 0.0
41.0 -7.27700674541 1.0
120.0 0.965299609028 0.0
6.0 -7.29447932973 1.0
46.0 -7.21349487562 1.0
53.0 -7.22425572543 1.0
1.0 -7.20222488099 1.0
94.0 0.985645375373 0.0
142.0 -1.11851769032 0.0
189.0 0.573585627922 0.0
187.0 0.589336563074 0.0
148.0 1.03339818713 0.0
79.0 -7.3383204945 1.0
158.0 -8.08378760898 1.0
78.0 -7.32942824988 1.0
111.0 -7.32473264332 1.0
74.0 -7.28711673779 1.0
157.0 2.64000016343 0.0
29.0 0.983586002597 0.0
2.0 0.987132473365 0.0
61.0 0.983812045968 0.0
110.0 -7.36009490316 1.0
154.0 -5.96052993657 1.0
116.0 -7.20174726931 1.0
97.0 0.964988497179 0.0
object 71	1.0:0.5 -4.46251106089:0.5
167.0 2.05858559476 0.0
197.0 -0.295657948355 0.0
131.0 1.08770413919 0.0
145.0 -7.0244043249 1.0
164.0 0.43177815094 0.0
28.0 1.05806022952 0.0
90.0 0.979065120202 0.0
50.0 -4.47503660103 1.0
32.0 -4.3964168218 1.0
172.0 -3.8943036341 1.0
117.0 -4.59435591012 1.0
76.0 0.983048732946 0.0
162.0 -3.50409499592 0.0
93.0 -4.47641027575 1.0
191.0 -2.9254197041 1.0
69.0 -4.41628090043 1.0
6.0 -4.45361672378 1.0
115.0 -4.50199286767 1.0
157.0 -1.22109400578 0.0
86.0 0.957302986818 0.0
79.0 1.02398800397 0.0
118.0 -4.42739321619 1.0
1.0 0.967809283299 0.0
193.0 0.248059772977 0.0
81.0 1.10602501773 0.0
object 72	1.0:0.5 -0.836440567112:0.5
133.0 -0.789805507818 1.0
40.0 -0.810028397032 1.0
120.0 0.921889566905 0.0
192.0 -3.97892996351 1.0
127.0 0.999873518635 0.0
17.0 -0.873341506568 1.0
170.0 0.746549362416 0.0
57.0 1.07275190715 0.0
89.0 -0.952474061855 1.0
0.0 1.02936898351 0.0
195.0 1.75278830404 0.0
162.0 0.0733235004637 1.0
38.0 -0.79750142037 1.0
14.0 -0.816516605931 1.0
31.0 1.04732219235 0.0
117.0 0.981364629064 0.0
9.0 -0.803818023185 1.0
193.0 -3.42380071286 0.0
4.0 -0.822768387641 1.0
33.0 0.938958254078 0.0
18.0 -0.799431946208 1.0
69.0 1.04851929039 0.0
119.0 0.933124166743 0.0
125.0 -0.839953911977 1.0
64.0 -0.715239275532 1.0
object 73	1.0:0.5 1.39218800507:0.5
181.0 -1.85804826831 0.0
186.0 2.78465467325 1.0
189.0 2.10936362133 0.0
15.0 0.981375427479 0.0
64.0 1.36603616842 1.0
45.0 1.44207864784 1.0
121.0 1.46008495565 1.0
185.0 1.78454733306 1.0
149.0 -3.98960331821 1.0
20.0 1.08155791093 0.0
49.0 1.11865162271 0.0
29.0 0.994859424788 0.0
193.0 7.28567986425 0.0
168.0 7.46122525329 0.0
182.0 7.50308194488 1.0
97.0 1.02192331345 0.0
42.0 0.969126262291 0.0
124.0 1.37286297137 1.0
23.0 1.07337649217 0.0
122.0 1.35978012916 1.0
96.0 1.38988243929 1.0
17.0 0.907846202791 0.0
21.0 0.932421071291 0.0
37.0 0.989057861837 0.0
194.0 5.62087391815 1.0
196.0 4.53657785467 1.0
99.0 1.37569245738 1.0
133.0 1.05859889041 0.0
190.0 5.5312554126 1.0
58.0 0.865932736638 0.0
object 74	1.0:0.5 2.73258117862:0.5
28.0 1.0756680232 0.0
31.0 1.05673743961 0.0
121.0 2.72375328804 1.0
65.0 1.09664015172 0.0
144.0 3.44899086634 1.0
69.0 1.04480436454 0.0
88.0 1.00082789418 0.0
84.0 1.01051062972 0.0
68.0 1.05853806415 0.0
153.0 -1.20373391381 1.0
30.0 0.975709534846 0.0
34.0 0.997329097213 0.0
106.0 0.961040229907 0.0
126.0 2.72293315353 1.0
117.0 2.68209842841 1.0
90.0 2.69911078942 1.0
43.0 2.79629526709 1.0
139.0 2.67423945694 1.0
116.0 2.64004520956 1.0
195.0 0.807551252458 1.0
167.0 1.13716243327 1.0
189.0 7.9246923358 0.0
12.0 0.994559880679 0.0
97.0 2.80091202739 1.0
198.0 11.771689906 1.0
137.0 2.68373931941 1.0
190.0 -4.42007652765 0.0
158.0 -0.945348153905 0.0
162.0 0.356195644162 0.0
object 75	1.0:0.5 -8.81215334383:0.5
181.0 -7.53225193603 1.0
41.0 0.864914204367 0.0
107.0 -8.7659275355 1.0
19.0 0.886027654183 0.0
22.0 -8.83977139187 1.0
20.0 -8.88083208784 1.0
78.0 -8.86242759966 1.0
17.0 1.02390485526 0.0
23.0 -8.76679180453 1.0
104.0 0.993654838865 0.0
192.0 -7.76386737077 1.0
36.0 1.08039018169 0.0
132.0 1.00657011642 0.0
178.0 2.19832311988 0.0
43.0 1.03973861137 0.0
26.0 1.03363306223 0.0
176.0 -6.38690542563 1.0
2.0 -8.77060491121 1.0
195.0 -6.78819112718 1.0
133.0 -8.82994634181 1.0
57.0 -8.88097315784 1.0
177.0 -1.35361934816 0.0
173.0 1.02998193636 0.0
172.0 0.690620014135 0.0
179.0 0.319281415223 0.0
86.0 1.10351349682 0.0
69.0 -8.76159964603 1.0
83.0 -8.80517705483 1.0
object 76	1.0:0.5 15.7699487546:0.5
197.0 24.2279265137 1.0
77.0 15.7988501913 1.0
40.0 0.959276431804 0.0
174.0 22.5288204599 1.0
140.0 17.5070785691 1.0
95.0 1.03927482398 0.0
57.0 15.769347229 1.0
160.0 15.3962393168 1.0
177.0 11.601440182 1.0
2.0 0.922916930002 0.0
116.0 1.06951071233 0.0
117.0 0.903970148098 0.0
149.0 3.44597560732 0.0
126.0 15.7137651453 1.0
190.0 -2.64943308429 0.0
34.0 0.990419667326 0.0
194.0 -3.22224550171 0.0
5.0 0.939270936008 0.0
33.0 15.8327600454 1.0
36.0 15.9070884913 1.0
35.0 15.7637212209 1.0
76.0 15.7530641029 1.0
37.0 15.817219392 1.0
48.0 15.7921891309 1.0
133.0 15.8377055862 1.0
153.0 15.6941566151 1.0
85.0 15.7379755522 1.0
47.0 0.968673728481 0.0
object 77	1.0:0.5 -6.29616897447:0.5
49.0 -6.28708945431 1.0
125.0 -6.30410039177 1.0
71.0 -6.26176027317 1.0
142.0 -0.753028853126 0.0
52.0 0.932015715556 0.0
93.0 1.05238115636 0.0
25.0 1.02618170994 0.0
186.0 -4.57129290965 1.0
23.0 1.00985021882 0.0
168.0 6.18554161599 0.0
143.0 3.60168187275 0.0
11.0 -6.39101030646 1.0
24.0 -6.2316858794 1.0
145.0 -5.79042860026 1.0
54.0 0.893505818072 0.0
106.0 -6.2940019321 1.0
55.0 -6.296202624 1.0
148.0 2.257849174 0.0
87.0 -6.29003665814 1.0
187.0 1.42394447766 0.0
159.0 2.59511269482 0.0
141.0 -4.61325816151 1.0
42.0 1.054027405 0.0
169.0 -0.10651871257 0.0
17.0 -6.27450614182 1.0
114.0 1.04208829437 0.0
object 78	1.0:0.5 -1.01371662173:0.5
84.0 -1.09764099494 1.0
128.0 -1.04189556772 1.0
89.0 0.954162252841 0.0
29.0 -1.00078710893 1.0
121.0 -1.01968083516 1.0
3.0 -1.01481098033 1.0
102.0 1.02748587335 0.0
162.0 1.38049045619 1.0
55.0 -1.05789537431 1.0
139.0 0.982419928853 0.0
92.0 0.99984427953 0.0
114.0 -1.12876405222 1.0
178.0 0.374264143692 0.0
1.0 -1.04279951064 1.0
90.0 -0.977147060406 1.0
82.0 0.989894723794 0.0
5.0 -1.01770104152 1.0
109.0 -0.964088426633 1.0
54.0 1.02467383502 0.0
140.0 -0.245472029934 0.0
153.0 0.0205880050418 0.0
21.0 1.04153700402 0.0
object 79	1.0:0.5 -12.1379857836:0.5
116.0 0.926173179134 0.0
1.0 0.953530237489 0.0
103.0 1.07584861138 0.0
142.0 -16.5244149686 1.0
168.0 -11.8410150138 1.0
60.0 -12.1251217812 1.0
172.0 5.55547576649 0.0
40.0 -12.1945726473 1.0
180.0 -1.52809985354 0.0
163.0 -10.6216728106 1.0
174.0 -1.2866178763 0.0
23.0 -12.0946875655 1.0
115.0 -12.1627016919 1.0
14.0 0.958799279788 0.0
96.0 1.01104563938 0.0
186.0 -12.826084518 1.0
177.0 -13.6009893101 1.0
38.0 -12.1613060706 1.0
35.0 -12.1217621956 1.0
175.0 -13.8538031393 1.0
190.0 -12.7751260477 1.0
28.0 -12.0762837342 1.0
114.0 1.00756604708 0.0
5.0 1.039854482 0.0
25.0 1.01517351084 0.0
131.0 -12.2493204319 1.0
object 80	1.0:0.5 7.46001316767:0.5
17.0 7.45708588487 1.0
43.0 7.4739999559 1.0
184.0 -0.881923732938 1.0
122.0 7.34861969582 1.0
107.0 1.05159072345 0.0
44.0 0.959365780799 0.0
58.0 0.956216956282 0.0
77.0 0.969200707761 0.0
112.0 7.41804957686 1.0
189.0 2.54093309695 0.0
160.0 0.811793545393 0.0
131.0 1.01329209973 0.0
136.0 0.986929275613 0.0
50.0 0.981097056034 0.0
6.0 7.55105304461 1.0
88.0 1.01646350036 0.0
155.0 6.53824577156 1.0
35.0 0.981846991829 0.0
76.0 0.948450912975 0.0
61.0 7.48759073422 1.0
103.0 7.51624552956 1.0
13.0 7.30505393846 1.0
51.0 7.47922432124 1.0
118.0 7.53292467828 1.0
0.0 1.02954372953 0.0
100.0 0.915199031051 0.0
177.0 9.36065626901 1.0
79.0 0.997565634292 0.0
166.0 -1.72470934047 0.0
object 81	1.0:0.5 4.00494539962:0.5
103.0 3.98707313114 1.0
134.0 3.97873910072 1.0
35.0 3.93768272152 1.0
131.0 3.87349444404 1.0
58.0 3.98094290608 1.0
125.0 4.03069965207 1.0
10.0 4.00238038105 1.0
163.0 0.101649918998 0.0
92.0 0.972436646562 0.0
168.0 2.10344069005 0.0
56.0 1.10100150494 0.0
170.0 4.21240022369 1.0
54.0 4.07540376191 1.0
46.0 4.00849655559 1.0
191.0 1.71598742069 0.0
90.0 1.03142957457 0.0
37.0 0.998695945264 0.0
95.0 1.05972275256 0.0
94.0 3.97605639421 1.0
116.0 1.09916390234 0.0
171.0 5.34773710033 1.0
155.0 3.78582061178 1.0
165.0 4.75192148594 1.0
43.0 1.01632834156 0.0
109.0 1.0660266919 0.0
32.0 1.08721328692 0.0
29.0 4.06188173151 1.0
81.0 1.03146813378 0.0
object 82	1.0:0.5 26.2730678986:0.5
42.0 26.2267340634 1.0
150.0 30.6888443619 1.0
48.0 26.3326686233 1.0
182.0 4.43313832612 0.0
68.0 0.941774438057 0.0
100.0 26.2662729122 1.0
143.0 27.2355745141 1.0
158.0 0.769910678681 0.0
16.0 1.01991932173 0.0
11.0 26.2696675419 1.0
67.0 1.05580520012 0.0
160.0 1.10255892091 0.0
114.0 26.29391883 1.0
77.0 26.2936637653 1.0
25.0 26.277664408 1.0
197.0 29.4730464872 1.0
174.0 -2.42626509726 0.0
34.0 0.995001675703 0.0
32.0 26.2265931799 1.0
119.0 0.97101194323 0.0
188.0 22.8090768169 1.0
199.0 27.216321137 1.0
2.0 26.3251339521 1.0
87.0 26.3008354764 1.0
90.0 0.918114043947 0.0
125.0 26.2443259685 1.0
22.0 26.2957034938 1.0
object 83	1.0:0.5 -0.710375582515:0.5
58.0 -0.747113699684 1.0
22.0 -0.760447093683 1.0
191.0 0.0841556432021 0.0
21.0 0.983492006238 0.0
88.0 1.08614904395 0.0
129.0 -0.612622608923 1.0
160.0 -1.45631921197 1.0
29.0 0.954455546156 0.0
197.0 -1.13495518642 1.0
127.0 0.883254165286 0.0
119.0 0.980546049955 0.0
186.0 0.0744711626056 1.0
86.0 -0.734163451622 1.0
7.0 0.90566916569 0.0
140.0 3.65680085172 1.0
192.0 -0.143835256919 1.0
109.0 -0.693333299302 1.0
71.0 0.998892937787 0.0
91.0 -0.698649213779 1.0
152.0 -2.99965610968 0.0
46.0 -0.728866019912 1.0
25.0 -0.610004660629 1.0
19.0 1.0060885926 0.0
26.0 1.00122738892 0.0
118.0 -0.698699382842 1.0
194.0 4.36243311067 0.0
98.0 -0.716000017986 1.0
55.0 1.04494991772 0.0
198.0 -4.63409662523 0.0
171.0 -1.40620502795 1.0
125.0 1.05588192261 0.0
18.0 0.952110062586 0.0
object 84	1.0:0.5 -11.2808042432:0.5
107.0 0.972317901129 0.0
44.0 0.990246712459 0.0
134.0 0.969500424522 0.0
80.0 -11.329037314 1.0
33.0 1.04055066177 0.0
166.0 -9.8847406488 1.0
27.0 -11.3013463035 1.0
61.0 1.06221474617 0.0
198.0 -11.6573137788 1.0
176.0 2.02231752471 0.0
49.0 0.96311313289 0.0
43.0 0.906186798865 0.0
100.0 0.992941749128 0.0
118.0 0.945537350999 0.0
11.0 -11.3048268376 1.0
163.0 -12.3037447043 1.0
133.0 1.00657881209 0.0
182.0 5.46794912101 0.0
125.0 1.04617107202 0.0
196.0 0.425663218657 0.0
8.0 0.963889190432 0.0
114.0 1.03031666689 0.0
20.0 1.00559534156 0.0
64.0 -11.237901844 1.0
35.0 -11.3879748952 1.0
152.0 -6.17773950405 0.0
70.0 0.919222650405 0.0
object 85	1.0:0.5 16.8006652939:0.5
40.0 16.806091905 1.0
155.0 18.9051969189 1.0
44.0 0.96235296149 0.0
37.0 1.03087419303 0.0
100.0 16.8359908303 1.0
65.0 16.7802237501 1.0
61.0 0.961847958508 0.0
149.0 15.9627143205 1.0
142.0 4.60391469161 0.0
148.0 13.31809039 1.0
94.0 16.8715398873 1.0
181.0 5.49190024424 0.0
132.0 16.817748343 1.0
122.0 16.7832689835 1.0
29.0 16.8290479088 1.0
130.0 1.01755237035 0.0
82.0 1.05143082603 0.0
11.0 0.950646308207 0.0
199.0 17.76458457 1.0
67.0 16.8098571037 1.0
178.0 16.8063055746 1.0
45.0 1.04729461873 0.0
97.0 1.02024228388 0.0
28.0 16.7915923001 1.0
object 86	1.0:0.5 2.89494816686:0.5
100.0 2.91240550964 1.0
94.0 2.92795242238 1.0
47.0 2.80522816045 1.0
56.0 1.07626253651 0.0
156.0 -4.07105371563 0.0
105.0 2.88538995563 1.0
158.0 2.27299853166 1.0
63.0 2.88695729106 1.0
109.0 2.93599282555 1.0
103.0 2.97004361526 1.0
142.0 -0.677613734591 1.0
59.0 0.995671037148 0.0
107.0 2.91051461339 1.0
11.0 1.00114875852 0.0
97.0 1.03194417248 0.0
106.0 2.87229220419 1.0
139.0 1.04188000729 0.0
138.0 0.88819284783 0.0
2.0 2.98382183837 1.0
194.0 11.36855971 1.0
145.0 0.0488877871088 0.0
25.0 2.90061877215 1.0
157.0 -1.65838757195 1.0
188.0 -1.47131391925 1.0
122.0 2.93028732443 1.0
164.0 0.978618340038 0.0
35.0 0.909074134348 0.0
8.0 2.91094332441 1.0
144.0 -0.0439207272943 0.0
150.0 0.919992847475 0.0
193.0 2.91413765669 1.0
object 87	1.0:0.5 -24.4822540564:0.5
122.0 -24.4658260642 1.0
127.0 -24.486334408 1.0
138.0 0.944240802742 0.0
74.0 -24.5050733663 1.0
186.0 -24.3406726103 1.0
94.0 -24.436531053 1.0
67.0 0.991523870732 0.0
61.0 -24.4317843132 1.0
125.0 1.00484080072 0.0
72.0 -24.5274586221 1.0
54.0 -24.4601657019 1.0
179.0 -20.0293701345 1.0
157.0 -21.0541301845 1.0
22.0 -24.4753785484 1.0
124.0 0.986557176048 0.0
49.0 -24.4737699063 1.0
4.0 -24.4667603328 1.0
176.0 -2.20870180733 0.0
139.0 -24.5023708481 1.0
45.0 0.989725653966 0.0
34.0 1.04757173705 0.0
80.0 1.02419810336 0.0
111.0 -24.4572785819 1.0
169.0 -1.7253732917 0.0
91.0 -24.458585362 1.0
62.0 1.08824889638 0.0
135.0 -24.5486946401 1.0
141.0 -24.6293435447 1.0
5.0 1.06474305523 0.0
172.0 3.33885167133 0.0
object 88	1.0:0.5 -9.63160516068:0.5
150.0 0.823505926953 0.0
140.0 -14.0287741651 1.0
11.0 -9.57574792824 1.0
34.0 -9.73772820397 1.0
65.0 -9.5877820937 1.0
78.0 -9.7105040038 1.0
3.0 -9.61879069832 1.0
100.0 1.0385093494 0.0
66.0 1.05142758614 0.0
117.0 -9.61929753461 1.0
60.0 0.960949355513 0.0
15.0 -9.66778018464 1.0
39.0 -9.63350691156 1.0
154.0 -11.3918616258 1.0
4.0 1.00991449083 0.0
123.0 0.959429489392 0.0
134.0 -9.63913716919 1.0
167.0 2.04253359279 0.0
185.0 -0.248361106655 0.0
142.0 -7.57407230076 0.0
149.0 -0.843031375058 0.0
95.0 -9.65050889573 1.0
32.0 -9.57186132829 1.0
112.0 0.983589276037 0.0
14.0 -9.63621035732 1.0
119.0 1.03960952391 0.0
18.0 0.881361526016 0.0
126.0 1.04967048843 0.0
47.0 -9.65607409066 1.0
161.0 -9.22395004629 1.0
67.0 -9.58813113591 1.0
106.0 -9.55369461225 1.0
199.0 -11.0246362031 1.0
object 89	1.0:0.5 2.82738351259:0.5
73.0 2.80283575042 1.0
49.0 2.8754496621 1.0
58.0 1.03908138966 0.0
182.0 8.17200786851 0.0
145.0 2.74121702451 1.0
20.0 2.7888522724 1.0
190.0 2.33417411083 0.0
118.0 1.00338896606 0.0
137.0 0.973479431002 0.0
169.0 -0.802731490893 0.0
131.0 2.86081923207 1.0
161.0 6.487741706 1.0
126.0 1.01226332107 0.0
65.0 0.949566039238 0.0
0.0 1.0159743045 0.0
46.0 1.03746948096 0.0
175.0 1.05238584778 0.0
154.0 0.861451067559 0.0
2.0 1.06482092909 0.0
48.0 2.78395631158 1.0
29.0 0.905983608594 0.0
28.0 2.82587668309 1.0
object 90	1.0:0.5 -3.06285961975:0.5
180.0 -2.96553980492 0.0
138.0 -3.04123671468 1.0
22.0 -3.05757374222 1.0
144.0 -2.23183684629 1.0
99.0 1.05341770066 0.0
64.0 1.05844378313 0.0
147.0 -2.07171295033 1.0
139.0 -3.08475346949 1.0
150.0 5.06073347768 0.0
7.0 1.05325132365 0.0
155.0 -0.240503969438 0.0
143.0 0.969734901937 0.0
148.0 0.882351549471 0.0
63.0 1.03477409382 0.0
29.0 0.986289335078 0.0
124.0 1.08835914162 0.0
128.0 1.17189454369 0.0
116.0 0.955479559934 0.0
104.0 -3.08449233496 1.0
20.0 0.991821643605 0.0
135.0 -2.93358876472 1.0
181.0 0.435770788601 0.0
197.0 5.54612569168 0.0
169.0 2.65634068931 0.0
146.0 0.803720575366 0.0
120.0 -3.01441266531 1.0
25.0 1.0699126623 0.0
82.0 1.01465868938 0.0
85.0 0.904123510978 0.0
195.0 -2.9387945088 1.0
10.0 -3.07893182871 1.0
191.0 -2.97827902443 1.0
151.0 -2.95311072175 1.0
192.0 -2.32997508261 1.0
40.0 1.02983067769 0.0
44.0 -3.09360848036 1.0
9.0 -2.95157883597 1.0
46.0 0.956085829672 0.0
86.0 0.985000998524 0.0
187.0 6.7677245597 0.0
object 91	1.0:0.5 -4.68757561823:0.5
131.0 -4.76207243141 1.0
116.0 1.03398124391 0.0
38.0 -4.69976058031 1.0
1.0 -4.65867699249 1.0
42.0 -4.76903948345 1.0
91.0 0.963065146757 0.0
172.0 0.0107474444068 1.0
177.0 0.482616468112 0.0
182.0 -1.82801399978 1.0
122.0 1.04608659679 0.0
98.0 0.999646680484 0.0
118.0 -4.74861460865 1.0
76.0 1.05639380607 0.0
30.0 0.946039700715 0.0
156.0 -3.07055809036 0.0
113.0 -4.70269333195 1.0
160.0 -3.3146976386 1.0
164.0 -1.02307217223 0.0
112.0 1.00569506284 0.0
147.0 -2.83330239858 1.0
83.0 1.02113397497 0.0
148.0 0.0696654499108 0.0
64.0 1.05361967388 0.0
53.0 -4.66063027759 1.0
96.0 0.992785305849 0.0
97.0 -4.64553788456 1.0
105.0 -4.68181604474 1.0
88.0 -4.72075225673 1.0
128.0 1.05994810838 0.0
94.0 0.977275541959 0.0
198.0 -1.98109021429 0.0
126.0 -4.68700358948 1.0
7.0 -4.67065350604 1.0
36.0 -4.61328003693 1.0
object 92	1.0:0.5 4.73730930422:0.5
124.0 4.68890157618 1.0
74.0 4.74445510851 1.0
48.0 4.66445453601 1.0
56.0 4.60857443674 1.0
102.0 1.05553459458 0.0
197.0 6.86998891936 0.0
92.0 4.75692266629 1.0
4.0 0.994501019354 0.0
54.0 4.73582765031 1.0
16.0 4.83196550485 1.0
107.0 4.73997217043 1.0
37.0 4.68763568282 1.0
10.0 4.69938260069 1.0
34.0 4.74116467786 1.0
119.0 4.67102605315 1.0
146.0 -2.48523793199 1.0
51.0 4.80368896819 1.0
145.0 1.90707300381 0.0
80.0 0.958526304286 0.0
69.0 1.06589696818 0.0
60.0 1.02069870325 0.0
93.0 4.78369492962 1.0
78.0 0.978276863002 0.0
28.0 4.71623896409 1.0
90.0 1.0392985883 0.0
106.0 4.71451952638 1.0
object 93	1.0:0.5 13.6526363963:0.5
60.0 1.0135841057 0.0
168.0 0.15265861201 0.0
138.0 13.6911315531 1.0
84.0 13.7306781754 1.0
132.0 13.6860187294 1.0
148.0 13.4262121459 1.0
163.0 0.228210962979 0.0
46.0 13.7064312678 1.0
12.0 13.6966389893 1.0
112.0 0.958148072463 0.0
30.0 13.5991268962 1.0
198.0 18.3401951965 1.0
170.0 5.84841087339 0.0
26.0 0.958238829794 0.0
93.0 0.91847795837 0.0
22.0 0.924684910035 0.0
2.0 0.902598255462 0.0
95.0 13.7034752301 1.0
39.0 1.01934703646 0.0
158.0 2.29888349642 0.0
183.0 -3.08404683794 0.0
194.0 -5.77530415921 0.0
27.0 13.6206681026 1.0
126.0 13.6514644065 1.0
object 94	1.0:0.5 7.44129106493:0.5
117.0 1.012698974 0.0
37.0 0.954852348087 0.0
197.0 3.15456605127 0.0
22.0 1.09271438409 0.0
92.0 7.51877978812 1.0
64.0 0.990861959394 0.0
176.0 -0.683373557495 1.0
82.0 7.39307861063 1.0
106.0 7.50749640791 1.0
61.0 0.990969662865 0.0
138.0 7.37107626996 1.0
86.0 7.38455289066 1.0
146.0 0.788154600235 0.0
157.0 1.8448196182 0.0
122.0 7.4704832375 1.0
129.0 1.00120377698 0.0
103.0 7.43331085134 1.0
36.0 7.48073714479 1.0
196.0 7.85141128794 1.0
47.0 7.38873024242 1.0
170.0 -0.745928122958 0.0
31.0 7.43859489731 1.0
178.0 7.01946106937 1.0
38.0 7.45526995136 1.0
40.0 7.44975113783 1.0
110.0 7.50762860235 1.0
152.0 -0.856414168103 0.0
161.0 -4.44898390404 0.0
56.0 0.99108111784 0.0
187.0 3.02634774322 1.0
58.0 1.07392926333 0.0
21.0 7.40798849906 1.0
74.0 0.972293119687 0.0
149.0 3.28249544499 1.0
147.0 7.76091950593 1.0
192.0 2.77607274418 0.0
169.0 3.03513994723 0.0
139.0 7.52846877327 1.0
71.0 7.43863021693 1.0
object 95	1.0:0.5 14.445155185:0.5
13.0 0.981194670603 0.0
10.0 14.4610341569 1.0
72.0 1.0036734076 0.0
135.0 14.4480460084 1.0
160.0 13.8254000384 1.0
178.0 -1.73005988833 0.0
182.0 6.16809982488 0.0
69.0 14.4166178504 1.0
111.0 0.987781049875 0.0
81.0 1.03758149964 0.0
199.0 12.9278189029 1.0
16.0 1.00669495246 0.0
113.0 0.943669209114 0.0
30.0 1.03215835639 0.0
34.0 1.02262734548 0.0
164.0 13.1693207915 1.0
21.0 14.3937674981 1.0
46.0 1.00754979888 0.0
51.0 14.4484868948 1.0
198.0 1.76506720913 0.0
40.0 14.3685541184 1.0
122.0 0.972313072735 0.0
150.0 -0.300098284611 0.0
98.0 1.01247118638 0.0
88.0 14.5139850412 1.0
27.0 1.06206583006 0.0
79.0 14.423283691 1.0
object 96	1.0:0.5 -5.77241793817:0.5
140.0 -4.37888324014 1.0
5.0 -5.69534960844 1.0
183.0 -3.5147416261 1.0
154.0 -6.92178514157 1.0
116.0 -5.7507615998 1.0
147.0 -4.1011265581 1.0
171.0 3.51710625182 0.0
182.0 3.79846492982 0.0
35.0 0.946050319633 0.0
48.0 0.995465107524 0.0
81.0 -5.79074964223 1.0
71.0 1.08746054775 0.0
144.0 -5.95019254642 1.0
16.0 1.03569324742 0.0
59.0 -5.84941991862 1.0
61.0 1.02216602446 0.0
7.0 0.933841277007 0.0
120.0 0.968177469764 0.0
143.0 -4.15660027464 1.0
92.0 0.962640571927 0.0
163.0 -5.2332790224 1.0
74.0 -5.76911953374 1.0
113.0 1.04739458701 0.0
185.0 -4.6005221584 1.0
72.0 0.943319157955 0.0
117.0 -5.82035498925 1.0
62.0 0.9678223395 0.0
47.0 -5.78042304904 1.0
76.0 -5.77774676469 1.0
126.0 1.07142989774 0.0
176.0 -5.81209130173 1.0
14.0 0.992791914529 0.0
15.0 -5.76176145753 1.0
177.0 0.627020264259 0.0
13.0 -5.72706141508 1.0
object 97	1.0:0.5 -9.77922295866:0.5
105.0 0.988814131409 0.0
178.0 -10.7293870254 1.0
25.0 0.927812341099 0.0
146.0 -3.99361385371 0.0
80.0 -9.8122620981 1.0
15.0 0.986054485277 0.0
106.0 0.954609117681 0.0
66.0 1.01143973261 0.0
39.0 0.998488937213 0.0
14.0 -9.78008042099 1.0
77.0 0.953599218656 0.0
37.0 0.92175047 0.0
63.0 -9.76274387893 1.0
20.0 1.04702030446 0.0
153.0 -7.1275673729 1.0
174.0 -10.5216451837 0.0
192.0 1.48529611442 0.0
170.0 -9.95832516782 1.0
109.0 -9.64371988029 1.0
177.0 -7.0503160824 1.0
41.0 0.963868649067 0.0
6.0 -9.84234930303 1.0
64.0 -9.86554926282 1.0
31.0 -9.80922518503 1.0
84.0 0.971129560578 0.0
40.0 -9.82047279866 1.0
196.0 -8.40595471569 1.0
110.0 1.02476176476 0.0
190.0 -0.847380497291 0.0
object 98	1.0:0.5 3.09961380412:0.5
6.0 1.08507573263 0.0
81.0 1.01720178528 0.0
40.0 0.98399661636 0.0
102.0 3.02991591871 1.0
198.0 6.91880612589 0.0
3.0 0.968833026409 0.0
184.0 4.70301169984 0.0
110.0 0.930948629888 0.0
135.0 3.19897245022 1.0
172.0 3.4271620101 1.0
95.0 1.01589419787 0.0
106.0 1.04224163917 0.0
16.0 3.11558164757 1.0
53.0 0.935223596271 0.0
103.0 1.07462355587 0.0
77.0 0.97101424073 0.0
181.0 3.88863011469 1.0
109.0 3.0183231982 1.0
193.0 -6.09209928728 1.0
22.0 0.952741676736 0.0
47.0 1.00379316719 0.0
19.0 3.11160201381 1.0
87.0 0.977627279545 0.0
28.0 3.04456583888 1.0
38.0 1.00304005084 0.0
59.0 0.927818651389 0.0
51.0 3.03108483198 1.0
10.0 1.04472849566 0.0
117.0 1.07189668858 0.0
122.0 3.02251594365 1.0
185.0 0.893220863081 1.0
134.0 1.00443417176 0.0
72.0 0.976892273885 0.0
199.0 6.16835697391 1.0
object 99	1.0:0.5 -4.7779713316:0.5
25.0 -4.69634758172 1.0
168.0 -4.68411295262 0.0
49.0 -4.76300769052 1.0
51.0 -4.82430550846 1.0
4.0 0.980032775816 0.0
10.0 0.969913468942 0.0
57.0 1.10268853285 0.0
148.0 -2.8540417269 1.0
124.0 1.05271308981 0.0
177.0 4.5305806963 0.0
35.0 -4.84823647313 1.0
34.0 0.876543738248 0.0
101.0 -4.74226912525 1.0
138.0 -4.72525655625 1.0
130.0 0.985244332535 0.0
131.0 -4.71574028066 1.0
134.0 1.00065681068 0.0
93.0 1.05229018237 0.0
196.0 -5.04247921273 1.0
139.0 -4.79882415665 1.0
153.0 -5.52006698247 1.0
178.0 -1.58946040207 0.0
110.0 1.02129765478 0.0
144.0 -6.8539696614 1.0
193.0 -10.8408123587 1.0
123.0 -4.79260545978 1.0
111.0 -4.6891230892 1.0
161.0 -3.17488971061 1.0
37.0 1.06067929102 0.0
198.0 -10.6990913942 1.0
136.0 1.00666546429 0.0
194.0 -5.95916552521 0.0
159.0 0.662465736064 0.0
109.0 -4.81141655782 1.0
116.0 -4.85907122019 1.0
47.0 0.927130315954 0.0
107.0 0.886940181675 0.0
182.0 1.46245927163 1.0
