object 0	1.0:1.0
180.0 2.77071524696 1.0
158.0 0.984116130428 1.0
182.0 0.142347817379 1.0
76.0 1.04652548642 1.0
160.0 4.30308827895 1.0
object 1	1.0:1.0
22.0 1.00258636425 1.0
54.0 1.01096408449 1.0
74.0 0.891705813948 1.0
44.0 1.00463623726 1.0
15.0 1.05866578073 1.0
106.0 1.00910923384 1.0
object 2	1.0:1.0
159.0 0.992622564794 1.0
198.0 -1.37961728682 1.0
81.0 1.02980622389 1.0
63.0 0.982399309228 1.0
146.0 0.992504748954 1.0
object 3	1.0:1.0
61.0 0.990509619977 1.0
53.0 1.004007384 1.0
165.0 1.59186484487 1.0
128.0 1.00862960571 1.0
175.0 4.25728610093 1.0
15.0 1.03645719954 1.0
object 4	1.0:1.0
114.0 1.07539932549 1.0
93.0 1.02287279857 1.0
62.0 0.990525496461 1.0
9.0 0.965673928375 1.0
161.0 2.59191803213 1.0
75.0 0.986215774377 1.0
object 5	1.0:1.0
195.0 -1.45355813378 1.0
96.0 0.996691691848 1.0
56.0 0.996190894937 1.0
38.0 0.982020967716 1.0
55.0 1.02500085684 1.0
6.0 0.980898161637 1.0
47.0 1.00673900193 1.0
object 6	1.0:1.0
105.0 1.01201006448 1.0
164.0 1.99418252923 1.0
162.0 0.96337747598 1.0
137.0 0.97797092712 1.0
17.0 1.02078983536 1.0
object 7	1.0:1.0
95.0 0.994318780137 1.0
130.0 1.04501392447 1.0
21.0 1.01834725934 1.0
161.0 -0.497402396599 1.0
156.0 1.01500583754 1.0
129.0 0.964240164294 1.0
object 8	1.0:1.0
185.0 -2.89127314828 1.0
174.0 3.18250442033 1.0
23.0 1.01309681151 1.0
55.0 0.968412862701 1.0
125.0 1.02562342736 1.0
object 9	1.0:1.0
73.0 0.988721536781 1.0
6.0 1.00818892781 1.0
140.0 0.989258785628 1.0
56.0 1.00542119723 1.0
object 10	1.0:1.0
111.0 0.99852560574 1.0
128.0 1.01065646692 1.0
106.0 1.00341450572 1.0
17.0 0.920223771655 1.0
43.0 1.01877973742 1.0
188.0 -3.16795354264 1.0
object 11	1.0:1.0
66.0 0.996078837987 1.0
176.0 0.852609591268 1.0
168.0 2.23445809418 1.0
object 12	1.0:1.0
106.0 1.01476786391 1.0
131.0 1.01349441686 1.0
4.0 0.963417123956 1.0
46.0 1.0122134713 1.0
44.0 0.978317945074 1.0
object 13	1.0:1.0
149.0 0.97060866548 1.0
85.0 0.98473155417 1.0
13.0 1.07570780577 1.0
100.0 1.00961309367 1.0
48.0 1.00089082605 1.0
object 14	1.0:1.0
57.0 1.01255109265 1.0
69.0 0.977550500542 1.0
120.0 0.968992633784 1.0
103.0 1.00112305636 1.0
42.0 1.04306654806 1.0
70.0 1.00640976568 1.0
185.0 -1.2165495897 1.0
193.0 -2.26555495838 1.0
26.0 0.965543319058 1.0
64.0 0.969626265606 1.0
178.0 -0.34059916197 1.0
164.0 1.46300284426 1.0
106.0 0.993847345304 1.0
object 15	1.0:1.0
47.0 1.01658239196 1.0
87.0 1.00231542886 1.0
160.0 1.2836410677 1.0
85.0 1.10322809743 1.0
object 16	1.0:1.0
103.0 0.943243249844 1.0
56.0 1.01739898235 1.0
6.0 0.977682015196 1.0
8.0 1.01698507201 1.0
162.0 -0.564275690466 1.0
object 17	1.0:1.0
128.0 1.02752789961 1.0
117.0 0.98516271627 1.0
28.0 0.954632306173 1.0
object 18	1.0:1.0
180.0 -5.49290119602 1.0
0.0 0.959700833178 1.0
73.0 1.01044055074 1.0
11.0 0.981334507981 1.0
171.0 0.285844894878 1.0
object 19	1.0:1.0
81.0 0.984815180126 1.0
179.0 3.27859738184 1.0
object 20	1.0:1.0
21.0 0.982107929285 1.0
66.0 0.978907364876 1.0
186.0 3.94854976615 1.0
29.0 0.98543770574 1.0
object 21	1.0:1.0
44.0 1.00072826872 1.0
190.0 5.53173009358 1.0
59.0 1.02148856173 1.0
139.0 1.01176198855 1.0
object 22	1.0:1.0
183.0 0.772669670983 1.0
136.0 1.0190196191 1.0
object 23	1.0:1.0
181.0 -2.47447663064 1.0
14.0 1.03717147008 1.0
188.0 0.21728378452 1.0
154.0 0.997060972251 1.0
object 24	1.0:1.0
86.0 0.963838977263 1.0
19.0 0.933270350831 1.0
23.0 0.978723652189 1.0
106.0 0.972936074733 1.0
58.0 0.9893367246 1.0
167.0 2.69304917715 1.0
64.0 1.0072269213 1.0
object 25	1.0:1.0
173.0 4.28001141539 1.0
149.0 0.997946617301 1.0
178.0 -3.12036028944 1.0
110.0 0.992913235949 1.0
47.0 1.01429504494 1.0
53.0 1.00972545435 1.0
39.0 0.978628589538 1.0
24.0 1.00720383283 1.0
6.0 0.993900220697 1.0
object 26	1.0:1.0
197.0 -0.435489120853 1.0
128.0 1.00288293322 1.0
182.0 2.56246130895 1.0
151.0 1.01903761355 1.0
135.0 1.01775986504 1.0
object 27	1.0:1.0
190.0 0.857160171011 1.0
44.0 1.04042236202 1.0
167.0 -2.49438704531 1.0
79.0 1.01223814506 1.0
124.0 1.00377979814 1.0
object 28	1.0:1.0
160.0 -0.245376223925 1.0
125.0 1.02834793833 1.0
110.0 0.99191655639 1.0
64.0 1.02714614844 1.0
162.0 -0.852698225296 1.0
object 29	1.0:1.0
103.0 1.00001133155 1.0
181.0 -0.728687041143 1.0
143.0 1.02304816923 1.0
object 30	1.0:1.0
186.0 7.90896324367 1.0
26.0 0.966951320091 1.0
12.0 0.99817649988 1.0
object 31	1.0:1.0
137.0 0.963139381718 1.0
15.0 1.04207981995 1.0
68.0 1.02752487569 1.0
30.0 0.975877541524 1.0
104.0 0.950862688826 1.0
79.0 1.02989912133 1.0
173.0 2.15746185643 1.0
91.0 0.989537455184 1.0
object 32	1.0:1.0
181.0 0.753650755539 1.0
95.0 0.984577179505 1.0
171.0 -4.25710776257 1.0
109.0 0.969546516606 1.0
48.0 0.981256931025 1.0
67.0 0.984542620653 1.0
196.0 -2.37435325433 1.0
object 33	1.0:1.0
106.0 1.00540777223 1.0
178.0 0.753934474965 1.0
148.0 0.984565342426 1.0
91.0 1.00965264041 1.0
59.0 1.01820830481 1.0
object 34	1.0:1.0
49.0 0.982015855309 1.0
144.0 0.997990582325 1.0
119.0 1.01815918592 1.0
174.0 1.08915760627 1.0
object 35	1.0:1.0
184.0 -4.86108522011 1.0
152.0 0.995919276033 1.0
41.0 1.01517791013 1.0
18.0 0.989885450785 1.0
object 36	1.0:1.0
7.0 0.934319654043 1.0
184.0 0.649708719784 1.0
object 37	1.0:1.0
170.0 5.24847179693 1.0
10.0 1.01302939822 1.0
147.0 1.00898403493 1.0
object 38	1.0:1.0
74.0 0.973046075338 1.0
107.0 1.06157294432 1.0
156.0 1.00813051899 1.0
32.0 0.999215575861 1.0
121.0 0.95339158903 1.0
120.0 1.01233230741 1.0
90.0 0.98739796837 1.0
object 39	1.0:1.0
3.0 1.00867026742 1.0
42.0 0.943919438485 1.0
46.0 0.97651130689 1.0
103.0 1.01863947387 1.0
178.0 -2.0816012045 1.0
170.0 1.35155583486 1.0
2.0 0.985203120932 1.0
149.0 0.999525410819 1.0
63.0 1.00661005176 1.0
object 40	1.0:1.0
129.0 1.04705692041 1.0
113.0 0.995653176007 1.0
59.0 1.03258329963 1.0
142.0 1.00440616635 1.0
196.0 0.292821330936 1.0
object 41	1.0:1.0
166.0 -0.673325825242 1.0
79.0 1.02337606048 1.0
193.0 2.10707620849 1.0
object 42	1.0:1.0
153.0 0.970588892056 1.0
63.0 0.994597398524 1.0
75.0 0.993195805312 1.0
65.0 0.990638707511 1.0
41.0 1.02078848715 1.0
167.0 -2.44934531589 1.0
107.0 0.89076108541 1.0
object 43	1.0:1.0
163.0 -4.05622982839 1.0
87.0 1.03621663638 1.0
object 44	1.0:1.0
77.0 1.02498408117 1.0
69.0 0.998537186592 1.0
169.0 -5.07105126961 1.0
3.0 1.03936457756 1.0
8.0 1.04655670443 1.0
191.0 -0.988324600781 1.0
23.0 1.01452953246 1.0
20.0 1.02142618174 1.0
object 45	1.0:1.0
62.0 1.01245331275 1.0
173.0 4.45855536416 1.0
187.0 -2.12731223896 1.0
29.0 1.00916901741 1.0
137.0 1.01521009027 1.0
object 46	1.0:1.0
153.0 1.01857134313 1.0
105.0 0.991547464454 1.0
121.0 0.952243704152 1.0
73.0 1.01355612933 1.0
70.0 0.99134404423 1.0
67.0 0.964477125037 1.0
object 47	1.0:1.0
71.0 0.99743276918 1.0
130.0 0.982397583284 1.0
158.0 0.996698387428 1.0
190.0 -1.65714551242 1.0
162.0 2.32518210469 1.0
object 48	1.0:1.0
5.0 0.977278739442 1.0
160.0 -6.66245562591 1.0
121.0 1.06105229467 1.0
113.0 0.998960089234 1.0
148.0 1.03329957982 1.0
70.0 1.0032153274 1.0
object 49	1.0:1.0
106.0 1.07534620814 1.0
135.0 1.01277243316 1.0
113.0 1.01683672307 1.0
object 50	1.0:1.0
176.0 0.983975448261 1.0
149.0 1.00556542493 1.0
object 51	1.0:1.0
160.0 7.24258570324 1.0
21.0 0.952750727353 1.0
149.0 1.01345730926 1.0
57.0 1.02125524055 1.0
71.0 1.03817008995 1.0
52.0 1.01689463595 1.0
51.0 1.01420735552 1.0
46.0 1.10997056711 1.0
object 52	1.0:1.0
198.0 1.59159366816 1.0
175.0 -0.19319564928 1.0
object 53	1.0:1.0
19.0 1.04265559972 1.0
75.0 0.987115147248 1.0
140.0 1.010597943 1.0
59.0 1.04941057344 1.0
32.0 0.988093720349 1.0
object 54	1.0:1.0
68.0 1.00083179575 1.0
15.0 1.05285411603 1.0
93.0 1.02430072911 1.0
19.0 1.05358067914 1.0
74.0 0.94994582284 1.0
object 55	1.0:1.0
120.0 0.978014808777 1.0
187.0 -0.177378576843 1.0
27.0 1.01826537855 1.0
191.0 5.57425876828 1.0
67.0 0.953843981567 1.0
123.0 0.880930866745 1.0
47.0 0.981907073086 1.0
86.0 0.954689400394 1.0
177.0 0.587011594095 1.0
167.0 -0.237324484306 1.0
173.0 1.94204040508 1.0
189.0 5.64733882957 1.0
object 56	1.0:1.0
109.0 1.0188976446 1.0
166.0 3.1454890041 1.0
27.0 1.01688801607 1.0
object 57	1.0:1.0
153.0 0.989048950536 1.0
17.0 0.994932407052 1.0
129.0 1.02550750108 1.0
150.0 1.0167170304 1.0
object 58	1.0:1.0
143.0 0.946575725342 1.0
89.0 0.993150293382 1.0
10.0 1.07083907989 1.0
49.0 1.01375972088 1.0
146.0 0.98035203932 1.0
24.0 0.900464165213 1.0
195.0 -2.22292517302 1.0
73.0 1.01299218298 1.0
object 59	1.0:1.0
55.0 1.00490622292 1.0
80.0 1.02638829701 1.0
131.0 0.944484401989 1.0
177.0 0.705810647851 1.0
160.0 0.162885531296 1.0
object 60	1.0:1.0
153.0 0.98117558951 1.0
169.0 -0.262764515325 1.0
194.0 4.2533674829 1.0
143.0 1.04276019945 1.0
47.0 1.01007891185 1.0
67.0 1.04815597274 1.0
object 61	1.0:1.0
24.0 1.00868085094 1.0
180.0 4.24257602481 1.0
94.0 1.00338066476 1.0
19.0 0.990399211739 1.0
152.0 0.955803440159 1.0
object 62	1.0:1.0
156.0 1.00159619208 1.0
28.0 0.977895623587 1.0
154.0 0.934655448462 1.0
61.0 0.927062306787 1.0
6.0 0.978668475304 1.0
40.0 1.03465762349 1.0
98.0 1.0163343364 1.0
2.0 1.02410620182 1.0
object 63	1.0:1.0
27.0 1.02042710795 1.0
165.0 -2.42558314513 1.0
10.0 0.989304271846 1.0
110.0 1.01499805065 1.0
object 64	1.0:1.0
106.0 1.01706881595 1.0
53.0 1.00357777397 1.0
62.0 0.987107951363 1.0
86.0 1.0080175331 1.0
90.0 1.03541878381 1.0
93.0 1.00499714764 1.0
181.0 2.41686208227 1.0
119.0 1.00198356333 1.0
object 65	1.0:1.0
161.0 0.0767238272526 1.0
97.0 0.990481733884 1.0
91.0 0.990065892856 1.0
171.0 1.74598094206 1.0
75.0 1.01489027987 1.0
object 66	1.0:1.0
79.0 0.980225667818 1.0
183.0 -0.0808270630573 1.0
17.0 1.0397254757 1.0
object 67	1.0:1.0
189.0 1.14753780943 1.0
38.0 0.991620549062 1.0
16.0 0.969219799179 1.0
122.0 1.03989346648 1.0
61.0 1.00825633674 1.0
object 68	1.0:1.0
184.0 4.96303338235 1.0
182.0 3.89596561541 1.0
125.0 1.01375554992 1.0
object 69	1.0:1.0
130.0 0.966504340647 1.0
84.0 1.00266429693 1.0
184.0 8.06195552447 1.0
29.0 1.03170766236 1.0
127.0 1.03415918057 1.0
0.0 1.02590145861 1.0
124.0 0.958400355937 1.0
67.0 0.943593076147 1.0
object 70	1.0:1.0
197.0 9.20822781502 1.0
89.0 0.995903292849 1.0
object 71	1.0:1.0
192.0 -1.70638492339 1.0
10.0 1.01720942925 1.0
36.0 1.00603759992 1.0
92.0 0.999647728024 1.0
155.0 1.00764768875 1.0
178.0 -4.66577112056 1.0
63.0 1.01788240636 1.0
59.0 1.03467397479 1.0
object 72	1.0:1.0
27.0 0.96499188426 1.0
65.0 0.986347264417 1.0
object 73	1.0:1.0
114.0 0.987902821179 1.0
8.0 0.968306223214 1.0
165.0 0.683032622724 1.0
object 74	1.0:1.0
149.0 0.996970858344 1.0
194.0 4.48866574606 1.0
100.0 0.957049041012 1.0
9.0 1.00709588628 1.0
object 75	1.0:1.0
109.0 0.897608566941 1.0
153.0 0.946334210098 1.0
178.0 7.71603726716 1.0
35.0 1.00051105375 1.0
object 76	1.0:1.0
195.0 6.84360018622 1.0
73.0 1.02903460236 1.0
186.0 1.67143339338 1.0
103.0 1.01908318454 1.0
176.0 1.88544482958 1.0
object 77	1.0:1.0
171.0 5.73171424741 1.0
36.0 1.01624310414 1.0
147.0 0.994455576772 1.0
191.0 2.77451619443 1.0
17.0 0.952215252958 1.0
48.0 0.961765083674 1.0
194.0 -0.685227279321 1.0
118.0 1.00984904047 1.0
107.0 0.992881384811 1.0
74.0 0.996247927023 1.0
110.0 0.970430119687 1.0
object 78	1.0:1.0
42.0 1.10606747344 1.0
95.0 0.993048523446 1.0
134.0 1.05559546266 1.0
object 79	1.0:1.0
171.0 2.51275723629 1.0
51.0 0.990307765088 1.0
60.0 0.990832208659 1.0
196.0 4.39389783527 1.0
107.0 1.03437918532 1.0
5.0 0.947881849378 1.0
object 80	1.0:1.0
145.0 0.945774086898 1.0
27.0 0.971010968699 1.0
156.0 0.999891100174 1.0
object 81	1.0:1.0
54.0 0.990361798228 1.0
145.0 0.996730352569 1.0
72.0 0.974787934314 1.0
178.0 -8.04738032379 1.0
179.0 5.86031117648 1.0
166.0 3.24507301839 1.0
167.0 -2.90377220616 1.0
33.0 0.972531832429 1.0
49.0 1.01292171141 1.0
object 82	1.0:1.0
38.0 1.02364951651 1.0
73.0 1.00257579378 1.0
object 83	1.0:1.0
184.0 5.64707669132 1.0
153.0 1.0042766149 1.0
object 84	1.0:1.0
136.0 1.00272509095 1.0
8.0 1.06412958735 1.0
16.0 1.02027578015 1.0
97.0 0.998125732284 1.0
6.0 1.03828625461 1.0
object 85	1.0:1.0
44.0 0.986968949819 1.0
29.0 1.00239334832 1.0
1.0 1.00133074755 1.0
133.0 0.997571305923 1.0
120.0 1.00113547176 1.0
139.0 1.00689643076 1.0
158.0 0.980439878296 1.0
object 86	1.0:1.0
86.0 0.961906811427 1.0
99.0 1.01844337297 1.0
object 87	1.0:1.0
51.0 1.06304087224 1.0
187.0 1.59378155295 1.0
178.0 3.18165240313 1.0
120.0 0.996258705508 1.0
160.0 -3.69966171841 1.0
object 88	1.0:1.0
135.0 0.969824084623 1.0
162.0 0.216995188656 1.0
156.0 1.01742003051 1.0
67.0 1.05587869587 1.0
187.0 -0.17079262635 1.0
38.0 0.932931966168 1.0
167.0 -1.65327519422 1.0
object 89	1.0:1.0
184.0 -2.49577743502 1.0
87.0 1.01045580197 1.0
127.0 0.936678520326 1.0
98.0 1.00720199934 1.0
107.0 0.974673133093 1.0
object 90	1.0:1.0
73.0 0.988412114772 1.0
156.0 0.999168521372 1.0
object 91	1.0:1.0
54.0 1.00514376809 1.0
106.0 0.966942076852 1.0
90.0 1.05006628929 1.0
88.0 0.958611445566 1.0
102.0 0.978793872816 1.0
134.0 0.993358067421 1.0
41.0 1.01576326622 1.0
object 92	1.0:1.0
104.0 0.96231831515 1.0
76.0 1.01915604832 1.0
48.0 1.0331953459 1.0
60.0 1.01214400936 1.0
114.0 1.03161846788 1.0
object 93	1.0:1.0
105.0 0.96899542507 1.0
87.0 1.01930641506 1.0
157.0 0.965890758517 1.0
103.0 0.99921475799 1.0
object 94	1.0:1.0
46.0 0.983902076572 1.0
63.0 0.999329094558 1.0
132.0 1.01682690302 1.0
175.0 0.820566171266 1.0
167.0 -1.03608667887 1.0
object 95	1.0:1.0
97.0 1.0053790044 1.0
60.0 1.0594456315 1.0
object 96	1.0:1.0
182.0 3.3708324369 1.0
63.0 1.01734362392 1.0
120.0 1.00242914084 1.0
122.0 1.0847943221 1.0
52.0 1.0105625974 1.0
object 97	1.0:1.0
107.0 0.892720542118 1.0
176.0 -1.05805468397 1.0
166.0 0.96767111913 1.0
64.0 1.017057912 1.0
27.0 1.02381253016 1.0
198.0 3.43006262989 1.0
151.0 0.981135057354 1.0
object 98	1.0:1.0
141.0 1.0081583346 1.0
175.0 2.66612316405 1.0
83.0 0.98472830343 1.0
19.0 1.04857137487 1.0
108.0 0.974713209992 1.0
35.0 1.00090951436 1.0
21.0 1.04473039294 1.0
object 99	1.0:1.0
196.0 2.69596089704 1.0
146.0 1.00570369895 1.0
68.0 1.0026112302 1.0
121.0 1.01398758287 1.0
