object 0	1.0:1.0
154.0 1.01155140854 1.0
38.0 1.02196895115 1.0
115.0 1.02963499372 1.0
11.0 0.989508195978 1.0
40.0 1.06149877796 1.0
51.0 0.934977556956 1.0
68.0 0.976712319906 1.0
52.0 0.9734017386 1.0
196.0 1.4388208119 1.0
56.0 0.991027473748 1.0
122.0 1.04686769373 1.0
46.0 1.07483791446 1.0
123.0 1.0260685888 1.0
61.0 0.967041592829 1.0
152.0 1.0017940388 1.0
166.0 0.992330076519 1.0
161.0 1.02247814296 1.0
15.0 0.966167905084 1.0
167.0 1.00591811254 1.0
171.0 1.06087139995 1.0
107.0 1.04836308572 1.0
163.0 1.02530652049 1.0
58.0 1.02481154725 1.0
20.0 1.0200910617 1.0
140.0 0.997158562636 1.0
37.0 1.0199216381 1.0
93.0 0.982100381344 1.0
66.0 0.973162886809 1.0
96.0 0.972851997323 1.0
143.0 0.97813996935 1.0
78.0 0.97049486623 1.0
139.0 1.03568073245 1.0
199.0 1.78139692665 1.0
70.0 1.00284344445 1.0
106.0 1.00779420927 1.0
object 1	1.0:1.0
151.0 0.936067810082 1.0
95.0 1.01375578318 1.0
80.0 1.02022614173 1.0
199.0 9.04538390936 1.0
181.0 1.76733641821 1.0
133.0 0.994733095732 1.0
12.0 1.00239873487 1.0
142.0 0.987910370582 1.0
123.0 0.969281252446 1.0
68.0 1.01662690608 1.0
77.0 0.994717209504 1.0
184.0 -3.11490841681 1.0
118.0 0.993344908997 1.0
53.0 0.976782601053 1.0
83.0 1.03314180796 1.0
23.0 1.02421320756 1.0
30.0 1.07201903119 1.0
10.0 0.998809165102 1.0
119.0 1.02183877708 1.0
111.0 1.02293160307 1.0
89.0 0.961973754231 1.0
76.0 1.00673876565 1.0
87.0 0.970262944373 1.0
113.0 0.962767193079 1.0
161.0 1.00065840353 1.0
19.0 1.01363412721 1.0
object 2	1.0:1.0
12.0 1.02368235841 1.0
109.0 0.982311671201 1.0
97.0 0.981521139543 1.0
142.0 1.00976020503 1.0
150.0 1.00111265635 1.0
16.0 0.979961194772 1.0
138.0 1.00706215072 1.0
48.0 1.01001768255 1.0
117.0 1.00751600299 1.0
102.0 1.02520949276 1.0
82.0 0.970754594657 1.0
83.0 0.957873380598 1.0
63.0 0.939045491782 1.0
174.0 1.01089965026 1.0
140.0 0.975354768829 1.0
98.0 0.985410719346 1.0
62.0 1.00752345559 1.0
151.0 0.995577615034 1.0
93.0 0.991303327817 1.0
4.0 0.946115174013 1.0
178.0 0.918554735941 1.0
31.0 1.00481743846 1.0
191.0 0.266705813784 1.0
15.0 1.02417197584 1.0
121.0 0.999714623041 1.0
23.0 0.938759695902 1.0
159.0 0.947130615566 1.0
8.0 0.963297146872 1.0
56.0 1.01153581694 1.0
object 3	1.0:1.0
106.0 1.00668485884 1.0
4.0 1.04309507354 1.0
24.0 0.98019837421 1.0
70.0 1.01493002957 1.0
191.0 -0.253208860376 1.0
55.0 0.997101528885 1.0
20.0 0.92453490667 1.0
59.0 0.98063864639 1.0
113.0 1.07655344585 1.0
62.0 0.978313361862 1.0
51.0 1.01282087114 1.0
42.0 0.975333471947 1.0
138.0 1.01334428147 1.0
199.0 -0.656988873646 1.0
36.0 1.04561301451 1.0
98.0 1.00235710768 1.0
179.0 0.961509406734 1.0
133.0 1.03749019966 1.0
94.0 1.01526949887 1.0
115.0 1.02445777549 1.0
132.0 1.00586492585 1.0
43.0 1.00269299425 1.0
47.0 0.934998519502 1.0
29.0 1.01067946388 1.0
85.0 0.969841288611 1.0
12.0 0.990193054683 1.0
83.0 0.969134862228 1.0
object 4	1.0:1.0
17.0 0.967941720845 1.0
153.0 1.01146451624 1.0
173.0 1.03570478972 1.0
45.0 0.971324573542 1.0
93.0 0.99346371243 1.0
5.0 1.00225187907 1.0
125.0 1.00920037001 1.0
167.0 1.03540405794 1.0
100.0 0.995610333147 1.0
132.0 1.00275205411 1.0
11.0 1.02386423099 1.0
169.0 0.965583513801 1.0
164.0 1.07142244967 1.0
120.0 1.01684125811 1.0
101.0 1.03738645155 1.0
188.0 0.304121407682 1.0
31.0 0.97961560338 1.0
126.0 0.951382829834 1.0
171.0 0.922974332236 1.0
184.0 -0.582746504424 1.0
41.0 1.03120379583 1.0
162.0 1.00603258815 1.0
24.0 0.98428066901 1.0
82.0 1.00130285189 1.0
151.0 0.997547758822 1.0
99.0 0.984475782141 1.0
40.0 1.01302287601 1.0
object 5	1.0:1.0
26.0 0.940513246394 1.0
182.0 2.84241613017 1.0
198.0 1.89775346472 1.0
141.0 0.985963503359 1.0
188.0 -1.23766934814 1.0
65.0 1.0106579041 1.0
195.0 3.0777662268 1.0
37.0 0.995331918356 1.0
87.0 1.01328640794 1.0
69.0 1.01405000718 1.0
103.0 0.979842444208 1.0
64.0 1.05558838563 1.0
122.0 0.972221140364 1.0
93.0 0.998546208508 1.0
43.0 1.02220655912 1.0
137.0 0.989692171439 1.0
47.0 0.942202782176 1.0
153.0 1.0556255888 1.0
167.0 1.05753467805 1.0
149.0 0.97095277159 1.0
151.0 0.972471759364 1.0
189.0 -5.16008825829 1.0
176.0 1.00115751659 1.0
48.0 1.04091728221 1.0
138.0 1.00905991713 1.0
158.0 1.00019264236 1.0
80.0 0.931295465333 1.0
191.0 -0.0411235418763 1.0
168.0 0.89598315471 1.0
184.0 0.194363335369 1.0
127.0 1.02440086172 1.0
175.0 0.985164601414 1.0
128.0 0.986554500478 1.0
125.0 0.921507073363 1.0
171.0 0.993374372301 1.0
41.0 1.02071620883 1.0
136.0 0.973930418729 1.0
29.0 1.00697924163 1.0
21.0 0.937623038606 1.0
51.0 1.01409226791 1.0
155.0 1.02623950694 1.0
9.0 0.980793185945 1.0
17.0 0.99650075884 1.0
28.0 0.986562076184 1.0
object 6	1.0:1.0
198.0 -4.84305118287 1.0
83.0 0.882792781136 1.0
149.0 0.994190322737 1.0
55.0 1.00492268258 1.0
156.0 0.983711229733 1.0
23.0 1.03598462472 1.0
151.0 1.07342100452 1.0
135.0 0.990964788995 1.0
67.0 1.00338416404 1.0
41.0 0.968307183889 1.0
66.0 1.02661507483 1.0
128.0 1.01533806994 1.0
108.0 1.00646823635 1.0
80.0 0.990889160758 1.0
62.0 1.03551616358 1.0
158.0 0.968439078936 1.0
14.0 1.01338183235 1.0
46.0 1.00825959613 1.0
7.0 0.992818323152 1.0
117.0 0.996422522052 1.0
6.0 1.05795177503 1.0
96.0 1.01721882877 1.0
32.0 0.993719311453 1.0
49.0 0.973414049039 1.0
21.0 1.01915911268 1.0
65.0 1.00403533682 1.0
182.0 0.310009298845 1.0
178.0 1.02008729574 1.0
36.0 0.993685456125 1.0
186.0 4.23862651158 1.0
97.0 1.03970439537 1.0
59.0 0.995179806104 1.0
152.0 1.01408751655 1.0
object 7	1.0:1.0
120.0 1.01149383218 1.0
88.0 1.01991627518 1.0
30.0 1.04176047517 1.0
85.0 0.99525648531 1.0
39.0 0.985059750847 1.0
191.0 -0.0143785262054 1.0
177.0 0.980975524852 1.0
65.0 0.995395651719 1.0
23.0 1.03272099397 1.0
196.0 10.2974272214 1.0
5.0 1.00484139756 1.0
66.0 1.02171818566 1.0
153.0 1.0192851566 1.0
60.0 1.02791011942 1.0
119.0 0.973427531177 1.0
193.0 -3.06201617825 1.0
166.0 1.02702982071 1.0
44.0 0.961279653182 1.0
24.0 0.983587583568 1.0
125.0 0.99089558297 1.0
34.0 0.954799637672 1.0
72.0 1.07901334137 1.0
50.0 0.990722765379 1.0
18.0 1.00968185096 1.0
173.0 1.03151135636 1.0
54.0 1.02198330849 1.0
161.0 1.01796838587 1.0
160.0 1.00119218601 1.0
25.0 0.955034888843 1.0
87.0 0.982106084644 1.0
186.0 -0.90794733415 1.0
192.0 -2.37632352255 1.0
171.0 1.02028200986 1.0
object 8	1.0:1.0
3.0 1.02082358748 1.0
178.0 1.01131633308 1.0
189.0 1.38830156278 1.0
107.0 0.982779969588 1.0
127.0 0.992796172191 1.0
101.0 1.03511207672 1.0
43.0 1.0022281291 1.0
106.0 0.952330108926 1.0
122.0 0.998045639569 1.0
47.0 0.97595400446 1.0
52.0 1.00177858716 1.0
91.0 1.00451221843 1.0
82.0 1.01195872586 1.0
123.0 0.9631661777 1.0
170.0 1.00572252888 1.0
160.0 0.991492274376 1.0
26.0 0.977878119541 1.0
184.0 1.51966418525 1.0
97.0 1.0588263348 1.0
66.0 1.05985635094 1.0
151.0 1.03782294721 1.0
164.0 1.00959514502 1.0
75.0 1.03585015225 1.0
53.0 0.989448330184 1.0
109.0 0.972540933527 1.0
44.0 1.00270758987 1.0
116.0 0.988520733381 1.0
156.0 0.983242870296 1.0
183.0 1.93884294957 1.0
115.0 1.0153230989 1.0
185.0 4.38447199813 1.0
94.0 0.993713040375 1.0
object 9	1.0:1.0
145.0 0.982147569831 1.0
68.0 0.951653644939 1.0
80.0 0.959341545346 1.0
71.0 0.96019261844 1.0
136.0 1.00074833948 1.0
35.0 1.01387457531 1.0
191.0 -0.741868671586 1.0
63.0 0.954029206336 1.0
185.0 -1.15237712392 1.0
25.0 0.94422876137 1.0
186.0 -1.62414763804 1.0
199.0 -1.1472150648 1.0
46.0 0.963525190937 1.0
139.0 1.11089395427 1.0
69.0 0.997256307004 1.0
153.0 0.984884046285 1.0
72.0 1.05571785966 1.0
128.0 1.00211840279 1.0
17.0 1.02938724745 1.0
90.0 0.983254094238 1.0
14.0 1.01357158771 1.0
196.0 -1.67686504765 1.0
48.0 0.98457871251 1.0
192.0 6.6453283576 1.0
32.0 0.976337356406 1.0
37.0 0.997467402377 1.0
150.0 0.976503426821 1.0
110.0 0.998626220378 1.0
180.0 -1.13815669811 1.0
156.0 0.996853450845 1.0
44.0 1.03197097393 1.0
65.0 1.00765595501 1.0
31.0 0.97921561962 1.0
11.0 0.999852151179 1.0
94.0 0.974743123595 1.0
164.0 1.05863226482 1.0
133.0 0.946754442356 1.0
163.0 1.01719770144 1.0
object 10	1.0:1.0
132.0 1.00063646881 1.0
75.0 0.991497157764 1.0
111.0 1.00198120393 1.0
158.0 0.974154525548 1.0
7.0 0.965674259801 1.0
120.0 0.994199012145 1.0
53.0 1.01491133761 1.0
161.0 1.04203127427 1.0
193.0 0.564857286034 1.0
86.0 0.998465952254 1.0
50.0 0.989065623006 1.0
4.0 1.05315873351 1.0
31.0 0.979821932816 1.0
106.0 0.996870267226 1.0
190.0 -5.91945791078 1.0
94.0 1.03825740625 1.0
72.0 0.963043671076 1.0
46.0 0.996297294457 1.0
136.0 1.05350245771 1.0
115.0 0.975279746086 1.0
143.0 1.00464082041 1.0
68.0 0.93547974413 1.0
183.0 -1.38884756094 1.0
9.0 1.06713192642 1.0
105.0 1.00434167321 1.0
58.0 1.05357124738 1.0
56.0 0.994864744704 1.0
60.0 1.01509509734 1.0
137.0 0.992245012738 1.0
44.0 1.01012234923 1.0
162.0 0.978108279562 1.0
object 11	1.0:1.0
176.0 0.988181966972 1.0
24.0 1.03812778976 1.0
196.0 -9.87349376382 1.0
172.0 0.997910810129 1.0
71.0 0.974098544909 1.0
121.0 1.01197583824 1.0
125.0 1.00328883939 1.0
25.0 1.0181180835 1.0
197.0 5.57245384097 1.0
52.0 1.00474797768 1.0
67.0 1.04946383905 1.0
117.0 0.997903810825 1.0
187.0 2.33810592739 1.0
62.0 1.00243086806 1.0
101.0 0.96454829275 1.0
29.0 0.99403805923 1.0
27.0 0.988330638191 1.0
49.0 0.976123841879 1.0
26.0 0.973308237302 1.0
54.0 0.961974677552 1.0
171.0 1.02677751924 1.0
148.0 1.00329615846 1.0
134.0 1.00662229001 1.0
108.0 0.985865646973 1.0
38.0 0.981562533203 1.0
169.0 0.951107148705 1.0
87.0 0.99679978427 1.0
193.0 -0.671407724995 1.0
112.0 1.05658953529 1.0
22.0 0.950202132108 1.0
object 12	1.0:1.0
66.0 1.00281540087 1.0
16.0 0.99537344636 1.0
64.0 0.971448684016 1.0
8.0 0.979156826295 1.0
155.0 1.00820434416 1.0
167.0 0.990460273289 1.0
177.0 0.979915990942 1.0
182.0 1.55876869321 1.0
49.0 1.03795389482 1.0
101.0 1.0314310023 1.0
83.0 1.00880176348 1.0
110.0 0.969153836227 1.0
171.0 0.961965114167 1.0
119.0 1.00201634555 1.0
183.0 -4.43528173969 1.0
121.0 1.09730636533 1.0
0.0 1.01635574805 1.0
102.0 0.914316962861 1.0
107.0 0.939838704186 1.0
object 13	1.0:1.0
62.0 1.00836610794 1.0
116.0 0.981474478095 1.0
1.0 0.984757038295 1.0
83.0 1.00193970591 1.0
78.0 1.00355891039 1.0
2.0 0.994234998056 1.0
49.0 0.976692443587 1.0
86.0 1.02216862166 1.0
65.0 1.02738865065 1.0
132.0 0.975002570123 1.0
29.0 1.02367031365 1.0
22.0 0.957979293229 1.0
170.0 0.983192650554 1.0
36.0 1.02018603523 1.0
10.0 0.975263293393 1.0
52.0 1.0023087688 1.0
55.0 0.991089891171 1.0
171.0 1.00411985583 1.0
9.0 1.05999852624 1.0
61.0 1.02254339416 1.0
96.0 0.987207916409 1.0
63.0 1.00445785698 1.0
101.0 1.04257096165 1.0
59.0 1.03371294086 1.0
0.0 0.988184486399 1.0
76.0 1.00372980783 1.0
102.0 1.00166241409 1.0
146.0 1.01431322421 1.0
108.0 1.00540929306 1.0
130.0 1.02650373321 1.0
54.0 1.02938343879 1.0
167.0 1.03177428975 1.0
object 14	1.0:1.0
151.0 0.969637586149 1.0
64.0 0.977218378352 1.0
86.0 1.04280202235 1.0
137.0 0.994377846955 1.0
32.0 0.996736977258 1.0
159.0 0.936904901833 1.0
81.0 0.99143921107 1.0
62.0 0.995672021352 1.0
157.0 1.01213761615 1.0
167.0 1.02250668404 1.0
82.0 1.02126040533 1.0
37.0 1.00223207412 1.0
53.0 0.987870197043 1.0
161.0 1.06566587044 1.0
155.0 0.991794664494 1.0
89.0 1.01173745523 1.0
33.0 1.00160198347 1.0
75.0 0.982028218394 1.0
199.0 1.10713156594 1.0
181.0 -0.707027555026 1.0
190.0 7.80241604251 1.0
162.0 1.02287428167 1.0
70.0 1.01388238355 1.0
56.0 0.98806814105 1.0
72.0 1.0157682787 1.0
148.0 0.926189573987 1.0
104.0 1.01959454112 1.0
196.0 6.22974756912 1.0
168.0 1.00493179964 1.0
144.0 1.014907808 1.0
121.0 0.982917278928 1.0
83.0 1.05454773477 1.0
118.0 1.01766251731 1.0
50.0 0.9911210969 1.0
28.0 0.987223535164 1.0
154.0 0.999337412714 1.0
59.0 1.00579548226 1.0
105.0 1.00998167849 1.0
145.0 1.01778197582 1.0
object 15	1.0:1.0
105.0 1.00033072743 1.0
142.0 0.974967765834 1.0
35.0 1.01097526927 1.0
185.0 4.26783904419 1.0
52.0 0.989700246026 1.0
155.0 1.02756328361 1.0
128.0 0.998415202633 1.0
177.0 1.01781804002 1.0
55.0 1.00376070739 1.0
149.0 1.04144098462 1.0
51.0 1.02925636838 1.0
19.0 1.02991154742 1.0
100.0 0.980136245705 1.0
71.0 0.976000357338 1.0
59.0 1.00734795142 1.0
136.0 1.17949223027 1.0
28.0 1.00299956976 1.0
37.0 1.00332036698 1.0
81.0 1.0043932953 1.0
39.0 0.991061352572 1.0
73.0 1.00372261194 1.0
112.0 0.960511736115 1.0
9.0 0.893469407168 1.0
172.0 0.981418577414 1.0
91.0 0.977756332941 1.0
76.0 1.00822706852 1.0
95.0 0.997503031597 1.0
199.0 -3.47047312814 1.0
20.0 1.12981931431 1.0
141.0 1.02079102407 1.0
92.0 0.986551588537 1.0
36.0 1.02961030147 1.0
63.0 0.976645356199 1.0
178.0 0.986563330966 1.0
195.0 -1.48734172274 1.0
object 16	1.0:1.0
134.0 1.00126113701 1.0
6.0 0.990934292889 1.0
65.0 0.976230072708 1.0
89.0 0.993720002481 1.0
185.0 1.10149287199 1.0
82.0 1.01926540509 1.0
27.0 0.993444945836 1.0
194.0 -3.0843278928 1.0
132.0 0.992067418471 1.0
62.0 0.997766172229 1.0
4.0 0.952302891108 1.0
68.0 0.946428171608 1.0
50.0 0.986091453582 1.0
148.0 1.05280271001 1.0
0.0 0.973170713664 1.0
117.0 1.01586989384 1.0
173.0 0.998599297765 1.0
52.0 1.01767816183 1.0
83.0 0.984469258329 1.0
175.0 0.957045649888 1.0
160.0 0.943733115482 1.0
195.0 0.43207176846 1.0
30.0 0.996634468541 1.0
120.0 1.02853962097 1.0
103.0 1.04280474844 1.0
110.0 0.940163449433 1.0
182.0 -2.44664671917 1.0
31.0 0.995365757116 1.0
122.0 0.89066038918 1.0
object 17	1.0:1.0
71.0 1.09290775525 1.0
56.0 0.995159130037 1.0
191.0 -2.17980745429 1.0
35.0 0.963726434335 1.0
159.0 1.0121406276 1.0
40.0 1.00562869074 1.0
27.0 1.02165427267 1.0
18.0 1.028286155 1.0
176.0 0.997578092561 1.0
39.0 1.01789349769 1.0
192.0 2.66726677442 1.0
185.0 0.393241484509 1.0
182.0 3.80435123038 1.0
45.0 1.04775188262 1.0
98.0 0.996905166686 1.0
5.0 1.0147326691 1.0
173.0 1.01097195336 1.0
101.0 1.01838687211 1.0
87.0 1.01017795683 1.0
32.0 0.985072991777 1.0
142.0 0.994981011827 1.0
162.0 0.93211771491 1.0
126.0 1.05123329494 1.0
83.0 1.01129336439 1.0
73.0 1.04380692995 1.0
164.0 1.02953440328 1.0
16.0 1.02784029695 1.0
46.0 1.00564218097 1.0
47.0 1.04079006062 1.0
156.0 0.983110671913 1.0
63.0 1.03313279528 1.0
51.0 1.0711821346 1.0
179.0 1.04355598074 1.0
object 18	1.0:1.0
25.0 1.01853933687 1.0
40.0 1.02748355306 1.0
45.0 0.9341527545 1.0
152.0 1.00496580507 1.0
156.0 0.991483710092 1.0
30.0 0.992386729629 1.0
158.0 1.00040330247 1.0
119.0 0.960415411139 1.0
145.0 1.00259533689 1.0
52.0 0.985232617643 1.0
12.0 0.957684814308 1.0
3.0 1.03030368582 1.0
29.0 0.949503048736 1.0
97.0 1.00260893957 1.0
39.0 1.00971177674 1.0
46.0 0.965155682456 1.0
125.0 1.00883918532 1.0
54.0 0.978712612067 1.0
80.0 1.04737613921 1.0
104.0 0.974932982476 1.0
144.0 1.01246658194 1.0
159.0 1.06369591484 1.0
56.0 1.00982401037 1.0
37.0 1.00755715932 1.0
108.0 1.02283700513 1.0
183.0 5.83310801561 1.0
98.0 1.00522715824 1.0
object 19	1.0:1.0
159.0 1.01220753177 1.0
81.0 1.01037715557 1.0
182.0 7.96345193151 1.0
198.0 -0.0031736696098 1.0
163.0 0.99693446382 1.0
0.0 0.992199927575 1.0
175.0 0.958965137549 1.0
21.0 1.01458095942 1.0
190.0 3.56337663242 1.0
28.0 0.999935552217 1.0
73.0 1.03707917746 1.0
94.0 0.992299547118 1.0
171.0 1.00799094158 1.0
194.0 1.35243121929 1.0
168.0 1.02002612941 1.0
84.0 0.933924677855 1.0
178.0 1.00420440734 1.0
110.0 1.06668816464 1.0
199.0 -5.17717692023 1.0
119.0 1.02284423999 1.0
167.0 0.943244326458 1.0
41.0 1.03702117609 1.0
54.0 1.00250580353 1.0
113.0 0.887607545418 1.0
70.0 1.00656556285 1.0
135.0 1.04476388595 1.0
124.0 0.965046409814 1.0
90.0 1.01826146897 1.0
87.0 0.985858081499 1.0
133.0 0.94673604282 1.0
193.0 7.665089443 1.0
object 20	1.0:1.0
196.0 1.26125074056 1.0
158.0 1.00471599419 1.0
85.0 0.971864358004 1.0
25.0 0.970689199869 1.0
32.0 0.99288748399 1.0
156.0 1.00953789183 1.0
2.0 0.927898223519 1.0
137.0 0.996456176404 1.0
126.0 1.01175453671 1.0
80.0 0.998901264163 1.0
66.0 0.974384792649 1.0
68.0 0.928572486124 1.0
170.0 1.00379207726 1.0
114.0 0.994691014139 1.0
127.0 0.965481648315 1.0
111.0 1.01976868328 1.0
146.0 1.01349472765 1.0
82.0 0.993916990433 1.0
161.0 1.03802898131 1.0
14.0 0.993303645548 1.0
159.0 1.01342082811 1.0
49.0 0.975295508711 1.0
64.0 1.08156938839 1.0
object 21	1.0:1.0
39.0 1.0016484233 1.0
150.0 1.01943234843 1.0
76.0 0.966105887407 1.0
151.0 1.01424529117 1.0
60.0 1.056388633 1.0
53.0 0.98448991764 1.0
37.0 1.0107977805 1.0
192.0 4.457922043 1.0
87.0 1.00457307379 1.0
46.0 0.957084084038 1.0
143.0 1.08361588081 1.0
190.0 -0.974598857724 1.0
51.0 1.07978041318 1.0
191.0 0.163844097661 1.0
187.0 -0.15179710499 1.0
133.0 1.00206502018 1.0
2.0 1.02273612821 1.0
135.0 1.0224733591 1.0
45.0 0.969666076508 1.0
176.0 1.01727585053 1.0
9.0 0.967270521336 1.0
157.0 1.0087843006 1.0
146.0 1.02306162021 1.0
166.0 0.990248819468 1.0
54.0 0.960227692014 1.0
10.0 1.00067825782 1.0
109.0 0.928600349477 1.0
59.0 1.06875437937 1.0
178.0 0.974972262912 1.0
object 22	1.0:1.0
177.0 0.995849248934 1.0
70.0 1.00261143765 1.0
131.0 1.00855532655 1.0
56.0 1.008246332 1.0
77.0 0.992567008123 1.0
33.0 1.00061019988 1.0
98.0 1.01690434017 1.0
3.0 1.02023574202 1.0
190.0 -2.90018792232 1.0
159.0 0.941304554168 1.0
102.0 1.03291468767 1.0
42.0 0.961188177961 1.0
180.0 4.82008392115 1.0
135.0 1.01734573517 1.0
175.0 0.992895363306 1.0
35.0 1.0410245068 1.0
14.0 0.988376713143 1.0
184.0 4.2036329556 1.0
106.0 1.01867753582 1.0
123.0 1.00420985149 1.0
8.0 1.07190803175 1.0
9.0 1.09078374353 1.0
164.0 1.00997866061 1.0
20.0 0.920405491205 1.0
197.0 9.34757065331 1.0
178.0 0.989214314094 1.0
146.0 1.00906974416 1.0
object 23	1.0:1.0
30.0 0.995218142269 1.0
181.0 1.1602870156 1.0
84.0 0.91127841766 1.0
79.0 1.01695107402 1.0
27.0 1.00536449054 1.0
195.0 3.73138932703 1.0
82.0 0.992723429797 1.0
96.0 1.0241752336 1.0
16.0 1.02775555199 1.0
8.0 1.02642814755 1.0
86.0 0.940950451925 1.0
19.0 0.954252864197 1.0
136.0 1.02457800344 1.0
142.0 1.01154096245 1.0
72.0 0.956122733919 1.0
45.0 0.974257536352 1.0
186.0 -1.33048409868 1.0
31.0 0.986114273427 1.0
110.0 1.05014997851 1.0
165.0 1.07174299496 1.0
11.0 1.01298536838 1.0
51.0 0.97485232214 1.0
67.0 1.01182119681 1.0
175.0 1.02841251831 1.0
46.0 1.06200820128 1.0
48.0 0.987620767206 1.0
52.0 1.01098657329 1.0
119.0 0.968641204006 1.0
127.0 1.06039516934 1.0
object 24	1.0:1.0
106.0 0.990940057966 1.0
116.0 0.999980318217 1.0
50.0 1.01187105326 1.0
176.0 1.01046658796 1.0
7.0 1.02714315325 1.0
113.0 0.994617286499 1.0
187.0 5.38351125891 1.0
49.0 1.02535283369 1.0
120.0 1.01723046235 1.0
160.0 1.03228807546 1.0
198.0 9.57494400871 1.0
195.0 3.33694747278 1.0
47.0 0.956555620292 1.0
138.0 1.01809093767 1.0
149.0 0.977438610074 1.0
91.0 1.03380591144 1.0
26.0 1.05831163894 1.0
146.0 1.00966512187 1.0
139.0 1.06220191519 1.0
64.0 0.940474215592 1.0
123.0 0.967134631752 1.0
110.0 0.968578357615 1.0
42.0 0.994284843907 1.0
190.0 3.58040947435 1.0
144.0 1.02586227485 1.0
115.0 1.00263639732 1.0
43.0 1.00990193883 1.0
8.0 1.00094331263 1.0
192.0 5.94316678448 1.0
73.0 1.07140928128 1.0
39.0 1.00652461721 1.0
71.0 0.983866211193 1.0
object 25	1.0:1.0
102.0 1.00491122951 1.0
84.0 0.968790656176 1.0
47.0 0.923035035023 1.0
72.0 0.95631773796 1.0
144.0 1.00972799284 1.0
141.0 1.0119178809 1.0
99.0 0.98323811072 1.0
146.0 1.00243412184 1.0
16.0 0.998459242787 1.0
31.0 1.00690757467 1.0
151.0 0.940385514809 1.0
152.0 0.976234987537 1.0
139.0 1.03866630682 1.0
143.0 0.980897242317 1.0
4.0 1.00962725188 1.0
195.0 6.90998988009 1.0
113.0 0.960144264251 1.0
109.0 0.99510253457 1.0
116.0 0.993759427322 1.0
126.0 1.01878080712 1.0
193.0 -0.971109299752 1.0
60.0 1.02567702253 1.0
28.0 1.00345008685 1.0
145.0 1.0256448985 1.0
128.0 0.983904429094 1.0
125.0 1.05528851954 1.0
68.0 1.00619737726 1.0
22.0 0.997510573786 1.0
115.0 1.04143355674 1.0
object 26	1.0:1.0
19.0 0.9983163525 1.0
112.0 0.973836280914 1.0
199.0 12.447113625 1.0
152.0 0.952319330878 1.0
148.0 1.05390312583 1.0
17.0 0.982672632745 1.0
44.0 1.00829803729 1.0
32.0 0.987023020395 1.0
149.0 1.01272945036 1.0
190.0 15.0426791001 1.0
36.0 0.957561580145 1.0
119.0 1.02453627607 1.0
189.0 2.52412634467 1.0
150.0 0.999333929687 1.0
92.0 1.04070338717 1.0
84.0 0.95206478585 1.0
34.0 0.984981411972 1.0
24.0 1.02133381923 1.0
59.0 0.968272273126 1.0
157.0 0.99227036747 1.0
113.0 0.959043106473 1.0
167.0 1.03688045388 1.0
192.0 -0.572557645511 1.0
143.0 0.944717822271 1.0
12.0 0.993848893846 1.0
57.0 0.997884863683 1.0
146.0 1.0172666664 1.0
31.0 1.06271966661 1.0
121.0 0.976063513334 1.0
187.0 -4.87784834433 1.0
14.0 0.987920475095 1.0
23.0 0.953112624181 1.0
93.0 1.04052632293 1.0
8.0 0.991761356942 1.0
115.0 0.970882195139 1.0
159.0 1.00174575867 1.0
18.0 0.990237106828 1.0
6.0 0.994018917302 1.0
52.0 0.97072774598 1.0
134.0 0.987397551372 1.0
21.0 1.05753814387 1.0
180.0 -4.21910899838 1.0
object 27	1.0:1.0
149.0 1.00917116949 1.0
74.0 0.981352299804 1.0
12.0 1.02106511151 1.0
111.0 1.02068792292 1.0
79.0 0.998304571669 1.0
50.0 1.00955759031 1.0
33.0 0.94457824159 1.0
178.0 1.02745460196 1.0
39.0 0.988328212896 1.0
59.0 1.02659768313 1.0
40.0 0.977111002421 1.0
187.0 -3.98958682075 1.0
145.0 0.954024532487 1.0
81.0 1.04018558462 1.0
6.0 0.992015504218 1.0
57.0 0.965710336287 1.0
170.0 1.01012943441 1.0
8.0 1.02783827625 1.0
103.0 1.03899020836 1.0
93.0 0.982629816467 1.0
75.0 0.974413242925 1.0
158.0 0.977802178552 1.0
55.0 0.993450647627 1.0
41.0 1.0006831544 1.0
159.0 0.979805311647 1.0
196.0 2.51031296387 1.0
102.0 0.996786853631 1.0
46.0 1.03829516717 1.0
73.0 0.972307529105 1.0
106.0 1.02445240025 1.0
60.0 1.0036773664 1.0
object 28	1.0:1.0
167.0 0.972020808725 1.0
6.0 1.00276247798 1.0
146.0 1.04387554454 1.0
137.0 0.996715818086 1.0
39.0 1.00657341714 1.0
17.0 1.0043602185 1.0
190.0 -6.53256173774 1.0
172.0 0.972384780478 1.0
2.0 0.994155504745 1.0
56.0 0.999136613192 1.0
149.0 0.992689514533 1.0
120.0 0.99040374059 1.0
64.0 1.01071060645 1.0
128.0 1.03145657751 1.0
106.0 1.01316947473 1.0
35.0 1.0086428304 1.0
160.0 0.975063213037 1.0
171.0 0.950918579502 1.0
113.0 1.05085285252 1.0
184.0 2.55082130594 1.0
196.0 5.91477269818 1.0
177.0 1.01187314616 1.0
118.0 0.998992977035 1.0
152.0 0.975545433874 1.0
126.0 1.00289703203 1.0
13.0 0.994025513719 1.0
94.0 1.00884436239 1.0
object 29	1.0:1.0
163.0 0.925058292787 1.0
126.0 0.980567776493 1.0
169.0 0.970840400441 1.0
140.0 1.05013752458 1.0
52.0 1.03936621723 1.0
147.0 0.984588207001 1.0
159.0 1.01302533045 1.0
103.0 1.01938505268 1.0
176.0 1.00631223558 1.0
192.0 2.22096028612 1.0
17.0 0.954030122689 1.0
48.0 0.984033954155 1.0
29.0 0.994668824669 1.0
89.0 0.964811851783 1.0
160.0 0.978047688023 1.0
114.0 0.997775805241 1.0
92.0 1.02102290848 1.0
32.0 1.00433657187 1.0
72.0 1.05737874466 1.0
13.0 0.996571496815 1.0
108.0 1.02002338702 1.0
171.0 0.970151572479 1.0
122.0 0.980873585443 1.0
30.0 1.00862909826 1.0
20.0 0.972166246343 1.0
object 30	1.0:1.0
131.0 0.993989987275 1.0
70.0 1.01805463604 1.0
142.0 0.959527982163 1.0
135.0 0.99217814145 1.0
160.0 0.978314554277 1.0
180.0 -4.78350077255 1.0
105.0 1.00122316609 1.0
86.0 0.994694277238 1.0
191.0 1.27967742811 1.0
92.0 1.01006681586 1.0
139.0 1.04103855732 1.0
64.0 1.04846128501 1.0
96.0 0.966967511499 1.0
124.0 1.01078137343 1.0
174.0 0.963072805617 1.0
58.0 1.02990243409 1.0
62.0 1.00793864415 1.0
107.0 1.01177269981 1.0
199.0 5.56543844707 1.0
21.0 0.850899808605 1.0
91.0 0.977521104714 1.0
164.0 1.09769534623 1.0
117.0 1.02420968753 1.0
100.0 1.03166515398 1.0
188.0 4.73061384767 1.0
80.0 0.995305860099 1.0
34.0 1.01885682354 1.0
197.0 2.59869045471 1.0
30.0 1.00014457845 1.0
0.0 1.03305307638 1.0
57.0 1.03482039947 1.0
144.0 0.986994056469 1.0
27.0 0.994990199654 1.0
11.0 1.0055990446 1.0
39.0 0.99807374153 1.0
object 31	1.0:1.0
124.0 1.03215549144 1.0
12.0 1.00249019223 1.0
103.0 1.03063075374 1.0
40.0 0.954521834066 1.0
69.0 0.992070596197 1.0
132.0 1.002660145 1.0
4.0 1.06781740352 1.0
155.0 0.963049005427 1.0
191.0 3.13091044852 1.0
93.0 0.973281649437 1.0
172.0 0.999436547221 1.0
74.0 0.974382322734 1.0
178.0 0.982053973586 1.0
72.0 0.938378722995 1.0
187.0 0.234286864498 1.0
148.0 1.08574878843 1.0
84.0 1.0557925426 1.0
156.0 1.0042566113 1.0
73.0 0.947464035674 1.0
33.0 1.02906662501 1.0
25.0 1.05288225143 1.0
38.0 0.97619890799 1.0
101.0 1.04178679381 1.0
50.0 1.00035290606 1.0
object 32	1.0:1.0
146.0 0.998730668438 1.0
122.0 1.0653810771 1.0
194.0 1.95907449715 1.0
51.0 1.05364808504 1.0
125.0 1.04946475945 1.0
88.0 0.986213030723 1.0
102.0 1.03774124837 1.0
154.0 0.996051892597 1.0
73.0 1.01497360741 1.0
161.0 1.04068282341 1.0
147.0 1.03200293319 1.0
151.0 1.01354057278 1.0
5.0 0.983886530108 1.0
60.0 1.01948548813 1.0
1.0 1.00790069512 1.0
72.0 1.02733090993 1.0
143.0 1.02708735881 1.0
166.0 1.03804584069 1.0
62.0 1.01348274919 1.0
195.0 3.34701249074 1.0
162.0 1.02329336862 1.0
70.0 0.988806998212 1.0
77.0 1.01754856074 1.0
85.0 1.00553824895 1.0
78.0 0.968343391021 1.0
11.0 0.974667250617 1.0
105.0 0.995185039904 1.0
191.0 0.943802627742 1.0
81.0 1.01212235087 1.0
45.0 1.07532997082 1.0
190.0 -0.169591922759 1.0
48.0 1.02064186461 1.0
71.0 1.04586352984 1.0
object 33	1.0:1.0
101.0 0.998063567916 1.0
52.0 1.0421776353 1.0
94.0 0.973746233495 1.0
187.0 -1.75875280427 1.0
83.0 1.08292547184 1.0
165.0 1.05043311167 1.0
39.0 0.99794597176 1.0
109.0 1.03340210329 1.0
151.0 0.980037224371 1.0
54.0 1.01541170647 1.0
130.0 1.00640277917 1.0
105.0 1.02502108355 1.0
65.0 1.0003916395 1.0
97.0 1.02406424934 1.0
106.0 0.980404398206 1.0
142.0 0.996496975901 1.0
32.0 0.984600571205 1.0
141.0 0.998317877205 1.0
44.0 1.06349518265 1.0
175.0 1.05014176267 1.0
28.0 1.01340789776 1.0
167.0 0.983427028608 1.0
129.0 0.97733032577 1.0
36.0 0.966874893682 1.0
object 34	1.0:1.0
55.0 1.00330843233 1.0
73.0 0.983517781947 1.0
149.0 0.991308005694 1.0
62.0 1.01024699244 1.0
158.0 0.985219787471 1.0
4.0 0.981404076218 1.0
67.0 1.00719865537 1.0
185.0 0.828714004141 1.0
49.0 0.970019636655 1.0
186.0 -0.169395936168 1.0
135.0 1.01304437096 1.0
18.0 0.9828670729 1.0
187.0 -8.85411022409 1.0
141.0 1.02267408211 1.0
17.0 0.980470022108 1.0
8.0 0.999680892117 1.0
47.0 1.01255675356 1.0
173.0 0.997684116044 1.0
176.0 1.01938096642 1.0
115.0 1.03730399401 1.0
23.0 0.988607369582 1.0
71.0 0.993875963283 1.0
151.0 1.01750914246 1.0
110.0 1.01426930996 1.0
157.0 0.991672762852 1.0
164.0 1.00822159306 1.0
61.0 0.951536851125 1.0
92.0 1.01052230351 1.0
105.0 1.02822587038 1.0
169.0 1.0076113782 1.0
188.0 -3.72892624501 1.0
object 35	1.0:1.0
58.0 1.05628790002 1.0
110.0 1.00298142533 1.0
168.0 0.94941633711 1.0
64.0 1.01323056852 1.0
19.0 0.961085027449 1.0
91.0 0.990325196977 1.0
153.0 1.01905170615 1.0
92.0 0.964555388716 1.0
8.0 1.02650809107 1.0
6.0 1.01065856155 1.0
107.0 1.00022708482 1.0
81.0 1.0118965749 1.0
186.0 2.15417535922 1.0
15.0 0.97318193034 1.0
137.0 0.987223473378 1.0
165.0 0.95732630269 1.0
62.0 0.986660108918 1.0
180.0 0.298502057615 1.0
164.0 0.964465445774 1.0
154.0 0.976753591554 1.0
56.0 0.997213680066 1.0
147.0 1.00359378363 1.0
24.0 0.930817311474 1.0
139.0 1.05203042067 1.0
41.0 0.980184324623 1.0
140.0 0.987953155131 1.0
9.0 0.997449595132 1.0
32.0 1.00877904448 1.0
169.0 1.05611564111 1.0
88.0 1.00004929997 1.0
115.0 1.0551052489 1.0
127.0 0.999286416586 1.0
43.0 0.966380294094 1.0
76.0 0.993358961432 1.0
57.0 0.949307981834 1.0
182.0 -0.133505975015 1.0
object 36	1.0:1.0
37.0 1.04632001716 1.0
164.0 0.96025072523 1.0
192.0 5.53362815675 1.0
63.0 1.03992297047 1.0
156.0 1.0045648043 1.0
102.0 0.989468986917 1.0
166.0 1.00445822115 1.0
133.0 0.940164360559 1.0
151.0 1.01187323163 1.0
67.0 1.00694057304 1.0
58.0 0.979196577447 1.0
130.0 1.00859201046 1.0
197.0 6.70127051856 1.0
59.0 0.977431150259 1.0
76.0 1.03857981639 1.0
11.0 0.993669090091 1.0
137.0 1.00753791907 1.0
55.0 0.999488458451 1.0
101.0 1.02655308342 1.0
182.0 4.83928361084 1.0
81.0 1.01458469849 1.0
53.0 1.00534339566 1.0
138.0 0.984166802298 1.0
145.0 1.04909602087 1.0
199.0 -4.51227022822 1.0
171.0 0.995732983064 1.0
195.0 7.9908853992 1.0
62.0 1.00971925589 1.0
157.0 0.992299338653 1.0
90.0 0.990161580299 1.0
26.0 1.01480932878 1.0
109.0 0.959778565366 1.0
34.0 0.987886181616 1.0
19.0 0.98842560334 1.0
21.0 1.0034500235 1.0
147.0 1.01214455208 1.0
60.0 1.0272103491 1.0
69.0 0.964673044729 1.0
180.0 -3.54940368363 1.0
82.0 1.00983092412 1.0
29.0 1.00424579998 1.0
165.0 1.02856218383 1.0
object 37	1.0:1.0
160.0 1.01997075863 1.0
4.0 0.918508160353 1.0
94.0 1.00685082089 1.0
191.0 -0.238924870863 1.0
130.0 0.987197097403 1.0
107.0 0.975328741912 1.0
5.0 1.01207498155 1.0
71.0 0.873528212491 1.0
79.0 0.99926522026 1.0
26.0 1.02760855432 1.0
32.0 1.00735280544 1.0
146.0 0.993214290073 1.0
196.0 2.31934070195 1.0
70.0 1.01312010479 1.0
174.0 0.950965816668 1.0
10.0 1.01033853534 1.0
123.0 0.993812915641 1.0
69.0 1.01057451344 1.0
77.0 1.02065203191 1.0
14.0 0.997702210129 1.0
134.0 1.00376180282 1.0
159.0 0.983340057952 1.0
103.0 1.04599342511 1.0
91.0 0.997436556593 1.0
27.0 0.973179014234 1.0
35.0 1.01320031101 1.0
85.0 1.02320711868 1.0
102.0 1.03119242316 1.0
92.0 1.11756033028 1.0
118.0 1.01819087166 1.0
80.0 1.0335497234 1.0
12.0 1.01496581413 1.0
110.0 1.00410619619 1.0
0.0 0.978552762576 1.0
188.0 4.0844386378 1.0
161.0 1.02072019405 1.0
7.0 0.968984394384 1.0
object 38	1.0:1.0
18.0 0.967497213012 1.0
180.0 7.9368382309 1.0
78.0 1.02583448664 1.0
108.0 0.97148080789 1.0
73.0 0.991180554884 1.0
164.0 0.956339610497 1.0
22.0 1.04891032056 1.0
190.0 -4.40116844954 1.0
113.0 0.942671387415 1.0
52.0 1.03439309942 1.0
87.0 1.01550676092 1.0
47.0 0.955624456529 1.0
72.0 0.992495292726 1.0
82.0 0.990777725899 1.0
39.0 1.00713892349 1.0
131.0 0.991786064322 1.0
50.0 0.997850623753 1.0
35.0 0.9603046846 1.0
96.0 1.01820249648 1.0
79.0 1.00647123891 1.0
187.0 11.1659190738 1.0
139.0 1.04427389107 1.0
186.0 2.3973698218 1.0
157.0 0.990435674385 1.0
20.0 1.00497584291 1.0
38.0 0.967487154975 1.0
45.0 1.00922925761 1.0
181.0 -1.15657691534 1.0
112.0 1.0045664798 1.0
59.0 1.05064388457 1.0
81.0 1.032987398 1.0
167.0 1.04473064776 1.0
object 39	1.0:1.0
162.0 1.03485784171 1.0
87.0 1.00236828163 1.0
16.0 0.989587954632 1.0
132.0 0.978980942571 1.0
123.0 0.941219861335 1.0
143.0 0.94353908366 1.0
94.0 0.988585045344 1.0
51.0 0.952579838553 1.0
0.0 0.977449188426 1.0
100.0 1.00114811752 1.0
134.0 1.05576563975 1.0
80.0 0.994154847862 1.0
32.0 1.02019589009 1.0
187.0 10.3445815201 1.0
159.0 1.02754910563 1.0
41.0 1.02606321727 1.0
65.0 0.995187315728 1.0
109.0 0.995926665273 1.0
79.0 1.00381198944 1.0
172.0 0.991580724939 1.0
112.0 1.01497042013 1.0
38.0 0.957343389866 1.0
196.0 -4.0212563987 1.0
142.0 0.996722194136 1.0
198.0 -7.51409656374 1.0
96.0 0.990792222234 1.0
54.0 0.994152650277 1.0
object 40	1.0:1.0
73.0 0.966482075903 1.0
160.0 1.02240194913 1.0
25.0 0.98565908034 1.0
31.0 0.987864754703 1.0
57.0 1.05007740382 1.0
145.0 1.00420936821 1.0
104.0 0.98904557273 1.0
123.0 0.992783830683 1.0
64.0 0.992063538605 1.0
189.0 3.73386150133 1.0
21.0 1.0287089319 1.0
56.0 0.99994902522 1.0
93.0 0.951090328924 1.0
8.0 1.05623827789 1.0
94.0 0.961250680675 1.0
54.0 0.935681228338 1.0
109.0 1.01083365189 1.0
101.0 0.999805659878 1.0
96.0 0.993392828093 1.0
173.0 0.982851485197 1.0
194.0 1.9251415799 1.0
124.0 1.01737947543 1.0
190.0 6.78188029373 1.0
174.0 1.0111889123 1.0
10.0 1.0065406738 1.0
158.0 1.01713691147 1.0
88.0 1.00258864305 1.0
122.0 1.05308584553 1.0
36.0 0.938910526949 1.0
object 41	1.0:1.0
48.0 0.991743816543 1.0
46.0 0.956549662155 1.0
6.0 0.983037903393 1.0
25.0 1.01790672986 1.0
153.0 1.00566223446 1.0
56.0 0.997889548633 1.0
36.0 0.999885846817 1.0
91.0 0.996284041064 1.0
85.0 0.981238741861 1.0
163.0 1.00675588849 1.0
136.0 0.912115081433 1.0
108.0 0.984106443112 1.0
142.0 1.02054434028 1.0
51.0 1.00435468814 1.0
84.0 1.03123936163 1.0
185.0 0.464450988511 1.0
15.0 1.00141890102 1.0
172.0 1.03203801281 1.0
50.0 1.00303247384 1.0
178.0 1.0092936804 1.0
149.0 0.973707953803 1.0
105.0 0.997002330435 1.0
8.0 0.96000802172 1.0
115.0 1.00594418482 1.0
77.0 0.985809393265 1.0
57.0 1.04871002236 1.0
65.0 1.01441099357 1.0
90.0 0.999888077433 1.0
object 42	1.0:1.0
108.0 1.04021799509 1.0
20.0 1.05554257651 1.0
113.0 0.953021838812 1.0
31.0 0.974436536445 1.0
176.0 1.01460364039 1.0
30.0 1.00189215089 1.0
101.0 1.03663210227 1.0
47.0 0.973799217034 1.0
8.0 1.0178123931 1.0
118.0 0.979660410518 1.0
3.0 1.00402113783 1.0
39.0 1.00140896311 1.0
187.0 0.240374002356 1.0
54.0 0.962207559027 1.0
63.0 0.961924630621 1.0
155.0 1.03783445538 1.0
object 43	1.0:1.0
148.0 1.00632841909 1.0
48.0 1.01242595344 1.0
12.0 0.981104943671 1.0
155.0 0.994474259231 1.0
43.0 0.981558064284 1.0
18.0 0.990385682683 1.0
173.0 0.987462932016 1.0
60.0 1.0392758788 1.0
96.0 1.03453199608 1.0
1.0 1.01104212015 1.0
17.0 0.986733461516 1.0
26.0 0.959701356442 1.0
113.0 0.970245192781 1.0
119.0 1.01067637167 1.0
172.0 0.985961334449 1.0
6.0 0.985318749447 1.0
135.0 0.977331458598 1.0
90.0 0.968053820734 1.0
153.0 0.961797067673 1.0
141.0 1.02006675775 1.0
142.0 0.995053994984 1.0
131.0 1.02246855818 1.0
158.0 1.00737210043 1.0
108.0 1.0148305869 1.0
152.0 1.01402335668 1.0
59.0 0.975923107062 1.0
32.0 1.00721080175 1.0
8.0 1.03161170534 1.0
99.0 1.03671669206 1.0
50.0 1.0162231323 1.0
2.0 1.00347176105 1.0
123.0 0.976826723794 1.0
object 44	1.0:1.0
182.0 0.184957346033 1.0
187.0 4.07533862651 1.0
54.0 1.0494062282 1.0
165.0 0.999507464979 1.0
62.0 1.00292227628 1.0
107.0 0.963359012783 1.0
192.0 7.8689253428 1.0
103.0 1.0585807499 1.0
144.0 1.02198900968 1.0
154.0 0.981355705953 1.0
128.0 0.993796360908 1.0
9.0 1.00552757821 1.0
70.0 0.993302037461 1.0
166.0 0.955240198238 1.0
20.0 0.992957336183 1.0
115.0 1.00679887583 1.0
3.0 0.991633000555 1.0
34.0 0.940075919004 1.0
15.0 0.998640023255 1.0
79.0 0.984466856297 1.0
5.0 0.997386615165 1.0
157.0 1.00618638887 1.0
133.0 1.00629273611 1.0
50.0 0.997455537046 1.0
121.0 1.03959235799 1.0
122.0 0.971763140309 1.0
123.0 1.03789117126 1.0
112.0 0.99106796685 1.0
object 45	1.0:1.0
36.0 1.00051018731 1.0
160.0 1.01063907801 1.0
32.0 0.991002394142 1.0
38.0 1.00235369121 1.0
66.0 1.00118418792 1.0
153.0 1.01939571001 1.0
13.0 0.989821011413 1.0
82.0 1.00378538809 1.0
173.0 0.973711191947 1.0
44.0 1.0699989754 1.0
108.0 0.989962396262 1.0
98.0 0.971667423775 1.0
100.0 1.01958931496 1.0
146.0 1.02028725241 1.0
74.0 0.998722752941 1.0
80.0 1.00542769731 1.0
130.0 0.999478923198 1.0
52.0 1.0030841964 1.0
31.0 0.980554086098 1.0
22.0 1.01612184406 1.0
150.0 1.01896040917 1.0
85.0 1.01965632972 1.0
3.0 0.995605325951 1.0
59.0 0.985564498151 1.0
53.0 1.00930298605 1.0
48.0 1.0021538224 1.0
157.0 1.04104575703 1.0
99.0 0.996982354095 1.0
20.0 0.989566610876 1.0
42.0 1.0363148309 1.0
6.0 1.00644389657 1.0
37.0 1.02280495441 1.0
19.0 0.95218433374 1.0
71.0 1.05595862932 1.0
object 46	1.0:1.0
167.0 0.987632192655 1.0
3.0 0.991384055321 1.0
6.0 1.02701538265 1.0
16.0 1.02751770024 1.0
89.0 1.04386167423 1.0
128.0 0.999765564439 1.0
186.0 1.57930320578 1.0
166.0 1.02780822541 1.0
184.0 1.39522050682 1.0
39.0 0.996853321593 1.0
57.0 0.981788488138 1.0
159.0 0.983433613273 1.0
147.0 1.01180377328 1.0
41.0 1.02027345672 1.0
98.0 0.997670402065 1.0
30.0 0.969614786136 1.0
179.0 0.951452352665 1.0
180.0 -0.136461269782 1.0
126.0 0.98753522275 1.0
138.0 0.990971809336 1.0
123.0 0.997096364818 1.0
76.0 1.00451202054 1.0
52.0 0.980626346536 1.0
136.0 0.921872516124 1.0
114.0 0.98338428669 1.0
92.0 0.988097934723 1.0
78.0 1.00506155274 1.0
2.0 1.05591743998 1.0
60.0 0.980577792362 1.0
object 47	1.0:1.0
9.0 1.03183181639 1.0
178.0 0.95265450518 1.0
197.0 0.386281288088 1.0
3.0 0.981535428917 1.0
36.0 0.987368303759 1.0
193.0 9.66443832888 1.0
147.0 1.03804771673 1.0
41.0 1.01146765457 1.0
59.0 1.01309656188 1.0
188.0 5.05978047187 1.0
107.0 1.00484759108 1.0
68.0 1.03128296885 1.0
149.0 1.01278052703 1.0
16.0 1.00140797973 1.0
145.0 1.01643131971 1.0
64.0 1.01536934697 1.0
86.0 0.996806366136 1.0
95.0 0.99362063308 1.0
92.0 1.03124367193 1.0
12.0 1.01025546385 1.0
155.0 0.934701588758 1.0
28.0 0.984472046624 1.0
70.0 0.981070141047 1.0
object 48	1.0:1.0
180.0 8.16548808196 1.0
198.0 -6.67525627263 1.0
27.0 0.989462271611 1.0
166.0 1.02409768562 1.0
18.0 0.982255042145 1.0
36.0 1.03531792093 1.0
125.0 0.987511893853 1.0
56.0 1.01079453395 1.0
137.0 0.975144433485 1.0
128.0 0.987969810808 1.0
152.0 1.00553760768 1.0
68.0 0.974885662033 1.0
74.0 0.974401286076 1.0
131.0 0.993183586868 1.0
105.0 1.00000846173 1.0
65.0 0.989809439679 1.0
149.0 0.961090049691 1.0
168.0 0.967334041527 1.0
134.0 1.04000479774 1.0
185.0 -2.99057745228 1.0
104.0 0.97949509125 1.0
111.0 1.01574570271 1.0
142.0 0.963777870994 1.0
148.0 0.904511111168 1.0
89.0 0.97534372087 1.0
60.0 1.00537128604 1.0
126.0 0.946969176651 1.0
118.0 0.990837464049 1.0
52.0 0.97382050564 1.0
181.0 -0.279785638287 1.0
171.0 1.01123706564 1.0
194.0 4.34245149116 1.0
49.0 0.969930501768 1.0
167.0 1.00273097308 1.0
26.0 1.02665599585 1.0
100.0 1.00991764313 1.0
object 49	1.0:1.0
122.0 1.03081189265 1.0
169.0 0.95299942616 1.0
182.0 -2.78436107555 1.0
118.0 1.05231981974 1.0
179.0 1.01537900034 1.0
83.0 0.98657308263 1.0
121.0 1.07243597441 1.0
144.0 0.991654730702 1.0
194.0 1.12818460558 1.0
59.0 0.988449380718 1.0
71.0 1.0491906951 1.0
61.0 1.05161143329 1.0
44.0 0.965985159868 1.0
52.0 1.01927418549 1.0
185.0 3.9065164945 1.0
31.0 0.988833983154 1.0
102.0 0.995000438552 1.0
28.0 0.992788923048 1.0
136.0 0.95043114799 1.0
174.0 1.02896343739 1.0
98.0 0.972339374758 1.0
88.0 0.991503446058 1.0
45.0 0.96653920848 1.0
23.0 1.03336153855 1.0
5.0 0.969127273226 1.0
133.0 1.01041760703 1.0
142.0 0.964830860528 1.0
94.0 0.9874839986 1.0
9.0 1.03818274964 1.0
184.0 0.0536030209036 1.0
18.0 1.05747251155 1.0
119.0 0.969225029687 1.0
160.0 0.916257836748 1.0
object 50	1.0:0.5 13.6694273916:0.5
188.0 -0.582122214305 0.0
45.0 1.01042480671 0.0
197.0 13.8891657214 1.0
25.0 13.7738583446 1.0
60.0 13.7318877057 1.0
24.0 0.995257508179 0.0
93.0 1.01607790746 0.0
117.0 13.6984693588 1.0
103.0 13.7092136262 1.0
191.0 12.248279243 1.0
123.0 13.6665161864 1.0
47.0 1.00293007619 0.0
145.0 1.00329270716 0.0
23.0 0.949991114815 0.0
51.0 13.6105071557 1.0
102.0 13.6659579862 1.0
124.0 13.7649748358 1.0
152.0 13.7225722445 1.0
116.0 13.6022023772 1.0
162.0 13.6672759819 1.0
165.0 0.987592825791 0.0
132.0 13.6077812924 1.0
154.0 0.961865625632 0.0
39.0 13.6133540172 1.0
57.0 13.5942627703 1.0
113.0 1.01251839288 0.0
19.0 13.6700721421 1.0
184.0 14.7796209042 1.0
189.0 11.354840925 1.0
6.0 1.08194946813 0.0
90.0 13.6437572382 1.0
74.0 1.08956143227 0.0
141.0 1.01446346776 0.0
28.0 0.978022468667 0.0
179.0 1.11738577399 0.0
190.0 11.7833764001 1.0
153.0 0.992338849731 0.0
75.0 13.6796137246 1.0
169.0 0.970995160769 0.0
58.0 0.980049012653 0.0
149.0 13.7318170021 1.0
18.0 1.15354129035 0.0
object 51	1.0:0.5 11.9170491193:0.5
130.0 0.926901221981 0.0
166.0 1.0228703282 0.0
109.0 0.965670230943 0.0
140.0 1.10846291198 0.0
123.0 11.9671314933 1.0
4.0 0.986951307577 0.0
39.0 11.8836415364 1.0
199.0 9.99031463977 1.0
157.0 11.9740414883 1.0
169.0 0.915884564942 0.0
28.0 0.999998685655 0.0
0.0 0.99542313779 0.0
70.0 1.02624535729 0.0
59.0 0.965987481834 0.0
193.0 11.8550151744 1.0
72.0 11.9041120135 1.0
181.0 9.70271613543 1.0
9.0 1.01115917617 0.0
122.0 11.9897295462 1.0
12.0 1.00826292471 0.0
63.0 1.07894049993 0.0
177.0 11.8598339177 1.0
156.0 0.988685900291 0.0
179.0 1.06426363029 0.0
35.0 1.00683174949 0.0
114.0 11.8921451144 1.0
186.0 11.8634822632 1.0
44.0 11.8777726443 1.0
184.0 0.277213619762 0.0
21.0 0.900118599313 0.0
188.0 0.84156271886 0.0
121.0 11.942328896 1.0
95.0 0.949019380353 0.0
object 52	1.0:0.5 4.20879885063:0.5
116.0 1.07469239286 0.0
123.0 4.12503283706 1.0
111.0 1.00375223928 0.0
152.0 4.16152555156 1.0
139.0 4.17875285315 1.0
114.0 1.03888880708 0.0
106.0 4.24588756235 1.0
182.0 3.5109205669 1.0
143.0 4.25161117079 1.0
28.0 4.31132934008 1.0
13.0 0.934727220356 0.0
47.0 4.13392577433 1.0
179.0 0.975511060755 0.0
153.0 0.958264090585 0.0
54.0 4.27958788813 1.0
193.0 4.05778623382 1.0
75.0 4.16111497247 1.0
24.0 1.02615324063 0.0
134.0 1.06620681073 0.0
157.0 4.16840420209 1.0
142.0 4.19135858598 1.0
17.0 1.04898258844 0.0
144.0 4.24498603223 1.0
80.0 4.22024496317 1.0
33.0 0.91755947758 0.0
148.0 0.95692424344 0.0
85.0 1.039157487 0.0
40.0 4.09753443662 1.0
object 53	1.0:0.5 -0.870065339789:0.5
51.0 -0.790350648822 1.0
110.0 0.945249088569 0.0
177.0 1.07912785589 0.0
11.0 -0.856858456517 1.0
8.0 -0.914823046563 1.0
50.0 0.948216699279 0.0
86.0 1.069341938 0.0
112.0 0.998452022433 0.0
158.0 -1.00880232011 1.0
150.0 -0.927057471899 1.0
121.0 1.03716713463 0.0
21.0 -0.779070900087 1.0
122.0 1.01504454565 0.0
192.0 3.25576831407 0.0
103.0 -0.827892686192 1.0
132.0 1.00419996209 0.0
33.0 1.02469073172 0.0
139.0 -0.756117001167 1.0
81.0 -0.827402848759 1.0
119.0 1.04760208754 0.0
28.0 -0.842040085366 1.0
131.0 -0.826234926689 1.0
84.0 1.00403520112 0.0
80.0 0.942263245636 0.0
82.0 0.948847207948 0.0
37.0 -0.954834510315 1.0
145.0 -0.9328485304 1.0
57.0 -0.900889660159 1.0
182.0 -1.50244815138 0.0
79.0 1.01949029215 0.0
object 54	1.0:0.5 -4.40077491939:0.5
85.0 1.03203439619 0.0
19.0 1.08326271351 0.0
118.0 1.02131700464 0.0
142.0 -4.43642138246 1.0
136.0 1.00094426332 0.0
28.0 0.953881188451 0.0
135.0 -4.42658704519 1.0
117.0 -4.43702794867 1.0
102.0 1.02637950841 0.0
9.0 -4.42006402893 1.0
108.0 -4.42622000671 1.0
162.0 -4.36741760491 1.0
185.0 -0.402827124605 0.0
8.0 -4.4297918723 1.0
128.0 -4.37276520646 1.0
149.0 1.09237902998 0.0
121.0 -4.33581423182 1.0
13.0 0.980717468576 0.0
55.0 1.06179957772 0.0
32.0 -4.33857382059 1.0
140.0 -4.43602524046 1.0
16.0 0.982236028675 0.0
3.0 -4.35148287944 1.0
6.0 -4.43387469711 1.0
70.0 1.0050097291 0.0
54.0 1.05973915331 0.0
14.0 -4.4482286793 1.0
object 55	1.0:0.5 -7.1891772451:0.5
172.0 -7.23440572966 1.0
162.0 1.01023306886 0.0
15.0 -7.15542983124 1.0
156.0 0.982306571863 0.0
3.0 -7.22879877283 1.0
96.0 0.987920427757 0.0
90.0 -7.14168070009 1.0
43.0 -7.1386988148 1.0
132.0 0.983488094227 0.0
155.0 0.990563290705 0.0
40.0 -7.15495921102 1.0
91.0 -7.19824930134 1.0
142.0 1.04838118135 0.0
107.0 1.07013872744 0.0
72.0 1.01221865201 0.0
168.0 1.02452003594 0.0
131.0 1.03038110902 0.0
38.0 0.97455887343 0.0
115.0 -7.20902229844 1.0
113.0 -7.07394409292 1.0
180.0 -6.09353285991 1.0
74.0 0.916371869143 0.0
109.0 1.03289485351 0.0
60.0 -7.20696983673 1.0
117.0 -7.09874683596 1.0
89.0 -7.29529773083 1.0
65.0 1.00850372078 0.0
10.0 0.993840745318 0.0
79.0 -7.14965968679 1.0
184.0 -4.34903712574 1.0
47.0 0.97907128171 0.0
111.0 -7.32998875436 1.0
97.0 -7.21703358372 1.0
130.0 -7.13998640158 1.0
160.0 -7.1238886818 1.0
41.0 1.08986667787 0.0
78.0 -7.2036062172 1.0
88.0 -7.21619301016 1.0
object 56	1.0:0.5 -6.03497568809:0.5
20.0 1.02092037682 0.0
114.0 -6.06957366035 1.0
40.0 1.10483221298 0.0
97.0 -6.05386831364 1.0
33.0 -6.05525975989 1.0
162.0 -6.0194258167 1.0
118.0 0.978826012903 0.0
107.0 -6.04609245276 1.0
195.0 -4.47566296029 1.0
32.0 1.02759344293 0.0
110.0 1.01072467702 0.0
91.0 -6.04851191637 1.0
96.0 0.987925431411 0.0
43.0 -6.04359950489 1.0
47.0 0.95270393609 0.0
155.0 0.968811858181 0.0
98.0 -6.10112264111 1.0
192.0 2.44788099526 0.0
39.0 1.08050625734 0.0
178.0 -5.98253991007 1.0
111.0 -6.08710424762 1.0
85.0 0.945466796835 0.0
92.0 -6.04964540633 1.0
131.0 0.979270255484 0.0
99.0 -6.01278309327 1.0
193.0 -6.23755294957 1.0
42.0 -6.01229469442 1.0
28.0 -5.9800144761 1.0
94.0 -6.03320467666 1.0
12.0 -6.04279462495 1.0
object 57	1.0:0.5 -6.69809183383:0.5
196.0 5.04314155928 0.0
157.0 0.937738275605 0.0
174.0 1.00996183105 0.0
190.0 -1.83168828187 0.0
192.0 -3.6307754706 1.0
187.0 -4.35931101888 1.0
90.0 0.953562137158 0.0
145.0 0.959270910715 0.0
89.0 1.06336589372 0.0
72.0 1.00799949963 0.0
42.0 0.97343858325 0.0
5.0 0.977924532098 0.0
47.0 -6.6694513002 1.0
135.0 0.98508226455 0.0
15.0 -6.72436136066 1.0
51.0 -6.7310824965 1.0
49.0 1.0046190478 0.0
31.0 0.938099615665 0.0
176.0 1.01374153736 0.0
61.0 -6.7931607237 1.0
193.0 2.97003996562 0.0
16.0 -6.62992590334 1.0
175.0 0.99084690531 0.0
13.0 1.03982806681 0.0
25.0 -6.68022306108 1.0
154.0 1.03966284537 0.0
96.0 0.936744869346 0.0
152.0 -6.74900871419 1.0
186.0 0.170168953407 0.0
43.0 -6.73190379293 1.0
158.0 1.0547597113 0.0
object 58	1.0:0.5 -9.39437245574:0.5
21.0 1.08566473218 0.0
121.0 -9.3998994817 1.0
163.0 -9.36319379889 1.0
92.0 1.03376570345 0.0
153.0 -9.3534838749 1.0
199.0 3.81508389913 0.0
39.0 1.11231472521 0.0
7.0 -9.37127618987 1.0
67.0 0.929927058286 0.0
167.0 -9.37892114763 1.0
52.0 -9.43701051986 1.0
143.0 0.972512264509 0.0
138.0 1.03739883496 0.0
126.0 1.00249363886 0.0
193.0 -7.34798737847 1.0
40.0 0.965532772959 0.0
189.0 0.781872596333 0.0
182.0 -14.9414619928 1.0
117.0 0.974155463504 0.0
154.0 0.974444388896 0.0
192.0 -6.37964643417 1.0
13.0 0.994188119519 0.0
10.0 -9.41659132915 1.0
175.0 1.05315370944 0.0
20.0 0.958463761514 0.0
130.0 -9.48890328409 1.0
123.0 0.974399282675 0.0
129.0 -9.40042297766 1.0
147.0 1.0320396464 0.0
84.0 1.06922732141 0.0
156.0 -9.45967645598 1.0
186.0 -15.6773155742 1.0
12.0 -9.33711096699 1.0
135.0 0.97711256603 0.0
1.0 -9.38438924385 1.0
43.0 -9.36883377033 1.0
149.0 1.01540989527 0.0
59.0 0.996450952717 0.0
object 59	1.0:0.5 -0.561238270975:0.5
109.0 -0.563673729351 1.0
54.0 1.01859785223 0.0
52.0 0.958655308746 0.0
48.0 -0.476669445354 1.0
61.0 1.05585568824 0.0
195.0 -0.611477370283 0.0
174.0 -0.549835670909 1.0
171.0 1.02081808232 0.0
59.0 -0.510990565642 1.0
8.0 1.04883655298 0.0
21.0 -0.603625005579 1.0
144.0 -0.511302312328 1.0
84.0 -0.561219838937 1.0
167.0 -0.557628863937 1.0
118.0 -0.556923701309 1.0
18.0 1.03000280518 0.0
138.0 -0.607457001688 1.0
157.0 0.995788695682 0.0
22.0 1.04079729584 0.0
86.0 0.973795736379 0.0
139.0 -0.611616771984 1.0
130.0 -0.535167600691 1.0
87.0 1.07136629755 0.0
164.0 1.02241155265 0.0
156.0 1.06302169308 0.0
93.0 -0.563605333476 1.0
181.0 1.84818284859 1.0
119.0 -0.599854078233 1.0
160.0 -0.549992264543 1.0
102.0 0.899617307995 0.0
150.0 0.974966752326 0.0
78.0 0.980873220768 0.0
38.0 1.04027722397 0.0
103.0 -0.542464526311 1.0
151.0 -0.567661701555 1.0
object 60	1.0:0.5 10.9152568907:0.5
2.0 1.04143699833 0.0
20.0 10.9312632229 1.0
178.0 1.00370164819 0.0
11.0 10.9493713902 1.0
75.0 10.962334938 1.0
10.0 10.8847355763 1.0
62.0 11.0154523688 1.0
162.0 0.933108871485 0.0
51.0 0.903531531065 0.0
164.0 0.967748294728 0.0
104.0 0.998301194752 0.0
112.0 1.00476722301 0.0
179.0 0.960231616519 0.0
40.0 10.9215294769 1.0
147.0 10.9091480295 1.0
53.0 10.9494801866 1.0
90.0 0.953642120908 0.0
193.0 -0.30383759879 0.0
168.0 0.935228666327 0.0
185.0 11.3399064735 1.0
94.0 10.8674632191 1.0
93.0 0.941472666207 0.0
153.0 0.983801830202 0.0
188.0 0.919502558748 0.0
152.0 10.9647658773 1.0
30.0 10.8410606755 1.0
126.0 10.8574625146 1.0
131.0 1.0101628423 0.0
176.0 0.956012883983 0.0
object 61	1.0:0.5 8.14891061963:0.5
53.0 0.982335220328 0.0
135.0 0.9125460069 0.0
1.0 8.12506044686 1.0
122.0 0.918454228852 0.0
0.0 0.999207449531 0.0
66.0 8.15196682458 1.0
64.0 8.08512047765 1.0
175.0 8.01459628525 1.0
94.0 0.949042817574 0.0
7.0 8.15181749291 1.0
63.0 1.05048612004 0.0
163.0 8.22494703222 1.0
59.0 8.23234029001 1.0
148.0 1.00073066132 0.0
29.0 8.08155414722 1.0
191.0 13.9532936241 1.0
46.0 8.0719430638 1.0
78.0 8.11645740279 1.0
97.0 8.10250484113 1.0
object 62	1.0:0.5 -1.66832759209:0.5
27.0 -1.69540251665 1.0
34.0 1.07410582805 0.0
199.0 1.58110426294 0.0
167.0 -1.67245604615 1.0
143.0 -1.74508989085 1.0
10.0 0.989460146279 0.0
172.0 -1.63527173929 1.0
58.0 -1.63022900453 1.0
4.0 -1.70307777363 1.0
186.0 -2.04286987051 0.0
63.0 -1.64087361046 1.0
195.0 0.406195743766 0.0
129.0 0.947877174508 0.0
132.0 1.0399217091 0.0
8.0 -1.6184765568 1.0
92.0 0.978786924008 0.0
45.0 1.04233248622 0.0
160.0 -1.58921318007 1.0
147.0 -1.70887814286 1.0
96.0 0.999663229535 0.0
187.0 -0.171477183849 1.0
116.0 -1.62789670141 1.0
0.0 1.09020177268 0.0
38.0 0.992433095272 0.0
87.0 1.03568636072 0.0
122.0 -1.68402808209 1.0
50.0 -1.71943877749 1.0
105.0 0.958244059396 0.0
13.0 -1.71367455299 1.0
object 63	1.0:0.5 -1.63950773406:0.5
85.0 -1.60496198046 1.0
120.0 -1.5901245765 1.0
164.0 1.00433095344 0.0
199.0 -0.68056169848 1.0
28.0 0.96220464932 0.0
94.0 -1.61195138551 1.0
160.0 -1.60981756111 1.0
10.0 1.03170689788 0.0
77.0 -1.75944705304 1.0
119.0 -1.58248053305 1.0
56.0 -1.66610421703 1.0
99.0 -1.63634160359 1.0
132.0 -1.6772101785 1.0
170.0 0.914206202958 0.0
25.0 -1.5901619158 1.0
49.0 1.03361079346 0.0
66.0 -1.55890152435 1.0
41.0 -1.63003207304 1.0
152.0 -1.56572567418 1.0
75.0 1.08625656676 0.0
175.0 -1.64026484663 1.0
64.0 -1.67824270515 1.0
40.0 -1.63616115759 1.0
object 64	1.0:0.5 8.44797223944:0.5
194.0 -0.460069594381 0.0
55.0 0.958442854185 0.0
183.0 -0.935632339986 0.0
12.0 8.48453327381 1.0
32.0 8.42620222906 1.0
35.0 8.4956188146 1.0
100.0 8.39997049388 1.0
14.0 8.39052883589 1.0
78.0 1.10991856416 0.0
29.0 8.42180069554 1.0
137.0 8.53192358858 1.0
179.0 0.857630152711 0.0
70.0 8.3242622128 1.0
95.0 0.98795854694 0.0
129.0 8.46862193551 1.0
74.0 8.48036346739 1.0
44.0 8.40941026645 1.0
175.0 0.941952765397 0.0
122.0 1.02695220794 0.0
124.0 8.36535236183 1.0
33.0 8.54570695063 1.0
163.0 1.04950166986 0.0
97.0 8.48398864065 1.0
18.0 8.43060944834 1.0
object 65	1.0:0.5 11.6505262138:0.5
161.0 11.6776852913 1.0
62.0 1.03248520474 0.0
147.0 11.6562329341 1.0
117.0 11.6920523266 1.0
166.0 11.6884224888 1.0
127.0 11.6856944817 1.0
46.0 0.966747925439 0.0
120.0 1.0574630817 0.0
69.0 1.07342248479 0.0
89.0 1.0245422838 0.0
113.0 0.98069119946 0.0
174.0 11.6181863429 1.0
125.0 11.7091811622 1.0
25.0 1.00469246691 0.0
148.0 11.711294004 1.0
85.0 11.7677867244 1.0
26.0 1.05436360737 0.0
115.0 0.97853893852 0.0
73.0 0.980799568961 0.0
126.0 1.04763044358 0.0
114.0 11.5230067394 1.0
43.0 1.00480247649 0.0
191.0 10.2121552666 1.0
92.0 0.910854055621 0.0
37.0 0.930022012415 0.0
81.0 1.06025259704 0.0
64.0 1.04304656547 0.0
1.0 11.6550752412 1.0
66.0 11.7160862645 1.0
118.0 11.6275078495 1.0
object 66	1.0:0.5 -6.83373149356:0.5
61.0 0.929280511594 0.0
172.0 -6.75693052576 1.0
121.0 0.97611052269 0.0
78.0 -6.77470005434 1.0
71.0 -6.82431132885 1.0
50.0 -6.88815393438 1.0
36.0 1.04311477164 0.0
195.0 -6.73705995648 1.0
2.0 -6.825572167 1.0
153.0 0.947541642804 0.0
194.0 0.0760878924337 0.0
199.0 -0.266883343714 0.0
34.0 -6.8688267302 1.0
88.0 -6.83410700496 1.0
182.0 -4.75001863052 1.0
107.0 0.934923700439 0.0
160.0 0.98519703077 0.0
52.0 -6.86209365793 1.0
157.0 -6.85204703888 1.0
128.0 -6.93284206197 1.0
149.0 -6.8350365606 1.0
142.0 1.02045585256 0.0
168.0 0.970708752046 0.0
196.0 0.465500702068 0.0
3.0 0.989991320584 0.0
198.0 -8.87712647454 1.0
64.0 -6.76129818369 1.0
56.0 0.964820010045 0.0
124.0 -6.84107474707 1.0
62.0 0.986704294481 0.0
165.0 0.923429466119 0.0
66.0 -6.82303191039 1.0
84.0 -6.96473639037 1.0
6.0 1.00166582249 0.0
100.0 1.0096429043 0.0
49.0 -6.86560047649 1.0
187.0 5.41979085495 0.0
103.0 1.05330243831 0.0
166.0 1.01129670409 0.0
object 67	1.0:0.5 -7.92210450883:0.5
66.0 1.02502184638 0.0
90.0 -7.7554589597 1.0
24.0 1.01741848623 0.0
69.0 1.05110967833 0.0
39.0 1.05922668053 0.0
57.0 0.9445053346 0.0
61.0 0.95159609325 0.0
140.0 -7.93938293878 1.0
164.0 0.984188981824 0.0
63.0 -7.94056969816 1.0
6.0 0.967509005416 0.0
99.0 0.993721486757 0.0
84.0 -7.92581050407 1.0
28.0 0.990323606846 0.0
135.0 1.00824342424 0.0
176.0 -7.97449629095 1.0
188.0 -0.858155380194 0.0
68.0 -8.04310980387 1.0
179.0 0.945508425668 0.0
145.0 0.924082353842 0.0
52.0 1.03675289643 0.0
130.0 0.920585412601 0.0
116.0 1.01284412007 0.0
8.0 0.959295697161 0.0
110.0 -7.97490515059 1.0
117.0 -7.89979802614 1.0
100.0 1.03258877442 0.0
146.0 0.934582804914 0.0
190.0 -0.631872182503 0.0
18.0 -7.92747790775 1.0
96.0 -7.92565877907 1.0
72.0 -7.89114117522 1.0
43.0 1.08178635494 0.0
131.0 0.990182056703 0.0
25.0 0.973704766263 0.0
7.0 1.01507745936 0.0
157.0 1.02563981467 0.0
136.0 1.05502333289 0.0
108.0 0.989114651079 0.0
71.0 1.00135673287 0.0
191.0 -13.4605046785 1.0
object 68	1.0:0.5 10.1020120064:0.5
179.0 0.940466787782 0.0
134.0 0.973261323344 0.0
66.0 10.0075610583 1.0
195.0 10.4453982523 1.0
105.0 10.093050873 1.0
16.0 0.978278007842 0.0
23.0 1.08238217414 0.0
46.0 1.07112634085 0.0
106.0 1.05060437872 0.0
178.0 10.0767738035 1.0
102.0 1.03719733721 0.0
60.0 0.967493123948 0.0
125.0 10.0726098036 1.0
196.0 -3.9424184381 0.0
84.0 10.1054166491 1.0
129.0 10.052920214 1.0
108.0 0.96077768268 0.0
151.0 10.1013910936 1.0
69.0 0.937654404778 0.0
101.0 1.08474517006 0.0
37.0 10.0881496664 1.0
146.0 10.2055236056 1.0
123.0 10.0383598148 1.0
124.0 10.0886743416 1.0
186.0 10.7804675325 1.0
150.0 0.934531086373 0.0
11.0 10.0421841148 1.0
194.0 5.06545207428 0.0
27.0 9.99205670435 1.0
62.0 10.0566212295 1.0
50.0 0.957330378533 0.0
183.0 8.93060477303 1.0
133.0 10.0248197532 1.0
15.0 10.1187062974 1.0
object 69	1.0:0.5 -7.75654558074:0.5
183.0 1.30477787537 0.0
116.0 -7.73918145227 1.0
62.0 -7.80075558612 1.0
83.0 0.989751846797 0.0
25.0 -7.77462132014 1.0
122.0 0.952434044419 0.0
107.0 0.959538009665 0.0
34.0 -7.68386410708 1.0
48.0 0.938332061599 0.0
180.0 -5.66117628961 1.0
55.0 0.932736477129 0.0
43.0 0.968878660285 0.0
108.0 0.926560613238 0.0
7.0 -7.7521500691 1.0
46.0 1.0507837566 0.0
18.0 0.965403282385 0.0
1.0 -7.69117238834 1.0
86.0 -7.79245883614 1.0
123.0 -7.74353797869 1.0
57.0 1.00391136367 0.0
99.0 0.962872111769 0.0
26.0 -7.744544545 1.0
130.0 -7.68802219977 1.0
194.0 -9.91355440473 1.0
38.0 1.03501856219 0.0
182.0 -9.52309910753 1.0
91.0 0.943289619636 0.0
39.0 0.903973117537 0.0
188.0 0.842194698322 0.0
131.0 0.962980218457 0.0
5.0 1.03428129978 0.0
73.0 0.967254687638 0.0
41.0 0.975105922332 0.0
36.0 -7.62948939453 1.0
45.0 -7.76359943701 1.0
196.0 -1.30972495842 0.0
189.0 1.1379330979 0.0
object 70	1.0:0.5 -14.3446672128:0.5
170.0 1.00904626625 0.0
137.0 1.03095904052 0.0
75.0 -14.3728276947 1.0
23.0 -14.2727653968 1.0
129.0 -14.4065016512 1.0
84.0 1.07547167596 0.0
109.0 -14.3754446875 1.0
76.0 -14.3017473559 1.0
94.0 -14.3415664184 1.0
117.0 0.97867650308 0.0
111.0 1.04296389994 0.0
119.0 -14.3715950428 1.0
165.0 -14.3716038438 1.0
91.0 1.05142565877 0.0
24.0 -14.3142364938 1.0
114.0 -14.3841001704 1.0
50.0 1.03448369877 0.0
17.0 -14.4182054106 1.0
172.0 -14.2771152737 1.0
41.0 1.00879591405 0.0
66.0 -14.3567365408 1.0
193.0 -11.8600089632 1.0
object 71	1.0:0.5 -8.17289541356:0.5
3.0 -8.18479803611 1.0
122.0 1.11607251842 0.0
198.0 5.80455272635 0.0
73.0 1.00870476755 0.0
84.0 -8.14946155603 1.0
46.0 -8.13889288136 1.0
28.0 1.01164774703 0.0
145.0 0.980151656138 0.0
75.0 1.02209465983 0.0
124.0 -8.09685627487 1.0
43.0 0.994720914484 0.0
152.0 1.04724925081 0.0
93.0 -8.20851454818 1.0
26.0 1.06659929294 0.0
102.0 0.978589530616 0.0
22.0 -8.11137433036 1.0
23.0 1.02303988398 0.0
114.0 1.04273532865 0.0
199.0 -9.87161479978 1.0
195.0 -9.68787317161 1.0
150.0 0.911451715936 0.0
194.0 -3.73346486715 0.0
118.0 1.05803108278 0.0
134.0 0.97089169491 0.0
60.0 1.07411144185 0.0
58.0 -8.12350442804 1.0
109.0 -8.22553416431 1.0
181.0 1.86259457575 0.0
50.0 1.00210109903 0.0
38.0 0.929899945092 0.0
70.0 0.973965184904 0.0
37.0 -8.20616732742 1.0
object 72	1.0:0.5 -3.13924275157:0.5
118.0 0.910279759982 0.0
185.0 -2.00889373964 1.0
51.0 0.909161570652 0.0
140.0 -3.13416960103 1.0
77.0 -3.13475795886 1.0
31.0 -3.16451411313 1.0
50.0 -3.22170711043 1.0
131.0 -3.06765176621 1.0
102.0 0.993237377573 0.0
65.0 -3.11772804303 1.0
8.0 0.988929161946 0.0
139.0 -3.15897337149 1.0
63.0 -3.1326203121 1.0
193.0 0.860525223268 0.0
13.0 -3.13552479929 1.0
179.0 -3.20218705326 1.0
32.0 -3.11128496396 1.0
110.0 1.00788120108 0.0
58.0 0.997901583934 0.0
151.0 0.941224182502 0.0
24.0 1.0772380637 0.0
96.0 -3.04333714573 1.0
44.0 -3.20229998208 1.0
184.0 -13.0919262502 1.0
26.0 -3.16300845317 1.0
197.0 5.45863177409 0.0
149.0 -3.1977139533 1.0
172.0 0.997121672933 0.0
159.0 1.05589267576 0.0
135.0 0.970718549151 0.0
130.0 0.998327335264 0.0
153.0 0.874198993722 0.0
112.0 1.05096899698 0.0
94.0 -3.18045672971 1.0
171.0 -3.18851407361 1.0
41.0 0.969759323776 0.0
117.0 1.00088296736 0.0
object 73	1.0:0.5 -17.8144323935:0.5
9.0 0.989606683954 0.0
53.0 -17.8090731614 1.0
6.0 1.03288930601 0.0
125.0 -17.872759274 1.0
184.0 -11.0394082763 1.0
183.0 3.5255015118 0.0
81.0 0.931285839969 0.0
179.0 0.962028915264 0.0
168.0 1.00984333569 0.0
74.0 1.04107514301 0.0
65.0 1.02450778688 0.0
20.0 0.992208018305 0.0
129.0 -17.8423039981 1.0
87.0 1.07302872977 0.0
136.0 -17.7304102658 1.0
158.0 -17.8309063462 1.0
193.0 -18.5380658544 1.0
128.0 1.08763390418 0.0
28.0 -17.8669625273 1.0
71.0 -17.8137600844 1.0
36.0 -17.8561549801 1.0
124.0 1.0653215991 0.0
67.0 -17.7935123541 1.0
165.0 0.997096118798 0.0
144.0 1.10176791694 0.0
10.0 0.992630852406 0.0
149.0 -17.7807851402 1.0
39.0 -17.8840243153 1.0
22.0 0.930880229363 0.0
1.0 1.07337155918 0.0
23.0 -17.7924846316 1.0
172.0 0.850127384878 0.0
126.0 -17.8706884603 1.0
191.0 6.28278090479 0.0
181.0 1.68724773491 0.0
14.0 -17.8574038378 1.0
96.0 0.949748864248 0.0
79.0 0.97242308999 0.0
26.0 -17.8355680914 1.0
163.0 1.03757303084 0.0
object 74	1.0:0.5 8.28797404426:0.5
72.0 0.977315543799 0.0
179.0 1.05155247537 0.0
182.0 2.58146774912 0.0
38.0 0.95770970893 0.0
32.0 0.99299059941 0.0
59.0 0.987178285736 0.0
159.0 0.977243664734 0.0
16.0 0.892401990355 0.0
18.0 1.00661983175 0.0
199.0 7.44655690121 1.0
23.0 0.960260304451 0.0
187.0 6.38072406135 0.0
196.0 12.8986947473 1.0
190.0 7.33415436706 1.0
14.0 0.856158744334 0.0
74.0 8.17581226736 1.0
37.0 8.26830882699 1.0
125.0 8.24572230657 1.0
163.0 0.958505521916 0.0
100.0 1.05416796937 0.0
147.0 8.27034986265 1.0
181.0 9.00075066708 1.0
188.0 8.97830046342 1.0
76.0 8.34952031501 1.0
object 75	1.0:0.5 -2.77896121994:0.5
178.0 -2.8176804137 1.0
124.0 1.12593230553 0.0
59.0 -2.73678387503 1.0
25.0 0.98164735984 0.0
27.0 1.08777333483 0.0
189.0 -2.20487994815 1.0
94.0 1.00557064345 0.0
146.0 1.00226048817 0.0
43.0 0.987095409582 0.0
12.0 0.938599750822 0.0
133.0 0.982650067301 0.0
103.0 -2.85116226232 1.0
166.0 -2.78324635046 1.0
97.0 1.0439195981 0.0
101.0 -2.72294706329 1.0
83.0 -2.87002092128 1.0
5.0 1.00084125084 0.0
35.0 -2.75397533545 1.0
63.0 1.02919335846 0.0
165.0 -2.72391557215 1.0
85.0 0.979183189373 0.0
197.0 -1.48216023604 0.0
142.0 1.06486218127 0.0
196.0 -0.402186736193 1.0
20.0 1.0035351544 0.0
118.0 -2.77621387132 1.0
75.0 1.04214753534 0.0
81.0 -2.87339743453 1.0
24.0 -2.80040825475 1.0
11.0 -2.8594851434 1.0
26.0 -2.71304740672 1.0
162.0 -2.73812311708 1.0
object 76	1.0:0.5 -3.59932105475:0.5
159.0 0.997100328671 0.0
28.0 0.874533257715 0.0
2.0 1.03951140013 0.0
171.0 1.02221690922 0.0
155.0 0.950916011823 0.0
82.0 1.04259205342 0.0
3.0 0.979771334254 0.0
84.0 -3.60465098322 1.0
73.0 0.940133667383 0.0
167.0 -3.54630203142 1.0
6.0 -3.58744730409 1.0
134.0 -3.56761781789 1.0
150.0 -3.6215420667 1.0
13.0 -3.57983450538 1.0
1.0 -3.55345288249 1.0
98.0 -3.61402091587 1.0
71.0 1.00015232901 0.0
168.0 -3.57003187669 1.0
34.0 -3.66511444177 1.0
29.0 -3.53944315532 1.0
49.0 -3.63318178899 1.0
143.0 -3.68983137978 1.0
89.0 -3.66076670178 1.0
23.0 -3.57891793477 1.0
7.0 1.07180739169 0.0
132.0 -3.59789572678 1.0
92.0 0.929941884426 0.0
191.0 -10.9164181836 1.0
54.0 -3.60628782154 1.0
object 77	1.0:0.5 -0.0521442563768:0.5
38.0 0.988572482285 0.0
23.0 -0.0729018068806 1.0
181.0 -1.02310233561 1.0
136.0 0.940275741233 0.0
2.0 1.05260537626 0.0
187.0 0.567801405256 1.0
87.0 -0.0756901850883 1.0
130.0 0.957275152138 0.0
135.0 0.973011516868 0.0
90.0 1.04097895357 0.0
147.0 0.0321264755525 1.0
106.0 -0.000131865278831 1.0
72.0 -0.0100856529463 1.0
51.0 0.91635147223 0.0
199.0 1.56820531309 0.0
83.0 1.04268206609 0.0
61.0 -0.0677933031707 1.0
25.0 0.0304789705349 1.0
152.0 -0.0727221381842 1.0
50.0 0.936253965917 0.0
159.0 0.0244440021596 1.0
33.0 -0.0659676027911 1.0
143.0 0.926399512248 0.0
100.0 -0.123631117423 1.0
163.0 -0.0981955330018 1.0
64.0 -0.040229084653 1.0
31.0 -0.028790448987 1.0
141.0 0.998593257939 0.0
object 78	1.0:0.5 -8.42028042655:0.5
16.0 -8.3955041626 1.0
164.0 1.00057720202 0.0
40.0 -8.41893479436 1.0
38.0 -8.45857347794 1.0
108.0 -8.51563267877 1.0
174.0 0.980297976251 0.0
190.0 -2.59934845092 0.0
149.0 -8.41696935718 1.0
111.0 -8.356021842 1.0
127.0 0.959840610401 0.0
81.0 -8.38223277908 1.0
134.0 0.96078352338 0.0
57.0 -8.38585712914 1.0
109.0 1.02639568468 0.0
39.0 1.03100151729 0.0
19.0 -8.31706489341 1.0
183.0 -10.4026236182 1.0
170.0 0.95900912963 0.0
97.0 -8.38498611801 1.0
69.0 -8.48195871009 1.0
62.0 1.00776106606 0.0
123.0 -8.33659659592 1.0
179.0 0.882873927048 0.0
175.0 -8.50311621066 1.0
88.0 0.956325990614 0.0
121.0 1.02066973609 0.0
124.0 1.00961051012 0.0
object 79	1.0:0.5 11.9444636106:0.5
112.0 1.018770026 0.0
122.0 1.01468434835 0.0
199.0 16.1611896902 1.0
114.0 11.9405135235 1.0
12.0 11.9531091596 1.0
15.0 11.9630820769 1.0
126.0 11.9366299907 1.0
149.0 0.900063497388 0.0
118.0 11.8460265835 1.0
85.0 0.991619885922 0.0
140.0 0.936638016201 0.0
184.0 -2.86326764435 0.0
3.0 0.975814615469 0.0
41.0 1.04302919241 0.0
93.0 11.9577924245 1.0
141.0 12.0108166942 1.0
57.0 1.01113468253 0.0
196.0 5.15021226223 0.0
198.0 10.2770956773 1.0
82.0 11.8814696557 1.0
190.0 -0.793006912879 0.0
170.0 12.0464334755 1.0
23.0 0.98884041678 0.0
160.0 11.8806311202 1.0
90.0 11.9051278029 1.0
125.0 1.06472053448 0.0
179.0 0.984472188085 0.0
79.0 11.9392645807 1.0
object 80	1.0:0.5 5.39739274969:0.5
115.0 1.00467247641 0.0
186.0 8.46264214337 1.0
68.0 1.01951073918 0.0
14.0 5.30023198539 1.0
160.0 0.975360359854 0.0
0.0 0.890545668499 0.0
60.0 0.957379472755 0.0
39.0 0.994654315711 0.0
128.0 5.40180663433 1.0
157.0 1.02012727635 0.0
13.0 5.34294632656 1.0
182.0 4.61969154036 1.0
100.0 5.36629119064 1.0
52.0 5.4287429119 1.0
166.0 5.44555632359 1.0
25.0 0.935310684648 0.0
142.0 0.974948062619 0.0
79.0 1.00517121733 0.0
195.0 4.62536201123 1.0
1.0 1.02211869748 0.0
181.0 6.00200153932 1.0
175.0 5.42888789615 1.0
137.0 0.952913822542 0.0
159.0 0.996250290492 0.0
24.0 5.3569188567 1.0
136.0 0.983106924417 0.0
37.0 5.36912503088 1.0
76.0 0.997206505738 0.0
108.0 5.41470898905 1.0
46.0 1.00737912316 0.0
198.0 3.80376105395 1.0
91.0 5.46773003552 1.0
133.0 1.05449851921 0.0
134.0 1.04296459597 0.0
object 81	1.0:0.5 -1.17514010969:0.5
173.0 1.13721513783 0.0
138.0 1.00039110647 0.0
176.0 0.998218105817 0.0
94.0 0.935129724249 0.0
64.0 1.01595914679 0.0
66.0 -1.17247910623 1.0
82.0 1.0956765884 0.0
140.0 0.963990453869 0.0
31.0 -1.27253001346 1.0
184.0 -2.68933417183 1.0
39.0 -1.15514252448 1.0
170.0 -1.09934590896 1.0
83.0 1.04402299629 0.0
84.0 -1.13330216081 1.0
69.0 -1.08755038597 1.0
186.0 -7.16442117622 1.0
168.0 -1.08630115555 1.0
6.0 0.902781218663 0.0
129.0 -1.15320783049 1.0
178.0 0.987824376439 0.0
77.0 -1.11710774048 1.0
166.0 1.0328861941 0.0
65.0 1.01443594148 0.0
171.0 -1.17870159529 1.0
117.0 -1.23926884992 1.0
75.0 1.02295924359 0.0
123.0 0.944947723697 0.0
68.0 -1.1707710577 1.0
146.0 -1.18088481925 1.0
43.0 0.976674020014 0.0
131.0 1.02961358528 0.0
149.0 -1.23450747647 1.0
56.0 0.895514404843 0.0
122.0 -1.14071987586 1.0
40.0 -1.14597773622 1.0
80.0 -1.19798566632 1.0
188.0 1.33887045304 0.0
object 82	1.0:0.5 -7.46177430393:0.5
167.0 0.929275493821 0.0
127.0 1.04175422699 0.0
72.0 -7.3568477873 1.0
64.0 1.00757368737 0.0
83.0 -7.55008826131 1.0
108.0 0.941397828768 0.0
190.0 -8.27266398925 1.0
102.0 1.02044707801 0.0
137.0 1.01458244883 0.0
63.0 1.04542212344 0.0
28.0 0.984045894007 0.0
148.0 -7.50790017116 1.0
153.0 -7.48753854215 1.0
94.0 -7.4326837742 1.0
55.0 -7.36283146152 1.0
141.0 1.00701049024 0.0
152.0 1.03844164856 0.0
105.0 -7.45615473016 1.0
114.0 0.908543061309 0.0
39.0 0.899613404505 0.0
15.0 -7.44229525594 1.0
69.0 0.921954461572 0.0
32.0 -7.53797700355 1.0
188.0 -5.28938607518 1.0
106.0 -7.39137810848 1.0
41.0 -7.46128539166 1.0
14.0 -7.47624141535 1.0
144.0 -7.44796485213 1.0
78.0 0.967014403577 0.0
189.0 -8.55218446109 1.0
object 83	1.0:0.5 12.1040000747:0.5
86.0 0.978842993705 0.0
81.0 0.977173883226 0.0
96.0 1.03648773106 0.0
129.0 0.983814410379 0.0
77.0 12.0870686805 1.0
155.0 0.927108625741 0.0
162.0 12.1694545781 1.0
0.0 12.1021148984 1.0
139.0 0.993332197788 0.0
1.0 12.1199769658 1.0
24.0 0.98248190513 0.0
145.0 12.0564667618 1.0
193.0 2.0078802387 0.0
195.0 11.0662550296 1.0
167.0 0.943247695791 0.0
175.0 12.098910439 1.0
48.0 1.08799479038 0.0
76.0 1.05728697777 0.0
39.0 12.152569921 1.0
119.0 0.990550549541 0.0
143.0 12.1427220613 1.0
122.0 12.1139136821 1.0
28.0 0.985437473644 0.0
100.0 12.0394292475 1.0
148.0 12.1070516171 1.0
21.0 12.0327337717 1.0
22.0 12.1441925951 1.0
188.0 0.395686351985 0.0
object 84	1.0:0.5 3.92180343529:0.5
45.0 3.91894993973 1.0
160.0 1.04448177817 0.0
60.0 3.99419385313 1.0
182.0 -2.84865139463 0.0
63.0 3.88039999327 1.0
50.0 0.975462093952 0.0
124.0 3.93758836887 1.0
28.0 1.05384656502 0.0
92.0 0.983966918023 0.0
157.0 0.916455491322 0.0
46.0 0.952780649122 0.0
13.0 0.954587515947 0.0
79.0 0.962408212624 0.0
18.0 0.997092313146 0.0
7.0 3.85030213832 1.0
3.0 3.90734435702 1.0
167.0 0.932124806345 0.0
142.0 3.85012409227 1.0
107.0 1.0583267807 0.0
174.0 3.92314591751 1.0
6.0 1.04263344148 0.0
117.0 3.92651679223 1.0
143.0 1.03651189646 0.0
165.0 3.90930600219 1.0
65.0 3.98796992743 1.0
object 85	1.0:0.5 5.37878948788:0.5
64.0 1.08116219411 0.0
118.0 5.32352379497 1.0
194.0 1.05005297515 0.0
1.0 5.40274951157 1.0
182.0 -0.79960255433 0.0
177.0 5.38692746628 1.0
34.0 0.970965918925 0.0
135.0 0.992061467855 0.0
153.0 1.00636425546 0.0
76.0 0.948750101169 0.0
103.0 5.31263815123 1.0
197.0 4.95035499923 1.0
9.0 1.0175964712 0.0
75.0 5.38420870639 1.0
13.0 5.38490702554 1.0
97.0 5.40329521918 1.0
68.0 1.04107976472 0.0
67.0 1.00182805866 0.0
151.0 5.39107330676 1.0
196.0 4.92226999374 1.0
193.0 2.33020520417 0.0
92.0 5.37492003215 1.0
108.0 0.972073224701 0.0
164.0 0.938359513747 0.0
133.0 0.979252745775 0.0
42.0 5.41132493688 1.0
114.0 5.45089765306 1.0
16.0 0.964346935835 0.0
35.0 5.41890244907 1.0
87.0 5.34301477169 1.0
65.0 5.42435998341 1.0
178.0 5.39040025867 1.0
object 86	1.0:0.5 -10.851654602:0.5
119.0 -10.9181213357 1.0
102.0 1.04153532035 0.0
22.0 -10.8512944625 1.0
156.0 -10.8550064055 1.0
154.0 -10.8780083008 1.0
159.0 1.00316896883 0.0
181.0 -10.7550346421 1.0
135.0 -10.8427384282 1.0
193.0 -10.3106532516 1.0
137.0 -10.9320173617 1.0
0.0 0.943626273843 0.0
69.0 0.954828227002 0.0
174.0 1.049096162 0.0
179.0 1.02400512183 0.0
149.0 0.931488519809 0.0
32.0 0.934987942724 0.0
123.0 1.0345368872 0.0
31.0 1.06148451258 0.0
20.0 1.02032829399 0.0
127.0 -10.8532422121 1.0
25.0 1.05574469233 0.0
164.0 -10.7779601801 1.0
94.0 1.01835521062 0.0
56.0 -10.9397049209 1.0
52.0 0.965064305906 0.0
object 87	1.0:0.5 13.4507789224:0.5
187.0 12.0372975266 1.0
76.0 0.99113614248 0.0
137.0 0.979506441218 0.0
167.0 1.04234174345 0.0
199.0 10.8576801112 1.0
75.0 13.4094497438 1.0
14.0 1.02032641328 0.0
179.0 0.973350577651 0.0
127.0 13.4057564119 1.0
50.0 13.4900564228 1.0
178.0 13.4304938428 1.0
168.0 13.469932621 1.0
9.0 1.04646429508 0.0
182.0 1.92168213691 0.0
169.0 13.4358222231 1.0
101.0 13.3943087415 1.0
135.0 0.974672308235 0.0
38.0 1.07098374009 0.0
92.0 0.997114035075 0.0
90.0 13.5137216431 1.0
143.0 1.011431022 0.0
139.0 1.06005917885 0.0
91.0 13.4393826118 1.0
64.0 13.4126795987 1.0
object 88	1.0:0.5 16.801763782:0.5
163.0 16.7468460851 1.0
147.0 0.993678173063 0.0
171.0 1.01939222649 0.0
104.0 0.987745507219 0.0
45.0 0.981741317069 0.0
161.0 1.01286126287 0.0
110.0 16.7108983346 1.0
134.0 1.07474102106 0.0
111.0 0.995189229434 0.0
80.0 16.8526710859 1.0
158.0 16.8510166241 1.0
6.0 16.7604926436 1.0
162.0 1.04253294896 0.0
86.0 16.8298571208 1.0
15.0 16.8481896797 1.0
72.0 16.7884476211 1.0
60.0 1.05455121582 0.0
183.0 15.3547093678 1.0
5.0 1.00773431437 0.0
29.0 16.7565850714 1.0
119.0 0.930661123069 0.0
197.0 16.8885257355 1.0
49.0 0.999988441516 0.0
199.0 15.9026179396 1.0
0.0 16.8060698159 1.0
99.0 16.8610512426 1.0
57.0 0.996968123187 0.0
48.0 1.02686611958 0.0
53.0 16.7771285251 1.0
19.0 16.7974752476 1.0
180.0 19.0313240533 1.0
12.0 1.01557352093 0.0
164.0 16.7248424174 1.0
135.0 16.7912143626 1.0
69.0 16.8356709079 1.0
136.0 0.953432010621 0.0
93.0 16.8922973714 1.0
28.0 16.8431059985 1.0
189.0 -0.718751911941 0.0
16.0 16.7857225467 1.0
166.0 16.8294479941 1.0
173.0 1.01717953704 0.0
31.0 1.04140866634 0.0
89.0 16.8200081761 1.0
46.0 0.946873454079 0.0
object 89	1.0:0.5 -8.45405856728:0.5
12.0 0.996793039921 0.0
179.0 0.999089796544 0.0
166.0 -8.48124639031 1.0
183.0 -7.02648486746 1.0
98.0 -8.50666993252 1.0
155.0 1.15506545737 0.0
61.0 0.944604491758 0.0
14.0 0.955853594049 0.0
10.0 0.984312489995 0.0
80.0 0.958237149478 0.0
26.0 1.00601753458 0.0
49.0 -8.47271818052 1.0
189.0 -7.94744059643 1.0
78.0 -8.46827507318 1.0
84.0 1.04312002291 0.0
46.0 -8.38339523818 1.0
100.0 -8.44400723489 1.0
127.0 -8.47979511586 1.0
22.0 -8.43770475201 1.0
112.0 -8.37406126968 1.0
184.0 -2.87114953883 0.0
169.0 -8.45015289093 1.0
72.0 -8.38515060605 1.0
146.0 -8.51086969941 1.0
172.0 -8.46478725985 1.0
123.0 -8.399539723 1.0
135.0 -8.44141868211 1.0
4.0 1.00335902315 0.0
47.0 1.01978363764 0.0
142.0 1.04934355818 0.0
53.0 -8.39364972335 1.0
44.0 -8.49600293882 1.0
129.0 1.00721792016 0.0
21.0 -8.4609101773 1.0
190.0 4.32660717823 0.0
45.0 -8.48152863898 1.0
173.0 0.962327070892 0.0
91.0 1.02193092603 0.0
object 90	1.0:0.5 0.942146223076:0.5
173.0 1.0068220199 1.0
16.0 0.899959843266 1.0
191.0 4.47316286455 1.0
88.0 1.03288130972 1.0
121.0 0.991850079654 0.0
131.0 0.983847181382 0.0
116.0 0.983908710709 0.0
106.0 0.862901232556 1.0
10.0 1.00075447846 0.0
85.0 0.964770192785 0.0
9.0 0.945555222295 1.0
112.0 1.01215068585 0.0
161.0 0.994664154581 1.0
4.0 0.999831553046 1.0
17.0 0.925078671476 0.0
84.0 0.910010047891 1.0
86.0 1.00782538904 0.0
24.0 1.06465772756 0.0
40.0 0.987805493834 1.0
19.0 0.997184247054 0.0
62.0 0.914016888758 1.0
196.0 -2.24854982655 1.0
13.0 0.886139472901 1.0
43.0 0.993868643493 0.0
49.0 1.02315318906 1.0
25.0 0.95181933279 1.0
71.0 0.885907471662 1.0
151.0 0.890414656083 1.0
69.0 0.900236750908 1.0
185.0 1.28929806399 0.0
107.0 1.00794878895 0.0
3.0 1.030128331 0.0
79.0 0.92193322085 1.0
163.0 0.924801624937 1.0
197.0 -5.88270449794 0.0
34.0 0.983130164553 0.0
object 91	1.0:0.5 6.32610747338:0.5
57.0 0.949800247112 0.0
93.0 0.966990757773 0.0
109.0 6.28902451102 1.0
150.0 0.919463754445 0.0
159.0 6.27040222969 1.0
114.0 6.30350437694 1.0
175.0 1.07607408646 0.0
73.0 1.00275749397 0.0
47.0 6.31732217687 1.0
26.0 1.0003653369 0.0
71.0 0.917443130328 0.0
95.0 6.29013776685 1.0
76.0 6.31283970456 1.0
51.0 0.959405283459 0.0
83.0 0.894247147847 0.0
179.0 0.965648691002 0.0
4.0 6.35731605441 1.0
42.0 1.03163557574 0.0
110.0 1.02216070492 0.0
79.0 0.986427131431 0.0
44.0 1.03537273774 0.0
29.0 1.04715503947 0.0
18.0 6.24540929673 1.0
27.0 6.31338364445 1.0
156.0 0.950440693107 0.0
153.0 1.03544943343 0.0
127.0 1.05448276936 0.0
131.0 6.28663555211 1.0
30.0 0.962920524749 0.0
object 92	1.0:0.5 -2.8716068071:0.5
60.0 0.981227524495 0.0
22.0 0.98916386389 0.0
56.0 -2.86094488977 1.0
38.0 -2.83686472292 1.0
174.0 0.977941710425 0.0
137.0 -2.80523557888 1.0
67.0 -2.84564107635 1.0
71.0 -2.90953542327 1.0
74.0 -2.82275113486 1.0
45.0 -2.78341670225 1.0
105.0 -2.87449531324 1.0
96.0 -2.8450260303 1.0
150.0 -2.9251710939 1.0
156.0 1.02349843883 0.0
94.0 -2.86035953806 1.0
32.0 -2.81962019531 1.0
29.0 1.01314091863 0.0
121.0 -2.87410887934 1.0
120.0 0.964951534413 0.0
146.0 0.980099238722 0.0
54.0 -2.81082452243 1.0
86.0 1.03377577043 0.0
19.0 -3.01524668965 1.0
69.0 -2.82761792849 1.0
87.0 -2.87460127848 1.0
79.0 -2.92322990644 1.0
object 93	1.0:0.5 -2.77305527448:0.5
145.0 -2.81066899227 1.0
22.0 -2.76053629421 1.0
27.0 1.00028005077 0.0
80.0 0.914540119572 0.0
181.0 -1.19858438487 0.0
65.0 1.13860880676 0.0
44.0 1.03744131173 0.0
48.0 -2.80409993934 1.0
34.0 1.07912525311 0.0
103.0 0.954705758228 0.0
107.0 0.925123015437 0.0
1.0 1.02901224548 0.0
141.0 0.896473478685 0.0
26.0 0.912355376211 0.0
53.0 1.01681946839 0.0
52.0 0.916233295325 0.0
177.0 -2.71595270262 1.0
54.0 -2.8045147185 1.0
object 94	1.0:0.5 17.5142644193:0.5
82.0 17.4647420825 1.0
148.0 17.5249751925 1.0
6.0 0.919121945535 0.0
0.0 17.5118554207 1.0
45.0 1.04672696539 0.0
113.0 17.3700485231 1.0
190.0 18.6470568355 1.0
133.0 17.4747665521 1.0
128.0 17.5318023695 1.0
146.0 1.06250053967 0.0
171.0 1.00548067136 0.0
29.0 17.5283322021 1.0
101.0 17.5464652293 1.0
58.0 1.06799368544 0.0
187.0 3.81177596677 0.0
151.0 0.988211606427 0.0
18.0 17.4809976902 1.0
56.0 0.967727433005 0.0
85.0 17.5323402585 1.0
8.0 0.998715541101 0.0
170.0 0.946719698865 0.0
149.0 1.00736864107 0.0
158.0 17.5319911019 1.0
166.0 1.05612088538 0.0
64.0 17.5760556687 1.0
object 95	1.0:0.5 17.0401470592:0.5
68.0 17.0502045323 1.0
116.0 1.07060515678 0.0
78.0 17.0015435355 1.0
120.0 1.04995865514 0.0
98.0 0.991207884993 0.0
194.0 4.69744479212 0.0
71.0 17.0878032724 1.0
127.0 0.964436393888 0.0
142.0 17.0253905823 1.0
77.0 17.0531916149 1.0
15.0 17.0538583621 1.0
188.0 4.19572494314 0.0
33.0 17.1080072589 1.0
28.0 17.0329388615 1.0
70.0 17.0698465612 1.0
9.0 17.1000087769 1.0
92.0 0.934150100352 0.0
43.0 17.0186328805 1.0
191.0 16.9747820561 1.0
168.0 17.0685309852 1.0
56.0 17.0389405156 1.0
94.0 1.03915331275 0.0
196.0 2.8064155117 0.0
187.0 4.95255471568 0.0
81.0 0.994033733405 0.0
106.0 0.975062091114 0.0
174.0 0.934797659583 0.0
3.0 0.996406883321 0.0
60.0 17.042986463 1.0
129.0 17.0713780601 1.0
object 96	1.0:0.5 6.19165499347:0.5
103.0 6.22758637923 1.0
142.0 6.18737919887 1.0
12.0 6.2278199205 1.0
173.0 6.23777139227 1.0
158.0 6.18016619332 1.0
28.0 6.1215889499 1.0
15.0 1.02148060357 0.0
10.0 6.11365462005 1.0
19.0 6.07584774091 1.0
143.0 0.956261612843 0.0
193.0 7.28494776154 1.0
180.0 1.07610943901 0.0
115.0 6.22178825643 1.0
42.0 6.19990082351 1.0
3.0 6.2863175112 1.0
146.0 6.20970885741 1.0
113.0 6.20113211187 1.0
100.0 6.16191585563 1.0
65.0 6.20473483281 1.0
81.0 1.04407080945 0.0
119.0 6.19745763606 1.0
127.0 6.26181163837 1.0
182.0 -2.6296880923 0.0
5.0 1.07321574469 0.0
85.0 1.05467289872 0.0
108.0 6.28096520406 1.0
186.0 0.78312600186 0.0
95.0 0.998464341908 0.0
object 97	1.0:0.5 15.4682511352:0.5
45.0 15.5243131765 1.0
81.0 0.95565548586 0.0
118.0 15.4559711672 1.0
138.0 0.99912031008 0.0
188.0 -0.152143524586 0.0
50.0 15.5310318835 1.0
108.0 1.04357594795 0.0
181.0 -1.17352831161 0.0
173.0 0.989937230209 0.0
32.0 1.07594992771 0.0
64.0 15.5262501433 1.0
125.0 0.944993930058 0.0
2.0 15.4655461927 1.0
190.0 18.1299246363 1.0
34.0 15.4744939386 1.0
169.0 15.5049514585 1.0
27.0 15.5625547748 1.0
110.0 0.934340956248 0.0
186.0 22.2696841113 1.0
107.0 0.962378943644 0.0
99.0 15.4974931837 1.0
68.0 15.4333233402 1.0
170.0 0.954301738307 0.0
116.0 15.5396676721 1.0
87.0 15.5246723135 1.0
60.0 0.852941221633 0.0
59.0 15.4430081326 1.0
153.0 15.4535806747 1.0
101.0 15.4800312401 1.0
19.0 15.385489594 1.0
142.0 1.05769072047 0.0
object 98	1.0:0.5 2.42300802404:0.5
73.0 2.34444211019 1.0
105.0 2.48491735842 1.0
18.0 0.960565465292 0.0
180.0 -0.254963664009 1.0
106.0 0.948080957384 0.0
36.0 1.03553040684 0.0
96.0 2.47325582173 1.0
2.0 0.99260997492 0.0
14.0 2.45927951358 1.0
61.0 2.3667131414 1.0
195.0 1.98793393382 1.0
127.0 0.954638633638 0.0
118.0 0.976777656565 0.0
43.0 0.993694541436 0.0
137.0 1.02695896031 0.0
7.0 2.44851165395 1.0
199.0 3.5251858731 1.0
35.0 0.956464222312 0.0
6.0 2.43272384101 1.0
77.0 0.9312937947 0.0
56.0 2.45571426523 1.0
39.0 2.41970287204 1.0
49.0 0.91946011824 0.0
121.0 2.37452182171 1.0
156.0 2.43062950704 1.0
155.0 2.47385889361 1.0
33.0 2.46725201885 1.0
59.0 2.42387089212 1.0
13.0 2.4140503989 1.0
115.0 1.03516972968 0.0
132.0 0.961396996628 0.0
198.0 5.54164887297 0.0
126.0 2.43989198772 1.0
87.0 2.4100794508 1.0
157.0 1.01325440167 0.0
120.0 2.42749090545 1.0
object 99	1.0:0.5 7.61471866868:0.5
12.0 7.5856102946 1.0
37.0 7.64883219187 1.0
39.0 0.994479425414 0.0
68.0 7.64178013404 1.0
6.0 0.942338823869 0.0
139.0 0.976687847542 0.0
101.0 7.63876929487 1.0
34.0 7.64610364151 1.0
178.0 7.59221896907 1.0
73.0 7.6822941367 1.0
167.0 0.98368989313 0.0
151.0 0.954437844164 0.0
180.0 4.26090891852 1.0
20.0 0.991284619424 0.0
5.0 7.55801627267 1.0
36.0 7.60578995307 1.0
79.0 0.979688532391 0.0
159.0 0.901421395686 0.0
67.0 7.61987819512 1.0
160.0 7.55929647132 1.0
92.0 7.66354787913 1.0
134.0 0.974725942973 0.0
131.0 7.64508405546 1.0
169.0 7.59704612954 1.0
193.0 8.24385085695 1.0
190.0 0.504303850357 0.0
23.0 1.02487839489 0.0
7.0 7.55622025232 1.0
19.0 7.62168079866 1.0
100.0 7.58108574691 1.0
48.0 7.69717933796 1.0
89.0 0.963516119639 0.0
