object 0	1.0:1.0
96.0 1.01914907183 1.0
118.0 1.08740525368 1.0
20.0 1.00715991038 1.0
53.0 1.00044962072 1.0
179.0 -0.659536779031 1.0
58.0 0.976841518406 1.0
176.0 2.86899288976 1.0
98.0 1.02321263229 1.0
99.0 1.0037098939 1.0
22.0 1.00272228986 1.0
2.0 0.962596587675 1.0
102.0 1.00234105117 1.0
140.0 0.769288295914 1.0
182.0 3.27185911061 1.0
117.0 0.963714495202 1.0
1.0 1.00639170708 1.0
object 1	1.0:1.0
125.0 1.04311826998 1.0
15.0 0.983213671346 1.0
65.0 1.01276007732 1.0
69.0 0.97587242544 1.0
9.0 1.01685831608 1.0
113.0 1.00197300388 1.0
167.0 -3.3250894384 1.0
192.0 -4.03612127629 1.0
144.0 -0.990593437528 1.0
77.0 1.03940754213 1.0
158.0 0.792539334574 1.0
183.0 -5.2616457549 1.0
140.0 -0.315817177735 1.0
49.0 0.953170984353 1.0
168.0 1.47644997512 1.0
164.0 -0.219152392583 1.0
184.0 0.218045762485 1.0
object 2	1.0:1.0
139.0 0.988621202058 1.0
108.0 0.983602966918 1.0
183.0 -0.0709576818925 1.0
89.0 1.02080785097 1.0
105.0 1.01653143539 1.0
100.0 0.960060010354 1.0
27.0 0.983745836288 1.0
85.0 1.02647973185 1.0
196.0 -5.70718235605 1.0
150.0 4.80353361053 1.0
76.0 0.949746441459 1.0
126.0 1.00222099536 1.0
127.0 0.990826456206 1.0
120.0 1.06223438914 1.0
173.0 1.64779314932 1.0
188.0 1.42477410426 1.0
75.0 1.05118847259 1.0
46.0 1.04973921527 1.0
116.0 1.01454625671 1.0
68.0 0.944771578711 1.0
79.0 1.0015624709 1.0
48.0 0.977462409664 1.0
72.0 0.975800604312 1.0
136.0 0.974584664897 1.0
object 3	1.0:1.0
96.0 1.00503493414 1.0
167.0 1.26600981557 1.0
26.0 0.998418545611 1.0
48.0 1.03141921572 1.0
12.0 1.0181349728 1.0
180.0 0.326494559269 1.0
152.0 3.67633339323 1.0
91.0 1.01912390985 1.0
142.0 -1.91931625493 1.0
58.0 1.02188704996 1.0
148.0 1.00811884976 1.0
92.0 0.995161653293 1.0
143.0 2.22884877814 1.0
89.0 0.997672113513 1.0
147.0 0.682368008078 1.0
87.0 1.02947811253 1.0
22.0 0.994952711519 1.0
198.0 8.74241874571 1.0
93.0 0.985182302872 1.0
121.0 0.992313218026 1.0
111.0 0.962282081542 1.0
20.0 1.01356238726 1.0
object 4	1.0:1.0
141.0 2.60443039463 1.0
189.0 -0.287056902822 1.0
128.0 0.962206917606 1.0
62.0 1.04869094424 1.0
96.0 0.984931674669 1.0
81.0 1.01870329765 1.0
104.0 0.938967168596 1.0
187.0 1.96539473943 1.0
152.0 3.7682773077 1.0
86.0 1.01858341679 1.0
131.0 1.05862391741 1.0
138.0 1.00220373109 1.0
object 5	1.0:1.0
67.0 1.00199506259 1.0
139.0 0.994900589416 1.0
20.0 1.0124197276 1.0
167.0 3.62760713359 1.0
37.0 1.027829682 1.0
113.0 1.05808908107 1.0
60.0 0.988165949732 1.0
159.0 0.38065215242 1.0
129.0 1.00513417285 1.0
134.0 0.939180398212 1.0
6.0 0.96129392471 1.0
75.0 1.0499537513 1.0
116.0 1.0208951969 1.0
169.0 -0.904455852081 1.0
22.0 1.01362866546 1.0
108.0 0.989224835209 1.0
86.0 0.994307039599 1.0
27.0 0.976727329909 1.0
76.0 0.97404450266 1.0
object 6	1.0:1.0
43.0 0.976104508582 1.0
150.0 0.977599575325 1.0
71.0 0.988930325883 1.0
34.0 0.990635737772 1.0
157.0 1.07021256206 1.0
197.0 -1.37202610172 1.0
107.0 0.984419408444 1.0
90.0 0.968128853105 1.0
117.0 1.09625004989 1.0
85.0 0.994878852761 1.0
189.0 1.05019387095 1.0
60.0 1.00921015914 1.0
122.0 0.988967423864 1.0
194.0 2.32614531476 1.0
64.0 1.04696656404 1.0
object 7	1.0:1.0
196.0 2.91787669465 1.0
182.0 -0.38044777632 1.0
156.0 -1.31027647355 1.0
135.0 0.989226954374 1.0
153.0 5.11881820599 1.0
41.0 1.01985534323 1.0
11.0 0.972830285944 1.0
119.0 1.03309067353 1.0
106.0 0.953024818282 1.0
28.0 0.995094651641 1.0
101.0 0.998487646641 1.0
169.0 4.09599060263 1.0
30.0 0.953004811008 1.0
19.0 0.973551019248 1.0
99.0 1.00212457113 1.0
143.0 -0.469940327047 1.0
27.0 0.99802930726 1.0
191.0 4.57035152589 1.0
66.0 0.960190494649 1.0
190.0 1.42201588161 1.0
57.0 1.0501052904 1.0
80.0 0.984676841428 1.0
object 8	1.0:1.0
198.0 -9.04792307093 1.0
40.0 0.992257791462 1.0
137.0 0.994059735284 1.0
52.0 0.968992273685 1.0
87.0 0.938616690399 1.0
48.0 0.987639329956 1.0
113.0 1.05778491467 1.0
54.0 0.9668613752 1.0
181.0 0.227937795584 1.0
89.0 1.02499536666 1.0
86.0 1.01217794636 1.0
178.0 1.10346102412 1.0
182.0 -1.45154379404 1.0
41.0 0.987999012343 1.0
20.0 1.06696451225 1.0
22.0 0.964285065059 1.0
199.0 7.93624379047 1.0
65.0 1.03703452401 1.0
39.0 1.0166291386 1.0
174.0 1.89279839053 1.0
183.0 -2.58263685454 1.0
192.0 -0.694950317517 1.0
37.0 0.987783061328 1.0
object 9	1.0:1.0
123.0 0.984712606869 1.0
76.0 0.988217104549 1.0
80.0 0.94704832102 1.0
181.0 0.759573404233 1.0
183.0 11.0839704761 1.0
63.0 0.978264965857 1.0
114.0 0.949524342972 1.0
169.0 0.620180447091 1.0
6.0 1.0081141399 1.0
133.0 1.04608850038 1.0
186.0 0.322442776014 1.0
146.0 4.98263979613 1.0
100.0 1.02636994206 1.0
194.0 1.02888694784 1.0
27.0 1.00785743345 1.0
108.0 0.990300516505 1.0
180.0 5.54155447181 1.0
25.0 0.983869024633 1.0
182.0 -0.189655281607 1.0
48.0 1.00768608893 1.0
object 10	1.0:1.0
113.0 1.08371384729 1.0
44.0 0.992119448726 1.0
93.0 0.961483976431 1.0
88.0 1.03474778665 1.0
199.0 4.96098512149 1.0
92.0 0.999759807435 1.0
112.0 1.00911393521 1.0
174.0 0.345435009753 1.0
105.0 0.992901610997 1.0
58.0 0.997394651595 1.0
102.0 1.02298893699 1.0
185.0 -3.68858192118 1.0
59.0 1.0094261289 1.0
53.0 0.997627027628 1.0
104.0 1.02213655238 1.0
5.0 1.02960468147 1.0
109.0 0.989677536312 1.0
object 11	1.0:1.0
75.0 0.973636035388 1.0
184.0 8.61395546967 1.0
31.0 1.00166957358 1.0
113.0 0.985459572504 1.0
127.0 0.966782320479 1.0
83.0 0.94555315393 1.0
126.0 1.0199164387 1.0
6.0 0.996335147753 1.0
8.0 1.02124868636 1.0
101.0 0.992561772199 1.0
160.0 3.20077346924 1.0
95.0 1.00661037954 1.0
162.0 1.42731874359 1.0
190.0 1.20204128155 1.0
1.0 1.01458342698 1.0
149.0 1.75762858069 1.0
71.0 1.00788326146 1.0
object 12	1.0:1.0
15.0 1.02964592862 1.0
88.0 1.02440111559 1.0
27.0 0.994603433115 1.0
195.0 0.428221624364 1.0
34.0 0.964059006499 1.0
38.0 0.995706796999 1.0
138.0 1.02696220501 1.0
82.0 0.960125730916 1.0
170.0 -1.41446494644 1.0
39.0 0.993257965153 1.0
194.0 -1.83104186487 1.0
76.0 0.962146519479 1.0
31.0 0.982263264946 1.0
58.0 1.00780641003 1.0
90.0 0.993698115927 1.0
105.0 0.984170020965 1.0
46.0 0.928913975707 1.0
object 13	1.0:1.0
190.0 0.204780601004 1.0
22.0 0.954854467068 1.0
28.0 0.998198605834 1.0
69.0 1.00231619358 1.0
123.0 1.00374313906 1.0
19.0 1.02608532765 1.0
48.0 1.0063412628 1.0
0.0 1.03181169056 1.0
27.0 0.998149958449 1.0
100.0 0.987676470618 1.0
181.0 1.04724048319 1.0
76.0 0.973135564377 1.0
136.0 1.04557870655 1.0
object 14	1.0:1.0
97.0 1.00146726117 1.0
68.0 0.987405246496 1.0
170.0 -0.424297894804 1.0
101.0 0.954277755113 1.0
54.0 1.05280859005 1.0
186.0 2.17040421178 1.0
189.0 0.709904146105 1.0
89.0 0.986015959919 1.0
49.0 0.909884335838 1.0
184.0 -2.49980098453 1.0
150.0 4.47272251173 1.0
object 15	1.0:1.0
126.0 1.02855970202 1.0
176.0 0.104273359022 1.0
107.0 1.04420647962 1.0
101.0 0.971590771375 1.0
178.0 1.18355136209 1.0
185.0 2.73206750684 1.0
16.0 1.04102536404 1.0
157.0 2.23261135693 1.0
125.0 1.02269959192 1.0
131.0 1.01855486963 1.0
130.0 0.945565822274 1.0
191.0 10.6084242748 1.0
44.0 0.993045246722 1.0
108.0 0.993584175398 1.0
156.0 3.5322354243 1.0
89.0 0.999510415042 1.0
142.0 -4.18856333375 1.0
133.0 1.00257768338 1.0
84.0 1.01573600377 1.0
object 16	1.0:1.0
90.0 0.927812607572 1.0
62.0 0.975627634901 1.0
91.0 1.01904415626 1.0
138.0 0.992301076493 1.0
139.0 0.989433577873 1.0
21.0 1.03702149093 1.0
0.0 0.999832243313 1.0
76.0 1.04217152199 1.0
131.0 1.05274616906 1.0
107.0 1.03073712236 1.0
46.0 0.989039533059 1.0
181.0 -0.607874172573 1.0
106.0 0.975535731636 1.0
68.0 0.9466183185 1.0
59.0 1.05366422627 1.0
169.0 2.05860585428 1.0
123.0 0.998224549527 1.0
63.0 0.991413770314 1.0
51.0 0.95464340807 1.0
object 17	1.0:1.0
45.0 0.972069668448 1.0
77.0 1.00779265401 1.0
15.0 1.01013271867 1.0
38.0 1.0025327978 1.0
27.0 1.0034739468 1.0
138.0 0.983377893396 1.0
181.0 -4.06254667683 1.0
0.0 0.995543915258 1.0
34.0 1.04129188152 1.0
39.0 1.00242792433 1.0
127.0 0.981290996074 1.0
135.0 1.00758300953 1.0
43.0 0.990063584319 1.0
46.0 1.06012644383 1.0
150.0 3.72789730862 1.0
125.0 1.09989874712 1.0
94.0 1.02170818114 1.0
object 18	1.0:1.0
22.0 1.00215622148 1.0
9.0 1.00811877774 1.0
165.0 0.634471574523 1.0
139.0 0.994192794056 1.0
135.0 1.00106407126 1.0
131.0 1.11825198502 1.0
7.0 1.04704277356 1.0
179.0 4.47039229055 1.0
35.0 1.00163511734 1.0
192.0 0.71318367065 1.0
162.0 -0.0629602472817 1.0
187.0 0.161312181639 1.0
54.0 0.969368484174 1.0
140.0 1.14880038125 1.0
124.0 1.03762552834 1.0
object 19	1.0:1.0
11.0 0.944362543199 1.0
79.0 1.00570433864 1.0
68.0 1.14248489144 1.0
173.0 -4.88309190317 1.0
1.0 0.988369785228 1.0
76.0 1.00120246756 1.0
56.0 0.995898025226 1.0
107.0 0.940653626416 1.0
195.0 -1.71528267851 1.0
155.0 -1.40533182357 1.0
47.0 0.996694530887 1.0
154.0 1.86178661445 1.0
118.0 1.00185160682 1.0
59.0 0.981361944894 1.0
51.0 1.06105620245 1.0
41.0 0.990147657186 1.0
172.0 -1.61871487061 1.0
61.0 0.981890631715 1.0
148.0 0.299913683183 1.0
object 20	1.0:1.0
171.0 1.04020688747 1.0
61.0 0.921848628931 1.0
10.0 1.00330498697 1.0
48.0 1.01700031616 1.0
50.0 1.01233574401 1.0
55.0 1.01577663092 1.0
167.0 4.72769394769 1.0
66.0 1.01044996254 1.0
16.0 1.09866334114 1.0
46.0 1.04904151569 1.0
9.0 0.999733480041 1.0
157.0 -0.125772152932 1.0
139.0 0.999701974718 1.0
79.0 1.02008390013 1.0
195.0 1.51693975174 1.0
4.0 0.995149123448 1.0
3.0 1.00127563028 1.0
14.0 1.00184024179 1.0
198.0 1.85629324963 1.0
123.0 1.04662753319 1.0
109.0 0.987073293378 1.0
78.0 1.00514464051 1.0
83.0 1.00181894237 1.0
47.0 0.983983417812 1.0
23.0 0.96311734768 1.0
73.0 1.02332114645 1.0
34.0 1.03396168687 1.0
158.0 1.94146015538 1.0
159.0 1.73268547922 1.0
object 21	1.0:1.0
87.0 1.02369353077 1.0
46.0 0.950441296053 1.0
155.0 2.01143764011 1.0
104.0 1.02932875502 1.0
53.0 1.00548860392 1.0
49.0 0.992682013364 1.0
1.0 0.963287084611 1.0
13.0 0.9721931932 1.0
141.0 -0.898941516188 1.0
185.0 6.82586321264 1.0
129.0 0.971785242893 1.0
133.0 0.976681067746 1.0
118.0 1.03579445538 1.0
70.0 1.00793106887 1.0
object 22	1.0:1.0
143.0 2.31592926576 1.0
127.0 1.01553792736 1.0
31.0 0.988942157352 1.0
196.0 2.12182495288 1.0
81.0 1.01355018848 1.0
199.0 2.05227274093 1.0
93.0 1.03054416755 1.0
161.0 0.369272020686 1.0
94.0 0.972692118408 1.0
96.0 1.00310515892 1.0
37.0 0.990169845637 1.0
157.0 2.73574285469 1.0
87.0 0.979727351035 1.0
62.0 1.00177535347 1.0
69.0 0.977619889773 1.0
104.0 1.01165360278 1.0
68.0 0.998262175474 1.0
51.0 1.03075161288 1.0
85.0 0.992048124675 1.0
object 23	1.0:1.0
7.0 0.989263045102 1.0
117.0 0.892500312708 1.0
2.0 1.04518776677 1.0
166.0 2.30539096592 1.0
178.0 1.26697466679 1.0
157.0 -6.00727550409 1.0
64.0 1.0137232362 1.0
86.0 0.998926246645 1.0
61.0 0.974547265672 1.0
191.0 -5.50475029669 1.0
85.0 0.963555376871 1.0
75.0 0.962370592126 1.0
58.0 0.956379174187 1.0
98.0 1.06273936455 1.0
133.0 0.914414047626 1.0
object 24	1.0:1.0
40.0 1.00555570603 1.0
93.0 1.01751682793 1.0
107.0 0.881241608365 1.0
146.0 3.17876755187 1.0
163.0 -0.742149135498 1.0
175.0 6.80258461636 1.0
66.0 0.956965828721 1.0
74.0 1.03218968115 1.0
180.0 -0.00300437646029 1.0
38.0 1.0170326988 1.0
198.0 -4.95758501738 1.0
149.0 2.11708164336 1.0
161.0 5.37842921861 1.0
78.0 1.01258962032 1.0
96.0 0.999998043402 1.0
130.0 0.988773235465 1.0
77.0 0.998347415461 1.0
39.0 1.02241572212 1.0
43.0 0.959332153636 1.0
156.0 0.782495529897 1.0
48.0 1.00751541416 1.0
object 25	1.0:1.0
146.0 2.93615523252 1.0
92.0 0.997238899604 1.0
30.0 1.0249280356 1.0
171.0 -1.25187628248 1.0
137.0 1.03797473922 1.0
168.0 -1.78492583286 1.0
155.0 -1.31320117611 1.0
191.0 4.39610024011 1.0
101.0 1.0336232676 1.0
40.0 0.972671943093 1.0
91.0 0.959476370972 1.0
141.0 -0.938457508459 1.0
126.0 0.944340005451 1.0
60.0 0.976982277783 1.0
139.0 0.972760290528 1.0
93.0 1.00279172279 1.0
194.0 1.86139620365 1.0
150.0 -0.120081325499 1.0
96.0 0.979990776318 1.0
59.0 1.01132247242 1.0
123.0 1.0526560748 1.0
35.0 1.01095234573 1.0
object 26	1.0:1.0
60.0 0.989713580194 1.0
146.0 1.54808938491 1.0
30.0 1.02643332394 1.0
116.0 1.00059989752 1.0
196.0 -8.52176678913 1.0
66.0 0.91892289554 1.0
120.0 1.05727136399 1.0
59.0 0.979212395174 1.0
98.0 0.99287143913 1.0
135.0 1.02327980998 1.0
2.0 1.00292326081 1.0
34.0 1.00363254684 1.0
129.0 0.940277849131 1.0
177.0 -0.853278371236 1.0
99.0 0.986855669342 1.0
4.0 1.04206740542 1.0
95.0 1.02342255808 1.0
58.0 1.03828495597 1.0
172.0 0.465225014333 1.0
21.0 0.989992711918 1.0
41.0 0.993161023382 1.0
object 27	1.0:1.0
168.0 -1.59608026818 1.0
25.0 0.980609310933 1.0
158.0 -3.04975614443 1.0
144.0 -0.357194006667 1.0
143.0 3.26303273806 1.0
27.0 1.0026433881 1.0
97.0 1.06241735892 1.0
171.0 3.37499868201 1.0
162.0 1.97815452613 1.0
114.0 1.01897208654 1.0
174.0 -0.893579371783 1.0
23.0 1.0432861902 1.0
59.0 0.968892376372 1.0
181.0 -2.05233617549 1.0
31.0 0.937835041261 1.0
71.0 0.982380514587 1.0
151.0 -4.69335450698 1.0
4.0 1.02557011068 1.0
134.0 1.02282148263 1.0
193.0 1.51002337511 1.0
50.0 0.955293431194 1.0
60.0 0.978294741907 1.0
79.0 1.00229526594 1.0
194.0 7.72039860389 1.0
18.0 0.973511547511 1.0
61.0 1.07324244443 1.0
object 28	1.0:1.0
161.0 0.975541389426 1.0
104.0 0.981701732667 1.0
118.0 0.967260993164 1.0
166.0 0.397455218758 1.0
102.0 1.04123921557 1.0
139.0 1.02026924666 1.0
20.0 0.960336380474 1.0
117.0 1.05637112737 1.0
72.0 1.01345747311 1.0
150.0 0.909750417772 1.0
66.0 0.961502837335 1.0
131.0 1.01474764326 1.0
132.0 0.999247894077 1.0
169.0 3.26623792816 1.0
145.0 3.26384307776 1.0
82.0 1.05176210813 1.0
58.0 1.09170619872 1.0
60.0 1.01596769485 1.0
97.0 0.954122112877 1.0
123.0 1.02491908171 1.0
109.0 0.993719147171 1.0
147.0 -1.5428887552 1.0
object 29	1.0:1.0
39.0 1.01782626353 1.0
81.0 1.00641802307 1.0
55.0 0.989808245853 1.0
125.0 0.973879054732 1.0
183.0 -6.99276477166 1.0
25.0 1.06698128298 1.0
29.0 0.996829159088 1.0
48.0 1.01343955448 1.0
12.0 0.991372780727 1.0
54.0 0.960065449428 1.0
45.0 1.05361816162 1.0
27.0 0.995490568064 1.0
18.0 1.04586027146 1.0
52.0 0.950992526637 1.0
28.0 0.99133184635 1.0
51.0 1.02681250986 1.0
121.0 1.00008719624 1.0
61.0 1.04578578837 1.0
156.0 2.74998982597 1.0
object 30	1.0:1.0
26.0 1.02647138032 1.0
90.0 0.942527431448 1.0
55.0 0.980577208523 1.0
192.0 3.92084817345 1.0
188.0 0.82691582925 1.0
173.0 3.03989868314 1.0
51.0 1.02540356088 1.0
105.0 0.984359427311 1.0
82.0 0.989508596915 1.0
14.0 1.0109464893 1.0
109.0 1.02169954509 1.0
29.0 0.958801332565 1.0
181.0 2.30133348379 1.0
34.0 1.08069502286 1.0
150.0 2.95719895587 1.0
11.0 1.03190794765 1.0
78.0 0.997452025603 1.0
76.0 0.956240467725 1.0
96.0 1.00022623713 1.0
41.0 1.00387870126 1.0
71.0 0.989767266451 1.0
object 31	1.0:1.0
153.0 2.08499602303 1.0
38.0 0.981932755046 1.0
160.0 2.23844924362 1.0
99.0 1.01308141692 1.0
136.0 1.02089453646 1.0
113.0 1.0269719979 1.0
28.0 0.999479094542 1.0
13.0 1.00722280752 1.0
52.0 1.02828104786 1.0
12.0 0.998386527745 1.0
126.0 0.973513535238 1.0
156.0 -0.54695916486 1.0
185.0 3.843936105 1.0
188.0 2.62989175707 1.0
199.0 3.37874812742 1.0
100.0 0.945409761218 1.0
195.0 1.8176097102 1.0
141.0 2.19121920283 1.0
120.0 0.992382465493 1.0
87.0 0.989107000104 1.0
130.0 1.01113240965 1.0
93.0 1.00986364162 1.0
42.0 0.989842386961 1.0
119.0 1.0125917361 1.0
object 32	1.0:1.0
120.0 1.00838595238 1.0
116.0 1.0025642681 1.0
166.0 -0.7843219377 1.0
172.0 2.71067396134 1.0
92.0 1.0091681204 1.0
59.0 1.02186006093 1.0
118.0 1.02160457344 1.0
5.0 1.01853837813 1.0
199.0 -3.01197366754 1.0
142.0 0.83080041174 1.0
153.0 4.62468196374 1.0
94.0 0.994939535893 1.0
37.0 1.00735308937 1.0
47.0 1.0142792361 1.0
2.0 1.02282998412 1.0
114.0 1.02857883789 1.0
object 33	1.0:1.0
14.0 1.00276012369 1.0
112.0 0.979276349889 1.0
157.0 3.12006674161 1.0
66.0 0.926614155661 1.0
110.0 1.05174346095 1.0
91.0 1.04621806971 1.0
178.0 -1.61969217405 1.0
59.0 1.03275555921 1.0
27.0 0.98342070506 1.0
191.0 5.2750695303 1.0
98.0 0.992952348737 1.0
180.0 -0.720394771675 1.0
90.0 0.97730556219 1.0
186.0 -0.0179449135449 1.0
58.0 0.987027296355 1.0
114.0 0.99161593711 1.0
82.0 1.03976706913 1.0
38.0 0.99674436411 1.0
67.0 0.97344094478 1.0
object 34	1.0:1.0
24.0 1.00531053825 1.0
185.0 4.23746992878 1.0
64.0 1.03078613416 1.0
29.0 1.01494280119 1.0
126.0 0.97730963491 1.0
121.0 1.00727170217 1.0
20.0 1.00748196688 1.0
70.0 1.02230197348 1.0
172.0 4.38241524212 1.0
155.0 1.41281520264 1.0
79.0 0.99301046082 1.0
168.0 0.457813621319 1.0
75.0 1.02087277029 1.0
43.0 1.01577984031 1.0
80.0 0.978814183811 1.0
171.0 3.36870291252 1.0
107.0 0.998117498524 1.0
142.0 -2.3263244145 1.0
101.0 1.03731708617 1.0
117.0 1.05871682063 1.0
62.0 1.04009913103 1.0
4.0 1.02207653793 1.0
object 35	1.0:1.0
147.0 0.14763416632 1.0
10.0 1.00869783225 1.0
114.0 0.981521120429 1.0
14.0 0.982913449696 1.0
110.0 1.04098308461 1.0
73.0 0.979819880622 1.0
69.0 1.03452765162 1.0
47.0 0.985203740299 1.0
61.0 0.933082523493 1.0
130.0 0.956461333989 1.0
46.0 1.05487288505 1.0
119.0 1.00735703658 1.0
55.0 0.999087945665 1.0
178.0 -0.893848708728 1.0
106.0 1.01237250438 1.0
68.0 0.977673585606 1.0
154.0 2.80267324805 1.0
80.0 1.00765240716 1.0
120.0 0.972668562708 1.0
51.0 0.969388242777 1.0
181.0 5.16083154581 1.0
171.0 1.42373379944 1.0
135.0 1.01057485865 1.0
object 36	1.0:1.0
138.0 1.02528643339 1.0
28.0 1.00092282629 1.0
35.0 1.06298321194 1.0
73.0 1.01367197417 1.0
165.0 0.75371666638 1.0
113.0 1.01854520597 1.0
44.0 1.02571528816 1.0
182.0 1.48473359988 1.0
67.0 0.991402082634 1.0
87.0 1.01158243163 1.0
119.0 1.00931099162 1.0
116.0 1.00697426845 1.0
175.0 3.20446431895 1.0
6.0 0.951952880268 1.0
93.0 0.974470918166 1.0
46.0 1.03381189901 1.0
192.0 9.7580591591 1.0
180.0 -5.53161018343 1.0
object 37	1.0:1.0
179.0 -0.122836256752 1.0
85.0 0.995087687422 1.0
191.0 7.98044671945 1.0
184.0 0.964391909293 1.0
197.0 0.530710003281 1.0
41.0 1.03295150964 1.0
116.0 1.06284307698 1.0
35.0 1.01847697067 1.0
169.0 3.37586433511 1.0
77.0 1.02516526053 1.0
16.0 0.981964850837 1.0
26.0 0.96371084077 1.0
118.0 0.941752626849 1.0
101.0 0.990552154961 1.0
139.0 1.00196444181 1.0
2.0 1.06566718788 1.0
198.0 -3.36323217602 1.0
138.0 1.00305136265 1.0
83.0 1.01424966262 1.0
128.0 1.00894570833 1.0
157.0 -2.95899390461 1.0
19.0 1.02184361602 1.0
89.0 0.990797483789 1.0
117.0 1.02049069808 1.0
91.0 1.08375050106 1.0
136.0 0.967198043928 1.0
object 38	1.0:1.0
106.0 1.01682250965 1.0
121.0 0.958064915287 1.0
57.0 1.01967974837 1.0
31.0 1.06612848106 1.0
18.0 0.982043736764 1.0
126.0 0.994576541375 1.0
55.0 0.984623479104 1.0
119.0 1.00296642518 1.0
86.0 0.978399824647 1.0
9.0 1.00718376703 1.0
102.0 1.003468533 1.0
67.0 0.998581687203 1.0
117.0 0.896182738869 1.0
74.0 1.03105617674 1.0
186.0 -1.15099038791 1.0
85.0 1.02431476409 1.0
object 39	1.0:1.0
156.0 -2.24775849591 1.0
80.0 1.00443645735 1.0
141.0 0.841230061449 1.0
102.0 0.975347934332 1.0
38.0 0.959916202775 1.0
86.0 0.986624928852 1.0
92.0 1.00416896547 1.0
99.0 0.985156383163 1.0
55.0 1.01613921271 1.0
103.0 1.01175542553 1.0
153.0 0.420618969353 1.0
134.0 0.950992389655 1.0
52.0 1.0048894974 1.0
71.0 0.951022773721 1.0
146.0 -1.03098001768 1.0
164.0 1.22882674517 1.0
182.0 -0.846990772785 1.0
42.0 0.979513405101 1.0
object 40	1.0:1.0
3.0 0.988956673902 1.0
80.0 1.03911894245 1.0
191.0 -0.514807335479 1.0
151.0 -12.175509678 1.0
129.0 0.938156098868 1.0
186.0 0.652409189514 1.0
48.0 1.00026060459 1.0
106.0 1.01390606488 1.0
119.0 0.997363928039 1.0
199.0 7.24958160328 1.0
29.0 0.99233747438 1.0
146.0 -0.0390278120674 1.0
131.0 0.968310767425 1.0
125.0 0.958915839483 1.0
159.0 -0.414486236545 1.0
78.0 0.99802174099 1.0
72.0 1.01274661335 1.0
74.0 1.00933102743 1.0
157.0 4.19895049519 1.0
96.0 1.00739109489 1.0
71.0 1.01548378969 1.0
101.0 1.07448491464 1.0
92.0 0.989042506705 1.0
object 41	1.0:1.0
82.0 1.00640394159 1.0
63.0 1.0009742845 1.0
71.0 1.00718575258 1.0
27.0 1.00955639 1.0
74.0 1.02659905321 1.0
132.0 1.01045635168 1.0
183.0 10.6281479822 1.0
136.0 1.02048166462 1.0
70.0 1.00472787607 1.0
117.0 0.963343690315 1.0
57.0 0.953864130197 1.0
119.0 1.00064142462 1.0
161.0 -0.814977476346 1.0
180.0 -1.02193604726 1.0
173.0 -6.94961100048 1.0
139.0 0.983625878822 1.0
145.0 3.1902762087 1.0
30.0 0.955463159568 1.0
78.0 1.02277885838 1.0
45.0 1.00850606889 1.0
79.0 0.994861372119 1.0
41.0 1.02227826446 1.0
184.0 -4.00139886013 1.0
143.0 0.283903021487 1.0
178.0 -0.937850736305 1.0
64.0 1.03909486963 1.0
34.0 0.959640829283 1.0
object 42	1.0:1.0
59.0 1.03039415985 1.0
88.0 0.979731830352 1.0
178.0 2.9369633964 1.0
173.0 -3.81443190362 1.0
180.0 1.9379343365 1.0
19.0 0.999517439834 1.0
164.0 1.98311057896 1.0
139.0 0.994811931678 1.0
41.0 0.994805215183 1.0
147.0 -0.813280498194 1.0
58.0 0.96593066554 1.0
95.0 1.00888707601 1.0
151.0 0.726050888484 1.0
46.0 1.0238497006 1.0
53.0 0.988412386578 1.0
101.0 1.02496775665 1.0
object 43	1.0:1.0
143.0 1.82756764295 1.0
53.0 0.982376744257 1.0
22.0 1.0181571036 1.0
17.0 0.983891031088 1.0
132.0 0.98417737916 1.0
184.0 -0.157001415762 1.0
98.0 0.972668750926 1.0
84.0 1.04170080521 1.0
68.0 0.974480205104 1.0
56.0 0.988436443723 1.0
168.0 2.40606603278 1.0
41.0 1.01066720657 1.0
7.0 0.975401351963 1.0
135.0 0.924734966875 1.0
27.0 0.998269438465 1.0
90.0 1.04282511661 1.0
178.0 0.732766023984 1.0
176.0 4.78360931791 1.0
object 44	1.0:1.0
132.0 0.980045695784 1.0
194.0 -4.99682705764 1.0
62.0 0.972131958404 1.0
116.0 1.01789060351 1.0
130.0 0.947379916138 1.0
64.0 0.996683160874 1.0
12.0 1.00675839144 1.0
172.0 -0.107369263083 1.0
5.0 1.00631971617 1.0
134.0 1.04613078855 1.0
32.0 0.986694265874 1.0
68.0 1.05787553944 1.0
86.0 1.00644681273 1.0
199.0 -0.0523748488937 1.0
75.0 0.980653859065 1.0
110.0 1.04053228204 1.0
69.0 0.959452975564 1.0
67.0 1.01915719424 1.0
155.0 2.16574671829 1.0
193.0 -1.69211306661 1.0
31.0 0.974621683784 1.0
177.0 -3.77463656692 1.0
44.0 0.995298817741 1.0
26.0 0.966683109719 1.0
78.0 1.02694878711 1.0
object 45	1.0:1.0
96.0 1.00436633146 1.0
71.0 1.04248869748 1.0
13.0 1.00330123567 1.0
18.0 1.00522803864 1.0
109.0 1.01277019172 1.0
67.0 1.09833288831 1.0
124.0 0.947104107926 1.0
4.0 1.00145752152 1.0
135.0 0.978838381668 1.0
105.0 0.987839906858 1.0
54.0 0.985792224777 1.0
6.0 0.972118982677 1.0
30.0 1.03555619602 1.0
46.0 1.01448888549 1.0
26.0 1.0336902591 1.0
154.0 5.74712866187 1.0
118.0 1.04412653601 1.0
182.0 -0.622740531394 1.0
176.0 -0.655346398356 1.0
134.0 0.988387681347 1.0
170.0 -3.36638201518 1.0
55.0 0.979221165794 1.0
object 46	1.0:1.0
150.0 1.61923825506 1.0
129.0 1.01267974744 1.0
39.0 1.0150370609 1.0
57.0 0.962142580476 1.0
51.0 1.00495687271 1.0
177.0 -2.55559235489 1.0
58.0 1.01184084382 1.0
155.0 -1.35965961231 1.0
173.0 4.99656858727 1.0
29.0 1.0172691163 1.0
124.0 1.01853287797 1.0
26.0 1.02054823962 1.0
object 47	1.0:1.0
87.0 0.965892280765 1.0
5.0 1.00745449674 1.0
42.0 1.00645769315 1.0
126.0 1.04889599018 1.0
45.0 0.96960241952 1.0
52.0 1.04011684839 1.0
152.0 4.07938634182 1.0
81.0 1.01433886697 1.0
98.0 1.0327183824 1.0
115.0 1.01864198385 1.0
9.0 0.991926192036 1.0
119.0 1.01699578234 1.0
143.0 1.68544376001 1.0
78.0 0.988807560613 1.0
object 48	1.0:1.0
131.0 1.00447593374 1.0
97.0 1.01225552722 1.0
88.0 1.01535167544 1.0
161.0 1.38749601011 1.0
137.0 1.00611388313 1.0
23.0 1.00727418825 1.0
163.0 0.160055829357 1.0
7.0 1.03350162726 1.0
117.0 1.02083453084 1.0
48.0 0.9982812723 1.0
146.0 -2.18179785057 1.0
155.0 3.03109424339 1.0
123.0 1.01767586141 1.0
9.0 1.0073266678 1.0
190.0 0.757404768678 1.0
106.0 0.976654311765 1.0
40.0 1.03578527023 1.0
object 49	1.0:1.0
41.0 0.989366276297 1.0
98.0 0.975022972095 1.0
189.0 2.24758376815 1.0
157.0 -0.440310192164 1.0
77.0 0.992192118448 1.0
159.0 1.93781172273 1.0
24.0 1.01462619346 1.0
64.0 0.972122188263 1.0
42.0 0.996311432912 1.0
5.0 0.989196234712 1.0
25.0 0.997233597487 1.0
9.0 0.990704952359 1.0
111.0 1.01815977999 1.0
88.0 1.04917454448 1.0
58.0 1.01535495299 1.0
6.0 1.00578388848 1.0
110.0 0.963546839837 1.0
89.0 1.00465919015 1.0
149.0 0.00426471565878 1.0
122.0 1.04446777211 1.0
199.0 4.13241644914 1.0
object 50	1.0:0.5 7.81613044932:0.5
173.0 13.3193591387 1.0
28.0 7.79803809068 1.0
50.0 0.945556982877 0.0
26.0 7.88370256476 1.0
79.0 0.941242023636 0.0
74.0 1.00147961389 0.0
78.0 0.962786598846 0.0
197.0 8.00052746346 1.0
136.0 7.76619950908 1.0
149.0 -1.03806684602 0.0
107.0 7.78898281417 1.0
32.0 7.79997382752 1.0
17.0 1.00770882852 0.0
133.0 7.88651108783 1.0
156.0 11.08646134 1.0
157.0 5.64999918822 1.0
188.0 9.32674964054 1.0
92.0 7.87505179941 1.0
object 51	1.0:0.5 7.15568047937:0.5
127.0 7.09461337158 1.0
144.0 2.49130798145 0.0
18.0 0.941466357958 0.0
66.0 1.05117998175 0.0
198.0 -6.50269740838 0.0
148.0 8.39827776922 1.0
33.0 0.929825620484 0.0
47.0 7.1243072863 1.0
177.0 9.83870632495 1.0
98.0 7.13875062054 1.0
111.0 7.10874925328 1.0
88.0 1.01739667995 0.0
190.0 8.32251650265 0.0
86.0 0.987867736423 0.0
96.0 7.11833525057 1.0
100.0 7.10971275441 1.0
75.0 1.06921101128 0.0
object 52	1.0:0.5 -0.358393913362:0.5
186.0 0.672119886746 0.0
94.0 1.02754830196 0.0
3.0 1.06390285958 0.0
106.0 1.01283709948 0.0
39.0 -0.441995191141 1.0
97.0 0.97579351356 0.0
43.0 1.01450572867 0.0
145.0 1.89048991217 1.0
199.0 -0.338019587974 1.0
152.0 0.321278104636 0.0
32.0 0.9577184413 0.0
119.0 1.04620083038 0.0
193.0 -0.108301295239 0.0
121.0 -0.307583898384 1.0
81.0 0.986244357801 0.0
47.0 0.963760699627 0.0
46.0 -0.378800890132 1.0
150.0 1.45852627865 1.0
20.0 -0.382284609455 1.0
89.0 -0.313786795164 1.0
95.0 0.96924510455 0.0
59.0 -0.351420244156 1.0
166.0 5.46838417099 1.0
123.0 0.857081839972 0.0
75.0 1.05148381634 0.0
103.0 -0.355399299434 1.0
69.0 0.956565835202 0.0
object 53	1.0:0.5 6.21097936784:0.5
41.0 6.2074696598 1.0
160.0 7.25026652818 1.0
89.0 6.23755506383 1.0
167.0 8.01434151269 1.0
27.0 6.18284797647 1.0
55.0 6.20888409335 1.0
9.0 0.961835486771 0.0
166.0 1.02248347744 0.0
142.0 1.05511057598 0.0
53.0 6.25635905999 1.0
95.0 6.1011425691 1.0
65.0 0.957805951704 0.0
60.0 6.1813148169 1.0
195.0 -2.99975890797 0.0
48.0 6.22998058073 1.0
83.0 6.20459848895 1.0
64.0 6.22540529705 1.0
122.0 1.02217938743 0.0
92.0 1.04001550805 0.0
object 54	1.0:0.5 13.2304366891:0.5
138.0 0.979225751721 0.0
36.0 13.1910118949 1.0
74.0 13.2282086414 1.0
16.0 1.00003603219 0.0
19.0 0.978875910358 0.0
124.0 0.981027281766 0.0
40.0 13.2631220811 1.0
192.0 13.4420951439 1.0
108.0 0.959831831811 0.0
116.0 1.03354904518 0.0
32.0 0.976698853065 0.0
23.0 13.1717720922 1.0
102.0 1.04282241204 0.0
139.0 0.937747598229 0.0
50.0 1.03802715126 0.0
177.0 -0.877061299272 0.0
135.0 1.03119002612 0.0
182.0 15.5471547844 1.0
object 55	1.0:0.5 -2.62549609796:0.5
18.0 1.02446199816 0.0
133.0 -2.67425389278 1.0
69.0 0.927925029198 0.0
148.0 2.13204323315 0.0
11.0 -2.63007359802 1.0
106.0 1.043568497 0.0
175.0 -0.198656930108 0.0
44.0 -2.64753689659 1.0
36.0 -2.67956926848 1.0
54.0 -2.6801078238 1.0
183.0 -2.31636184008 1.0
8.0 -2.67378374648 1.0
189.0 -2.01326182126 0.0
74.0 -2.68199482687 1.0
145.0 -4.36300585231 1.0
85.0 -2.63385584971 1.0
28.0 -2.6162069112 1.0
26.0 -2.62376959564 1.0
134.0 -2.58835714749 1.0
155.0 0.834242322628 0.0
91.0 0.993747044479 0.0
51.0 -2.59188737443 1.0
78.0 -2.73098082341 1.0
59.0 0.959315156161 0.0
199.0 1.32517852599 1.0
184.0 2.95885284127 0.0
170.0 1.39378681222 0.0
object 56	1.0:0.5 9.58938129401:0.5
3.0 1.06154769598 0.0
192.0 1.07566231553 0.0
117.0 1.01359602098 0.0
45.0 0.996471277934 0.0
128.0 1.0473595366 0.0
177.0 13.7861131573 0.0
169.0 2.08287143945 0.0
35.0 9.55277285297 1.0
33.0 9.5012442118 1.0
181.0 3.79839399789 1.0
113.0 9.74501733364 1.0
102.0 9.59096830593 1.0
43.0 9.60921388852 1.0
134.0 9.56538300508 1.0
164.0 1.45590121385 0.0
67.0 0.990364934513 0.0
194.0 12.3214553402 1.0
29.0 0.965472996771 0.0
196.0 1.75177387166 0.0
185.0 -0.500964323974 0.0
object 57	1.0:0.5 -22.2324221966:0.5
123.0 0.970131587205 0.0
137.0 1.07036355966 0.0
193.0 -2.55506289588 0.0
44.0 0.922796993063 0.0
75.0 1.00885170049 0.0
95.0 0.945129260293 0.0
63.0 0.958007092831 0.0
153.0 -3.8700992541 0.0
171.0 -22.3296697797 1.0
16.0 1.00659550217 0.0
48.0 0.91255815688 0.0
31.0 -22.197081626 1.0
183.0 0.332205125544 0.0
10.0 -22.3133295254 1.0
56.0 0.99765622041 0.0
61.0 -22.2377534581 1.0
72.0 -22.2518695798 1.0
130.0 0.96148752418 0.0
2.0 -22.1954759682 1.0
187.0 6.48416993978 0.0
object 58	1.0:0.5 -0.393159211387:0.5
131.0 -0.40317966604 1.0
73.0 -0.408907535704 1.0
86.0 1.09382331059 0.0
122.0 0.962500914145 0.0
27.0 0.966578056465 0.0
184.0 0.700424478239 1.0
186.0 -0.294163636854 0.0
12.0 -0.352561745693 1.0
20.0 1.01207070648 0.0
176.0 -1.53128235802 0.0
143.0 1.5332742438 0.0
38.0 1.08392581847 0.0
117.0 -0.315788283841 1.0
196.0 1.22812349649 0.0
36.0 1.00926562356 0.0
118.0 0.965892512849 0.0
65.0 0.96224541054 0.0
140.0 -1.88907359171 1.0
23.0 -0.344795432124 1.0
112.0 -0.361556590692 1.0
172.0 -0.473016678371 0.0
195.0 8.46808411983 1.0
104.0 -0.300692881263 1.0
object 59	1.0:0.5 -13.2451538941:0.5
36.0 0.941301639746 0.0
52.0 -13.266346369 1.0
109.0 -13.2077185344 1.0
99.0 -13.2736872857 1.0
59.0 1.03620379717 0.0
142.0 -14.7028606153 1.0
38.0 -13.3204265035 1.0
46.0 1.05900650728 0.0
55.0 -13.2613724595 1.0
43.0 0.998661372899 0.0
71.0 1.07264756758 0.0
61.0 1.0559480893 0.0
135.0 0.974267669958 0.0
115.0 1.03678390481 0.0
44.0 -13.1719904771 1.0
192.0 -13.0509577191 1.0
163.0 -7.33648623312 1.0
object 60	1.0:0.5 -0.395820368038:0.5
198.0 2.27725103637 0.0
92.0 1.05310872728 0.0
42.0 0.924447861083 0.0
164.0 -0.748262514636 1.0
13.0 -0.400407568201 1.0
27.0 0.991277742745 0.0
74.0 -0.340561649183 1.0
34.0 -0.384497058379 1.0
53.0 -0.338725044826 1.0
33.0 0.941122824259 0.0
132.0 -0.373546292868 1.0
187.0 8.14674105167 0.0
125.0 -0.304971517262 1.0
141.0 2.01813661975 1.0
183.0 -0.628862064693 1.0
149.0 -0.515141888538 0.0
91.0 -0.339322027783 1.0
2.0 -0.396599694905 1.0
80.0 0.919339962726 0.0
26.0 -0.342491265532 1.0
133.0 -0.279882740056 1.0
object 61	1.0:0.5 -9.74668426677:0.5
98.0 1.00872786052 0.0
114.0 1.092123892 0.0
76.0 -9.77565836649 1.0
187.0 -10.0952273373 1.0
72.0 -9.7585411588 1.0
123.0 -9.74986484842 1.0
141.0 -0.596582449561 0.0
127.0 -9.7262381604 1.0
34.0 -9.73037945006 1.0
194.0 -11.0748304532 1.0
56.0 -9.79908998628 1.0
48.0 -9.75891669984 1.0
133.0 -9.64116496798 1.0
138.0 -9.64689387758 1.0
67.0 -9.63254710223 1.0
190.0 -3.64360422571 0.0
32.0 1.02496839421 0.0
object 62	1.0:0.5 8.86184087686:0.5
33.0 8.79899233276 1.0
178.0 0.965038469851 0.0
198.0 8.3405745795 1.0
3.0 8.89577919669 1.0
195.0 9.20018551032 1.0
38.0 8.85092297869 1.0
23.0 0.988112797925 0.0
14.0 0.903915540388 0.0
82.0 0.96461699444 0.0
116.0 0.950923063397 0.0
31.0 1.11224059452 0.0
129.0 8.8296536132 1.0
60.0 8.83220325251 1.0
197.0 6.55184880723 1.0
144.0 2.46270881269 0.0
65.0 0.984565296232 0.0
41.0 8.9059733377 1.0
16.0 8.86534158875 1.0
110.0 0.98084769191 0.0
63.0 8.8664521121 1.0
184.0 9.55486521996 1.0
85.0 0.991238002654 0.0
141.0 9.87875774744 1.0
140.0 7.36989917585 1.0
75.0 1.01984521546 0.0
158.0 14.6663523377 1.0
32.0 1.09088004869 0.0
object 63	1.0:0.5 7.95526213152:0.5
85.0 7.94167439753 1.0
2.0 0.987188059021 0.0
119.0 7.97081877885 1.0
58.0 7.91283177325 1.0
67.0 7.93716030085 1.0
35.0 1.02407654317 0.0
169.0 2.39377315379 1.0
189.0 2.41634638489 0.0
103.0 8.09014429226 1.0
184.0 5.21774445757 1.0
164.0 3.38914979545 0.0
91.0 7.97831664363 1.0
44.0 1.04092605043 0.0
37.0 0.930030329272 0.0
108.0 7.95270075725 1.0
122.0 7.93924265298 1.0
145.0 3.78599650284 1.0
77.0 7.8922298012 1.0
42.0 1.0477122757 0.0
98.0 0.947205805124 0.0
63.0 7.91850158529 1.0
109.0 7.9906667022 1.0
144.0 4.46393182641 0.0
186.0 -0.434482245381 0.0
33.0 1.07299659991 0.0
14.0 0.974234622064 0.0
object 64	1.0:0.5 -1.68943806585:0.5
190.0 -2.46123306656 0.0
62.0 0.90357673952 0.0
36.0 -1.69194290651 1.0
66.0 -1.73857502897 1.0
104.0 1.05518097399 0.0
21.0 -1.71916492205 1.0
89.0 -1.61437267648 1.0
91.0 1.01271309735 0.0
182.0 -9.86724473309 1.0
198.0 1.58690611034 1.0
139.0 -1.75526356888 1.0
47.0 0.951533409434 0.0
164.0 -3.17320204142 1.0
56.0 0.90843203105 0.0
147.0 0.211091002803 0.0
140.0 0.742464301027 0.0
58.0 0.908068033485 0.0
114.0 -1.81852443981 1.0
127.0 -1.68713086632 1.0
object 65	1.0:0.5 9.15652862694:0.5
30.0 0.949901594975 0.0
175.0 13.2524207593 1.0
23.0 9.156847179 1.0
177.0 5.81222877971 0.0
144.0 13.2732444718 1.0
181.0 -3.46847333914 0.0
160.0 11.5408038143 1.0
105.0 9.20810790116 1.0
59.0 9.14245227872 1.0
68.0 0.977175595269 0.0
152.0 10.8264468928 1.0
72.0 9.11664364962 1.0
13.0 9.18690889987 1.0
187.0 6.0850347876 1.0
148.0 10.1126412739 1.0
83.0 9.17805026201 1.0
91.0 9.08149747839 1.0
39.0 9.19707327852 1.0
1.0 9.11076414742 1.0
166.0 11.4799118832 1.0
74.0 0.96033405111 0.0
16.0 9.16060021125 1.0
119.0 1.05449909661 0.0
41.0 9.07328243808 1.0
195.0 11.5253270263 1.0
87.0 0.968792957492 0.0
163.0 2.94259464944 1.0
169.0 7.89234052768 1.0
167.0 8.99880202901 1.0
93.0 0.998018686366 0.0
object 66	1.0:0.5 10.217401133:0.5
173.0 14.2069979535 1.0
182.0 12.4413378583 1.0
181.0 6.64574480012 0.0
33.0 1.08161922002 0.0
195.0 11.3399012987 1.0
31.0 1.00657367973 0.0
24.0 10.2190031315 1.0
107.0 10.2520642074 1.0
161.0 -0.880704749137 0.0
187.0 14.2743629214 1.0
192.0 2.57447105192 0.0
193.0 18.2846510752 1.0
45.0 0.9804504253 0.0
52.0 10.2083650384 1.0
178.0 0.110449415982 0.0
96.0 10.1140279203 1.0
15.0 0.995369349404 0.0
153.0 8.06930076376 1.0
44.0 1.04468731875 0.0
38.0 0.968046642208 0.0
12.0 1.0052733441 0.0
66.0 0.988953702768 0.0
73.0 0.99122486566 0.0
137.0 0.927289933097 0.0
69.0 0.951561123291 0.0
object 67	1.0:0.5 -12.7823269003:0.5
179.0 1.68114221942 0.0
137.0 0.96437665011 0.0
11.0 0.98697930065 0.0
191.0 0.181587310631 0.0
178.0 -12.8575500537 1.0
196.0 0.834166041126 0.0
166.0 7.60659414741 0.0
84.0 -12.7346749243 1.0
40.0 -12.7282887087 1.0
67.0 -12.7887473344 1.0
127.0 1.01473921263 0.0
76.0 0.99731088815 0.0
139.0 0.990800231573 0.0
120.0 1.02774303997 0.0
45.0 1.04798869476 0.0
82.0 -12.7541714497 1.0
4.0 0.925322646253 0.0
42.0 -12.8175069779 1.0
48.0 -12.7894712845 1.0
117.0 -12.7551308816 1.0
129.0 -12.7751724396 1.0
101.0 1.05295091897 0.0
195.0 -13.194997113 1.0
190.0 6.78559692313 0.0
168.0 -17.5327643573 1.0
55.0 1.00131011044 0.0
object 68	1.0:0.5 -18.5520204442:0.5
61.0 -18.4747857001 1.0
152.0 -20.6605023934 1.0
2.0 0.985120157547 0.0
171.0 4.0790730434 0.0
104.0 0.941428902996 0.0
20.0 -18.5196525254 1.0
66.0 -18.5688870899 1.0
137.0 1.01553049616 0.0
113.0 1.04623877967 0.0
6.0 1.03022511636 0.0
157.0 -19.0877314583 1.0
110.0 1.01537133241 0.0
144.0 -20.4455781842 1.0
166.0 -21.6775750841 1.0
192.0 -15.9999301341 1.0
146.0 1.39873462417 0.0
object 69	1.0:0.5 3.18021551589:0.5
106.0 3.15667028312 1.0
3.0 3.11695479277 1.0
113.0 1.00246762629 0.0
115.0 0.972150288724 0.0
97.0 0.985063086221 0.0
116.0 3.20339656084 1.0
195.0 13.3489272757 1.0
29.0 3.10035513972 1.0
46.0 3.25550468272 1.0
118.0 3.13365611123 1.0
130.0 0.969019099817 0.0
82.0 1.06063879306 0.0
53.0 3.13254891783 1.0
165.0 4.59828963393 1.0
123.0 0.936535959693 0.0
196.0 3.40415371069 1.0
137.0 3.21330356247 1.0
185.0 2.80731837913 1.0
85.0 0.887939795021 0.0
10.0 3.12118102363 1.0
111.0 0.905977775099 0.0
101.0 1.00411164858 0.0
110.0 1.0413524818 0.0
120.0 3.1815521429 1.0
81.0 1.034000369 0.0
9.0 3.15726919064 1.0
71.0 1.05296125904 0.0
191.0 0.44191039614 1.0
object 70	1.0:0.5 -1.43236439522:0.5
70.0 0.941248366354 0.0
141.0 -1.96594544517 1.0
138.0 1.04313209278 0.0
44.0 -1.44275149524 1.0
88.0 1.03919317643 0.0
110.0 0.974882929368 0.0
160.0 -4.83902346244 1.0
48.0 -1.3295021463 1.0
106.0 -1.44483419309 1.0
131.0 -1.40180840083 1.0
174.0 -3.86964362186 1.0
182.0 -4.73669179851 1.0
33.0 -1.44967019424 1.0
98.0 -1.51154772629 1.0
17.0 -1.47614897105 1.0
40.0 0.908724370614 0.0
58.0 -1.42469073239 1.0
199.0 14.2829951661 0.0
object 71	1.0:0.5 0.991142806504:0.5
150.0 -3.98459150555 1.0
26.0 0.867887574326 1.0
48.0 0.972326220723 0.0
92.0 0.996057640915 1.0
18.0 0.965236216147 0.0
164.0 -0.75612432505 1.0
28.0 0.968124597312 0.0
42.0 0.871265541634 1.0
68.0 1.00731879519 1.0
72.0 0.994158460234 1.0
56.0 1.02001047147 1.0
46.0 0.946309415267 0.0
147.0 -0.692406160894 1.0
162.0 -3.32815342838 0.0
115.0 0.950653802923 1.0
87.0 1.0309164783 0.0
110.0 0.905431969774 1.0
190.0 -2.75510699254 0.0
154.0 0.279374286418 0.0
object 72	1.0:0.5 0.743827951728:0.5
168.0 -3.53468078916 0.0
139.0 1.00299076227 0.0
74.0 1.01606815303 0.0
172.0 0.343178453498 0.0
128.0 0.662967578788 1.0
48.0 0.995028345361 0.0
9.0 1.07991687718 0.0
189.0 2.04046603063 0.0
186.0 5.90497657746 0.0
188.0 -4.13615664336 1.0
175.0 7.66788551847 0.0
40.0 1.00233823314 0.0
106.0 0.998910312173 0.0
57.0 0.972366723058 0.0
148.0 1.39433885576 1.0
3.0 0.672559991586 1.0
183.0 -0.390990889872 0.0
54.0 0.804184100324 1.0
71.0 0.740121686776 1.0
92.0 0.757336505509 1.0
29.0 0.778845568219 1.0
51.0 1.11637309749 0.0
112.0 0.797141896774 1.0
22.0 0.732531374657 1.0
38.0 0.986712852146 0.0
object 73	1.0:0.5 2.25064667029:0.5
34.0 1.00182647171 0.0
122.0 0.941507590102 0.0
79.0 1.0705966841 0.0
197.0 0.755803324224 0.0
32.0 2.25092691282 1.0
159.0 6.74727567879 1.0
142.0 1.61243973232 0.0
54.0 0.901835894256 0.0
42.0 2.19213041691 1.0
185.0 2.91188403311 1.0
192.0 2.75486830252 1.0
140.0 -1.28245920522 0.0
170.0 3.45317876828 1.0
189.0 9.09942957304 1.0
10.0 0.873606198845 0.0
57.0 2.23852187583 1.0
77.0 2.1936998841 1.0
26.0 2.15623959846 1.0
59.0 1.00761544386 0.0
14.0 2.17239222435 1.0
124.0 2.18948668751 1.0
object 74	1.0:0.5 -14.4469836363:0.5
173.0 -6.13551791714 0.0
132.0 1.05501575064 0.0
30.0 0.954377300542 0.0
146.0 -8.66023531298 1.0
37.0 -14.3941933504 1.0
23.0 -14.4943127088 1.0
78.0 1.07846688621 0.0
43.0 -14.4950172028 1.0
5.0 1.01462091352 0.0
15.0 0.958853465992 0.0
198.0 -8.08540963197 1.0
85.0 -14.4221061222 1.0
96.0 0.989348066704 0.0
object 75	1.0:0.5 11.9590379817:0.5
176.0 3.30857355891 0.0
73.0 12.013548146 1.0
151.0 1.12562458105 0.0
86.0 1.05924398141 0.0
19.0 1.02903954294 0.0
167.0 11.0079269077 0.0
52.0 11.9141400512 1.0
91.0 11.9409357568 1.0
64.0 0.899775684045 0.0
168.0 6.0367152184 0.0
53.0 11.9943307139 1.0
28.0 11.951546848 1.0
22.0 11.9810094055 1.0
94.0 12.0399891562 1.0
44.0 11.8706447846 1.0
120.0 1.02842655464 0.0
199.0 1.32369375656 0.0
121.0 0.977031717026 0.0
9.0 12.1000791799 1.0
55.0 11.969432766 1.0
114.0 0.987810893845 0.0
89.0 0.975383874351 0.0
56.0 12.0040033 1.0
172.0 17.9205044288 1.0
object 76	1.0:0.5 -6.64074779544:0.5
160.0 -8.72480913454 1.0
143.0 -4.71337146848 0.0
94.0 -6.65009136195 1.0
84.0 -6.66601315045 1.0
175.0 -6.67090923121 1.0
166.0 5.8379295648 0.0
101.0 -6.5836436588 1.0
140.0 1.03200714089 0.0
189.0 1.88739986042 0.0
105.0 1.06371822541 0.0
139.0 -6.66598320527 1.0
193.0 -3.52599887021 0.0
159.0 -8.28456414081 1.0
90.0 -6.65995949071 1.0
41.0 -6.66042280367 1.0
7.0 -6.73823224933 1.0
34.0 -6.66856277825 1.0
object 77	1.0:0.5 -30.3363626331:0.5
198.0 -36.7950825474 1.0
172.0 2.76759173781 0.0
189.0 0.970163458468 0.0
15.0 0.984706153798 0.0
143.0 -21.2946504607 1.0
116.0 -30.3318189656 1.0
150.0 -29.6127911419 1.0
147.0 -1.92481785761 0.0
100.0 0.984104900701 0.0
73.0 1.01178789178 0.0
83.0 -30.2881220686 1.0
160.0 1.06255125129 0.0
142.0 1.03514816268 0.0
138.0 -30.2897689892 1.0
106.0 0.994813541448 0.0
129.0 1.02028549944 0.0
49.0 -30.3207513572 1.0
41.0 -30.359582478 1.0
123.0 0.977112159357 0.0
object 78	1.0:0.5 9.24161626305:0.5
96.0 0.9802748395 0.0
49.0 1.02760108561 0.0
75.0 0.979040100732 0.0
85.0 9.3366215307 1.0
14.0 9.25630853657 1.0
29.0 0.962373704955 0.0
161.0 16.5539184226 1.0
71.0 9.30637817901 1.0
53.0 1.05903155922 0.0
13.0 9.1987002523 1.0
168.0 14.9593170932 1.0
83.0 0.948294739389 0.0
117.0 0.951973465403 0.0
76.0 1.00915280582 0.0
112.0 1.04839013843 0.0
190.0 3.35705155331 1.0
189.0 7.87708062439 1.0
object 79	1.0:0.5 6.39535167669:0.5
74.0 6.37176490247 1.0
106.0 0.92351055686 0.0
36.0 1.00670843226 0.0
144.0 9.54624799788 1.0
194.0 -1.5569352764 1.0
118.0 1.0121262478 0.0
111.0 6.35425970556 1.0
57.0 1.00491243647 0.0
120.0 6.42598145794 1.0
176.0 8.07359385338 1.0
121.0 6.46807263107 1.0
68.0 6.36180648644 1.0
89.0 1.01563088561 0.0
173.0 4.25433153323 1.0
161.0 1.58699002352 1.0
73.0 1.01027117477 0.0
4.0 0.941060232902 0.0
138.0 6.3981677738 1.0
79.0 1.04397803621 0.0
23.0 6.37025996067 1.0
153.0 4.62396523203 0.0
122.0 6.37657408182 1.0
15.0 6.31422390392 1.0
object 80	1.0:0.5 11.8265202776:0.5
4.0 11.8802027497 1.0
10.0 11.8809542081 1.0
163.0 2.8385781192 0.0
51.0 1.01898979936 0.0
160.0 3.52234487393 0.0
158.0 9.01200769561 1.0
120.0 11.8176559381 1.0
80.0 1.00970963154 0.0
29.0 0.986475415787 0.0
141.0 -2.26952087226 0.0
119.0 11.7796577391 1.0
53.0 11.8099592582 1.0
23.0 1.01211674508 0.0
5.0 1.0373542241 0.0
object 81	1.0:0.5 -10.9801355382:0.5
175.0 2.42276687867 0.0
2.0 1.05525249111 0.0
122.0 1.13433410719 0.0
181.0 -11.2550012633 1.0
5.0 0.971158821549 0.0
47.0 1.01983612196 0.0
1.0 0.968844125059 0.0
34.0 -10.9872334057 1.0
82.0 1.02462330782 0.0
158.0 -8.5327056231 1.0
140.0 -10.6302454654 1.0
185.0 1.65448365657 0.0
163.0 -10.5423952828 1.0
113.0 0.981283054121 0.0
98.0 1.06450159403 0.0
130.0 1.08972476456 0.0
145.0 5.62781107299 0.0
124.0 1.01967452841 0.0
134.0 -11.0011256351 1.0
117.0 1.06321474817 0.0
178.0 1.640720841 0.0
168.0 -14.5416583387 1.0
9.0 -10.8903762181 1.0
109.0 -10.9990067841 1.0
44.0 -10.9764835414 1.0
object 82	1.0:0.5 3.38240707652:0.5
152.0 0.0599298750092 0.0
194.0 -0.376363874355 0.0
51.0 3.35532905801 1.0
89.0 0.937622096369 0.0
185.0 3.98306496857 0.0
173.0 3.8381461392 1.0
77.0 3.37017160421 1.0
146.0 -0.797554598081 0.0
133.0 3.39145800153 1.0
127.0 3.32966073306 1.0
80.0 0.979763162469 0.0
181.0 2.74304544408 0.0
174.0 0.244632296206 0.0
157.0 2.30275526116 1.0
120.0 0.957077907818 0.0
126.0 3.43648239404 1.0
52.0 3.35615217835 1.0
60.0 3.44036738181 1.0
115.0 3.28053611458 1.0
object 83	1.0:0.5 9.8036405878:0.5
90.0 0.963482159009 0.0
11.0 1.02425055538 0.0
69.0 0.983134464118 0.0
81.0 9.82172684463 1.0
176.0 4.27637436007 0.0
13.0 9.79994632922 1.0
25.0 9.85053616226 1.0
60.0 9.78967050606 1.0
17.0 1.01343138138 0.0
107.0 9.84260789427 1.0
43.0 0.945523204833 0.0
146.0 5.8393450152 1.0
155.0 1.51488450455 0.0
161.0 -1.19221168321 0.0
119.0 0.9594999519 0.0
85.0 0.989514259149 0.0
118.0 0.960545407468 0.0
62.0 0.956519297992 0.0
5.0 9.7895614532 1.0
33.0 1.03336385882 0.0
24.0 9.83301312669 1.0
117.0 9.87050862728 1.0
70.0 9.8789653308 1.0
171.0 10.6656013891 1.0
object 84	1.0:0.5 -3.63728162493:0.5
160.0 -1.72567240024 1.0
109.0 1.03673405445 0.0
145.0 -2.84010877518 0.0
64.0 -3.57726636118 1.0
121.0 -3.68930694864 1.0
101.0 1.04693183883 0.0
33.0 0.995807152458 0.0
175.0 3.87448700624 0.0
5.0 0.959591780622 0.0
95.0 -3.68975072377 1.0
77.0 -3.58216448557 1.0
118.0 -3.59361292977 1.0
92.0 1.00820737865 0.0
112.0 -3.58226361551 1.0
141.0 2.40167057023 0.0
10.0 -3.65174842536 1.0
159.0 -0.620793925612 0.0
9.0 -3.59941599354 1.0
48.0 1.03387372696 0.0
8.0 -3.60721036984 1.0
91.0 -3.60261294836 1.0
11.0 -3.73952796084 1.0
83.0 0.988152618609 0.0
29.0 0.994296890916 0.0
51.0 -3.72770055306 1.0
155.0 -4.59036548193 1.0
38.0 0.930957342766 0.0
21.0 0.918904180182 0.0
55.0 0.93855782619 0.0
117.0 1.00984556976 0.0
184.0 -1.20288409796 0.0
object 85	1.0:0.5 11.2750462104:0.5
180.0 9.52552396569 1.0
185.0 -0.592011555037 0.0
25.0 0.940268814782 0.0
26.0 11.2168070536 1.0
84.0 11.2220812954 1.0
95.0 1.01241035916 0.0
102.0 1.02425506694 0.0
61.0 11.3244612401 1.0
150.0 14.6379923056 1.0
85.0 0.934066344138 0.0
191.0 12.5267011714 1.0
69.0 11.2877574036 1.0
152.0 0.682570723868 0.0
31.0 0.992850775024 0.0
93.0 1.05181300216 0.0
17.0 11.1891024658 1.0
186.0 -0.080833288539 0.0
66.0 11.281354404 1.0
97.0 0.970659193997 0.0
object 86	1.0:0.5 1.24988057263:0.5
174.0 1.44998174667 0.0
185.0 -0.210696787273 0.0
88.0 1.26143406094 1.0
171.0 -0.684083081356 1.0
147.0 2.49630876693 0.0
179.0 4.88545445133 1.0
11.0 1.26799784185 1.0
69.0 1.0332206057 0.0
10.0 0.910726432184 0.0
131.0 1.30768206792 1.0
186.0 2.28520434491 0.0
139.0 1.28829858791 1.0
58.0 1.2171341352 1.0
83.0 1.20355159851 1.0
187.0 7.94231171566 1.0
34.0 1.19526448439 1.0
183.0 0.0265097876003 1.0
object 87	1.0:0.5 4.03112379394:0.5
89.0 1.03277624138 0.0
164.0 4.89414355149 1.0
168.0 9.2674564272 1.0
156.0 0.220840698899 0.0
29.0 1.05435741311 0.0
8.0 1.02429485042 0.0
151.0 1.03242423583 0.0
79.0 0.871418184124 0.0
20.0 1.01640999282 0.0
125.0 0.954501993213 0.0
94.0 4.04798725682 1.0
54.0 4.12761883552 1.0
131.0 1.02299241705 0.0
147.0 4.30596333624 1.0
169.0 1.22042527707 1.0
42.0 4.03027285686 1.0
121.0 0.986901946517 0.0
32.0 4.06832256886 1.0
196.0 2.82887641884 1.0
174.0 4.60365337344 1.0
19.0 4.01616862498 1.0
object 88	1.0:0.5 7.57476534864:0.5
36.0 0.986315038235 0.0
131.0 0.919442288825 0.0
128.0 7.66574209268 1.0
4.0 1.05192221108 0.0
121.0 0.932985055735 0.0
77.0 7.52785678739 1.0
10.0 7.59817948189 1.0
61.0 0.958297175995 0.0
164.0 3.20224891834 0.0
7.0 1.01197806966 0.0
113.0 1.03146385556 0.0
6.0 7.55376436301 1.0
134.0 1.01275690518 0.0
71.0 7.65181773024 1.0
76.0 7.6436326603 1.0
111.0 0.968259754939 0.0
125.0 7.53803403338 1.0
51.0 1.02898916085 0.0
156.0 1.53074522251 0.0
21.0 7.59925494971 1.0
84.0 0.952752784959 0.0
object 89	1.0:0.5 -7.9256708819:0.5
175.0 2.58592702581 0.0
1.0 -7.95026612633 1.0
83.0 1.05903160527 0.0
34.0 0.929039242956 0.0
100.0 1.04675432872 0.0
191.0 -6.85268083161 1.0
185.0 -9.00059560264 1.0
32.0 -7.87542257329 1.0
87.0 -7.9088435261 1.0
112.0 -7.93446842487 1.0
86.0 0.932056334108 0.0
106.0 -8.01511481281 1.0
64.0 -7.95098556128 1.0
171.0 2.39588762739 0.0
197.0 1.22478926216 0.0
21.0 -7.94696470134 1.0
182.0 -12.2959242172 1.0
52.0 1.08976240799 0.0
11.0 1.02385404634 0.0
84.0 1.01132303955 0.0
153.0 -5.24069517039 1.0
138.0 -7.87391870388 1.0
48.0 -8.00293573984 1.0
154.0 -11.8304813378 1.0
object 90	1.0:0.5 -4.20555308089:0.5
33.0 -4.21411646704 1.0
109.0 -4.26546078691 1.0
158.0 -1.87246461403 1.0
61.0 1.00838529533 0.0
21.0 1.06825288938 0.0
29.0 1.00005033938 0.0
55.0 -4.28559138022 1.0
23.0 0.961221434843 0.0
198.0 1.01554914889 0.0
59.0 -4.25539202965 1.0
71.0 1.04613875338 0.0
137.0 1.00613261747 0.0
105.0 -4.24717874079 1.0
75.0 0.952023051447 0.0
189.0 -8.24843608756 1.0
object 91	1.0:0.5 0.839586165017:0.5
70.0 0.806337108484 1.0
0.0 0.935307231083 0.0
168.0 4.8462276195 0.0
173.0 3.93729366546 0.0
164.0 0.37538287558 1.0
165.0 0.469737867057 0.0
92.0 0.898091653993 1.0
110.0 0.871580433224 1.0
43.0 0.772063600116 1.0
10.0 0.842375250003 1.0
81.0 0.761660194582 1.0
182.0 2.9684755623 0.0
128.0 0.792938071299 1.0
98.0 0.878810853777 1.0
60.0 0.803584357515 1.0
158.0 -0.654497382643 1.0
97.0 0.76664541314 1.0
77.0 0.975870957118 0.0
48.0 0.947577462783 1.0
163.0 3.47099136134 0.0
126.0 1.02917801518 0.0
object 92	1.0:0.5 9.39377354536:0.5
8.0 9.39386096382 1.0
37.0 9.35955812284 1.0
195.0 -0.0626939944947 0.0
161.0 1.38944470511 0.0
14.0 9.33146037775 1.0
135.0 9.41328186287 1.0
123.0 0.993821479733 0.0
26.0 9.35319589234 1.0
119.0 0.979047499479 0.0
137.0 9.34544494331 1.0
94.0 0.970938539821 0.0
113.0 9.35024720224 1.0
125.0 1.00620762975 0.0
50.0 1.05822987374 0.0
146.0 1.19933013244 0.0
189.0 14.6017677559 1.0
154.0 8.09815602866 1.0
12.0 1.02296350604 0.0
28.0 1.07605346996 0.0
165.0 8.30252212436 1.0
31.0 9.40235249258 1.0
107.0 9.37581888035 1.0
184.0 10.3120999512 1.0
136.0 9.46480156723 1.0
101.0 9.40147349361 1.0
169.0 12.5555622277 1.0
54.0 1.00413560881 0.0
89.0 9.42634210573 1.0
object 93	1.0:0.5 -4.85983877172:0.5
159.0 -7.2685933306 1.0
13.0 -4.87208033957 1.0
11.0 0.963898736843 0.0
128.0 -4.8515213609 1.0
74.0 1.09193297579 0.0
47.0 1.02087931072 0.0
59.0 -4.82573879537 1.0
97.0 -4.91438690636 1.0
93.0 -4.90601409991 1.0
190.0 5.91519978495 0.0
196.0 -2.29470992228 1.0
144.0 -1.42684775419 1.0
64.0 -4.81197291605 1.0
89.0 -4.84315040834 1.0
44.0 -4.90923901194 1.0
184.0 1.44976716447 1.0
85.0 -4.8258499096 1.0
173.0 -2.7674883128 1.0
object 94	1.0:0.5 -4.56869287129:0.5
173.0 2.09780441275 0.0
30.0 -4.65012979505 1.0
28.0 1.10593921863 0.0
86.0 -4.60102363618 1.0
184.0 4.64140237833 0.0
131.0 -4.5530277967 1.0
145.0 2.86192741818 0.0
149.0 -1.60975234454 0.0
31.0 -4.49576672005 1.0
111.0 1.01747316484 0.0
8.0 -4.57417364516 1.0
54.0 -4.53034079583 1.0
95.0 -4.55142455525 1.0
110.0 1.02252773744 0.0
129.0 1.00246426872 0.0
29.0 -4.56845511545 1.0
166.0 1.69415918476 0.0
73.0 1.01127668102 0.0
7.0 1.00442546512 0.0
36.0 1.01809087651 0.0
object 95	1.0:0.5 4.96458439449:0.5
180.0 1.01910582071 1.0
7.0 1.00896095808 0.0
113.0 0.963634652989 0.0
100.0 4.91839506105 1.0
134.0 4.97469488719 1.0
141.0 4.20923101097 1.0
21.0 0.985572657505 0.0
198.0 7.19898082195 1.0
154.0 2.42165937286 0.0
31.0 0.998227084649 0.0
32.0 0.940863719519 0.0
9.0 4.97497544747 1.0
55.0 0.927368599141 0.0
25.0 4.95626894383 1.0
111.0 1.0029800569 0.0
35.0 0.916096743973 0.0
119.0 4.85084741572 1.0
14.0 4.93222988443 1.0
71.0 4.97185272719 1.0
114.0 4.94620609767 1.0
68.0 4.97480292474 1.0
163.0 3.4560190822 1.0
86.0 5.01996000557 1.0
object 96	1.0:0.5 -10.1534090165:0.5
21.0 0.904701955737 0.0
172.0 1.88013717411 0.0
92.0 -10.2048644107 1.0
163.0 -3.85764798322 0.0
179.0 -8.51998557647 1.0
13.0 -10.1251801655 1.0
106.0 1.05464865846 0.0
53.0 -10.2318340588 1.0
135.0 -10.1932948928 1.0
191.0 -2.75152966697 0.0
36.0 0.982422654826 0.0
8.0 -10.1089842564 1.0
30.0 -10.0952289748 1.0
152.0 -9.66335499444 1.0
48.0 -10.158071172 1.0
51.0 -10.1056310967 1.0
193.0 -7.296417216 1.0
28.0 0.883828755687 0.0
105.0 -10.1839395321 1.0
object 97	1.0:0.5 -4.01282399981:0.5
114.0 0.992304471628 0.0
123.0 0.957634979869 0.0
4.0 -4.03782296383 1.0
197.0 -3.21996821128 1.0
47.0 1.00254492933 0.0
14.0 0.949540432132 0.0
56.0 0.980636659156 0.0
9.0 0.954314174793 0.0
138.0 1.04438484644 0.0
21.0 -3.93057675361 1.0
149.0 -4.56935795627 1.0
192.0 -4.03664908014 1.0
36.0 -4.00452218114 1.0
42.0 -4.05262294272 1.0
62.0 -3.95773148933 1.0
53.0 -4.03241029257 1.0
70.0 -3.99261552599 1.0
83.0 0.979809337489 0.0
198.0 -12.2528515926 1.0
object 98	1.0:0.5 8.61329074538:0.5
155.0 -1.304877966 0.0
26.0 8.53124401836 1.0
32.0 1.03616385367 0.0
168.0 5.01372121432 0.0
199.0 -0.754670495181 1.0
75.0 8.58550927612 1.0
51.0 8.58148286421 1.0
19.0 0.956338642343 0.0
177.0 1.23892102444 0.0
120.0 8.62943891552 1.0
87.0 0.949496296534 0.0
183.0 6.235881011 1.0
45.0 1.00751929628 0.0
76.0 0.969560044027 0.0
89.0 0.953516536646 0.0
156.0 8.78964065215 1.0
181.0 13.0170625215 1.0
27.0 8.5683297138 1.0
18.0 8.63602326951 1.0
12.0 8.63289273415 1.0
157.0 3.4538509394 0.0
92.0 1.01097908772 0.0
59.0 0.901821184837 0.0
164.0 1.43897651646 0.0
135.0 8.68830657819 1.0
31.0 8.56355084072 1.0
125.0 8.7389403041 1.0
object 99	1.0:0.5 6.72183488215:0.5
103.0 1.04626857497 0.0
45.0 6.72678007252 1.0
0.0 6.77238065557 1.0
133.0 6.69581109826 1.0
142.0 9.53121517364 1.0
109.0 6.74864930425 1.0
121.0 6.78465683652 1.0
163.0 -5.24826045337 0.0
189.0 6.10316452015 0.0
156.0 1.79873532142 1.0
131.0 0.966247943686 0.0
40.0 6.69854535443 1.0
50.0 6.82056450689 1.0
90.0 6.74225998752 1.0
6.0 6.70328511527 1.0
173.0 4.46992342099 0.0
130.0 0.874490083425 0.0
88.0 0.933405270045 0.0
