object 0	1.0:1.0
120.0 1.01321696873 1.0
184.0 13.2142056828 1.0
35.0 1.03280006711 1.0
47.0 0.983025320618 1.0
42.0 0.947245658794 1.0
object 1	1.0:1.0
40.0 1.01771559483 1.0
25.0 1.01052341366 1.0
155.0 0.999656171882 1.0
154.0 1.00176100647 1.0
191.0 1.76320137822 1.0
9.0 0.998807754967 1.0
18.0 0.968039427871 1.0
12.0 0.991189214514 1.0
object 2	1.0:1.0
132.0 0.958140231081 1.0
94.0 1.01924735433 1.0
183.0 -2.79330099461 1.0
75.0 1.01892567112 1.0
166.0 3.07601504256 1.0
123.0 0.995902864804 1.0
119.0 1.00421272984 1.0
object 3	1.0:1.0
15.0 1.0251725627 1.0
179.0 1.08899147302 1.0
30.0 0.985061094278 1.0
object 4	1.0:1.0
173.0 0.964495570008 1.0
110.0 1.01040090219 1.0
149.0 1.0076526619 1.0
183.0 5.91649939739 1.0
63.0 0.990846304274 1.0
132.0 1.05419506193 1.0
92.0 1.0409340367 1.0
60.0 1.01532947787 1.0
29.0 1.00791193353 1.0
74.0 1.00736268231 1.0
134.0 0.982088842088 1.0
71.0 0.98579747677 1.0
object 5	1.0:1.0
90.0 0.990084029959 1.0
88.0 0.991449546631 1.0
181.0 1.12716956419 1.0
object 6	1.0:1.0
189.0 1.19084405873 1.0
23.0 1.01410446326 1.0
124.0 1.02386172645 1.0
127.0 0.95600668249 1.0
147.0 0.976365792046 1.0
20.0 1.01861291687 1.0
199.0 1.18419847751 1.0
41.0 0.975281962321 1.0
object 7	1.0:1.0
13.0 1.0189311129 1.0
43.0 1.00218115603 1.0
37.0 1.05936308875 1.0
124.0 0.986944787101 1.0
object 8	1.0:1.0
94.0 0.999638876375 1.0
13.0 0.999339881858 1.0
165.0 -0.911234247215 1.0
185.0 3.8732030146 1.0
169.0 0.331282682277 1.0
20.0 1.02379181497 1.0
132.0 1.00140622354 1.0
97.0 0.981261511706 1.0
object 9	1.0:1.0
158.0 1.00876942726 1.0
132.0 1.0110650583 1.0
125.0 1.03164091967 1.0
124.0 1.01663773393 1.0
45.0 1.03526671526 1.0
object 10	1.0:1.0
84.0 1.05004566304 1.0
37.0 1.03055160184 1.0
128.0 0.96009189231 1.0
41.0 0.987646874605 1.0
46.0 1.00154566477 1.0
object 11	1.0:1.0
84.0 1.03268494798 1.0
121.0 1.01448752207 1.0
145.0 1.107334654 1.0
81.0 1.00942161319 1.0
82.0 1.00135273026 1.0
7.0 0.962345486063 1.0
object 12	1.0:1.0
65.0 0.97004189889 1.0
110.0 0.967824051412 1.0
80.0 1.01827464245 1.0
15.0 1.02536020327 1.0
163.0 -7.50134825472 1.0
189.0 1.28911426702 1.0
106.0 0.998986354976 1.0
177.0 -1.28452343952 1.0
117.0 1.04416756499 1.0
object 13	1.0:1.0
148.0 0.979250492207 1.0
91.0 0.941708180499 1.0
135.0 0.999750047109 1.0
object 14	1.0:1.0
119.0 1.04159688928 1.0
5.0 1.0148002336 1.0
69.0 1.00878960084 1.0
28.0 0.998119211444 1.0
143.0 0.977639074428 1.0
object 15	1.0:1.0
87.0 1.00449581745 1.0
58.0 1.04639786934 1.0
169.0 0.451134036057 1.0
9.0 0.967202151357 1.0
186.0 5.56807320258 1.0
35.0 1.01657837726 1.0
162.0 0.0869502032062 1.0
136.0 1.00301944758 1.0
102.0 0.988803468827 1.0
174.0 -1.12778286423 1.0
object 16	1.0:1.0
41.0 0.994644956977 1.0
162.0 0.792881772125 1.0
167.0 1.80654247904 1.0
object 17	1.0:1.0
112.0 1.01682625821 1.0
45.0 1.00778570762 1.0
111.0 0.971194841074 1.0
139.0 0.977991764242 1.0
53.0 1.02479725661 1.0
122.0 1.02108498971 1.0
60.0 0.9660017637 1.0
object 18	1.0:1.0
133.0 1.01939252563 1.0
77.0 0.963862521234 1.0
113.0 0.949063808584 1.0
13.0 1.03691110373 1.0
170.0 -0.189924499555 1.0
102.0 0.937123098673 1.0
99.0 1.00644725677 1.0
59.0 1.04370698704 1.0
172.0 2.81589526809 1.0
object 19	1.0:1.0
23.0 1.00748057475 1.0
137.0 0.992611497341 1.0
176.0 0.0721442407794 1.0
101.0 0.994652749159 1.0
15.0 0.993966399009 1.0
67.0 1.00712844552 1.0
149.0 0.995966192687 1.0
29.0 1.02000365851 1.0
object 20	1.0:1.0
47.0 1.02143575974 1.0
96.0 0.920685148035 1.0
137.0 1.01062531071 1.0
135.0 1.03820378656 1.0
111.0 0.985045266212 1.0
object 21	1.0:1.0
34.0 0.991376677328 1.0
160.0 -0.144325210249 1.0
107.0 1.03457806504 1.0
154.0 1.01230036504 1.0
163.0 7.10447136152 1.0
105.0 1.04219959943 1.0
134.0 0.984697331858 1.0
174.0 3.63004140782 1.0
object 22	1.0:1.0
16.0 0.999712308395 1.0
142.0 1.00991062036 1.0
112.0 1.05280923701 1.0
87.0 1.01794914837 1.0
98.0 1.0010789816 1.0
object 23	1.0:1.0
60.0 0.982749588559 1.0
115.0 0.981032486528 1.0
66.0 1.01482357771 1.0
53.0 0.963710948812 1.0
object 24	1.0:1.0
96.0 1.0060993105 1.0
195.0 2.49435838531 1.0
72.0 1.00626241572 1.0
55.0 0.914329992986 1.0
136.0 0.998252628758 1.0
183.0 8.17280694586 1.0
53.0 0.988695479287 1.0
107.0 1.02180811533 1.0
object 25	1.0:1.0
15.0 0.997418305607 1.0
128.0 1.03005635335 1.0
99.0 0.993613974453 1.0
16.0 1.06433609554 1.0
74.0 0.977730377435 1.0
32.0 1.03210001801 1.0
106.0 1.01579579942 1.0
194.0 2.52047587301 1.0
136.0 1.00507079715 1.0
33.0 1.01609266528 1.0
object 26	1.0:1.0
106.0 1.00697624477 1.0
103.0 1.00776491404 1.0
102.0 1.03949469299 1.0
43.0 1.02630186575 1.0
111.0 0.979654930109 1.0
object 27	1.0:1.0
44.0 0.974056491737 1.0
138.0 0.989969684285 1.0
91.0 1.03791323682 1.0
96.0 1.00498112321 1.0
37.0 0.93083610596 1.0
194.0 -3.48393807065 1.0
177.0 -0.687092320041 1.0
object 28	1.0:1.0
67.0 0.991088055856 1.0
92.0 1.00341577886 1.0
object 29	1.0:1.0
42.0 1.03682067288 1.0
29.0 1.01582170326 1.0
116.0 0.982579226561 1.0
99.0 0.977691329195 1.0
136.0 0.990430547615 1.0
161.0 0.0824724964952 1.0
85.0 1.01289573133 1.0
157.0 0.999500446771 1.0
17.0 1.00379595894 1.0
object 30	1.0:1.0
109.0 1.01838319914 1.0
108.0 0.98324211404 1.0
141.0 0.950927874663 1.0
190.0 2.92567366573 1.0
195.0 1.98057159067 1.0
193.0 0.467756428466 1.0
50.0 0.985999303592 1.0
41.0 1.03341396307 1.0
155.0 0.974613848395 1.0
object 31	1.0:1.0
195.0 0.596078051502 1.0
4.0 0.979632819749 1.0
182.0 -3.22922385948 1.0
99.0 0.989158118239 1.0
158.0 0.989626096189 1.0
196.0 -0.177486978922 1.0
53.0 1.05548939273 1.0
185.0 4.98834692028 1.0
15.0 1.0109063222 1.0
98.0 1.01842383512 1.0
object 32	1.0:1.0
123.0 1.01745512421 1.0
9.0 1.00416964224 1.0
56.0 1.04191278184 1.0
29.0 0.985357616827 1.0
102.0 0.948754763031 1.0
49.0 1.02800172112 1.0
95.0 1.02554704651 1.0
object 33	1.0:1.0
32.0 1.06186663603 1.0
192.0 2.68043936453 1.0
129.0 1.04379021117 1.0
106.0 1.01307027922 1.0
109.0 0.977671854584 1.0
object 34	1.0:1.0
162.0 1.15598955819 1.0
4.0 0.977283160812 1.0
95.0 1.01062831417 1.0
86.0 0.968452526344 1.0
187.0 0.802458135865 1.0
45.0 0.992214252201 1.0
71.0 0.985462301815 1.0
object 35	1.0:1.0
154.0 1.00897073881 1.0
101.0 1.02887523031 1.0
17.0 0.997527000643 1.0
21.0 0.965346682488 1.0
64.0 1.00129561356 1.0
66.0 0.956854558756 1.0
102.0 1.02409928614 1.0
object 36	1.0:1.0
50.0 1.05434548184 1.0
10.0 1.00138394036 1.0
136.0 1.00990802902 1.0
66.0 1.02202519528 1.0
170.0 -1.82949097024 1.0
91.0 1.02794703009 1.0
29.0 1.00684144337 1.0
object 37	1.0:1.0
62.0 0.967728742254 1.0
120.0 0.972508406701 1.0
162.0 0.915788501866 1.0
107.0 0.984545227937 1.0
38.0 1.03969652771 1.0
131.0 0.982489429512 1.0
52.0 0.967680464719 1.0
190.0 0.209891011261 1.0
27.0 0.960666454996 1.0
57.0 0.973477346866 1.0
43.0 0.997965357357 1.0
17.0 1.00183367155 1.0
178.0 -0.607269862099 1.0
object 38	1.0:1.0
92.0 1.024682255 1.0
160.0 0.97656304562 1.0
object 39	1.0:1.0
92.0 0.966781993998 1.0
45.0 0.986867920002 1.0
151.0 0.952538622586 1.0
object 40	1.0:1.0
163.0 4.63953295314 1.0
126.0 1.0121289094 1.0
183.0 -0.889940702128 1.0
153.0 1.06418854465 1.0
139.0 1.02835285177 1.0
50.0 1.0441240104 1.0
145.0 0.993001711138 1.0
object 41	1.0:1.0
198.0 1.84927367363 1.0
191.0 0.928817823881 1.0
72.0 1.01938341761 1.0
78.0 0.989831818843 1.0
142.0 1.0139836407 1.0
188.0 -1.16227271525 1.0
14.0 1.02290457186 1.0
1.0 0.918578930529 1.0
object 42	1.0:1.0
16.0 0.968689244074 1.0
172.0 1.42988203043 1.0
182.0 0.312528613132 1.0
98.0 1.01316549974 1.0
11.0 0.985228477459 1.0
27.0 0.919186119572 1.0
19.0 1.0202305195 1.0
52.0 0.999959222907 1.0
8.0 1.03104134377 1.0
41.0 0.956726660307 1.0
164.0 -1.39030604411 1.0
77.0 0.945930211265 1.0
138.0 1.00739690903 1.0
object 43	1.0:1.0
17.0 0.991623380862 1.0
104.0 1.01814849603 1.0
135.0 1.01221468002 1.0
24.0 1.00179067536 1.0
3.0 1.07329926797 1.0
30.0 1.00981211078 1.0
153.0 1.00209961049 1.0
15.0 0.992273539053 1.0
185.0 -0.247938400829 1.0
object 44	1.0:1.0
53.0 1.1046450146 1.0
166.0 5.98399700253 1.0
137.0 1.05781099116 1.0
79.0 0.987108435712 1.0
109.0 0.998939949016 1.0
177.0 2.19801724499 1.0
169.0 2.97126298334 1.0
120.0 1.01909025501 1.0
16.0 0.958714391915 1.0
object 45	1.0:1.0
105.0 0.983581843179 1.0
42.0 0.980799066796 1.0
40.0 1.02378715341 1.0
32.0 0.988649662309 1.0
134.0 1.01996580097 1.0
object 46	1.0:1.0
114.0 1.01009657483 1.0
161.0 3.08867241615 1.0
174.0 -1.21823385291 1.0
65.0 0.991344479542 1.0
23.0 0.979237060881 1.0
91.0 1.15517762572 1.0
33.0 1.00889012596 1.0
24.0 1.01663627265 1.0
51.0 0.979647397848 1.0
object 47	1.0:1.0
60.0 0.997254566116 1.0
109.0 0.958040331648 1.0
59.0 0.962703580176 1.0
46.0 1.00110298224 1.0
47.0 1.00025572014 1.0
81.0 1.00961759475 1.0
74.0 1.0075391614 1.0
174.0 0.675196789158 1.0
169.0 3.88737851466 1.0
object 48	1.0:1.0
91.0 0.98799709965 1.0
64.0 1.02800810086 1.0
13.0 0.970280602061 1.0
170.0 2.41862174548 1.0
85.0 1.01454526542 1.0
134.0 0.948046283557 1.0
object 49	1.0:1.0
41.0 1.03192364485 1.0
25.0 1.01086501276 1.0
129.0 1.00825749188 1.0
3.0 0.990646727905 1.0
object 50	1.0:1.0
163.0 -7.0448048726 1.0
198.0 3.00156934981 1.0
6.0 1.01688630288 1.0
157.0 0.968922186124 1.0
184.0 -5.14818269888 1.0
8.0 0.99436661749 1.0
17.0 1.00343235246 1.0
148.0 0.967395374048 1.0
41.0 0.997604911023 1.0
196.0 -0.791336043532 1.0
object 51	1.0:1.0
83.0 0.995631925254 1.0
97.0 0.983766945989 1.0
108.0 1.0105182783 1.0
77.0 1.01466755787 1.0
86.0 1.0371575055 1.0
92.0 1.00903723727 1.0
169.0 3.06637606936 1.0
112.0 0.984350343621 1.0
93.0 1.03605373475 1.0
object 52	1.0:1.0
32.0 1.02528125866 1.0
84.0 1.02970613103 1.0
113.0 0.997863190732 1.0
180.0 -0.219756704412 1.0
146.0 1.02352706503 1.0
166.0 2.18306861372 1.0
131.0 1.00230819222 1.0
39.0 0.941947180638 1.0
object 53	1.0:1.0
91.0 0.960865402383 1.0
93.0 0.985660878136 1.0
172.0 4.7023847104 1.0
98.0 0.969914071674 1.0
130.0 1.0317165385 1.0
163.0 -3.84656385415 1.0
31.0 1.01225214231 1.0
142.0 1.01984110203 1.0
173.0 2.19433468123 1.0
36.0 1.01430390071 1.0
84.0 1.07778590359 1.0
5.0 1.01361955866 1.0
object 54	1.0:1.0
82.0 1.01864548125 1.0
33.0 0.991791106464 1.0
51.0 1.01668003767 1.0
146.0 1.02324070714 1.0
52.0 0.929618997403 1.0
18.0 0.930969831186 1.0
183.0 1.40852774616 1.0
object 55	1.0:1.0
31.0 0.997374857219 1.0
33.0 0.995157847587 1.0
103.0 0.983816119427 1.0
73.0 0.98828318707 1.0
object 56	1.0:1.0
53.0 1.03076286626 1.0
41.0 1.04569963067 1.0
74.0 1.03003648576 1.0
object 57	1.0:1.0
103.0 0.981421472111 1.0
28.0 0.949755702684 1.0
156.0 1.00004930727 1.0
109.0 0.9875375845 1.0
157.0 1.07647231309 1.0
141.0 1.01716625506 1.0
63.0 0.987332960136 1.0
181.0 1.56865866307 1.0
91.0 1.00400306823 1.0
137.0 1.01182631995 1.0
object 58	1.0:1.0
99.0 1.00544267181 1.0
142.0 1.00342348486 1.0
92.0 1.01841877885 1.0
78.0 0.990292607446 1.0
140.0 0.972841913326 1.0
106.0 0.998022705116 1.0
44.0 1.00334647952 1.0
object 59	1.0:1.0
169.0 0.820743362055 1.0
175.0 -6.52841396455 1.0
66.0 1.05343800305 1.0
27.0 1.02616381451 1.0
2.0 0.992331139443 1.0
48.0 1.02324657174 1.0
object 60	1.0:1.0
185.0 1.77431558992 1.0
121.0 1.00878950849 1.0
143.0 1.0047249025 1.0
102.0 1.03931566979 1.0
148.0 1.042959695 1.0
49.0 0.994218658458 1.0
6.0 1.00523752388 1.0
69.0 0.99436366645 1.0
object 61	1.0:1.0
1.0 0.954728531429 1.0
63.0 1.03037803486 1.0
132.0 0.972504544575 1.0
78.0 1.01113580327 1.0
180.0 -2.12546789399 1.0
174.0 3.80331788891 1.0
190.0 -0.555935562024 1.0
157.0 0.957183811749 1.0
object 62	1.0:1.0
145.0 1.03939359375 1.0
135.0 0.991011683813 1.0
59.0 0.94900502667 1.0
162.0 1.0229304655 1.0
object 63	1.0:1.0
126.0 1.00322181748 1.0
160.0 0.824184474721 1.0
16.0 0.984986724092 1.0
129.0 0.987564674971 1.0
118.0 1.00995234767 1.0
20.0 0.985413589318 1.0
58.0 1.08336121807 1.0
108.0 0.985926873754 1.0
63.0 0.990889316026 1.0
149.0 1.00549648869 1.0
24.0 1.00554796491 1.0
36.0 0.994886300635 1.0
object 64	1.0:1.0
132.0 0.978094691852 1.0
52.0 0.907703528157 1.0
104.0 1.02158980023 1.0
18.0 1.01866730653 1.0
72.0 0.991917213966 1.0
157.0 1.00413918187 1.0
12.0 1.01691588088 1.0
85.0 0.988268284012 1.0
object 65	1.0:1.0
113.0 1.01344504033 1.0
109.0 0.99956660856 1.0
37.0 0.913914063829 1.0
167.0 2.01032695199 1.0
32.0 1.00227535531 1.0
96.0 1.04927583321 1.0
object 66	1.0:1.0
53.0 0.993122202854 1.0
6.0 1.03553713776 1.0
object 67	1.0:1.0
179.0 1.89241290267 1.0
64.0 0.949449114013 1.0
119.0 0.967774187037 1.0
56.0 0.96681734819 1.0
8.0 1.06035041331 1.0
object 68	1.0:1.0
69.0 1.04959658065 1.0
19.0 0.993783102476 1.0
134.0 0.91667332094 1.0
4.0 0.965208864623 1.0
162.0 -0.108675233234 1.0
194.0 3.26989075755 1.0
object 69	1.0:1.0
84.0 1.0296715566 1.0
8.0 1.01205889185 1.0
188.0 5.62743544619 1.0
49.0 0.976451194764 1.0
62.0 1.028821014 1.0
140.0 1.00474430655 1.0
0.0 1.02258742563 1.0
6.0 0.983319018005 1.0
158.0 1.00677701023 1.0
145.0 0.999789934514 1.0
86.0 1.0185404754 1.0
39.0 0.978040037005 1.0
object 70	1.0:1.0
101.0 1.01028010576 1.0
50.0 0.964231555712 1.0
157.0 1.06846475782 1.0
142.0 1.00322527457 1.0
69.0 1.02148543218 1.0
27.0 0.978988836782 1.0
127.0 0.986730818678 1.0
138.0 0.992803289303 1.0
38.0 1.03068506659 1.0
23.0 1.01674210085 1.0
193.0 -2.25397263604 1.0
object 71	1.0:1.0
35.0 1.05362063257 1.0
137.0 0.953322309311 1.0
140.0 0.972526060773 1.0
37.0 1.02584549987 1.0
86.0 0.960780045792 1.0
object 72	1.0:1.0
56.0 0.981950199086 1.0
158.0 0.993201539641 1.0
145.0 0.969126459735 1.0
34.0 0.981095226582 1.0
191.0 1.69768608418 1.0
147.0 0.996141940429 1.0
object 73	1.0:1.0
138.0 1.00195476559 1.0
3.0 0.946735453846 1.0
150.0 1.0069714649 1.0
49.0 1.01680076532 1.0
object 74	1.0:1.0
188.0 5.53270351618 1.0
172.0 -0.700038953212 1.0
180.0 0.810637952094 1.0
152.0 0.984584905189 1.0
88.0 1.00718958117 1.0
34.0 0.993578077854 1.0
184.0 -2.73147921203 1.0
168.0 -3.18959378558 1.0
67.0 0.999644039761 1.0
23.0 1.02926780229 1.0
object 75	1.0:1.0
84.0 1.07460562331 1.0
18.0 1.04232227266 1.0
158.0 1.00276207621 1.0
82.0 0.994008042418 1.0
119.0 1.04274006979 1.0
150.0 0.990022430106 1.0
52.0 1.01542786538 1.0
object 76	1.0:1.0
176.0 -0.98665787988 1.0
75.0 0.994152998312 1.0
50.0 1.02830566612 1.0
133.0 1.00040397516 1.0
179.0 0.964117106381 1.0
183.0 -2.46378918057 1.0
12.0 0.997865033156 1.0
95.0 0.977221276048 1.0
object 77	1.0:1.0
181.0 0.843384895135 1.0
10.0 1.01546675032 1.0
14.0 0.995644376072 1.0
object 78	1.0:1.0
198.0 0.0612526300143 1.0
19.0 0.999178307512 1.0
195.0 1.81718247065 1.0
90.0 1.00270173628 1.0
4.0 0.940479029469 1.0
55.0 1.03707458546 1.0
123.0 1.01444520266 1.0
6.0 1.03381636188 1.0
42.0 0.990476037737 1.0
object 79	1.0:1.0
118.0 1.0073080845 1.0
146.0 0.994214694911 1.0
194.0 -1.94876880855 1.0
35.0 1.06511141174 1.0
12.0 0.976501635124 1.0
131.0 0.957511137017 1.0
33.0 0.970831668099 1.0
83.0 1.00185933186 1.0
49.0 0.991249441911 1.0
object 80	1.0:1.0
142.0 1.01419531751 1.0
164.0 1.9734295338 1.0
8.0 0.942088876057 1.0
167.0 5.27565448582 1.0
135.0 0.991031577766 1.0
116.0 1.00393254488 1.0
86.0 1.04755681452 1.0
76.0 1.01821823116 1.0
155.0 1.01295622143 1.0
108.0 0.981104783488 1.0
81.0 0.999640889729 1.0
168.0 2.6421578316 1.0
122.0 0.99149084112 1.0
131.0 1.00911668418 1.0
object 81	1.0:1.0
43.0 0.992343325927 1.0
136.0 1.00033035942 1.0
21.0 0.945263602311 1.0
196.0 0.4816993199 1.0
7.0 1.00060970027 1.0
117.0 1.0091495076 1.0
65.0 1.03502442333 1.0
186.0 0.766628075419 1.0
85.0 0.998110045946 1.0
163.0 1.94028187811 1.0
88.0 0.976465826499 1.0
object 82	1.0:1.0
147.0 0.929190252181 1.0
126.0 1.00652048524 1.0
182.0 2.23168498429 1.0
33.0 1.00412611038 1.0
148.0 0.975491839486 1.0
135.0 0.983586242593 1.0
184.0 8.00783586639 1.0
193.0 -0.583439002408 1.0
55.0 0.933845543156 1.0
object 83	1.0:1.0
53.0 0.993499302994 1.0
20.0 1.00142863271 1.0
88.0 0.99982100468 1.0
94.0 1.04083164573 1.0
112.0 0.932686880501 1.0
197.0 4.66059190672 1.0
89.0 0.998144930788 1.0
4.0 1.00801526158 1.0
174.0 1.56156100129 1.0
103.0 1.01000876321 1.0
51.0 1.02059390066 1.0
179.0 2.6835329933 1.0
199.0 -4.83046482631 1.0
object 84	1.0:1.0
173.0 0.895524050208 1.0
32.0 1.0608884873 1.0
90.0 0.997192955272 1.0
170.0 2.07763327819 1.0
61.0 0.997335760852 1.0
102.0 0.99617792371 1.0
39.0 0.966928988547 1.0
69.0 1.02357857148 1.0
133.0 1.00835486961 1.0
128.0 1.01488056604 1.0
138.0 0.945174269659 1.0
98.0 0.993003819174 1.0
object 85	1.0:1.0
37.0 1.01312534922 1.0
75.0 1.00193489466 1.0
24.0 1.00484377694 1.0
27.0 1.04237541681 1.0
9.0 1.00449804209 1.0
object 86	1.0:1.0
79.0 1.00157594863 1.0
189.0 -0.226637748404 1.0
154.0 1.00212444713 1.0
91.0 0.991479044875 1.0
23.0 1.00961110617 1.0
69.0 0.992381413563 1.0
131.0 0.97198858873 1.0
83.0 0.996300480621 1.0
65.0 0.985156081107 1.0
190.0 1.96634909608 1.0
object 87	1.0:1.0
196.0 0.0820749758587 1.0
105.0 1.01696240681 1.0
167.0 2.72837850982 1.0
67.0 0.990757116204 1.0
object 88	1.0:1.0
82.0 1.01742345969 1.0
158.0 1.00788093671 1.0
25.0 1.05935176715 1.0
object 89	1.0:1.0
179.0 1.07172760355 1.0
120.0 0.991698232754 1.0
3.0 1.0098975788 1.0
183.0 5.64351988047 1.0
132.0 0.978776200089 1.0
109.0 0.980205302374 1.0
43.0 1.01440837825 1.0
78.0 0.99999461558 1.0
147.0 1.01662232335 1.0
object 90	1.0:1.0
168.0 -1.68743365304 1.0
13.0 1.00133783692 1.0
24.0 0.991124394396 1.0
52.0 1.02735749489 1.0
124.0 1.00814649107 1.0
71.0 0.956225749727 1.0
8.0 1.03957607322 1.0
188.0 2.0448086223 1.0
object 91	1.0:1.0
167.0 0.539499240042 1.0
198.0 1.41738549656 1.0
162.0 3.31481456266 1.0
163.0 1.95431885186 1.0
34.0 1.00609091105 1.0
object 92	1.0:1.0
176.0 -0.555912104905 1.0
13.0 0.962786526712 1.0
16.0 0.964544373406 1.0
39.0 0.980447308351 1.0
43.0 1.00505658034 1.0
173.0 -1.51936215961 1.0
19.0 0.991257460451 1.0
object 93	1.0:1.0
142.0 0.945179306707 1.0
147.0 0.982521065379 1.0
150.0 0.988967383479 1.0
119.0 1.00001562066 1.0
object 94	1.0:1.0
32.0 1.024600064 1.0
68.0 0.97282435167 1.0
12.0 0.994566324941 1.0
62.0 1.04709584665 1.0
69.0 1.00698509642 1.0
9.0 0.989691030697 1.0
197.0 3.44884367227 1.0
117.0 1.02786864201 1.0
object 95	1.0:1.0
150.0 1.00206497597 1.0
141.0 0.981724903415 1.0
object 96	1.0:1.0
80.0 1.01246158532 1.0
126.0 0.986239304082 1.0
165.0 8.71566914885 1.0
115.0 1.00730820692 1.0
48.0 0.982608622929 1.0
153.0 0.979694201113 1.0
object 97	1.0:1.0
115.0 0.989663938674 1.0
34.0 1.00908241374 1.0
156.0 0.988911261353 1.0
55.0 0.985722146825 1.0
69.0 0.973082654736 1.0
143.0 1.00624895721 1.0
86.0 0.978116790909 1.0
object 98	1.0:1.0
153.0 1.0531763339 1.0
155.0 1.01110834925 1.0
26.0 0.985305804003 1.0
94.0 1.03183018606 1.0
53.0 0.908692456297 1.0
57.0 1.00937394416 1.0
5.0 1.01298571054 1.0
17.0 0.999241958004 1.0
165.0 -0.765556644337 1.0
object 99	1.0:1.0
192.0 3.10771642552 1.0
159.0 1.02115205951 1.0
24.0 1.01787635121 1.0
195.0 0.682637024162 1.0
151.0 1.02242058568 1.0
139.0 0.992002571898 1.0
173.0 -0.388315570458 1.0
