object 0	1.0:1.0
115.0 0.970251887299 1.0
174.0 0.998069804825 1.0
80.0 1.01656146464 1.0
129.0 0.994007105637 1.0
58.0 1.04373270557 1.0
128.0 0.989522542983 1.0
164.0 1.01291009542 1.0
8.0 1.01533196475 1.0
32.0 1.0379323858 1.0
160.0 1.09168788205 1.0
167.0 1.03923814165 1.0
34.0 0.981110615629 1.0
44.0 1.03471854032 1.0
object 1	1.0:1.0
81.0 1.05906088044 1.0
60.0 0.962500167613 1.0
2.0 1.0078568189 1.0
180.0 3.65963916257 1.0
195.0 6.85660555681 1.0
object 2	1.0:1.0
135.0 0.971604668709 1.0
142.0 0.984737877273 1.0
105.0 1.0244247445 1.0
144.0 1.01912261298 1.0
143.0 0.975396838687 1.0
182.0 0.3763970889 1.0
46.0 1.0114032101 1.0
object 3	1.0:1.0
0.0 1.02121973294 1.0
190.0 -4.23630276209 1.0
16.0 1.03305904397 1.0
67.0 0.979197728382 1.0
70.0 0.982275770219 1.0
188.0 3.56649828833 1.0
14.0 0.998865648349 1.0
81.0 0.990039176298 1.0
163.0 0.997660748792 1.0
object 4	1.0:1.0
153.0 0.956011367054 1.0
105.0 0.91400556977 1.0
27.0 0.940584606314 1.0
44.0 1.01399327588 1.0
1.0 0.990627832252 1.0
65.0 1.01571884969 1.0
51.0 0.996265606462 1.0
67.0 0.997574714421 1.0
194.0 -3.07369377809 1.0
object 5	1.0:1.0
103.0 1.02395412105 1.0
37.0 0.986053009272 1.0
154.0 0.977387145879 1.0
159.0 0.997106649741 1.0
45.0 0.949616513342 1.0
143.0 0.99794398202 1.0
187.0 5.25524671222 1.0
167.0 0.981759145085 1.0
object 6	1.0:1.0
9.0 0.997960693786 1.0
79.0 1.00421170034 1.0
40.0 0.949968987681 1.0
object 7	1.0:1.0
147.0 0.97161774748 1.0
51.0 1.01237665956 1.0
155.0 0.991799113107 1.0
81.0 0.979691401586 1.0
174.0 0.972071224929 1.0
168.0 1.02720247083 1.0
187.0 -6.42077744669 1.0
122.0 1.03302173172 1.0
17.0 0.98418216377 1.0
7.0 1.01344952569 1.0
111.0 1.09085081432 1.0
115.0 1.05648773512 1.0
36.0 0.980631231357 1.0
74.0 1.02038966859 1.0
163.0 0.981959879957 1.0
192.0 4.05534210077 1.0
object 8	1.0:1.0
131.0 0.926630496881 1.0
199.0 -0.237239445477 1.0
129.0 0.985184625571 1.0
74.0 1.00710106502 1.0
193.0 4.07207453855 1.0
192.0 6.50883298008 1.0
98.0 1.00067860719 1.0
object 9	1.0:1.0
199.0 2.61511518517 1.0
48.0 0.971843133264 1.0
177.0 1.02575650827 1.0
35.0 0.995543294562 1.0
97.0 1.04635038311 1.0
193.0 2.59521914811 1.0
47.0 1.00240387784 1.0
86.0 0.993891663769 1.0
36.0 0.997719767757 1.0
38.0 1.0346752932 1.0
120.0 0.987856626976 1.0
79.0 1.00528260165 1.0
94.0 1.00215689115 1.0
63.0 0.987819556855 1.0
89.0 0.966027953744 1.0
object 10	1.0:1.0
154.0 0.958840769128 1.0
64.0 0.957045078651 1.0
143.0 0.923337086379 1.0
22.0 0.987422580912 1.0
17.0 1.03217446682 1.0
59.0 1.0175440863 1.0
189.0 2.26070955832 1.0
4.0 0.981930674558 1.0
97.0 0.938074778766 1.0
122.0 1.02725058528 1.0
object 11	1.0:1.0
80.0 1.01610179533 1.0
177.0 0.920340184417 1.0
195.0 -0.836318139342 1.0
35.0 0.963583331422 1.0
89.0 1.02376598873 1.0
180.0 0.706170392633 1.0
92.0 1.01008232471 1.0
14.0 1.01386295796 1.0
19.0 1.02015041902 1.0
object 12	1.0:1.0
178.0 1.00111583855 1.0
138.0 1.01187814388 1.0
94.0 1.00795042777 1.0
47.0 0.901841641609 1.0
176.0 0.998413221872 1.0
82.0 0.9759640013 1.0
34.0 1.04700911708 1.0
80.0 0.953864755791 1.0
111.0 0.986411848153 1.0
56.0 1.02432288162 1.0
object 13	1.0:1.0
77.0 1.04124884922 1.0
138.0 1.01699674934 1.0
3.0 1.01490505528 1.0
111.0 0.978867274969 1.0
181.0 -6.20994849034 1.0
170.0 0.970349151712 1.0
object 14	1.0:1.0
63.0 0.991213250631 1.0
78.0 0.970364271796 1.0
36.0 0.929067589408 1.0
165.0 1.06048348389 1.0
object 15	1.0:1.0
51.0 0.967123359231 1.0
28.0 1.04969958697 1.0
18.0 1.00776177284 1.0
179.0 0.993425679112 1.0
194.0 1.26560472544 1.0
object 16	1.0:1.0
178.0 0.966978211039 1.0
67.0 0.991305888232 1.0
56.0 0.985865267821 1.0
97.0 0.961881138284 1.0
130.0 1.06698317408 1.0
110.0 1.02942889569 1.0
187.0 0.0313330403861 1.0
35.0 0.931870128775 1.0
85.0 0.993750706236 1.0
object 17	1.0:1.0
154.0 1.03595875588 1.0
2.0 1.04435621264 1.0
47.0 0.988845019176 1.0
170.0 0.955059068002 1.0
146.0 1.00562032848 1.0
object 18	1.0:1.0
115.0 0.966010675266 1.0
130.0 1.01052749431 1.0
12.0 0.959572711649 1.0
19.0 1.01735300655 1.0
179.0 0.979746840107 1.0
109.0 1.02013322003 1.0
46.0 1.00416229407 1.0
90.0 0.997996517119 1.0
184.0 2.72150671841 1.0
103.0 1.03242224195 1.0
181.0 2.17835464253 1.0
108.0 1.00327376042 1.0
7.0 0.9776290598 1.0
object 19	1.0:1.0
167.0 0.98676840223 1.0
169.0 1.02517720234 1.0
129.0 1.00895967506 1.0
17.0 1.00192264046 1.0
78.0 1.00057717913 1.0
137.0 0.990347232229 1.0
13.0 0.971708980888 1.0
55.0 0.996746331363 1.0
89.0 0.967513407647 1.0
30.0 0.950366059709 1.0
181.0 -3.63000333944 1.0
46.0 0.999294685347 1.0
14.0 1.00501929006 1.0
object 20	1.0:1.0
108.0 1.01683950302 1.0
102.0 0.986927927865 1.0
72.0 0.962262058644 1.0
47.0 0.979806581785 1.0
183.0 -2.88933110426 1.0
176.0 0.992500217383 1.0
166.0 0.949071664992 1.0
object 21	1.0:1.0
110.0 1.00373087024 1.0
113.0 1.01350178253 1.0
28.0 1.02577949676 1.0
48.0 1.0141972013 1.0
18.0 0.994843205866 1.0
2.0 1.04258125737 1.0
94.0 1.00318867823 1.0
112.0 0.988866914278 1.0
33.0 0.926643201711 1.0
object 22	1.0:1.0
95.0 0.94465449601 1.0
54.0 1.00816397563 1.0
76.0 1.0316462106 1.0
61.0 0.985323786408 1.0
55.0 0.981216297641 1.0
42.0 0.988440625663 1.0
100.0 0.946997564092 1.0
101.0 1.01220461055 1.0
26.0 1.01154494685 1.0
17.0 0.984601690532 1.0
109.0 0.988431777608 1.0
136.0 1.01758007922 1.0
195.0 4.78569496363 1.0
107.0 0.971326390386 1.0
99.0 0.973029044636 1.0
object 23	1.0:1.0
157.0 0.982761773443 1.0
76.0 0.984987731911 1.0
131.0 0.90806873973 1.0
20.0 0.998634596393 1.0
0.0 1.01466137368 1.0
49.0 1.01662031323 1.0
103.0 1.00565834506 1.0
102.0 0.945859317158 1.0
121.0 0.957944918164 1.0
112.0 0.956591841037 1.0
82.0 1.00568191741 1.0
32.0 1.01788311423 1.0
66.0 0.982686749247 1.0
object 24	1.0:1.0
163.0 1.01431649013 1.0
147.0 0.996526190705 1.0
197.0 1.83257861917 1.0
69.0 0.975309841368 1.0
31.0 1.01093035161 1.0
11.0 1.03345910267 1.0
196.0 5.97673006563 1.0
46.0 0.989677870369 1.0
0.0 1.02473995448 1.0
19.0 0.981787103857 1.0
108.0 0.968353810887 1.0
107.0 1.0025923108 1.0
object 25	1.0:1.0
192.0 0.588344756848 1.0
64.0 0.994329566643 1.0
171.0 0.913562551906 1.0
186.0 -1.96964665781 1.0
143.0 1.04433589988 1.0
object 26	1.0:1.0
103.0 1.01329561657 1.0
111.0 1.03552003107 1.0
107.0 0.891754323488 1.0
133.0 1.03616850437 1.0
59.0 1.01495753607 1.0
173.0 1.01160162166 1.0
object 27	1.0:1.0
104.0 1.01330114992 1.0
68.0 1.01348313751 1.0
191.0 1.1883279563 1.0
0.0 1.0003212911 1.0
18.0 1.07534042784 1.0
116.0 1.02854122728 1.0
81.0 1.00851054864 1.0
object 28	1.0:1.0
73.0 1.12602694871 1.0
66.0 1.00530520834 1.0
45.0 1.00204852617 1.0
object 29	1.0:1.0
190.0 2.80087342131 1.0
187.0 6.66695593126 1.0
123.0 0.967525703804 1.0
82.0 1.01332745546 1.0
62.0 0.986214773324 1.0
object 30	1.0:1.0
182.0 -4.40001619607 1.0
10.0 1.04501077522 1.0
154.0 1.04629118068 1.0
81.0 1.01723876303 1.0
18.0 1.00061028014 1.0
62.0 1.10795443935 1.0
165.0 1.00565471426 1.0
43.0 0.998246032809 1.0
121.0 0.996482262038 1.0
71.0 1.00698697555 1.0
object 31	1.0:1.0
50.0 1.00999299182 1.0
160.0 0.950770670036 1.0
11.0 0.972151891256 1.0
136.0 0.99226252984 1.0
101.0 0.986519195377 1.0
18.0 1.00119847573 1.0
12.0 1.06068010215 1.0
object 32	1.0:1.0
172.0 1.01567981662 1.0
78.0 1.00016198983 1.0
81.0 1.008446392 1.0
193.0 -0.812021992376 1.0
64.0 1.02941213757 1.0
15.0 0.98332678903 1.0
39.0 1.02136539937 1.0
170.0 0.989506409046 1.0
110.0 0.986175172112 1.0
181.0 2.15229682692 1.0
54.0 1.01084457488 1.0
38.0 1.00292914268 1.0
object 33	1.0:1.0
25.0 0.949757035415 1.0
168.0 0.949404683278 1.0
193.0 4.13919822763 1.0
51.0 0.998480276622 1.0
189.0 2.51818146627 1.0
89.0 1.03520338693 1.0
133.0 0.991316990656 1.0
156.0 0.98477325555 1.0
24.0 1.0017856549 1.0
38.0 0.962405991192 1.0
114.0 1.04293305077 1.0
41.0 0.973132877405 1.0
166.0 0.983928391451 1.0
138.0 0.989866003272 1.0
object 34	1.0:1.0
105.0 0.984476551833 1.0
117.0 1.01974914369 1.0
111.0 0.970610397561 1.0
14.0 1.01530779054 1.0
194.0 5.42855829021 1.0
195.0 3.60254338568 1.0
26.0 1.00623201498 1.0
30.0 0.989564045596 1.0
87.0 0.983671199659 1.0
186.0 -1.06718391437 1.0
object 35	1.0:1.0
198.0 6.42048180584 1.0
6.0 1.00952267824 1.0
133.0 0.995455745809 1.0
189.0 -0.398532211166 1.0
34.0 0.962213889859 1.0
99.0 0.984908252394 1.0
116.0 1.01603286125 1.0
135.0 0.909224205536 1.0
98.0 1.00613281507 1.0
115.0 0.956982122916 1.0
11.0 1.00864566832 1.0
52.0 0.997168572962 1.0
object 36	1.0:1.0
199.0 1.40624660793 1.0
57.0 0.977487089421 1.0
90.0 0.976255742025 1.0
88.0 0.973916706918 1.0
83.0 1.00093856221 1.0
69.0 0.973617529621 1.0
44.0 1.02581045696 1.0
179.0 0.888704140925 1.0
137.0 1.00988748817 1.0
121.0 1.03933703038 1.0
0.0 0.976493508309 1.0
object 37	1.0:1.0
105.0 1.01971487881 1.0
83.0 1.0098415451 1.0
116.0 0.932782729222 1.0
82.0 1.00295596848 1.0
170.0 0.971777619419 1.0
191.0 3.64371984831 1.0
52.0 1.02132487149 1.0
87.0 1.0225820694 1.0
40.0 0.992852945518 1.0
62.0 0.972361717969 1.0
138.0 0.978308510482 1.0
171.0 1.02749248472 1.0
object 38	1.0:1.0
196.0 5.21471787835 1.0
120.0 0.993930820723 1.0
158.0 1.04447749579 1.0
8.0 1.00560540998 1.0
143.0 1.03670905915 1.0
156.0 0.977162984993 1.0
182.0 -4.18290131291 1.0
100.0 0.926998445028 1.0
3.0 0.993726699285 1.0
12.0 1.01362725239 1.0
147.0 0.987204100591 1.0
167.0 0.978556330313 1.0
object 39	1.0:1.0
72.0 0.928986495775 1.0
159.0 1.00508085924 1.0
33.0 1.0318333057 1.0
195.0 0.41774312178 1.0
66.0 0.992003348932 1.0
183.0 -0.904616072882 1.0
188.0 2.57735404806 1.0
153.0 1.01369600986 1.0
185.0 -1.51106349839 1.0
object 40	1.0:1.0
129.0 1.00173667353 1.0
126.0 0.893940544899 1.0
68.0 1.01739944069 1.0
82.0 0.98967134398 1.0
83.0 1.01782154527 1.0
48.0 1.01858145021 1.0
197.0 1.8266334997 1.0
67.0 0.97005089896 1.0
193.0 2.31622269097 1.0
53.0 0.917936156961 1.0
42.0 0.991265746203 1.0
object 41	1.0:1.0
29.0 0.957901324404 1.0
119.0 1.00519955625 1.0
42.0 1.00822118532 1.0
49.0 1.08293241192 1.0
object 42	1.0:1.0
198.0 7.27664355644 1.0
81.0 0.960227172447 1.0
62.0 0.994156781934 1.0
184.0 0.502485118865 1.0
object 43	1.0:1.0
111.0 1.01282872804 1.0
144.0 0.991948057007 1.0
182.0 0.793582331 1.0
35.0 1.03366577671 1.0
71.0 0.99346226907 1.0
109.0 0.976599339605 1.0
63.0 0.996395913452 1.0
20.0 1.04452075087 1.0
105.0 0.973969891394 1.0
object 44	1.0:1.0
148.0 0.97954195355 1.0
5.0 1.03380157886 1.0
163.0 1.00853438085 1.0
61.0 0.989713179929 1.0
54.0 1.00398884099 1.0
79.0 0.982627191743 1.0
151.0 1.068322288 1.0
118.0 1.00195033778 1.0
85.0 1.02504707159 1.0
16.0 1.01910913606 1.0
177.0 0.984602719164 1.0
49.0 1.02418753926 1.0
28.0 0.994765140848 1.0
83.0 0.986617048981 1.0
90.0 1.00437157083 1.0
23.0 0.986642284523 1.0
object 45	1.0:1.0
62.0 0.967686539908 1.0
65.0 1.00369931274 1.0
47.0 1.03291283554 1.0
97.0 1.00677345014 1.0
20.0 1.01542054131 1.0
33.0 1.0308293668 1.0
13.0 1.0887302157 1.0
180.0 0.625895044807 1.0
149.0 1.00862941632 1.0
118.0 1.04031690501 1.0
159.0 0.98490142264 1.0
67.0 0.992678803993 1.0
object 46	1.0:1.0
162.0 0.983351172059 1.0
198.0 3.14145346801 1.0
161.0 0.993727088999 1.0
182.0 5.39380782374 1.0
23.0 1.01313870394 1.0
177.0 0.9744915777 1.0
194.0 -2.3248048143 1.0
66.0 1.00902633586 1.0
142.0 0.99393298431 1.0
117.0 0.952672943251 1.0
178.0 0.979253475794 1.0
69.0 0.987322052167 1.0
51.0 0.974764108145 1.0
49.0 1.03407181952 1.0
35.0 0.97409544445 1.0
object 47	1.0:1.0
165.0 1.05309662879 1.0
150.0 0.952255485024 1.0
129.0 1.00046059631 1.0
91.0 0.96035702352 1.0
153.0 1.01814827329 1.0
80.0 0.976753154278 1.0
105.0 0.947071434117 1.0
55.0 0.989824308407 1.0
30.0 1.01545365571 1.0
72.0 0.988392032769 1.0
114.0 0.994077291033 1.0
object 48	1.0:1.0
22.0 1.00019432873 1.0
50.0 1.00226389979 1.0
125.0 0.947548763236 1.0
80.0 0.982626615697 1.0
9.0 1.02106846505 1.0
186.0 -3.01299846208 1.0
20.0 0.939195848667 1.0
7.0 0.982711684398 1.0
32.0 0.980036958701 1.0
43.0 0.969369968877 1.0
98.0 0.993800602032 1.0
166.0 1.01302050887 1.0
187.0 -1.30713630728 1.0
object 49	1.0:1.0
14.0 1.02883128502 1.0
179.0 0.944917337498 1.0
85.0 1.01455353814 1.0
2.0 0.984339518122 1.0
136.0 0.982292529334 1.0
176.0 0.997807219312 1.0
46.0 0.991926516006 1.0
93.0 1.02087285642 1.0
64.0 0.989518071537 1.0
52.0 0.978435785251 1.0
object 50	1.0:0.5 15.6869655684:0.5
147.0 15.7137150913 1.0
45.0 15.6273006861 1.0
132.0 15.6791337189 1.0
177.0 15.705408167 1.0
76.0 15.6082174279 1.0
object 51	1.0:0.5 -7.06258517746:0.5
21.0 -7.14302605074 1.0
155.0 1.05383824336 0.0
181.0 -1.29020212807 0.0
99.0 -6.97455728699 1.0
9.0 1.08001668385 0.0
54.0 -7.01048432063 1.0
80.0 1.03742750109 0.0
36.0 -7.05930379715 1.0
92.0 1.0675346178 0.0
151.0 0.997419215106 0.0
148.0 0.997793800269 0.0
102.0 -7.08474460897 1.0
128.0 -7.02578932605 1.0
146.0 -7.13105824546 1.0
object 52	1.0:0.5 5.50089672426:0.5
86.0 1.08316294854 0.0
71.0 5.48030333447 1.0
138.0 0.975744851919 0.0
28.0 0.97753209717 0.0
111.0 0.923768110573 0.0
148.0 1.02959244413 0.0
64.0 1.01629254979 0.0
0.0 5.57450896075 1.0
124.0 1.1294617332 0.0
37.0 1.04083355756 0.0
105.0 1.08667974356 0.0
21.0 1.00545584393 0.0
186.0 -1.27160891265 0.0
127.0 1.03476465277 0.0
77.0 1.01016760309 0.0
19.0 5.55086425222 1.0
object 53	1.0:0.5 5.79897639085:0.5
4.0 0.927935546428 0.0
180.0 4.08544087601 1.0
131.0 5.78979645247 1.0
71.0 5.80238053455 1.0
110.0 1.12530216225 0.0
7.0 0.975159863192 0.0
121.0 5.79789403283 1.0
183.0 -1.65209506493 1.0
160.0 5.82340404576 1.0
object 54	1.0:0.5 5.94845828219:0.5
52.0 1.03264620535 0.0
40.0 5.97110000686 1.0
110.0 5.89325744082 1.0
4.0 0.95504152194 0.0
122.0 5.85108383372 1.0
158.0 5.87071982683 1.0
77.0 0.949913355239 0.0
9.0 5.91918488228 1.0
114.0 1.00482890182 0.0
73.0 0.956702691413 0.0
84.0 0.916010459493 0.0
object 55	1.0:0.5 6.86895939928:0.5
73.0 1.03834499174 0.0
48.0 6.9439894933 1.0
31.0 0.979158469957 0.0
57.0 6.83953698502 1.0
190.0 5.59159019654 1.0
154.0 6.89627627158 1.0
128.0 0.985377334874 0.0
149.0 6.83819426524 1.0
object 56	1.0:0.5 2.72292446124:0.5
164.0 0.983159568517 0.0
174.0 1.00237681357 0.0
3.0 2.62416968818 1.0
163.0 2.83869948361 1.0
72.0 2.7308517106 1.0
14.0 1.01705321239 0.0
100.0 0.966247671057 0.0
object 57	1.0:0.5 -4.31972423493:0.5
151.0 1.01861940269 0.0
116.0 -4.28645766934 1.0
184.0 6.17906299445 0.0
19.0 -4.37588700581 1.0
62.0 1.02543173403 0.0
70.0 0.995857851982 0.0
95.0 1.10918122973 0.0
150.0 1.02909669101 0.0
21.0 1.02838602621 0.0
72.0 1.10169430555 0.0
object 58	1.0:0.5 -10.182646316:0.5
34.0 0.938868234739 0.0
128.0 -10.1612655913 1.0
84.0 -10.2551015868 1.0
92.0 -10.1476456707 1.0
36.0 1.0756876648 0.0
8.0 -10.117698841 1.0
171.0 -10.2769894145 1.0
30.0 1.01085518165 0.0
object 59	1.0:0.5 -4.87673327805:0.5
112.0 1.06650812611 0.0
31.0 0.999136566415 0.0
24.0 -4.92050287225 1.0
168.0 0.999272819084 0.0
121.0 -4.82637146582 1.0
9.0 -4.83318982872 1.0
22.0 0.967252590377 0.0
149.0 0.926066968605 0.0
42.0 -4.90672895265 1.0
114.0 1.07059150539 0.0
object 60	1.0:0.5 -7.03363136131:0.5
145.0 -7.09737016052 1.0
88.0 0.993590449496 0.0
199.0 -7.5691462305 1.0
80.0 0.903013236282 0.0
161.0 -7.05029688302 1.0
128.0 -7.04856420405 1.0
60.0 -7.07894211977 1.0
113.0 -7.18106084338 1.0
68.0 0.956971494688 0.0
31.0 -7.0988922197 1.0
24.0 -7.02331825993 1.0
object 61	1.0:0.5 -3.61715337937:0.5
182.0 -1.13030044786 1.0
68.0 1.02706141736 0.0
106.0 -3.64010854465 1.0
44.0 0.949093553375 0.0
144.0 -3.68882698354 1.0
14.0 1.0242273334 0.0
73.0 -3.53840899906 1.0
191.0 2.08202448799 0.0
105.0 0.973533682637 0.0
0.0 -3.64355882654 1.0
186.0 1.28250342187 0.0
166.0 -3.73758078505 1.0
object 62	1.0:0.5 25.7456095799:0.5
28.0 25.7141254412 1.0
77.0 1.10993540127 0.0
142.0 1.0194916587 0.0
33.0 25.7620346374 1.0
195.0 26.5575729328 1.0
121.0 25.7288735682 1.0
object 63	1.0:0.5 -26.3871187579:0.5
31.0 -26.4515940691 1.0
71.0 -26.2242537099 1.0
141.0 -26.2957717883 1.0
3.0 -26.4022783818 1.0
103.0 -26.2841894253 1.0
99.0 -26.3620819306 1.0
94.0 1.02613309453 0.0
12.0 0.965451096954 0.0
object 64	1.0:0.5 15.0900491567:0.5
69.0 15.1091494271 1.0
58.0 15.1288121894 1.0
196.0 15.4861642334 1.0
173.0 1.02972346609 0.0
112.0 15.1477882219 1.0
4.0 1.03081787708 0.0
15.0 15.0917306328 1.0
14.0 15.0887987129 1.0
77.0 1.00041658878 0.0
117.0 15.0953466754 1.0
78.0 0.892031446608 0.0
126.0 0.943573538339 0.0
object 65	1.0:0.5 1.49540250117:0.5
24.0 1.47424585652 1.0
136.0 1.4972634709 1.0
51.0 1.05347828078 0.0
99.0 1.52408025729 1.0
56.0 0.958843256029 0.0
141.0 1.42438989229 1.0
71.0 1.5337844084 1.0
147.0 1.01598362867 0.0
15.0 1.50716551771 1.0
82.0 0.958005004636 0.0
164.0 1.47829493119 1.0
object 66	1.0:0.5 -7.53616234622:0.5
40.0 -7.47500917129 1.0
146.0 -7.44328465953 1.0
125.0 1.06609486289 0.0
151.0 0.977651815724 0.0
183.0 -11.5635607855 1.0
49.0 -7.56928423468 1.0
77.0 -7.53207246016 1.0
object 67	1.0:0.5 -11.7442754479:0.5
89.0 1.03233580145 0.0
29.0 0.980119079929 0.0
6.0 1.12327431906 0.0
142.0 -11.68757293 1.0
148.0 0.972307225666 0.0
53.0 -11.7251676703 1.0
76.0 0.983056971459 0.0
47.0 0.928416292371 0.0
object 68	1.0:0.5 -8.88445582475:0.5
156.0 0.975533428414 0.0
19.0 1.00247522407 0.0
59.0 -8.91777147819 1.0
150.0 0.974011110053 0.0
141.0 -8.8289507239 1.0
79.0 0.96871185607 0.0
173.0 -8.84499810458 1.0
145.0 -8.91496627675 1.0
124.0 -8.87162929769 1.0
58.0 -9.01085105437 1.0
152.0 0.963259654735 0.0
146.0 -8.97994055078 1.0
160.0 -8.88926852252 1.0
78.0 0.98305346759 0.0
object 69	1.0:0.5 2.96546959526:0.5
58.0 2.96825853259 1.0
90.0 0.955925261 0.0
79.0 2.92069424085 1.0
148.0 3.03231582604 1.0
41.0 2.95862851382 1.0
object 70	1.0:0.5 20.1886568526:0.5
180.0 25.1051061808 1.0
12.0 20.244488385 1.0
121.0 20.2894034599 1.0
18.0 20.1826562174 1.0
151.0 20.1990437235 1.0
150.0 1.04384340951 0.0
27.0 0.930727442255 0.0
40.0 20.2588670782 1.0
69.0 20.307926177 1.0
152.0 20.1356328014 1.0
122.0 20.1662545739 1.0
126.0 0.956882956588 0.0
81.0 20.2079556895 1.0
object 71	1.0:0.5 14.7708480423:0.5
175.0 14.7313401426 1.0
51.0 14.7457071207 1.0
30.0 14.7631236858 1.0
134.0 14.7252569484 1.0
97.0 0.993707906037 0.0
161.0 1.01758104478 0.0
146.0 14.7978466103 1.0
59.0 0.970674915637 0.0
193.0 16.0367815515 1.0
71.0 0.99856421931 0.0
18.0 14.6811049393 1.0
191.0 14.5370031478 1.0
156.0 1.08507245415 0.0
object 72	1.0:0.5 2.79388479112:0.5
84.0 2.80863922965 1.0
68.0 0.97956327848 0.0
72.0 2.79516261056 1.0
81.0 2.81265423204 1.0
86.0 1.08372294883 0.0
18.0 2.81592528311 1.0
64.0 2.7361203724 1.0
46.0 1.02033883098 0.0
49.0 2.78864177802 1.0
107.0 2.68917689957 1.0
47.0 1.08143914503 0.0
100.0 2.7973709997 1.0
object 73	1.0:0.5 -15.1994552785:0.5
198.0 -14.3764309062 1.0
30.0 -15.0799577744 1.0
1.0 -15.1532602023 1.0
37.0 -15.2203110544 1.0
53.0 1.06550171724 0.0
162.0 -15.1843034041 1.0
54.0 -15.2005255332 1.0
168.0 -15.2087798397 1.0
35.0 0.978249496071 0.0
object 74	1.0:0.5 -1.0456858744:0.5
141.0 -1.0956048963 1.0
188.0 5.68380543497 1.0
198.0 3.54022027545 0.0
127.0 -1.00323796162 1.0
136.0 -1.04876038241 1.0
63.0 1.00610361404 0.0
69.0 0.943581587223 0.0
171.0 1.03306114318 0.0
153.0 -0.930306232905 1.0
103.0 -1.12672671222 1.0
20.0 -1.04161065871 1.0
object 75	1.0:0.5 14.5102834426:0.5
29.0 1.04442187341 0.0
7.0 14.4379416438 1.0
40.0 14.5244511121 1.0
75.0 14.5418157958 1.0
153.0 0.960123825674 0.0
105.0 14.4192172162 1.0
117.0 0.945241769565 0.0
35.0 14.4545942227 1.0
157.0 0.954113330207 0.0
object 76	1.0:0.5 3.14797384884:0.5
75.0 3.09356417663 1.0
62.0 0.961044476411 0.0
125.0 1.02505938194 0.0
115.0 3.19921965307 1.0
139.0 0.97751957622 0.0
68.0 3.1684086856 1.0
71.0 3.13517882577 1.0
57.0 3.09619836141 1.0
59.0 1.03693974366 0.0
90.0 3.08414446415 1.0
143.0 3.13209066679 1.0
89.0 0.965847136551 0.0
131.0 3.14791510741 1.0
149.0 0.981029208271 0.0
21.0 0.984582280893 0.0
object 77	1.0:0.5 -6.42014686031:0.5
70.0 -6.44254337027 1.0
138.0 -6.46472488398 1.0
82.0 -6.42280102868 1.0
112.0 0.91409856382 0.0
object 78	1.0:0.5 -2.10015112607:0.5
92.0 -2.09202775743 1.0
5.0 -2.16701302999 1.0
148.0 -2.01847270324 1.0
161.0 0.957949089788 0.0
196.0 3.61285240932 0.0
171.0 1.01561332339 0.0
15.0 0.98496275923 0.0
170.0 -2.09625876437 1.0
68.0 -2.0035075988 1.0
67.0 0.953392357461 0.0
185.0 -1.29720491026 1.0
object 79	1.0:0.5 -1.22846226068:0.5
49.0 1.0252774128 0.0
21.0 1.01345033138 0.0
153.0 0.995827909508 0.0
95.0 -1.32854551386 1.0
22.0 -1.13751373537 1.0
152.0 0.951014930444 0.0
75.0 0.96445028483 0.0
object 80	1.0:0.5 -15.5951761136:0.5
188.0 -4.03983551042 0.0
184.0 -18.0393661482 1.0
172.0 0.872467460197 0.0
129.0 1.00326249795 0.0
32.0 1.02473124623 0.0
17.0 0.962548337224 0.0
object 81	1.0:0.5 -10.1048889225:0.5
178.0 -10.1206643153 1.0
136.0 1.01532377476 0.0
192.0 -11.5337209317 1.0
24.0 0.9614306561 0.0
103.0 -10.0387944651 1.0
176.0 1.04515731783 0.0
105.0 1.01479445627 0.0
125.0 1.0093818252 0.0
73.0 -10.1194105463 1.0
47.0 0.942103180922 0.0
object 82	1.0:0.5 6.0512044834:0.5
36.0 6.09212608928 1.0
194.0 -0.263812487105 0.0
165.0 0.994742195907 0.0
138.0 1.06964659032 0.0
184.0 2.83368661495 1.0
99.0 6.10965950247 1.0
133.0 1.05121119644 0.0
54.0 6.11341125546 1.0
23.0 0.929641983803 0.0
195.0 5.43673881712 0.0
79.0 6.10103295167 1.0
object 83	1.0:0.5 -24.5650191177:0.5
88.0 -24.5170326351 1.0
32.0 -24.5533527887 1.0
12.0 -24.5529190224 1.0
125.0 -24.630469411 1.0
198.0 -28.9644203941 1.0
14.0 1.0349034788 0.0
171.0 0.972204688893 0.0
30.0 -24.5039020241 1.0
159.0 -24.4894838372 1.0
object 84	1.0:0.5 1.94411742707:0.5
126.0 2.02207268937 1.0
104.0 0.974685884338 0.0
141.0 1.02072302698 0.0
144.0 1.03739916484 0.0
52.0 1.04398197867 0.0
57.0 1.00085280876 0.0
95.0 1.00067609165 0.0
51.0 1.97212367383 1.0
77.0 2.00745206243 1.0
22.0 1.87271949375 1.0
198.0 4.51905287207 0.0
33.0 0.930826578736 0.0
67.0 1.00230395296 0.0
object 85	1.0:0.5 -6.8267061367:0.5
103.0 -6.83006270922 1.0
55.0 -6.78256559721 1.0
155.0 1.06373288951 0.0
54.0 -6.85156364239 1.0
154.0 0.977469136772 0.0
17.0 -6.7815462595 1.0
90.0 1.05191382374 0.0
89.0 -6.80258780681 1.0
182.0 2.07286381284 0.0
100.0 -6.77311032162 1.0
133.0 -6.71581248604 1.0
174.0 0.995400561633 0.0
73.0 0.978087128087 0.0
object 86	1.0:0.5 9.3498694743:0.5
165.0 9.34155333449 1.0
132.0 9.31717575229 1.0
93.0 9.40657562537 1.0
134.0 0.950491432953 0.0
107.0 1.05071626542 0.0
58.0 9.3847022287 1.0
138.0 0.92133682137 0.0
160.0 9.4028618555 1.0
190.0 9.75475175353 1.0
object 87	1.0:0.5 -5.51392060128:0.5
128.0 -5.5404162308 1.0
129.0 -5.50734346947 1.0
48.0 -5.54616807326 1.0
55.0 0.940921903947 0.0
132.0 -5.50395536956 1.0
105.0 0.972645563685 0.0
144.0 -5.46092241763 1.0
96.0 -5.57443796802 1.0
192.0 -6.29030673991 1.0
82.0 -5.5465903445 1.0
115.0 1.01222908512 0.0
86.0 1.02931201417 0.0
object 88	1.0:0.5 11.761221497:0.5
164.0 11.7906119656 1.0
74.0 11.7542769572 1.0
139.0 11.7356851929 1.0
2.0 0.966127819596 0.0
161.0 0.921370490407 0.0
91.0 11.8098501343 1.0
151.0 1.01124845284 0.0
80.0 1.04441792149 0.0
65.0 0.982285334932 0.0
30.0 1.05241493771 0.0
177.0 11.7714467159 1.0
158.0 11.7517322338 1.0
92.0 11.7686508338 1.0
object 89	1.0:0.5 -3.38399192052:0.5
129.0 -3.48874598208 1.0
197.0 3.70222259204 1.0
183.0 -0.618103663402 0.0
6.0 1.10400988006 0.0
171.0 -3.33183104942 1.0
193.0 1.86450471806 0.0
92.0 1.12043413537 0.0
60.0 -3.40821323413 1.0
3.0 1.08158953329 0.0
object 90	1.0:0.5 4.06509951476:0.5
108.0 0.999025978213 0.0
192.0 1.60262907427 1.0
18.0 4.05527584717 1.0
32.0 1.08640604384 0.0
37.0 4.02453457574 1.0
34.0 0.990220005512 0.0
182.0 0.922265078924 0.0
109.0 4.07817240574 1.0
150.0 0.95811798046 0.0
object 91	1.0:0.5 -10.3803180098:0.5
157.0 0.948168375543 0.0
53.0 0.948102288876 0.0
179.0 -10.3087224413 1.0
87.0 -10.3242519608 1.0
79.0 -10.3526062639 1.0
27.0 -10.3260136729 1.0
51.0 1.01955289189 0.0
147.0 -10.4067405205 1.0
78.0 1.01150129621 0.0
199.0 -15.4777581958 1.0
76.0 1.16729704307 0.0
object 92	1.0:0.5 5.54628148714:0.5
118.0 5.4732963593 1.0
139.0 5.53430314766 1.0
108.0 0.960964860883 0.0
48.0 1.03494609553 0.0
52.0 5.46228665826 1.0
144.0 0.963837388311 0.0
174.0 0.928519953434 0.0
40.0 5.55373722846 1.0
object 93	1.0:0.5 -10.7454772224:0.5
119.0 1.0007467103 0.0
150.0 0.985846298322 0.0
62.0 -10.815975433 1.0
131.0 -10.6948327138 1.0
129.0 0.886586634639 0.0
50.0 -10.8547359246 1.0
object 94	1.0:0.5 0.525004753767:0.5
175.0 1.0172715143 0.0
41.0 1.03666228262 0.0
33.0 0.597627036851 1.0
22.0 0.481555108324 1.0
143.0 0.994907576466 0.0
123.0 0.582486425189 1.0
109.0 0.526616603271 1.0
7.0 0.52581193758 1.0
187.0 4.40540165424 1.0
36.0 0.938894508581 0.0
98.0 0.530102759417 1.0
154.0 0.557753333898 1.0
53.0 1.01293801448 0.0
39.0 0.963297424826 0.0
54.0 1.01799768241 0.0
93.0 0.558137488398 1.0
object 95	1.0:0.5 -6.21454274959:0.5
7.0 -6.18732040836 1.0
140.0 -6.2556585366 1.0
195.0 -13.8832151565 1.0
34.0 1.03289412158 0.0
53.0 -6.21310167614 1.0
143.0 -6.22098445805 1.0
74.0 0.985929010468 0.0
159.0 0.988666047849 0.0
83.0 0.946979904417 0.0
object 96	1.0:0.5 10.1191700191:0.5
126.0 1.02107505799 0.0
184.0 3.52295785831 1.0
76.0 0.981435768251 0.0
164.0 0.98134931718 0.0
102.0 10.1806735895 1.0
56.0 1.03978109134 0.0
45.0 1.0279211801 0.0
199.0 4.21652354318 0.0
133.0 10.1777650212 1.0
107.0 1.03583288561 0.0
118.0 10.2374040858 1.0
object 97	1.0:0.5 1.10483191237:0.5
39.0 1.058648721 1.0
25.0 0.993767072674 0.0
96.0 0.931125357236 0.0
177.0 1.14610558979 0.0
42.0 1.1180379071 1.0
114.0 1.0242228594 0.0
126.0 1.04712133107 0.0
109.0 0.931879709922 0.0
173.0 1.09183643311 1.0
object 98	1.0:0.5 -6.21233419639:0.5
52.0 1.03648339475 0.0
175.0 -6.14832230266 1.0
20.0 1.15888142802 0.0
198.0 -1.81537549122 0.0
117.0 1.03402717562 0.0
147.0 1.02087570745 0.0
86.0 1.00187825793 0.0
138.0 -6.15337308503 1.0
190.0 0.247794649564 0.0
object 99	1.0:0.5 -4.44669746865:0.5
29.0 1.0331301105 0.0
37.0 0.976758903448 0.0
96.0 0.972843279226 0.0
60.0 0.958246112659 0.0
53.0 0.941682778822 0.0
64.0 -4.47087117593 1.0
62.0 1.15222246512 0.0
114.0 1.02929580847 0.0
129.0 -4.41788489672 1.0
21.0 -4.48358406471 1.0
