object 0	1.0:1.0
30.0 1.04660696997 1.0
92.0 1.00630796018 1.0
object 1	1.0:1.0
152.0 1.00750121784 1.0
73.0 1.04319579486 1.0
125.0 0.98303120915 1.0
8.0 0.97297599047 1.0
91.0 0.974062052126 1.0
95.0 0.939693177787 1.0
126.0 1.01949927011 1.0
object 2	1.0:1.0
85.0 1.00017153174 1.0
52.0 0.963603380324 1.0
147.0 1.00685739191 1.0
131.0 0.992472221605 1.0
88.0 1.04530552345 1.0
117.0 1.02355272544 1.0
141.0 1.13009634928 1.0
object 3	1.0:1.0
65.0 1.05011157302 1.0
99.0 1.04352025447 1.0
4.0 1.02072187807 1.0
156.0 0.987122615538 1.0
154.0 0.989837772243 1.0
123.0 1.02314557972 1.0
object 4	1.0:1.0
130.0 0.966264521193 1.0
137.0 1.00808935791 1.0
110.0 0.981007982317 1.0
98.0 1.02059127072 1.0
17.0 1.0408522443 1.0
object 5	1.0:1.0
69.0 0.997374384171 1.0
68.0 0.92317583295 1.0
29.0 0.952406003877 1.0
43.0 0.973664893902 1.0
14.0 0.998054637022 1.0
108.0 0.989791014354 1.0
193.0 2.87251780176 1.0
17.0 0.981708451309 1.0
object 6	1.0:1.0
88.0 1.04452411216 1.0
158.0 0.987438624562 1.0
46.0 0.984826808412 1.0
123.0 1.05688514902 1.0
34.0 1.00432245354 1.0
object 7	1.0:1.0
135.0 0.993101185783 1.0
22.0 0.864759217917 1.0
140.0 1.00477189213 1.0
19.0 0.990655959281 1.0
56.0 0.991327379513 1.0
6.0 0.97047123083 1.0
object 8	1.0:1.0
58.0 0.983619693811 1.0
156.0 1.00057238781 1.0
143.0 1.03171842523 1.0
object 9	1.0:1.0
36.0 1.00102098055 1.0
5.0 0.987377098236 1.0
135.0 1.07682752313 1.0
173.0 1.01404637654 1.0
124.0 1.01158986392 1.0
145.0 1.05934573272 1.0
167.0 1.00799586488 1.0
object 10	1.0:1.0
157.0 0.98528874371 1.0
8.0 0.982663785147 1.0
168.0 0.995830670158 1.0
43.0 1.03989447162 1.0
object 11	1.0:1.0
38.0 0.989121808333 1.0
173.0 1.01248300011 1.0
146.0 0.996812932075 1.0
20.0 0.963163815933 1.0
73.0 1.02768131265 1.0
object 12	1.0:1.0
167.0 1.01990324407 1.0
29.0 0.95672014385 1.0
118.0 1.00661498584 1.0
100.0 1.03305406482 1.0
114.0 1.00297293379 1.0
48.0 1.01352779528 1.0
184.0 1.86841744786 1.0
object 13	1.0:1.0
182.0 0.237924580982 1.0
194.0 -4.14265749912 1.0
187.0 0.907354690494 1.0
70.0 0.994379390109 1.0
14.0 1.01277811608 1.0
object 14	1.0:1.0
33.0 1.0212527186 1.0
34.0 1.00808171077 1.0
122.0 0.997396856237 1.0
181.0 -12.7476890343 1.0
173.0 0.992121285615 1.0
object 15	1.0:1.0
189.0 -0.937923036181 1.0
8.0 1.00277899232 1.0
175.0 1.01422951072 1.0
object 16	1.0:1.0
82.0 1.03420005941 1.0
191.0 -0.560724718936 1.0
170.0 1.0333894913 1.0
44.0 0.997927335647 1.0
119.0 1.00454224288 1.0
166.0 1.03676784773 1.0
153.0 0.991637295838 1.0
object 17	1.0:1.0
22.0 1.00663426699 1.0
98.0 0.994638735196 1.0
114.0 0.984115741057 1.0
27.0 1.04817725584 1.0
162.0 0.992492763236 1.0
object 18	1.0:1.0
79.0 0.982528079783 1.0
184.0 1.961935225 1.0
111.0 1.08251706683 1.0
160.0 1.01100621325 1.0
61.0 0.970528098155 1.0
172.0 1.0116480239 1.0
63.0 0.979620423317 1.0
91.0 1.01805120438 1.0
36.0 1.0262701059 1.0
151.0 1.00178362202 1.0
134.0 1.02677664146 1.0
object 19	1.0:1.0
50.0 1.043967111 1.0
103.0 1.01390714618 1.0
164.0 1.00754035888 1.0
97.0 0.954827274822 1.0
172.0 1.04247753106 1.0
100.0 0.96604294232 1.0
27.0 1.03642795206 1.0
53.0 0.974684864934 1.0
object 20	1.0:1.0
170.0 0.994176040721 1.0
30.0 0.992786701293 1.0
90.0 0.993172410805 1.0
157.0 1.03850703292 1.0
22.0 0.937980471801 1.0
127.0 1.06636893673 1.0
121.0 1.02991541934 1.0
87.0 0.998619211429 1.0
169.0 1.03936489533 1.0
object 21	1.0:1.0
82.0 0.931181399782 1.0
20.0 1.01104016788 1.0
object 22	1.0:1.0
130.0 0.995036660771 1.0
116.0 1.06390453051 1.0
50.0 0.958173017426 1.0
5.0 0.963452772004 1.0
170.0 0.992765774407 1.0
172.0 0.981312684562 1.0
object 23	1.0:1.0
116.0 1.01853577865 1.0
182.0 0.605056118121 1.0
39.0 0.992706734051 1.0
35.0 1.02820278542 1.0
56.0 1.0294020184 1.0
146.0 1.03138777422 1.0
object 24	1.0:1.0
164.0 0.984768871544 1.0
97.0 1.01849749394 1.0
56.0 0.945225983759 1.0
148.0 0.984432091769 1.0
120.0 0.988978607523 1.0
75.0 1.0143446155 1.0
53.0 1.01533052967 1.0
object 25	1.0:1.0
110.0 1.03393530906 1.0
123.0 0.958682994588 1.0
30.0 0.979827931492 1.0
object 26	1.0:1.0
125.0 0.970862849007 1.0
180.0 1.62437719124 1.0
174.0 0.969632907419 1.0
25.0 0.962314019792 1.0
121.0 1.05276149514 1.0
31.0 1.0009037852 1.0
153.0 1.00884859456 1.0
object 27	1.0:1.0
72.0 0.979851705424 1.0
158.0 0.981105306078 1.0
82.0 1.01995666503 1.0
139.0 1.01985473266 1.0
187.0 1.10259047364 1.0
119.0 1.01109751503 1.0
object 28	1.0:1.0
192.0 6.70889693662 1.0
25.0 0.975907701474 1.0
160.0 0.990937715025 1.0
78.0 1.02153707195 1.0
20.0 0.981846286132 1.0
196.0 2.30860615953 1.0
161.0 0.954347365667 1.0
83.0 1.02833797715 1.0
object 29	1.0:1.0
185.0 4.01265296168 1.0
147.0 1.03325083072 1.0
106.0 1.00511303353 1.0
194.0 -2.13954163675 1.0
72.0 1.00767470674 1.0
88.0 0.982218235507 1.0
49.0 1.02573397276 1.0
79.0 0.961006429104 1.0
object 30	1.0:1.0
45.0 0.986938487834 1.0
3.0 1.00509431779 1.0
124.0 1.01044673739 1.0
8.0 0.994147043469 1.0
57.0 1.03138608915 1.0
182.0 -3.24154584998 1.0
184.0 1.04693089216 1.0
object 31	1.0:1.0
106.0 0.989708845968 1.0
38.0 0.96498328692 1.0
108.0 0.981392279525 1.0
11.0 0.973759349466 1.0
16.0 0.996544040226 1.0
166.0 1.00240296759 1.0
198.0 -2.9353684341 1.0
object 32	1.0:1.0
193.0 1.43514629172 1.0
71.0 0.988823863307 1.0
43.0 1.03887677416 1.0
189.0 3.67130561258 1.0
object 33	1.0:1.0
141.0 1.00111193495 1.0
177.0 0.996747654351 1.0
163.0 1.00471745533 1.0
12.0 1.06542721281 1.0
7.0 1.02052130685 1.0
82.0 1.08800069453 1.0
51.0 0.967879586526 1.0
114.0 1.02749303997 1.0
object 34	1.0:1.0
136.0 1.01324031028 1.0
84.0 0.979609389519 1.0
196.0 0.952909946298 1.0
5.0 0.993453449805 1.0
112.0 0.963090382987 1.0
3.0 1.01161262007 1.0
23.0 0.986929889625 1.0
149.0 0.995977230463 1.0
130.0 0.971298953103 1.0
33.0 0.972239002947 1.0
object 35	1.0:1.0
186.0 8.30203651784 1.0
141.0 0.984671245613 1.0
185.0 0.656000698304 1.0
128.0 1.01670582949 1.0
99.0 0.97207361001 1.0
object 36	1.0:1.0
125.0 0.993331361194 1.0
50.0 1.05301553333 1.0
126.0 0.992554672122 1.0
64.0 0.97980774292 1.0
152.0 1.02302430736 1.0
89.0 1.00096530463 1.0
object 37	1.0:1.0
149.0 1.0467022071 1.0
140.0 0.988895542039 1.0
107.0 1.03537501972 1.0
4.0 1.02042687249 1.0
152.0 0.998779772685 1.0
162.0 1.0522471563 1.0
182.0 3.70132170901 1.0
166.0 0.95498762084 1.0
13.0 1.00376718966 1.0
108.0 1.02770831448 1.0
53.0 1.04476461496 1.0
59.0 1.07720220129 1.0
object 38	1.0:1.0
79.0 0.948396690238 1.0
169.0 1.02846022169 1.0
53.0 0.978000360849 1.0
48.0 1.00558343768 1.0
object 39	1.0:1.0
183.0 2.9434862426 1.0
160.0 0.992148387984 1.0
177.0 0.991096980125 1.0
129.0 0.995067306624 1.0
9.0 0.98314072106 1.0
object 40	1.0:1.0
102.0 0.977220226345 1.0
104.0 0.955591229095 1.0
5.0 0.997708637221 1.0
160.0 0.897862329884 1.0
24.0 0.970689655417 1.0
object 41	1.0:1.0
129.0 0.973462559044 1.0
182.0 4.06632851197 1.0
39.0 1.00739320131 1.0
object 42	1.0:1.0
156.0 1.01102715711 1.0
19.0 0.949252652685 1.0
3.0 0.998917099357 1.0
9.0 0.979635553835 1.0
object 43	1.0:1.0
61.0 1.03527413653 1.0
25.0 1.10433102749 1.0
181.0 -1.26812526536 1.0
object 44	1.0:1.0
59.0 0.971952721733 1.0
61.0 1.01716561937 1.0
object 45	1.0:1.0
47.0 0.99882622205 1.0
72.0 0.98477943488 1.0
object 46	1.0:1.0
195.0 2.20401444348 1.0
21.0 1.01082704424 1.0
15.0 1.01074096959 1.0
199.0 2.15737325995 1.0
object 47	1.0:1.0
176.0 1.00292493973 1.0
55.0 1.01496206813 1.0
119.0 0.977645642138 1.0
104.0 0.986383852848 1.0
10.0 0.982606335058 1.0
1.0 1.00533215685 1.0
76.0 1.01605060962 1.0
123.0 1.01769571966 1.0
48.0 0.992076645062 1.0
object 48	1.0:1.0
18.0 0.975232861205 1.0
142.0 1.03944776398 1.0
129.0 1.02539273481 1.0
148.0 0.995670837251 1.0
11.0 0.973932023219 1.0
97.0 1.0172931756 1.0
object 49	1.0:1.0
161.0 0.945097513787 1.0
37.0 0.980613688932 1.0
153.0 0.988440407367 1.0
120.0 0.989454887527 1.0
13.0 0.997731808208 1.0
174.0 0.980769888223 1.0
157.0 0.96222244569 1.0
object 50	1.0:1.0
36.0 0.986532722202 1.0
122.0 0.982798034778 1.0
129.0 0.974171652962 1.0
156.0 0.99143497013 1.0
79.0 1.02902312605 1.0
54.0 1.0374675432 1.0
132.0 0.979320592881 1.0
37.0 1.00113152892 1.0
18.0 0.958919971649 1.0
152.0 0.970394007624 1.0
object 51	1.0:1.0
30.0 0.991561136997 1.0
156.0 0.987785869586 1.0
95.0 0.980476707704 1.0
object 52	1.0:1.0
188.0 -0.30408989413 1.0
4.0 0.997019390918 1.0
1.0 0.946168846595 1.0
26.0 0.993648805209 1.0
113.0 1.00839598159 1.0
52.0 0.987569934075 1.0
object 53	1.0:1.0
101.0 0.968182023231 1.0
155.0 0.955334042896 1.0
97.0 1.05652405245 1.0
159.0 0.992509090644 1.0
1.0 0.970937598728 1.0
122.0 1.0026225688 1.0
66.0 0.967256479978 1.0
127.0 1.03077439483 1.0
object 54	1.0:1.0
143.0 1.09192075046 1.0
147.0 0.937994864567 1.0
object 55	1.0:1.0
170.0 1.0070912619 1.0
48.0 1.00031021358 1.0
21.0 1.00847009583 1.0
33.0 0.986362775896 1.0
object 56	1.0:1.0
96.0 0.977980256939 1.0
39.0 0.997847067295 1.0
150.0 1.00715260006 1.0
27.0 1.06380977716 1.0
130.0 0.9616672318 1.0
object 57	1.0:1.0
106.0 0.993131723233 1.0
125.0 0.966078015001 1.0
object 58	1.0:1.0
61.0 0.962087738079 1.0
42.0 1.00145760606 1.0
84.0 1.03571199856 1.0
133.0 0.98848376141 1.0
98.0 0.997991930332 1.0
126.0 1.00582083394 1.0
72.0 1.0079964822 1.0
45.0 0.989692357711 1.0
81.0 0.993743289863 1.0
object 59	1.0:1.0
86.0 1.02715131631 1.0
139.0 1.03360217001 1.0
119.0 1.02946533217 1.0
174.0 1.04856654216 1.0
108.0 1.09847321127 1.0
67.0 0.982543342434 1.0
187.0 2.51227262015 1.0
29.0 1.01833263898 1.0
81.0 1.0472228364 1.0
96.0 1.00410049085 1.0
object 60	1.0:1.0
157.0 1.02333799548 1.0
10.0 1.03912992803 1.0
171.0 0.978131506198 1.0
69.0 0.966759441942 1.0
object 61	1.0:1.0
49.0 0.989695718126 1.0
39.0 1.04721976435 1.0
79.0 1.05159725811 1.0
68.0 1.00780316072 1.0
object 62	1.0:1.0
5.0 1.00305484388 1.0
95.0 0.965529856858 1.0
149.0 1.02152509281 1.0
195.0 1.87451943164 1.0
120.0 1.0199550824 1.0
object 63	1.0:1.0
141.0 0.932299614185 1.0
178.0 1.01702535229 1.0
35.0 0.977096667882 1.0
108.0 0.997519974133 1.0
object 64	1.0:1.0
50.0 0.992089727476 1.0
197.0 -2.01219976641 1.0
156.0 0.993797206929 1.0
136.0 0.997824108693 1.0
107.0 1.03470712497 1.0
object 65	1.0:1.0
106.0 0.995745885624 1.0
31.0 1.00422422013 1.0
60.0 0.95604761341 1.0
194.0 2.25508451167 1.0
91.0 0.970030441667 1.0
23.0 0.97640110705 1.0
89.0 0.96398880617 1.0
94.0 1.01650346757 1.0
object 66	1.0:1.0
199.0 1.07607968879 1.0
39.0 0.995339557391 1.0
106.0 0.995386191921 1.0
165.0 1.0195372517 1.0
111.0 0.933542444602 1.0
131.0 0.99600202113 1.0
object 67	1.0:1.0
173.0 0.983522498065 1.0
189.0 -1.53108583026 1.0
48.0 0.98621957191 1.0
87.0 0.998472112666 1.0
110.0 0.989225444801 1.0
127.0 0.936915627348 1.0
object 68	1.0:1.0
64.0 0.996560961468 1.0
161.0 1.03412787834 1.0
78.0 0.979227230847 1.0
45.0 0.992475489291 1.0
166.0 1.05231676282 1.0
67.0 1.00208695095 1.0
21.0 0.980193550751 1.0
155.0 1.00310547255 1.0
94.0 1.03433696899 1.0
object 69	1.0:1.0
199.0 1.5492265212 1.0
32.0 1.03155735527 1.0
149.0 0.952381020455 1.0
92.0 0.980796578079 1.0
51.0 0.981336438459 1.0
63.0 0.978687801054 1.0
78.0 1.01202796276 1.0
84.0 1.01066288344 1.0
object 70	1.0:1.0
59.0 1.05121509035 1.0
79.0 0.995619786795 1.0
134.0 1.00953543877 1.0
135.0 0.970102987932 1.0
94.0 0.964756442785 1.0
object 71	1.0:1.0
94.0 1.00305343295 1.0
193.0 1.16437978142 1.0
165.0 1.0255963277 1.0
130.0 1.03924110823 1.0
34.0 0.993483246818 1.0
5.0 1.00883555409 1.0
149.0 0.984898852921 1.0
76.0 1.03213633284 1.0
object 72	1.0:1.0
83.0 0.976669714989 1.0
164.0 1.04172325716 1.0
102.0 1.00251240543 1.0
186.0 5.67117385123 1.0
105.0 0.969572028571 1.0
75.0 1.05404532487 1.0
149.0 0.980379097619 1.0
42.0 1.00589883919 1.0
57.0 1.02281100115 1.0
119.0 1.01795252643 1.0
object 73	1.0:1.0
42.0 1.02058138169 1.0
29.0 0.965789416934 1.0
11.0 0.971252396285 1.0
88.0 1.02229282613 1.0
120.0 0.969381250215 1.0
object 74	1.0:1.0
49.0 1.03204753582 1.0
7.0 0.993026457922 1.0
68.0 1.05884127021 1.0
166.0 1.00441013104 1.0
object 75	1.0:1.0
171.0 0.996310551335 1.0
159.0 1.01301209644 1.0
129.0 1.0511075673 1.0
object 76	1.0:1.0
61.0 0.98932480495 1.0
59.0 0.999769778184 1.0
171.0 0.986139910589 1.0
object 77	1.0:1.0
67.0 1.01373900852 1.0
21.0 0.986689593725 1.0
134.0 0.986002479349 1.0
121.0 0.939227531539 1.0
45.0 1.01132651528 1.0
92.0 1.01960229776 1.0
195.0 2.86043171876 1.0
87.0 1.00926082743 1.0
object 78	1.0:1.0
35.0 1.00310097659 1.0
136.0 1.0253455113 1.0
97.0 0.975727066428 1.0
25.0 1.00449987607 1.0
141.0 0.948811419631 1.0
28.0 0.978880674042 1.0
95.0 1.0447879014 1.0
object 79	1.0:1.0
63.0 1.01132694738 1.0
123.0 1.00817621882 1.0
172.0 1.0048730552 1.0
22.0 0.990814227087 1.0
object 80	1.0:1.0
165.0 1.01506099573 1.0
82.0 0.952232819888 1.0
17.0 1.0243438173 1.0
81.0 1.01364523516 1.0
58.0 0.991796178558 1.0
object 81	1.0:1.0
4.0 1.01081617298 1.0
35.0 0.967448531389 1.0
89.0 0.99667236769 1.0
98.0 1.02648004879 1.0
0.0 1.00434412004 1.0
180.0 1.42389797919 1.0
81.0 1.00937802212 1.0
object 82	1.0:1.0
129.0 0.966349675671 1.0
195.0 1.28638166504 1.0
object 83	1.0:1.0
171.0 1.00810199717 1.0
86.0 1.00282351262 1.0
147.0 1.03622264358 1.0
object 84	1.0:1.0
165.0 1.00110077764 1.0
178.0 0.991891741104 1.0
88.0 1.03787674216 1.0
94.0 1.05047899276 1.0
object 85	1.0:1.0
95.0 1.00752955899 1.0
191.0 -0.981687641097 1.0
180.0 6.23594356296 1.0
object 86	1.0:1.0
115.0 1.00355564351 1.0
129.0 0.947357421282 1.0
object 87	1.0:1.0
199.0 2.04957498532 1.0
87.0 0.959786246092 1.0
object 88	1.0:1.0
90.0 1.03154997066 1.0
59.0 1.00739454646 1.0
165.0 1.01992088124 1.0
18.0 0.967027030591 1.0
153.0 1.0063952555 1.0
object 89	1.0:1.0
132.0 0.970590246076 1.0
12.0 0.992946067848 1.0
176.0 0.995065897894 1.0
16.0 0.960810741958 1.0
114.0 0.956521086994 1.0
object 90	1.0:1.0
194.0 -0.0261979905183 1.0
134.0 1.05073850866 1.0
140.0 1.00149262263 1.0
54.0 1.0237340456 1.0
60.0 0.987293738822 1.0
object 91	1.0:1.0
6.0 0.963601166344 1.0
140.0 1.01744062423 1.0
154.0 1.01629543962 1.0
68.0 1.02353601232 1.0
104.0 1.01196261534 1.0
43.0 0.977912055297 1.0
182.0 0.052251968233 1.0
26.0 0.995079918801 1.0
107.0 1.02338734414 1.0
181.0 -0.245225564438 1.0
151.0 1.0182004821 1.0
object 92	1.0:1.0
39.0 1.00498490053 1.0
4.0 0.909460969842 1.0
58.0 1.00503288632 1.0
24.0 1.03671912758 1.0
178.0 0.990925105736 1.0
object 93	1.0:1.0
12.0 0.951844430468 1.0
96.0 1.00917517003 1.0
190.0 0.501501758794 1.0
object 94	1.0:1.0
82.0 1.01443414831 1.0
134.0 1.02938671786 1.0
83.0 0.96539871862 1.0
184.0 0.698241187023 1.0
2.0 0.977648051461 1.0
80.0 0.996444426025 1.0
object 95	1.0:1.0
25.0 1.07879927842 1.0
128.0 0.990725610763 1.0
108.0 1.05047208684 1.0
40.0 0.991132658422 1.0
object 96	1.0:1.0
1.0 1.06422267627 1.0
32.0 0.98112238913 1.0
136.0 1.00661842443 1.0
99.0 1.01720108784 1.0
104.0 0.996746012856 1.0
105.0 1.0543298127 1.0
113.0 0.971017978919 1.0
153.0 0.986817129191 1.0
45.0 1.00121022255 1.0
176.0 1.00219351518 1.0
159.0 0.988808527814 1.0
object 97	1.0:1.0
172.0 1.01004817726 1.0
198.0 -1.82994869703 1.0
78.0 0.989093853898 1.0
196.0 -1.22216065303 1.0
object 98	1.0:1.0
194.0 2.11576508775 1.0
115.0 0.971132291568 1.0
64.0 0.989442720503 1.0
object 99	1.0:1.0
33.0 0.940646864423 1.0
77.0 0.99807496133 1.0
129.0 1.01683846666 1.0
12.0 1.04961585443 1.0
88.0 0.967851781247 1.0
134.0 1.00104088312 1.0
113.0 1.03433327198 1.0
189.0 0.705530228968 1.0
73.0 0.963920220545 1.0
143.0 1.0527530391 1.0
