object 0	1.0:1.0
170.0 0.561903086439 1.0
175.0 0.580295918842 1.0
105.0 0.954767750113 1.0
61.0 1.01627808582 1.0
30.0 1.01989233562 1.0
71.0 1.01897380896 1.0
156.0 0.98136481514 1.0
182.0 -1.10148281754 1.0
19.0 1.05206002969 1.0
object 1	1.0:1.0
166.0 -0.436552222914 1.0
81.0 1.02424500932 1.0
66.0 0.91745839869 1.0
158.0 1.00362020632 1.0
65.0 1.07587565903 1.0
object 2	1.0:1.0
49.0 1.00049183272 1.0
187.0 -2.24863845876 1.0
object 3	1.0:1.0
7.0 1.04235245035 1.0
3.0 0.992327702692 1.0
117.0 0.912861751887 1.0
28.0 0.983941181131 1.0
6.0 1.00887591203 1.0
object 4	1.0:1.0
137.0 1.01622795379 1.0
138.0 1.05724641957 1.0
76.0 0.975264886853 1.0
182.0 2.7981376247 1.0
74.0 0.932044553638 1.0
29.0 1.01054784687 1.0
128.0 0.99636001613 1.0
48.0 0.990974621282 1.0
180.0 0.307171224863 1.0
object 5	1.0:1.0
154.0 0.989016797633 1.0
33.0 0.988434125743 1.0
151.0 1.01366290291 1.0
44.0 1.05714292421 1.0
4.0 0.989354712959 1.0
object 6	1.0:1.0
101.0 1.00752454687 1.0
111.0 0.993450913661 1.0
19.0 0.946855916876 1.0
object 7	1.0:1.0
185.0 1.6763758814 1.0
112.0 1.02961118437 1.0
137.0 1.00936007506 1.0
133.0 1.07363043007 1.0
object 8	1.0:1.0
130.0 0.970540948825 1.0
163.0 1.43007666 1.0
74.0 0.988560170217 1.0
141.0 0.955927149754 1.0
102.0 1.05416225582 1.0
93.0 0.998190589941 1.0
116.0 0.981643953662 1.0
101.0 1.06002260387 1.0
object 9	1.0:1.0
95.0 1.03411313942 1.0
8.0 1.04387078882 1.0
52.0 1.03925426695 1.0
173.0 0.652602385247 1.0
140.0 0.956870794431 1.0
131.0 0.989634211319 1.0
86.0 1.0304706429 1.0
object 10	1.0:1.0
72.0 0.983513046063 1.0
75.0 0.940281672798 1.0
58.0 1.02607202766 1.0
180.0 -1.37242742349 1.0
object 11	1.0:1.0
190.0 -0.424110402592 1.0
118.0 1.01012981589 1.0
142.0 0.848226283687 1.0
6.0 0.961961252581 1.0
67.0 1.03067670499 1.0
111.0 1.01596747148 1.0
object 12	1.0:1.0
139.0 0.909492088468 1.0
91.0 1.00313519967 1.0
96.0 0.98609338634 1.0
146.0 0.967976197775 1.0
20.0 0.970580118558 1.0
83.0 0.905821544028 1.0
object 13	1.0:1.0
179.0 5.41950706942 1.0
138.0 0.976511264991 1.0
object 14	1.0:1.0
195.0 3.01943884093 1.0
7.0 0.954231119264 1.0
31.0 1.02700304739 1.0
40.0 0.979471210622 1.0
119.0 1.10990403371 1.0
54.0 0.966819013117 1.0
104.0 1.00128500592 1.0
52.0 0.979449552246 1.0
object 15	1.0:1.0
29.0 0.982848785541 1.0
7.0 0.996643000847 1.0
object 16	1.0:1.0
17.0 0.973173637188 1.0
136.0 0.964299125127 1.0
33.0 1.01210696645 1.0
195.0 -0.0484869675959 1.0
object 17	1.0:1.0
13.0 1.02966204084 1.0
149.0 1.08649694545 1.0
196.0 3.90297654075 1.0
179.0 -0.0233781239199 1.0
129.0 0.971835008331 1.0
object 18	1.0:1.0
36.0 0.881311603927 1.0
88.0 1.00857109844 1.0
object 19	1.0:1.0
4.0 1.00606090467 1.0
10.0 0.985335815524 1.0
179.0 -1.05346853875 1.0
168.0 -0.548173609515 1.0
object 20	1.0:1.0
169.0 2.81106047182 1.0
112.0 1.03092820112 1.0
194.0 3.94439666186 1.0
34.0 0.986113487719 1.0
object 21	1.0:1.0
153.0 0.991077372192 1.0
12.0 0.957427380387 1.0
45.0 1.04162894558 1.0
30.0 0.973038001146 1.0
142.0 0.980979527005 1.0
165.0 3.87234858801 1.0
object 22	1.0:1.0
66.0 0.969200060888 1.0
160.0 2.77038491231 1.0
94.0 0.935279379518 1.0
105.0 1.02188142157 1.0
31.0 1.07125322066 1.0
140.0 0.956536584221 1.0
177.0 2.70812266769 1.0
149.0 0.960441662323 1.0
object 23	1.0:1.0
124.0 0.957941094095 1.0
161.0 -0.777957026606 1.0
110.0 1.01522450391 1.0
140.0 0.992937531623 1.0
13.0 0.984982399617 1.0
115.0 0.991809731507 1.0
43.0 0.97708206552 1.0
121.0 1.0223382568 1.0
160.0 2.49519112841 1.0
71.0 1.02645869335 1.0
54.0 0.998506398865 1.0
22.0 0.99968213564 1.0
object 24	1.0:1.0
23.0 1.04232254436 1.0
120.0 0.988847601527 1.0
62.0 1.00360981229 1.0
129.0 0.979039606979 1.0
90.0 0.937432912057 1.0
76.0 1.03457546045 1.0
object 25	1.0:1.0
93.0 1.00531544517 1.0
17.0 0.996423408568 1.0
39.0 1.00319301891 1.0
object 26	1.0:1.0
168.0 -1.91363760242 1.0
100.0 0.980370557226 1.0
60.0 1.01718005267 1.0
57.0 1.03565046481 1.0
139.0 0.959892582202 1.0
155.0 0.956323283001 1.0
object 27	1.0:1.0
6.0 0.992807871411 1.0
56.0 0.990557225185 1.0
67.0 1.00489546882 1.0
191.0 4.01454876345 1.0
133.0 0.973590669175 1.0
114.0 1.02888945742 1.0
object 28	1.0:1.0
151.0 0.997633019741 1.0
191.0 0.361481493843 1.0
189.0 1.73621617147 1.0
40.0 1.00448486708 1.0
122.0 0.923479486821 1.0
0.0 0.993160390808 1.0
object 29	1.0:1.0
88.0 0.994751176567 1.0
169.0 -0.938173672987 1.0
69.0 1.03178874418 1.0
0.0 1.01010401589 1.0
194.0 3.40456228189 1.0
186.0 5.05446960201 1.0
199.0 2.3480849738 1.0
125.0 0.909677834508 1.0
140.0 0.939754790905 1.0
42.0 0.95796773208 1.0
143.0 0.950251985355 1.0
object 30	1.0:1.0
12.0 1.02061553863 1.0
117.0 1.11283394075 1.0
87.0 0.990179740273 1.0
195.0 0.341586919291 1.0
171.0 2.61362326961 1.0
153.0 1.00273443735 1.0
155.0 1.07633253962 1.0
object 31	1.0:1.0
162.0 0.475596104521 1.0
18.0 1.04160741021 1.0
43.0 1.04586145305 1.0
49.0 1.019223541 1.0
163.0 2.20327906724 1.0
122.0 1.01626007203 1.0
192.0 3.06383867632 1.0
191.0 -1.83387239101 1.0
120.0 1.02689057443 1.0
5.0 0.960961537701 1.0
75.0 0.978257768421 1.0
object 32	1.0:1.0
34.0 1.00892836911 1.0
65.0 0.970804875828 1.0
33.0 0.991215808712 1.0
12.0 1.00078087316 1.0
142.0 1.05709439152 1.0
181.0 -6.13984527675 1.0
object 33	1.0:1.0
51.0 1.01803666298 1.0
184.0 -4.85991035821 1.0
159.0 1.01690031274 1.0
105.0 0.98466278021 1.0
52.0 1.03775399008 1.0
145.0 0.997652951993 1.0
197.0 7.22767035946 1.0
199.0 0.140145377187 1.0
59.0 0.996119377528 1.0
object 34	1.0:1.0
40.0 0.986444326729 1.0
89.0 0.98241194475 1.0
166.0 0.874268100761 1.0
131.0 1.01030727858 1.0
42.0 1.02626679479 1.0
6.0 1.00590281482 1.0
object 35	1.0:1.0
173.0 2.49272857947 1.0
80.0 1.00630450916 1.0
183.0 6.35681743994 1.0
67.0 0.977573988976 1.0
3.0 0.987307192912 1.0
22.0 1.0053463212 1.0
78.0 0.994092312069 1.0
object 36	1.0:1.0
191.0 0.962780919743 1.0
170.0 -0.429986424291 1.0
159.0 1.00446465621 1.0
116.0 1.01000189943 1.0
197.0 1.82898510612 1.0
190.0 0.257001576239 1.0
139.0 1.03654486601 1.0
object 37	1.0:1.0
43.0 0.965747949195 1.0
75.0 1.00222676591 1.0
object 38	1.0:1.0
144.0 1.03175313295 1.0
18.0 1.02304153123 1.0
93.0 1.04203039849 1.0
165.0 0.205339550898 1.0
25.0 1.00302346366 1.0
192.0 1.34962550934 1.0
object 39	1.0:1.0
26.0 0.928616216949 1.0
47.0 1.0051422774 1.0
109.0 0.979296581784 1.0
190.0 2.815404536 1.0
14.0 1.04433737769 1.0
25.0 1.01589211663 1.0
117.0 1.00834867363 1.0
35.0 0.99306734415 1.0
70.0 0.88080884859 1.0
object 40	1.0:1.0
36.0 0.909042754899 1.0
75.0 0.984982639931 1.0
175.0 1.8906248675 1.0
24.0 1.03557286299 1.0
19.0 0.993607534865 1.0
114.0 1.02376748604 1.0
object 41	1.0:1.0
60.0 1.01057486085 1.0
23.0 0.997586694947 1.0
6.0 0.965460735101 1.0
101.0 1.02427621825 1.0
24.0 0.990069944828 1.0
object 42	1.0:1.0
197.0 9.57355178106 1.0
82.0 1.05910978935 1.0
182.0 -1.10850020231 1.0
85.0 0.997822093856 1.0
92.0 0.996690163781 1.0
184.0 1.79485966112 1.0
110.0 1.00339441995 1.0
79.0 0.973928052338 1.0
88.0 0.990796340183 1.0
object 43	1.0:1.0
40.0 0.998817315473 1.0
41.0 0.992190380284 1.0
100.0 0.994635162579 1.0
139.0 0.985358257804 1.0
47.0 1.01214211239 1.0
160.0 -6.95426325333 1.0
object 44	1.0:1.0
166.0 5.20599294357 1.0
41.0 1.03394123209 1.0
126.0 1.01501463211 1.0
159.0 0.980976501033 1.0
154.0 0.995856777668 1.0
72.0 1.04851203571 1.0
13.0 0.976368685488 1.0
192.0 1.01271667277 1.0
170.0 -1.35314864084 1.0
object 45	1.0:1.0
150.0 0.992762969486 1.0
42.0 0.993845734861 1.0
17.0 1.01626042529 1.0
128.0 0.989260423949 1.0
155.0 0.886100736627 1.0
35.0 0.963160759421 1.0
78.0 1.00754675505 1.0
107.0 0.997726773245 1.0
object 46	1.0:1.0
182.0 2.04427908673 1.0
75.0 1.00086106933 1.0
100.0 0.982594030041 1.0
73.0 1.01531244065 1.0
33.0 0.992187995248 1.0
112.0 1.009999175 1.0
object 47	1.0:1.0
53.0 1.00275697073 1.0
154.0 1.00037523858 1.0
186.0 4.87774296126 1.0
63.0 1.01455441436 1.0
object 48	1.0:1.0
45.0 0.941918049591 1.0
15.0 0.999879045328 1.0
30.0 0.980939625717 1.0
80.0 0.991342204871 1.0
36.0 1.10139188009 1.0
39.0 1.02524065728 1.0
73.0 1.02249907744 1.0
object 49	1.0:1.0
81.0 1.02147036659 1.0
112.0 0.955398273402 1.0
132.0 1.00564873141 1.0
30.0 0.995801070335 1.0
154.0 1.00182828643 1.0
118.0 1.0176021538 1.0
130.0 0.999035907786 1.0
45.0 0.965734550577 1.0
object 50	1.0:1.0
187.0 -0.510756300115 1.0
147.0 0.994020887248 1.0
109.0 0.98585585095 1.0
124.0 1.0258781097 1.0
116.0 1.03687601838 1.0
object 51	1.0:1.0
89.0 0.980640958839 1.0
157.0 0.948932481849 1.0
143.0 0.972511662791 1.0
42.0 1.03056009098 1.0
145.0 1.01295764589 1.0
184.0 -0.656209475767 1.0
31.0 1.07926085539 1.0
object 52	1.0:1.0
197.0 2.78164234064 1.0
118.0 1.05082672074 1.0
133.0 0.969101362723 1.0
144.0 1.02019633085 1.0
object 53	1.0:1.0
14.0 0.969658583012 1.0
51.0 0.911545480235 1.0
104.0 0.990442831486 1.0
189.0 1.41924427936 1.0
187.0 6.69404287532 1.0
object 54	1.0:1.0
184.0 1.99844367436 1.0
95.0 0.98307639624 1.0
150.0 1.00589073525 1.0
123.0 1.00577857345 1.0
80.0 0.993553121704 1.0
73.0 1.03326402283 1.0
object 55	1.0:1.0
129.0 1.02274052739 1.0
95.0 1.01020799741 1.0
193.0 7.36127595853 1.0
2.0 1.00097291341 1.0
178.0 6.06184094158 1.0
77.0 0.948363623398 1.0
142.0 1.02080392399 1.0
153.0 1.0069101617 1.0
132.0 1.05666526186 1.0
object 56	1.0:1.0
95.0 1.03882699948 1.0
14.0 0.976869464241 1.0
142.0 1.0646002036 1.0
189.0 -0.54456981212 1.0
object 57	1.0:1.0
179.0 -0.717917702363 1.0
136.0 0.997051499151 1.0
62.0 1.01899589191 1.0
175.0 3.9144919171 1.0
101.0 0.978268838399 1.0
object 58	1.0:1.0
16.0 1.02635341787 1.0
155.0 1.04714644223 1.0
127.0 0.992316634652 1.0
141.0 0.988491579243 1.0
52.0 1.00259810873 1.0
90.0 0.979248262306 1.0
187.0 -2.45817165699 1.0
157.0 0.980745904429 1.0
object 59	1.0:1.0
136.0 0.992897897657 1.0
62.0 0.988778442004 1.0
53.0 1.03498482965 1.0
52.0 0.993624560176 1.0
42.0 0.996266756177 1.0
171.0 -1.18939727691 1.0
56.0 0.949750509553 1.0
99.0 0.972066901108 1.0
109.0 1.00741108334 1.0
139.0 0.989707067344 1.0
135.0 0.989991993674 1.0
41.0 1.00912074894 1.0
object 60	1.0:1.0
24.0 1.00855616399 1.0
51.0 0.964024279771 1.0
175.0 -0.1556524841 1.0
40.0 0.998865180994 1.0
object 61	1.0:1.0
35.0 1.03363892627 1.0
180.0 0.97324064718 1.0
123.0 1.05179913122 1.0
164.0 -0.0813691202017 1.0
69.0 0.98850579435 1.0
8.0 1.06554148752 1.0
object 62	1.0:1.0
187.0 3.03410260805 1.0
110.0 0.993167409858 1.0
185.0 -4.52380751815 1.0
56.0 1.07581310533 1.0
10.0 0.916431289415 1.0
object 63	1.0:1.0
112.0 1.01745923807 1.0
31.0 1.03015127581 1.0
178.0 -13.660744921 1.0
72.0 1.00896481187 1.0
object 64	1.0:1.0
142.0 1.03859887063 1.0
111.0 0.994722307919 1.0
19.0 1.02995320873 1.0
99.0 0.993282148318 1.0
18.0 1.00150646393 1.0
157.0 0.998719695172 1.0
object 65	1.0:1.0
17.0 1.01536995453 1.0
69.0 0.956944423419 1.0
130.0 0.921300080915 1.0
80.0 0.997439678705 1.0
86.0 1.01705648583 1.0
61.0 0.978193927224 1.0
object 66	1.0:1.0
157.0 0.980892965307 1.0
38.0 0.982391952973 1.0
123.0 1.01866466159 1.0
31.0 0.988902823699 1.0
179.0 -3.03135969798 1.0
119.0 0.925620928399 1.0
72.0 0.989625925469 1.0
188.0 2.3348792193 1.0
45.0 1.02128021552 1.0
object 67	1.0:1.0
37.0 1.00117221177 1.0
10.0 1.00953270357 1.0
27.0 0.994264217122 1.0
106.0 1.09718638987 1.0
171.0 3.3498512461 1.0
158.0 1.00966526441 1.0
76.0 1.01133981127 1.0
161.0 0.954351575061 1.0
12.0 1.02057156219 1.0
72.0 1.00074422084 1.0
108.0 1.01705679164 1.0
object 68	1.0:1.0
112.0 1.02694282973 1.0
138.0 1.09575368388 1.0
98.0 1.00769660262 1.0
116.0 0.996505975872 1.0
81.0 1.02341821986 1.0
7.0 0.950731783866 1.0
169.0 2.62739349306 1.0
object 69	1.0:1.0
152.0 0.981164183306 1.0
99.0 1.02692044953 1.0
89.0 0.992110360839 1.0
121.0 0.981723425676 1.0
61.0 0.958622760448 1.0
161.0 1.83919011746 1.0
144.0 1.0028029536 1.0
179.0 -2.05446068731 1.0
object 70	1.0:1.0
63.0 1.00591560051 1.0
12.0 0.975576691962 1.0
53.0 0.986503226761 1.0
100.0 0.984283263626 1.0
65.0 0.945921711745 1.0
44.0 1.01173606243 1.0
object 71	1.0:1.0
87.0 1.02534855437 1.0
191.0 4.89952194781 1.0
181.0 2.19270593699 1.0
0.0 1.02394199483 1.0
53.0 1.08571911648 1.0
45.0 1.00774272405 1.0
125.0 1.13067168542 1.0
object 72	1.0:1.0
58.0 0.974228040869 1.0
142.0 0.984355170755 1.0
69.0 0.957373997046 1.0
87.0 0.948623633616 1.0
74.0 0.989400665896 1.0
95.0 0.98467669129 1.0
object 73	1.0:1.0
78.0 0.987786491142 1.0
30.0 1.00386292045 1.0
110.0 1.01028111365 1.0
32.0 1.00701176927 1.0
145.0 1.0071108009 1.0
2.0 0.980641608811 1.0
151.0 1.00511526232 1.0
object 74	1.0:1.0
159.0 1.00469937477 1.0
162.0 4.13115022922 1.0
194.0 3.85081588543 1.0
103.0 1.00671108093 1.0
193.0 -1.1279250857 1.0
object 75	1.0:1.0
85.0 1.0736717129 1.0
131.0 0.997882884583 1.0
109.0 1.02552472791 1.0
70.0 0.969374954838 1.0
146.0 0.965153745278 1.0
174.0 -2.18301954285 1.0
135.0 0.994394362912 1.0
49.0 1.01005173777 1.0
17.0 1.050536231 1.0
113.0 0.983117263899 1.0
182.0 -7.91192588981 1.0
138.0 0.956571151302 1.0
26.0 0.960420939312 1.0
object 76	1.0:1.0
36.0 0.950382260852 1.0
72.0 1.08187468672 1.0
189.0 2.29899774523 1.0
1.0 1.00513757923 1.0
191.0 1.93011920123 1.0
89.0 1.0081985781 1.0
71.0 0.993128775306 1.0
object 77	1.0:1.0
127.0 1.01122120217 1.0
169.0 3.69691512742 1.0
9.0 0.977611256512 1.0
93.0 1.03192037905 1.0
41.0 0.991664072928 1.0
142.0 1.01376104858 1.0
59.0 1.00864034043 1.0
43.0 0.92573328943 1.0
122.0 0.990970345121 1.0
151.0 0.987532768018 1.0
191.0 4.46440499289 1.0
65.0 1.02917923999 1.0
object 78	1.0:1.0
72.0 1.00770375007 1.0
38.0 0.986760669995 1.0
188.0 2.01215997878 1.0
object 79	1.0:1.0
44.0 0.985385860409 1.0
41.0 0.981107022806 1.0
151.0 0.999131291106 1.0
12.0 1.02968036636 1.0
84.0 1.03198911285 1.0
143.0 1.01344791602 1.0
70.0 0.932564806678 1.0
132.0 1.0824748342 1.0
197.0 4.71226630507 1.0
47.0 0.997127537017 1.0
189.0 -0.122763911158 1.0
193.0 -2.7806323531 1.0
182.0 -0.232638561707 1.0
object 80	1.0:1.0
25.0 0.983883972407 1.0
74.0 1.03747944293 1.0
142.0 0.950521149339 1.0
79.0 0.964578953988 1.0
111.0 1.00325313414 1.0
70.0 1.00815009686 1.0
object 81	1.0:1.0
123.0 1.03955541629 1.0
191.0 -0.442164329445 1.0
23.0 1.02826336205 1.0
19.0 1.03445056615 1.0
95.0 0.968302909766 1.0
63.0 1.02445269209 1.0
192.0 -0.361933579279 1.0
159.0 0.997271360122 1.0
object 82	1.0:1.0
150.0 1.01634371733 1.0
65.0 0.909102008639 1.0
77.0 0.976780467641 1.0
115.0 1.03893062826 1.0
129.0 0.972147242802 1.0
100.0 1.00558010371 1.0
object 83	1.0:1.0
68.0 0.981860253615 1.0
54.0 1.02628540429 1.0
76.0 0.993871392789 1.0
143.0 1.0012496579 1.0
123.0 1.00609289895 1.0
55.0 1.03118660494 1.0
38.0 1.00312656029 1.0
195.0 3.04599400127 1.0
112.0 0.905565880255 1.0
object 84	1.0:1.0
117.0 1.01439403087 1.0
155.0 0.899955141645 1.0
39.0 1.01011692182 1.0
192.0 2.57994022169 1.0
120.0 1.05358629052 1.0
152.0 1.02977160691 1.0
object 85	1.0:1.0
60.0 0.999764262715 1.0
66.0 0.990015827645 1.0
189.0 -0.758752411051 1.0
6.0 1.0687528781 1.0
76.0 0.98847634927 1.0
object 86	1.0:1.0
17.0 1.03162603163 1.0
69.0 1.00937977184 1.0
175.0 0.253631421126 1.0
122.0 1.02633169613 1.0
84.0 1.0422055018 1.0
128.0 1.00905788954 1.0
139.0 0.945407423493 1.0
178.0 3.6393018013 1.0
59.0 1.0068158146 1.0
object 87	1.0:1.0
111.0 1.00308788868 1.0
131.0 0.982610353109 1.0
64.0 1.03534335813 1.0
174.0 -1.40140450012 1.0
14.0 1.00050291706 1.0
71.0 0.977093720513 1.0
184.0 2.17557104998 1.0
172.0 2.31049227055 1.0
object 88	1.0:1.0
194.0 3.01873029959 1.0
44.0 1.01691302202 1.0
4.0 0.987751876024 1.0
object 89	1.0:1.0
161.0 -2.18698818074 1.0
18.0 1.02526773393 1.0
40.0 0.991402105719 1.0
36.0 1.01880809826 1.0
107.0 0.993444174812 1.0
object 90	1.0:1.0
58.0 0.966421476635 1.0
77.0 1.00504881522 1.0
142.0 1.051787585 1.0
125.0 1.06228857011 1.0
11.0 0.985335864975 1.0
object 91	1.0:1.0
124.0 0.958370006482 1.0
197.0 -2.65702680785 1.0
136.0 1.02245865025 1.0
13.0 0.991503349622 1.0
89.0 0.994182424136 1.0
31.0 1.02631072423 1.0
object 92	1.0:1.0
157.0 0.919807595539 1.0
50.0 1.01432613551 1.0
172.0 1.23727487482 1.0
8.0 0.969822857994 1.0
160.0 3.45622160872 1.0
15.0 1.00485192405 1.0
90.0 0.989060531537 1.0
136.0 0.983131737484 1.0
object 93	1.0:1.0
4.0 1.01373751077 1.0
173.0 1.72136493864 1.0
45.0 1.03450106864 1.0
32.0 0.993104579026 1.0
6.0 1.06601151057 1.0
112.0 1.0294742925 1.0
61.0 0.977718019475 1.0
3.0 1.02044097605 1.0
30.0 0.977447296838 1.0
object 94	1.0:1.0
62.0 0.995827649161 1.0
89.0 1.01372719738 1.0
169.0 1.53253305524 1.0
109.0 0.995040045467 1.0
30.0 1.00428942499 1.0
72.0 0.920021414558 1.0
193.0 0.550383633488 1.0
198.0 -0.239863091735 1.0
object 95	1.0:1.0
171.0 -0.967720182649 1.0
117.0 1.05389899338 1.0
124.0 0.986040550878 1.0
125.0 1.098347207 1.0
186.0 -0.540089176043 1.0
1.0 0.994785308502 1.0
2.0 1.00194862285 1.0
object 96	1.0:1.0
138.0 0.99988187914 1.0
94.0 0.99747396744 1.0
93.0 1.00947972213 1.0
119.0 1.00207188802 1.0
16.0 0.979500769149 1.0
158.0 0.999043874675 1.0
18.0 1.00229890863 1.0
object 97	1.0:1.0
26.0 0.971066834991 1.0
141.0 0.993700575686 1.0
71.0 0.993938340486 1.0
189.0 -0.492937145957 1.0
100.0 1.0063728105 1.0
136.0 0.988961294544 1.0
object 98	1.0:1.0
27.0 0.997454911956 1.0
90.0 0.965179932477 1.0
105.0 1.03816696892 1.0
96.0 0.989142419921 1.0
64.0 1.01923714353 1.0
40.0 0.972751991853 1.0
2.0 0.996581183017 1.0
184.0 3.16547943438 1.0
86.0 1.03340754299 1.0
53.0 0.961312806716 1.0
4.0 0.967624941365 1.0
7.0 0.985048746169 1.0
object 99	1.0:1.0
3.0 1.00987098525 1.0
118.0 0.986055132268 1.0
183.0 5.2312806005 1.0
27.0 0.969561530302 1.0
6.0 1.0665769919 1.0
105.0 1.05613952176 1.0
182.0 0.621015559258 1.0
2.0 1.00784086298 1.0
