object 0	1.0:1.0
194.0 -1.15334191809 1.0
10.0 0.977086298819 1.0
191.0 -0.664223316858 1.0
148.0 1.59700195777 1.0
180.0 -0.156606841828 1.0
174.0 -0.683113064704 1.0
68.0 0.981082352286 1.0
173.0 -1.26318529214 1.0
196.0 2.73448236169 1.0
27.0 0.94875097309 1.0
149.0 1.28410073952 1.0
97.0 0.942542074567 1.0
159.0 1.21897683465 1.0
123.0 0.97222276737 1.0
35.0 1.00470285706 1.0
77.0 1.02166697337 1.0
13.0 1.04086659814 1.0
60.0 1.00572406363 1.0
11.0 1.12376801934 1.0
117.0 1.01633858814 1.0
21.0 1.0236610164 1.0
33.0 1.00462896058 1.0
16.0 0.924143099156 1.0
67.0 1.00466491963 1.0
1.0 1.0004379375 1.0
128.0 1.01849395279 1.0
20.0 0.97683870949 1.0
161.0 -0.908817468563 1.0
110.0 0.995571777526 1.0
197.0 2.26294141976 1.0
72.0 0.999165004766 1.0
95.0 0.975132471979 1.0
78.0 0.96500755614 1.0
object 1	1.0:1.0
47.0 1.01205024082 1.0
162.0 -1.52800885274 1.0
52.0 0.987435699081 1.0
54.0 1.0336270719 1.0
40.0 0.983285947479 1.0
174.0 1.49593432061 1.0
23.0 1.01436333429 1.0
33.0 0.998699184136 1.0
148.0 1.40692902693 1.0
145.0 -0.0666365039454 1.0
8.0 1.02967170701 1.0
158.0 -0.558553090041 1.0
141.0 4.84383833597 1.0
77.0 0.971858198743 1.0
102.0 0.970695623941 1.0
166.0 -0.480009811891 1.0
128.0 0.998064033951 1.0
7.0 1.06889223105 1.0
53.0 1.04393649892 1.0
91.0 1.04127580031 1.0
6.0 1.02993707449 1.0
78.0 0.980117867605 1.0
142.0 2.42122025642 1.0
115.0 0.940677633785 1.0
190.0 0.269562841966 1.0
123.0 0.990505176166 1.0
196.0 1.56064180044 1.0
71.0 0.971130017424 1.0
object 2	1.0:1.0
10.0 1.01462646671 1.0
156.0 -1.01673790898 1.0
157.0 -1.97245416819 1.0
62.0 0.986792665647 1.0
196.0 -1.4446463984 1.0
168.0 -0.763317448853 1.0
198.0 3.9906541187 1.0
152.0 4.60923650873 1.0
106.0 1.00122908589 1.0
0.0 0.959464077446 1.0
123.0 0.982302431163 1.0
178.0 2.24834700162 1.0
21.0 0.975846449499 1.0
60.0 1.01597644487 1.0
128.0 0.993515256034 1.0
30.0 0.97394824938 1.0
43.0 0.96836362241 1.0
84.0 0.994909053997 1.0
195.0 -6.91232764968 1.0
181.0 2.61693129875 1.0
135.0 1.04097296795 1.0
64.0 1.00780458182 1.0
136.0 0.988726036538 1.0
177.0 4.96744894022 1.0
6.0 0.932537944134 1.0
39.0 0.954931140877 1.0
76.0 0.969341123069 1.0
182.0 0.248234912893 1.0
151.0 -3.51296107032 1.0
73.0 0.998780718807 1.0
160.0 2.46625454852 1.0
44.0 0.994999207024 1.0
144.0 3.85121098993 1.0
70.0 1.01262614338 1.0
1.0 0.996933032293 1.0
45.0 0.992762591672 1.0
object 3	1.0:1.0
169.0 5.12673891431 1.0
0.0 0.998014643163 1.0
116.0 0.990144527842 1.0
151.0 3.05412195391 1.0
60.0 1.00563551558 1.0
156.0 0.239600421588 1.0
117.0 1.00681844266 1.0
56.0 1.00687974241 1.0
108.0 1.00354115526 1.0
147.0 1.26553837907 1.0
27.0 1.01412831486 1.0
80.0 1.00162324731 1.0
173.0 0.424470360815 1.0
158.0 0.934377635272 1.0
28.0 0.99574300288 1.0
146.0 1.87497240233 1.0
12.0 1.0566778799 1.0
57.0 0.982753688574 1.0
46.0 0.985657637944 1.0
object 4	1.0:1.0
85.0 0.963399947582 1.0
23.0 1.03736387699 1.0
185.0 1.10759464921 1.0
74.0 0.991656545063 1.0
125.0 0.984216313776 1.0
52.0 1.02766058656 1.0
136.0 1.0227373458 1.0
141.0 1.58820352822 1.0
197.0 1.48600319394 1.0
20.0 0.959085054843 1.0
179.0 4.79724251832 1.0
3.0 1.02919064105 1.0
18.0 1.01331860944 1.0
38.0 1.01271046273 1.0
128.0 1.00588330382 1.0
113.0 0.971937372019 1.0
170.0 -1.81126430289 1.0
111.0 1.00384304164 1.0
60.0 0.981247233217 1.0
64.0 0.969372111398 1.0
108.0 1.00192173282 1.0
28.0 0.965398241225 1.0
50.0 0.994694508909 1.0
95.0 0.99661465472 1.0
69.0 1.00473913188 1.0
182.0 -0.990373844014 1.0
175.0 2.87076735806 1.0
187.0 0.792637512946 1.0
112.0 0.983835797183 1.0
2.0 0.980478828521 1.0
object 5	1.0:1.0
158.0 2.30764842086 1.0
7.0 0.99318667009 1.0
46.0 0.998982101007 1.0
122.0 0.919936529416 1.0
99.0 1.06252105726 1.0
9.0 0.963552903686 1.0
95.0 0.992803155813 1.0
165.0 2.39026969765 1.0
133.0 0.984828023411 1.0
69.0 1.02801004655 1.0
67.0 0.981624872571 1.0
175.0 1.45622011588 1.0
73.0 0.999310584189 1.0
144.0 1.41732814321 1.0
101.0 0.989665090818 1.0
15.0 1.01279437033 1.0
92.0 1.01599571778 1.0
66.0 1.0447573113 1.0
100.0 1.00903729984 1.0
object 6	1.0:1.0
90.0 1.0836950963 1.0
69.0 0.990238042806 1.0
154.0 4.59622077728 1.0
102.0 0.988812863291 1.0
197.0 1.17555931525 1.0
173.0 -0.374787760364 1.0
121.0 0.925353403235 1.0
73.0 0.999457223148 1.0
7.0 1.00745885528 1.0
165.0 -0.354559383236 1.0
37.0 0.980107777174 1.0
24.0 1.03230767879 1.0
5.0 1.08354742874 1.0
30.0 1.00553666606 1.0
71.0 1.00167903428 1.0
123.0 0.992884564375 1.0
59.0 0.997047162608 1.0
22.0 1.00175509476 1.0
125.0 1.00954015487 1.0
15.0 0.992049168627 1.0
153.0 1.8460701138 1.0
198.0 1.39643910196 1.0
127.0 0.992237982506 1.0
171.0 0.500698171988 1.0
68.0 0.988822706057 1.0
186.0 -2.45864981657 1.0
103.0 0.999233636253 1.0
6.0 1.01468125595 1.0
100.0 1.00366218 1.0
20.0 1.01293206565 1.0
115.0 0.930838279902 1.0
199.0 8.40920890601 1.0
83.0 1.04779115405 1.0
3.0 1.04351115552 1.0
16.0 1.02031402911 1.0
155.0 0.161184029374 1.0
114.0 0.981329956832 1.0
object 7	1.0:1.0
67.0 1.01508541958 1.0
143.0 1.72946753697 1.0
30.0 0.954106426918 1.0
54.0 0.953024787689 1.0
50.0 1.03012275917 1.0
137.0 1.00113547052 1.0
23.0 1.01272017927 1.0
57.0 0.995302356429 1.0
182.0 -2.29879757744 1.0
93.0 1.00089701965 1.0
136.0 1.02680522474 1.0
117.0 0.998352425878 1.0
149.0 -0.366005459532 1.0
61.0 0.984109650895 1.0
107.0 0.974660358918 1.0
178.0 -0.297733618894 1.0
56.0 0.917840625707 1.0
4.0 1.02545466991 1.0
27.0 1.00038293321 1.0
21.0 0.945370005973 1.0
75.0 1.00234141946 1.0
47.0 0.986828329874 1.0
193.0 3.37721412556 1.0
163.0 1.21517830964 1.0
34.0 1.02301917862 1.0
168.0 1.78796171003 1.0
162.0 3.19679239057 1.0
103.0 1.04219128654 1.0
64.0 0.985407449956 1.0
186.0 0.140598687202 1.0
object 8	1.0:1.0
12.0 1.04698324146 1.0
60.0 0.994483831089 1.0
104.0 1.01567925982 1.0
117.0 0.996207814888 1.0
23.0 0.954018128971 1.0
81.0 0.96321171842 1.0
68.0 0.997752809398 1.0
15.0 1.01653927017 1.0
43.0 1.01447782582 1.0
7.0 1.04734453201 1.0
76.0 0.996752603391 1.0
116.0 0.990631271102 1.0
198.0 3.93051942875 1.0
186.0 2.5786614177 1.0
87.0 0.998924983692 1.0
120.0 1.01806587665 1.0
97.0 1.0312767468 1.0
101.0 1.03731640499 1.0
22.0 1.02734609884 1.0
161.0 -0.964706821215 1.0
35.0 0.974840959696 1.0
53.0 0.944135616429 1.0
134.0 1.03957172621 1.0
38.0 1.00631199405 1.0
36.0 0.969810200318 1.0
187.0 -2.18031510259 1.0
150.0 -0.994018750946 1.0
65.0 1.00489446376 1.0
55.0 1.02810692323 1.0
163.0 -0.360244583188 1.0
object 9	1.0:1.0
145.0 2.30942417607 1.0
176.0 5.71885025836 1.0
66.0 0.962673090503 1.0
94.0 1.03026318894 1.0
26.0 1.01538954309 1.0
161.0 3.32322856729 1.0
10.0 0.991724267219 1.0
151.0 1.67174230163 1.0
177.0 8.37772326759 1.0
111.0 0.998787550749 1.0
121.0 0.978754275366 1.0
43.0 0.989153825429 1.0
17.0 0.949203912054 1.0
150.0 1.13244641675 1.0
193.0 1.7152455119 1.0
188.0 1.14302478401 1.0
163.0 2.05542791631 1.0
81.0 1.04486532814 1.0
114.0 1.00337360391 1.0
32.0 0.960103911882 1.0
59.0 0.985341987928 1.0
39.0 1.00966613744 1.0
170.0 -5.32528581997 1.0
87.0 1.01629891713 1.0
186.0 5.06954287969 1.0
72.0 0.977639710665 1.0
54.0 1.03352851721 1.0
160.0 4.66045013087 1.0
99.0 0.976082759367 1.0
142.0 1.88854723055 1.0
53.0 0.975881833492 1.0
191.0 2.57116977121 1.0
182.0 1.58203682032 1.0
102.0 0.985392814973 1.0
object 10	1.0:1.0
15.0 1.0073744812 1.0
28.0 0.999762711204 1.0
141.0 -3.4988365702 1.0
135.0 1.02347336389 1.0
12.0 1.0708440467 1.0
122.0 0.967256859593 1.0
116.0 0.983883652294 1.0
53.0 0.972473219606 1.0
88.0 0.934911501209 1.0
182.0 -0.328015349011 1.0
181.0 1.8200695065 1.0
171.0 7.55312207781 1.0
61.0 0.952267915646 1.0
134.0 1.02925062091 1.0
176.0 6.81017797369 1.0
107.0 1.00117696643 1.0
123.0 1.04036150845 1.0
186.0 5.13751692873 1.0
132.0 1.00047762612 1.0
124.0 0.977062175767 1.0
162.0 11.4258604249 1.0
174.0 -1.37049812399 1.0
173.0 -0.66071664972 1.0
48.0 0.972096310738 1.0
110.0 1.00733415537 1.0
111.0 1.01312917561 1.0
40.0 0.988516922053 1.0
184.0 -1.6436415823 1.0
129.0 1.01629735302 1.0
56.0 0.935524545355 1.0
198.0 3.67536072829 1.0
119.0 0.971337638923 1.0
object 11	1.0:1.0
175.0 -0.854341129975 1.0
154.0 3.64232465341 1.0
36.0 1.03371752079 1.0
130.0 1.01211089351 1.0
147.0 -0.462943504743 1.0
141.0 3.01090573595 1.0
90.0 0.993741240426 1.0
0.0 0.975455116203 1.0
2.0 1.0176782975 1.0
37.0 1.01160238114 1.0
102.0 1.02082268254 1.0
59.0 0.992671341259 1.0
151.0 7.0611674691 1.0
56.0 1.03270339839 1.0
61.0 1.03788195291 1.0
116.0 0.985236543356 1.0
119.0 1.00867092131 1.0
160.0 0.290865791292 1.0
20.0 0.99325161092 1.0
129.0 0.99198492447 1.0
157.0 0.135498591724 1.0
121.0 1.00148128535 1.0
193.0 2.76907210432 1.0
197.0 0.0811661315197 1.0
33.0 0.949111396916 1.0
66.0 1.10459781338 1.0
47.0 1.00047355194 1.0
78.0 0.987098295898 1.0
50.0 1.03350841585 1.0
167.0 5.07649089555 1.0
object 12	1.0:1.0
141.0 8.18355583698 1.0
74.0 1.00362442175 1.0
137.0 1.02490933212 1.0
172.0 2.15976241702 1.0
177.0 3.01127609383 1.0
126.0 1.00430139484 1.0
149.0 0.820666456723 1.0
101.0 0.981793102138 1.0
174.0 4.20749154627 1.0
158.0 -0.723333973811 1.0
79.0 1.04532201877 1.0
13.0 1.04271630201 1.0
140.0 -0.0640472355178 1.0
197.0 -2.2226910336 1.0
17.0 0.977372740491 1.0
165.0 2.24822683797 1.0
83.0 0.987884162993 1.0
181.0 1.32437523715 1.0
14.0 0.924332301821 1.0
53.0 0.847047993128 1.0
170.0 -2.79959888069 1.0
182.0 4.192991724 1.0
191.0 -0.760618329012 1.0
15.0 0.988284569004 1.0
87.0 1.03168189633 1.0
69.0 0.994870341217 1.0
object 13	1.0:1.0
6.0 0.945832326498 1.0
116.0 0.991770192958 1.0
84.0 0.985176503009 1.0
101.0 0.98278661163 1.0
71.0 0.992982485412 1.0
49.0 0.99830032588 1.0
147.0 1.82897184252 1.0
77.0 1.05403572007 1.0
129.0 0.997611353188 1.0
192.0 -6.41659885922 1.0
82.0 0.989555159234 1.0
25.0 0.980390973531 1.0
2.0 1.04736158403 1.0
191.0 0.585015258141 1.0
168.0 1.03847119815 1.0
55.0 0.997322534691 1.0
155.0 0.460753725942 1.0
185.0 -1.25755982448 1.0
164.0 1.15558512225 1.0
22.0 0.998828481719 1.0
93.0 1.00023616504 1.0
29.0 1.03326094934 1.0
33.0 0.982516939952 1.0
4.0 1.0268082465 1.0
154.0 -0.436812090826 1.0
174.0 0.309241685678 1.0
107.0 0.991918699016 1.0
142.0 0.172094835234 1.0
163.0 1.70625910001 1.0
108.0 1.00255541327 1.0
object 14	1.0:1.0
104.0 1.03437071101 1.0
39.0 0.987837449674 1.0
156.0 2.29908473843 1.0
126.0 1.01112617262 1.0
137.0 0.9608908619 1.0
158.0 -0.0986985539248 1.0
150.0 0.663624829215 1.0
177.0 0.903969162915 1.0
97.0 0.981236778746 1.0
145.0 0.933726246578 1.0
88.0 0.975304862076 1.0
8.0 1.02725632627 1.0
171.0 -1.67263980444 1.0
23.0 1.03366003066 1.0
98.0 0.926273646334 1.0
74.0 0.991511647204 1.0
58.0 0.997339814162 1.0
64.0 0.980633221595 1.0
181.0 -1.97456397896 1.0
175.0 4.75407693928 1.0
199.0 7.52475732118 1.0
190.0 2.67759755839 1.0
135.0 0.993349031652 1.0
165.0 5.81218594742 1.0
59.0 0.989459253726 1.0
7.0 0.999469036065 1.0
91.0 1.07789334059 1.0
191.0 2.98279622072 1.0
54.0 0.950968721919 1.0
96.0 0.976329337957 1.0
object 15	1.0:1.0
136.0 1.02720522961 1.0
22.0 1.03542609286 1.0
55.0 1.00141345104 1.0
105.0 1.03273885896 1.0
77.0 1.01589995466 1.0
79.0 0.976748818051 1.0
47.0 0.98719113038 1.0
1.0 1.00626373672 1.0
199.0 0.92667159941 1.0
18.0 1.02146005357 1.0
182.0 1.48255758612 1.0
165.0 2.5558857477 1.0
32.0 1.04992676019 1.0
27.0 0.986361392985 1.0
91.0 0.929040584526 1.0
102.0 1.05092042413 1.0
157.0 1.76950090652 1.0
164.0 1.40705760925 1.0
124.0 0.948559277774 1.0
45.0 1.01684493516 1.0
190.0 0.343740394795 1.0
154.0 -0.23636997426 1.0
108.0 1.01327886153 1.0
25.0 1.00205298602 1.0
17.0 1.07483179925 1.0
98.0 0.987794213689 1.0
object 16	1.0:1.0
188.0 5.94065742385 1.0
84.0 0.979691315548 1.0
182.0 1.95371100849 1.0
195.0 1.92886168615 1.0
7.0 1.06699059322 1.0
44.0 1.02331208476 1.0
149.0 2.3507081714 1.0
123.0 1.01176092696 1.0
192.0 -3.0615265799 1.0
127.0 0.957941907778 1.0
179.0 -0.240527003766 1.0
116.0 0.999082190169 1.0
35.0 1.00755318051 1.0
72.0 0.97844026775 1.0
136.0 0.988507285216 1.0
95.0 0.980499196316 1.0
45.0 1.01973502317 1.0
6.0 0.999654963294 1.0
36.0 0.960890918138 1.0
141.0 0.00934951144267 1.0
128.0 1.00289356888 1.0
39.0 0.993103697993 1.0
47.0 1.00800770738 1.0
153.0 2.55459060243 1.0
156.0 1.20677435332 1.0
176.0 7.95505206997 1.0
43.0 1.00684807869 1.0
145.0 0.295911743188 1.0
154.0 -3.29456246312 1.0
163.0 2.15905011185 1.0
81.0 1.01469488584 1.0
object 17	1.0:1.0
89.0 1.01240634009 1.0
57.0 0.990874718378 1.0
66.0 1.04058961833 1.0
156.0 1.60745942029 1.0
1.0 1.00414027987 1.0
141.0 3.1102573948 1.0
168.0 1.26313441141 1.0
61.0 1.04611957482 1.0
119.0 1.00978181251 1.0
22.0 1.0672640468 1.0
192.0 1.17600999302 1.0
84.0 0.978632513853 1.0
151.0 -1.7178701365 1.0
154.0 -1.1722270881 1.0
195.0 5.0067456718 1.0
5.0 0.9980595925 1.0
183.0 2.12013102589 1.0
73.0 0.992220962319 1.0
49.0 0.992825472387 1.0
105.0 1.01615635831 1.0
40.0 0.980791412796 1.0
88.0 1.0121437778 1.0
158.0 1.98705574044 1.0
44.0 1.02499659735 1.0
188.0 4.49044747193 1.0
166.0 -0.822118464164 1.0
133.0 1.04473257759 1.0
134.0 1.0406910716 1.0
42.0 1.04982752692 1.0
170.0 1.59463703948 1.0
172.0 2.13450319631 1.0
124.0 0.976965614778 1.0
52.0 1.04107901273 1.0
76.0 1.00694818817 1.0
191.0 2.18051458027 1.0
28.0 1.02178925122 1.0
147.0 -2.66127132011 1.0
object 18	1.0:1.0
48.0 0.981065555096 1.0
98.0 0.999368323329 1.0
20.0 0.995268935612 1.0
158.0 0.730077659267 1.0
18.0 1.03129121373 1.0
14.0 0.977935521938 1.0
142.0 2.0353875236 1.0
157.0 1.67214854653 1.0
192.0 -2.66809981027 1.0
191.0 2.59545281631 1.0
25.0 0.940585580047 1.0
42.0 0.962441062342 1.0
34.0 1.00059586883 1.0
65.0 1.03042298277 1.0
7.0 0.903266579748 1.0
41.0 1.03766543344 1.0
196.0 0.25961476926 1.0
73.0 1.02230450368 1.0
124.0 1.00075044542 1.0
97.0 0.958981093219 1.0
24.0 0.992610707212 1.0
129.0 1.00822326959 1.0
67.0 1.04657033843 1.0
159.0 0.307667518781 1.0
193.0 -3.98346254631 1.0
91.0 1.0046136552 1.0
23.0 0.991440425292 1.0
144.0 0.410376066758 1.0
139.0 0.976652948631 1.0
94.0 0.954751886739 1.0
177.0 2.03060942144 1.0
object 19	1.0:1.0
56.0 1.08654672269 1.0
39.0 0.990713897033 1.0
28.0 0.990383123687 1.0
37.0 1.02731048215 1.0
117.0 0.978555087206 1.0
161.0 2.40842188875 1.0
181.0 -0.302186503038 1.0
60.0 0.979544019051 1.0
196.0 1.42981544161 1.0
145.0 -0.842243356347 1.0
115.0 1.03041281305 1.0
194.0 1.3606631707 1.0
153.0 1.79755340001 1.0
156.0 1.28184056383 1.0
170.0 -1.13305962902 1.0
76.0 1.00118740056 1.0
20.0 1.04444741342 1.0
149.0 4.28223918241 1.0
144.0 2.83497249246 1.0
136.0 0.996530736477 1.0
104.0 0.991774068804 1.0
31.0 1.03703938767 1.0
52.0 1.04889826425 1.0
7.0 0.971742205324 1.0
51.0 1.09437362632 1.0
object 20	1.0:1.0
189.0 -1.98141252118 1.0
158.0 1.84431152862 1.0
194.0 -0.67295931649 1.0
154.0 -0.109097423194 1.0
168.0 3.75526522326 1.0
95.0 0.997053766121 1.0
119.0 0.968205539425 1.0
50.0 0.969133799328 1.0
90.0 1.08174674017 1.0
39.0 0.969022571335 1.0
14.0 0.987081271143 1.0
110.0 1.00149817211 1.0
134.0 0.968655910836 1.0
118.0 1.08904423924 1.0
196.0 0.757777731656 1.0
2.0 0.945217092647 1.0
130.0 0.953373777279 1.0
191.0 0.661253331173 1.0
170.0 -1.23389064878 1.0
23.0 1.01849904415 1.0
31.0 0.969849920898 1.0
102.0 0.978554819722 1.0
179.0 3.05406337842 1.0
106.0 1.00750635088 1.0
51.0 0.981884940833 1.0
78.0 1.01097974066 1.0
19.0 1.05491056865 1.0
20.0 1.04817465343 1.0
63.0 0.956991244903 1.0
8.0 0.980191774472 1.0
47.0 1.01049798978 1.0
186.0 5.05959694885 1.0
148.0 -0.780865411557 1.0
155.0 -2.43318804957 1.0
185.0 1.4865605447 1.0
109.0 0.991916882523 1.0
object 21	1.0:1.0
40.0 1.08154161278 1.0
191.0 -0.293083667332 1.0
26.0 1.04481188659 1.0
30.0 0.965273410768 1.0
29.0 0.942185014176 1.0
188.0 0.358936590328 1.0
108.0 0.987201995545 1.0
44.0 0.876621899308 1.0
80.0 0.974109415575 1.0
93.0 1.01617038448 1.0
47.0 0.97598637736 1.0
145.0 0.17429500622 1.0
182.0 -0.842405928024 1.0
56.0 0.980320715717 1.0
177.0 5.11758734292 1.0
169.0 -0.659648687347 1.0
173.0 1.07789160375 1.0
1.0 1.00207495969 1.0
166.0 -0.0622509969231 1.0
160.0 3.31728935862 1.0
35.0 0.999149456132 1.0
131.0 0.992658944709 1.0
111.0 0.961033737871 1.0
81.0 1.02407948154 1.0
49.0 1.02451624063 1.0
184.0 3.26898016731 1.0
95.0 1.01489475337 1.0
39.0 0.995572989309 1.0
121.0 1.01341783153 1.0
32.0 0.977647839081 1.0
106.0 1.0088101409 1.0
146.0 -0.373907154825 1.0
107.0 0.977695809167 1.0
28.0 0.98991696499 1.0
128.0 0.995072631475 1.0
object 22	1.0:1.0
48.0 0.993693992179 1.0
97.0 1.01514797462 1.0
29.0 1.03095809409 1.0
63.0 0.982995545081 1.0
51.0 0.963809418161 1.0
40.0 1.00654085745 1.0
85.0 1.01592900086 1.0
89.0 0.990007171836 1.0
37.0 0.953627878508 1.0
68.0 0.992077553257 1.0
166.0 -1.05636953317 1.0
46.0 1.01128309392 1.0
26.0 1.03043421936 1.0
112.0 0.972970022179 1.0
11.0 0.952264729203 1.0
19.0 1.05458170191 1.0
127.0 1.00075790509 1.0
96.0 1.00759535371 1.0
147.0 0.615980733629 1.0
131.0 1.01124743076 1.0
180.0 0.318876710203 1.0
123.0 0.980330581607 1.0
117.0 0.984523208191 1.0
32.0 1.03478160378 1.0
14.0 1.09383998293 1.0
49.0 1.06031035804 1.0
65.0 0.971769560926 1.0
153.0 -2.8955424927 1.0
171.0 4.14810006697 1.0
87.0 1.02829647396 1.0
55.0 0.998985352385 1.0
113.0 0.938214918306 1.0
object 23	1.0:1.0
118.0 0.914915461033 1.0
91.0 0.986259447889 1.0
19.0 1.01066527025 1.0
143.0 -0.192619750368 1.0
179.0 3.12102419758 1.0
196.0 3.26249926868 1.0
149.0 0.627976238288 1.0
109.0 1.04477064372 1.0
192.0 5.21351579535 1.0
197.0 0.677841551901 1.0
108.0 0.974807331718 1.0
113.0 1.01543398221 1.0
105.0 1.0209342384 1.0
4.0 1.01603667123 1.0
23.0 1.02037417519 1.0
167.0 -0.155855028678 1.0
39.0 1.01178826787 1.0
67.0 0.975386369266 1.0
17.0 1.03820238733 1.0
159.0 1.7705311482 1.0
171.0 -5.85747009324 1.0
163.0 1.46348248164 1.0
174.0 0.088307789694 1.0
98.0 1.02626054511 1.0
8.0 1.00171159668 1.0
117.0 1.02931016418 1.0
70.0 0.975876191931 1.0
89.0 1.03216639006 1.0
93.0 0.958628483033 1.0
object 24	1.0:1.0
55.0 0.986639640222 1.0
156.0 1.60412935324 1.0
182.0 3.38637401728 1.0
175.0 1.82328473364 1.0
66.0 0.95864954564 1.0
119.0 0.928260375052 1.0
168.0 3.5934472852 1.0
121.0 0.927907177304 1.0
102.0 1.01103034783 1.0
14.0 0.934285782849 1.0
1.0 1.01381911356 1.0
46.0 1.00029421056 1.0
118.0 0.994854291363 1.0
25.0 1.03490603854 1.0
75.0 0.956266072888 1.0
167.0 4.80576888262 1.0
84.0 1.02593806721 1.0
144.0 4.21050888922 1.0
192.0 4.79716284209 1.0
64.0 1.03379906824 1.0
166.0 -0.580534564095 1.0
object 25	1.0:1.0
141.0 6.39403335637 1.0
32.0 0.977973261459 1.0
136.0 1.02591662864 1.0
20.0 1.05248532323 1.0
83.0 0.959591664657 1.0
126.0 1.03550518233 1.0
2.0 1.0502864143 1.0
145.0 -1.36925951468 1.0
55.0 1.00160029371 1.0
163.0 0.662901808337 1.0
131.0 0.981188706541 1.0
78.0 0.958101017398 1.0
34.0 0.988393375551 1.0
175.0 1.54306781271 1.0
173.0 0.946041932692 1.0
27.0 0.920313639565 1.0
85.0 1.01944621468 1.0
39.0 1.0036902376 1.0
120.0 0.965771170559 1.0
21.0 0.946839601847 1.0
162.0 -4.33348008138 1.0
16.0 1.0077957269 1.0
178.0 -5.08476093391 1.0
63.0 0.978262925952 1.0
148.0 -1.33751344764 1.0
185.0 -1.54864701525 1.0
56.0 1.02205658781 1.0
147.0 0.0777395180348 1.0
87.0 1.00037651603 1.0
128.0 1.0141964854 1.0
79.0 0.998053087122 1.0
172.0 -0.366406776664 1.0
157.0 3.25684601336 1.0
116.0 0.99017109593 1.0
object 26	1.0:1.0
184.0 -9.69182284678 1.0
147.0 1.07016591096 1.0
105.0 0.983553727457 1.0
21.0 1.00569327077 1.0
57.0 1.02550905134 1.0
141.0 -0.37192807187 1.0
46.0 0.985073102299 1.0
26.0 0.99883857162 1.0
128.0 1.01367595467 1.0
6.0 1.06097208504 1.0
79.0 0.974406549035 1.0
196.0 0.0382591819536 1.0
179.0 2.26095065894 1.0
118.0 1.01378769695 1.0
197.0 1.65734629387 1.0
199.0 -0.977449954612 1.0
137.0 1.00127426002 1.0
182.0 3.28101028617 1.0
25.0 0.991942959832 1.0
20.0 0.997096635383 1.0
174.0 1.64174938462 1.0
63.0 0.976429334612 1.0
60.0 0.994505923511 1.0
119.0 0.990450483579 1.0
38.0 0.986248727783 1.0
35.0 0.984357859393 1.0
153.0 8.35101973317 1.0
121.0 1.01491899989 1.0
69.0 1.00051166285 1.0
29.0 1.13193138558 1.0
152.0 2.16565544956 1.0
168.0 -1.1790934494 1.0
81.0 0.971361850332 1.0
169.0 -8.57358037383 1.0
27.0 0.982745185238 1.0
96.0 1.04237408057 1.0
122.0 0.951307310905 1.0
9.0 1.01277516265 1.0
166.0 0.217407176106 1.0
object 27	1.0:1.0
40.0 0.889527814346 1.0
111.0 0.991851312845 1.0
37.0 1.02710568464 1.0
100.0 0.986835695517 1.0
66.0 1.05765803016 1.0
172.0 -0.0702253989279 1.0
47.0 1.03254498013 1.0
58.0 0.952213640728 1.0
22.0 1.04583350017 1.0
118.0 1.01158738146 1.0
54.0 1.00346737582 1.0
35.0 1.00479506455 1.0
103.0 0.974126552118 1.0
139.0 0.957677201763 1.0
182.0 1.34131478522 1.0
56.0 1.07516994568 1.0
14.0 0.987629456859 1.0
170.0 -4.30522421419 1.0
171.0 9.81555137404 1.0
91.0 0.98847942751 1.0
195.0 -1.06976851682 1.0
143.0 -0.177303528411 1.0
98.0 0.941646252637 1.0
154.0 1.07177802947 1.0
141.0 5.9168750936 1.0
64.0 0.987696412228 1.0
82.0 1.02409030433 1.0
71.0 1.00654778699 1.0
104.0 1.04428132741 1.0
36.0 0.970139019621 1.0
85.0 0.972421114481 1.0
110.0 0.990984861806 1.0
174.0 0.472250436391 1.0
object 28	1.0:1.0
31.0 1.01342586203 1.0
125.0 1.00809950407 1.0
189.0 0.868355633214 1.0
94.0 0.965839721663 1.0
190.0 0.665663610556 1.0
96.0 0.963332105244 1.0
146.0 -2.21194218384 1.0
27.0 1.01244167524 1.0
76.0 1.01919706166 1.0
9.0 1.00706739328 1.0
184.0 1.56995921676 1.0
40.0 1.01387631701 1.0
65.0 0.986655329275 1.0
128.0 1.01087792827 1.0
104.0 1.0999148373 1.0
112.0 1.021355644 1.0
25.0 0.963898628398 1.0
45.0 0.95356882022 1.0
97.0 0.961475820361 1.0
132.0 0.997491232897 1.0
170.0 3.40557402618 1.0
2.0 1.01953881785 1.0
20.0 0.931688395963 1.0
193.0 3.72492613466 1.0
168.0 -0.959107316328 1.0
147.0 2.41013993577 1.0
3.0 1.002731917 1.0
195.0 4.85392799104 1.0
181.0 -1.29709751961 1.0
83.0 1.01899883226 1.0
object 29	1.0:1.0
63.0 0.971584248393 1.0
59.0 0.975386095523 1.0
116.0 1.00515185681 1.0
14.0 0.95740238473 1.0
8.0 0.929525421295 1.0
85.0 0.970030023934 1.0
144.0 -1.79533128035 1.0
138.0 0.98339659147 1.0
23.0 0.966671270009 1.0
74.0 0.992054265532 1.0
32.0 0.969573807087 1.0
102.0 0.987356992615 1.0
34.0 1.02126861885 1.0
12.0 0.980035840722 1.0
151.0 -3.46451133565 1.0
55.0 1.01379234829 1.0
141.0 -4.23260449746 1.0
140.0 3.48229276805 1.0
139.0 0.992902688562 1.0
58.0 1.01061141328 1.0
103.0 1.03200505081 1.0
109.0 1.02485977809 1.0
11.0 1.00076625414 1.0
178.0 4.38704845373 1.0
object 30	1.0:1.0
127.0 1.04657677539 1.0
108.0 0.954104352232 1.0
103.0 1.01500145662 1.0
68.0 1.01110816488 1.0
174.0 0.949225745235 1.0
82.0 1.00074619226 1.0
198.0 3.83753359443 1.0
81.0 1.00855883318 1.0
22.0 0.984767959413 1.0
160.0 -3.34854589264 1.0
168.0 -0.0100717897751 1.0
28.0 0.998098991403 1.0
147.0 1.84290723979 1.0
111.0 1.01654648494 1.0
97.0 1.06330125916 1.0
137.0 1.00034199514 1.0
107.0 0.972948280923 1.0
141.0 -0.0383493706235 1.0
95.0 0.987136825477 1.0
110.0 1.03565186783 1.0
190.0 3.79314668246 1.0
106.0 0.980589743542 1.0
192.0 -0.203504004186 1.0
150.0 2.22349683661 1.0
153.0 4.82680963801 1.0
105.0 0.996563598826 1.0
80.0 1.01905196739 1.0
112.0 0.966837780361 1.0
136.0 1.00594795698 1.0
159.0 0.146596840171 1.0
31.0 0.947711643236 1.0
58.0 1.15450862454 1.0
4.0 0.997357951848 1.0
object 31	1.0:1.0
59.0 1.01147373633 1.0
30.0 0.974794196785 1.0
131.0 1.02606010882 1.0
52.0 1.00761081606 1.0
22.0 1.01605381052 1.0
98.0 0.990688845812 1.0
26.0 0.9917122092 1.0
172.0 3.44588982085 1.0
150.0 0.234856641339 1.0
49.0 0.984935331561 1.0
153.0 5.62254959887 1.0
190.0 0.799079943713 1.0
156.0 -0.998558702225 1.0
154.0 0.707785159804 1.0
184.0 -1.8009997517 1.0
142.0 1.94529394839 1.0
6.0 1.01766117433 1.0
133.0 0.956818235607 1.0
135.0 0.975450118388 1.0
77.0 0.994493303973 1.0
47.0 1.01135866485 1.0
18.0 1.0292218417 1.0
165.0 1.39680667332 1.0
34.0 0.972273760572 1.0
110.0 1.01635658163 1.0
141.0 2.61619951485 1.0
17.0 1.01507516833 1.0
109.0 0.986760775968 1.0
167.0 3.41198114243 1.0
78.0 1.00308316504 1.0
168.0 -0.0557614126755 1.0
194.0 0.0765716910704 1.0
7.0 1.03216517874 1.0
70.0 1.03511850548 1.0
80.0 1.01264780906 1.0
56.0 0.991676997766 1.0
118.0 1.01328345138 1.0
92.0 1.01887660654 1.0
84.0 0.951976782438 1.0
object 32	1.0:1.0
18.0 1.02599668315 1.0
111.0 1.00184120486 1.0
195.0 1.41375686748 1.0
163.0 1.47984558513 1.0
62.0 1.02488836773 1.0
10.0 1.01190939596 1.0
196.0 3.01928927825 1.0
17.0 0.993569270438 1.0
75.0 1.00010822786 1.0
170.0 -6.5169217185 1.0
108.0 0.994193543217 1.0
183.0 4.07806167283 1.0
12.0 0.962791822737 1.0
185.0 2.71459088807 1.0
26.0 1.00821359706 1.0
104.0 1.01562543923 1.0
82.0 1.0094235471 1.0
99.0 1.04275700729 1.0
123.0 0.991408882591 1.0
37.0 1.05778726335 1.0
65.0 0.997559208742 1.0
object 33	1.0:1.0
12.0 0.95677301514 1.0
161.0 -2.50159756725 1.0
121.0 1.06987597383 1.0
118.0 1.00424267481 1.0
80.0 0.998409467861 1.0
130.0 0.994075448409 1.0
11.0 1.04689273669 1.0
119.0 1.04248580021 1.0
132.0 0.982482264715 1.0
31.0 1.00644627032 1.0
9.0 0.996477504729 1.0
108.0 0.992365672222 1.0
54.0 0.983858915908 1.0
124.0 1.01706119636 1.0
25.0 0.946698257368 1.0
57.0 0.962366966455 1.0
87.0 1.01891641607 1.0
34.0 0.98670433689 1.0
55.0 1.00328251653 1.0
134.0 1.08749196261 1.0
99.0 0.991457565911 1.0
10.0 0.997044003001 1.0
66.0 0.966172104687 1.0
189.0 8.26049507346 1.0
173.0 -0.0722007009005 1.0
116.0 0.991197306574 1.0
115.0 1.00039200897 1.0
110.0 1.06655758513 1.0
object 34	1.0:1.0
37.0 1.067956224 1.0
11.0 1.01822533416 1.0
107.0 1.02044429117 1.0
91.0 0.991425671593 1.0
52.0 0.962380203147 1.0
162.0 -3.00457769807 1.0
152.0 2.3220056693 1.0
117.0 1.00757967946 1.0
130.0 0.97836052762 1.0
189.0 0.469261879599 1.0
120.0 1.03382098857 1.0
36.0 0.951099407092 1.0
7.0 0.951495480145 1.0
10.0 1.01971203809 1.0
98.0 1.0303001957 1.0
object 35	1.0:1.0
8.0 1.03953498004 1.0
155.0 -2.76388922694 1.0
27.0 0.94336866504 1.0
150.0 1.24621700392 1.0
186.0 5.75151228323 1.0
193.0 -3.64787693158 1.0
74.0 0.994028464025 1.0
111.0 0.99799507851 1.0
116.0 0.993400454076 1.0
7.0 0.89189733746 1.0
178.0 4.7938396305 1.0
52.0 1.0074691959 1.0
15.0 0.991898603456 1.0
32.0 0.953886159478 1.0
170.0 -4.25473300536 1.0
21.0 0.976026201346 1.0
183.0 -0.707158773389 1.0
96.0 1.00673263978 1.0
127.0 1.00546246477 1.0
60.0 1.00801302477 1.0
0.0 1.11385963575 1.0
98.0 1.01604275695 1.0
89.0 0.985267380632 1.0
172.0 1.89241654148 1.0
147.0 0.541870118281 1.0
63.0 1.03543304453 1.0
102.0 0.982237415321 1.0
17.0 1.03802283797 1.0
72.0 1.01723118422 1.0
57.0 1.04741314292 1.0
94.0 0.985497632907 1.0
42.0 0.959013242066 1.0
object 36	1.0:1.0
115.0 1.0295810722 1.0
125.0 0.993709348196 1.0
38.0 1.01930010639 1.0
30.0 1.02140762498 1.0
68.0 0.993155345199 1.0
99.0 1.00358151997 1.0
175.0 0.696954139854 1.0
24.0 1.06037574688 1.0
92.0 1.02640141275 1.0
107.0 0.988947952994 1.0
23.0 1.02593780997 1.0
65.0 1.02847618745 1.0
157.0 1.253885231 1.0
158.0 -0.473501384506 1.0
111.0 0.97532710888 1.0
167.0 2.12183107145 1.0
155.0 -1.01021881946 1.0
81.0 0.965720249751 1.0
62.0 1.01768389846 1.0
75.0 0.946180128263 1.0
154.0 -0.394099433624 1.0
195.0 4.28088346924 1.0
109.0 1.01354482248 1.0
179.0 10.5560289869 1.0
32.0 0.940683998806 1.0
128.0 0.998055281041 1.0
object 37	1.0:1.0
164.0 1.36728733371 1.0
84.0 0.980448592794 1.0
120.0 0.994911679702 1.0
12.0 1.04232463595 1.0
77.0 1.06088935852 1.0
123.0 0.993374060555 1.0
56.0 0.988549491795 1.0
140.0 0.821797224295 1.0
13.0 1.01054952663 1.0
55.0 0.962563742505 1.0
141.0 -5.94301359732 1.0
155.0 0.104486047859 1.0
47.0 1.03298874729 1.0
50.0 1.0002786787 1.0
15.0 0.983087115155 1.0
58.0 1.01875449561 1.0
180.0 2.80576708067 1.0
174.0 2.67752159563 1.0
60.0 0.997547759093 1.0
0.0 0.94069032302 1.0
24.0 1.03287008545 1.0
34.0 0.997411289893 1.0
68.0 1.00404999176 1.0
41.0 1.00778386116 1.0
1.0 0.997866183982 1.0
185.0 0.723357099872 1.0
object 38	1.0:1.0
46.0 1.03604124333 1.0
90.0 0.994501737602 1.0
176.0 -1.09292522827 1.0
13.0 0.981602946617 1.0
37.0 0.963785571687 1.0
146.0 -1.44508023989 1.0
144.0 4.53698975241 1.0
0.0 1.03592509588 1.0
119.0 0.997869705272 1.0
44.0 0.995801509736 1.0
50.0 1.00613943889 1.0
7.0 0.992752519696 1.0
89.0 0.998517470191 1.0
15.0 1.00834076593 1.0
141.0 -1.44839251211 1.0
17.0 0.891837989998 1.0
112.0 1.00053384977 1.0
77.0 1.00062223224 1.0
103.0 0.95491657416 1.0
140.0 2.02315667722 1.0
48.0 1.01194223587 1.0
120.0 0.973994438685 1.0
149.0 2.80685272653 1.0
object 39	1.0:1.0
113.0 0.957532781975 1.0
108.0 0.964174088766 1.0
195.0 -2.08993160986 1.0
98.0 1.00972101401 1.0
120.0 1.01623070111 1.0
17.0 1.03036630087 1.0
80.0 0.954730077653 1.0
155.0 3.88912067691 1.0
29.0 0.954424699759 1.0
104.0 0.892439056941 1.0
83.0 0.965957865174 1.0
111.0 0.983172068126 1.0
19.0 1.0274462459 1.0
38.0 0.994793019917 1.0
7.0 1.0365356151 1.0
129.0 0.997394699609 1.0
137.0 0.97028202563 1.0
174.0 2.93221828879 1.0
12.0 0.924025933178 1.0
182.0 1.10909793915 1.0
8.0 0.997232682844 1.0
50.0 1.04477877008 1.0
199.0 -1.12084852649 1.0
194.0 -0.653480428068 1.0
109.0 1.01429277793 1.0
47.0 0.996591332051 1.0
88.0 1.03044416949 1.0
44.0 0.969375361799 1.0
object 40	1.0:1.0
116.0 0.984549656643 1.0
190.0 -0.836726327051 1.0
23.0 1.03525301618 1.0
40.0 0.984321487364 1.0
139.0 0.970304262734 1.0
76.0 0.995750955507 1.0
82.0 1.01558533344 1.0
98.0 1.03364168369 1.0
54.0 1.00633166045 1.0
177.0 6.8660822368 1.0
75.0 0.960142721367 1.0
128.0 0.997245268331 1.0
15.0 1.01466708461 1.0
182.0 1.39467054602 1.0
176.0 1.75854188893 1.0
107.0 1.00973234237 1.0
69.0 1.01200352274 1.0
126.0 0.990877315127 1.0
61.0 0.985083108125 1.0
163.0 3.0723355752 1.0
21.0 0.982177487038 1.0
130.0 0.987187782727 1.0
3.0 0.991835580444 1.0
143.0 -0.905882344029 1.0
140.0 1.79672942872 1.0
78.0 1.0100629054 1.0
63.0 0.994378468657 1.0
64.0 0.966844700974 1.0
185.0 1.12202068596 1.0
18.0 1.0476201717 1.0
195.0 -5.19963730417 1.0
29.0 0.989291954804 1.0
189.0 3.90793317426 1.0
object 41	1.0:1.0
71.0 0.99410519917 1.0
188.0 -2.08173097741 1.0
182.0 3.61338843317 1.0
151.0 -7.53906764194 1.0
195.0 14.7134868181 1.0
7.0 1.0561789001 1.0
93.0 0.983535610701 1.0
169.0 11.807292496 1.0
45.0 1.01210772435 1.0
174.0 0.599302870113 1.0
125.0 1.00692814146 1.0
33.0 1.00868251889 1.0
47.0 1.02185029321 1.0
159.0 0.966052648444 1.0
81.0 1.02696515945 1.0
153.0 -2.42079002764 1.0
144.0 4.32358045683 1.0
79.0 1.00839328467 1.0
41.0 0.982717937342 1.0
190.0 1.47831726237 1.0
194.0 -0.969631228252 1.0
28.0 1.02320114484 1.0
177.0 -0.220220058176 1.0
132.0 0.98501170198 1.0
167.0 0.179178780851 1.0
50.0 1.06212862709 1.0
185.0 0.476547290128 1.0
3.0 1.02685715132 1.0
196.0 3.79131993192 1.0
92.0 0.996337588772 1.0
129.0 0.992859281243 1.0
10.0 1.02278871271 1.0
154.0 -2.35988242972 1.0
54.0 1.1068315137 1.0
67.0 1.01874703755 1.0
114.0 0.991356980452 1.0
0.0 0.983635291234 1.0
147.0 -1.32570113323 1.0
183.0 6.73706583894 1.0
74.0 0.990085724854 1.0
157.0 -3.14010134105 1.0
4.0 1.00118114831 1.0
object 42	1.0:1.0
118.0 0.892361204013 1.0
59.0 1.00444723507 1.0
144.0 -1.88529176193 1.0
16.0 1.02076461328 1.0
72.0 1.02719355589 1.0
43.0 1.00462634434 1.0
10.0 0.994462390194 1.0
26.0 1.01405497928 1.0
124.0 0.949036562216 1.0
128.0 1.01740139367 1.0
97.0 0.905206685604 1.0
87.0 1.01514823038 1.0
28.0 0.980720365945 1.0
22.0 0.989551018116 1.0
160.0 1.82812060589 1.0
175.0 1.96767730082 1.0
110.0 0.974004217613 1.0
31.0 0.960673003933 1.0
185.0 -1.13804243632 1.0
165.0 2.40896290575 1.0
89.0 0.976101038185 1.0
126.0 1.02531751171 1.0
61.0 1.06520560062 1.0
78.0 0.995802153885 1.0
178.0 4.05081996983 1.0
187.0 5.30824455853 1.0
object 43	1.0:1.0
55.0 0.979838685612 1.0
178.0 -0.910664776596 1.0
129.0 0.992220546051 1.0
143.0 -0.270844224282 1.0
183.0 3.98175270724 1.0
87.0 0.9863710257 1.0
68.0 0.99234424489 1.0
10.0 0.986543894484 1.0
122.0 1.0270409969 1.0
20.0 0.96012016818 1.0
189.0 1.45983295393 1.0
198.0 3.16488168954 1.0
47.0 1.02166256577 1.0
99.0 1.00800815801 1.0
59.0 1.00530616497 1.0
116.0 1.00258995697 1.0
127.0 0.95746594414 1.0
77.0 0.988535466182 1.0
65.0 0.905818144755 1.0
195.0 -1.96810107116 1.0
84.0 1.03819798619 1.0
119.0 0.990457043883 1.0
53.0 1.04908367704 1.0
118.0 1.05056978816 1.0
111.0 0.980024836989 1.0
102.0 0.995854373967 1.0
object 44	1.0:1.0
100.0 0.985540211664 1.0
170.0 -5.67419578253 1.0
10.0 0.985843417317 1.0
94.0 0.97962093948 1.0
123.0 1.00843982804 1.0
196.0 -2.2882504959 1.0
142.0 1.13011857247 1.0
187.0 0.31258089193 1.0
5.0 1.05367195814 1.0
64.0 1.04904748911 1.0
16.0 1.01025865627 1.0
125.0 0.997706143545 1.0
28.0 1.0096088539 1.0
17.0 1.01358963098 1.0
36.0 1.04260037234 1.0
122.0 0.935080104036 1.0
35.0 1.01736905995 1.0
167.0 3.74129737957 1.0
115.0 1.00338063235 1.0
178.0 -0.00671664252063 1.0
179.0 4.17199876788 1.0
177.0 2.77327042424 1.0
90.0 1.01889941524 1.0
object 45	1.0:1.0
107.0 0.980756478331 1.0
50.0 1.05043487419 1.0
37.0 0.997573820772 1.0
121.0 0.986102861525 1.0
10.0 1.01631678739 1.0
9.0 1.01142353282 1.0
93.0 1.01300160775 1.0
99.0 1.00460317445 1.0
65.0 0.96903930471 1.0
125.0 0.965290559687 1.0
47.0 0.954375830602 1.0
150.0 3.83365156096 1.0
122.0 1.01127910322 1.0
19.0 1.01180431449 1.0
13.0 0.990841840215 1.0
186.0 3.46615016326 1.0
41.0 1.01666269701 1.0
102.0 1.02570532734 1.0
181.0 1.02121742574 1.0
62.0 0.993231906067 1.0
29.0 1.01911628036 1.0
92.0 1.00196949943 1.0
198.0 -0.837707909574 1.0
170.0 0.193017503771 1.0
52.0 0.977516153392 1.0
40.0 1.05460918425 1.0
17.0 0.989365210238 1.0
object 46	1.0:1.0
198.0 6.11367319405 1.0
116.0 0.998612300216 1.0
108.0 0.968815342805 1.0
94.0 1.0030000613 1.0
8.0 0.993512036471 1.0
179.0 2.06498690665 1.0
177.0 -0.778191241903 1.0
158.0 -2.81662166181 1.0
35.0 0.984874761228 1.0
144.0 2.40283078069 1.0
170.0 1.40272204853 1.0
51.0 0.954238359024 1.0
19.0 1.03960152587 1.0
140.0 -0.527641012537 1.0
24.0 0.999128248045 1.0
47.0 0.983637542605 1.0
72.0 1.0330209588 1.0
20.0 1.03394571838 1.0
125.0 0.992043871733 1.0
122.0 0.999669676031 1.0
71.0 1.00479923607 1.0
171.0 2.38998688499 1.0
100.0 1.01845396812 1.0
64.0 0.95882697621 1.0
object 47	1.0:1.0
85.0 1.04762133857 1.0
48.0 0.975528260496 1.0
139.0 1.01308580341 1.0
10.0 1.00131063462 1.0
170.0 -5.60187566379 1.0
79.0 1.0633520559 1.0
80.0 1.0112130783 1.0
135.0 1.00634601073 1.0
99.0 0.997676618529 1.0
157.0 0.648607881366 1.0
192.0 9.9859878457 1.0
22.0 0.978569135787 1.0
35.0 0.997278625963 1.0
116.0 1.00769850787 1.0
36.0 1.03501764641 1.0
183.0 12.0684844418 1.0
193.0 3.0993655582 1.0
190.0 -0.138274242717 1.0
104.0 1.02431119304 1.0
77.0 0.969320905792 1.0
50.0 1.09274472304 1.0
93.0 1.05344624186 1.0
105.0 0.959506344132 1.0
25.0 0.981533732234 1.0
92.0 1.02130845636 1.0
189.0 2.19928563232 1.0
49.0 0.991483594082 1.0
103.0 0.994822662949 1.0
169.0 5.95570646366 1.0
39.0 0.941758799248 1.0
69.0 0.993088597994 1.0
114.0 1.01566634766 1.0
64.0 0.969753068656 1.0
134.0 1.00191584578 1.0
197.0 1.74022375145 1.0
object 48	1.0:1.0
65.0 1.00244904878 1.0
128.0 0.993491684049 1.0
155.0 1.61685702835 1.0
4.0 0.966535749914 1.0
113.0 1.04753890348 1.0
153.0 -0.183039471418 1.0
87.0 0.994034665626 1.0
138.0 0.984991468777 1.0
50.0 0.99722169483 1.0
39.0 1.03817789422 1.0
99.0 0.98432929945 1.0
144.0 2.96724990374 1.0
69.0 1.02358307012 1.0
115.0 0.98920534031 1.0
168.0 0.255610395609 1.0
151.0 -2.80958578033 1.0
106.0 0.983374032029 1.0
0.0 1.0356971515 1.0
175.0 -0.0448067738257 1.0
133.0 0.996559379089 1.0
17.0 0.99001077554 1.0
7.0 0.974526488967 1.0
49.0 0.998268884708 1.0
81.0 1.04995522822 1.0
102.0 0.961276462056 1.0
36.0 0.934366574265 1.0
10.0 0.999579042819 1.0
126.0 0.985196533637 1.0
111.0 1.01858771671 1.0
131.0 0.970508616798 1.0
58.0 1.01829983936 1.0
169.0 -3.99833060912 1.0
25.0 1.02401407318 1.0
23.0 0.993164216348 1.0
163.0 0.158234827538 1.0
141.0 10.0066914286 1.0
197.0 0.402973137355 1.0
174.0 0.402108576384 1.0
170.0 3.55051086512 1.0
object 49	1.0:1.0
92.0 1.02009519123 1.0
141.0 6.60964882249 1.0
144.0 0.0892662419345 1.0
193.0 -1.62544910706 1.0
79.0 0.99103816305 1.0
169.0 3.41025375609 1.0
42.0 1.02491455112 1.0
116.0 0.994624585422 1.0
196.0 1.50926500477 1.0
186.0 -1.22220188757 1.0
3.0 0.998609869798 1.0
199.0 -2.77741794044 1.0
133.0 0.965710335532 1.0
125.0 1.03546237612 1.0
167.0 8.82634720319 1.0
181.0 -0.523529252803 1.0
26.0 0.991225656249 1.0
182.0 0.0246193623601 1.0
103.0 1.00306508745 1.0
85.0 0.983958763258 1.0
84.0 0.990250193238 1.0
71.0 1.0134130937 1.0
99.0 1.0047973219 1.0
109.0 1.03833638861 1.0
191.0 -1.91076392771 1.0
162.0 -0.697917783941 1.0
43.0 1.0143971647 1.0
136.0 1.00747878209 1.0
9.0 0.969532106739 1.0
48.0 1.01042083899 1.0
96.0 1.04678128876 1.0
146.0 4.70841793619 1.0
47.0 1.01208650443 1.0
172.0 1.68811262645 1.0
60.0 0.996642836976 1.0
object 50	1.0:0.5 0.0189306923962:0.5
155.0 3.68325967371 0.0
125.0 0.994559400772 0.0
91.0 0.972808605547 0.0
35.0 0.969960729189 0.0
90.0 1.01468807744 0.0
24.0 -0.0155131574626 1.0
77.0 1.05911077295 0.0
121.0 1.00465303149 0.0
102.0 0.0405316824301 1.0
7.0 -0.000502482582556 1.0
37.0 0.00856532430038 1.0
197.0 -1.53817032278 1.0
187.0 -0.429439410993 0.0
167.0 -0.525970025944 1.0
71.0 1.04566332536 0.0
192.0 3.04081590394 1.0
179.0 2.14738450443 0.0
47.0 0.0832980164921 1.0
124.0 0.939460722816 0.0
188.0 -2.907639147 0.0
56.0 0.0383161523855 1.0
199.0 0.556010056095 0.0
196.0 -3.11921264545 1.0
152.0 3.36668707623 0.0
147.0 -1.6911670793 1.0
6.0 1.01441917691 0.0
39.0 1.0365757611 0.0
133.0 -0.00278572971354 1.0
40.0 1.07775720134 0.0
14.0 0.993404158488 0.0
194.0 6.39136908645 1.0
79.0 0.0406197027649 1.0
72.0 0.995573148295 0.0
59.0 -0.00943852931349 1.0
object 51	1.0:0.5 -11.9428477181:0.5
114.0 -11.9494787479 1.0
127.0 0.946380964576 0.0
181.0 -9.56485106886 1.0
48.0 -11.8931607748 1.0
65.0 0.855434925736 0.0
21.0 1.02710734112 0.0
190.0 -2.63953686117 0.0
61.0 0.967195374981 0.0
149.0 1.1155863699 0.0
152.0 2.68534070486 0.0
31.0 0.926439856229 0.0
196.0 -6.98113016119 1.0
81.0 -11.9591770591 1.0
40.0 0.993991380221 0.0
51.0 -11.9514517343 1.0
26.0 -11.9213069058 1.0
126.0 -11.9456367122 1.0
3.0 0.93381760585 0.0
171.0 7.31649682899 0.0
146.0 -9.25927559721 1.0
103.0 -12.0579096796 1.0
35.0 1.06761067461 0.0
183.0 -10.1579395185 1.0
11.0 -11.9001130516 1.0
16.0 0.984385590855 0.0
object 52	1.0:0.5 -8.31798635101:0.5
124.0 -8.24176633852 1.0
107.0 1.02452813066 0.0
51.0 -8.2842055449 1.0
17.0 0.835693864335 0.0
101.0 -8.35076174626 1.0
46.0 1.14189960021 0.0
25.0 -8.34017646537 1.0
84.0 -8.25723316308 1.0
88.0 -8.2833987576 1.0
111.0 0.984271439496 0.0
150.0 -8.16113122117 1.0
73.0 0.95934517335 0.0
30.0 -8.35613931667 1.0
7.0 1.01333280665 0.0
11.0 -8.33161049068 1.0
108.0 -8.32498188562 1.0
55.0 -8.31216391352 1.0
95.0 1.02295566058 0.0
89.0 -8.37108172021 1.0
184.0 0.739656148016 0.0
178.0 -5.35980695491 1.0
187.0 -7.9727578557 1.0
158.0 -7.06854012873 1.0
34.0 0.992045393948 0.0
152.0 -14.9971340473 1.0
object 53	1.0:0.5 -7.795176402:0.5
190.0 -9.02367837398 1.0
23.0 1.02255422754 0.0
194.0 -1.4606277454 0.0
4.0 0.943236359595 0.0
123.0 1.00791660254 0.0
132.0 1.01903867921 0.0
84.0 -7.77973245228 1.0
152.0 0.461736392337 0.0
107.0 -7.7699644275 1.0
140.0 -3.1504061589 1.0
135.0 -7.76836410659 1.0
129.0 0.992237304309 0.0
59.0 -7.75181173429 1.0
64.0 0.984142428273 0.0
103.0 -7.69125309433 1.0
10.0 -7.7301538693 1.0
58.0 -7.78717777024 1.0
68.0 0.953681735486 0.0
74.0 0.919952511178 0.0
36.0 0.966247027985 0.0
189.0 0.212088704153 0.0
45.0 -7.85701339731 1.0
14.0 0.979773969461 0.0
53.0 -7.86862512346 1.0
63.0 -7.85270125695 1.0
54.0 -7.86065284001 1.0
27.0 1.04781293241 0.0
109.0 -7.85143908043 1.0
130.0 1.03063109281 0.0
127.0 0.998084162257 0.0
142.0 3.6152412299 0.0
72.0 -7.73817035584 1.0
8.0 -7.76499451363 1.0
111.0 1.09844322045 0.0
object 54	1.0:0.5 -1.39000652846:0.5
13.0 0.991599132486 0.0
193.0 -1.72390875733 1.0
14.0 1.00959474069 0.0
153.0 -7.76965415038 1.0
27.0 -1.42681972779 1.0
0.0 -1.41815301299 1.0
134.0 0.963760557048 0.0
1.0 -1.37532652618 1.0
61.0 0.902252834492 0.0
38.0 1.02744624384 0.0
160.0 2.13623049898 1.0
96.0 1.05840416516 0.0
182.0 3.17703947719 0.0
31.0 -1.4037614402 1.0
180.0 -2.86784693618 1.0
71.0 -1.3003424776 1.0
136.0 0.951636219063 0.0
5.0 1.03063110883 0.0
22.0 0.942962974595 0.0
17.0 -1.44591769324 1.0
36.0 1.06772094458 0.0
177.0 -2.50906975822 0.0
75.0 0.973626971924 0.0
34.0 -1.36449802785 1.0
object 55	1.0:0.5 -10.4388374793:0.5
63.0 -10.396794804 1.0
135.0 -10.3857884205 1.0
74.0 -10.4094465517 1.0
88.0 -10.4839012186 1.0
191.0 -0.593054277187 0.0
177.0 -0.452308971885 0.0
61.0 -10.4326194298 1.0
137.0 -10.5312055836 1.0
124.0 1.01944110591 0.0
9.0 0.921994230778 0.0
133.0 -10.4687747993 1.0
4.0 -10.4325470884 1.0
164.0 -12.1736597016 1.0
102.0 1.08880440001 0.0
141.0 -10.2823183813 1.0
101.0 0.944647812729 0.0
127.0 1.03540837056 0.0
44.0 -10.3872435017 1.0
21.0 1.08602349544 0.0
34.0 -10.3841107416 1.0
35.0 0.955575861893 0.0
106.0 -10.3877424355 1.0
51.0 -10.4931946429 1.0
58.0 0.900112423695 0.0
69.0 0.90257443934 0.0
13.0 1.00476458518 0.0
166.0 -6.49672453863 1.0
66.0 1.08871218344 0.0
105.0 -10.4254046209 1.0
38.0 -10.5222535906 1.0
154.0 -12.6085286094 1.0
40.0 1.07027047308 0.0
174.0 -15.3191161339 1.0
81.0 -10.4185976292 1.0
23.0 -10.3377325623 1.0
116.0 -10.4600517384 1.0
99.0 -10.407247014 1.0
193.0 -4.93220142594 0.0
118.0 -10.4142017419 1.0
175.0 -1.14806105096 0.0
object 56	1.0:0.5 -11.9114310396:0.5
134.0 -11.9579902714 1.0
18.0 1.06015593918 0.0
97.0 1.11864573018 0.0
195.0 -11.3115139085 1.0
26.0 0.983917047838 0.0
60.0 -11.9035022603 1.0
74.0 0.99771890222 0.0
152.0 1.16950233669 0.0
32.0 0.995665404427 0.0
3.0 -11.9111390614 1.0
163.0 -3.39192264099 1.0
53.0 1.03775521192 0.0
63.0 -11.8919661034 1.0
36.0 1.01921452541 0.0
87.0 0.958781872835 0.0
130.0 1.07791251013 0.0
107.0 1.08642306599 0.0
131.0 -11.9248846782 1.0
49.0 -11.8469979829 1.0
156.0 0.109106896183 0.0
102.0 1.04546416289 0.0
6.0 1.04904432025 0.0
127.0 1.01444164538 0.0
object 57	1.0:0.5 1.45875374747:0.5
95.0 1.40077218718 1.0
189.0 2.57260907175 0.0
77.0 1.05576517118 0.0
66.0 1.10926061917 0.0
183.0 4.17901632862 0.0
116.0 1.0062330522 0.0
109.0 1.50938164696 1.0
154.0 3.18199398643 1.0
16.0 1.31206518334 1.0
196.0 -3.75485062741 1.0
8.0 1.0621033413 0.0
68.0 0.993503227799 0.0
21.0 1.39762904307 1.0
56.0 1.47827853984 1.0
122.0 0.997649182846 0.0
87.0 0.97462637493 0.0
131.0 1.5097287993 1.0
129.0 1.47545928322 1.0
78.0 0.944686257262 0.0
176.0 0.756446038446 1.0
99.0 1.11220007598 0.0
29.0 1.0662196134 0.0
117.0 1.01196945857 0.0
74.0 1.05381865672 0.0
59.0 1.50500997322 1.0
79.0 1.42246544635 1.0
32.0 1.03850325551 0.0
144.0 1.99221427033 0.0
147.0 3.13586133422 0.0
170.0 -1.40247482289 0.0
3.0 1.4454832149 1.0
0.0 0.92872444336 0.0
object 58	1.0:0.5 -5.7973504864:0.5
124.0 1.01707115409 0.0
120.0 -5.841407877 1.0
181.0 -5.82604186902 0.0
142.0 1.70079833459 1.0
16.0 -5.87001805342 1.0
26.0 1.03897509828 0.0
105.0 1.00119136739 0.0
15.0 -5.78908665284 1.0
101.0 1.03179794573 0.0
177.0 0.320113428211 0.0
73.0 -5.81957576711 1.0
13.0 -5.73684035087 1.0
99.0 -5.84040561773 1.0
34.0 -5.84686796653 1.0
39.0 -5.78651107531 1.0
127.0 1.01756798957 0.0
19.0 1.00429470877 0.0
160.0 -1.59457311703 1.0
23.0 0.959597260664 0.0
2.0 -5.74525476436 1.0
165.0 5.52798101959 1.0
123.0 -5.82363596642 1.0
107.0 1.03839615441 0.0
11.0 0.948595269128 0.0
179.0 -3.48053192993 0.0
112.0 -5.76412031354 1.0
71.0 -5.78609218918 1.0
128.0 0.921111149253 0.0
158.0 -4.39663875263 1.0
106.0 1.01904574432 0.0
1.0 1.05040848442 0.0
152.0 -8.88533848025 1.0
146.0 -4.26011963683 1.0
41.0 -5.77585263633 1.0
object 59	1.0:0.5 -10.4620417783:0.5
64.0 1.03374363104 0.0
177.0 -9.77154874878 1.0
13.0 0.969837249964 0.0
61.0 0.97301340764 0.0
14.0 -10.4138014982 1.0
73.0 0.972321645604 0.0
59.0 -10.4729907211 1.0
175.0 0.812829538196 0.0
43.0 1.00917073727 0.0
184.0 2.90519508021 0.0
57.0 0.964338045481 0.0
78.0 -10.4280917698 1.0
198.0 -0.0322741125885 0.0
52.0 -10.3806137889 1.0
181.0 -9.1540181756 1.0
38.0 -10.3920083456 1.0
189.0 1.14653459585 0.0
121.0 1.05408836231 0.0
180.0 -14.4018778403 1.0
116.0 -10.5320183087 1.0
35.0 -10.4058053821 1.0
12.0 1.02768315082 0.0
50.0 -10.490401474 1.0
178.0 -12.0483886205 1.0
186.0 0.467649309081 0.0
140.0 -5.17947612814 0.0
92.0 0.990596141634 0.0
29.0 1.0601597332 0.0
54.0 -10.4589407797 1.0
155.0 5.82300347742 0.0
123.0 -10.5273823146 1.0
object 60	1.0:0.5 -6.23546818768:0.5
22.0 -6.20479237833 1.0
167.0 -7.90517815199 1.0
48.0 -6.23264202795 1.0
32.0 -6.32169099315 1.0
198.0 2.56068128949 0.0
90.0 1.06477567664 0.0
43.0 -6.14805342766 1.0
76.0 -6.23153940786 1.0
137.0 0.988803006114 0.0
78.0 0.875719442009 0.0
30.0 0.955527934299 0.0
70.0 1.06158208351 0.0
128.0 -6.25156550762 1.0
149.0 2.61235518452 0.0
188.0 1.27649507333 0.0
13.0 0.955276517275 0.0
1.0 -6.22416297456 1.0
40.0 -6.23987394415 1.0
79.0 1.04523034765 0.0
174.0 2.16270086553 0.0
164.0 -0.560114419886 0.0
156.0 2.00667784148 0.0
71.0 0.969263719838 0.0
60.0 -6.25554502177 1.0
134.0 1.00814962332 0.0
36.0 -6.21477580286 1.0
175.0 2.12946105686 0.0
67.0 0.986889501176 0.0
184.0 -0.151193942978 0.0
39.0 1.08728372017 0.0
84.0 0.966430506233 0.0
148.0 -0.427771477946 0.0
110.0 -6.25852898835 1.0
119.0 1.05547999607 0.0
object 61	1.0:0.5 5.98817710845:0.5
97.0 6.03495534814 1.0
112.0 0.891558142469 0.0
119.0 5.96105261822 1.0
47.0 1.00224818123 0.0
182.0 7.28363171545 1.0
133.0 0.978010866914 0.0
137.0 0.965042583374 0.0
195.0 5.74458588669 1.0
132.0 5.94712562992 1.0
19.0 0.931181352051 0.0
114.0 5.98554806173 1.0
148.0 -1.17014590236 0.0
196.0 -5.04327874171 0.0
124.0 6.03682256887 1.0
84.0 6.01435210176 1.0
177.0 6.68869862533 1.0
52.0 0.966993978968 0.0
189.0 1.68562391571 0.0
62.0 0.984174928653 0.0
74.0 5.89756027434 1.0
199.0 3.51413849472 1.0
82.0 1.02839225082 0.0
102.0 1.03002344187 0.0
109.0 1.05432597389 0.0
37.0 0.911027965359 0.0
80.0 5.99458054639 1.0
122.0 6.00216487758 1.0
33.0 1.07765699498 0.0
70.0 0.943487403138 0.0
23.0 1.00396063056 0.0
99.0 1.02147093408 0.0
188.0 10.6518735183 1.0
43.0 1.01506905252 0.0
36.0 1.03068171605 0.0
object 62	1.0:0.5 -3.02348251969:0.5
94.0 -2.97687422223 1.0
71.0 1.03087827431 0.0
160.0 -5.91931807749 1.0
3.0 1.02898341668 0.0
198.0 -0.376311767382 0.0
127.0 1.00554336655 0.0
57.0 -3.02613415362 1.0
135.0 0.925050774339 0.0
95.0 1.04220417054 0.0
12.0 -2.99644684758 1.0
194.0 -4.42192124901 1.0
54.0 -3.10905471489 1.0
140.0 -2.64577587062 0.0
179.0 3.43385419517 0.0
19.0 -3.09804340917 1.0
92.0 -3.01123584549 1.0
91.0 -3.06676928491 1.0
76.0 1.00362556544 0.0
143.0 -2.56140287895 1.0
79.0 0.974005107101 0.0
90.0 1.04074903807 0.0
152.0 -4.71416544248 1.0
97.0 1.02003584762 0.0
151.0 4.8312633897 1.0
159.0 -0.836756504396 1.0
131.0 -3.04870005571 1.0
70.0 -3.06403994648 1.0
119.0 1.01932232409 0.0
object 63	1.0:0.5 3.14143292844:0.5
112.0 0.962817874798 0.0
128.0 3.20539293924 1.0
54.0 0.951632000019 0.0
137.0 1.03413506369 0.0
194.0 0.966712380904 1.0
97.0 3.13950933792 1.0
141.0 2.70556852897 1.0
120.0 3.11295651087 1.0
41.0 3.17465649477 1.0
100.0 0.997693007359 0.0
45.0 3.13500341117 1.0
42.0 3.15172260856 1.0
118.0 0.979402442605 0.0
143.0 4.08631728852 0.0
161.0 -3.0980909514 0.0
172.0 2.78918604612 1.0
98.0 3.09289802385 1.0
114.0 1.03549503008 0.0
55.0 1.0439891369 0.0
68.0 3.14487695458 1.0
73.0 0.917478590755 0.0
104.0 3.16117352577 1.0
197.0 4.53096111147 0.0
140.0 -2.94106904922 1.0
27.0 3.09015567091 1.0
153.0 -9.53729232064 0.0
24.0 1.08920656489 0.0
111.0 1.10337403328 0.0
57.0 0.941523672847 0.0
25.0 0.93387401698 0.0
39.0 1.00778714616 0.0
77.0 3.09318378382 1.0
59.0 1.10208447677 0.0
121.0 3.07290290462 1.0
142.0 0.433426913297 1.0
object 64	1.0:0.5 0.312182399501:0.5
136.0 1.10987790261 0.0
111.0 0.303972230104 1.0
132.0 0.44240172561 1.0
5.0 0.330167501018 1.0
125.0 0.939578010317 0.0
158.0 -0.151187586175 1.0
84.0 0.980809256972 0.0
82.0 0.301973992629 1.0
160.0 1.84547898888 0.0
139.0 1.01376584325 0.0
184.0 0.621945581541 0.0
143.0 -0.491939890766 0.0
89.0 0.975086743839 0.0
183.0 3.65138091551 0.0
102.0 0.980809097434 0.0
129.0 0.397044929492 1.0
69.0 0.37213708737 1.0
13.0 0.24914122189 1.0
121.0 0.983859915275 0.0
58.0 0.293375508271 1.0
65.0 1.01721862036 0.0
167.0 -6.23084816801 1.0
8.0 0.272531212381 1.0
83.0 1.02520224075 0.0
182.0 3.93518118887 0.0
71.0 0.367545600188 1.0
34.0 0.853192503361 0.0
60.0 1.01597637181 0.0
73.0 0.31823229291 1.0
193.0 -0.962077828709 1.0
126.0 0.386578020087 1.0
197.0 -0.130175351882 1.0
object 65	1.0:0.5 20.2848879358:0.5
178.0 23.5860991712 1.0
107.0 0.992757163101 0.0
102.0 1.04295213956 0.0
30.0 20.2855089658 1.0
114.0 20.3028547092 1.0
92.0 20.2626023055 1.0
28.0 20.324191884 1.0
185.0 -2.65256187663 0.0
172.0 0.380496165176 0.0
183.0 6.19521502524 0.0
50.0 20.3528514454 1.0
144.0 3.01518724413 0.0
125.0 0.949274034911 0.0
187.0 20.6372607641 1.0
135.0 1.0655380136 0.0
21.0 0.972675241553 0.0
161.0 20.4368781039 1.0
61.0 20.2328745769 1.0
117.0 1.12812851109 0.0
118.0 0.957059312335 0.0
13.0 1.04782039249 0.0
46.0 1.0021788996 0.0
167.0 0.36064384063 0.0
96.0 0.921627133135 0.0
27.0 1.06192399913 0.0
0.0 0.998105407138 0.0
74.0 0.949717980831 0.0
131.0 0.988226049071 0.0
35.0 20.2425826729 1.0
67.0 0.954822873966 0.0
object 66	1.0:0.5 -8.08732675881:0.5
44.0 -8.07117833021 1.0
89.0 -8.1184988747 1.0
192.0 -0.82614055779 0.0
2.0 -8.05313130353 1.0
113.0 1.00682791135 0.0
111.0 -8.04616456413 1.0
150.0 1.51845329146 0.0
53.0 1.00117560906 0.0
126.0 -8.05810783531 1.0
65.0 -8.09487510337 1.0
112.0 0.973022833904 0.0
105.0 -8.09683491722 1.0
54.0 0.974803590287 0.0
13.0 0.938042073069 0.0
184.0 1.63865725018 0.0
195.0 4.22644852015 0.0
151.0 -5.56882537426 0.0
76.0 -8.12903308775 1.0
8.0 -8.05460914742 1.0
104.0 1.02441092097 0.0
37.0 0.995768409785 0.0
96.0 -8.12486948365 1.0
171.0 7.08537900616 0.0
51.0 0.971768980533 0.0
84.0 1.03274173178 0.0
70.0 0.977745222307 0.0
190.0 -11.8702955521 1.0
186.0 1.39424236817 1.0
11.0 -8.17952897207 1.0
178.0 0.406733729583 0.0
40.0 0.966515478225 0.0
162.0 -9.68648618479 1.0
9.0 -8.08371154182 1.0
176.0 -0.472228605482 0.0
25.0 -8.08178976633 1.0
56.0 0.972800190495 0.0
object 67	1.0:0.5 -2.45270858557:0.5
121.0 1.01407714842 0.0
167.0 3.37774124185 0.0
6.0 0.986335786073 0.0
158.0 -2.01462705874 1.0
11.0 1.00495128695 0.0
54.0 1.0087427028 0.0
2.0 1.00961819292 0.0
87.0 -2.43841879896 1.0
22.0 -2.37023742056 1.0
43.0 -2.44533614193 1.0
12.0 0.998709323323 0.0
184.0 -3.16127922458 1.0
145.0 3.67320960295 0.0
94.0 1.02146607402 0.0
173.0 -4.39930367377 0.0
27.0 1.01675587826 0.0
154.0 -3.53204308871 1.0
42.0 1.02382520818 0.0
163.0 -5.11596930369 1.0
190.0 0.577467515642 0.0
47.0 -2.37984722136 1.0
67.0 1.05492889752 0.0
175.0 2.58411129624 0.0
21.0 -2.49155454788 1.0
180.0 -6.67457379899 1.0
143.0 2.20545945709 0.0
34.0 -2.41905357783 1.0
155.0 -3.65948808109 0.0
72.0 1.01236503202 0.0
171.0 -3.2003965177 0.0
object 68	1.0:0.5 -3.91625230922:0.5
33.0 -3.88970329617 1.0
30.0 -3.83457449637 1.0
43.0 0.968377983366 0.0
38.0 0.99064339308 0.0
172.0 -5.87401275138 1.0
155.0 -2.01829122238 0.0
7.0 -3.93219863833 1.0
74.0 1.07362912499 0.0
153.0 -3.65222801681 1.0
97.0 -3.95395307433 1.0
46.0 0.957737105669 0.0
163.0 7.60802944298 0.0
123.0 1.10625554398 0.0
75.0 1.03790335549 0.0
147.0 -4.42030454024 1.0
14.0 0.9332489413 0.0
133.0 0.934133930245 0.0
141.0 -0.396428397498 1.0
object 69	1.0:0.5 -9.72362080913:0.5
1.0 1.01880731273 0.0
80.0 -9.6619581899 1.0
6.0 1.05066910202 0.0
19.0 -9.66750515838 1.0
102.0 -9.73369399832 1.0
94.0 -9.74001331758 1.0
84.0 -9.68602057612 1.0
146.0 -13.2910271893 1.0
173.0 1.93698106525 0.0
49.0 0.97198476576 0.0
90.0 -9.7527735018 1.0
88.0 0.981808722138 0.0
0.0 -9.69845213477 1.0
128.0 -9.75755108936 1.0
45.0 -9.59276413866 1.0
137.0 0.964116640644 0.0
115.0 1.06428034752 0.0
107.0 1.06262338078 0.0
163.0 -14.829282301 1.0
148.0 3.50445038051 0.0
5.0 0.915670616699 0.0
35.0 0.921463459417 0.0
157.0 1.8254504182 0.0
54.0 1.05419701253 0.0
174.0 -12.8603440921 1.0
93.0 -9.75555559714 1.0
object 70	1.0:0.5 -3.02172833781:0.5
30.0 -3.04603774601 1.0
123.0 1.02973590961 0.0
107.0 -3.00142026217 1.0
194.0 4.02692081594 1.0
42.0 1.0065819367 0.0
55.0 -3.05075466407 1.0
19.0 0.924243344816 0.0
81.0 -3.02772302642 1.0
80.0 -2.97744764681 1.0
56.0 0.960483404949 0.0
83.0 -2.90800997994 1.0
16.0 1.01192865924 0.0
121.0 -2.98091971391 1.0
173.0 -2.20204309185 1.0
25.0 -3.0879308163 1.0
71.0 0.999325697909 0.0
3.0 1.03603326388 0.0
190.0 2.70335262408 0.0
77.0 1.02989270324 0.0
168.0 -3.08576628935 1.0
134.0 -2.98364132675 1.0
192.0 3.7046053033 1.0
178.0 2.86462893804 0.0
136.0 -3.04390326411 1.0
0.0 0.998357253778 0.0
108.0 1.00187250688 0.0
152.0 1.76910011803 0.0
50.0 1.02245333455 0.0
65.0 -3.00513764484 1.0
197.0 8.19149217999 0.0
70.0 1.03525190617 0.0
188.0 0.464764763078 1.0
object 71	1.0:0.5 2.22033180776:0.5
4.0 0.941623785099 0.0
154.0 3.2171535986 1.0
93.0 2.24853232762 1.0
106.0 1.01201930906 0.0
19.0 2.15895651497 1.0
134.0 2.22542599159 1.0
119.0 0.962368252906 0.0
143.0 1.70147501006 0.0
59.0 2.14052635032 1.0
163.0 10.2384295905 1.0
30.0 2.15156698131 1.0
169.0 2.83476316625 0.0
64.0 1.0115532451 0.0
195.0 -0.226340221292 0.0
9.0 2.20213112583 1.0
20.0 2.15483258848 1.0
24.0 0.934450670476 0.0
51.0 1.02762245908 0.0
129.0 2.27005243529 1.0
7.0 2.29119973087 1.0
132.0 0.978784109049 0.0
123.0 1.06316138625 0.0
180.0 1.8131355771 0.0
54.0 2.18568052367 1.0
153.0 10.0913267404 0.0
186.0 2.30683328185 1.0
object 72	1.0:0.5 9.81298553396:0.5
37.0 1.06519128466 0.0
19.0 0.88760112402 0.0
176.0 13.6167894988 1.0
83.0 0.960733713211 0.0
35.0 0.996661269337 0.0
12.0 0.972262614276 0.0
3.0 1.0160912522 0.0
124.0 9.79038588287 1.0
92.0 9.80696883384 1.0
171.0 -0.538227010244 0.0
177.0 8.52968179425 1.0
142.0 6.40012561299 0.0
175.0 1.57191225887 0.0
191.0 7.33382269065 1.0
7.0 9.77366189705 1.0
27.0 0.979373963133 0.0
26.0 9.75149595071 1.0
127.0 9.83883743119 1.0
145.0 -1.32930391415 0.0
169.0 2.3583342586 0.0
70.0 1.02790868406 0.0
129.0 0.896925862997 0.0
85.0 9.78581446736 1.0
43.0 1.09732489514 0.0
8.0 9.80885765239 1.0
60.0 9.78377610611 1.0
109.0 1.0540191295 0.0
56.0 1.09980634742 0.0
150.0 -2.1520100977 0.0
151.0 9.02005242457 1.0
193.0 4.01452044075 0.0
194.0 15.6032063733 1.0
93.0 9.79256610357 1.0
28.0 1.0043877945 0.0
object 73	1.0:0.5 10.5737900954:0.5
141.0 -0.237858094111 0.0
125.0 10.502932318 1.0
140.0 5.62055593712 0.0
172.0 -0.139226766326 0.0
109.0 10.5746432966 1.0
190.0 7.22985798147 1.0
69.0 1.08303947272 0.0
34.0 10.5645058829 1.0
5.0 1.03148524828 0.0
118.0 10.57140106 1.0
51.0 10.5480540838 1.0
129.0 1.01183287852 0.0
126.0 0.978794197932 0.0
153.0 16.5840338547 1.0
131.0 0.934583777395 0.0
14.0 1.06300113256 0.0
100.0 0.997288702793 0.0
142.0 15.8865416972 1.0
43.0 0.997664166268 0.0
92.0 10.5848576178 1.0
169.0 -7.38760542857 0.0
146.0 9.92142280422 1.0
89.0 1.10191007115 0.0
160.0 9.89620953916 1.0
171.0 14.218208221 1.0
object 74	1.0:0.5 -1.54400176249:0.5
199.0 -2.9255985855 0.0
1.0 -1.55464059485 1.0
38.0 -1.55989064218 1.0
127.0 -1.59750740828 1.0
48.0 -1.54775180001 1.0
151.0 -0.876140735003 1.0
152.0 4.93336484663 0.0
179.0 0.687806515923 0.0
94.0 -1.50221370864 1.0
24.0 -1.64138768851 1.0
81.0 -1.51099482937 1.0
130.0 -1.53015475849 1.0
96.0 -1.56776063637 1.0
69.0 -1.54449673538 1.0
178.0 -8.76128949139 1.0
43.0 -1.4862458733 1.0
21.0 -1.53464253965 1.0
125.0 0.897474806518 0.0
39.0 -1.56603404355 1.0
150.0 2.71126161636 0.0
60.0 0.987615326199 0.0
object 75	1.0:0.5 -16.3072364095:0.5
175.0 -0.00269857336567 0.0
67.0 -16.2730725503 1.0
66.0 1.00149738048 0.0
137.0 1.10514165253 0.0
134.0 -16.3673407184 1.0
44.0 1.05051891001 0.0
118.0 0.967184600143 0.0
114.0 1.1155512954 0.0
101.0 -16.2928875502 1.0
57.0 1.01514145441 0.0
9.0 -16.2569912115 1.0
21.0 -16.3001853675 1.0
109.0 -16.3281635771 1.0
45.0 -16.3393422599 1.0
112.0 0.993264106199 0.0
156.0 -0.152216477452 0.0
157.0 -0.701676754852 0.0
58.0 1.1027829974 0.0
41.0 0.968860483369 0.0
62.0 -16.3368790991 1.0
174.0 -7.0138797022 0.0
181.0 -18.903895829 1.0
4.0 -16.2563218539 1.0
155.0 -11.0579902102 1.0
128.0 -16.1972533666 1.0
95.0 0.942714910064 0.0
12.0 1.03473930579 0.0
107.0 1.0753159019 0.0
153.0 -16.4745096616 1.0
77.0 -16.2607343875 1.0
71.0 0.982038965594 0.0
124.0 0.981484513891 0.0
145.0 -18.0527410478 1.0
96.0 0.980682458421 0.0
object 76	1.0:0.5 -20.2538391571:0.5
26.0 -20.2084526072 1.0
105.0 -20.3016381966 1.0
141.0 -19.7958824235 1.0
124.0 -20.2610194263 1.0
112.0 0.954114543479 0.0
104.0 -20.2396414561 1.0
129.0 -20.3553306286 1.0
87.0 1.06777411243 0.0
145.0 2.22710295933 0.0
100.0 0.951830409771 0.0
154.0 2.43663094522 0.0
73.0 1.03290098289 0.0
138.0 1.0338936528 0.0
153.0 -7.28807236171 0.0
93.0 1.0040638835 0.0
32.0 -20.2870431746 1.0
146.0 -4.35741433796 0.0
132.0 0.913533488222 0.0
136.0 0.930048813606 0.0
161.0 -3.03898930522 0.0
120.0 -20.302760391 1.0
128.0 1.04723452171 0.0
97.0 -20.2173137059 1.0
46.0 1.02516502899 0.0
43.0 0.935645217356 0.0
171.0 1.70552353096 0.0
39.0 -20.20650557 1.0
178.0 2.32305177073 0.0
148.0 -19.3843675834 1.0
21.0 1.00219504014 0.0
75.0 1.014312855 0.0
152.0 3.95626187082 0.0
object 77	1.0:0.5 3.84830642766:0.5
189.0 3.72295009614 1.0
30.0 3.88131235767 1.0
156.0 -0.460173290512 1.0
181.0 1.41894757459 0.0
60.0 1.06832778474 0.0
197.0 5.13693266736 1.0
27.0 3.93683775317 1.0
80.0 1.04328653602 0.0
132.0 1.00463392914 0.0
41.0 3.86535490819 1.0
40.0 1.0676099103 0.0
44.0 0.999728981488 0.0
148.0 0.631219998908 0.0
81.0 0.994180637165 0.0
37.0 3.90014959244 1.0
173.0 3.3256489595 1.0
3.0 0.992680841212 0.0
42.0 3.79472118846 1.0
129.0 0.915313870172 0.0
115.0 0.981718545416 0.0
107.0 1.02055338293 0.0
113.0 0.99838215342 0.0
120.0 0.939745713546 0.0
128.0 3.89559780677 1.0
110.0 1.04178325306 0.0
20.0 3.85780388815 1.0
194.0 2.02487394866 0.0
16.0 0.955887998693 0.0
object 78	1.0:0.5 10.9136902457:0.5
55.0 10.9019069298 1.0
177.0 17.0198767619 1.0
28.0 10.9302495705 1.0
143.0 10.3627863802 1.0
196.0 4.38997957478 1.0
74.0 10.9325950462 1.0
70.0 10.9478159936 1.0
103.0 1.01513930634 0.0
101.0 10.9289989673 1.0
58.0 10.8682056779 1.0
127.0 10.9055888175 1.0
114.0 10.9238758566 1.0
160.0 10.8199827976 1.0
199.0 0.727203300073 0.0
182.0 0.476485347064 0.0
14.0 10.7460007019 1.0
39.0 0.920897124352 0.0
150.0 9.19554388529 1.0
187.0 10.8940007978 1.0
153.0 0.25294369872 0.0
171.0 15.1744713982 1.0
54.0 1.04928984094 0.0
0.0 10.8489059657 1.0
158.0 -1.69402660164 0.0
53.0 10.893249099 1.0
194.0 -1.13729414033 0.0
object 79	1.0:0.5 -1.2667250715:0.5
32.0 -1.30225992611 1.0
113.0 0.986774420263 0.0
170.0 3.631461889 0.0
65.0 -1.28697408452 1.0
66.0 0.897650738599 0.0
158.0 0.868994112811 0.0
177.0 0.323203516866 0.0
24.0 -1.24084410544 1.0
41.0 -1.23312083018 1.0
157.0 -1.77223519221 1.0
93.0 1.04515870845 0.0
127.0 1.09255889063 0.0
18.0 0.984030209841 0.0
187.0 -0.34565181517 1.0
190.0 1.20176715548 0.0
39.0 0.90600083979 0.0
107.0 -1.28309392281 1.0
22.0 0.917811610734 0.0
67.0 0.958359139097 0.0
54.0 -1.23599409045 1.0
197.0 0.140482876688 0.0
28.0 1.01313276337 0.0
134.0 -1.22797684342 1.0
53.0 -1.2666313622 1.0
145.0 -3.74160881768 1.0
75.0 -1.2348742497 1.0
60.0 1.04725903662 0.0
object 80	1.0:0.5 -1.11679066945:0.5
5.0 -1.11613704707 1.0
168.0 -2.93507759319 1.0
100.0 0.961005275902 0.0
169.0 -6.3319271378 0.0
2.0 -1.27847966249 1.0
147.0 0.166581267341 0.0
50.0 1.00479908162 0.0
178.0 -2.99994930345 0.0
93.0 1.0000233869 0.0
118.0 -1.13539844015 1.0
37.0 -1.09566521752 1.0
27.0 1.017527828 0.0
113.0 0.841496734174 0.0
173.0 -2.78449038542 1.0
51.0 -1.21244592681 1.0
190.0 -0.0821376417154 1.0
140.0 1.31231245459 1.0
180.0 -2.24427685113 1.0
61.0 1.02689141952 0.0
182.0 -2.85450447931 1.0
161.0 0.114589259823 0.0
24.0 0.934994996226 0.0
99.0 -1.06901577007 1.0
22.0 -1.05799131286 1.0
7.0 1.13435570532 0.0
172.0 1.95065808202 0.0
98.0 1.06535819506 0.0
49.0 -1.05441041103 1.0
165.0 5.08378343893 1.0
15.0 1.00260684478 0.0
116.0 -1.05241267758 1.0
88.0 -1.13102773074 1.0
object 81	1.0:0.5 11.768767387:0.5
58.0 11.8020461021 1.0
49.0 11.8357040192 1.0
14.0 11.7205405578 1.0
116.0 11.7759334064 1.0
124.0 1.00799658237 0.0
41.0 11.7742372148 1.0
159.0 -0.494473202407 0.0
102.0 1.00570114342 0.0
98.0 11.7803675811 1.0
125.0 1.05259047009 0.0
85.0 11.7763997064 1.0
185.0 7.3642765482 1.0
23.0 1.08122189856 0.0
130.0 0.891656986391 0.0
72.0 1.00415739309 0.0
3.0 0.968280297267 0.0
87.0 11.7238118653 1.0
5.0 0.950248762394 0.0
177.0 -3.15383758677 0.0
117.0 1.0078335162 0.0
88.0 0.974047883673 0.0
7.0 0.952670038614 0.0
73.0 11.747503395 1.0
10.0 11.7410230837 1.0
45.0 1.0129821073 0.0
8.0 0.994510156649 0.0
152.0 -2.50474967961 0.0
92.0 1.01672863637 0.0
151.0 19.5397875846 1.0
178.0 -0.588932899423 0.0
93.0 11.8500896022 1.0
86.0 11.7471866977 1.0
191.0 9.03189163978 1.0
46.0 11.7706712233 1.0
44.0 11.728617311 1.0
4.0 11.7648196692 1.0
123.0 11.7889869543 1.0
108.0 11.7531843199 1.0
object 82	1.0:0.5 -3.73104444323:0.5
28.0 -3.69750050971 1.0
175.0 2.03269746417 0.0
197.0 -7.95082982702 1.0
8.0 -3.7697328082 1.0
113.0 0.953567660278 0.0
131.0 1.03406494092 0.0
110.0 1.04897137943 0.0
72.0 -3.73845907506 1.0
43.0 0.933894570055 0.0
124.0 -3.72639164336 1.0
166.0 -1.85356908116 0.0
195.0 -9.36024558163 1.0
50.0 1.00766604717 0.0
173.0 -6.44510784754 1.0
155.0 5.49934055471 0.0
44.0 -3.64691990844 1.0
162.0 -2.62560502294 0.0
26.0 0.9731602554 0.0
122.0 -3.75012677576 1.0
53.0 1.02386259405 0.0
127.0 -3.71921871813 1.0
172.0 -3.10077245143 1.0
71.0 -3.63772149956 1.0
135.0 0.993479033611 0.0
58.0 -3.70613324946 1.0
61.0 -3.70129422295 1.0
31.0 0.970799769938 0.0
92.0 -3.67687265076 1.0
20.0 -3.75777962656 1.0
46.0 -3.76244853759 1.0
115.0 -3.75108404332 1.0
146.0 3.73054277043 1.0
134.0 0.956726528581 0.0
36.0 1.09316626449 0.0
object 83	1.0:0.5 -5.89808761723:0.5
47.0 -5.78956900298 1.0
36.0 -5.88412841801 1.0
107.0 -5.87707209572 1.0
91.0 -5.92687364883 1.0
189.0 3.50593952231 0.0
23.0 -5.87497818901 1.0
64.0 -5.96236540978 1.0
15.0 0.967470529299 0.0
114.0 -5.94130514082 1.0
168.0 2.47564865313 0.0
46.0 -5.91391665133 1.0
11.0 -5.80087034491 1.0
28.0 -5.97426305366 1.0
165.0 7.46975066614 0.0
155.0 -5.37905261727 1.0
175.0 2.75593138211 0.0
152.0 -13.3399349597 1.0
40.0 -5.80818428783 1.0
143.0 -4.19477280051 1.0
33.0 0.947313265979 0.0
67.0 -5.90885155652 1.0
167.0 -1.45392260733 0.0
172.0 0.25769098053 0.0
171.0 -6.4883593194 1.0
88.0 -5.89163060832 1.0
146.0 0.190048888251 0.0
117.0 0.993570443851 0.0
116.0 -6.00389825524 1.0
180.0 -5.27043554954 1.0
150.0 -6.35699151696 1.0
63.0 -5.90632862493 1.0
26.0 -5.84318632931 1.0
16.0 0.972137818154 0.0
object 84	1.0:0.5 -7.06922046375:0.5
41.0 -7.12040549697 1.0
81.0 0.987707796195 0.0
148.0 -8.57845739995 1.0
92.0 -7.10851070482 1.0
35.0 1.07254893256 0.0
60.0 -7.01935237391 1.0
137.0 -7.08116993322 1.0
51.0 -7.0898921591 1.0
157.0 2.83559845307 0.0
96.0 1.01623836959 0.0
32.0 0.926997098039 0.0
196.0 -12.6967709631 1.0
23.0 0.961555366058 0.0
17.0 -6.98904217178 1.0
2.0 1.0406413007 0.0
6.0 -7.07150661737 1.0
182.0 -10.3112682445 1.0
97.0 -7.16171714826 1.0
94.0 -7.02631671397 1.0
184.0 1.04783936377 0.0
83.0 1.04704581851 0.0
1.0 -7.15089495099 1.0
172.0 -9.349133068 1.0
44.0 0.904421564802 0.0
22.0 -7.03099996661 1.0
128.0 -7.12889234284 1.0
125.0 1.00011732129 0.0
150.0 -8.77109541514 1.0
123.0 -7.09820145358 1.0
61.0 1.0457759282 0.0
130.0 0.9946863048 0.0
object 85	1.0:0.5 23.6669451577:0.5
188.0 23.8838990801 1.0
37.0 23.7521739294 1.0
29.0 23.63640229 1.0
16.0 1.02871020527 0.0
103.0 23.6729322778 1.0
85.0 0.994914188997 0.0
95.0 23.6778194705 1.0
121.0 23.6320980156 1.0
39.0 23.5677507819 1.0
142.0 2.27435782382 0.0
65.0 23.6840217934 1.0
9.0 23.6189859511 1.0
91.0 23.6223480636 1.0
118.0 0.954542653298 0.0
198.0 2.97107087421 0.0
49.0 23.6828803679 1.0
177.0 9.21096200018 0.0
62.0 0.945056939625 0.0
13.0 0.932022692605 0.0
131.0 1.02875983641 0.0
43.0 1.07878441358 0.0
125.0 0.988196226068 0.0
84.0 1.00754298542 0.0
137.0 0.969516596542 0.0
83.0 23.7162916765 1.0
120.0 23.7031227167 1.0
15.0 23.6104337656 1.0
object 86	1.0:0.5 -9.10306969171:0.5
163.0 -4.68885521845 1.0
120.0 -9.13588113067 1.0
136.0 -9.1780718715 1.0
72.0 1.05728325265 0.0
11.0 -9.1451016225 1.0
55.0 -9.09535029635 1.0
195.0 -9.18686842931 1.0
101.0 0.997760601622 0.0
126.0 0.857381748025 0.0
135.0 -9.01467837971 1.0
16.0 1.02935672738 0.0
170.0 -10.1350415793 1.0
137.0 -9.12317057663 1.0
41.0 -9.07316804978 1.0
110.0 -9.16070260868 1.0
141.0 2.00245459901 0.0
89.0 1.08568233852 0.0
173.0 -4.5593216474 0.0
92.0 -9.18338213858 1.0
103.0 -9.05982220526 1.0
191.0 -8.9897714283 1.0
151.0 5.29567680352 0.0
object 87	1.0:0.5 -7.27924697479:0.5
187.0 1.5363966798 0.0
154.0 0.609361965296 0.0
150.0 -1.50866459645 0.0
72.0 1.02680929715 0.0
199.0 -3.87217520601 1.0
96.0 -7.23123149748 1.0
168.0 -8.21494095233 1.0
145.0 -9.95307253211 1.0
1.0 -7.24101529434 1.0
90.0 0.933416420448 0.0
36.0 -7.36170679869 1.0
121.0 0.94909542929 0.0
29.0 0.95008062508 0.0
39.0 1.02275070024 0.0
133.0 -7.30783324954 1.0
0.0 0.948116940349 0.0
194.0 6.10731806508 0.0
24.0 0.935760137371 0.0
144.0 -2.43456378182 1.0
13.0 0.998967092314 0.0
101.0 -7.37533732449 1.0
124.0 -7.36591326531 1.0
9.0 0.919747738337 0.0
59.0 -7.20277607272 1.0
148.0 2.45446519483 0.0
100.0 -7.30951339444 1.0
44.0 1.05022774723 0.0
181.0 -4.92224128756 1.0
7.0 -7.2278617313 1.0
134.0 -7.23817746094 1.0
163.0 11.8468618274 0.0
63.0 -7.30199934691 1.0
22.0 -7.25840510326 1.0
85.0 -7.29703478325 1.0
135.0 -7.21281457841 1.0
91.0 0.968296723218 0.0
45.0 -7.27948795043 1.0
15.0 -7.34987707618 1.0
105.0 0.993612274498 0.0
160.0 0.20273317041 1.0
179.0 3.4373456811 0.0
157.0 -6.57754794284 1.0
10.0 1.03983168813 0.0
object 88	1.0:0.5 -7.21760014647:0.5
174.0 -14.6318463584 1.0
13.0 1.04989095616 0.0
77.0 0.954980753817 0.0
7.0 0.932082381322 0.0
127.0 0.934954592167 0.0
36.0 -7.2456588229 1.0
23.0 -7.19347190034 1.0
70.0 -7.25700327966 1.0
16.0 1.03349992199 0.0
81.0 -7.31881917349 1.0
155.0 -1.02297973497 0.0
105.0 0.922060891604 0.0
24.0 -7.21199087085 1.0
40.0 -7.24147263371 1.0
56.0 0.993599673777 0.0
122.0 1.01542449312 0.0
147.0 -0.619264377265 0.0
21.0 1.05762813089 0.0
154.0 1.4042016988 0.0
189.0 -6.6306609905 1.0
166.0 -12.0515094617 1.0
141.0 -6.20069415274 1.0
190.0 -8.53768844393 1.0
109.0 -7.17243221738 1.0
156.0 -7.16246627199 1.0
169.0 -0.979843523804 0.0
14.0 -7.1424733648 1.0
1.0 -7.16954257214 1.0
8.0 0.992839961834 0.0
121.0 1.03703682502 0.0
140.0 2.88385964873 0.0
94.0 -7.31962655552 1.0
199.0 2.62247302784 0.0
2.0 -7.25719447215 1.0
object 89	1.0:0.5 -3.13439953349:0.5
65.0 -3.20483463603 1.0
145.0 -1.09900498453 0.0
30.0 -3.09413481877 1.0
35.0 0.93202148305 0.0
40.0 -3.1853829145 1.0
150.0 -4.41076798632 1.0
132.0 1.04579944946 0.0
113.0 -3.0934673826 1.0
42.0 -3.10353658824 1.0
44.0 -3.19423859233 1.0
3.0 1.02326149359 0.0
46.0 0.96052825 0.0
85.0 1.00626522425 0.0
94.0 -3.13956628969 1.0
100.0 -3.1536044537 1.0
123.0 1.01322606869 0.0
92.0 0.933088430115 0.0
105.0 0.980203812793 0.0
192.0 3.28239301668 0.0
45.0 -3.10112084817 1.0
23.0 0.997190962065 0.0
174.0 -2.59469642523 1.0
133.0 -3.18533889623 1.0
102.0 -3.06236343152 1.0
1.0 1.0618302663 0.0
95.0 -3.177808299 1.0
29.0 0.929664509911 0.0
116.0 0.953340243446 0.0
5.0 -3.04740066563 1.0
130.0 0.869628262502 0.0
162.0 5.55131867482 0.0
96.0 -3.14636714998 1.0
50.0 0.97001897157 0.0
185.0 -4.77323273342 0.0
119.0 0.994132368126 0.0
object 90	1.0:0.5 10.394281843:0.5
198.0 7.7467181901 1.0
106.0 0.959548073453 0.0
164.0 8.64255157259 1.0
194.0 0.660218335526 0.0
5.0 10.4367482164 1.0
91.0 10.2917291132 1.0
28.0 10.4309974308 1.0
1.0 10.3337855483 1.0
165.0 10.3273283851 1.0
67.0 0.944790576788 0.0
39.0 10.3340840453 1.0
143.0 11.6476388895 1.0
134.0 10.4104696401 1.0
139.0 1.0154250223 0.0
199.0 2.62018213701 0.0
193.0 8.43722736713 1.0
117.0 1.00424543207 0.0
15.0 10.3348975325 1.0
75.0 0.955515071214 0.0
150.0 -1.2521175608 0.0
88.0 1.05855339323 0.0
71.0 0.975553323652 0.0
187.0 10.5222142715 1.0
179.0 -2.01820858624 0.0
92.0 0.984006573065 0.0
160.0 3.24860101901 0.0
118.0 10.437261064 1.0
108.0 1.05827699388 0.0
object 91	1.0:0.5 12.7149834214:0.5
3.0 12.7858197868 1.0
112.0 12.7478167781 1.0
11.0 0.927794990853 0.0
132.0 12.7015179896 1.0
22.0 0.979322225083 0.0
182.0 -2.41178605413 0.0
100.0 1.02295803597 0.0
110.0 1.01649712315 0.0
192.0 13.3854267482 1.0
61.0 12.6720526761 1.0
99.0 12.6530552828 1.0
168.0 12.3727387704 1.0
175.0 12.1726879857 1.0
82.0 0.979114744386 0.0
162.0 -1.51219663985 0.0
159.0 16.1223830965 1.0
80.0 12.717256503 1.0
176.0 3.75689427339 0.0
70.0 12.7106194377 1.0
24.0 1.07378947632 0.0
153.0 14.700326218 1.0
89.0 1.04667571201 0.0
137.0 1.02415677615 0.0
83.0 0.98397791188 0.0
186.0 12.3248843513 1.0
130.0 12.7306823757 1.0
174.0 2.60067865244 0.0
52.0 12.6888101687 1.0
60.0 1.00035966594 0.0
134.0 0.981005541136 0.0
152.0 13.1108528266 1.0
81.0 0.997603213492 0.0
66.0 0.966627485148 0.0
object 92	1.0:0.5 -4.51706526236:0.5
193.0 -6.99079904973 1.0
42.0 1.01907449843 0.0
162.0 -8.68141573262 1.0
132.0 0.935068994577 0.0
101.0 -4.4640180057 1.0
179.0 -4.87536523364 1.0
174.0 -2.42872790926 0.0
112.0 1.0374548908 0.0
110.0 1.13254432554 0.0
194.0 -2.94836410533 1.0
96.0 0.885191080654 0.0
141.0 3.79150757703 0.0
68.0 -4.47071328198 1.0
122.0 1.00240695348 0.0
164.0 -5.10207523887 1.0
70.0 -4.52840249006 1.0
186.0 12.3007661225 0.0
28.0 -4.59455351814 1.0
12.0 -4.62459404108 1.0
184.0 -5.64390833417 1.0
154.0 -3.28612352867 1.0
199.0 -6.80419407941 1.0
98.0 -4.50465827928 1.0
10.0 -4.41615495773 1.0
126.0 -4.51161406523 1.0
object 93	1.0:0.5 0.802880153081:0.5
188.0 -0.156665795487 1.0
133.0 0.735184079852 1.0
87.0 0.807022794431 1.0
15.0 0.767130324487 1.0
33.0 0.948126510068 0.0
165.0 4.13057667064 0.0
27.0 1.02208033802 0.0
31.0 0.94702162118 0.0
90.0 0.692561695717 1.0
195.0 -2.50096064614 1.0
49.0 0.869281277056 1.0
58.0 1.00754238912 0.0
153.0 2.83678003161 0.0
139.0 1.05862912145 0.0
175.0 -1.08061266799 1.0
26.0 0.932697728964 0.0
190.0 -0.213574651127 1.0
55.0 0.947464888568 0.0
159.0 0.250966477535 1.0
71.0 0.840620531514 1.0
143.0 1.99994228038 1.0
21.0 0.905954353124 1.0
11.0 0.968118661347 0.0
134.0 0.753282463436 1.0
128.0 0.74173140093 1.0
16.0 0.776893718958 1.0
65.0 0.947895786964 0.0
50.0 0.791486065624 1.0
object 94	1.0:0.5 9.05097396748:0.5
64.0 9.13924028776 1.0
62.0 9.02256364324 1.0
125.0 9.12202240997 1.0
153.0 0.434963672152 0.0
120.0 1.04576812843 0.0
5.0 9.09462503555 1.0
65.0 9.03066201519 1.0
6.0 8.96386910433 1.0
75.0 8.94627387125 1.0
154.0 1.92977617529 0.0
182.0 0.534103690654 0.0
66.0 9.06950965026 1.0
119.0 0.961943252394 0.0
191.0 7.81070571549 1.0
186.0 -5.25156585855 0.0
46.0 0.948088292479 0.0
9.0 9.08173684093 1.0
144.0 13.9524651976 1.0
1.0 8.96467625344 1.0
142.0 18.4911622931 1.0
36.0 0.974264398353 0.0
161.0 -0.777182200803 0.0
128.0 0.943430274965 0.0
163.0 13.7725989319 1.0
2.0 0.929200635516 0.0
93.0 9.12381356176 1.0
162.0 -1.29621090978 0.0
100.0 9.02828850332 1.0
167.0 -0.422948927165 0.0
177.0 -2.19893297274 0.0
113.0 0.922872146564 0.0
101.0 8.98633578446 1.0
105.0 1.0022092263 0.0
object 95	1.0:0.5 15.9298164866:0.5
127.0 1.00163263075 0.0
125.0 15.9168884167 1.0
81.0 15.8725018219 1.0
179.0 12.7115825495 1.0
160.0 1.2571714306 0.0
105.0 15.875360939 1.0
145.0 -0.921378542363 0.0
2.0 1.01575078441 0.0
146.0 13.7172933227 1.0
119.0 0.972109224246 0.0
38.0 15.9810787682 1.0
162.0 14.8467507952 1.0
11.0 15.8459315173 1.0
66.0 15.9827346702 1.0
185.0 20.6529207922 1.0
33.0 15.9615372367 1.0
101.0 1.04956078842 0.0
129.0 15.9085971083 1.0
74.0 15.8495963688 1.0
104.0 15.9361158312 1.0
83.0 1.03379315004 0.0
123.0 0.988896714157 0.0
167.0 12.4264917264 1.0
58.0 15.9440994324 1.0
132.0 15.9185914146 1.0
108.0 15.9710665827 1.0
34.0 1.0372104465 0.0
143.0 14.1509952673 1.0
109.0 1.0523626265 0.0
61.0 15.9390900952 1.0
22.0 15.9372632668 1.0
134.0 1.02066631853 0.0
24.0 1.07334548513 0.0
42.0 1.06611368557 0.0
122.0 15.8994327256 1.0
object 96	1.0:0.5 16.1071084935:0.5
32.0 1.01175962912 0.0
142.0 20.6837299648 1.0
8.0 1.03846265938 0.0
133.0 16.0338569295 1.0
84.0 16.0945610653 1.0
29.0 0.99929852534 0.0
63.0 16.085261273 1.0
57.0 16.0296937061 1.0
116.0 1.01939357273 0.0
43.0 1.01158302345 0.0
54.0 16.1150097205 1.0
41.0 16.1191610186 1.0
145.0 -0.610472832934 0.0
125.0 0.954771265337 0.0
147.0 2.33509594018 0.0
19.0 0.926938757905 0.0
129.0 0.943410740759 0.0
154.0 1.38337284582 0.0
185.0 17.5539752132 1.0
80.0 16.0835515565 1.0
64.0 16.0723155923 1.0
26.0 1.0037090247 0.0
42.0 0.913718475977 0.0
177.0 5.70733382427 0.0
91.0 0.885211543257 0.0
object 97	1.0:0.5 0.815132574401:0.5
188.0 -0.274875455449 1.0
185.0 -1.7076707286 0.0
23.0 0.992378275424 0.0
115.0 0.838528046059 1.0
186.0 1.79874351054 0.0
59.0 1.05648213716 0.0
55.0 0.963387421365 0.0
120.0 0.742600159952 1.0
101.0 0.842982248118 1.0
46.0 1.07268173435 0.0
123.0 0.662322351393 1.0
64.0 1.00530001913 0.0
119.0 1.13251366991 0.0
124.0 0.959493563512 0.0
60.0 0.954275697484 0.0
20.0 0.811547181336 1.0
150.0 -1.20613485719 0.0
11.0 0.997044843533 0.0
191.0 -2.42918121386 0.0
176.0 1.68199549776 0.0
6.0 1.05550787394 0.0
object 98	1.0:0.5 -10.2883362467:0.5
3.0 -10.3542928898 1.0
66.0 -10.3331220819 1.0
140.0 -5.1179865363 0.0
59.0 -10.2083836139 1.0
192.0 -17.0498563573 1.0
187.0 0.874155813566 0.0
44.0 0.95775250507 0.0
165.0 -4.86481245048 0.0
166.0 -7.10358494049 1.0
79.0 -10.1482009354 1.0
186.0 -2.58030403477 0.0
81.0 1.02363743622 0.0
141.0 1.28501344698 0.0
103.0 -10.2936194723 1.0
73.0 -10.3081363349 1.0
129.0 0.978555383069 0.0
114.0 1.04743162423 0.0
133.0 0.959775861718 0.0
50.0 1.0013265474 0.0
54.0 -10.203313135 1.0
34.0 -10.2617554628 1.0
29.0 -10.2244313201 1.0
111.0 0.914932582671 0.0
70.0 1.02772839172 0.0
135.0 0.899068208389 0.0
175.0 0.606471265336 0.0
7.0 -10.449818111 1.0
object 99	1.0:0.5 8.3983641394:0.5
0.0 8.43855873043 1.0
76.0 1.03145535936 0.0
180.0 8.49791475295 1.0
86.0 1.04163975491 0.0
48.0 8.45409798355 1.0
6.0 0.941957509322 0.0
13.0 1.04777687586 0.0
23.0 1.01901762367 0.0
35.0 8.33367225314 1.0
38.0 1.0270285227 0.0
97.0 8.39265797057 1.0
109.0 8.29841689126 1.0
75.0 1.00168135764 0.0
177.0 11.0931147085 1.0
135.0 0.982093158031 0.0
55.0 8.40073268191 1.0
119.0 8.37084891377 1.0
12.0 0.969235436871 0.0
181.0 4.98208440629 0.0
49.0 0.962132685136 0.0
64.0 8.36131858047 1.0
94.0 1.06068672802 0.0
175.0 0.158222067421 0.0
5.0 8.42212150784 1.0
39.0 8.31573873255 1.0
90.0 0.865594165278 0.0
125.0 8.3965775763 1.0
