object 0	1.0:1.0
101.0 0.993368839774 1.0
49.0 0.989845356805 1.0
151.0 0.992992026738 1.0
object 1	1.0:1.0
86.0 1.02890314606 1.0
170.0 -2.77750267433 1.0
11.0 0.981501348274 1.0
144.0 1.01431616596 1.0
object 2	1.0:1.0
156.0 0.953616060821 1.0
33.0 0.970759598737 1.0
17.0 1.03368280568 1.0
object 3	1.0:1.0
131.0 1.03311512046 1.0
174.0 0.222371832025 1.0
object 4	1.0:1.0
98.0 0.976104573005 1.0
121.0 0.994733686168 1.0
object 5	1.0:1.0
61.0 1.00521796611 1.0
135.0 1.03399786427 1.0
183.0 1.3644872454 1.0
object 6	1.0:1.0
121.0 0.983150126164 1.0
28.0 0.984115600083 1.0
89.0 0.993842389093 1.0
object 7	1.0:1.0
181.0 5.11663105255 1.0
95.0 1.0184477154 1.0
190.0 3.62295003724 1.0
object 8	1.0:1.0
60.0 0.997812784345 1.0
12.0 1.01361574288 1.0
168.0 -0.675277419615 1.0
object 9	1.0:1.0
69.0 1.06635152184 1.0
54.0 1.00730997327 1.0
117.0 0.981962170742 1.0
object 10	1.0:1.0
45.0 1.01762659241 1.0
38.0 0.96616430425 1.0
object 11	1.0:1.0
8.0 1.05247077504 1.0
9.0 0.997521278224 1.0
object 12	1.0:1.0
164.0 -2.39279397879 1.0
70.0 0.938929683249 1.0
109.0 0.960815559851 1.0
90.0 0.928625148189 1.0
object 13	1.0:1.0
179.0 -1.1372764443 1.0
45.0 0.99627499761 1.0
103.0 1.01163467086 1.0
object 14	1.0:1.0
173.0 1.4141456122 1.0
24.0 1.00652950182 1.0
11.0 0.967714032701 1.0
174.0 0.837710283142 1.0
object 15	1.0:1.0
46.0 0.96236823751 1.0
152.0 1.02497936951 1.0
151.0 0.966024334214 1.0
object 16	1.0:1.0
33.0 0.987744481087 1.0
170.0 2.45895011334 1.0
28.0 1.01386170035 1.0
107.0 0.92687102891 1.0
object 17	1.0:1.0
166.0 10.0368896816 1.0
38.0 0.949670706884 1.0
object 18	1.0:1.0
6.0 0.942881926503 1.0
69.0 0.939782201781 1.0
object 19	1.0:1.0
13.0 1.02213586615 1.0
10.0 1.037192474 1.0
object 20	1.0:1.0
197.0 5.92446388251 1.0
133.0 1.0130385423 1.0
object 21	1.0:1.0
140.0 0.924660599049 1.0
66.0 0.985285446818 1.0
object 22	1.0:1.0
195.0 -9.35644963536 1.0
68.0 1.0059483572 1.0
object 23	1.0:1.0
0.0 1.01759232702 1.0
27.0 0.983974550219 1.0
object 24	1.0:1.0
116.0 1.09563048435 1.0
2.0 1.00651969364 1.0
67.0 0.99519134757 1.0
object 25	1.0:1.0
189.0 3.56643077017 1.0
149.0 0.977665533672 1.0
object 26	1.0:1.0
35.0 0.994809038552 1.0
0.0 0.971123724261 1.0
75.0 0.955524071504 1.0
199.0 4.97145546456 1.0
184.0 4.35672287982 1.0
object 27	1.0:1.0
146.0 0.99900018675 1.0
142.0 0.986461287077 1.0
object 28	1.0:1.0
149.0 0.988745512349 1.0
74.0 1.01484661343 1.0
136.0 0.998332354239 1.0
object 29	1.0:1.0
20.0 0.965688602374 1.0
80.0 0.970157153626 1.0
object 30	1.0:1.0
138.0 1.00232118054 1.0
178.0 -2.06317865285 1.0
object 31	1.0:1.0
50.0 0.939797027868 1.0
134.0 1.01591654425 1.0
object 32	1.0:1.0
90.0 1.05032768113 1.0
39.0 0.967877293967 1.0
45.0 0.95355603129 1.0
84.0 1.0619465641 1.0
134.0 0.986625965141 1.0
120.0 1.03848453471 1.0
object 33	1.0:1.0
153.0 1.02758691236 1.0
173.0 3.2383277021 1.0
30.0 1.02071027673 1.0
object 34	1.0:1.0
135.0 1.01837727654 1.0
29.0 1.02789226338 1.0
object 35	1.0:1.0
8.0 0.968159969939 1.0
143.0 1.02632002627 1.0
73.0 1.02975557427 1.0
58.0 0.969105845352 1.0
63.0 1.07001257731 1.0
80.0 1.00538817165 1.0
object 36	1.0:1.0
20.0 1.02779305098 1.0
164.0 3.77187088383 1.0
object 37	1.0:1.0
187.0 0.957532220016 1.0
64.0 0.952853580468 1.0
object 38	1.0:1.0
102.0 1.01311263942 1.0
104.0 1.02082805521 1.0
object 39	1.0:1.0
56.0 0.978545004916 1.0
195.0 2.62488084923 1.0
object 40	1.0:1.0
181.0 9.58020888546 1.0
103.0 0.984556851556 1.0
157.0 0.995877724784 1.0
176.0 1.70714540914 1.0
object 41	1.0:1.0
178.0 6.64220521871 1.0
77.0 0.976900207625 1.0
object 42	1.0:1.0
101.0 0.940506293811 1.0
61.0 1.01448838085 1.0
37.0 0.994535592052 1.0
object 43	1.0:1.0
197.0 0.892622369933 1.0
31.0 0.95331482189 1.0
182.0 2.80915381844 1.0
10.0 0.962971525134 1.0
object 44	1.0:1.0
8.0 1.01666354574 1.0
122.0 1.01389438265 1.0
119.0 0.974937630977 1.0
object 45	1.0:1.0
13.0 1.0203925307 1.0
147.0 1.00648161959 1.0
2.0 0.991099402838 1.0
object 46	1.0:1.0
61.0 0.984525559478 1.0
39.0 1.04396734234 1.0
object 47	1.0:1.0
85.0 0.956947818666 1.0
23.0 1.00486187824 1.0
object 48	1.0:1.0
158.0 0.962212243605 1.0
64.0 0.986307522093 1.0
174.0 6.66174653607 1.0
112.0 1.01360932315 1.0
12.0 1.00906870651 1.0
object 49	1.0:1.0
104.0 0.971935562496 1.0
16.0 1.02798895747 1.0
163.0 -0.733670521346 1.0
object 50	1.0:1.0
32.0 0.987250141042 1.0
165.0 -7.74536883567 1.0
object 51	1.0:1.0
140.0 1.00500073118 1.0
194.0 0.980656780615 1.0
object 52	1.0:1.0
64.0 1.01841923129 1.0
8.0 1.03035450501 1.0
143.0 0.985299232093 1.0
108.0 1.00288764073 1.0
object 53	1.0:1.0
25.0 0.967846320224 1.0
134.0 0.995377488593 1.0
object 54	1.0:1.0
197.0 7.6557079163 1.0
102.0 0.950445719781 1.0
72.0 1.01309878435 1.0
47.0 0.940571679302 1.0
object 55	1.0:1.0
153.0 0.941728429634 1.0
29.0 0.998553396668 1.0
192.0 -3.87764748834 1.0
14.0 0.971211912438 1.0
55.0 1.04973202499 1.0
object 56	1.0:1.0
134.0 0.963237966893 1.0
149.0 0.977485673432 1.0
object 57	1.0:1.0
59.0 1.02952103341 1.0
144.0 1.00979093956 1.0
35.0 1.01039550112 1.0
object 58	1.0:1.0
104.0 0.972785357394 1.0
30.0 0.987510079365 1.0
object 59	1.0:1.0
105.0 0.993955714728 1.0
186.0 4.78586422444 1.0
object 60	1.0:1.0
18.0 0.970792111564 1.0
170.0 -2.62844612328 1.0
object 61	1.0:1.0
183.0 -6.43875441044 1.0
152.0 0.993108364863 1.0
187.0 3.02366762596 1.0
21.0 1.0045284015 1.0
object 62	1.0:1.0
89.0 0.957714297451 1.0
109.0 0.987770972389 1.0
object 63	1.0:1.0
131.0 1.01847379402 1.0
78.0 1.01997163164 1.0
154.0 1.07071582901 1.0
object 64	1.0:1.0
50.0 1.03053606017 1.0
20.0 0.988210300656 1.0
object 65	1.0:1.0
154.0 0.970529718872 1.0
121.0 0.940045988242 1.0
object 66	1.0:1.0
158.0 1.09502348809 1.0
193.0 0.364630932581 1.0
124.0 1.03903867105 1.0
object 67	1.0:1.0
96.0 1.00217130193 1.0
15.0 0.986762997182 1.0
object 68	1.0:1.0
104.0 0.993934649398 1.0
49.0 1.0223023542 1.0
object 69	1.0:1.0
19.0 1.02350127095 1.0
79.0 0.994569423129 1.0
5.0 1.01266004526 1.0
object 70	1.0:1.0
61.0 1.00510438463 1.0
95.0 0.99593724453 1.0
object 71	1.0:1.0
61.0 0.999067903469 1.0
145.0 1.00917047703 1.0
155.0 0.989311119796 1.0
38.0 0.989673673667 1.0
object 72	1.0:1.0
8.0 1.00786647784 1.0
44.0 1.02858497539 1.0
object 73	1.0:1.0
125.0 0.992956813389 1.0
36.0 0.986734466244 1.0
28.0 0.945737314149 1.0
78.0 1.00584799801 1.0
object 74	1.0:1.0
82.0 0.978501656516 1.0
126.0 1.01180017391 1.0
23.0 0.988243983435 1.0
163.0 -0.811805244523 1.0
object 75	1.0:1.0
1.0 1.09511008707 1.0
172.0 -0.190790698149 1.0
162.0 -0.829186691675 1.0
158.0 1.07453043346 1.0
149.0 1.04675427142 1.0
196.0 4.42883235214 1.0
object 76	1.0:1.0
25.0 0.968894164795 1.0
156.0 0.944673855419 1.0
object 77	1.0:1.0
164.0 -2.73548030485 1.0
7.0 0.992606468302 1.0
object 78	1.0:1.0
157.0 1.00507659022 1.0
159.0 0.993774309999 1.0
object 79	1.0:1.0
166.0 -1.14378412767 1.0
1.0 0.986227059583 1.0
87.0 1.0089062884 1.0
151.0 0.99604819554 1.0
130.0 0.98577331032 1.0
object 80	1.0:1.0
142.0 1.00130881273 1.0
22.0 1.0061606988 1.0
180.0 1.40596862598 1.0
object 81	1.0:1.0
60.0 1.01456513019 1.0
167.0 -9.01773091304 1.0
object 82	1.0:1.0
189.0 -0.29648293373 1.0
49.0 0.933495414666 1.0
123.0 1.00564921194 1.0
28.0 0.970489225588 1.0
object 83	1.0:1.0
81.0 1.00519540129 1.0
152.0 0.997956698074 1.0
31.0 1.00252676139 1.0
1.0 1.01619573215 1.0
object 84	1.0:1.0
197.0 1.93580426805 1.0
22.0 1.0045277507 1.0
32.0 1.00338037046 1.0
137.0 0.997884846758 1.0
object 85	1.0:1.0
197.0 9.49257082191 1.0
178.0 3.13497525518 1.0
180.0 4.55193635075 1.0
132.0 1.00267456077 1.0
object 86	1.0:1.0
15.0 0.958705146395 1.0
145.0 0.97943947446 1.0
42.0 1.01419993505 1.0
object 87	1.0:1.0
195.0 1.23990729877 1.0
12.0 1.00260809608 1.0
9.0 1.00219529514 1.0
object 88	1.0:1.0
8.0 0.969371034546 1.0
88.0 1.01574117151 1.0
object 89	1.0:1.0
2.0 1.0023674758 1.0
132.0 1.01893526563 1.0
object 90	1.0:1.0
51.0 1.02655289335 1.0
130.0 0.99990079219 1.0
73.0 0.998390348676 1.0
object 91	1.0:1.0
134.0 1.02352641226 1.0
130.0 1.04072151837 1.0
object 92	1.0:1.0
78.0 0.988567240623 1.0
196.0 3.67780069066 1.0
object 93	1.0:1.0
118.0 0.971229781845 1.0
16.0 0.994898588857 1.0
object 94	1.0:1.0
41.0 0.983436264904 1.0
7.0 0.990219503763 1.0
object 95	1.0:1.0
63.0 1.02067999333 1.0
38.0 0.971652811554 1.0
object 96	1.0:1.0
85.0 0.985162337135 1.0
40.0 0.987317304855 1.0
100.0 1.05043219405 1.0
object 97	1.0:1.0
48.0 0.973003806636 1.0
2.0 0.99930257995 1.0
165.0 9.98340638469 1.0
object 98	1.0:1.0
192.0 10.6695541365 1.0
37.0 1.0440839511 1.0
174.0 1.55637726968 1.0
19.0 1.0026154726 1.0
18.0 1.06458157878 1.0
161.0 -1.00095677213 1.0
object 99	1.0:1.0
111.0 1.02852290832 1.0
195.0 3.17967322382 1.0
