object 0	1.0:1.0
35.0 1.06803111749 1.0
14.0 1.01329998455 1.0
184.0 6.64835952099 1.0
41.0 0.967805009948 1.0
161.0 -2.21466811924 1.0
30.0 0.961742585831 1.0
9.0 0.979514054908 1.0
144.0 0.988332731832 1.0
52.0 0.935701357871 1.0
147.0 1.00306136735 1.0
70.0 1.05942295375 1.0
78.0 1.05153396547 1.0
137.0 0.941064360511 1.0
42.0 1.00172780752 1.0
74.0 1.05343534725 1.0
197.0 0.111154139812 1.0
4.0 1.05236474513 1.0
198.0 -1.82853418652 1.0
84.0 0.998603253971 1.0
158.0 0.999490383909 1.0
101.0 1.00567228509 1.0
23.0 0.968709142467 1.0
87.0 1.01781591957 1.0
155.0 0.959798469157 1.0
119.0 0.924803625934 1.0
81.0 0.994883332728 1.0
71.0 1.02618915459 1.0
object 1	1.0:1.0
37.0 1.00770728123 1.0
172.0 0.991145536646 1.0
97.0 1.00276552811 1.0
44.0 1.01013114392 1.0
49.0 1.01355138742 1.0
195.0 -6.88074417044 1.0
84.0 0.943846384131 1.0
113.0 0.942164202356 1.0
1.0 0.981344705589 1.0
34.0 1.01369441262 1.0
169.0 1.89362256112 1.0
126.0 1.01257519249 1.0
194.0 0.987301670823 1.0
170.0 -7.6033240114 1.0
192.0 2.55985829787 1.0
188.0 -1.39481865628 1.0
56.0 0.974696113517 1.0
161.0 -0.0792767373792 1.0
118.0 0.912670570005 1.0
130.0 0.994568861444 1.0
15.0 0.906310730399 1.0
40.0 1.01183110742 1.0
139.0 0.991628601584 1.0
115.0 0.973430331715 1.0
3.0 1.12373615843 1.0
168.0 5.15843785907 1.0
58.0 0.978336976444 1.0
179.0 -0.636852813371 1.0
110.0 0.987308585956 1.0
62.0 1.00963487562 1.0
174.0 0.168050383001 1.0
91.0 0.995841995078 1.0
183.0 -0.0105694632889 1.0
106.0 0.976753148175 1.0
177.0 -6.07670088808 1.0
95.0 0.98562550018 1.0
object 2	1.0:1.0
176.0 2.40285267128 1.0
171.0 3.75807567632 1.0
83.0 0.988617780205 1.0
187.0 1.72951957703 1.0
175.0 2.77332500294 1.0
6.0 0.991119511017 1.0
136.0 0.980877400425 1.0
36.0 1.07489364256 1.0
24.0 0.991570173349 1.0
134.0 0.994545609816 1.0
107.0 0.997959399036 1.0
67.0 0.979328584326 1.0
173.0 -1.50802160279 1.0
180.0 1.75010591058 1.0
42.0 1.01774238325 1.0
0.0 1.01963279289 1.0
193.0 2.64690364482 1.0
124.0 0.977012675743 1.0
158.0 0.974332534255 1.0
28.0 0.996580813766 1.0
45.0 0.971448513828 1.0
145.0 1.05097964035 1.0
3.0 0.962229193506 1.0
172.0 -0.13243948626 1.0
130.0 1.01710572317 1.0
59.0 0.993982806469 1.0
85.0 1.00936325716 1.0
108.0 0.964941217188 1.0
18.0 0.944099483751 1.0
109.0 1.00063662415 1.0
object 3	1.0:1.0
67.0 1.07227450467 1.0
45.0 0.963279373882 1.0
104.0 0.951623581668 1.0
28.0 0.991951225303 1.0
32.0 1.00485345302 1.0
47.0 0.98427039965 1.0
19.0 0.956485561275 1.0
176.0 0.70530781912 1.0
87.0 0.988609628378 1.0
95.0 1.0159449796 1.0
23.0 1.00651429683 1.0
22.0 0.977987897344 1.0
179.0 1.38956627379 1.0
79.0 0.972832499708 1.0
166.0 -1.77889743834 1.0
185.0 1.68145854529 1.0
35.0 1.01864089259 1.0
39.0 0.953498808494 1.0
187.0 -1.55022129288 1.0
49.0 1.00316002373 1.0
object 4	1.0:1.0
30.0 1.00202915384 1.0
74.0 0.996479786498 1.0
103.0 1.04562737523 1.0
159.0 0.997701816557 1.0
121.0 0.990562835766 1.0
112.0 1.00149662703 1.0
43.0 1.00628624616 1.0
116.0 0.986371323558 1.0
77.0 1.01347688938 1.0
51.0 0.981453888475 1.0
108.0 1.05321951198 1.0
129.0 1.05325313064 1.0
73.0 0.993888899796 1.0
27.0 1.03238169718 1.0
19.0 0.981463251693 1.0
161.0 -1.00036525504 1.0
156.0 0.99225722987 1.0
45.0 1.04633435627 1.0
25.0 1.02231233358 1.0
193.0 -0.972638490084 1.0
181.0 2.62693889681 1.0
167.0 0.478197774299 1.0
150.0 0.998502318188 1.0
3.0 1.00263046512 1.0
83.0 1.00280763049 1.0
148.0 1.01225350024 1.0
89.0 1.0192381586 1.0
64.0 1.00288245866 1.0
76.0 1.03067572765 1.0
190.0 -4.23954804903 1.0
94.0 0.958383966776 1.0
34.0 0.988945805399 1.0
142.0 0.928409063592 1.0
object 5	1.0:1.0
181.0 4.67109404055 1.0
0.0 0.998863888153 1.0
15.0 0.908739530347 1.0
7.0 0.997427839951 1.0
179.0 6.45800225949 1.0
135.0 0.986688354857 1.0
197.0 -5.09512363175 1.0
158.0 1.01105824753 1.0
30.0 0.945390630709 1.0
130.0 1.02247034316 1.0
148.0 1.01866986818 1.0
27.0 0.990407058542 1.0
71.0 0.999775737956 1.0
105.0 1.00089022988 1.0
188.0 -0.105417669843 1.0
145.0 1.0781972834 1.0
54.0 0.999519311439 1.0
22.0 1.01832006056 1.0
151.0 1.01107870443 1.0
117.0 1.00128185933 1.0
43.0 0.994105164537 1.0
90.0 1.0177307963 1.0
59.0 0.970936969014 1.0
56.0 1.02922417309 1.0
50.0 1.02876342687 1.0
192.0 0.0888331503139 1.0
138.0 0.997385859155 1.0
154.0 1.02927445459 1.0
82.0 1.01457073136 1.0
123.0 1.08693966257 1.0
178.0 -0.118682024473 1.0
object 6	1.0:1.0
174.0 -1.95114367768 1.0
58.0 0.942630114085 1.0
59.0 1.00794709448 1.0
188.0 0.372720817452 1.0
33.0 0.93998926407 1.0
72.0 1.02177198134 1.0
85.0 1.01718490114 1.0
135.0 1.05486496742 1.0
104.0 0.995359387164 1.0
138.0 1.00482290142 1.0
3.0 0.942187405845 1.0
88.0 0.980712996014 1.0
161.0 1.76294850783 1.0
26.0 0.981065703101 1.0
75.0 0.993917490432 1.0
98.0 1.01801115758 1.0
116.0 1.06242076524 1.0
91.0 1.00331046026 1.0
103.0 1.00273169399 1.0
184.0 -10.3443823599 1.0
172.0 1.92805597891 1.0
130.0 0.981732527631 1.0
192.0 4.29648836239 1.0
object 7	1.0:1.0
16.0 1.01256792156 1.0
100.0 1.02903180091 1.0
59.0 0.952732630845 1.0
35.0 0.98500080038 1.0
187.0 0.994504049492 1.0
146.0 0.99990516001 1.0
46.0 1.02238459049 1.0
20.0 1.05622043985 1.0
168.0 -0.317477909241 1.0
50.0 1.0147857486 1.0
52.0 0.93467956924 1.0
173.0 3.51719869315 1.0
101.0 1.03236734646 1.0
57.0 1.0240858297 1.0
68.0 0.994514488402 1.0
195.0 1.17523348845 1.0
4.0 1.00304937243 1.0
0.0 1.03589217351 1.0
21.0 0.948120839003 1.0
163.0 0.346935884127 1.0
67.0 1.01870683818 1.0
180.0 0.62427846111 1.0
149.0 0.958464435317 1.0
object 8	1.0:1.0
66.0 1.00155560559 1.0
59.0 1.01622885177 1.0
76.0 1.00449082006 1.0
10.0 1.05783023649 1.0
6.0 1.10727302652 1.0
196.0 4.12482772884 1.0
80.0 0.998745648961 1.0
95.0 0.974341304768 1.0
137.0 0.996845204422 1.0
50.0 1.04399044546 1.0
93.0 1.00660257614 1.0
11.0 1.00807176087 1.0
120.0 0.991861202459 1.0
8.0 1.03752906128 1.0
97.0 1.03821505133 1.0
47.0 0.99829969203 1.0
37.0 1.01179840417 1.0
91.0 0.986415453784 1.0
23.0 1.04743703605 1.0
150.0 0.996545944141 1.0
173.0 2.81938889231 1.0
141.0 1.01262539858 1.0
146.0 0.943864263285 1.0
18.0 1.08717163346 1.0
1.0 0.98382609545 1.0
130.0 1.03042600992 1.0
99.0 1.00693861326 1.0
185.0 -2.46034215147 1.0
106.0 1.04634747865 1.0
63.0 0.974393999338 1.0
197.0 3.97170435303 1.0
30.0 0.965087745914 1.0
32.0 1.01847229034 1.0
object 9	1.0:1.0
75.0 1.01285978469 1.0
109.0 0.979715872625 1.0
122.0 0.988481416952 1.0
185.0 4.23757691816 1.0
90.0 1.02788615275 1.0
196.0 3.41148082299 1.0
173.0 4.61958844028 1.0
147.0 1.02808402383 1.0
169.0 -4.05307432631 1.0
125.0 1.00484085304 1.0
88.0 0.957176125674 1.0
104.0 0.99912202748 1.0
119.0 1.02711302435 1.0
78.0 1.02005503941 1.0
42.0 1.00330556212 1.0
0.0 0.952185128839 1.0
30.0 0.97481892679 1.0
159.0 1.00895904331 1.0
82.0 1.01071473973 1.0
37.0 0.978308920956 1.0
11.0 1.02372320289 1.0
3.0 0.958198985584 1.0
32.0 0.952491794961 1.0
76.0 0.995049037322 1.0
35.0 1.0073294079 1.0
176.0 -1.44178851723 1.0
22.0 0.909775089428 1.0
174.0 -1.4751812316 1.0
118.0 0.949431192936 1.0
81.0 0.973171733207 1.0
5.0 0.985645090366 1.0
186.0 -2.46877789016 1.0
object 10	1.0:1.0
176.0 4.01228301454 1.0
10.0 0.973388372701 1.0
4.0 1.01601511469 1.0
133.0 1.0054791668 1.0
114.0 0.995977759336 1.0
18.0 1.00984748924 1.0
184.0 0.721827510866 1.0
113.0 0.967031777917 1.0
189.0 1.17662332744 1.0
183.0 4.88898002769 1.0
97.0 1.0157897935 1.0
45.0 1.0141167377 1.0
73.0 0.989615193659 1.0
144.0 0.990001058509 1.0
38.0 0.93545472674 1.0
59.0 0.987804375376 1.0
146.0 0.960475027859 1.0
143.0 0.965979217547 1.0
13.0 0.976895094555 1.0
26.0 0.990966614822 1.0
object 11	1.0:1.0
33.0 1.0447934171 1.0
184.0 3.82724065973 1.0
67.0 0.958157275808 1.0
172.0 1.34865089585 1.0
114.0 0.998200522539 1.0
101.0 0.960516526284 1.0
148.0 1.01307912791 1.0
86.0 1.01724093454 1.0
41.0 0.966049890856 1.0
16.0 0.993197865573 1.0
14.0 0.998078377701 1.0
158.0 0.989643862926 1.0
20.0 1.01152903993 1.0
0.0 0.949063644106 1.0
24.0 0.990374999082 1.0
6.0 0.961692246388 1.0
153.0 0.954410681403 1.0
80.0 0.99116684842 1.0
71.0 0.983725111667 1.0
179.0 -0.614010298601 1.0
170.0 -4.96033983539 1.0
130.0 0.979865598397 1.0
160.0 0.985064805792 1.0
54.0 1.01945685792 1.0
174.0 1.5602098411 1.0
165.0 -1.20871783071 1.0
175.0 3.66621749216 1.0
93.0 0.982613151629 1.0
57.0 0.989193455699 1.0
object 12	1.0:1.0
136.0 1.01211927258 1.0
141.0 0.944103051861 1.0
105.0 1.00250192427 1.0
11.0 0.984951755732 1.0
64.0 1.0153227288 1.0
86.0 1.00642236468 1.0
198.0 -0.274792483673 1.0
133.0 1.00626038547 1.0
143.0 1.00584162588 1.0
0.0 1.01199960972 1.0
35.0 0.978337422933 1.0
82.0 1.01203699612 1.0
75.0 0.991704023461 1.0
122.0 0.981881385718 1.0
42.0 0.990148684712 1.0
25.0 0.994606711171 1.0
98.0 1.03372218859 1.0
54.0 0.976207813375 1.0
48.0 0.961324114509 1.0
6.0 1.00106127418 1.0
80.0 1.02105120747 1.0
193.0 1.53521709638 1.0
96.0 0.999516764751 1.0
110.0 0.982116811389 1.0
88.0 1.02909051767 1.0
24.0 1.01412256571 1.0
179.0 -1.08368025001 1.0
21.0 1.01122026788 1.0
104.0 1.0218967144 1.0
140.0 1.01764362214 1.0
object 13	1.0:1.0
24.0 0.995617376187 1.0
96.0 1.02141032739 1.0
162.0 -0.382784918842 1.0
88.0 1.03537418395 1.0
150.0 1.00749948662 1.0
138.0 1.02040640435 1.0
115.0 0.988828900166 1.0
79.0 0.99099001154 1.0
42.0 0.983480746779 1.0
194.0 3.32406191686 1.0
177.0 -4.99493190754 1.0
49.0 1.00834842553 1.0
189.0 -2.16717328079 1.0
173.0 -3.49641844792 1.0
159.0 1.00124615911 1.0
155.0 1.03930974639 1.0
8.0 0.983454868233 1.0
136.0 0.975426653678 1.0
81.0 0.972207344792 1.0
27.0 1.03879223742 1.0
185.0 6.42323795405 1.0
34.0 0.98834449573 1.0
145.0 1.01518847273 1.0
153.0 1.06365852382 1.0
176.0 -1.92796188647 1.0
158.0 1.03085159733 1.0
106.0 0.99662212026 1.0
60.0 0.976866043519 1.0
53.0 0.974610113128 1.0
178.0 2.38110210701 1.0
object 14	1.0:1.0
167.0 3.39782131571 1.0
147.0 0.988145822531 1.0
35.0 0.999673230021 1.0
4.0 1.01369003446 1.0
3.0 1.03314956184 1.0
157.0 1.05555492492 1.0
77.0 0.949237666856 1.0
150.0 0.986638808267 1.0
74.0 0.957060345117 1.0
31.0 0.974992250105 1.0
198.0 -0.919692755104 1.0
14.0 0.993043115518 1.0
158.0 0.999227891108 1.0
88.0 1.02136627607 1.0
108.0 1.07135146723 1.0
116.0 1.00295636371 1.0
175.0 3.20951000771 1.0
159.0 1.01333904456 1.0
111.0 1.02234352397 1.0
60.0 1.00678618725 1.0
126.0 1.03294759923 1.0
128.0 0.990162520499 1.0
146.0 1.00277278328 1.0
183.0 2.11968685481 1.0
170.0 0.635009244265 1.0
93.0 1.02980812866 1.0
20.0 0.981964631637 1.0
94.0 1.02854788574 1.0
13.0 1.0519288533 1.0
82.0 1.00598039814 1.0
125.0 0.987229186937 1.0
188.0 3.58528442412 1.0
141.0 1.01247638153 1.0
63.0 0.98197903062 1.0
object 15	1.0:1.0
79.0 1.01586488463 1.0
34.0 0.996392044142 1.0
119.0 1.01312988746 1.0
157.0 1.0348574827 1.0
109.0 0.949743589901 1.0
24.0 0.974425817049 1.0
172.0 -1.27088092255 1.0
114.0 1.00785781022 1.0
70.0 0.969496760773 1.0
73.0 1.00918850504 1.0
33.0 0.978921651826 1.0
149.0 1.04333376746 1.0
39.0 1.006490033 1.0
137.0 0.984996621626 1.0
156.0 1.08420695872 1.0
12.0 0.996396075947 1.0
185.0 2.55298337945 1.0
77.0 1.02241207266 1.0
8.0 1.04475249743 1.0
171.0 -1.94172153824 1.0
104.0 0.985406921271 1.0
189.0 2.64974835556 1.0
27.0 0.944774179013 1.0
192.0 2.83714544078 1.0
3.0 0.982174696942 1.0
177.0 -1.90523630551 1.0
60.0 1.00210448966 1.0
182.0 -0.150861426202 1.0
2.0 0.997599430329 1.0
object 16	1.0:1.0
134.0 0.952953333282 1.0
66.0 1.00974128571 1.0
92.0 0.984607765788 1.0
55.0 0.999688494456 1.0
152.0 1.01167369016 1.0
168.0 0.0446891712915 1.0
129.0 1.02850782591 1.0
1.0 1.00568934893 1.0
68.0 0.986448202528 1.0
186.0 -2.22337189309 1.0
154.0 1.00781272071 1.0
189.0 3.1539080316 1.0
100.0 1.0050582062 1.0
182.0 2.60765235101 1.0
151.0 1.00136054339 1.0
4.0 1.00613022258 1.0
83.0 0.996297120687 1.0
object 17	1.0:1.0
199.0 -2.75937304545 1.0
151.0 1.00551733545 1.0
105.0 0.976216544733 1.0
193.0 2.60576140178 1.0
73.0 0.99965914941 1.0
186.0 -2.59685596235 1.0
134.0 0.99960325047 1.0
162.0 -1.39270466509 1.0
75.0 1.00682275898 1.0
121.0 0.95482435499 1.0
91.0 1.00069848067 1.0
50.0 1.0158160846 1.0
124.0 1.01937832867 1.0
28.0 0.989168996354 1.0
102.0 1.01748047296 1.0
30.0 0.975887349443 1.0
198.0 -2.38592763125 1.0
148.0 1.01937268442 1.0
38.0 1.00865567458 1.0
43.0 0.98557714722 1.0
171.0 2.99013228983 1.0
57.0 0.980971079425 1.0
object 18	1.0:1.0
71.0 0.951052816194 1.0
12.0 0.995929178814 1.0
91.0 1.00123486085 1.0
164.0 5.77899972041 1.0
195.0 -2.18247634701 1.0
177.0 3.23848516291 1.0
25.0 1.03904522222 1.0
190.0 5.79525694843 1.0
69.0 1.02788904414 1.0
65.0 1.02633112276 1.0
1.0 0.982012978959 1.0
120.0 1.02174958464 1.0
44.0 1.00197916955 1.0
130.0 0.983089707385 1.0
34.0 0.987066896546 1.0
16.0 1.08607281447 1.0
105.0 0.981430711789 1.0
43.0 0.97248391715 1.0
189.0 0.209616380417 1.0
90.0 1.0217971322 1.0
37.0 0.987694495798 1.0
74.0 1.0385070368 1.0
139.0 0.944111752234 1.0
0.0 0.980059573783 1.0
133.0 0.984796842956 1.0
193.0 -0.57170544303 1.0
27.0 1.03077937981 1.0
185.0 4.51999107188 1.0
96.0 0.984324873793 1.0
object 19	1.0:1.0
71.0 1.01092624745 1.0
145.0 0.970969066444 1.0
17.0 0.983171411892 1.0
23.0 1.00115028272 1.0
109.0 1.01319982076 1.0
101.0 1.00402408014 1.0
127.0 0.991322049931 1.0
190.0 1.71968469896 1.0
175.0 -0.967604940836 1.0
20.0 0.931419353934 1.0
120.0 1.0246365168 1.0
115.0 1.01498799508 1.0
86.0 0.978115409007 1.0
63.0 0.996214132827 1.0
199.0 -0.067183316118 1.0
183.0 8.17687770423 1.0
73.0 0.980836841744 1.0
84.0 0.945615898018 1.0
129.0 1.00108894065 1.0
14.0 1.00241494209 1.0
126.0 0.97757498399 1.0
66.0 1.00733633894 1.0
57.0 0.980128319014 1.0
168.0 2.07103622599 1.0
123.0 1.03963803408 1.0
192.0 4.45764101526 1.0
41.0 0.974811489892 1.0
37.0 0.987876819491 1.0
15.0 1.05329135752 1.0
40.0 0.990606093765 1.0
46.0 1.02395296329 1.0
object 20	1.0:1.0
16.0 0.943246398872 1.0
171.0 -1.33212047417 1.0
72.0 0.990984142304 1.0
55.0 0.982152638374 1.0
194.0 2.65220290017 1.0
80.0 1.00281932043 1.0
103.0 1.00206996142 1.0
140.0 1.03492548016 1.0
66.0 0.995828047888 1.0
125.0 0.987359468914 1.0
68.0 0.98086283537 1.0
166.0 1.79824524698 1.0
56.0 1.03142368855 1.0
178.0 -0.891255329925 1.0
70.0 1.00454638106 1.0
43.0 1.01952069827 1.0
26.0 0.993334342617 1.0
175.0 8.10318201616 1.0
190.0 -2.1483992962 1.0
0.0 0.985284672494 1.0
74.0 1.04870728141 1.0
146.0 0.898559709751 1.0
179.0 -1.84863477163 1.0
123.0 1.0474191319 1.0
object 21	1.0:1.0
159.0 0.999996260272 1.0
5.0 1.03172439771 1.0
129.0 1.00801809944 1.0
40.0 0.984470270103 1.0
104.0 0.975775054692 1.0
140.0 0.973522678792 1.0
149.0 1.04231064808 1.0
118.0 0.979195041076 1.0
73.0 0.995364533974 1.0
128.0 0.98694449195 1.0
127.0 0.890359975797 1.0
190.0 0.63410785609 1.0
173.0 -0.339774915123 1.0
174.0 -5.98276627626 1.0
166.0 1.98762313902 1.0
156.0 1.05089997109 1.0
60.0 0.96386148302 1.0
93.0 0.977667054885 1.0
2.0 1.00275128043 1.0
13.0 0.985471847174 1.0
131.0 0.99027257468 1.0
133.0 1.00759435536 1.0
80.0 0.983458871139 1.0
object 22	1.0:1.0
38.0 1.06695727438 1.0
122.0 0.981761615018 1.0
1.0 1.00665323576 1.0
149.0 0.986149258452 1.0
31.0 1.01883475035 1.0
27.0 1.01412027936 1.0
164.0 4.43372071086 1.0
137.0 0.949480331999 1.0
78.0 0.993377757717 1.0
133.0 0.993857651237 1.0
75.0 0.983321039845 1.0
97.0 0.997537211801 1.0
114.0 1.02344424607 1.0
123.0 1.01670575558 1.0
143.0 0.978257612244 1.0
152.0 1.00160496949 1.0
190.0 2.8597229555 1.0
128.0 0.986326326206 1.0
169.0 -0.7718471704 1.0
146.0 0.930761049742 1.0
166.0 -0.81166542538 1.0
119.0 1.03410519407 1.0
0.0 1.04305116448 1.0
174.0 2.90138471299 1.0
object 23	1.0:1.0
84.0 1.07375619164 1.0
6.0 0.946562091741 1.0
163.0 3.13670676363 1.0
28.0 0.999454936371 1.0
173.0 3.15875563575 1.0
103.0 1.00412251197 1.0
182.0 2.40025049309 1.0
107.0 0.991534375644 1.0
88.0 1.08768586704 1.0
38.0 0.981954171757 1.0
54.0 0.949812786793 1.0
27.0 1.07051540114 1.0
64.0 1.0257992463 1.0
188.0 0.0291231531352 1.0
49.0 0.999041904122 1.0
29.0 0.996205712011 1.0
126.0 1.00391343203 1.0
40.0 1.03684119114 1.0
127.0 0.935800655723 1.0
112.0 0.977605430584 1.0
object 24	1.0:1.0
125.0 0.983402012805 1.0
198.0 7.31790446615 1.0
77.0 0.981788750266 1.0
16.0 0.997816168701 1.0
128.0 0.999935785821 1.0
2.0 0.999712152089 1.0
121.0 1.01323508981 1.0
6.0 1.03349274099 1.0
27.0 0.997225648052 1.0
140.0 1.03023639921 1.0
97.0 0.985947029663 1.0
61.0 1.01222243606 1.0
15.0 1.06331859425 1.0
192.0 -5.8573255687 1.0
56.0 1.02987153324 1.0
129.0 1.0745842656 1.0
23.0 0.999445262293 1.0
13.0 0.997338010522 1.0
167.0 4.04645799883 1.0
59.0 1.02992855308 1.0
90.0 0.995691486623 1.0
190.0 -5.97665491822 1.0
131.0 1.01032382036 1.0
14.0 1.00503569976 1.0
133.0 0.987566182485 1.0
197.0 -0.256268519773 1.0
108.0 0.890622632614 1.0
150.0 0.989131885241 1.0
63.0 0.98672462545 1.0
119.0 1.00659999662 1.0
141.0 1.01721337787 1.0
93.0 0.986989975675 1.0
31.0 0.986327935628 1.0
111.0 1.02589754369 1.0
144.0 1.00193422693 1.0
154.0 1.04963213937 1.0
160.0 -2.73474325234 1.0
76.0 1.00825538731 1.0
151.0 1.01775097437 1.0
159.0 1.00676061068 1.0
106.0 1.04369626143 1.0
174.0 -1.28225064091 1.0
object 25	1.0:1.0
58.0 1.05285106434 1.0
146.0 0.975872647865 1.0
10.0 0.986691388382 1.0
160.0 -2.096234777 1.0
172.0 3.8808860302 1.0
143.0 0.987632965261 1.0
168.0 1.11338535496 1.0
137.0 0.997946185079 1.0
132.0 1.04960577523 1.0
40.0 0.995270489708 1.0
31.0 0.969471862074 1.0
106.0 1.01875782486 1.0
188.0 -2.85588826839 1.0
96.0 1.00857367921 1.0
54.0 0.971424352818 1.0
41.0 1.04172920173 1.0
163.0 6.3693888908 1.0
98.0 0.912200412826 1.0
53.0 0.999697928696 1.0
124.0 0.990827436624 1.0
108.0 0.963538603472 1.0
189.0 -0.236586334892 1.0
140.0 0.998852298548 1.0
116.0 1.10255853155 1.0
199.0 2.50897587275 1.0
43.0 0.99352225355 1.0
33.0 0.950613380596 1.0
154.0 1.0129535436 1.0
183.0 3.64164201937 1.0
66.0 1.00663088445 1.0
153.0 1.03331985038 1.0
128.0 1.00885089435 1.0
86.0 1.0160597885 1.0
84.0 1.00375698062 1.0
30.0 0.96226494098 1.0
object 26	1.0:1.0
70.0 1.01831760081 1.0
34.0 1.01161312817 1.0
2.0 0.995709472393 1.0
59.0 0.972067772446 1.0
84.0 1.00609465349 1.0
121.0 0.962879221385 1.0
107.0 0.996254411342 1.0
64.0 0.999719515405 1.0
43.0 0.987458280183 1.0
114.0 1.00026909068 1.0
40.0 0.991965668565 1.0
13.0 0.975693184856 1.0
86.0 1.00093152284 1.0
192.0 3.16669055888 1.0
104.0 0.991800658883 1.0
96.0 0.969383440419 1.0
116.0 1.0811905089 1.0
100.0 0.969814290683 1.0
75.0 1.01771286165 1.0
77.0 1.0056362499 1.0
142.0 0.992277887655 1.0
15.0 0.965763601544 1.0
97.0 0.981050398073 1.0
57.0 0.998181302792 1.0
83.0 1.00176151753 1.0
103.0 1.05236952294 1.0
182.0 3.17190252698 1.0
92.0 1.04215509237 1.0
186.0 1.17093842687 1.0
78.0 1.0600025549 1.0
object 27	1.0:1.0
40.0 0.974511832296 1.0
131.0 1.01397672409 1.0
71.0 0.988830223221 1.0
116.0 0.983525637111 1.0
85.0 1.01268166575 1.0
161.0 3.28922138822 1.0
44.0 0.977097795462 1.0
88.0 0.980742091624 1.0
38.0 0.988269213555 1.0
179.0 -4.83204553952 1.0
132.0 1.01743075801 1.0
3.0 1.01346251242 1.0
62.0 1.00445081404 1.0
186.0 -4.1827377239 1.0
59.0 0.960202843976 1.0
160.0 4.95929634691 1.0
37.0 0.991892151862 1.0
21.0 0.989485430878 1.0
2.0 0.998969284321 1.0
35.0 0.960318808155 1.0
118.0 1.0412377184 1.0
76.0 1.01590123577 1.0
60.0 1.01738010115 1.0
139.0 0.992575827462 1.0
33.0 1.00449739866 1.0
146.0 1.05118977723 1.0
102.0 0.998949875987 1.0
11.0 0.972193263554 1.0
115.0 0.978128811003 1.0
20.0 1.03148356452 1.0
96.0 1.0693979916 1.0
197.0 -2.8366224384 1.0
34.0 1.01438347803 1.0
125.0 0.988983624829 1.0
25.0 0.957217500505 1.0
196.0 -1.42556638492 1.0
23.0 0.972602633078 1.0
142.0 0.992153954208 1.0
177.0 2.55720987986 1.0
object 28	1.0:1.0
179.0 0.612720493038 1.0
27.0 1.01628387529 1.0
190.0 5.67548497851 1.0
182.0 0.611511771138 1.0
185.0 0.381912363002 1.0
49.0 1.01135918735 1.0
83.0 0.987640687739 1.0
178.0 -0.0435079528693 1.0
74.0 0.988514255434 1.0
122.0 1.02270703152 1.0
148.0 1.02799486872 1.0
154.0 0.971308223165 1.0
135.0 1.02751040961 1.0
132.0 1.06301052704 1.0
172.0 3.12597972436 1.0
165.0 1.2999165334 1.0
173.0 3.31208969671 1.0
131.0 0.996715739358 1.0
72.0 0.980116801003 1.0
82.0 1.02174737445 1.0
108.0 0.994017837288 1.0
95.0 0.958644742596 1.0
107.0 0.974910632518 1.0
91.0 1.0004933669 1.0
34.0 0.999665641475 1.0
39.0 0.9658192938 1.0
10.0 0.992796087246 1.0
object 29	1.0:1.0
52.0 0.973452010423 1.0
83.0 0.987011483427 1.0
165.0 3.74125093012 1.0
110.0 1.02119623872 1.0
45.0 0.960708241771 1.0
3.0 1.04020562673 1.0
150.0 1.00236117705 1.0
112.0 1.00601090093 1.0
42.0 1.00360006239 1.0
70.0 0.977290319506 1.0
173.0 -2.81005385302 1.0
136.0 1.08342251302 1.0
89.0 1.00678425699 1.0
86.0 0.982149683753 1.0
50.0 0.988655846732 1.0
188.0 0.261562525639 1.0
24.0 0.975784231961 1.0
161.0 -3.03194367503 1.0
37.0 1.00997376287 1.0
152.0 1.01236137399 1.0
142.0 1.00247199049 1.0
194.0 3.75982570646 1.0
170.0 -11.200241682 1.0
43.0 1.02458085789 1.0
28.0 1.00111489873 1.0
95.0 0.967955922934 1.0
62.0 1.00392592444 1.0
object 30	1.0:1.0
176.0 0.101568014402 1.0
30.0 1.04532468946 1.0
2.0 0.994039788819 1.0
83.0 0.975803140653 1.0
149.0 1.02214657656 1.0
98.0 0.993954953934 1.0
140.0 0.985448348493 1.0
122.0 0.984449867818 1.0
36.0 0.96814709238 1.0
91.0 0.986280984877 1.0
186.0 4.4101748751 1.0
139.0 1.00582493153 1.0
32.0 1.01635047632 1.0
20.0 1.05636259665 1.0
166.0 1.78217967215 1.0
86.0 0.99617884779 1.0
114.0 0.980704600634 1.0
169.0 1.23635095334 1.0
151.0 0.990975837837 1.0
51.0 0.996144049949 1.0
72.0 0.998404719173 1.0
101.0 0.977755716085 1.0
102.0 1.00192932458 1.0
103.0 1.03483218113 1.0
195.0 3.85580654416 1.0
73.0 1.00994610559 1.0
184.0 5.86058149267 1.0
117.0 0.983521757677 1.0
49.0 0.992419959034 1.0
163.0 1.86861723558 1.0
146.0 0.949458683154 1.0
60.0 0.976634402443 1.0
104.0 1.01335589063 1.0
object 31	1.0:1.0
84.0 1.01631845241 1.0
12.0 0.989763558658 1.0
107.0 1.00073171019 1.0
59.0 1.05002225853 1.0
160.0 -0.289177465043 1.0
136.0 1.00024244774 1.0
164.0 1.63518840618 1.0
111.0 1.00158573169 1.0
76.0 0.99827454852 1.0
34.0 0.999509678902 1.0
163.0 -0.844825436759 1.0
155.0 1.00219279748 1.0
129.0 0.990675142208 1.0
39.0 0.971476877841 1.0
47.0 0.995708833581 1.0
10.0 1.04851239342 1.0
94.0 0.938323819663 1.0
154.0 0.982357046156 1.0
149.0 1.02803235705 1.0
22.0 0.971408259588 1.0
69.0 1.01096154699 1.0
33.0 1.01914838417 1.0
184.0 -3.01927751847 1.0
179.0 4.72148691529 1.0
74.0 0.985023082963 1.0
3.0 1.09077260765 1.0
108.0 0.971557562493 1.0
23.0 0.989751822754 1.0
114.0 0.997685460675 1.0
8.0 1.03798229959 1.0
40.0 1.01193985223 1.0
29.0 0.991377758963 1.0
object 32	1.0:1.0
182.0 0.0095456802352 1.0
147.0 0.988620827347 1.0
188.0 1.12804342862 1.0
70.0 1.01479405036 1.0
129.0 1.06425889575 1.0
23.0 0.989145601357 1.0
126.0 1.01198167699 1.0
190.0 0.863418283629 1.0
104.0 1.00559251591 1.0
71.0 1.01632484343 1.0
186.0 2.40544650768 1.0
66.0 1.00358147786 1.0
60.0 1.03336652659 1.0
164.0 5.51536144974 1.0
37.0 1.03887340263 1.0
53.0 0.96575617799 1.0
151.0 1.01166671481 1.0
179.0 5.63594427085 1.0
61.0 0.968527428592 1.0
10.0 1.00195474489 1.0
74.0 1.04606759867 1.0
6.0 0.940161032063 1.0
72.0 0.977353985339 1.0
113.0 1.02834010576 1.0
180.0 0.183901390675 1.0
116.0 1.07816675447 1.0
76.0 0.97590021703 1.0
object 33	1.0:1.0
135.0 1.05546021734 1.0
158.0 1.0069366487 1.0
12.0 1.02513406466 1.0
47.0 1.01924692463 1.0
89.0 0.992042334688 1.0
97.0 0.993289888257 1.0
18.0 1.01885290882 1.0
26.0 1.00265954162 1.0
49.0 1.07174594602 1.0
62.0 0.972650872579 1.0
90.0 0.981558890994 1.0
102.0 0.985879299891 1.0
93.0 0.974772182596 1.0
37.0 0.998643890442 1.0
55.0 0.997355379383 1.0
198.0 -3.82992985044 1.0
66.0 0.997655640775 1.0
60.0 0.983303061434 1.0
185.0 -0.431169769079 1.0
178.0 0.297073253608 1.0
105.0 1.01557134316 1.0
30.0 1.01264053546 1.0
194.0 -1.87194040568 1.0
17.0 1.00261674291 1.0
166.0 -0.251827779197 1.0
25.0 1.00537957298 1.0
122.0 0.997783821871 1.0
114.0 1.03442772604 1.0
object 34	1.0:1.0
171.0 2.47638064398 1.0
180.0 3.03632619534 1.0
15.0 1.04396273402 1.0
182.0 0.116663373126 1.0
178.0 -0.680208966861 1.0
109.0 0.935305679047 1.0
148.0 0.991949843412 1.0
36.0 0.964329335131 1.0
186.0 -3.40697681404 1.0
107.0 1.01001878589 1.0
104.0 0.994199250381 1.0
196.0 1.40382261637 1.0
155.0 1.00407235451 1.0
83.0 0.996371318305 1.0
152.0 0.999591816887 1.0
50.0 0.990259159455 1.0
61.0 1.02200990796 1.0
110.0 0.999945401564 1.0
31.0 1.02305266092 1.0
140.0 0.978483147293 1.0
164.0 2.03048219667 1.0
12.0 0.98895582574 1.0
160.0 2.85102215607 1.0
156.0 1.01112876626 1.0
53.0 1.01895965731 1.0
135.0 0.942862835305 1.0
146.0 0.99082391035 1.0
133.0 1.0013511054 1.0
101.0 0.900965090457 1.0
object 35	1.0:1.0
24.0 1.00727563153 1.0
173.0 -6.09867155609 1.0
192.0 1.81951741708 1.0
167.0 -5.77311326739 1.0
12.0 1.02224404662 1.0
143.0 0.964912341396 1.0
94.0 0.972159368071 1.0
92.0 0.970796500106 1.0
20.0 0.984127447042 1.0
105.0 0.925054680022 1.0
182.0 -2.40175473308 1.0
98.0 1.06486538184 1.0
104.0 1.00774086444 1.0
102.0 1.00250398807 1.0
85.0 0.949996154742 1.0
40.0 0.987422413888 1.0
131.0 0.977516705753 1.0
180.0 2.5169775657 1.0
189.0 3.54518793246 1.0
25.0 0.987924062359 1.0
50.0 1.01525463554 1.0
88.0 0.963585926322 1.0
198.0 0.866385516186 1.0
106.0 1.06149515282 1.0
79.0 1.02461239519 1.0
91.0 0.995216336562 1.0
178.0 1.61697185075 1.0
109.0 0.996406813661 1.0
141.0 0.957217026347 1.0
31.0 1.02518089119 1.0
93.0 0.987623457713 1.0
190.0 2.19408552239 1.0
35.0 1.04605753725 1.0
33.0 1.03887194625 1.0
9.0 1.0208787129 1.0
47.0 0.993402764882 1.0
object 36	1.0:1.0
67.0 1.00697394679 1.0
19.0 0.992195428657 1.0
189.0 -0.2524057621 1.0
6.0 1.03373333607 1.0
10.0 0.994846852233 1.0
193.0 -0.0420111668089 1.0
104.0 1.01884373581 1.0
26.0 1.0024546342 1.0
141.0 0.983233270491 1.0
22.0 1.09846715094 1.0
113.0 0.998293935257 1.0
73.0 0.982269728074 1.0
153.0 1.01732379195 1.0
184.0 -2.72401975182 1.0
135.0 1.04846386969 1.0
15.0 0.994411269037 1.0
179.0 4.57659065223 1.0
157.0 0.975665480945 1.0
163.0 -0.18626403332 1.0
59.0 1.00285784186 1.0
148.0 1.00396003937 1.0
146.0 0.958202688923 1.0
119.0 0.980091752493 1.0
object 37	1.0:1.0
175.0 6.85916286109 1.0
23.0 1.01318675095 1.0
178.0 1.01357693833 1.0
43.0 0.99154917141 1.0
160.0 7.67975802242 1.0
0.0 1.01934162557 1.0
48.0 0.982774307443 1.0
30.0 0.990458719342 1.0
93.0 1.03179624735 1.0
167.0 -0.674350319536 1.0
82.0 0.976848417598 1.0
139.0 0.986411239344 1.0
126.0 0.993444022439 1.0
6.0 1.0017568342 1.0
129.0 0.993336139222 1.0
198.0 -1.1269775773 1.0
117.0 1.01628221829 1.0
173.0 8.15951874991 1.0
189.0 1.80854070804 1.0
99.0 1.04185009373 1.0
196.0 -0.990581594759 1.0
183.0 -1.15358534532 1.0
106.0 1.04135900903 1.0
103.0 0.967211477054 1.0
171.0 1.78135575866 1.0
188.0 -6.06439353712 1.0
136.0 0.955445292502 1.0
148.0 1.04770078005 1.0
100.0 0.987688420697 1.0
174.0 2.33513453676 1.0
155.0 0.972491342692 1.0
2.0 0.9993423855 1.0
124.0 1.03400549006 1.0
108.0 0.990423149357 1.0
87.0 0.998970388351 1.0
object 38	1.0:1.0
72.0 0.978473433156 1.0
63.0 0.929006365552 1.0
144.0 0.983036037086 1.0
168.0 4.46402883313 1.0
113.0 1.01104268654 1.0
56.0 1.01688170099 1.0
85.0 1.04401882966 1.0
59.0 1.03528065625 1.0
117.0 1.01206460488 1.0
109.0 0.996836658965 1.0
116.0 1.00806325995 1.0
31.0 1.00731516482 1.0
197.0 -3.45054754075 1.0
49.0 0.990797316509 1.0
42.0 1.00356812126 1.0
41.0 1.01431123584 1.0
156.0 0.986620991845 1.0
4.0 0.947256241236 1.0
11.0 1.01563471552 1.0
34.0 0.996724206577 1.0
173.0 -0.365897754262 1.0
191.0 3.25532660937 1.0
112.0 0.999702266573 1.0
119.0 0.973250433456 1.0
172.0 3.23421603475 1.0
82.0 1.02420288573 1.0
102.0 0.984734711533 1.0
143.0 0.980843571852 1.0
74.0 1.00870002151 1.0
194.0 -0.282135183921 1.0
73.0 1.01098629518 1.0
object 39	1.0:1.0
61.0 0.926053650021 1.0
189.0 3.75946834855 1.0
198.0 -0.695642998735 1.0
22.0 1.04297732295 1.0
95.0 1.00766177662 1.0
21.0 1.01256347601 1.0
182.0 1.83914916017 1.0
84.0 1.03200633896 1.0
62.0 0.983684971045 1.0
105.0 1.03082256422 1.0
89.0 0.978643650387 1.0
147.0 0.984218526813 1.0
191.0 -5.10925961982 1.0
183.0 -5.33790586361 1.0
14.0 0.985347706194 1.0
174.0 2.45305604682 1.0
169.0 4.42436918679 1.0
65.0 0.969203934568 1.0
107.0 1.01364564224 1.0
47.0 0.994839281247 1.0
127.0 1.00128157541 1.0
141.0 1.00072629569 1.0
119.0 0.973869222979 1.0
91.0 1.00624632301 1.0
167.0 6.94377314905 1.0
object 40	1.0:1.0
144.0 0.98580372377 1.0
165.0 -3.26573848605 1.0
137.0 0.962990585554 1.0
11.0 0.957668916194 1.0
105.0 1.01099334157 1.0
90.0 0.986340888533 1.0
152.0 1.00733791875 1.0
176.0 0.185106470324 1.0
197.0 1.78041955577 1.0
82.0 0.995041916757 1.0
25.0 0.987513196607 1.0
12.0 0.978709098649 1.0
57.0 0.997513654206 1.0
148.0 1.0167212467 1.0
33.0 0.939507137403 1.0
101.0 1.01608455924 1.0
60.0 1.01203757694 1.0
88.0 1.02556589473 1.0
15.0 1.0730750339 1.0
179.0 2.90238565749 1.0
50.0 1.00088634754 1.0
132.0 1.01200484686 1.0
156.0 1.01424146392 1.0
44.0 0.98955897137 1.0
object 41	1.0:1.0
179.0 -2.07232201474 1.0
139.0 1.08677060687 1.0
102.0 1.03861608982 1.0
183.0 -3.08463838204 1.0
97.0 0.992027574455 1.0
173.0 -3.53482690157 1.0
93.0 0.99941228833 1.0
114.0 1.01932751203 1.0
163.0 3.16370992608 1.0
153.0 1.01838139416 1.0
144.0 0.99826197058 1.0
192.0 -3.2035336156 1.0
32.0 1.0043602935 1.0
57.0 1.00358989833 1.0
158.0 1.023065589 1.0
187.0 1.99356952037 1.0
108.0 0.880132137248 1.0
154.0 1.01311437954 1.0
40.0 1.00270052935 1.0
17.0 0.953610099457 1.0
89.0 1.00564591572 1.0
69.0 0.970366932534 1.0
165.0 3.40647671794 1.0
48.0 0.898931133292 1.0
10.0 0.972065794886 1.0
130.0 1.02331141779 1.0
object 42	1.0:1.0
73.0 0.974945005765 1.0
40.0 1.01019571974 1.0
28.0 0.994815637264 1.0
17.0 1.02983673831 1.0
185.0 7.50683891972 1.0
169.0 3.03114696143 1.0
44.0 1.02818345363 1.0
46.0 1.00124014665 1.0
117.0 1.00726678571 1.0
153.0 1.0483767239 1.0
98.0 0.981411381606 1.0
48.0 0.995475706273 1.0
13.0 1.02462585499 1.0
193.0 3.92333194267 1.0
143.0 0.993761235504 1.0
38.0 1.01508627106 1.0
26.0 1.00150312719 1.0
120.0 0.982423951137 1.0
136.0 0.985094126677 1.0
95.0 1.02346213959 1.0
1.0 0.995650356595 1.0
object 43	1.0:1.0
47.0 1.01531717215 1.0
82.0 1.00038561239 1.0
137.0 0.999632437497 1.0
68.0 0.996843709197 1.0
146.0 0.981872931592 1.0
169.0 0.910123457697 1.0
45.0 1.01883206765 1.0
85.0 0.996678764088 1.0
143.0 0.981239958758 1.0
69.0 0.995383883187 1.0
155.0 0.959397461924 1.0
16.0 1.04538643191 1.0
67.0 1.00635793571 1.0
105.0 0.983360791753 1.0
57.0 1.02559749449 1.0
71.0 0.990943663299 1.0
78.0 0.969441125986 1.0
49.0 1.00085546921 1.0
99.0 1.01451283773 1.0
31.0 0.958038187834 1.0
165.0 3.41577595292 1.0
112.0 0.997261116432 1.0
41.0 0.996433277413 1.0
179.0 3.87602873349 1.0
103.0 1.02483186043 1.0
181.0 3.83714135838 1.0
93.0 1.00097494375 1.0
171.0 2.60758752356 1.0
161.0 -0.137284065157 1.0
74.0 0.995950588791 1.0
27.0 1.00837474746 1.0
102.0 1.00535115192 1.0
107.0 1.00070989422 1.0
object 44	1.0:1.0
74.0 0.932402951266 1.0
73.0 0.991426161222 1.0
196.0 -1.47521365284 1.0
137.0 1.05457625996 1.0
183.0 1.79405114141 1.0
32.0 1.02869056658 1.0
82.0 1.00424450826 1.0
4.0 1.00545011155 1.0
100.0 0.996601353019 1.0
59.0 0.976640599886 1.0
1.0 0.978171584022 1.0
179.0 -5.42027515684 1.0
14.0 0.977726203891 1.0
29.0 1.04862185284 1.0
182.0 1.5056709324 1.0
104.0 0.996540176998 1.0
78.0 0.971463901443 1.0
185.0 0.902916481084 1.0
165.0 -0.743769805855 1.0
189.0 2.41346974832 1.0
19.0 1.03134529902 1.0
166.0 2.41069898483 1.0
63.0 1.00525055425 1.0
35.0 0.95849930191 1.0
16.0 1.03908642503 1.0
20.0 0.999639120136 1.0
115.0 0.984350800253 1.0
47.0 0.976502413689 1.0
54.0 1.01840095441 1.0
object 45	1.0:1.0
6.0 0.973413667224 1.0
182.0 1.4226745945 1.0
35.0 1.05651606103 1.0
110.0 0.978794899993 1.0
37.0 1.01098007618 1.0
10.0 1.00940657039 1.0
38.0 1.05628042984 1.0
8.0 0.998397400798 1.0
166.0 0.732468847616 1.0
178.0 1.48141132887 1.0
16.0 1.07569706389 1.0
82.0 1.01873395012 1.0
186.0 -6.17835506284 1.0
42.0 1.01219412234 1.0
77.0 1.01525455127 1.0
107.0 0.979352363917 1.0
176.0 4.99432604349 1.0
43.0 0.994104391354 1.0
object 46	1.0:1.0
40.0 0.992227558248 1.0
146.0 1.01898615778 1.0
113.0 1.02776321766 1.0
78.0 0.942534617043 1.0
104.0 0.963867331194 1.0
186.0 8.46848150579 1.0
94.0 1.03789784975 1.0
36.0 0.974419501036 1.0
154.0 0.955177062104 1.0
26.0 0.98977244907 1.0
46.0 0.983613861617 1.0
168.0 0.385907688904 1.0
125.0 0.982129439916 1.0
173.0 0.681742305804 1.0
124.0 0.972830368861 1.0
138.0 0.982225981978 1.0
62.0 1.00909908755 1.0
162.0 0.885476445888 1.0
19.0 1.0162541967 1.0
164.0 3.67659124365 1.0
140.0 1.03233541762 1.0
45.0 1.02933407764 1.0
9.0 0.97482184932 1.0
128.0 1.01701189276 1.0
195.0 0.85633201392 1.0
158.0 1.00060541847 1.0
66.0 1.00045216733 1.0
185.0 6.84499322831 1.0
171.0 2.75881550675 1.0
166.0 0.703491268832 1.0
object 47	1.0:1.0
157.0 0.994709141663 1.0
16.0 1.0156461204 1.0
44.0 0.975638383954 1.0
76.0 0.962462229584 1.0
156.0 0.95082782356 1.0
90.0 0.984155641376 1.0
179.0 1.84927531589 1.0
138.0 1.01807009568 1.0
116.0 0.988027755277 1.0
122.0 0.969389059043 1.0
135.0 0.982602254974 1.0
87.0 1.02569974788 1.0
149.0 1.01066856964 1.0
25.0 1.00959729359 1.0
164.0 -3.33185424707 1.0
132.0 1.00708371871 1.0
30.0 1.00463124481 1.0
141.0 0.995699942312 1.0
120.0 0.986605440448 1.0
24.0 1.01525077091 1.0
186.0 0.7354649772 1.0
34.0 1.02065981965 1.0
136.0 1.03405492787 1.0
4.0 0.964255677815 1.0
7.0 1.00053154989 1.0
152.0 0.989381135955 1.0
93.0 0.974920661235 1.0
82.0 1.0115330133 1.0
0.0 1.0073765746 1.0
167.0 4.54574294487 1.0
35.0 1.03200321768 1.0
105.0 0.988863159089 1.0
127.0 1.05242480071 1.0
130.0 1.02780718713 1.0
125.0 1.01450374524 1.0
199.0 -0.0776656735823 1.0
12.0 0.98618671249 1.0
168.0 1.11149407096 1.0
object 48	1.0:1.0
167.0 -0.647210250062 1.0
21.0 1.05167703172 1.0
130.0 1.00330103121 1.0
61.0 0.985191413708 1.0
143.0 1.00748496345 1.0
97.0 1.00332505976 1.0
180.0 0.615837788055 1.0
146.0 1.09362797566 1.0
174.0 -3.85121564945 1.0
34.0 1.0000867041 1.0
14.0 1.0072405175 1.0
177.0 4.5552677341 1.0
116.0 1.01370085648 1.0
98.0 0.974256875661 1.0
15.0 0.986721375901 1.0
103.0 1.02497899276 1.0
93.0 1.01098322558 1.0
135.0 1.00299240994 1.0
87.0 1.00819812333 1.0
25.0 0.988480216086 1.0
129.0 1.08627527865 1.0
90.0 1.03047628749 1.0
113.0 1.026560251 1.0
95.0 0.96947423156 1.0
50.0 0.963532743556 1.0
139.0 0.997548830456 1.0
152.0 1.01389076495 1.0
164.0 1.52148431553 1.0
100.0 0.966113060177 1.0
2.0 1.00299419646 1.0
37.0 0.986021969636 1.0
28.0 0.98654508783 1.0
120.0 1.0141744448 1.0
object 49	1.0:1.0
177.0 10.0249379839 1.0
139.0 0.962416558026 1.0
120.0 0.956180654896 1.0
188.0 -3.10954883326 1.0
136.0 0.984612598925 1.0
158.0 0.999915902642 1.0
0.0 0.995246015803 1.0
127.0 1.01418569822 1.0
98.0 1.04761434966 1.0
47.0 1.02552921847 1.0
119.0 0.965404251554 1.0
3.0 0.956662390408 1.0
159.0 1.01615082533 1.0
54.0 0.934424391921 1.0
143.0 0.997385163351 1.0
4.0 0.99392665285 1.0
169.0 2.93770375797 1.0
128.0 1.02093302629 1.0
144.0 1.00049326368 1.0
184.0 1.11997648277 1.0
14.0 0.979473927696 1.0
189.0 3.35200024185 1.0
27.0 0.997864341588 1.0
92.0 0.993784472577 1.0
191.0 4.59329941461 1.0
179.0 1.91359587621 1.0
113.0 0.981877059586 1.0
161.0 2.56623743287 1.0
72.0 0.984780769697 1.0
67.0 1.00569223899 1.0
61.0 1.06033032874 1.0
34.0 0.995009692759 1.0
object 50	1.0:0.5 -0.403293506314:0.5
152.0 -0.331669748961 1.0
2.0 -0.36227549618 1.0
144.0 -0.438537657595 1.0
91.0 0.980369004949 0.0
180.0 5.64399716237 1.0
16.0 1.04289700928 0.0
163.0 -1.54806907238 0.0
69.0 -0.391107652314 1.0
52.0 0.929510362802 0.0
115.0 -0.454810794735 1.0
36.0 -0.414966179872 1.0
195.0 3.35183166911 1.0
111.0 1.13483335002 0.0
74.0 -0.348181960849 1.0
39.0 1.02076264811 0.0
100.0 -0.347244694894 1.0
72.0 -0.338114453379 1.0
186.0 6.14399845476 0.0
160.0 1.48812019455 0.0
0.0 -0.483391591029 1.0
46.0 -0.373633553596 1.0
171.0 -3.65561226705 1.0
53.0 0.960165178527 0.0
77.0 -0.455870675881 1.0
25.0 -0.433204899129 1.0
18.0 -0.342822520227 1.0
141.0 -0.446619410262 1.0
68.0 -0.341115473695 1.0
94.0 0.946859408732 0.0
73.0 1.08787156034 0.0
121.0 0.981253507447 0.0
object 51	1.0:0.5 5.19461454506:0.5
155.0 1.07392137268 0.0
19.0 0.994480631217 0.0
186.0 2.45541373489 0.0
15.0 5.18791895143 1.0
75.0 1.00161721828 0.0
70.0 5.21607586748 1.0
136.0 1.05561237905 0.0
4.0 5.170524394 1.0
62.0 5.15999943518 1.0
72.0 0.92303830692 0.0
28.0 5.16755133712 1.0
3.0 5.15770193962 1.0
97.0 0.994824295402 0.0
95.0 0.963833327231 0.0
151.0 5.25942851357 1.0
143.0 0.947864993285 0.0
190.0 4.32754928498 0.0
6.0 0.979160032264 0.0
45.0 1.08058306303 0.0
160.0 2.50098078711 0.0
99.0 5.16077900854 1.0
166.0 7.80081441119 1.0
object 52	1.0:0.5 -2.64648707058:0.5
95.0 -2.65908151051 1.0
129.0 1.03646317149 0.0
162.0 0.8689492491 0.0
125.0 -2.70648791223 1.0
83.0 -2.65889985755 1.0
137.0 0.924311173977 0.0
3.0 1.04439597018 0.0
11.0 0.99229530988 0.0
74.0 -2.64158953671 1.0
99.0 -2.71997668944 1.0
10.0 0.989465602619 0.0
142.0 -2.76247517667 1.0
181.0 -6.35760999896 1.0
182.0 3.6660299777 0.0
113.0 0.963684732809 0.0
103.0 -2.60033165799 1.0
163.0 0.862202610173 1.0
61.0 1.0460589794 0.0
55.0 0.987245618329 0.0
93.0 -2.64127120326 1.0
114.0 1.01174253035 0.0
174.0 -1.76630352647 1.0
23.0 0.991248610051 0.0
4.0 1.01504664689 0.0
49.0 -2.68614204748 1.0
177.0 -0.376725697205 0.0
86.0 1.08470876631 0.0
104.0 -2.69614332668 1.0
97.0 -2.58090055891 1.0
object 53	1.0:0.5 16.444551711:0.5
198.0 14.1107269709 1.0
172.0 -0.155557947442 0.0
193.0 2.53492489039 0.0
184.0 17.288299747 1.0
15.0 0.95285627473 0.0
77.0 0.997952862199 0.0
10.0 16.4299236124 1.0
195.0 -3.47485828864 0.0
104.0 0.909696184076 0.0
8.0 1.01601258285 0.0
185.0 13.5488451187 0.0
35.0 1.01921193165 0.0
94.0 0.986222534414 0.0
167.0 15.4317328966 1.0
163.0 -1.15026526448 0.0
64.0 16.4470765582 1.0
36.0 16.4905575569 1.0
50.0 0.96723962848 0.0
4.0 16.4158717573 1.0
142.0 1.01333716191 0.0
118.0 1.11530505556 0.0
101.0 16.4492064229 1.0
82.0 16.4541590782 1.0
22.0 16.4458709487 1.0
173.0 10.8243538962 1.0
95.0 0.998112021862 0.0
150.0 16.4863719488 1.0
106.0 0.985267719166 0.0
49.0 0.997232896139 0.0
99.0 16.4078308596 1.0
175.0 -0.65568150868 0.0
11.0 0.967706475266 0.0
165.0 10.0402601461 1.0
63.0 16.478401249 1.0
66.0 1.03328481175 0.0
33.0 0.974679963692 0.0
88.0 1.04094745841 0.0
134.0 16.4268127924 1.0
20.0 1.01134032573 0.0
object 54	1.0:0.5 -16.0053984137:0.5
13.0 -16.0345702509 1.0
130.0 -15.9875135563 1.0
27.0 0.979581441884 0.0
187.0 -0.392253869886 0.0
164.0 -16.8711885154 1.0
162.0 1.47599959033 0.0
95.0 0.946312964889 0.0
79.0 -16.0112471468 1.0
87.0 -15.9976771062 1.0
125.0 -15.9981625178 1.0
81.0 1.03477881433 0.0
168.0 -17.7001277972 1.0
117.0 1.00057931895 0.0
18.0 -16.0806131217 1.0
157.0 1.00055744434 0.0
80.0 -16.0273877608 1.0
152.0 -15.9021616676 1.0
58.0 -16.0010577711 1.0
161.0 -19.2203409856 1.0
61.0 1.02564504063 0.0
46.0 -16.1216924226 1.0
147.0 -15.9732501125 1.0
39.0 -16.0348669586 1.0
69.0 1.00387947931 0.0
object 55	1.0:0.5 -28.6903499195:0.5
129.0 -28.7978426436 1.0
3.0 -28.6945360097 1.0
153.0 -28.6896679535 1.0
77.0 0.981134830372 0.0
41.0 -28.7046334593 1.0
161.0 -30.9193994782 1.0
158.0 0.970454252276 0.0
120.0 1.01465734372 0.0
27.0 1.03057787415 0.0
68.0 -28.7428065367 1.0
95.0 -28.7130930177 1.0
143.0 -28.6011988195 1.0
37.0 0.9834025607 0.0
169.0 0.0575668202755 0.0
152.0 1.05679548924 0.0
187.0 -27.3432661459 1.0
76.0 0.955438357356 0.0
149.0 0.967547012681 0.0
178.0 -1.99024860541 0.0
130.0 1.06621513393 0.0
135.0 0.966018070909 0.0
15.0 1.00644094136 0.0
8.0 0.981602629821 0.0
56.0 -28.7281954367 1.0
46.0 1.00028583847 0.0
184.0 -28.9710670727 1.0
object 56	1.0:0.5 -11.2776139632:0.5
55.0 -11.2120382649 1.0
140.0 0.950326081519 0.0
56.0 -11.291075685 1.0
111.0 -11.2173051047 1.0
63.0 0.987616492388 0.0
194.0 -0.192438164078 0.0
154.0 -11.2066511966 1.0
171.0 -0.235496989739 0.0
9.0 1.05067886945 0.0
99.0 -11.2017547785 1.0
168.0 -12.8074766266 1.0
153.0 1.09779976737 0.0
42.0 1.07599557095 0.0
186.0 -1.35979194926 0.0
23.0 -11.2331416048 1.0
74.0 -11.2691178934 1.0
187.0 1.42413011892 0.0
115.0 -11.3241008186 1.0
44.0 -11.2500296224 1.0
180.0 -2.06836299569 0.0
159.0 -11.3133830194 1.0
160.0 -0.56090319618 0.0
192.0 1.27099667396 0.0
94.0 -11.1425711687 1.0
157.0 -11.2078767511 1.0
106.0 0.968571969375 0.0
96.0 1.00631241599 0.0
124.0 1.01059472818 0.0
129.0 1.0031341415 0.0
177.0 3.910821477 0.0
68.0 -11.2810177003 1.0
136.0 -11.2738535736 1.0
193.0 -13.2019480568 1.0
92.0 -11.2847480212 1.0
17.0 0.945258245825 0.0
144.0 0.998612139877 0.0
70.0 -11.2878357036 1.0
35.0 -11.2956270412 1.0
138.0 -11.2075063492 1.0
57.0 1.04203304968 0.0
25.0 -11.3195732094 1.0
107.0 -11.3226894832 1.0
73.0 0.946548731982 0.0
86.0 0.982308578143 0.0
110.0 1.0146264206 0.0
134.0 1.01784259488 0.0
object 57	1.0:0.5 3.88314826396:0.5
164.0 5.85390452442 0.0
70.0 3.85510723403 1.0
197.0 -5.03352448231 0.0
92.0 3.91385211485 1.0
195.0 2.44786044444 1.0
24.0 0.915008085873 0.0
87.0 3.84965654119 1.0
152.0 3.8711838246 1.0
165.0 -3.13472607207 0.0
97.0 3.90380719689 1.0
157.0 3.91254782806 1.0
89.0 1.07155276172 0.0
20.0 3.8969975089 1.0
40.0 0.944074260212 0.0
0.0 1.067980469 0.0
60.0 3.86331279866 1.0
177.0 6.0469735948 1.0
101.0 3.88992332318 1.0
81.0 0.962654908446 0.0
44.0 1.01328757608 0.0
43.0 0.935156996644 0.0
22.0 3.86667119393 1.0
object 58	1.0:0.5 15.8651333551:0.5
126.0 15.8843826166 1.0
183.0 -4.153003233 0.0
125.0 15.8893573986 1.0
60.0 15.9039009432 1.0
61.0 15.8142855797 1.0
193.0 -4.14359390217 0.0
162.0 9.95685676572 1.0
84.0 0.937220516826 0.0
49.0 0.962318654845 0.0
19.0 0.997713298788 0.0
82.0 15.843875225 1.0
170.0 16.0984070082 1.0
23.0 15.9104388112 1.0
28.0 15.895325368 1.0
154.0 0.953271470282 0.0
40.0 0.885155595217 0.0
111.0 0.955708438115 0.0
77.0 15.9316123916 1.0
148.0 15.8294316611 1.0
142.0 1.01451268785 0.0
86.0 0.972431415942 0.0
17.0 1.09158729421 0.0
74.0 15.8754644005 1.0
45.0 1.03589877293 0.0
47.0 15.8303427721 1.0
122.0 15.8539207176 1.0
132.0 15.8887388474 1.0
object 59	1.0:0.5 3.65387832139:0.5
138.0 3.64161158548 1.0
124.0 0.949154828979 0.0
27.0 3.62070910439 1.0
47.0 3.66065329033 1.0
141.0 3.64387291846 1.0
118.0 1.07577178989 0.0
6.0 1.05818354175 0.0
29.0 3.62207657813 1.0
14.0 0.960591130361 0.0
133.0 3.58062514057 1.0
77.0 3.64535022729 1.0
15.0 0.940610495648 0.0
158.0 3.67538653021 1.0
150.0 1.05192946967 0.0
176.0 2.85177102893 1.0
126.0 0.986463934371 0.0
51.0 3.71949630826 1.0
49.0 3.61897144307 1.0
19.0 3.66729708335 1.0
56.0 0.918298807737 0.0
97.0 0.927760403487 0.0
103.0 0.903942765716 0.0
object 60	1.0:0.5 4.23430875981:0.5
30.0 1.00361133059 0.0
9.0 4.208503348 1.0
0.0 4.30891481687 1.0
40.0 4.29104160892 1.0
141.0 4.24561285196 1.0
79.0 4.24842602919 1.0
26.0 1.01093061788 0.0
165.0 -4.32120279385 0.0
14.0 4.15497776655 1.0
54.0 0.979828554394 0.0
186.0 1.71475415486 0.0
66.0 0.949997570175 0.0
41.0 0.983078183593 0.0
110.0 1.00002036761 0.0
195.0 -5.75662996029 0.0
170.0 -0.691167941863 0.0
106.0 4.30584998048 1.0
168.0 2.22862139026 0.0
6.0 1.02920157315 0.0
111.0 0.976724228386 0.0
169.0 5.8343616458 1.0
132.0 4.30822061316 1.0
68.0 0.96261021593 0.0
102.0 0.938339613477 0.0
29.0 0.957872041009 0.0
112.0 0.987873858491 0.0
45.0 1.06428973892 0.0
138.0 0.981576619224 0.0
object 61	1.0:0.5 -6.32342434812:0.5
28.0 0.964881537581 0.0
37.0 -6.28501593075 1.0
42.0 1.0323634595 0.0
26.0 -6.37292653913 1.0
196.0 4.20769265577 0.0
193.0 6.54530436935 0.0
60.0 1.08324742471 0.0
31.0 0.886978002458 0.0
23.0 -6.39170767411 1.0
67.0 0.991925420127 0.0
100.0 -6.30267761604 1.0
74.0 -6.42136045512 1.0
124.0 1.05711548058 0.0
141.0 0.999471484987 0.0
111.0 -6.35156901902 1.0
9.0 -6.2392865485 1.0
89.0 -6.31927881266 1.0
83.0 0.980763565963 0.0
154.0 -6.33285261335 1.0
40.0 -6.35844087728 1.0
179.0 -10.5871182483 1.0
24.0 -6.19236918742 1.0
101.0 0.99950478467 0.0
43.0 1.07463792001 0.0
120.0 -6.29370215792 1.0
127.0 0.983600158138 0.0
59.0 -6.35492902752 1.0
180.0 -4.74507595709 1.0
object 62	1.0:0.5 15.9133327653:0.5
21.0 15.9617797379 1.0
61.0 15.9116069421 1.0
9.0 1.10348973812 0.0
104.0 15.8748414651 1.0
134.0 15.993603027 1.0
73.0 0.991583294313 0.0
136.0 15.909358461 1.0
0.0 0.991882758405 0.0
6.0 15.9679954894 1.0
142.0 15.943688299 1.0
176.0 3.12519336093 0.0
5.0 15.9139237854 1.0
79.0 15.9664501792 1.0
143.0 1.01111104613 0.0
7.0 15.8987149865 1.0
130.0 0.976287430334 0.0
90.0 1.03426565994 0.0
23.0 15.890100104 1.0
140.0 15.9919133364 1.0
51.0 15.8780738654 1.0
1.0 0.966647544674 0.0
98.0 0.933992871393 0.0
60.0 0.975803682183 0.0
72.0 15.8252866543 1.0
2.0 15.9509282429 1.0
38.0 0.967921584829 0.0
122.0 0.926143479105 0.0
object 63	1.0:0.5 14.9414915688:0.5
81.0 1.0539644336 0.0
79.0 0.993005769475 0.0
135.0 0.919243470549 0.0
43.0 1.08942013892 0.0
78.0 1.02724597024 0.0
96.0 0.969105535991 0.0
129.0 1.00722380199 0.0
151.0 0.920411216209 0.0
39.0 0.955226594697 0.0
70.0 1.00549015699 0.0
138.0 14.9048775658 1.0
80.0 14.9527130547 1.0
12.0 1.02980832016 0.0
113.0 0.938624205977 0.0
110.0 14.9272013031 1.0
21.0 1.01259825858 0.0
24.0 1.01882651983 0.0
107.0 14.9364796275 1.0
144.0 0.998024568308 0.0
182.0 16.628365204 1.0
5.0 14.9023852496 1.0
147.0 0.934207016921 0.0
32.0 0.940768601799 0.0
object 64	1.0:0.5 6.19847111061:0.5
89.0 1.07726585866 0.0
44.0 0.947440738333 0.0
12.0 6.18862998082 1.0
115.0 6.13181817907 1.0
111.0 6.23359021668 1.0
133.0 6.2064944865 1.0
109.0 6.18776928299 1.0
136.0 6.18303385691 1.0
36.0 1.04554603196 0.0
85.0 0.983140890616 0.0
59.0 0.922830936992 0.0
160.0 6.72513466469 1.0
60.0 0.976344240187 0.0
116.0 6.21321214861 1.0
54.0 6.22671882634 1.0
106.0 1.00370370788 0.0
177.0 -1.47966258822 0.0
100.0 6.20996894359 1.0
184.0 0.714003153581 0.0
174.0 6.78324845253 1.0
70.0 0.946319237909 0.0
103.0 0.987573525224 0.0
139.0 1.0259470499 0.0
69.0 6.2022197688 1.0
16.0 0.938400888054 0.0
164.0 -4.38999776861 0.0
151.0 6.16656231493 1.0
81.0 0.961262915869 0.0
180.0 4.48630765566 1.0
object 65	1.0:0.5 10.4667490691:0.5
72.0 10.5271815216 1.0
195.0 2.16922520424 0.0
32.0 0.999199907951 0.0
82.0 10.5200459167 1.0
10.0 1.14793238384 0.0
134.0 10.5016928192 1.0
143.0 1.08098451553 0.0
191.0 12.0976252364 1.0
3.0 10.3890423548 1.0
58.0 0.996769214619 0.0
4.0 10.4505760479 1.0
38.0 0.969053469651 0.0
149.0 10.4145902305 1.0
64.0 10.4690106258 1.0
86.0 0.979994274952 0.0
178.0 0.569659597219 0.0
12.0 1.071086549 0.0
197.0 2.8024891593 0.0
192.0 6.03388472451 1.0
18.0 0.930287130266 0.0
144.0 10.4472120208 1.0
199.0 18.1746782219 1.0
47.0 10.4891560499 1.0
42.0 10.401132613 1.0
141.0 10.435941629 1.0
111.0 10.3949483269 1.0
133.0 10.5175289172 1.0
185.0 2.82329007166 1.0
166.0 1.05627015534 0.0
183.0 9.40336798882 1.0
34.0 0.950761075942 0.0
83.0 10.4186272341 1.0
146.0 0.951198650694 0.0
44.0 10.4861253375 1.0
14.0 1.00954156028 0.0
87.0 10.447869112 1.0
object 66	1.0:0.5 -20.1756453902:0.5
179.0 -15.740768185 1.0
156.0 1.06820337362 0.0
168.0 3.08577882759 0.0
138.0 1.00568626823 0.0
111.0 0.944763213191 0.0
30.0 -20.2182429963 1.0
117.0 -20.1035627277 1.0
166.0 -20.2347670495 1.0
127.0 -20.2204191327 1.0
150.0 1.03077750319 0.0
78.0 -20.1704353665 1.0
38.0 -20.1436158238 1.0
15.0 1.07802701879 0.0
59.0 -20.1525145886 1.0
149.0 0.985385988092 0.0
177.0 -12.9013023922 1.0
186.0 3.60698067852 0.0
100.0 -20.2961863039 1.0
113.0 1.01642189851 0.0
107.0 0.942389210839 0.0
88.0 0.981599164158 0.0
29.0 0.978406622291 0.0
72.0 -20.1621767935 1.0
object 67	1.0:0.5 4.32694048836:0.5
147.0 4.32269353544 1.0
123.0 4.23208754379 1.0
169.0 6.30913250201 1.0
158.0 4.28082358611 1.0
71.0 4.34535439311 1.0
23.0 1.12042133798 0.0
22.0 4.31905830994 1.0
108.0 4.29637672094 1.0
101.0 4.40728234279 1.0
82.0 0.980652954437 0.0
69.0 0.96222517837 0.0
19.0 4.37337814684 1.0
5.0 0.946103260135 0.0
88.0 1.02713687216 0.0
142.0 0.934769547581 0.0
160.0 7.63979635628 1.0
133.0 0.956335255904 0.0
113.0 0.957501630082 0.0
93.0 1.00308099633 0.0
33.0 4.2459041475 1.0
95.0 4.29171023436 1.0
187.0 -0.166403696987 0.0
181.0 -3.25838619619 0.0
0.0 4.2803195573 1.0
172.0 -0.370649856593 0.0
31.0 4.25398575359 1.0
184.0 5.1347698343 1.0
10.0 4.31446809078 1.0
18.0 1.00070177961 0.0
173.0 2.86424303382 1.0
object 68	1.0:0.5 4.28186509283:0.5
139.0 4.19517654663 1.0
89.0 1.0322655349 0.0
179.0 5.62402833535 0.0
90.0 0.989280064024 0.0
168.0 6.20524082318 1.0
67.0 1.03260936077 0.0
127.0 4.27832799935 1.0
160.0 -1.03550766918 0.0
12.0 1.03149848687 0.0
72.0 1.0144638983 0.0
124.0 1.0092687073 0.0
47.0 4.30600898153 1.0
100.0 4.18351200753 1.0
181.0 -2.25486336549 0.0
189.0 3.19384747131 1.0
148.0 4.30811992371 1.0
6.0 1.06544122977 0.0
34.0 4.21450068748 1.0
175.0 3.59304098457 0.0
131.0 0.91475595737 0.0
65.0 4.29553476342 1.0
116.0 0.916570576677 0.0
182.0 7.08247362313 1.0
162.0 1.6977690007 1.0
64.0 0.967850770662 0.0
98.0 4.27657898785 1.0
50.0 4.28757078072 1.0
object 69	1.0:0.5 1.48163144009:0.5
40.0 0.962468328891 0.0
111.0 1.02847589509 0.0
155.0 1.5258271562 1.0
188.0 -2.89932605826 0.0
56.0 1.48808258435 1.0
104.0 1.5295310696 1.0
14.0 0.904815203682 0.0
159.0 1.55031718154 1.0
6.0 1.49993104126 1.0
48.0 1.01913516343 0.0
106.0 0.944631053609 0.0
166.0 3.45241067637 1.0
69.0 1.51802841797 1.0
26.0 1.45874125032 1.0
0.0 0.960102225195 0.0
163.0 1.66569694455 1.0
38.0 1.46035746212 1.0
158.0 1.50995100737 1.0
173.0 3.06311733035 1.0
2.0 1.03400605738 0.0
63.0 1.06303670789 0.0
136.0 1.50645731342 1.0
28.0 0.968462631613 0.0
137.0 0.99554886165 0.0
185.0 7.3782898108 0.0
31.0 0.953732872142 0.0
168.0 2.6486673054 0.0
129.0 1.01162421328 0.0
124.0 1.03042762351 0.0
133.0 1.58012448862 1.0
152.0 0.998095537766 0.0
108.0 0.958293733961 0.0
23.0 1.49741329396 1.0
object 70	1.0:0.5 16.9355522328:0.5
191.0 23.5761745643 1.0
76.0 1.07610229222 0.0
119.0 1.04585821442 0.0
145.0 16.9176172869 1.0
41.0 16.9404515183 1.0
24.0 0.967178276799 0.0
144.0 1.03689655424 0.0
69.0 1.06191425192 0.0
49.0 17.0627279183 1.0
187.0 0.798394697346 0.0
3.0 1.10851346176 0.0
89.0 16.9370028627 1.0
94.0 16.8833932182 1.0
59.0 16.9658570744 1.0
182.0 0.67842258899 0.0
103.0 16.9403133438 1.0
29.0 0.964622722419 0.0
14.0 0.978661582695 0.0
180.0 18.1457698062 1.0
130.0 16.9137606896 1.0
19.0 16.9449509559 1.0
175.0 17.780973317 1.0
143.0 16.9901891843 1.0
136.0 16.8780071471 1.0
169.0 2.13946251182 0.0
173.0 1.99356519097 0.0
192.0 -3.41940858953 0.0
43.0 16.9575036805 1.0
9.0 1.0367218759 0.0
161.0 14.4692589391 1.0
116.0 0.942342512352 0.0
142.0 16.9289465799 1.0
112.0 0.982870884792 0.0
197.0 15.9178757243 1.0
100.0 16.940216153 1.0
134.0 16.9120379658 1.0
object 71	1.0:0.5 -1.47577723581:0.5
82.0 -1.45972874502 1.0
181.0 0.691417620197 0.0
21.0 -1.46112309884 1.0
145.0 -1.47014190499 1.0
24.0 -1.45431648188 1.0
95.0 0.984971746462 0.0
33.0 -1.43175351107 1.0
170.0 -2.73092730164 1.0
172.0 -1.72956221794 1.0
111.0 -1.50941601307 1.0
93.0 -1.51561407171 1.0
4.0 0.895124891158 0.0
73.0 1.02225772586 0.0
13.0 -1.55310621396 1.0
55.0 -1.39101262625 1.0
2.0 1.02421360566 0.0
156.0 -1.44870937953 1.0
43.0 -1.42558727097 1.0
20.0 1.0212894366 0.0
193.0 -3.55995466229 0.0
195.0 -5.34123476455 1.0
104.0 1.04990963519 0.0
31.0 1.00523780251 0.0
123.0 1.00304889184 0.0
88.0 -1.53021015474 1.0
60.0 -1.497783349 1.0
62.0 0.98400641257 0.0
154.0 -1.48887965173 1.0
137.0 0.984067158671 0.0
192.0 -3.5004863273 1.0
object 72	1.0:0.5 13.4708768353:0.5
26.0 13.5045629603 1.0
58.0 1.03752222925 0.0
112.0 1.00531652123 0.0
194.0 14.4448818801 1.0
105.0 13.4764491884 1.0
71.0 13.4657020075 1.0
154.0 13.5016702742 1.0
83.0 13.4869471255 1.0
36.0 13.4804403591 1.0
12.0 0.902184659444 0.0
66.0 13.3852051369 1.0
129.0 13.4679550701 1.0
177.0 12.9178017271 1.0
68.0 0.966458969112 0.0
52.0 13.4552396119 1.0
94.0 13.3862661149 1.0
176.0 15.9496701794 1.0
125.0 1.00075635235 0.0
3.0 0.945556495925 0.0
100.0 13.4818671869 1.0
1.0 1.07494609422 0.0
142.0 13.4664165405 1.0
104.0 0.993094886386 0.0
object 73	1.0:0.5 -5.83831118718:0.5
8.0 1.01104313597 0.0
147.0 1.12217765898 0.0
119.0 1.01164161963 0.0
78.0 -5.91119704011 1.0
91.0 -5.87646027794 1.0
115.0 0.970864752625 0.0
167.0 0.690427371342 0.0
174.0 7.02811620923 0.0
159.0 1.00702160561 0.0
140.0 0.951290621562 0.0
38.0 1.0522760816 0.0
97.0 0.965539318214 0.0
127.0 0.978970221279 0.0
192.0 4.95369850836 0.0
111.0 1.09188179804 0.0
110.0 -5.89637333453 1.0
62.0 1.01510590866 0.0
49.0 1.06554324168 0.0
31.0 1.02731381144 0.0
13.0 1.00837573582 0.0
193.0 -6.74556773493 1.0
103.0 -5.74441442159 1.0
23.0 0.973923046397 0.0
object 74	1.0:0.5 3.95153524491:0.5
145.0 3.9135905296 1.0
199.0 9.95516737577 1.0
100.0 3.88535365317 1.0
176.0 11.737718114 0.0
129.0 3.97789273293 1.0
31.0 3.97688453811 1.0
93.0 3.93273136494 1.0
84.0 0.932232452478 0.0
81.0 0.877399659176 0.0
86.0 3.91464244025 1.0
152.0 1.10937702058 0.0
102.0 3.97642150582 1.0
156.0 3.91693732493 1.0
22.0 1.00056879286 0.0
120.0 1.08014799923 0.0
39.0 3.92450338288 1.0
104.0 4.02599924038 1.0
27.0 1.06831301857 0.0
71.0 3.86314766497 1.0
170.0 1.31906206132 0.0
174.0 1.07123549659 0.0
185.0 5.6047146165 0.0
38.0 3.87329300146 1.0
193.0 -8.04525816399 0.0
190.0 4.0036990118 1.0
object 75	1.0:0.5 3.64456265184:0.5
176.0 -0.943945903657 1.0
6.0 3.59687419626 1.0
17.0 1.03476722033 0.0
101.0 0.96487441098 0.0
28.0 3.61614092452 1.0
188.0 4.32823281296 1.0
83.0 1.01399152331 0.0
92.0 1.00069597496 0.0
75.0 3.77575716658 1.0
1.0 0.995980042095 0.0
18.0 3.59477379167 1.0
113.0 3.6302664937 1.0
127.0 1.02577834677 0.0
128.0 0.988542429428 0.0
82.0 1.01119036308 0.0
15.0 1.006843984 0.0
191.0 1.52603714269 0.0
95.0 0.967306181589 0.0
13.0 3.65229622251 1.0
158.0 3.57557944427 1.0
27.0 3.59654366259 1.0
106.0 0.993676532328 0.0
165.0 -3.86579912488 0.0
51.0 3.61609051707 1.0
111.0 3.68701007961 1.0
147.0 1.03877990735 0.0
153.0 3.71943984741 1.0
43.0 3.69709083654 1.0
179.0 0.690358801746 1.0
160.0 2.43061782467 0.0
object 76	1.0:0.5 13.9310619308:0.5
133.0 1.00206671336 0.0
88.0 13.9920648247 1.0
120.0 0.957275259656 0.0
180.0 15.2514012138 1.0
19.0 13.9520756313 1.0
168.0 0.646758950118 0.0
194.0 -1.17007039403 0.0
199.0 14.6259204703 1.0
165.0 5.98894282429 1.0
84.0 13.9041517485 1.0
164.0 14.0908374094 1.0
160.0 4.89398915218 0.0
102.0 0.987890975025 0.0
148.0 14.0120317438 1.0
181.0 16.1743517557 1.0
189.0 0.781684642516 0.0
5.0 0.944365733063 0.0
13.0 1.06414743074 0.0
105.0 14.0538005039 1.0
80.0 1.04701314676 0.0
26.0 0.977563760733 0.0
17.0 0.969409445882 0.0
46.0 0.925596742908 0.0
187.0 14.4931284306 1.0
143.0 1.06470834853 0.0
object 77	1.0:0.5 2.00630634762:0.5
72.0 0.982144687855 0.0
129.0 1.07857214096 0.0
183.0 5.2103780891 1.0
132.0 0.969496377436 0.0
108.0 0.975402180967 0.0
159.0 2.00152943155 1.0
79.0 0.996354730207 0.0
100.0 2.02510275004 1.0
54.0 1.95814763332 1.0
60.0 1.9596487336 1.0
127.0 1.04578283727 0.0
157.0 1.01488831386 0.0
78.0 1.9844068146 1.0
39.0 1.09929475813 0.0
186.0 -9.56538087056 1.0
156.0 1.87938480456 1.0
191.0 5.86504115143 0.0
34.0 1.95173703373 1.0
69.0 1.9786308721 1.0
179.0 5.89156420538 1.0
193.0 -4.00497376227 0.0
53.0 1.00122335529 0.0
110.0 1.99512150225 1.0
188.0 1.3762556624 1.0
89.0 1.03639308166 0.0
85.0 1.96047764343 1.0
134.0 0.940817003786 0.0
135.0 1.02361729065 0.0
object 78	1.0:0.5 -2.75212090611:0.5
126.0 1.06942557278 0.0
197.0 -7.21783224519 1.0
20.0 1.04786126609 0.0
162.0 -0.482297402084 0.0
22.0 1.12478378144 0.0
6.0 -2.73555722436 1.0
62.0 -2.76731317875 1.0
70.0 -2.73634155925 1.0
73.0 -2.77993547573 1.0
120.0 -2.81158727347 1.0
18.0 1.00215646868 0.0
10.0 -2.84044378675 1.0
181.0 1.58771639291 0.0
111.0 -2.72551179043 1.0
116.0 1.0348109094 0.0
117.0 -2.75183437975 1.0
94.0 1.04283933338 0.0
34.0 -2.80377652299 1.0
157.0 0.989247448748 0.0
52.0 -2.65592491233 1.0
57.0 1.09960393933 0.0
103.0 0.959060942308 0.0
2.0 1.02907680632 0.0
164.0 0.083770157077 0.0
13.0 -2.76322529438 1.0
99.0 1.07974608731 0.0
170.0 0.0457961409164 0.0
38.0 -2.70449611822 1.0
95.0 1.01562059786 0.0
186.0 -11.0506071788 1.0
object 79	1.0:0.5 4.41695228348:0.5
118.0 0.939124506284 0.0
13.0 4.43534910202 1.0
96.0 1.02288828767 0.0
137.0 1.00122354143 0.0
191.0 -0.203592923911 1.0
68.0 0.975266184548 0.0
2.0 1.01311497229 0.0
20.0 4.41065824354 1.0
10.0 1.02668179535 0.0
70.0 4.54499896331 1.0
58.0 0.964213521876 0.0
152.0 1.00286237944 0.0
71.0 4.40761458923 1.0
141.0 4.4438151868 1.0
77.0 1.03334367112 0.0
84.0 4.35194191682 1.0
173.0 0.579120752182 1.0
124.0 0.919703744799 0.0
99.0 1.06868147335 0.0
89.0 4.44771341066 1.0
146.0 4.52224543741 1.0
126.0 4.39824415388 1.0
37.0 4.36982080973 1.0
175.0 9.35321607461 1.0
110.0 4.39382711409 1.0
176.0 8.59220065399 0.0
119.0 4.35256556859 1.0
163.0 2.37136143158 0.0
92.0 0.988002891694 0.0
69.0 4.35440081275 1.0
157.0 0.932772780582 0.0
144.0 4.43716476188 1.0
6.0 4.382963426 1.0
73.0 1.06202449553 0.0
object 80	1.0:0.5 -0.553025402696:0.5
97.0 -0.499891201555 1.0
56.0 -0.550546281026 1.0
61.0 -0.531631645487 1.0
38.0 -0.49638505564 1.0
134.0 0.814226175113 0.0
52.0 0.898078491296 0.0
163.0 0.63983577725 1.0
40.0 0.984165580723 0.0
76.0 -0.590759489919 1.0
129.0 -0.608201095518 1.0
169.0 6.30718961514 0.0
51.0 1.04789762957 0.0
27.0 0.953816673302 0.0
123.0 -0.637560676991 1.0
156.0 -0.538320425353 1.0
91.0 -0.51352888695 1.0
84.0 1.06272576666 0.0
149.0 1.09813763101 0.0
183.0 -0.44937776941 1.0
18.0 -0.435926742948 1.0
192.0 5.15951337491 0.0
47.0 1.01521467991 0.0
124.0 -0.541578263997 1.0
154.0 1.0269842855 0.0
139.0 -0.513476130182 1.0
5.0 1.0851691599 0.0
181.0 -4.8176109103 1.0
117.0 -0.552456155041 1.0
81.0 -0.490268526876 1.0
191.0 10.5932181147 0.0
75.0 -0.546716766728 1.0
138.0 -0.54984851758 1.0
147.0 -0.487078205483 1.0
17.0 0.954763161606 0.0
198.0 -1.36071618256 1.0
29.0 -0.563259857732 1.0
20.0 -0.559310745326 1.0
143.0 1.04401183517 0.0
103.0 0.969655584026 0.0
158.0 1.03739783397 0.0
153.0 -0.581310168522 1.0
44.0 0.975259350158 0.0
31.0 1.02359996675 0.0
190.0 2.17635490623 1.0
11.0 0.945303685628 0.0
59.0 1.02810642621 0.0
object 81	1.0:0.5 21.4296194433:0.5
73.0 0.907238369 0.0
148.0 0.979247410589 0.0
117.0 21.4196491506 1.0
100.0 21.3782804718 1.0
184.0 1.79817807792 0.0
14.0 21.426293764 1.0
185.0 -7.35406127105 0.0
85.0 0.941841459752 0.0
190.0 19.8830294798 1.0
99.0 1.04836986966 0.0
160.0 1.56398302949 0.0
38.0 0.982810324271 0.0
31.0 21.4500370712 1.0
6.0 1.01261544636 0.0
173.0 21.0735104336 1.0
122.0 1.00395653822 0.0
78.0 21.3874185823 1.0
5.0 21.4274960079 1.0
183.0 22.8870462612 1.0
103.0 0.966377947975 0.0
174.0 -3.96869895613 0.0
19.0 0.953744127627 0.0
25.0 21.4488265504 1.0
68.0 1.04727327753 0.0
54.0 21.4402246391 1.0
53.0 1.01728358657 0.0
129.0 21.5380222387 1.0
199.0 11.6937358567 1.0
154.0 0.949966670082 0.0
object 82	1.0:0.5 -9.24138634235:0.5
82.0 -9.13029401145 1.0
187.0 1.05913237755 0.0
14.0 -9.1576725237 1.0
160.0 0.662896736355 0.0
130.0 1.04139030154 0.0
123.0 1.06970479527 0.0
35.0 0.968333962238 0.0
61.0 -9.20444159096 1.0
29.0 -9.24421823722 1.0
9.0 -9.2010664198 1.0
125.0 -9.29739689468 1.0
184.0 1.25142556566 0.0
99.0 -9.21093471718 1.0
45.0 1.02133418939 0.0
173.0 -8.88786662569 1.0
2.0 1.0393869294 0.0
117.0 -9.30003051172 1.0
189.0 -1.77767364497 0.0
148.0 1.04005479376 0.0
141.0 1.03104199143 0.0
166.0 -8.26549756339 1.0
178.0 -7.55110657837 1.0
33.0 -9.15865417018 1.0
181.0 -14.2913526839 1.0
146.0 1.03249391209 0.0
8.0 0.968534030162 0.0
60.0 -9.22669255246 1.0
1.0 -9.17659501229 1.0
163.0 -6.9098657138 1.0
21.0 -9.23040049517 1.0
52.0 1.02664728831 0.0
90.0 0.957601639382 0.0
object 83	1.0:0.5 6.21638755668:0.5
154.0 6.10616460659 1.0
43.0 6.24642576311 1.0
179.0 5.10350695132 1.0
7.0 1.04656214805 0.0
197.0 7.5217155925 1.0
177.0 9.56156204049 1.0
118.0 6.20636493346 1.0
8.0 0.999839736716 0.0
138.0 6.24034205454 1.0
94.0 6.18899962513 1.0
77.0 0.913869491329 0.0
17.0 0.969423013858 0.0
171.0 0.99443838304 0.0
143.0 1.02393761367 0.0
64.0 6.20274293971 1.0
27.0 0.957032662829 0.0
124.0 1.02311369502 0.0
109.0 6.26927560637 1.0
188.0 0.173602103235 0.0
104.0 6.19933595238 1.0
2.0 1.10064203863 0.0
34.0 6.3043190164 1.0
174.0 16.8096286188 1.0
10.0 1.04022158054 0.0
87.0 0.984485746774 0.0
1.0 1.02639938291 0.0
193.0 2.01208434518 1.0
103.0 6.20837343426 1.0
5.0 6.21501909508 1.0
155.0 6.21115107914 1.0
object 84	1.0:0.5 2.78830753418:0.5
164.0 0.43139800445 0.0
195.0 1.49886934188 1.0
136.0 1.01600771881 0.0
14.0 0.955131073435 0.0
84.0 2.80794088014 1.0
156.0 2.75593279077 1.0
184.0 4.02042867189 0.0
98.0 1.11043707411 0.0
186.0 1.1503157817 0.0
109.0 1.03006274682 0.0
27.0 2.74240728845 1.0
190.0 -0.428883678547 0.0
119.0 2.79773259324 1.0
185.0 2.83459900023 1.0
62.0 2.88667498287 1.0
39.0 2.76853120693 1.0
56.0 1.02005347397 0.0
155.0 2.77087912568 1.0
105.0 1.00211046688 0.0
106.0 2.78597199589 1.0
52.0 2.73650829001 1.0
90.0 2.77712961283 1.0
47.0 2.79712023366 1.0
83.0 2.85681226702 1.0
17.0 0.991946768536 0.0
32.0 2.83565100501 1.0
160.0 0.439807989797 1.0
76.0 2.72726356503 1.0
196.0 2.25708520918 1.0
15.0 1.00626746073 0.0
38.0 2.77814537453 1.0
188.0 1.42459085055 0.0
197.0 -2.83642937485 0.0
4.0 2.79128788695 1.0
object 85	1.0:0.5 11.0380830027:0.5
49.0 1.02159137546 0.0
120.0 11.017716995 1.0
82.0 11.0035620828 1.0
96.0 0.968566255936 0.0
39.0 0.997638727326 0.0
179.0 3.11859621173 1.0
130.0 11.0607953142 1.0
128.0 1.05897893266 0.0
13.0 11.0376583292 1.0
94.0 1.01899343844 0.0
51.0 1.05159756422 0.0
107.0 1.0003963228 0.0
50.0 0.949970588941 0.0
147.0 11.0071905191 1.0
1.0 11.0650313168 1.0
79.0 0.870674274372 0.0
183.0 -0.998269870651 0.0
5.0 11.0469182809 1.0
object 86	1.0:0.5 1.83500535898:0.5
184.0 -1.2957539203 0.0
89.0 1.01138196052 0.0
193.0 -0.0508649682695 1.0
22.0 1.01996360703 0.0
106.0 1.85842965537 1.0
100.0 1.87043259191 1.0
12.0 1.76560986127 1.0
122.0 1.01020218732 0.0
57.0 1.76622148619 1.0
113.0 1.92479072789 1.0
68.0 1.026721504 0.0
137.0 1.84338879226 1.0
166.0 -3.03899511382 1.0
140.0 1.00496315616 0.0
146.0 1.77884532543 1.0
48.0 1.83226882197 1.0
124.0 0.989640126683 0.0
144.0 1.96394901202 1.0
149.0 1.8429303977 1.0
64.0 1.83366302224 1.0
178.0 0.779851684303 0.0
10.0 1.81442571477 1.0
61.0 1.74578833102 1.0
31.0 1.73907926747 1.0
188.0 2.13303677884 0.0
167.0 4.58153068177 1.0
88.0 1.80006510277 1.0
4.0 0.978551773256 0.0
179.0 -1.095440464 1.0
15.0 0.974807215161 0.0
object 87	1.0:0.5 -11.3845910542:0.5
75.0 -11.3772938924 1.0
3.0 1.01906943372 0.0
111.0 -11.4023014977 1.0
82.0 1.0298374556 0.0
6.0 -11.3579725466 1.0
68.0 -11.3831148384 1.0
131.0 -11.3614154389 1.0
22.0 -11.3866590252 1.0
40.0 -11.4031085521 1.0
67.0 -11.4291570638 1.0
71.0 -11.3603747033 1.0
70.0 1.02496454054 0.0
66.0 1.01127656329 0.0
57.0 -11.4209492421 1.0
1.0 -11.4430611889 1.0
104.0 -11.4322128925 1.0
124.0 -11.4723396261 1.0
31.0 0.96688481643 0.0
14.0 -11.3274326241 1.0
105.0 0.949995923256 0.0
152.0 -11.3566880626 1.0
167.0 -14.5858360996 1.0
54.0 -11.4171794865 1.0
156.0 -11.3650845758 1.0
object 88	1.0:0.5 18.0684264146:0.5
186.0 9.18795552495 0.0
13.0 0.874078888607 0.0
58.0 18.0668326428 1.0
115.0 1.03775761722 0.0
113.0 18.0132650675 1.0
78.0 1.0205749626 0.0
104.0 18.0668152268 1.0
57.0 18.059525737 1.0
120.0 18.1007452737 1.0
72.0 18.1079298351 1.0
48.0 18.1315027435 1.0
95.0 18.1231470811 1.0
158.0 1.01785335679 0.0
47.0 18.0894934384 1.0
21.0 0.98341736454 0.0
45.0 18.0378468849 1.0
163.0 0.446950287557 0.0
132.0 18.1362128872 1.0
129.0 18.0280960127 1.0
161.0 19.2722079583 1.0
196.0 17.394489203 1.0
34.0 0.959151802456 0.0
36.0 18.0981553373 1.0
50.0 0.972847485301 0.0
76.0 1.04108384618 0.0
61.0 18.1252529756 1.0
22.0 18.0652019382 1.0
64.0 1.0378383409 0.0
23.0 0.971357869992 0.0
19.0 1.01256199484 0.0
165.0 -3.24553089965 0.0
90.0 1.01249300116 0.0
7.0 18.0917332712 1.0
object 89	1.0:0.5 -7.71392385578:0.5
170.0 0.869795943269 0.0
10.0 -7.6502779988 1.0
6.0 0.949230670588 0.0
40.0 0.942751722713 0.0
120.0 -7.71035407445 1.0
113.0 -7.74365582218 1.0
32.0 0.920122917239 0.0
168.0 1.85345777312 0.0
112.0 -7.72966203823 1.0
4.0 0.975575785059 0.0
147.0 1.02286036892 0.0
99.0 1.00203880743 0.0
152.0 -7.70272663152 1.0
161.0 -7.22097222083 1.0
153.0 1.00699715975 0.0
194.0 3.94828191775 0.0
154.0 0.953019397682 0.0
95.0 -7.71542352987 1.0
21.0 0.963892911574 0.0
91.0 -7.78390849598 1.0
59.0 1.0599834765 0.0
109.0 -7.73555915916 1.0
150.0 1.0083018725 0.0
116.0 -7.68319801745 1.0
89.0 0.96383432848 0.0
20.0 1.00952365593 0.0
56.0 -7.71298751157 1.0
101.0 -7.64922926707 1.0
133.0 0.995208002361 0.0
object 90	1.0:0.5 -3.9854686542:0.5
18.0 -4.04943574792 1.0
71.0 -3.95914454499 1.0
126.0 0.949351525142 0.0
41.0 1.02448992293 0.0
85.0 1.06003256992 0.0
196.0 -9.53775062102 1.0
3.0 1.00781027114 0.0
171.0 1.03953623945 0.0
42.0 -3.95774431274 1.0
22.0 -4.149339426 1.0
73.0 0.99868524793 0.0
83.0 1.01272059042 0.0
117.0 1.04252561506 0.0
19.0 -4.02380145429 1.0
76.0 0.992961238251 0.0
13.0 -3.95346607905 1.0
130.0 1.02283019971 0.0
187.0 -4.05028335363 1.0
174.0 -3.27064103657 1.0
148.0 -3.98115368127 1.0
52.0 -3.83685504846 1.0
109.0 1.04048114505 0.0
55.0 -3.87349698446 1.0
61.0 -3.96511014871 1.0
194.0 -5.3047666205 1.0
69.0 1.01194594106 0.0
90.0 -3.93269633045 1.0
93.0 0.974100183861 0.0
48.0 -4.02435166696 1.0
91.0 -3.92878015403 1.0
object 91	1.0:0.5 3.37978021807:0.5
69.0 3.40961956266 1.0
108.0 3.42463189166 1.0
185.0 -1.80010493997 1.0
46.0 1.09384343588 0.0
192.0 5.91405148193 1.0
197.0 0.00425793152841 0.0
104.0 0.98324079522 0.0
58.0 3.44160169327 1.0
37.0 0.993760118883 0.0
177.0 0.837234681614 1.0
165.0 -0.571751589902 0.0
92.0 1.0560752769 0.0
167.0 0.579447176029 0.0
124.0 0.944209929023 0.0
151.0 0.99653980939 0.0
142.0 1.04161621169 0.0
27.0 0.946433567132 0.0
179.0 0.553928975187 0.0
16.0 1.00924620789 0.0
186.0 4.69124784621 1.0
90.0 1.02282833436 0.0
57.0 1.00369852453 0.0
143.0 1.03265444158 0.0
55.0 1.00781690228 0.0
25.0 0.972094115242 0.0
125.0 0.975503131216 0.0
97.0 3.39255367307 1.0
59.0 3.35924211708 1.0
100.0 1.06460969145 0.0
183.0 0.0713709765735 0.0
166.0 4.80378495506 1.0
138.0 0.983123158714 0.0
43.0 3.37282646228 1.0
78.0 3.33719321511 1.0
190.0 5.67933487865 1.0
113.0 3.29768049679 1.0
object 92	1.0:0.5 -5.52902735988:0.5
24.0 1.00257474343 0.0
46.0 1.08212858224 0.0
161.0 3.39812677456 0.0
198.0 3.66916706702 0.0
180.0 -5.89122792444 1.0
19.0 -5.47980746613 1.0
190.0 -7.46461641864 1.0
26.0 -5.43929323379 1.0
25.0 1.02879199986 0.0
74.0 1.08913022145 0.0
82.0 0.929632015688 0.0
151.0 0.926963226111 0.0
38.0 -5.5158042941 1.0
9.0 1.03868038327 0.0
3.0 -5.64085971234 1.0
107.0 0.965284451623 0.0
100.0 0.930406355539 0.0
15.0 1.09141355013 0.0
142.0 -5.50361452082 1.0
109.0 -5.46703503907 1.0
object 93	1.0:0.5 -5.4037366132:0.5
28.0 1.02448585497 0.0
156.0 -5.42247551627 1.0
32.0 0.947625269466 0.0
163.0 -0.187339765524 0.0
79.0 -5.36635096462 1.0
119.0 -5.34594773936 1.0
197.0 0.656704615962 0.0
141.0 0.99405590111 0.0
66.0 0.996516198397 0.0
60.0 0.970764088918 0.0
42.0 1.10528224723 0.0
125.0 1.01595284547 0.0
132.0 0.968617337013 0.0
44.0 0.976262329391 0.0
159.0 0.973462294595 0.0
142.0 -5.43945350154 1.0
24.0 -5.380794607 1.0
35.0 -5.41751188736 1.0
160.0 2.13316292505 0.0
55.0 0.993693100302 0.0
6.0 1.1046917918 0.0
170.0 -8.42766278851 1.0
135.0 1.07607351608 0.0
3.0 -5.37709118377 1.0
179.0 -3.12865067921 0.0
67.0 1.03411745093 0.0
object 94	1.0:0.5 -4.71615595371:0.5
165.0 3.0497946614 0.0
18.0 -4.64085412099 1.0
66.0 -4.76629284606 1.0
110.0 0.941859887461 0.0
124.0 -4.72564432971 1.0
77.0 0.918239574015 0.0
103.0 -4.61662380977 1.0
60.0 0.965826688956 0.0
113.0 1.03108959647 0.0
153.0 -4.77337011564 1.0
116.0 1.00530305625 0.0
139.0 -4.7988570685 1.0
150.0 -4.72855314202 1.0
106.0 -4.79821633139 1.0
25.0 1.10239370962 0.0
45.0 1.00628530915 0.0
104.0 0.983800763752 0.0
168.0 -3.43853658621 1.0
2.0 -4.78092736702 1.0
90.0 -4.7157450162 1.0
69.0 0.939295557217 0.0
115.0 -4.724904384 1.0
172.0 -4.91080194163 1.0
27.0 -4.62365910257 1.0
75.0 -4.66014012709 1.0
65.0 -4.77126069785 1.0
170.0 -6.54730345677 1.0
199.0 -4.20869752165 1.0
148.0 -4.66646891903 1.0
14.0 -4.76012067191 1.0
142.0 -4.65312052806 1.0
93.0 -4.66291403367 1.0
144.0 -4.73842396089 1.0
117.0 -4.75896239905 1.0
15.0 -4.73650681328 1.0
137.0 1.01664212284 0.0
object 95	1.0:0.5 3.65787356054:0.5
188.0 0.677165433601 0.0
117.0 3.63559795325 1.0
87.0 1.08239382449 0.0
153.0 3.68704490096 1.0
132.0 3.67428539642 1.0
41.0 0.935729170316 0.0
166.0 3.75876759208 0.0
48.0 3.64328748921 1.0
122.0 1.07159422998 0.0
115.0 1.05242940265 0.0
16.0 1.06725614294 0.0
29.0 1.03608811996 0.0
25.0 0.989996308797 0.0
159.0 1.00174566686 0.0
102.0 0.993729125237 0.0
199.0 6.9739985573 1.0
180.0 2.08162047258 0.0
18.0 3.59934186653 1.0
56.0 3.58713731314 1.0
142.0 3.6686832015 1.0
71.0 3.59223659718 1.0
98.0 1.08197821697 0.0
68.0 1.08098063789 0.0
57.0 3.67528630779 1.0
129.0 3.58756237221 1.0
86.0 3.62055148045 1.0
20.0 1.03570390508 0.0
80.0 0.929822589915 0.0
94.0 0.995564356492 0.0
43.0 0.993713812808 0.0
124.0 3.60012305745 1.0
96.0 3.66710471397 1.0
31.0 1.02281300142 0.0
42.0 0.886725767852 0.0
object 96	1.0:0.5 -5.52298497995:0.5
109.0 0.975954818272 0.0
21.0 1.0296250908 0.0
189.0 0.344644706384 0.0
115.0 -5.50309047424 1.0
170.0 -5.75803448665 1.0
119.0 0.915715019406 0.0
171.0 -5.84571531668 1.0
16.0 -5.57730476663 1.0
137.0 1.03368239651 0.0
31.0 -5.48772979535 1.0
195.0 1.59212167271 1.0
197.0 3.16415592722 0.0
125.0 0.996485056677 0.0
164.0 -8.04554531733 1.0
23.0 0.995268986689 0.0
76.0 -5.62119362806 1.0
152.0 1.06386536418 0.0
9.0 0.921399430443 0.0
3.0 -5.49960235366 1.0
158.0 -5.49988479143 1.0
74.0 0.953847310213 0.0
57.0 1.03028505493 0.0
66.0 1.00060540192 0.0
6.0 1.06680242322 0.0
183.0 -0.0671680383161 1.0
48.0 -5.46733083406 1.0
121.0 -5.47011400634 1.0
140.0 -5.47966366155 1.0
object 97	1.0:0.5 8.34886669356:0.5
174.0 -1.50575473826 0.0
148.0 8.38686113819 1.0
38.0 0.948585067489 0.0
143.0 0.933468436764 0.0
82.0 0.984707687979 0.0
108.0 8.38859392387 1.0
51.0 1.01562252671 0.0
167.0 2.15067953786 0.0
131.0 0.985950364281 0.0
111.0 8.30825422164 1.0
94.0 1.0006412466 0.0
133.0 8.3433673494 1.0
168.0 4.08198419503 0.0
135.0 8.34284291195 1.0
15.0 8.32005522328 1.0
137.0 8.34807296509 1.0
27.0 0.994042244938 0.0
181.0 10.629225133 1.0
157.0 8.39632707046 1.0
163.0 11.0425325029 1.0
47.0 8.3294633327 1.0
176.0 1.21829004469 0.0
72.0 8.35082755369 1.0
171.0 0.294311035189 0.0
113.0 8.30589023444 1.0
83.0 1.03404339272 0.0
object 98	1.0:0.5 9.32301682798:0.5
164.0 6.3138930774 1.0
64.0 9.35264176145 1.0
125.0 0.881664152356 0.0
4.0 1.01483410342 0.0
129.0 9.22693071807 1.0
105.0 0.967373268031 0.0
110.0 9.30852776724 1.0
193.0 8.51814637304 1.0
133.0 0.967384773414 0.0
146.0 9.35134233079 1.0
114.0 0.994481492446 0.0
179.0 10.8950021974 1.0
51.0 0.999130496163 0.0
167.0 10.0697851157 1.0
120.0 0.98008926992 0.0
90.0 9.26930814555 1.0
194.0 10.2370947595 1.0
192.0 11.7394357949 1.0
187.0 0.749280327151 0.0
54.0 1.08281436813 0.0
142.0 1.0427807387 0.0
130.0 1.0400639368 0.0
72.0 0.977013591565 0.0
169.0 10.0066717749 1.0
96.0 0.985290502008 0.0
106.0 0.973667203901 0.0
112.0 0.975174692192 0.0
24.0 0.983794230105 0.0
object 99	1.0:0.5 8.88000933519:0.5
153.0 0.964920370261 0.0
26.0 8.88877291966 1.0
160.0 0.154395775742 0.0
151.0 8.92684937201 1.0
138.0 8.94530781868 1.0
78.0 8.82290993173 1.0
142.0 0.984770875088 0.0
86.0 8.90339262528 1.0
178.0 7.99558340325 1.0
191.0 0.759827426748 0.0
106.0 0.998243000991 0.0
170.0 5.90588352236 1.0
140.0 0.981738418941 0.0
196.0 -1.34975994202 0.0
39.0 0.977563890198 0.0
117.0 8.89878509856 1.0
69.0 0.92690435428 0.0
194.0 6.97053527861 1.0
197.0 14.0671648228 1.0
63.0 8.89188262577 1.0
100.0 8.89446845431 1.0
136.0 8.80470324001 1.0
195.0 8.39535705277 1.0
48.0 0.967241509042 0.0
34.0 0.938821888974 0.0
163.0 8.36964171456 1.0
19.0 0.950657304611 0.0
