object 0	1.0:1.0
3.0 1.07855640243 1.0
89.0 0.97230459916 1.0
12.0 0.978542208228 1.0
157.0 1.03330602353 1.0
129.0 0.995585986807 1.0
object 1	1.0:1.0
131.0 1.00769383689 1.0
75.0 1.03377920542 1.0
161.0 1.00435993159 1.0
object 2	1.0:1.0
149.0 1.02416297825 1.0
118.0 0.93313191167 1.0
104.0 0.995157410078 1.0
75.0 0.950053108319 1.0
153.0 0.990052078987 1.0
object 3	1.0:1.0
179.0 1.01378244294 1.0
19.0 0.982527781158 1.0
32.0 1.03396309605 1.0
143.0 1.00540885841 1.0
138.0 1.01853725959 1.0
object 4	1.0:1.0
169.0 0.966525620371 1.0
157.0 1.02961126355 1.0
102.0 0.980146918374 1.0
185.0 2.04912181121 1.0
24.0 0.951345895518 1.0
121.0 0.981955189128 1.0
191.0 -0.743186514332 1.0
object 5	1.0:1.0
82.0 1.0176050435 1.0
141.0 1.0134444968 1.0
178.0 1.00848732092 1.0
76.0 1.00571085868 1.0
147.0 0.923016756018 1.0
114.0 0.951808516078 1.0
109.0 1.04887068631 1.0
object 6	1.0:1.0
197.0 1.23659465657 1.0
17.0 0.993910911097 1.0
38.0 1.0168412657 1.0
63.0 1.00633197283 1.0
123.0 0.98630524372 1.0
object 7	1.0:1.0
151.0 0.999030416958 1.0
75.0 0.985534035619 1.0
33.0 1.03042268813 1.0
object 8	1.0:1.0
52.0 1.02813815542 1.0
162.0 1.02062089973 1.0
97.0 0.967920721741 1.0
182.0 -1.07092830609 1.0
66.0 0.988618596779 1.0
12.0 1.02008100028 1.0
object 9	1.0:1.0
115.0 1.05996387848 1.0
180.0 4.27244853838 1.0
179.0 0.956810160897 1.0
170.0 1.02793024594 1.0
111.0 1.01451090579 1.0
41.0 0.984239919093 1.0
object 10	1.0:1.0
142.0 0.967334922225 1.0
52.0 0.993413475852 1.0
39.0 1.08299024913 1.0
100.0 1.00830377567 1.0
94.0 0.976953482883 1.0
object 11	1.0:1.0
118.0 1.0276247816 1.0
93.0 0.978816772104 1.0
object 12	1.0:1.0
19.0 0.980210412681 1.0
14.0 0.985566754098 1.0
181.0 0.222066077861 1.0
153.0 0.998116749519 1.0
149.0 1.00156253678 1.0
object 13	1.0:1.0
48.0 1.01004891923 1.0
152.0 0.998269192562 1.0
91.0 0.993229643229 1.0
81.0 0.918524544004 1.0
104.0 0.969728721385 1.0
object 14	1.0:1.0
64.0 0.982713557308 1.0
37.0 0.98689270685 1.0
172.0 1.01236002328 1.0
100.0 0.981637492149 1.0
199.0 3.00539288343 1.0
154.0 1.01891987603 1.0
object 15	1.0:1.0
12.0 1.00891473678 1.0
194.0 0.892548580514 1.0
152.0 0.977274300556 1.0
95.0 1.02715585423 1.0
76.0 0.996740569728 1.0
object 16	1.0:1.0
132.0 0.925072803617 1.0
127.0 1.01875886836 1.0
61.0 1.01776003075 1.0
object 17	1.0:1.0
15.0 0.996744700116 1.0
74.0 1.01033392978 1.0
7.0 1.000971449 1.0
128.0 0.979001701312 1.0
147.0 1.01991946491 1.0
object 18	1.0:1.0
187.0 2.22250564239 1.0
166.0 0.976479921095 1.0
134.0 1.00210834312 1.0
190.0 2.48489834239 1.0
110.0 1.03784816989 1.0
123.0 0.989619075023 1.0
object 19	1.0:1.0
86.0 0.974289726837 1.0
105.0 1.02267755999 1.0
8.0 1.00088777716 1.0
181.0 -2.85937581592 1.0
164.0 0.994367743211 1.0
119.0 0.970501567984 1.0
98.0 1.03774802226 1.0
object 20	1.0:1.0
20.0 0.970839120967 1.0
196.0 -5.13923167255 1.0
154.0 1.00279516125 1.0
54.0 0.996439066966 1.0
109.0 0.916674967922 1.0
161.0 1.0224722419 1.0
49.0 1.05218390823 1.0
199.0 1.36869910582 1.0
183.0 6.47270092616 1.0
0.0 0.953282729007 1.0
31.0 1.01070333674 1.0
object 21	1.0:1.0
10.0 1.0106260088 1.0
44.0 0.964859062921 1.0
60.0 1.0290147754 1.0
4.0 0.999821809612 1.0
111.0 0.946451566179 1.0
42.0 1.04572985696 1.0
114.0 0.978932028957 1.0
object 22	1.0:1.0
72.0 0.976649684503 1.0
6.0 1.01341536803 1.0
146.0 1.02596433367 1.0
33.0 0.960377991801 1.0
53.0 1.0065796106 1.0
176.0 1.03352119231 1.0
63.0 0.996419828792 1.0
112.0 0.98070679934 1.0
object 23	1.0:1.0
75.0 1.03773022308 1.0
163.0 0.97657026335 1.0
18.0 0.996876821255 1.0
object 24	1.0:1.0
142.0 0.952213705041 1.0
52.0 0.998689756161 1.0
57.0 0.958994473872 1.0
117.0 0.985765361286 1.0
75.0 1.04692427147 1.0
81.0 1.02663286377 1.0
object 25	1.0:1.0
2.0 0.961151603305 1.0
7.0 0.991093383243 1.0
90.0 1.07670922896 1.0
60.0 1.02941525192 1.0
144.0 1.01190672811 1.0
92.0 1.0223213985 1.0
104.0 0.965523435865 1.0
object 26	1.0:1.0
95.0 0.990276602849 1.0
65.0 0.992383097305 1.0
30.0 1.01787061129 1.0
133.0 1.01590903196 1.0
object 27	1.0:1.0
36.0 1.00655587173 1.0
107.0 0.988195493096 1.0
82.0 1.00459700604 1.0
46.0 0.987561333547 1.0
89.0 0.984483567098 1.0
object 28	1.0:1.0
98.0 1.01641209584 1.0
80.0 0.991255638819 1.0
179.0 1.03621761033 1.0
object 29	1.0:1.0
198.0 2.50664996626 1.0
75.0 0.985536457148 1.0
59.0 1.00025351932 1.0
168.0 0.990815240306 1.0
object 30	1.0:1.0
102.0 0.957455179662 1.0
154.0 0.979195660672 1.0
104.0 0.990310309216 1.0
139.0 1.01170748351 1.0
object 31	1.0:1.0
64.0 1.01738437084 1.0
137.0 0.995370216755 1.0
41.0 0.991854430335 1.0
3.0 1.05305870381 1.0
28.0 0.992103117129 1.0
162.0 0.997713431587 1.0
object 32	1.0:1.0
13.0 0.983588772577 1.0
170.0 0.976836844032 1.0
object 33	1.0:1.0
173.0 0.996259203254 1.0
112.0 0.990861307498 1.0
163.0 1.02607756641 1.0
167.0 1.04538523049 1.0
object 34	1.0:1.0
51.0 1.01605156298 1.0
105.0 0.976781342678 1.0
77.0 0.987959429052 1.0
152.0 0.999651519252 1.0
180.0 10.5089981858 1.0
object 35	1.0:1.0
33.0 1.05221980723 1.0
75.0 0.984239032793 1.0
42.0 0.955181407802 1.0
179.0 0.887870055899 1.0
90.0 0.943085833389 1.0
object 36	1.0:1.0
73.0 0.993136985089 1.0
71.0 0.982523748063 1.0
188.0 2.04051197123 1.0
object 37	1.0:1.0
13.0 1.06445390577 1.0
76.0 1.01200539623 1.0
98.0 1.01349505643 1.0
object 38	1.0:1.0
49.0 0.985468220459 1.0
122.0 0.993700242757 1.0
197.0 0.645646500201 1.0
167.0 1.02660469264 1.0
52.0 0.99167069394 1.0
47.0 1.00361052963 1.0
object 39	1.0:1.0
75.0 1.01530901818 1.0
141.0 1.01460777889 1.0
195.0 6.4757125852 1.0
3.0 1.04142697721 1.0
25.0 0.989481248309 1.0
185.0 3.12633937354 1.0
object 40	1.0:1.0
190.0 -12.3064524536 1.0
20.0 1.02305073694 1.0
148.0 1.13280604844 1.0
119.0 1.010771111 1.0
object 41	1.0:1.0
122.0 1.00933488937 1.0
69.0 0.987012804774 1.0
9.0 0.975918062656 1.0
14.0 0.995009875417 1.0
object 42	1.0:1.0
63.0 0.979025057843 1.0
10.0 1.00261106763 1.0
113.0 1.02082250706 1.0
29.0 1.01864416741 1.0
144.0 1.00769904157 1.0
20.0 0.986666646464 1.0
136.0 0.970167414133 1.0
143.0 1.07372234862 1.0
object 43	1.0:1.0
56.0 0.973929294862 1.0
174.0 0.943508361455 1.0
80.0 1.04741967147 1.0
123.0 0.98884721305 1.0
15.0 1.00311338411 1.0
object 44	1.0:1.0
20.0 0.965359176004 1.0
193.0 2.46653085986 1.0
57.0 1.04448893422 1.0
28.0 0.975648027628 1.0
154.0 1.01474120726 1.0
106.0 1.02340491692 1.0
85.0 0.989932417765 1.0
object 45	1.0:1.0
76.0 0.992249511368 1.0
17.0 1.0401503436 1.0
110.0 0.985284220528 1.0
145.0 1.00659331131 1.0
88.0 0.956883022741 1.0
67.0 1.04147786781 1.0
33.0 1.00880824871 1.0
object 46	1.0:1.0
193.0 -0.995161500619 1.0
42.0 1.00270536966 1.0
object 47	1.0:1.0
81.0 0.969756685335 1.0
42.0 0.957384354803 1.0
175.0 0.998689250944 1.0
object 48	1.0:1.0
175.0 0.988163929961 1.0
39.0 1.06392551522 1.0
166.0 0.999584798492 1.0
object 49	1.0:1.0
39.0 1.01834624483 1.0
153.0 1.01279802673 1.0
object 50	1.0:1.0
177.0 0.953506876887 1.0
173.0 1.00917707469 1.0
189.0 4.3147820439 1.0
59.0 1.03241411508 1.0
141.0 0.985306409737 1.0
69.0 1.00161954443 1.0
object 51	1.0:1.0
128.0 1.00807809493 1.0
161.0 1.0038980671 1.0
69.0 1.00542070321 1.0
121.0 0.95064611879 1.0
object 52	1.0:1.0
152.0 1.02004534182 1.0
25.0 1.01339280847 1.0
98.0 0.991453615363 1.0
184.0 2.52238868368 1.0
4.0 0.920690413896 1.0
object 53	1.0:1.0
91.0 0.99703606285 1.0
23.0 1.01818572904 1.0
54.0 0.993910027583 1.0
131.0 0.996094381413 1.0
114.0 0.967661358255 1.0
165.0 1.06604975651 1.0
68.0 1.0216068512 1.0
object 54	1.0:1.0
11.0 0.996809286469 1.0
38.0 0.975621057116 1.0
9.0 1.02891316443 1.0
45.0 1.01105574362 1.0
191.0 -0.888982258078 1.0
object 55	1.0:1.0
104.0 0.997825299226 1.0
134.0 1.0048094138 1.0
object 56	1.0:1.0
187.0 5.16872583875 1.0
4.0 1.069027834 1.0
22.0 0.990173279334 1.0
179.0 0.960499798973 1.0
object 57	1.0:1.0
140.0 1.04905362768 1.0
143.0 1.0646415357 1.0
15.0 0.997019377831 1.0
5.0 1.0500719852 1.0
198.0 0.0897241848762 1.0
object 58	1.0:1.0
151.0 0.99204360951 1.0
153.0 0.989875743248 1.0
object 59	1.0:1.0
6.0 1.02903520616 1.0
148.0 0.988681301656 1.0
47.0 1.01364009161 1.0
60.0 0.999489283456 1.0
53.0 1.01174418582 1.0
152.0 1.03776048948 1.0
144.0 0.984120957713 1.0
171.0 1.01262298249 1.0
115.0 1.04336680853 1.0
object 60	1.0:1.0
70.0 1.01669511501 1.0
13.0 0.985591884036 1.0
118.0 0.989578136994 1.0
object 61	1.0:1.0
82.0 0.998406230328 1.0
5.0 1.002638988 1.0
28.0 0.978435684022 1.0
105.0 0.96147557957 1.0
153.0 1.03227320366 1.0
51.0 1.02259808372 1.0
27.0 1.01261217969 1.0
67.0 0.981627232057 1.0
99.0 0.944446879787 1.0
object 62	1.0:1.0
80.0 0.980614360598 1.0
27.0 0.984599060738 1.0
141.0 1.00161748814 1.0
object 63	1.0:1.0
81.0 0.935881192988 1.0
36.0 1.04352866671 1.0
143.0 1.05079610775 1.0
12.0 0.986978739783 1.0
147.0 0.975952031534 1.0
112.0 0.998340241737 1.0
object 64	1.0:1.0
135.0 0.98910637522 1.0
179.0 0.931672181715 1.0
192.0 -3.45886880269 1.0
176.0 0.935341111376 1.0
object 65	1.0:1.0
164.0 1.03203130312 1.0
174.0 0.977904441846 1.0
170.0 1.0403872503 1.0
7.0 1.01291551153 1.0
38.0 0.981377637094 1.0
25.0 0.98667622811 1.0
object 66	1.0:1.0
26.0 0.957865267296 1.0
95.0 0.97715960918 1.0
object 67	1.0:1.0
128.0 1.0142560591 1.0
192.0 0.179871433155 1.0
object 68	1.0:1.0
172.0 1.05290273237 1.0
103.0 1.00470127707 1.0
17.0 1.00316301805 1.0
object 69	1.0:1.0
68.0 1.01411603848 1.0
179.0 0.926028011387 1.0
object 70	1.0:1.0
76.0 0.985171823432 1.0
29.0 1.00847978117 1.0
125.0 0.944226068643 1.0
38.0 1.01115099739 1.0
118.0 0.923424388564 1.0
144.0 1.03087153119 1.0
94.0 1.0146411657 1.0
17.0 0.982812934064 1.0
149.0 1.01720623283 1.0
object 71	1.0:1.0
90.0 1.00562893138 1.0
130.0 1.04612043167 1.0
85.0 1.02803586312 1.0
object 72	1.0:1.0
163.0 1.0050788032 1.0
44.0 0.988752486096 1.0
object 73	1.0:1.0
18.0 0.982409243318 1.0
16.0 1.04865639161 1.0
50.0 1.00782730765 1.0
object 74	1.0:1.0
189.0 2.45372717021 1.0
123.0 0.984559511405 1.0
101.0 1.00870546597 1.0
48.0 1.01795552239 1.0
object 75	1.0:1.0
5.0 1.03317373872 1.0
16.0 0.990478028773 1.0
58.0 1.03522640806 1.0
82.0 1.00104662904 1.0
25.0 1.00600514523 1.0
object 76	1.0:1.0
44.0 1.01112515918 1.0
28.0 0.961458050752 1.0
15.0 0.992390574571 1.0
186.0 0.0240913320471 1.0
113.0 0.964439967258 1.0
1.0 1.00478653343 1.0
129.0 0.996713711904 1.0
object 77	1.0:1.0
157.0 1.06549693973 1.0
94.0 1.02058829934 1.0
135.0 1.01141041545 1.0
109.0 1.01571003794 1.0
object 78	1.0:1.0
116.0 1.00618737678 1.0
98.0 0.972040289984 1.0
155.0 0.963699396236 1.0
110.0 0.951958109555 1.0
object 79	1.0:1.0
166.0 1.00740865044 1.0
114.0 1.02608703738 1.0
141.0 0.996233086278 1.0
174.0 0.991644901877 1.0
7.0 0.981979886829 1.0
object 80	1.0:1.0
106.0 1.00602507223 1.0
1.0 0.979189367299 1.0
148.0 1.04238216127 1.0
30.0 1.00441767082 1.0
22.0 0.9928020952 1.0
object 81	1.0:1.0
68.0 1.01004809718 1.0
174.0 1.02879898727 1.0
155.0 0.99493179973 1.0
56.0 1.00525402169 1.0
object 82	1.0:1.0
171.0 1.02337039179 1.0
71.0 0.989128239874 1.0
172.0 0.97810208909 1.0
144.0 0.998595012491 1.0
object 83	1.0:1.0
193.0 -3.33965619124 1.0
180.0 -4.39161634108 1.0
72.0 0.964679745495 1.0
0.0 1.0447534421 1.0
52.0 1.03388772129 1.0
183.0 5.04079338803 1.0
15.0 1.02533989413 1.0
155.0 0.997877065127 1.0
70.0 0.985996680751 1.0
object 84	1.0:1.0
74.0 1.02673958428 1.0
40.0 1.00105937332 1.0
160.0 1.00338902007 1.0
153.0 1.00590811483 1.0
11.0 1.03092068515 1.0
object 85	1.0:1.0
117.0 0.982066297211 1.0
70.0 0.985163189321 1.0
122.0 1.00425992442 1.0
10.0 0.992092418762 1.0
object 86	1.0:1.0
54.0 0.985576556472 1.0
105.0 0.980177551227 1.0
object 87	1.0:1.0
76.0 1.00668573893 1.0
25.0 1.00741407784 1.0
134.0 0.963263839524 1.0
26.0 0.994673434953 1.0
97.0 1.00773237343 1.0
183.0 2.15075760561 1.0
20.0 1.02294467738 1.0
object 88	1.0:1.0
142.0 0.951168730825 1.0
171.0 0.99746610907 1.0
182.0 3.76919255637 1.0
114.0 1.09379925007 1.0
162.0 0.994965873685 1.0
27.0 1.01051757977 1.0
object 89	1.0:1.0
62.0 0.988902450498 1.0
110.0 0.994109713072 1.0
35.0 1.00578918052 1.0
15.0 1.02690320683 1.0
163.0 1.00956207765 1.0
80.0 1.01080319813 1.0
22.0 0.998379650723 1.0
103.0 1.02885008378 1.0
object 90	1.0:1.0
11.0 1.0016707891 1.0
61.0 0.96582346568 1.0
34.0 0.966037215046 1.0
10.0 0.974999414813 1.0
24.0 1.01663874766 1.0
object 91	1.0:1.0
190.0 -3.01463336356 1.0
43.0 0.998108009338 1.0
181.0 -5.1955577994 1.0
110.0 0.993519216188 1.0
object 92	1.0:1.0
28.0 1.00804852933 1.0
60.0 1.00200430298 1.0
66.0 0.970544494409 1.0
19.0 0.981963531304 1.0
196.0 -0.576792154307 1.0
object 93	1.0:1.0
195.0 0.890630555988 1.0
186.0 -0.0504745586589 1.0
19.0 0.98675206626 1.0
197.0 3.37764905145 1.0
object 94	1.0:1.0
106.0 0.961706859919 1.0
70.0 1.00353002875 1.0
174.0 0.973075297542 1.0
object 95	1.0:1.0
48.0 1.01358104945 1.0
123.0 0.993399203848 1.0
121.0 0.994130832484 1.0
80.0 1.04546064489 1.0
91.0 1.00715364853 1.0
object 96	1.0:1.0
44.0 0.99370479012 1.0
99.0 1.00486887059 1.0
80.0 1.05279640225 1.0
176.0 0.981931149907 1.0
object 97	1.0:1.0
40.0 0.977937124662 1.0
182.0 2.33345794964 1.0
71.0 0.991301620448 1.0
59.0 0.907127576207 1.0
52.0 1.00357236386 1.0
103.0 1.01024574888 1.0
90.0 1.01533031075 1.0
80.0 1.06414636789 1.0
object 98	1.0:1.0
29.0 0.979931975604 1.0
159.0 1.01968747573 1.0
126.0 1.00232592568 1.0
147.0 1.03925308006 1.0
7.0 0.993715228223 1.0
20.0 0.997551319558 1.0
object 99	1.0:1.0
173.0 0.999271771656 1.0
20.0 1.0249073538 1.0
