object 0	1.0:1.0
166.0 1.0161622272 1.0
37.0 0.97747484585 1.0
26.0 0.983944633506 1.0
74.0 0.990915359024 1.0
object 1	1.0:1.0
90.0 1.02728722661 1.0
25.0 0.917761463999 1.0
object 2	1.0:1.0
50.0 0.973958620303 1.0
152.0 1.03065361536 1.0
113.0 0.970332784091 1.0
140.0 1.06874111713 1.0
object 3	1.0:1.0
118.0 0.992818849216 1.0
137.0 1.00175372702 1.0
68.0 1.00055929353 1.0
167.0 1.0560338487 1.0
67.0 0.978873411847 1.0
object 4	1.0:1.0
90.0 0.989202602532 1.0
178.0 1.0252068831 1.0
object 5	1.0:1.0
67.0 0.994483286169 1.0
126.0 0.95755394055 1.0
object 6	1.0:1.0
127.0 0.997686801476 1.0
70.0 1.04174533694 1.0
29.0 0.981206521289 1.0
174.0 1.00677241784 1.0
123.0 1.00594586763 1.0
object 7	1.0:1.0
185.0 1.67685710504 1.0
52.0 1.05026421995 1.0
176.0 0.979713747035 1.0
object 8	1.0:1.0
33.0 0.998229429415 1.0
193.0 5.27239256361 1.0
35.0 1.0106556948 1.0
74.0 0.991778132559 1.0
object 9	1.0:1.0
27.0 0.99377076544 1.0
89.0 0.999060858461 1.0
6.0 0.943837191165 1.0
object 10	1.0:1.0
143.0 1.01055227078 1.0
195.0 6.03334284079 1.0
179.0 1.00797183263 1.0
57.0 0.994952228096 1.0
object 11	1.0:1.0
108.0 0.996840407847 1.0
114.0 0.991750446855 1.0
145.0 0.963431315623 1.0
7.0 1.00334836475 1.0
72.0 1.00860915929 1.0
49.0 1.06154008359 1.0
102.0 1.03241512116 1.0
object 12	1.0:1.0
162.0 1.01323231317 1.0
86.0 0.98173559959 1.0
object 13	1.0:1.0
175.0 1.01133323288 1.0
181.0 -0.448521963031 1.0
103.0 1.03693474611 1.0
191.0 -0.782333102079 1.0
object 14	1.0:1.0
50.0 1.00932119394 1.0
134.0 1.0050055092 1.0
object 15	1.0:1.0
143.0 0.992100679928 1.0
92.0 1.02147643375 1.0
67.0 1.01727060213 1.0
81.0 1.0504095008 1.0
35.0 0.990982125737 1.0
63.0 1.00557682778 1.0
103.0 0.952348881256 1.0
82.0 0.990730566848 1.0
155.0 0.992091717553 1.0
object 16	1.0:1.0
151.0 0.99450332778 1.0
59.0 1.04780403663 1.0
object 17	1.0:1.0
65.0 0.985805518691 1.0
119.0 1.00263278972 1.0
object 18	1.0:1.0
171.0 1.0895215886 1.0
99.0 1.08079849353 1.0
94.0 0.988113873593 1.0
193.0 -2.05801243683 1.0
object 19	1.0:1.0
29.0 1.01574259799 1.0
100.0 1.02426190641 1.0
object 20	1.0:1.0
81.0 1.04029450411 1.0
30.0 0.987928677374 1.0
object 21	1.0:1.0
70.0 0.998577803584 1.0
0.0 0.968511332774 1.0
132.0 1.00391376826 1.0
object 22	1.0:1.0
187.0 0.825321284162 1.0
28.0 1.00821887161 1.0
object 23	1.0:1.0
119.0 1.00321030825 1.0
163.0 1.04753774357 1.0
68.0 0.984984038397 1.0
object 24	1.0:1.0
97.0 1.00957116006 1.0
63.0 1.03026988978 1.0
138.0 0.997982895256 1.0
142.0 1.00141274186 1.0
37.0 1.00607964227 1.0
object 25	1.0:1.0
55.0 0.99160944486 1.0
153.0 1.00886789453 1.0
object 26	1.0:1.0
85.0 1.00144174231 1.0
97.0 1.02511277295 1.0
56.0 1.0039413693 1.0
147.0 0.964438861551 1.0
127.0 1.0066844374 1.0
81.0 1.01837494378 1.0
163.0 0.981527962103 1.0
object 27	1.0:1.0
159.0 1.06057242357 1.0
84.0 0.964679798399 1.0
object 28	1.0:1.0
160.0 0.932323020441 1.0
171.0 1.02507668453 1.0
object 29	1.0:1.0
180.0 -0.462396002432 1.0
92.0 0.920487489135 1.0
object 30	1.0:1.0
60.0 0.967717549024 1.0
195.0 6.95057999791 1.0
object 31	1.0:1.0
88.0 0.960366467213 1.0
28.0 1.02275339171 1.0
138.0 0.998175687611 1.0
object 32	1.0:1.0
92.0 0.941138664882 1.0
66.0 1.07490997647 1.0
78.0 0.98980452503 1.0
object 33	1.0:1.0
13.0 1.02323284284 1.0
181.0 0.14336738344 1.0
198.0 -0.489959347525 1.0
object 34	1.0:1.0
61.0 1.01667291752 1.0
148.0 0.997929380902 1.0
object 35	1.0:1.0
194.0 0.596084734896 1.0
76.0 0.955606575662 1.0
72.0 1.0521538899 1.0
30.0 0.973024122827 1.0
object 36	1.0:1.0
161.0 0.984999350794 1.0
191.0 3.05138852241 1.0
object 37	1.0:1.0
68.0 1.00551864428 1.0
166.0 1.05029011611 1.0
object 38	1.0:1.0
189.0 4.55886784222 1.0
131.0 1.04152914304 1.0
51.0 0.988580816285 1.0
77.0 0.984873229414 1.0
object 39	1.0:1.0
1.0 0.98544744153 1.0
134.0 0.931882624354 1.0
object 40	1.0:1.0
108.0 0.973860192183 1.0
80.0 1.00271222356 1.0
object 41	1.0:1.0
58.0 0.998131145629 1.0
57.0 0.992950461837 1.0
52.0 0.978355729619 1.0
object 42	1.0:1.0
36.0 1.02401585966 1.0
8.0 1.00750307035 1.0
184.0 1.53202253817 1.0
52.0 1.03551268949 1.0
object 43	1.0:1.0
156.0 0.969887662107 1.0
116.0 1.0098318154 1.0
66.0 1.04213814499 1.0
114.0 1.01681105929 1.0
170.0 1.04697179377 1.0
object 44	1.0:1.0
112.0 0.960256303245 1.0
114.0 1.00678498151 1.0
4.0 0.962147583183 1.0
90.0 0.975929136127 1.0
140.0 0.967374006027 1.0
object 45	1.0:1.0
73.0 1.03974884934 1.0
126.0 0.981865918585 1.0
36.0 1.02978054906 1.0
63.0 0.96513092778 1.0
81.0 1.0158975848 1.0
82.0 0.987899304136 1.0
133.0 0.995998394188 1.0
116.0 1.03345687961 1.0
61.0 0.990125108962 1.0
141.0 1.02882185475 1.0
object 46	1.0:1.0
10.0 1.10187724317 1.0
27.0 1.13036794759 1.0
165.0 0.996172949485 1.0
object 47	1.0:1.0
9.0 0.997517948084 1.0
76.0 1.01321168017 1.0
object 48	1.0:1.0
145.0 1.07644986698 1.0
35.0 0.989257072729 1.0
92.0 0.934406147541 1.0
113.0 0.889414614758 1.0
176.0 1.03704751129 1.0
object 49	1.0:1.0
138.0 1.00769503461 1.0
77.0 1.00531220818 1.0
object 50	1.0:1.0
95.0 0.976166336769 1.0
136.0 1.02002895004 1.0
152.0 0.993506524701 1.0
0.0 0.963452972716 1.0
object 51	1.0:1.0
17.0 1.03154071041 1.0
111.0 0.997608811209 1.0
object 52	1.0:1.0
184.0 -1.4582888945 1.0
30.0 0.990419076272 1.0
128.0 1.05016959861 1.0
78.0 0.95761133322 1.0
94.0 1.02415398121 1.0
object 53	1.0:1.0
95.0 1.02366092646 1.0
197.0 1.10998631416 1.0
object 54	1.0:1.0
69.0 0.969457366552 1.0
29.0 1.01334390041 1.0
object 55	1.0:1.0
48.0 1.01932994106 1.0
22.0 1.06992288015 1.0
86.0 1.03393231788 1.0
173.0 1.01519485251 1.0
39.0 0.984264852683 1.0
object 56	1.0:1.0
146.0 1.01418009268 1.0
131.0 0.996877677417 1.0
32.0 0.960044042233 1.0
object 57	1.0:1.0
21.0 1.00288820384 1.0
114.0 0.997801115686 1.0
89.0 1.00214216681 1.0
object 58	1.0:1.0
28.0 0.971095808945 1.0
102.0 0.961712409824 1.0
116.0 0.999573118287 1.0
47.0 1.03338308349 1.0
object 59	1.0:1.0
135.0 1.046378262 1.0
139.0 0.986349568105 1.0
166.0 0.972126507315 1.0
121.0 1.00569887842 1.0
131.0 1.05586070885 1.0
object 60	1.0:1.0
186.0 0.559439188587 1.0
83.0 1.01983541925 1.0
object 61	1.0:1.0
29.0 1.02296338902 1.0
180.0 2.45122674778 1.0
object 62	1.0:1.0
133.0 1.0002591145 1.0
93.0 1.05814250908 1.0
117.0 0.971282761944 1.0
14.0 1.03429786693 1.0
object 63	1.0:1.0
110.0 0.951489603985 1.0
147.0 1.03180603157 1.0
146.0 0.943160560805 1.0
2.0 1.08754671979 1.0
31.0 0.993975316561 1.0
33.0 0.994628170653 1.0
object 64	1.0:1.0
69.0 0.955619363852 1.0
133.0 1.0111739207 1.0
object 65	1.0:1.0
84.0 1.01105903268 1.0
70.0 1.02265857363 1.0
object 66	1.0:1.0
97.0 1.04718523017 1.0
110.0 1.03001110943 1.0
26.0 0.993053900753 1.0
146.0 0.953907286417 1.0
object 67	1.0:1.0
182.0 1.65446047449 1.0
180.0 0.633094495262 1.0
object 68	1.0:1.0
32.0 0.981617195514 1.0
60.0 0.995062315927 1.0
146.0 1.03594422501 1.0
173.0 0.978882635339 1.0
object 69	1.0:1.0
123.0 1.07980625494 1.0
178.0 0.972622088167 1.0
object 70	1.0:1.0
60.0 0.994956100587 1.0
81.0 1.01415392636 1.0
2.0 0.917334673658 1.0
object 71	1.0:1.0
130.0 0.918407283167 1.0
164.0 1.01021036002 1.0
70.0 1.00000671443 1.0
168.0 0.975318899892 1.0
object 72	1.0:1.0
106.0 1.03880765119 1.0
47.0 0.992196577259 1.0
31.0 0.969736499341 1.0
object 73	1.0:1.0
186.0 -0.798316301155 1.0
198.0 1.29803041202 1.0
136.0 0.987749624129 1.0
37.0 1.03773382987 1.0
object 74	1.0:1.0
146.0 0.950407878628 1.0
109.0 1.01538002671 1.0
175.0 1.00498847712 1.0
object 75	1.0:1.0
159.0 1.03237047521 1.0
68.0 1.00251750055 1.0
object 76	1.0:1.0
182.0 -2.43904443426 1.0
7.0 0.983534222941 1.0
131.0 1.02711489209 1.0
48.0 1.03346023757 1.0
object 77	1.0:1.0
132.0 0.987722635128 1.0
104.0 1.01768282626 1.0
82.0 1.00464842684 1.0
145.0 0.987716535437 1.0
168.0 0.989931009007 1.0
109.0 0.99559142323 1.0
15.0 0.985904566409 1.0
192.0 4.34834082537 1.0
object 78	1.0:1.0
162.0 0.998017717289 1.0
3.0 0.97778178132 1.0
173.0 1.00963906091 1.0
object 79	1.0:1.0
111.0 1.00844062409 1.0
99.0 1.10508640979 1.0
26.0 1.05188443979 1.0
object 80	1.0:1.0
118.0 1.00474043126 1.0
32.0 1.00113328578 1.0
object 81	1.0:1.0
89.0 0.944511371586 1.0
51.0 0.982483526099 1.0
object 82	1.0:1.0
135.0 1.01555247149 1.0
90.0 0.991739403278 1.0
object 83	1.0:1.0
72.0 0.96943552302 1.0
138.0 0.999089129333 1.0
object 84	1.0:1.0
147.0 1.0016467084 1.0
29.0 1.00428862894 1.0
object 85	1.0:1.0
59.0 1.08924462933 1.0
26.0 1.00642508047 1.0
197.0 0.285495546033 1.0
193.0 3.51912374826 1.0
103.0 1.02262343656 1.0
object 86	1.0:1.0
89.0 0.915886809006 1.0
46.0 1.02282067678 1.0
object 87	1.0:1.0
186.0 -0.631590515638 1.0
120.0 1.02542513546 1.0
154.0 1.00246029007 1.0
114.0 0.995238352494 1.0
object 88	1.0:1.0
12.0 0.94830089766 1.0
64.0 0.921300559986 1.0
object 89	1.0:1.0
26.0 1.06107770961 1.0
126.0 0.992487164221 1.0
object 90	1.0:1.0
170.0 1.03397530268 1.0
63.0 0.992551086775 1.0
169.0 1.03864342653 1.0
82.0 1.03394544851 1.0
43.0 1.03213736067 1.0
object 91	1.0:1.0
147.0 0.978588378039 1.0
48.0 0.988983445905 1.0
1.0 1.01714271964 1.0
object 92	1.0:1.0
143.0 0.939624355665 1.0
91.0 0.974821086364 1.0
object 93	1.0:1.0
196.0 -1.64808745991 1.0
0.0 0.959684724247 1.0
75.0 1.00213499489 1.0
92.0 0.974404857254 1.0
object 94	1.0:1.0
7.0 1.00391916469 1.0
113.0 1.03635969914 1.0
176.0 0.972332232487 1.0
78.0 0.972393644071 1.0
191.0 0.593265608315 1.0
25.0 0.974220898778 1.0
object 95	1.0:1.0
173.0 0.96556539228 1.0
110.0 0.981444505399 1.0
object 96	1.0:1.0
96.0 0.968023246488 1.0
180.0 -0.309957481092 1.0
81.0 0.997508822424 1.0
150.0 0.986261501097 1.0
58.0 0.967174642833 1.0
133.0 0.976180861566 1.0
object 97	1.0:1.0
101.0 0.981789927103 1.0
130.0 1.04279298909 1.0
151.0 1.00741910157 1.0
object 98	1.0:1.0
107.0 1.01644020031 1.0
64.0 0.973988631691 1.0
1.0 0.994311742166 1.0
108.0 1.01709949163 1.0
object 99	1.0:1.0
171.0 1.0057484578 1.0
194.0 2.70819193471 1.0
163.0 1.00617551072 1.0
184.0 3.31897959077 1.0
