object 0	1.0:1.0
127.0 0.975188808053 1.0
155.0 5.79600854505 1.0
196.0 -0.418354160005 1.0
172.0 3.33857189853 1.0
24.0 0.995513114459 1.0
112.0 0.955008955756 1.0
41.0 0.940601611673 1.0
45.0 1.01904408497 1.0
84.0 0.939660273695 1.0
164.0 3.83040197923 1.0
76.0 1.00229444806 1.0
182.0 0.0234166240232 1.0
184.0 9.35038800493 1.0
71.0 0.984852085878 1.0
83.0 1.00321314574 1.0
47.0 0.947044487558 1.0
object 1	1.0:1.0
136.0 1.00257784147 1.0
82.0 0.984598896742 1.0
61.0 1.00161696548 1.0
3.0 1.00359481996 1.0
70.0 0.998672626924 1.0
23.0 1.0130828841 1.0
191.0 1.2654254851 1.0
93.0 0.981956319827 1.0
71.0 0.96461253256 1.0
135.0 1.00563950157 1.0
75.0 1.03379540354 1.0
16.0 1.00791292918 1.0
145.0 2.2066861384 1.0
157.0 0.70630936014 1.0
100.0 0.930546865999 1.0
object 2	1.0:1.0
77.0 0.997975547084 1.0
33.0 0.989405760326 1.0
186.0 1.24167868289 1.0
130.0 0.979293297216 1.0
54.0 1.01823675119 1.0
119.0 1.0219973744 1.0
17.0 0.997457402814 1.0
98.0 0.965419339772 1.0
117.0 1.01173921482 1.0
154.0 1.34949707844 1.0
6.0 1.04636087799 1.0
150.0 2.34339749119 1.0
89.0 1.0052615735 1.0
194.0 0.510529722757 1.0
136.0 0.990953038963 1.0
object 3	1.0:1.0
193.0 2.60526503459 1.0
107.0 1.03711127972 1.0
70.0 1.0134174719 1.0
117.0 1.00218953978 1.0
181.0 -2.83615504083 1.0
61.0 0.985561163586 1.0
7.0 1.01077162807 1.0
102.0 1.03684690275 1.0
147.0 1.29015241622 1.0
136.0 1.03643319564 1.0
183.0 7.57311564696 1.0
179.0 1.28463054099 1.0
35.0 1.04223079743 1.0
23.0 1.00661858287 1.0
104.0 0.982991763256 1.0
21.0 0.987711676374 1.0
182.0 2.65997811893 1.0
141.0 1.60847296315 1.0
object 4	1.0:1.0
82.0 1.03605995954 1.0
41.0 1.08590377038 1.0
86.0 0.998913402595 1.0
105.0 1.00355898291 1.0
11.0 1.04436498338 1.0
196.0 2.7629627427 1.0
100.0 0.960452894821 1.0
49.0 0.994270209153 1.0
186.0 5.37881898127 1.0
179.0 -1.14670012612 1.0
161.0 -2.28235358455 1.0
object 5	1.0:1.0
84.0 1.00476967732 1.0
150.0 3.74003482372 1.0
23.0 1.00062393244 1.0
76.0 1.03505377274 1.0
52.0 1.035354891 1.0
3.0 0.992390873565 1.0
8.0 1.0299491496 1.0
74.0 0.990795202577 1.0
142.0 -1.63567112674 1.0
106.0 0.981795018142 1.0
20.0 1.00154057053 1.0
64.0 1.05762499884 1.0
124.0 1.00599779418 1.0
39.0 1.01260108331 1.0
111.0 1.0198424507 1.0
91.0 1.01970985682 1.0
object 6	1.0:1.0
89.0 1.00997731638 1.0
152.0 -5.44637372492 1.0
49.0 0.982102832535 1.0
170.0 2.23779471542 1.0
146.0 2.68407796365 1.0
174.0 -0.628218008193 1.0
21.0 0.979941281673 1.0
107.0 1.00394065926 1.0
171.0 2.96731097363 1.0
157.0 1.89134186531 1.0
149.0 3.05262423392 1.0
object 7	1.0:1.0
179.0 -1.69348502632 1.0
33.0 0.990369649401 1.0
60.0 0.95141714034 1.0
66.0 1.03754718175 1.0
158.0 0.327947941512 1.0
11.0 0.961177350024 1.0
54.0 0.988765177158 1.0
119.0 0.992904289247 1.0
148.0 0.409357606757 1.0
156.0 -0.972092096435 1.0
188.0 -4.9830857997 1.0
197.0 -2.90312030491 1.0
39.0 1.05436214618 1.0
192.0 0.604341736596 1.0
67.0 1.00362728778 1.0
128.0 0.990615179146 1.0
object 8	1.0:1.0
189.0 -6.38957513702 1.0
60.0 0.953667257994 1.0
192.0 -4.43135195161 1.0
43.0 0.95162428124 1.0
133.0 0.994031198959 1.0
35.0 0.988440286406 1.0
44.0 0.975558260865 1.0
49.0 1.00671075042 1.0
70.0 1.07335972008 1.0
27.0 1.12116033549 1.0
69.0 0.990707570061 1.0
170.0 0.751271655539 1.0
168.0 2.79374399032 1.0
4.0 0.989395787673 1.0
object 9	1.0:1.0
150.0 12.1471520619 1.0
75.0 0.962348734381 1.0
193.0 0.948944415082 1.0
20.0 0.966938389176 1.0
17.0 1.01117834313 1.0
107.0 0.975204400914 1.0
136.0 0.991627542625 1.0
199.0 1.66933558857 1.0
1.0 0.984604335908 1.0
141.0 -0.183094466734 1.0
15.0 1.02376773958 1.0
176.0 -1.24929561102 1.0
104.0 1.01009649114 1.0
object 10	1.0:1.0
39.0 1.01022741825 1.0
166.0 2.21220860798 1.0
53.0 1.00734606905 1.0
97.0 1.00290809983 1.0
130.0 0.981497694403 1.0
111.0 0.987977324286 1.0
160.0 0.033447377206 1.0
5.0 1.0078078659 1.0
50.0 0.990762082521 1.0
129.0 0.988903768595 1.0
66.0 0.982206971724 1.0
29.0 0.984291297436 1.0
93.0 0.977688678708 1.0
196.0 -0.277622841474 1.0
object 11	1.0:1.0
66.0 0.989497638937 1.0
46.0 1.08137485728 1.0
116.0 1.00042483386 1.0
130.0 1.00017950773 1.0
113.0 0.918393165109 1.0
145.0 6.47889002567 1.0
110.0 1.05649340715 1.0
50.0 0.977125102248 1.0
35.0 1.01324032613 1.0
31.0 0.970716904008 1.0
84.0 1.00940806594 1.0
64.0 0.968559829165 1.0
object 12	1.0:1.0
114.0 0.919013690319 1.0
51.0 0.949172606981 1.0
160.0 9.52339680135 1.0
151.0 0.886904946119 1.0
89.0 1.00540999638 1.0
101.0 1.01547236895 1.0
0.0 0.961425302632 1.0
118.0 0.998554084908 1.0
137.0 1.00621154915 1.0
121.0 0.934808365732 1.0
44.0 0.983647709114 1.0
120.0 1.04099392758 1.0
149.0 4.53660222623 1.0
15.0 0.964954995325 1.0
116.0 1.01049348661 1.0
object 13	1.0:1.0
101.0 1.0275626126 1.0
74.0 0.955412306841 1.0
116.0 1.00489428786 1.0
21.0 0.98252424398 1.0
178.0 -2.49936409472 1.0
176.0 1.36509788068 1.0
65.0 1.00865954518 1.0
64.0 0.969096918681 1.0
70.0 0.917993898377 1.0
199.0 0.447357677167 1.0
29.0 1.043035436 1.0
48.0 1.0104025398 1.0
187.0 0.747846924549 1.0
67.0 1.01284460805 1.0
53.0 1.01674921887 1.0
193.0 1.83898505056 1.0
105.0 1.00662885481 1.0
194.0 -0.330001575193 1.0
41.0 0.95978148634 1.0
160.0 0.123453314929 1.0
121.0 1.0192620549 1.0
object 14	1.0:1.0
158.0 -1.90169233572 1.0
78.0 0.974175120583 1.0
37.0 1.01964357441 1.0
197.0 -0.603131168482 1.0
178.0 0.898984087696 1.0
180.0 1.65187106484 1.0
61.0 1.00437995112 1.0
25.0 0.997819552271 1.0
69.0 0.981437359139 1.0
126.0 1.06980049101 1.0
38.0 1.05212403296 1.0
53.0 0.998759601446 1.0
88.0 1.02849791491 1.0
166.0 -1.07542021246 1.0
164.0 0.250848577991 1.0
134.0 1.01679539105 1.0
9.0 1.0496917288 1.0
object 15	1.0:1.0
99.0 1.07928079811 1.0
70.0 0.915933145467 1.0
181.0 -1.3127257026 1.0
33.0 0.964512206385 1.0
131.0 1.04795784907 1.0
141.0 5.73773633308 1.0
107.0 1.00786466791 1.0
189.0 4.4332173177 1.0
6.0 1.00638660154 1.0
21.0 1.0048083369 1.0
179.0 3.72276985237 1.0
85.0 0.952833572593 1.0
98.0 1.00006993476 1.0
199.0 1.33237896575 1.0
26.0 0.97674099477 1.0
38.0 1.03025636709 1.0
23.0 1.0073973568 1.0
object 16	1.0:1.0
55.0 1.01244188583 1.0
175.0 2.04045599974 1.0
79.0 0.976679179289 1.0
161.0 -2.21397704162 1.0
88.0 0.98794911014 1.0
80.0 0.989520294611 1.0
117.0 1.01727593155 1.0
36.0 0.988427589018 1.0
176.0 -0.023403079685 1.0
95.0 0.969541628828 1.0
58.0 0.959082654422 1.0
24.0 0.992727595169 1.0
199.0 2.22486330404 1.0
70.0 0.968707512339 1.0
160.0 2.2261548383 1.0
151.0 6.89303666883 1.0
33.0 1.03838192497 1.0
186.0 -1.42129550284 1.0
object 17	1.0:1.0
172.0 -2.14950115239 1.0
134.0 1.00451971218 1.0
195.0 2.55828367458 1.0
16.0 0.97909118524 1.0
141.0 -3.2669350579 1.0
20.0 0.976093644594 1.0
91.0 0.984911332506 1.0
0.0 0.973147318336 1.0
178.0 3.46181979044 1.0
13.0 1.04846815121 1.0
121.0 1.03167922511 1.0
60.0 1.03394544295 1.0
112.0 0.96747697915 1.0
86.0 1.00520710933 1.0
object 18	1.0:1.0
29.0 1.07750870101 1.0
73.0 0.970081223684 1.0
169.0 1.17890770641 1.0
49.0 1.01020489947 1.0
196.0 -0.0888443884952 1.0
171.0 0.703145046889 1.0
27.0 1.01175590269 1.0
75.0 0.960651228748 1.0
137.0 1.04271394681 1.0
135.0 1.03605375927 1.0
60.0 1.00835076752 1.0
6.0 1.00043218472 1.0
175.0 -2.65290511044 1.0
138.0 0.94547952648 1.0
object 19	1.0:1.0
48.0 0.977664193584 1.0
106.0 1.00875020178 1.0
129.0 1.02072898049 1.0
114.0 1.03601859694 1.0
117.0 1.00928606164 1.0
108.0 0.985040096931 1.0
120.0 1.03766582095 1.0
141.0 -1.83500399979 1.0
88.0 0.970321002 1.0
71.0 1.00259424063 1.0
155.0 4.2645869958 1.0
70.0 1.05319995652 1.0
object 20	1.0:1.0
6.0 0.96702526973 1.0
127.0 0.997878254547 1.0
73.0 0.988520270948 1.0
94.0 1.00553458982 1.0
5.0 1.02048683759 1.0
105.0 0.998931293019 1.0
62.0 1.04788112792 1.0
124.0 1.00641570401 1.0
110.0 0.964421855453 1.0
15.0 1.03351124796 1.0
48.0 1.00284495447 1.0
121.0 0.987534284787 1.0
137.0 0.967037584467 1.0
object 21	1.0:1.0
95.0 1.03724816554 1.0
102.0 1.01961372036 1.0
170.0 -0.362118122865 1.0
146.0 5.3564888149 1.0
49.0 0.973279809299 1.0
14.0 1.01153185309 1.0
150.0 -0.472362368322 1.0
54.0 1.00849621782 1.0
58.0 0.96622543459 1.0
29.0 0.988228045446 1.0
7.0 0.952531796481 1.0
12.0 1.02445431088 1.0
94.0 1.04337974492 1.0
33.0 1.02452327581 1.0
168.0 0.525434092791 1.0
78.0 1.04292198443 1.0
139.0 1.02545266935 1.0
31.0 0.984510501705 1.0
1.0 0.987608309644 1.0
2.0 0.984323704593 1.0
34.0 0.933556115304 1.0
object 22	1.0:1.0
174.0 3.71396842086 1.0
158.0 4.23210513012 1.0
62.0 1.01205647467 1.0
187.0 2.51484403306 1.0
4.0 0.935639201397 1.0
33.0 0.964571367014 1.0
166.0 6.72636403771 1.0
199.0 5.09263557269 1.0
16.0 0.975599599676 1.0
193.0 1.8851021379 1.0
130.0 1.00549045983 1.0
35.0 0.99194578548 1.0
object 23	1.0:1.0
190.0 9.36304659366 1.0
19.0 0.981359909382 1.0
137.0 1.0207909387 1.0
181.0 3.71066974122 1.0
77.0 0.974390081863 1.0
81.0 1.01035823289 1.0
44.0 0.978575711307 1.0
76.0 1.03833534835 1.0
7.0 0.947805738634 1.0
98.0 0.978937792084 1.0
58.0 0.967988939075 1.0
199.0 3.80350474594 1.0
71.0 1.03997141055 1.0
39.0 0.940602069306 1.0
object 24	1.0:1.0
122.0 0.96279290471 1.0
26.0 1.01017177872 1.0
147.0 2.27442826961 1.0
20.0 0.952996794619 1.0
40.0 1.05345011002 1.0
171.0 1.63936768379 1.0
9.0 1.00059369944 1.0
82.0 1.02427188998 1.0
144.0 0.322850994677 1.0
124.0 1.0003122815 1.0
163.0 -3.74852801104 1.0
64.0 1.03044041934 1.0
21.0 0.996654555899 1.0
98.0 1.04017285477 1.0
188.0 2.41762287132 1.0
6.0 0.996907397085 1.0
192.0 1.58763729238 1.0
30.0 0.994578035359 1.0
176.0 1.56030899602 1.0
126.0 0.993907673111 1.0
object 25	1.0:1.0
1.0 0.997573050502 1.0
8.0 0.991016051993 1.0
140.0 -1.6474141883 1.0
155.0 7.71246548101 1.0
103.0 1.01540528831 1.0
132.0 1.04050948613 1.0
20.0 0.966696395869 1.0
21.0 0.989352081118 1.0
96.0 0.945448188099 1.0
145.0 1.69820745483 1.0
51.0 1.04061778214 1.0
180.0 -0.589076775084 1.0
61.0 1.02716422052 1.0
174.0 1.12105071387 1.0
56.0 1.01114055155 1.0
62.0 0.979407577574 1.0
33.0 1.00331864426 1.0
166.0 3.40557682955 1.0
153.0 -4.90838181253 1.0
object 26	1.0:1.0
38.0 1.01676172845 1.0
134.0 1.01357210591 1.0
61.0 1.03018028996 1.0
158.0 5.17474515993 1.0
145.0 -4.05612030619 1.0
29.0 1.0148518535 1.0
45.0 1.01065506109 1.0
161.0 -0.608266716367 1.0
64.0 1.00782863381 1.0
139.0 1.02412778406 1.0
40.0 1.00813802128 1.0
114.0 1.11784435176 1.0
121.0 0.955398245768 1.0
52.0 0.970980455395 1.0
object 27	1.0:1.0
91.0 1.04877263384 1.0
22.0 1.01308272258 1.0
157.0 3.8300262534 1.0
13.0 1.02074089686 1.0
113.0 1.0733966134 1.0
52.0 1.07130631836 1.0
160.0 7.53234324547 1.0
173.0 2.75350734317 1.0
75.0 1.01901850758 1.0
15.0 0.981611969784 1.0
92.0 0.996554170152 1.0
143.0 -0.738751525282 1.0
161.0 -0.00981058740262 1.0
84.0 1.04031614563 1.0
88.0 0.982947514729 1.0
44.0 1.01410074156 1.0
196.0 7.82373599963 1.0
156.0 10.8057389773 1.0
103.0 0.997154054497 1.0
99.0 1.05536234806 1.0
object 28	1.0:1.0
50.0 0.996469073835 1.0
163.0 0.527064785278 1.0
46.0 1.03134698993 1.0
0.0 1.02573407923 1.0
130.0 1.01362002741 1.0
30.0 0.984254755703 1.0
156.0 -2.30935386314 1.0
132.0 0.973935567028 1.0
179.0 7.23630315771 1.0
98.0 0.989403629772 1.0
object 29	1.0:1.0
166.0 1.98016409933 1.0
37.0 1.04764006072 1.0
77.0 1.03335982902 1.0
74.0 0.983419890723 1.0
181.0 -2.70026341054 1.0
136.0 1.02514534986 1.0
11.0 0.940411745228 1.0
148.0 -1.9314656712 1.0
108.0 0.998319456843 1.0
6.0 0.964313370427 1.0
33.0 0.98291279755 1.0
92.0 1.03513986884 1.0
object 30	1.0:1.0
16.0 1.03328922177 1.0
15.0 0.97038072018 1.0
198.0 -0.759774259225 1.0
38.0 0.99954481267 1.0
49.0 1.01245524806 1.0
161.0 0.868254433492 1.0
174.0 1.30101141199 1.0
147.0 2.61012377888 1.0
103.0 1.05711098596 1.0
173.0 -0.0611927387508 1.0
127.0 0.988351292463 1.0
4.0 0.9870093298 1.0
29.0 0.978046614737 1.0
193.0 1.40388840996 1.0
object 31	1.0:1.0
5.0 0.964239886548 1.0
173.0 1.02938846318 1.0
20.0 1.03661242569 1.0
177.0 2.10918535701 1.0
175.0 4.8120707573 1.0
1.0 0.999493848381 1.0
15.0 1.00007038477 1.0
46.0 1.01546267793 1.0
89.0 0.998847845259 1.0
50.0 1.00657250221 1.0
object 32	1.0:1.0
125.0 1.01452841265 1.0
199.0 0.501664652902 1.0
70.0 0.982596723268 1.0
104.0 1.0176617775 1.0
138.0 1.03246635914 1.0
115.0 1.00806112703 1.0
10.0 1.02575725114 1.0
149.0 1.92829392717 1.0
106.0 0.997363464883 1.0
161.0 1.47222062986 1.0
5.0 0.984074892027 1.0
196.0 2.71558956742 1.0
59.0 0.985034443791 1.0
64.0 1.02131810823 1.0
2.0 0.988221231025 1.0
object 33	1.0:1.0
159.0 -0.720325559412 1.0
154.0 2.54679438571 1.0
126.0 1.0298939333 1.0
129.0 0.960687258223 1.0
33.0 1.04749493962 1.0
19.0 1.05227785657 1.0
5.0 1.00911639002 1.0
72.0 0.998447610048 1.0
56.0 1.02560775164 1.0
150.0 -0.72642491581 1.0
117.0 0.987439814081 1.0
object 34	1.0:1.0
146.0 1.60817187446 1.0
127.0 1.028463395 1.0
68.0 1.0471696387 1.0
59.0 1.00332194204 1.0
102.0 1.0166569099 1.0
10.0 1.0099635529 1.0
135.0 1.01660294328 1.0
40.0 0.941218773326 1.0
22.0 1.01616814006 1.0
142.0 -0.0700303653541 1.0
152.0 0.196199144926 1.0
28.0 1.00674261887 1.0
78.0 1.10404212665 1.0
12.0 1.06252479367 1.0
180.0 0.213112871921 1.0
169.0 2.40584308239 1.0
object 35	1.0:1.0
163.0 2.14280503855 1.0
32.0 0.989404726103 1.0
136.0 0.990137750705 1.0
13.0 0.95049718939 1.0
194.0 0.682101483964 1.0
91.0 1.01436204252 1.0
131.0 1.00224274367 1.0
192.0 6.30580376683 1.0
27.0 1.03087971522 1.0
182.0 1.99100742084 1.0
8.0 1.00542041774 1.0
76.0 1.0329135768 1.0
109.0 1.01939220414 1.0
40.0 0.989117413649 1.0
object 36	1.0:1.0
169.0 0.226615153191 1.0
95.0 0.921978687262 1.0
34.0 1.06807802283 1.0
15.0 0.951864178386 1.0
111.0 1.01418503111 1.0
6.0 0.998363504969 1.0
61.0 1.01840937084 1.0
13.0 0.988755903572 1.0
102.0 1.01064534133 1.0
30.0 0.985508922886 1.0
189.0 -0.252956397767 1.0
154.0 -0.729267168778 1.0
116.0 1.02478941055 1.0
object 37	1.0:1.0
176.0 0.915059371885 1.0
59.0 1.00191597931 1.0
51.0 1.0395992899 1.0
104.0 1.02038961263 1.0
15.0 0.96000059917 1.0
177.0 -0.71151537461 1.0
199.0 0.576510127061 1.0
96.0 0.967051375675 1.0
169.0 0.771055846745 1.0
73.0 0.964239934062 1.0
68.0 1.03313025566 1.0
125.0 1.02330220904 1.0
11.0 0.988071214414 1.0
66.0 0.996386914451 1.0
147.0 0.508086168142 1.0
190.0 -1.53587415602 1.0
object 38	1.0:1.0
178.0 3.64731792576 1.0
88.0 0.977453245463 1.0
78.0 1.03469335652 1.0
43.0 1.00613098586 1.0
28.0 0.979032725821 1.0
39.0 1.04637341545 1.0
object 39	1.0:1.0
3.0 1.00178074983 1.0
152.0 2.08982809082 1.0
64.0 1.02437160935 1.0
143.0 5.33834495409 1.0
19.0 0.985106968143 1.0
166.0 1.38151468329 1.0
177.0 -0.446133428742 1.0
127.0 1.00130082361 1.0
139.0 1.03583805452 1.0
129.0 1.02113642908 1.0
17.0 0.990722865407 1.0
82.0 1.03875975769 1.0
190.0 -3.40096272262 1.0
96.0 0.988902407875 1.0
object 40	1.0:1.0
193.0 1.80062036553 1.0
14.0 1.00316831174 1.0
37.0 1.01265149472 1.0
135.0 0.98836536658 1.0
7.0 1.01281445055 1.0
90.0 0.974274228944 1.0
49.0 1.05158954836 1.0
145.0 -3.78651231151 1.0
27.0 1.06052566628 1.0
54.0 1.00405632624 1.0
91.0 1.02741061698 1.0
object 41	1.0:1.0
74.0 0.982330977807 1.0
64.0 1.06640699335 1.0
111.0 1.0276556744 1.0
135.0 0.980426563285 1.0
194.0 1.05588835089 1.0
71.0 0.941451610406 1.0
199.0 3.8596444639 1.0
17.0 1.00647421114 1.0
158.0 2.0082186846 1.0
140.0 4.55590254491 1.0
3.0 0.988061043262 1.0
132.0 1.00844880438 1.0
102.0 1.00105784759 1.0
19.0 0.998270871885 1.0
object 42	1.0:1.0
102.0 0.988340502534 1.0
12.0 0.961780656564 1.0
79.0 1.02503100427 1.0
31.0 1.02007594141 1.0
47.0 1.02765176437 1.0
120.0 1.03990991015 1.0
5.0 0.998010992419 1.0
38.0 0.94813435365 1.0
94.0 0.992869631476 1.0
73.0 0.989722963729 1.0
50.0 0.98203944266 1.0
109.0 0.978734271911 1.0
125.0 0.981772580597 1.0
15.0 1.02231443771 1.0
183.0 -2.46763732359 1.0
176.0 1.17398789736 1.0
199.0 0.839079983786 1.0
26.0 1.01885353715 1.0
162.0 4.80092628052 1.0
129.0 0.983514822432 1.0
object 43	1.0:1.0
54.0 0.964386447789 1.0
122.0 1.01915720001 1.0
55.0 1.03661568778 1.0
152.0 1.35325019064 1.0
93.0 1.0529377962 1.0
128.0 0.970269321718 1.0
71.0 1.02996160188 1.0
174.0 0.91994055419 1.0
115.0 1.01043211939 1.0
162.0 -0.846133903494 1.0
object 44	1.0:1.0
56.0 1.00713485003 1.0
1.0 0.973415068082 1.0
151.0 9.25925511685 1.0
137.0 1.02098462017 1.0
193.0 2.33904385358 1.0
149.0 1.02294490385 1.0
23.0 0.996758861242 1.0
166.0 5.06880012646 1.0
107.0 0.96919435278 1.0
130.0 1.00755419079 1.0
66.0 0.976966865543 1.0
11.0 1.03102419382 1.0
25.0 0.991391435206 1.0
59.0 1.0282769118 1.0
31.0 0.995898937705 1.0
160.0 5.06293469741 1.0
63.0 0.978787362348 1.0
111.0 1.00955110168 1.0
158.0 -0.603086919911 1.0
object 45	1.0:1.0
182.0 1.70351020264 1.0
111.0 1.02004302434 1.0
42.0 1.00210341462 1.0
70.0 1.0058786512 1.0
54.0 1.0336567339 1.0
121.0 0.992363700494 1.0
68.0 0.992206988492 1.0
0.0 0.979539242314 1.0
157.0 2.88563072703 1.0
39.0 0.952660559256 1.0
95.0 0.990538168104 1.0
53.0 0.992490152975 1.0
object 46	1.0:1.0
198.0 -3.36533004254 1.0
42.0 1.03934227481 1.0
149.0 -4.40856192193 1.0
22.0 1.00162355429 1.0
137.0 1.04264769291 1.0
17.0 0.998212250089 1.0
199.0 -0.254274946889 1.0
79.0 1.04839401299 1.0
147.0 0.533502178057 1.0
181.0 5.13403723409 1.0
87.0 0.980120267807 1.0
150.0 -0.294935540606 1.0
129.0 1.05087178309 1.0
34.0 1.07163694636 1.0
object 47	1.0:1.0
134.0 0.984160396207 1.0
194.0 1.12182589717 1.0
94.0 1.01581768247 1.0
177.0 2.53124741341 1.0
190.0 -0.426512633117 1.0
36.0 0.993662222844 1.0
58.0 0.9633721159 1.0
114.0 0.973417626841 1.0
126.0 0.948462328366 1.0
27.0 1.00045318916 1.0
96.0 1.01451459306 1.0
118.0 0.993074242136 1.0
172.0 5.14683708598 1.0
object 48	1.0:1.0
148.0 -1.51034414472 1.0
24.0 0.996915790966 1.0
70.0 1.00715953515 1.0
119.0 1.01857219553 1.0
125.0 0.992761266864 1.0
14.0 0.996360421977 1.0
39.0 0.98251849419 1.0
93.0 1.05073457461 1.0
50.0 0.996013319036 1.0
154.0 1.67065284382 1.0
124.0 1.0149394129 1.0
3.0 1.0080916637 1.0
100.0 0.986981380515 1.0
185.0 0.103518639497 1.0
122.0 1.0144036591 1.0
166.0 5.05116353191 1.0
62.0 0.997270566065 1.0
177.0 4.60548456855 1.0
10.0 0.996044073737 1.0
object 49	1.0:1.0
132.0 1.03963980333 1.0
0.0 0.962735499731 1.0
138.0 1.02266022458 1.0
122.0 0.974070434209 1.0
75.0 1.01297395322 1.0
74.0 1.02825277632 1.0
17.0 0.996610332824 1.0
42.0 0.981834691263 1.0
145.0 -0.63396905406 1.0
90.0 0.985774573652 1.0
78.0 1.07493960715 1.0
object 50	1.0:0.5 18.2861142962:0.5
59.0 18.2490478598 1.0
118.0 0.919497679598 0.0
180.0 3.63392560696 0.0
162.0 19.9944265021 1.0
166.0 2.13202800696 0.0
14.0 0.998383973243 0.0
76.0 1.0273844615 0.0
128.0 1.09786657231 0.0
137.0 1.01943876287 0.0
66.0 0.977471316885 0.0
192.0 -1.78658183439 0.0
167.0 2.95959422291 0.0
object 51	1.0:0.5 19.7112796285:0.5
131.0 19.670660707 1.0
5.0 19.7412777752 1.0
123.0 0.973468825231 0.0
140.0 1.2221717327 0.0
59.0 19.6684548309 1.0
30.0 0.96975455477 0.0
23.0 1.02740197077 0.0
80.0 19.7205532703 1.0
34.0 19.7271311648 1.0
71.0 19.7158822569 1.0
161.0 17.4189831388 1.0
27.0 1.02605727674 0.0
72.0 0.917830690014 0.0
object 52	1.0:0.5 7.40326056608:0.5
72.0 1.01486238016 0.0
28.0 0.986747713335 0.0
173.0 1.22932095085 0.0
108.0 1.02562340245 0.0
188.0 -0.639496330604 0.0
160.0 6.83027090387 1.0
124.0 7.39829298987 1.0
110.0 7.3259917865 1.0
94.0 0.950765602225 0.0
153.0 2.79376162067 0.0
51.0 7.45059983007 1.0
32.0 7.48573836427 1.0
11.0 7.38079392575 1.0
15.0 0.992762480107 0.0
143.0 1.16837486909 0.0
object 53	1.0:0.5 -7.33701451753:0.5
87.0 0.97264409223 0.0
94.0 0.969891916594 0.0
116.0 0.949147026352 0.0
158.0 0.873834051051 1.0
196.0 1.01791839509 0.0
41.0 -7.38165375857 1.0
15.0 -7.26942510426 1.0
32.0 0.996348692993 0.0
36.0 -7.32670805472 1.0
135.0 0.985311827066 0.0
143.0 -3.518386312 0.0
173.0 -1.24851205961 0.0
object 54	1.0:0.5 2.69613044987:0.5
191.0 1.37725935513 0.0
67.0 2.67927937188 1.0
9.0 0.939761403429 0.0
54.0 1.11634769005 0.0
105.0 2.67579125353 1.0
31.0 0.968808759655 0.0
16.0 1.04404406813 0.0
130.0 1.05578153771 0.0
161.0 7.95561762515 1.0
110.0 1.02368084771 0.0
89.0 1.05321625024 0.0
91.0 1.02221957135 0.0
180.0 3.97792594277 1.0
57.0 1.03507493754 0.0
132.0 0.976331033477 0.0
70.0 2.70842598427 1.0
176.0 4.48282948446 0.0
object 55	1.0:0.5 -3.10764661402:0.5
6.0 0.980869688398 0.0
79.0 -3.06138191426 1.0
118.0 0.954145253257 0.0
170.0 3.78549558554 0.0
26.0 -3.08053201322 1.0
147.0 -4.13607825438 1.0
86.0 -3.08136412192 1.0
108.0 0.959351596491 0.0
7.0 -3.03052363891 1.0
195.0 -1.77720222388 0.0
84.0 1.01641890841 0.0
32.0 -3.09456980383 1.0
9.0 1.00290821239 0.0
117.0 -3.09474443249 1.0
3.0 -3.10647722821 1.0
object 56	1.0:0.5 7.94275667971:0.5
167.0 7.20686048446 1.0
147.0 0.890488259328 0.0
93.0 7.96532238755 1.0
63.0 7.91807687445 1.0
46.0 7.93309494798 1.0
15.0 8.00310736803 1.0
35.0 7.83487942149 1.0
57.0 0.927967629025 0.0
10.0 7.9667629767 1.0
72.0 7.96103791238 1.0
18.0 0.93874914126 0.0
152.0 2.46630211365 0.0
object 57	1.0:0.5 2.62469326607:0.5
18.0 0.97255362679 0.0
58.0 2.5750929937 1.0
163.0 7.43503778335 1.0
175.0 -2.68192337311 1.0
98.0 2.59959250068 1.0
26.0 2.6098442625 1.0
72.0 2.62256519756 1.0
109.0 2.64113715283 1.0
195.0 3.99588992943 1.0
114.0 2.57116893357 1.0
145.0 3.74951934196 1.0
171.0 2.18652603879 1.0
57.0 0.877625992691 0.0
object 58	1.0:0.5 -4.59697905545:0.5
155.0 -2.30174659447 1.0
146.0 -7.90139777793 1.0
188.0 3.1119976978 1.0
84.0 -4.58123879507 1.0
8.0 -4.70043506825 1.0
122.0 -4.64461923332 1.0
50.0 -4.59266295928 1.0
98.0 -4.6298862602 1.0
63.0 0.905116274594 0.0
85.0 0.968096084893 0.0
70.0 0.888892343796 0.0
6.0 1.05438442138 0.0
38.0 1.03901706446 0.0
object 59	1.0:0.5 14.0887516951:0.5
153.0 19.7295038286 1.0
76.0 14.0618521521 1.0
119.0 0.992715894106 0.0
168.0 4.03077768953 0.0
43.0 0.963976101467 0.0
148.0 16.7805403574 1.0
6.0 1.05567618626 0.0
38.0 1.00914761643 0.0
180.0 17.8016763955 1.0
194.0 11.3687862147 1.0
41.0 14.2014920125 1.0
123.0 14.1034467159 1.0
167.0 9.1893497224 1.0
object 60	1.0:0.5 5.73721463922:0.5
143.0 1.55903491874 0.0
135.0 5.80661595879 1.0
0.0 1.03013697338 0.0
180.0 9.34244696366 1.0
103.0 5.74086744758 1.0
194.0 5.40665022387 1.0
69.0 0.970872149575 0.0
159.0 2.90120411806 0.0
34.0 5.6819851102 1.0
123.0 5.7225673332 1.0
93.0 1.04079658982 0.0
55.0 1.02858774447 0.0
134.0 0.968321685248 0.0
17.0 5.67372884513 1.0
152.0 6.01288979525 1.0
72.0 5.83405786883 1.0
object 61	1.0:0.5 1.87726994489:0.5
88.0 1.93856135891 1.0
59.0 1.77654867918 1.0
71.0 1.99099150142 1.0
41.0 1.89787286155 1.0
29.0 1.91022871762 1.0
48.0 1.87018899507 1.0
60.0 1.85149129406 1.0
89.0 1.90572254736 1.0
67.0 1.04177538755 0.0
134.0 0.967191383979 0.0
1.0 1.79160094389 1.0
195.0 2.80767268352 0.0
141.0 2.94234713155 0.0
127.0 0.972623181744 0.0
53.0 1.87328425592 1.0
100.0 1.74708911742 1.0
193.0 0.766545807637 0.0
191.0 6.10520343468 1.0
object 62	1.0:0.5 -3.89093568784:0.5
148.0 -2.94368387953 1.0
139.0 1.00412630446 0.0
14.0 1.12782448608 0.0
95.0 0.980826130343 0.0
6.0 -3.91086394958 1.0
57.0 -3.87330161205 1.0
49.0 1.00962919618 0.0
145.0 -6.94387195892 0.0
135.0 -3.93309735291 1.0
87.0 -3.8951231993 1.0
68.0 0.887696323714 0.0
183.0 2.48352067093 0.0
72.0 1.01852870157 0.0
35.0 0.95802578553 0.0
98.0 -3.92074104075 1.0
object 63	1.0:0.5 -13.3193369881:0.5
47.0 -13.3028284472 1.0
158.0 1.18400222162 0.0
98.0 0.959523376946 0.0
121.0 0.990926775679 0.0
95.0 1.01950114977 0.0
112.0 -13.3777988825 1.0
45.0 -13.1662814934 1.0
91.0 1.02611998338 0.0
152.0 2.23830673919 0.0
165.0 1.04452707126 0.0
164.0 4.53902937563 0.0
181.0 1.50989502968 0.0
128.0 -13.2739657602 1.0
94.0 -13.3315658029 1.0
14.0 1.01408281103 0.0
object 64	1.0:0.5 18.8526964536:0.5
119.0 1.02814806905 0.0
73.0 18.8045692877 1.0
51.0 18.7933630733 1.0
144.0 2.54181888928 0.0
160.0 0.348780393579 0.0
14.0 18.8647071367 1.0
64.0 18.801978947 1.0
105.0 0.961828908364 0.0
88.0 0.968231484112 0.0
127.0 18.8637125747 1.0
149.0 2.05860217021 0.0
128.0 18.8647851469 1.0
97.0 1.07336525174 0.0
43.0 18.8761745414 1.0
29.0 18.8764715081 1.0
76.0 1.00296481621 0.0
object 65	1.0:0.5 6.17037451356:0.5
178.0 7.78902487781 1.0
24.0 0.924403973927 0.0
53.0 1.00136644952 0.0
186.0 6.89562119954 0.0
25.0 1.00444585428 0.0
132.0 6.1880041022 1.0
27.0 1.0044265399 0.0
134.0 1.00861565719 0.0
130.0 1.0319082261 0.0
51.0 1.04482941429 0.0
3.0 0.979519236824 0.0
21.0 6.17327556407 1.0
138.0 1.05715173572 0.0
object 66	1.0:0.5 -3.48025032172:0.5
104.0 0.986770420954 0.0
12.0 0.986183854895 0.0
137.0 1.04229494836 0.0
182.0 3.54296085346 0.0
19.0 0.973629381479 0.0
199.0 0.521816590679 0.0
63.0 1.02618790026 0.0
40.0 -3.57123548651 1.0
30.0 0.990978064386 0.0
object 67	1.0:0.5 -5.38461618312:0.5
102.0 0.980437355081 0.0
177.0 3.07623450665 0.0
117.0 -5.37569716278 1.0
20.0 1.06374207672 0.0
113.0 -5.31640477975 1.0
97.0 -5.284750183 1.0
49.0 -5.39808014103 1.0
193.0 0.723216772081 0.0
108.0 1.00854170158 0.0
34.0 -5.39270310902 1.0
24.0 1.06895160919 0.0
1.0 1.09099316982 0.0
125.0 0.911925314827 0.0
115.0 -5.27618137627 1.0
122.0 -5.32505514052 1.0
object 68	1.0:0.5 1.24725535076:0.5
156.0 2.77026830322 1.0
37.0 0.988197315552 0.0
83.0 1.29475220693 1.0
5.0 1.25690596765 1.0
123.0 1.2311390159 1.0
10.0 1.01214481898 0.0
190.0 6.16115825845 1.0
57.0 0.982116147782 0.0
53.0 0.879928293283 0.0
100.0 1.29251712034 1.0
34.0 1.06996993961 0.0
1.0 1.22901372931 1.0
99.0 1.20577334239 1.0
55.0 1.24139770243 1.0
47.0 1.02369358132 0.0
110.0 1.2360584706 1.0
182.0 3.14034406288 0.0
173.0 2.94595379886 1.0
object 69	1.0:0.5 18.9058489125:0.5
39.0 0.989919351349 0.0
16.0 1.09631915056 0.0
27.0 1.00688735079 0.0
41.0 18.8874534336 1.0
31.0 18.9203080226 1.0
159.0 19.6840237636 1.0
158.0 -2.39290804038 0.0
160.0 3.79559648758 0.0
67.0 0.941501909374 0.0
146.0 19.0270085146 1.0
6.0 18.9499048742 1.0
179.0 18.7279804637 1.0
object 70	1.0:0.5 1.19099683998:0.5
134.0 1.10582327656 1.0
158.0 -1.33052966085 0.0
6.0 1.17773353941 1.0
25.0 1.17394827934 1.0
80.0 0.906462549174 0.0
82.0 1.07599322509 1.0
170.0 5.84098769143 1.0
7.0 1.17209881547 1.0
71.0 1.1145150948 1.0
182.0 5.91833151573 0.0
94.0 1.04094771105 0.0
120.0 1.03499952855 0.0
151.0 1.03159738697 1.0
184.0 4.45755072401 0.0
78.0 0.886958713135 0.0
130.0 0.970947352305 0.0
73.0 1.01091962185 0.0
189.0 0.195234466905 0.0
object 71	1.0:0.5 -19.9590440812:0.5
10.0 -19.9829050532 1.0
194.0 -20.4786197028 1.0
91.0 -19.9604554976 1.0
32.0 0.99296882435 0.0
144.0 5.85417808373 0.0
30.0 1.01016281174 0.0
26.0 0.9879329044 0.0
95.0 -19.9086253843 1.0
115.0 -19.9225927854 1.0
118.0 0.980648226656 0.0
175.0 0.106496869518 0.0
116.0 1.00725886277 0.0
object 72	1.0:0.5 10.5659326292:0.5
121.0 0.960825754509 0.0
117.0 1.10126946218 0.0
7.0 10.536886356 1.0
45.0 10.5912634488 1.0
179.0 3.94212016752 1.0
33.0 10.5659394822 1.0
122.0 1.03378251007 0.0
116.0 0.956803559076 0.0
43.0 1.06340951282 0.0
169.0 9.67568573609 1.0
104.0 0.937521073003 0.0
185.0 6.78487085387 1.0
168.0 2.42554910244 0.0
17.0 10.5867927259 1.0
149.0 10.1844886388 1.0
152.0 10.4639173279 1.0
44.0 10.5265489501 1.0
89.0 0.970805688003 0.0
46.0 1.02449149802 0.0
106.0 10.5662850914 1.0
108.0 10.4486384736 1.0
26.0 10.5699928062 1.0
166.0 11.4690959566 1.0
150.0 2.18747223978 0.0
42.0 10.5103438543 1.0
14.0 0.992672144791 0.0
173.0 7.18891653573 1.0
object 73	1.0:0.5 -9.87807332777:0.5
92.0 1.05927118024 0.0
156.0 6.09375292352 0.0
58.0 -9.79303809198 1.0
57.0 0.975514821558 0.0
15.0 -9.90766886205 1.0
125.0 1.09308306483 0.0
142.0 1.63938746938 0.0
174.0 -7.66150010279 1.0
69.0 -9.86535129252 1.0
61.0 -9.87149985767 1.0
161.0 -7.64161001027 1.0
180.0 4.76758460042 0.0
181.0 -11.0850460671 1.0
134.0 -9.83812557423 1.0
167.0 -10.9993964417 1.0
188.0 -3.80970087027 1.0
object 74	1.0:0.5 -0.7152885615:0.5
57.0 -0.713041156514 1.0
162.0 -1.66398173285 1.0
99.0 -0.731741046588 1.0
24.0 0.98651560323 0.0
190.0 -2.27773625501 1.0
29.0 -0.702414716581 1.0
124.0 1.06586172033 0.0
89.0 -0.780632302804 1.0
44.0 0.986445197298 0.0
68.0 -0.715647393109 1.0
82.0 -0.773487439192 1.0
149.0 -7.40644196275 0.0
2.0 1.05048403436 0.0
104.0 -0.776729940747 1.0
131.0 0.92315223726 0.0
object 75	1.0:0.5 -2.48038552011:0.5
0.0 -2.48694934161 1.0
199.0 4.82425712915 0.0
186.0 4.80482334513 0.0
98.0 -2.48656513516 1.0
3.0 -2.39660119924 1.0
102.0 -2.42567503307 1.0
148.0 -1.71766139878 1.0
10.0 -2.39310096457 1.0
11.0 1.00327245643 0.0
40.0 0.967782052439 0.0
45.0 1.0563208648 0.0
116.0 -2.45426002974 1.0
25.0 -2.39433775342 1.0
158.0 -5.87760742255 1.0
163.0 1.12498414986 0.0
100.0 -2.49156620643 1.0
143.0 -2.91980548308 1.0
84.0 -2.52097124789 1.0
object 76	1.0:0.5 1.45038836888:0.5
7.0 1.00612321496 0.0
102.0 0.926275699095 0.0
96.0 1.40629435962 1.0
60.0 0.938063980664 0.0
193.0 5.69251230803 1.0
164.0 2.57803785721 1.0
158.0 1.84880363041 0.0
198.0 0.796206091669 0.0
72.0 1.45426106166 1.0
53.0 1.4791492505 1.0
67.0 1.3844951795 1.0
195.0 1.58032203778 1.0
122.0 0.969765610115 0.0
object 77	1.0:0.5 9.24567239779:0.5
184.0 7.31876626649 1.0
175.0 -3.82073474878 0.0
69.0 1.02289057169 0.0
42.0 0.955795555184 0.0
107.0 9.18608899327 1.0
135.0 1.0602185199 0.0
149.0 8.55350226383 1.0
114.0 9.28511435659 1.0
181.0 7.59675545386 1.0
161.0 10.6378482855 1.0
94.0 9.30066570117 1.0
130.0 9.22349935704 1.0
78.0 1.08762327315 0.0
23.0 9.25769973067 1.0
104.0 0.912846645926 0.0
object 78	1.0:0.5 -7.31167460206:0.5
33.0 -7.32472558955 1.0
77.0 0.956413222589 0.0
31.0 -7.26663194216 1.0
26.0 1.0315148466 0.0
20.0 -7.2788452606 1.0
178.0 -12.0024869112 1.0
156.0 -7.39521323436 1.0
110.0 -7.28087799316 1.0
object 79	1.0:0.5 22.0900565138:0.5
181.0 22.9364609253 1.0
85.0 21.9961171965 1.0
60.0 22.127837996 1.0
43.0 22.049074011 1.0
161.0 -0.497432997879 0.0
7.0 0.953657521344 0.0
6.0 1.02297695588 0.0
29.0 0.885342696391 0.0
131.0 22.1745258015 1.0
123.0 0.970413050576 0.0
164.0 12.4915194047 0.0
163.0 18.3697606222 1.0
18.0 22.0235682143 1.0
72.0 0.936572218563 0.0
47.0 22.1805952708 1.0
197.0 0.849853687071 0.0
127.0 0.982597651499 0.0
120.0 1.05334854121 0.0
91.0 21.9427955804 1.0
94.0 22.0893008886 1.0
object 80	1.0:0.5 -10.9838303801:0.5
36.0 0.981478718987 0.0
57.0 1.0469878143 0.0
105.0 1.01258948898 0.0
130.0 -10.981423348 1.0
21.0 0.994163321328 0.0
54.0 1.06565892419 0.0
119.0 1.05541103291 0.0
169.0 -10.7599838768 1.0
155.0 -11.4569550512 1.0
22.0 0.987482510358 0.0
116.0 0.915254779099 0.0
161.0 -8.363521203 1.0
193.0 1.05531884047 0.0
70.0 0.986704756848 0.0
59.0 0.987939269771 0.0
object 81	1.0:0.5 -1.30271185952:0.5
23.0 1.10403284381 0.0
45.0 1.04438069652 0.0
193.0 3.43354814524 0.0
62.0 0.97059813057 0.0
71.0 1.04317610947 0.0
109.0 0.915292486566 0.0
85.0 1.0194968655 0.0
46.0 -1.27463637474 1.0
152.0 1.32492324709 1.0
177.0 1.19733991689 1.0
0.0 -1.22848814722 1.0
104.0 -1.32476899912 1.0
88.0 -1.25859366919 1.0
102.0 1.00650234237 0.0
92.0 1.03181910659 0.0
155.0 3.34928392289 1.0
107.0 1.06886601374 0.0
object 82	1.0:0.5 11.8950836148:0.5
86.0 1.07077442032 0.0
48.0 11.8879681858 1.0
126.0 11.8479674158 1.0
38.0 11.9400911856 1.0
118.0 0.912926299149 0.0
152.0 8.23367063293 1.0
145.0 8.0488283617 1.0
70.0 11.9519291864 1.0
153.0 1.75269552418 0.0
111.0 11.9049115957 1.0
26.0 1.02791839967 0.0
96.0 1.08612403324 0.0
68.0 11.8854872215 1.0
50.0 11.9538819947 1.0
107.0 11.8782609878 1.0
94.0 0.926149933304 0.0
85.0 0.956151400705 0.0
object 83	1.0:0.5 9.23700395857:0.5
138.0 1.00782440541 0.0
57.0 1.00944422064 0.0
60.0 1.05247469003 0.0
186.0 7.61314945456 1.0
95.0 9.24739613112 1.0
153.0 9.79596612607 1.0
171.0 7.10330437237 1.0
74.0 9.18040699649 1.0
50.0 9.23871679737 1.0
168.0 4.6569622104 0.0
117.0 1.10890776157 0.0
11.0 9.21495536228 1.0
38.0 9.27282392729 1.0
object 84	1.0:0.5 13.1090113554:0.5
68.0 0.997292288226 0.0
46.0 0.97719537262 0.0
154.0 14.4087494829 1.0
175.0 10.2588745623 0.0
51.0 1.02142108151 0.0
108.0 13.0953146996 1.0
162.0 -3.59756360426 0.0
112.0 13.1315735065 1.0
134.0 13.162195526 1.0
59.0 13.1630624129 1.0
169.0 -1.13820001265 0.0
172.0 -1.63020881637 0.0
126.0 13.0897318944 1.0
170.0 16.7112996489 1.0
194.0 12.3403288465 1.0
76.0 13.1313826834 1.0
52.0 1.0151858367 0.0
object 85	1.0:0.5 -15.5368991929:0.5
160.0 -2.71334560748 0.0
88.0 1.1127733025 0.0
78.0 -15.6208922904 1.0
66.0 -15.5418115176 1.0
16.0 -15.4837419082 1.0
61.0 -15.505914673 1.0
23.0 -15.5624282651 1.0
159.0 4.41829334263 0.0
87.0 -15.4985353988 1.0
33.0 0.910438359135 0.0
199.0 -12.0096948117 1.0
43.0 0.956740071486 0.0
169.0 -0.146873491463 0.0
58.0 -15.4611164369 1.0
25.0 1.05018775365 0.0
object 86	1.0:0.5 -7.11343088636:0.5
107.0 -7.08983794582 1.0
14.0 -7.21986608698 1.0
47.0 -7.11331033991 1.0
91.0 -7.16376244672 1.0
150.0 -0.328449296236 0.0
103.0 0.968077052333 0.0
178.0 1.66088705367 1.0
18.0 0.952751851265 0.0
195.0 -8.01721778507 1.0
173.0 -5.49448057806 0.0
50.0 -7.17941142612 1.0
162.0 -3.70873925366 1.0
68.0 -7.09728713609 1.0
58.0 -7.08410802522 1.0
56.0 -7.17292032155 1.0
35.0 -7.17360509203 1.0
180.0 -6.15696073072 0.0
84.0 -7.14025397383 1.0
object 87	1.0:0.5 9.51910206041:0.5
101.0 9.53716541315 1.0
114.0 9.54247594788 1.0
59.0 9.54900081955 1.0
34.0 0.925478254343 0.0
45.0 9.57665641893 1.0
118.0 9.44456069467 1.0
1.0 9.45924272693 1.0
68.0 9.46067857134 1.0
167.0 1.28523529244 0.0
142.0 8.59847169242 1.0
95.0 9.48377644826 1.0
132.0 0.93747338752 0.0
188.0 12.2347935421 1.0
190.0 -1.91387356502 0.0
98.0 9.5097782245 1.0
146.0 5.46151265541 0.0
9.0 9.50288436714 1.0
object 88	1.0:0.5 -3.72364133245:0.5
125.0 1.14032545392 0.0
46.0 -3.60510442559 1.0
15.0 0.957375889038 0.0
104.0 -3.79722146884 1.0
96.0 1.018111883 0.0
42.0 -3.70368164778 1.0
81.0 0.980664606363 0.0
167.0 -1.50754481171 0.0
5.0 -3.67599570727 1.0
106.0 0.955210490483 0.0
111.0 -3.65099522839 1.0
62.0 -3.74274025835 1.0
87.0 0.984953585391 0.0
114.0 -3.71935413304 1.0
object 89	1.0:0.5 1.69691374106:0.5
187.0 3.20868601709 0.0
173.0 5.09808945995 1.0
141.0 2.9758545556 1.0
189.0 3.21238756003 0.0
110.0 1.70908415049 1.0
192.0 6.2801961669 0.0
82.0 1.71365561765 1.0
144.0 -1.14120864033 1.0
142.0 -1.43650258339 0.0
22.0 1.00434183739 0.0
76.0 0.965071894678 0.0
9.0 0.990529398398 0.0
97.0 1.02465609692 0.0
136.0 0.935493810292 0.0
1.0 1.73480102307 1.0
41.0 1.69009345129 1.0
172.0 1.1860295913 1.0
object 90	1.0:0.5 -11.5774044483:0.5
155.0 0.990206965611 0.0
31.0 -11.530542756 1.0
43.0 -11.6077702361 1.0
2.0 1.08105822651 0.0
17.0 1.05790746811 0.0
171.0 -1.86530259967 0.0
120.0 0.982182036692 0.0
158.0 -5.36027930008 0.0
21.0 -11.5835680073 1.0
11.0 -11.6304710158 1.0
164.0 -4.76763653521 0.0
57.0 -11.5915358103 1.0
10.0 1.03575753401 0.0
183.0 -13.4969510446 1.0
165.0 1.98703971903 0.0
123.0 0.913792588852 0.0
object 91	1.0:0.5 4.61763341059:0.5
56.0 0.985420844461 0.0
1.0 4.52740091575 1.0
94.0 1.01490222814 0.0
14.0 4.619220862 1.0
90.0 4.57333278683 1.0
70.0 4.60191051385 1.0
100.0 4.64739057945 1.0
91.0 4.70451962052 1.0
17.0 4.5145681108 1.0
113.0 1.0293904111 0.0
object 92	1.0:0.5 -4.9109968904:0.5
170.0 3.29849388684 1.0
98.0 1.00925340452 0.0
28.0 -4.95132414685 1.0
66.0 -4.83624685681 1.0
102.0 0.994399994212 0.0
55.0 -4.79712817364 1.0
129.0 -4.90424873333 1.0
138.0 1.03634672321 0.0
17.0 0.948223559781 0.0
174.0 0.198311652351 0.0
object 93	1.0:0.5 -23.3710897228:0.5
102.0 -23.3009072038 1.0
142.0 2.78671675956 0.0
110.0 -23.3524122309 1.0
2.0 -23.3463826098 1.0
45.0 0.991223924336 0.0
104.0 -23.3876802941 1.0
62.0 -23.4614593597 1.0
52.0 -23.3782317692 1.0
155.0 -18.9890720001 1.0
127.0 -23.3769335939 1.0
187.0 -19.5786324667 1.0
184.0 -4.59096351987 0.0
28.0 -23.3321371608 1.0
object 94	1.0:0.5 17.6527782225:0.5
5.0 17.6897693314 1.0
87.0 0.94197646174 0.0
164.0 8.01501874985 0.0
125.0 17.5787579159 1.0
35.0 17.6037311994 1.0
83.0 1.01243679871 0.0
154.0 5.9709677949 0.0
54.0 0.990704054667 0.0
126.0 17.6878967894 1.0
33.0 1.04098719698 0.0
199.0 0.766429608746 0.0
82.0 1.1135017199 0.0
131.0 1.04971323 0.0
132.0 17.6181605401 1.0
182.0 19.6462481689 1.0
166.0 14.8961848513 1.0
object 95	1.0:0.5 -15.0218320755:0.5
111.0 -15.0511995176 1.0
142.0 -1.33046801545 0.0
53.0 0.981275116354 0.0
48.0 1.07029598331 0.0
164.0 -12.5252285166 1.0
73.0 -15.0347563369 1.0
151.0 -14.020161268 1.0
85.0 -15.0829897246 1.0
165.0 -4.4020195412 0.0
103.0 1.00357916177 0.0
25.0 -14.989103451 1.0
76.0 -15.0315884593 1.0
124.0 -15.0205779902 1.0
27.0 -15.086296074 1.0
174.0 0.0241562367957 0.0
object 96	1.0:0.5 14.9136441074:0.5
194.0 12.9210042332 1.0
4.0 14.9248836999 1.0
78.0 14.9845272355 1.0
51.0 1.0778698861 0.0
159.0 2.5142326817 0.0
149.0 13.1600874875 1.0
86.0 14.8756653892 1.0
123.0 1.11691612095 0.0
object 97	1.0:0.5 12.1196316834:0.5
158.0 -1.54217053308 0.0
186.0 -1.57128607422 0.0
167.0 4.39093105831 0.0
97.0 12.1695782816 1.0
15.0 0.909033231195 0.0
163.0 3.04541381238 0.0
166.0 -1.92798205225 0.0
43.0 12.0430476361 1.0
3.0 0.97032237192 0.0
105.0 1.01298736813 0.0
82.0 12.0800712143 1.0
61.0 1.0490355313 0.0
173.0 0.960654630852 0.0
object 98	1.0:0.5 4.70612886661:0.5
180.0 9.9653036592 1.0
53.0 1.00076151152 0.0
45.0 4.65263577281 1.0
158.0 4.97905268655 0.0
64.0 1.13758552949 0.0
185.0 0.62957230596 0.0
163.0 3.80491703389 1.0
10.0 1.06026292339 0.0
49.0 4.80880576592 1.0
16.0 0.983215126289 0.0
93.0 4.62728615492 1.0
110.0 4.66429950356 1.0
175.0 6.48556855698 0.0
181.0 0.490359137883 0.0
172.0 7.03011202203 0.0
94.0 1.07740135701 0.0
80.0 4.69375099627 1.0
77.0 4.74470672355 1.0
132.0 0.888377363145 0.0
120.0 4.67432101951 1.0
object 99	1.0:0.5 8.29476717591:0.5
152.0 -0.774915189911 0.0
162.0 0.567122648446 0.0
31.0 0.910082233519 0.0
62.0 8.20665923539 1.0
171.0 5.25536442722 0.0
10.0 0.920210697192 0.0
109.0 0.93383473683 0.0
80.0 0.94940670835 0.0
114.0 8.33650467571 1.0
48.0 8.26620370682 1.0
67.0 8.41561202311 1.0
174.0 -6.55691031044 0.0
190.0 8.51941201083 1.0
2.0 0.967566452064 0.0
136.0 1.06084885441 0.0
93.0 1.01801812388 0.0
47.0 8.26438125796 1.0
78.0 8.30320446956 1.0
