object 0	1.0:1.0
87.0 0.99597472935 1.0
91.0 1.02062495156 1.0
179.0 0.948948194642 1.0
193.0 2.1958071261 1.0
34.0 1.00515695473 1.0
26.0 0.993515663375 1.0
8.0 0.994702986355 1.0
118.0 1.00033127465 1.0
191.0 2.04837260857 1.0
145.0 -0.868042318801 1.0
130.0 0.98278153437 1.0
168.0 2.77588611844 1.0
157.0 1.33528112305 1.0
45.0 1.02423667366 1.0
144.0 3.3236528514 1.0
128.0 0.981034188535 1.0
189.0 6.90793292426 1.0
117.0 1.00034232887 1.0
156.0 -5.95801252034 1.0
136.0 0.980191247776 1.0
29.0 1.01195272711 1.0
24.0 0.939851271816 1.0
16.0 0.994437680321 1.0
162.0 4.04012937457 1.0
161.0 6.11179275717 1.0
89.0 0.955687855129 1.0
79.0 1.0080344421 1.0
92.0 0.993634968741 1.0
object 1	1.0:1.0
149.0 1.9766234741 1.0
96.0 1.00833611443 1.0
151.0 1.35833832299 1.0
5.0 1.01974908045 1.0
35.0 1.02708456755 1.0
199.0 -0.843653557393 1.0
156.0 -1.88197299204 1.0
8.0 0.969992979904 1.0
63.0 1.01709007787 1.0
15.0 0.913442068497 1.0
171.0 4.39232038147 1.0
38.0 1.00871755025 1.0
27.0 0.998552919082 1.0
177.0 2.4217148308 1.0
164.0 4.49860179805 1.0
143.0 3.13120458109 1.0
17.0 0.994460517719 1.0
172.0 1.25852235919 1.0
89.0 0.974022042717 1.0
37.0 0.986468100195 1.0
99.0 1.0029562364 1.0
20.0 1.03819415881 1.0
77.0 0.99323869414 1.0
75.0 1.02901682494 1.0
object 2	1.0:1.0
156.0 -2.98141090945 1.0
31.0 0.950735584686 1.0
196.0 0.803271418269 1.0
26.0 1.08353984613 1.0
25.0 1.00049246312 1.0
158.0 -2.64390020066 1.0
37.0 0.968412433714 1.0
24.0 0.974166216633 1.0
38.0 1.00342742731 1.0
113.0 0.977942560411 1.0
190.0 1.31978199476 1.0
6.0 1.07175579298 1.0
136.0 0.999463367017 1.0
49.0 1.00700906023 1.0
130.0 0.985611976077 1.0
131.0 0.97122953026 1.0
72.0 1.01000980509 1.0
51.0 0.981212996312 1.0
142.0 -3.0495527868 1.0
68.0 1.01589217382 1.0
67.0 0.99340141436 1.0
149.0 -1.16399596844 1.0
155.0 4.67373640332 1.0
174.0 0.269639289027 1.0
111.0 0.995728596332 1.0
191.0 0.23838592883 1.0
129.0 1.00268935633 1.0
53.0 1.00839447467 1.0
object 3	1.0:1.0
78.0 0.994323744828 1.0
98.0 1.00168937932 1.0
121.0 1.00182594425 1.0
27.0 1.00962086254 1.0
185.0 0.53476749651 1.0
189.0 5.10994555548 1.0
52.0 1.00648517231 1.0
103.0 1.0724874776 1.0
108.0 1.00521306694 1.0
164.0 0.149970439835 1.0
137.0 0.99113142754 1.0
115.0 1.04369403233 1.0
80.0 1.01075608701 1.0
71.0 1.02953736504 1.0
124.0 1.00798930962 1.0
8.0 0.992433253811 1.0
130.0 1.00008229309 1.0
13.0 1.07278506006 1.0
187.0 -1.17643970291 1.0
127.0 1.01174847105 1.0
176.0 2.05057298531 1.0
69.0 0.996230142254 1.0
23.0 1.00904915718 1.0
100.0 0.962382033968 1.0
object 4	1.0:1.0
72.0 1.03784680031 1.0
101.0 0.97795457559 1.0
18.0 0.983974111729 1.0
97.0 0.99922187574 1.0
135.0 0.977600428292 1.0
108.0 1.01637964185 1.0
82.0 1.03071559625 1.0
99.0 0.979334586121 1.0
50.0 0.953667490722 1.0
25.0 1.00518814953 1.0
59.0 0.951859446205 1.0
123.0 0.965118977731 1.0
180.0 1.58200190549 1.0
0.0 0.973049238421 1.0
105.0 0.967610504078 1.0
38.0 1.01964021018 1.0
190.0 1.32363308655 1.0
95.0 0.938811112077 1.0
61.0 1.02426055253 1.0
43.0 0.999221999327 1.0
161.0 4.00771373394 1.0
11.0 0.988248687817 1.0
134.0 0.979220074513 1.0
110.0 0.993262761041 1.0
113.0 0.993570115857 1.0
141.0 1.79522372001 1.0
84.0 1.01595424209 1.0
object 5	1.0:1.0
165.0 0.262040774813 1.0
63.0 0.989796628603 1.0
74.0 1.05989405049 1.0
127.0 1.06103913377 1.0
154.0 11.7739837683 1.0
142.0 3.16717857386 1.0
136.0 1.01471386112 1.0
56.0 1.03822510317 1.0
162.0 -10.7812138243 1.0
111.0 0.935776185192 1.0
70.0 0.996000552926 1.0
86.0 0.954346743871 1.0
68.0 1.01156819636 1.0
118.0 1.01649795368 1.0
112.0 0.934539572458 1.0
25.0 0.993308209531 1.0
183.0 3.91256855629 1.0
87.0 1.06098088597 1.0
155.0 3.18652296667 1.0
15.0 0.968441298992 1.0
4.0 0.97141380681 1.0
object 6	1.0:1.0
38.0 0.995851339873 1.0
71.0 1.07430927534 1.0
103.0 0.947982594237 1.0
4.0 1.03997381423 1.0
134.0 1.01958050777 1.0
155.0 -0.656928371236 1.0
43.0 0.988774967083 1.0
174.0 0.485541229681 1.0
16.0 1.01031560573 1.0
177.0 1.23476433977 1.0
42.0 0.999620556441 1.0
180.0 1.71234317173 1.0
108.0 1.00190386411 1.0
196.0 0.378438067291 1.0
109.0 0.993228041174 1.0
191.0 -1.22859560206 1.0
32.0 1.0145316134 1.0
object 7	1.0:1.0
100.0 1.00444522984 1.0
46.0 0.95011736545 1.0
143.0 4.69055085874 1.0
160.0 -0.816846145838 1.0
120.0 0.99204446888 1.0
159.0 -1.58835129489 1.0
196.0 1.31306568998 1.0
18.0 1.01132019614 1.0
153.0 -0.180264155142 1.0
58.0 0.988011856782 1.0
66.0 0.937415982159 1.0
110.0 1.0039626068 1.0
45.0 1.03004059407 1.0
102.0 1.03011623048 1.0
84.0 0.966286984108 1.0
165.0 5.29243817408 1.0
15.0 0.976670014245 1.0
135.0 1.04604543279 1.0
199.0 2.94351035575 1.0
26.0 0.945958900891 1.0
94.0 1.08081128322 1.0
2.0 0.950336165891 1.0
12.0 0.989851811559 1.0
124.0 0.989885028179 1.0
37.0 0.972317522822 1.0
185.0 0.257876690753 1.0
28.0 1.01573348529 1.0
109.0 0.962165173258 1.0
95.0 1.04078311476 1.0
163.0 0.872694875475 1.0
106.0 1.05927606453 1.0
57.0 1.00673296227 1.0
3.0 0.995244633699 1.0
104.0 0.956809025701 1.0
147.0 -1.79658861626 1.0
101.0 1.01711362545 1.0
169.0 0.592115397728 1.0
object 8	1.0:1.0
74.0 0.979222279237 1.0
124.0 0.993479221843 1.0
163.0 -0.171653046925 1.0
183.0 -0.922634283256 1.0
122.0 0.992720855538 1.0
64.0 0.990319898311 1.0
98.0 0.923178244266 1.0
88.0 0.966096878207 1.0
46.0 0.955022780285 1.0
144.0 -2.2592462774 1.0
189.0 -1.94145974456 1.0
5.0 0.988842282497 1.0
91.0 1.05592560889 1.0
159.0 1.14534051333 1.0
185.0 0.800319156795 1.0
68.0 1.04508719467 1.0
116.0 1.00588058062 1.0
109.0 1.03089447576 1.0
object 9	1.0:1.0
154.0 4.49707157317 1.0
185.0 3.29805835715 1.0
36.0 1.00545429804 1.0
119.0 0.968437723233 1.0
118.0 0.984660752343 1.0
167.0 0.778864898632 1.0
145.0 2.72019643463 1.0
30.0 1.00722887655 1.0
187.0 0.10912767446 1.0
86.0 0.986625155439 1.0
54.0 1.00543473659 1.0
171.0 3.40163116738 1.0
159.0 -1.50095806732 1.0
65.0 0.948508610912 1.0
135.0 1.03250591212 1.0
23.0 0.993642456709 1.0
14.0 0.977600904329 1.0
138.0 1.00111062473 1.0
134.0 1.02999080374 1.0
56.0 1.01367550978 1.0
29.0 1.00225549488 1.0
151.0 0.888006777577 1.0
97.0 1.0009295287 1.0
178.0 -0.850936009794 1.0
object 10	1.0:1.0
87.0 0.984723351442 1.0
135.0 1.00765141386 1.0
31.0 0.981960505341 1.0
88.0 1.00932387007 1.0
193.0 3.13277121981 1.0
179.0 7.41728004551 1.0
21.0 1.023457657 1.0
86.0 0.965435054524 1.0
171.0 1.33417479127 1.0
112.0 0.962159053162 1.0
173.0 2.29868676716 1.0
119.0 0.999796515727 1.0
196.0 0.915522045683 1.0
97.0 0.996561302966 1.0
159.0 3.69718531639 1.0
186.0 0.447976632327 1.0
183.0 3.26269771909 1.0
136.0 0.95755558131 1.0
104.0 1.05091721785 1.0
143.0 -0.618685811794 1.0
96.0 0.99484294905 1.0
121.0 1.01440199066 1.0
41.0 0.991920509095 1.0
34.0 1.015950031 1.0
133.0 0.99029855792 1.0
58.0 1.01254183719 1.0
98.0 1.01177703892 1.0
95.0 1.01678843569 1.0
44.0 0.991710802983 1.0
63.0 1.02548076725 1.0
189.0 0.656445763791 1.0
105.0 0.97523345408 1.0
object 11	1.0:1.0
45.0 0.972357467521 1.0
199.0 0.522537490965 1.0
73.0 0.978324561414 1.0
140.0 3.43348029155 1.0
195.0 5.17402901202 1.0
8.0 1.00702295889 1.0
1.0 1.00443364184 1.0
20.0 1.00156450065 1.0
171.0 4.32178207424 1.0
33.0 1.0372097673 1.0
15.0 1.0198005646 1.0
89.0 0.993880705355 1.0
24.0 0.991287670172 1.0
57.0 1.00202671312 1.0
183.0 4.18032982703 1.0
22.0 0.959513112825 1.0
52.0 1.00545853039 1.0
106.0 1.01956160336 1.0
95.0 0.969644279604 1.0
105.0 0.970842564733 1.0
object 12	1.0:1.0
139.0 1.02601268317 1.0
198.0 6.30303259559 1.0
186.0 2.53673684937 1.0
108.0 1.0083204884 1.0
43.0 1.00980189489 1.0
150.0 0.791425382694 1.0
16.0 0.934496838848 1.0
38.0 1.02571042052 1.0
163.0 -0.464981633543 1.0
90.0 0.958808649511 1.0
173.0 -2.58352808556 1.0
141.0 2.57107678323 1.0
112.0 0.983679509382 1.0
106.0 0.957042245874 1.0
167.0 3.23926367885 1.0
13.0 0.991930671907 1.0
121.0 1.00814322019 1.0
155.0 1.92879465917 1.0
115.0 0.984154598789 1.0
109.0 1.00523312353 1.0
71.0 0.944887339587 1.0
object 13	1.0:1.0
6.0 1.1103360782 1.0
33.0 1.03878297502 1.0
96.0 0.973654920999 1.0
115.0 1.10297941585 1.0
109.0 0.994824630805 1.0
190.0 2.91052341115 1.0
119.0 1.04043620861 1.0
28.0 0.988590553038 1.0
86.0 1.00514025471 1.0
83.0 1.00791236162 1.0
117.0 0.991182903697 1.0
63.0 1.01384023199 1.0
99.0 1.02369889824 1.0
126.0 0.996568169689 1.0
49.0 1.00440088842 1.0
145.0 1.52324036778 1.0
144.0 1.44903515617 1.0
94.0 0.989635257154 1.0
176.0 6.66624476698 1.0
44.0 1.00127937404 1.0
7.0 1.01159294161 1.0
164.0 2.13709069051 1.0
148.0 1.17292894457 1.0
54.0 0.966898505296 1.0
128.0 0.986081677116 1.0
37.0 0.974979362324 1.0
118.0 0.988444355336 1.0
1.0 1.02751221905 1.0
object 14	1.0:1.0
64.0 1.00485744165 1.0
79.0 1.02176963667 1.0
4.0 1.02523561856 1.0
24.0 0.951231564708 1.0
161.0 3.38753936208 1.0
74.0 0.997431482386 1.0
183.0 1.39441152819 1.0
199.0 0.833934814173 1.0
68.0 0.993157642898 1.0
125.0 1.04588459102 1.0
53.0 1.01004676427 1.0
98.0 0.980971549731 1.0
106.0 0.934463733759 1.0
36.0 1.01640376812 1.0
12.0 0.986943530904 1.0
70.0 1.00180388937 1.0
198.0 4.80774336296 1.0
17.0 1.05611915033 1.0
5.0 1.00486344195 1.0
35.0 0.998623843516 1.0
6.0 1.09513277658 1.0
112.0 1.00736520218 1.0
34.0 1.01214379262 1.0
175.0 4.09407942604 1.0
22.0 1.02025346026 1.0
55.0 0.960041365564 1.0
186.0 -2.80401083947 1.0
111.0 1.08978154542 1.0
109.0 0.95860078151 1.0
object 15	1.0:1.0
28.0 0.954278601108 1.0
115.0 1.00458359055 1.0
102.0 0.95392234765 1.0
9.0 1.03564135725 1.0
193.0 2.36871778643 1.0
95.0 0.979878070612 1.0
55.0 1.02032883695 1.0
137.0 1.00123356877 1.0
156.0 2.7745907505 1.0
105.0 1.00703016033 1.0
52.0 0.999746002213 1.0
113.0 1.01094997436 1.0
126.0 0.988951761582 1.0
199.0 -1.51379465938 1.0
163.0 3.40658878787 1.0
174.0 2.42233255491 1.0
85.0 0.991711078257 1.0
42.0 0.971342709025 1.0
18.0 1.02629122114 1.0
1.0 0.972634064402 1.0
16.0 0.987599746275 1.0
176.0 3.15689849269 1.0
89.0 0.980178788302 1.0
76.0 0.956558790423 1.0
189.0 3.78715090764 1.0
object 16	1.0:1.0
175.0 4.77641208144 1.0
73.0 1.05740885968 1.0
133.0 1.01511514294 1.0
125.0 0.957864416795 1.0
34.0 1.00876363339 1.0
96.0 0.982403430597 1.0
163.0 -0.230529037741 1.0
25.0 0.962157617565 1.0
109.0 0.980917207005 1.0
112.0 0.9599307223 1.0
48.0 0.985573831297 1.0
94.0 1.06959802743 1.0
199.0 0.103962938658 1.0
10.0 1.00399839856 1.0
114.0 0.960349577656 1.0
129.0 0.970663610226 1.0
118.0 1.00657769091 1.0
26.0 1.02445968017 1.0
113.0 0.969692978551 1.0
148.0 -0.283041815782 1.0
38.0 0.994464970253 1.0
77.0 0.952734103947 1.0
146.0 1.31624287749 1.0
51.0 1.00734423958 1.0
89.0 1.04536332496 1.0
58.0 1.02244896224 1.0
object 17	1.0:1.0
84.0 0.997216215528 1.0
69.0 1.01076707078 1.0
78.0 0.958830137415 1.0
50.0 0.988718091563 1.0
56.0 1.05632939528 1.0
175.0 2.56901499627 1.0
91.0 1.04040848122 1.0
177.0 2.4186202821 1.0
26.0 0.960183197398 1.0
173.0 -0.599704127215 1.0
197.0 -0.66481555865 1.0
79.0 0.992382449318 1.0
117.0 0.976260537186 1.0
37.0 1.03400605774 1.0
42.0 1.01178794216 1.0
58.0 1.02190577325 1.0
137.0 1.01668603533 1.0
63.0 0.98612941256 1.0
95.0 0.983045485893 1.0
112.0 1.06335803764 1.0
7.0 0.982859467208 1.0
74.0 0.985672478854 1.0
23.0 0.977269781238 1.0
165.0 -4.41213505994 1.0
94.0 1.06082045298 1.0
90.0 0.933700192083 1.0
142.0 -3.32317279192 1.0
68.0 1.01048368106 1.0
object 18	1.0:1.0
156.0 -3.41931863575 1.0
107.0 1.03406227652 1.0
84.0 0.968391676471 1.0
87.0 1.03704560313 1.0
58.0 0.995959977877 1.0
81.0 1.05920026604 1.0
185.0 -0.475314277461 1.0
17.0 1.01033443831 1.0
192.0 0.937061576033 1.0
136.0 1.04824333423 1.0
59.0 1.02431103472 1.0
13.0 1.02791898202 1.0
130.0 1.0291797622 1.0
53.0 1.04531328346 1.0
71.0 1.01737153913 1.0
37.0 0.996358083414 1.0
47.0 1.00173700261 1.0
104.0 1.04122484449 1.0
199.0 -3.91337135592 1.0
49.0 0.978890768286 1.0
10.0 1.01195007099 1.0
object 19	1.0:1.0
48.0 1.00202995288 1.0
138.0 1.00588397868 1.0
34.0 0.985185981946 1.0
47.0 0.984317432584 1.0
95.0 0.943167922665 1.0
9.0 1.01225813248 1.0
113.0 1.00447807948 1.0
162.0 -0.182340049759 1.0
25.0 1.01363657925 1.0
139.0 0.974355722487 1.0
39.0 1.00276678967 1.0
62.0 0.964185522172 1.0
92.0 1.02608773438 1.0
187.0 7.99832839897 1.0
115.0 0.9648287075 1.0
83.0 1.00198767784 1.0
31.0 0.985374911917 1.0
79.0 1.00307485434 1.0
103.0 0.983524518056 1.0
91.0 0.961895928942 1.0
51.0 1.001725064 1.0
152.0 3.18603277979 1.0
131.0 0.958729303343 1.0
195.0 1.1522266488 1.0
81.0 0.932158733744 1.0
object 20	1.0:1.0
100.0 1.02521856681 1.0
54.0 1.0233862067 1.0
131.0 1.04680702594 1.0
8.0 0.982306742141 1.0
197.0 4.32637780676 1.0
180.0 3.89224312597 1.0
52.0 1.00665068391 1.0
199.0 2.87367035236 1.0
9.0 1.03829154284 1.0
75.0 1.02338489165 1.0
46.0 0.983968944532 1.0
67.0 0.95543231071 1.0
27.0 1.01028459231 1.0
136.0 0.992287814301 1.0
59.0 0.98443549206 1.0
50.0 1.02591284625 1.0
195.0 0.949897909264 1.0
134.0 1.02055299327 1.0
122.0 0.990650174372 1.0
106.0 1.02810824452 1.0
91.0 1.03470892429 1.0
19.0 1.02140823942 1.0
object 21	1.0:1.0
98.0 0.906900121083 1.0
1.0 0.959058644287 1.0
136.0 0.983809698142 1.0
121.0 0.991903400066 1.0
149.0 5.25919722777 1.0
91.0 1.01306950088 1.0
84.0 0.990628083744 1.0
148.0 1.7941675578 1.0
165.0 2.60361778087 1.0
83.0 0.999250615087 1.0
181.0 4.54686335923 1.0
79.0 0.981778846861 1.0
172.0 3.69749273405 1.0
124.0 0.999781952738 1.0
64.0 0.918842832149 1.0
192.0 1.13378978479 1.0
152.0 1.5183998182 1.0
81.0 1.00876698434 1.0
186.0 3.49855135324 1.0
57.0 0.983566379067 1.0
95.0 0.970719555606 1.0
33.0 0.97358088499 1.0
17.0 1.03766380587 1.0
156.0 1.44617156444 1.0
87.0 0.996610172978 1.0
147.0 -0.969612375676 1.0
188.0 1.59449366873 1.0
129.0 1.01879918355 1.0
42.0 0.974741191897 1.0
137.0 0.963863874356 1.0
37.0 1.04292498847 1.0
object 22	1.0:1.0
187.0 3.10278131261 1.0
182.0 0.283274158189 1.0
171.0 3.3929070464 1.0
31.0 1.02850144146 1.0
41.0 1.02299562473 1.0
140.0 -0.367701781321 1.0
103.0 0.961325088926 1.0
28.0 0.969510595469 1.0
111.0 1.0202693678 1.0
109.0 0.995988525443 1.0
71.0 1.05629969167 1.0
142.0 1.26182610218 1.0
104.0 1.00628807957 1.0
80.0 0.9950580252 1.0
198.0 5.45162818115 1.0
37.0 1.01170478084 1.0
70.0 1.01122314724 1.0
53.0 1.04542046234 1.0
172.0 2.38860892968 1.0
90.0 1.04027470451 1.0
15.0 0.983774272058 1.0
59.0 0.942615932587 1.0
189.0 6.08075043057 1.0
95.0 1.01467871102 1.0
102.0 1.00374173865 1.0
72.0 1.03572466564 1.0
179.0 3.44773266457 1.0
175.0 -0.505412334795 1.0
45.0 0.952307369972 1.0
136.0 0.980954826976 1.0
object 23	1.0:1.0
1.0 1.01940675628 1.0
5.0 1.00368769478 1.0
27.0 1.0000597211 1.0
59.0 0.990501599581 1.0
33.0 1.02846750391 1.0
113.0 1.00512366121 1.0
60.0 1.02867171975 1.0
141.0 4.1893781879 1.0
133.0 1.01547816803 1.0
21.0 1.00377211935 1.0
19.0 0.954914866308 1.0
94.0 0.957529774666 1.0
87.0 0.999359836619 1.0
41.0 0.948598629471 1.0
57.0 1.01107311272 1.0
116.0 0.983986336517 1.0
143.0 5.23293827822 1.0
182.0 2.45038304045 1.0
69.0 0.985121580553 1.0
115.0 0.936765099371 1.0
66.0 0.963050175325 1.0
14.0 1.01123296115 1.0
184.0 -3.06952633906 1.0
object 24	1.0:1.0
152.0 -1.1801522033 1.0
60.0 0.96585110259 1.0
90.0 0.956607883068 1.0
10.0 1.0116537152 1.0
123.0 1.03007838157 1.0
132.0 1.00186578184 1.0
95.0 1.0297903003 1.0
43.0 0.995037484252 1.0
28.0 1.05125972996 1.0
37.0 1.0005096183 1.0
77.0 0.953936779138 1.0
189.0 0.336001731785 1.0
199.0 4.73719142954 1.0
147.0 0.981248527974 1.0
85.0 1.00523530336 1.0
70.0 0.996617232273 1.0
108.0 0.986530983716 1.0
197.0 0.733674972487 1.0
15.0 1.05210384535 1.0
182.0 -0.883362967746 1.0
118.0 0.985907829653 1.0
180.0 0.905662103173 1.0
3.0 1.01590805345 1.0
36.0 0.983235605224 1.0
149.0 -1.56317051716 1.0
128.0 1.01563209095 1.0
object 25	1.0:1.0
122.0 1.04830877422 1.0
118.0 1.00876157427 1.0
134.0 1.03567088697 1.0
111.0 0.947962495566 1.0
12.0 1.00887433928 1.0
4.0 0.994096036967 1.0
72.0 1.02114180579 1.0
64.0 1.00560023375 1.0
153.0 3.32838743188 1.0
95.0 1.02600911143 1.0
78.0 1.00134254446 1.0
129.0 1.01504903417 1.0
87.0 1.03547179815 1.0
15.0 0.990602708604 1.0
101.0 1.04377825112 1.0
170.0 7.08451231068 1.0
125.0 0.972100491347 1.0
166.0 1.42754976935 1.0
184.0 -1.54586871109 1.0
173.0 1.96478379965 1.0
53.0 1.00776932867 1.0
76.0 0.996751413048 1.0
33.0 1.0475640322 1.0
109.0 0.990305391589 1.0
181.0 1.85174825905 1.0
190.0 1.23393483523 1.0
16.0 0.976816847433 1.0
145.0 0.970828111914 1.0
198.0 2.11495423113 1.0
105.0 0.968631883923 1.0
object 26	1.0:1.0
159.0 -3.1954862771 1.0
117.0 0.971174591914 1.0
29.0 1.0223554771 1.0
96.0 1.03507664477 1.0
68.0 1.02219389818 1.0
98.0 1.07109034192 1.0
112.0 0.94121004035 1.0
97.0 1.00181365737 1.0
25.0 1.02635143497 1.0
193.0 3.72585984641 1.0
179.0 7.53498451823 1.0
39.0 0.972020338687 1.0
70.0 1.02350879947 1.0
53.0 0.975104290467 1.0
89.0 1.0499227291 1.0
172.0 -0.758572395428 1.0
147.0 -0.45357083465 1.0
129.0 0.990553526376 1.0
173.0 -1.10306745859 1.0
146.0 -1.68477431119 1.0
44.0 1.00768669032 1.0
180.0 13.7177268346 1.0
object 27	1.0:1.0
99.0 1.00736171036 1.0
140.0 2.30100232918 1.0
170.0 -0.189870066964 1.0
16.0 1.02481279788 1.0
154.0 5.68620850921 1.0
58.0 1.0172724918 1.0
43.0 1.01187242602 1.0
87.0 0.974033167389 1.0
88.0 1.00768112054 1.0
196.0 -0.180147422367 1.0
152.0 1.03940602601 1.0
42.0 1.01288889727 1.0
183.0 -5.45486053385 1.0
89.0 0.976473511717 1.0
3.0 0.982312404328 1.0
6.0 0.946385582294 1.0
145.0 5.49606867396 1.0
46.0 0.967890640758 1.0
107.0 1.035397199 1.0
141.0 2.76329642581 1.0
object 28	1.0:1.0
157.0 1.10563070781 1.0
117.0 0.997245971381 1.0
17.0 0.986548397464 1.0
35.0 1.02190252777 1.0
55.0 1.00817236124 1.0
110.0 1.00691649246 1.0
45.0 1.03603079677 1.0
88.0 0.987093461382 1.0
130.0 1.0460331396 1.0
148.0 3.77760496673 1.0
152.0 -2.33363777931 1.0
59.0 1.03014467215 1.0
170.0 4.55512250549 1.0
36.0 0.975326718504 1.0
160.0 12.623894415 1.0
64.0 1.00430427588 1.0
147.0 0.804384095326 1.0
111.0 0.946750171718 1.0
81.0 1.00628339156 1.0
20.0 0.955059794658 1.0
14.0 0.997496200112 1.0
object 29	1.0:1.0
159.0 -3.02975243483 1.0
0.0 0.97874813612 1.0
63.0 1.00878469485 1.0
91.0 0.978379630118 1.0
27.0 0.998531578505 1.0
101.0 0.972888122474 1.0
165.0 3.239544601 1.0
130.0 1.04371269084 1.0
23.0 1.00786895778 1.0
59.0 0.972996160234 1.0
129.0 0.982511317362 1.0
189.0 7.65474814043 1.0
40.0 1.01083613917 1.0
29.0 1.01820350383 1.0
181.0 1.26122612511 1.0
162.0 -2.45253588051 1.0
142.0 1.71453786125 1.0
61.0 1.02102405129 1.0
182.0 2.72523194688 1.0
13.0 0.962510406057 1.0
153.0 7.54868946831 1.0
164.0 0.229239359146 1.0
92.0 1.04084430377 1.0
128.0 0.990151846891 1.0
82.0 1.03154970559 1.0
object 30	1.0:1.0
141.0 0.729144642572 1.0
73.0 1.00066486832 1.0
72.0 1.00256977927 1.0
79.0 0.97513812607 1.0
93.0 0.981305536575 1.0
94.0 0.98506240092 1.0
130.0 0.963446912578 1.0
70.0 1.00096358361 1.0
12.0 1.07728578192 1.0
132.0 0.996670339271 1.0
19.0 0.976977208753 1.0
74.0 1.00970030025 1.0
26.0 0.997746399168 1.0
36.0 1.02571717381 1.0
8.0 1.01040871493 1.0
22.0 1.01627206752 1.0
181.0 -2.51935085216 1.0
92.0 0.979473075647 1.0
68.0 0.99290872735 1.0
182.0 5.61695845605 1.0
184.0 0.721096674479 1.0
44.0 1.01421695012 1.0
40.0 1.00516607215 1.0
126.0 0.978604600093 1.0
96.0 1.00352052169 1.0
object 31	1.0:1.0
143.0 -0.258416634294 1.0
121.0 1.00632476727 1.0
6.0 0.875007436115 1.0
92.0 1.02042281589 1.0
139.0 1.00319650189 1.0
32.0 1.0259042278 1.0
29.0 1.09563308182 1.0
108.0 1.01269038363 1.0
51.0 1.02194784049 1.0
40.0 1.03544655686 1.0
147.0 1.25378212856 1.0
74.0 1.01187120289 1.0
88.0 1.0107853637 1.0
156.0 3.0260810851 1.0
161.0 0.358061824708 1.0
9.0 1.0676911096 1.0
47.0 1.02794515342 1.0
118.0 0.992584525166 1.0
137.0 1.01509081019 1.0
107.0 1.06707758596 1.0
17.0 0.98096123137 1.0
180.0 1.15731135631 1.0
133.0 1.00346500895 1.0
86.0 1.01051740506 1.0
106.0 1.03746246573 1.0
83.0 0.976893558594 1.0
object 32	1.0:1.0
64.0 0.99720488413 1.0
17.0 0.988433261348 1.0
199.0 1.01179646672 1.0
169.0 -1.40191909317 1.0
154.0 5.05660029926 1.0
58.0 1.0073127456 1.0
115.0 0.949299500797 1.0
68.0 0.991244930849 1.0
114.0 1.0081657883 1.0
43.0 1.00308440529 1.0
150.0 4.87090657249 1.0
71.0 0.949383579645 1.0
138.0 1.00216770762 1.0
146.0 4.00596902448 1.0
11.0 0.988383387472 1.0
1.0 1.04516799209 1.0
46.0 1.05074555345 1.0
49.0 1.05991506147 1.0
65.0 0.979089893509 1.0
197.0 3.75715161779 1.0
5.0 0.98631939415 1.0
109.0 1.01780856304 1.0
83.0 1.00635529042 1.0
73.0 1.03887584272 1.0
object 33	1.0:1.0
168.0 8.62212594557 1.0
35.0 0.959576331867 1.0
189.0 -3.21979164947 1.0
54.0 0.965459062153 1.0
150.0 -0.711734842899 1.0
58.0 0.989341396976 1.0
9.0 1.06075919127 1.0
161.0 -1.24863283144 1.0
172.0 4.10556873911 1.0
180.0 0.296944188558 1.0
109.0 0.990207522088 1.0
46.0 1.02789845911 1.0
107.0 1.01015092824 1.0
91.0 1.05758059611 1.0
31.0 1.04337157117 1.0
11.0 1.00431936389 1.0
116.0 0.957962112206 1.0
156.0 -4.56705530447 1.0
108.0 0.989354471116 1.0
102.0 1.01132423622 1.0
63.0 1.01013938484 1.0
18.0 1.00751240719 1.0
81.0 1.04051931656 1.0
29.0 0.926852230659 1.0
21.0 0.993541973155 1.0
object 34	1.0:1.0
195.0 3.2277227573 1.0
58.0 0.999330112831 1.0
16.0 1.02683330792 1.0
35.0 1.00737459485 1.0
192.0 2.63039544828 1.0
143.0 1.30068707578 1.0
93.0 1.00671400017 1.0
145.0 2.31959372591 1.0
166.0 4.10057228847 1.0
142.0 4.13227187324 1.0
64.0 1.00072009303 1.0
19.0 0.995301452673 1.0
68.0 0.94391270873 1.0
155.0 -1.56700484577 1.0
100.0 1.00334382033 1.0
object 35	1.0:1.0
188.0 3.59000601022 1.0
36.0 0.971100743067 1.0
79.0 1.084103918 1.0
26.0 0.994485568751 1.0
8.0 0.963495097625 1.0
13.0 0.897194153902 1.0
195.0 -0.0335002367661 1.0
113.0 0.96074001543 1.0
30.0 0.921528902866 1.0
3.0 0.976504841752 1.0
4.0 1.06012293264 1.0
165.0 1.0594110101 1.0
125.0 1.01270546312 1.0
186.0 3.92657983988 1.0
115.0 0.984362767874 1.0
120.0 1.04612352304 1.0
15.0 0.959510270915 1.0
66.0 1.03104320588 1.0
110.0 1.02464099852 1.0
106.0 0.962883883194 1.0
94.0 1.0285854976 1.0
191.0 2.02206204732 1.0
7.0 0.967891901711 1.0
92.0 1.01793976419 1.0
116.0 0.998514915823 1.0
2.0 0.918606941108 1.0
object 36	1.0:1.0
98.0 1.00977679867 1.0
117.0 1.0272439828 1.0
126.0 1.001284108 1.0
186.0 3.38478295852 1.0
108.0 1.02789087346 1.0
138.0 0.980247949171 1.0
53.0 0.97606688405 1.0
162.0 -0.532779746728 1.0
143.0 0.154509490512 1.0
173.0 4.49625683415 1.0
140.0 1.2948299339 1.0
8.0 1.00520747549 1.0
157.0 -0.0581455606538 1.0
36.0 1.0192529155 1.0
147.0 1.03714870239 1.0
196.0 0.72255648876 1.0
5.0 1.03447417116 1.0
26.0 0.980746215991 1.0
132.0 0.981337896794 1.0
153.0 -0.863869772729 1.0
12.0 0.979690585582 1.0
68.0 0.98828111493 1.0
66.0 1.02002438326 1.0
27.0 0.990587572318 1.0
object 37	1.0:1.0
11.0 1.01811817932 1.0
118.0 0.98285601382 1.0
114.0 0.965952496896 1.0
61.0 1.00198950394 1.0
140.0 1.57164834607 1.0
25.0 0.999063392054 1.0
145.0 -0.999720826675 1.0
134.0 1.03386902311 1.0
136.0 0.974886782494 1.0
84.0 1.01702690571 1.0
138.0 1.02002115236 1.0
115.0 0.982896935549 1.0
9.0 0.920996994538 1.0
164.0 -0.772531804723 1.0
95.0 1.06637887796 1.0
186.0 -2.60974943626 1.0
31.0 0.991498380746 1.0
189.0 3.84259331585 1.0
168.0 7.86778224142 1.0
37.0 0.967714331638 1.0
90.0 0.942585713609 1.0
152.0 -0.905678225874 1.0
18.0 0.96396854563 1.0
57.0 1.01549048503 1.0
71.0 1.08504665604 1.0
object 38	1.0:1.0
80.0 0.980013842685 1.0
89.0 0.99958249213 1.0
166.0 2.26746204444 1.0
98.0 1.03676150413 1.0
96.0 0.98645165799 1.0
102.0 0.966738269985 1.0
126.0 1.01995563004 1.0
48.0 1.00623460924 1.0
137.0 1.01433512281 1.0
27.0 1.01871746254 1.0
159.0 -7.55290812204 1.0
179.0 3.6432063114 1.0
107.0 0.966329704397 1.0
33.0 1.00378029741 1.0
2.0 1.02054134318 1.0
3.0 1.00284757585 1.0
111.0 1.00538167687 1.0
52.0 1.02702767239 1.0
58.0 1.02249483309 1.0
9.0 0.961305620069 1.0
35.0 0.971487357715 1.0
62.0 0.9768442031 1.0
152.0 2.32219218682 1.0
21.0 1.02868879227 1.0
191.0 0.612179349919 1.0
144.0 2.82941134973 1.0
4.0 1.01575546838 1.0
156.0 2.26873179317 1.0
object 39	1.0:1.0
71.0 0.976634206207 1.0
92.0 0.96557843131 1.0
108.0 1.00466168919 1.0
50.0 0.979240557219 1.0
199.0 -0.590264283661 1.0
146.0 -5.02572060837 1.0
46.0 0.975504351884 1.0
197.0 3.23467749445 1.0
133.0 1.00836602652 1.0
45.0 1.02489466075 1.0
64.0 0.972697348415 1.0
166.0 1.1187944309 1.0
114.0 0.988010255724 1.0
97.0 0.98767530109 1.0
66.0 1.00744616647 1.0
75.0 0.964852742693 1.0
188.0 0.836982720878 1.0
8.0 1.01440376849 1.0
62.0 1.03289603336 1.0
28.0 1.04571088143 1.0
116.0 1.00390292994 1.0
11.0 1.02144818412 1.0
171.0 0.129791709827 1.0
128.0 0.971241048994 1.0
165.0 -3.2567202841 1.0
193.0 1.33822061254 1.0
134.0 0.990883518797 1.0
124.0 1.00288335064 1.0
3.0 1.00445533364 1.0
51.0 0.988913900568 1.0
147.0 -1.6944109021 1.0
31.0 1.04051026055 1.0
42.0 0.996890327757 1.0
84.0 1.04294894362 1.0
43.0 1.00847648745 1.0
0.0 0.937689008467 1.0
object 40	1.0:1.0
163.0 1.11730784152 1.0
49.0 1.02658614701 1.0
38.0 0.995836832868 1.0
63.0 1.01359496389 1.0
100.0 0.987959307383 1.0
60.0 1.03061786396 1.0
81.0 0.989256165197 1.0
31.0 1.04270844146 1.0
23.0 0.996000551372 1.0
168.0 2.96190162951 1.0
36.0 1.00133248755 1.0
103.0 0.99401846317 1.0
125.0 0.982864400388 1.0
170.0 7.45133378401 1.0
121.0 0.983230485104 1.0
10.0 0.97880416238 1.0
135.0 1.0170107894 1.0
172.0 2.33453736401 1.0
75.0 0.994198330341 1.0
139.0 0.957054479209 1.0
128.0 0.964278304802 1.0
69.0 1.05927989307 1.0
153.0 -3.86912131021 1.0
184.0 -0.201103301931 1.0
180.0 6.16823116232 1.0
195.0 -3.45557058084 1.0
124.0 1.0113321104 1.0
130.0 0.941516138778 1.0
199.0 6.03194597223 1.0
146.0 0.489275349746 1.0
object 41	1.0:1.0
169.0 3.65998969068 1.0
103.0 0.981585402124 1.0
85.0 1.01026219744 1.0
157.0 2.5292687693 1.0
20.0 0.997685064142 1.0
75.0 0.977841553954 1.0
158.0 -1.48508962893 1.0
42.0 0.980805738699 1.0
197.0 -1.78648492043 1.0
13.0 1.02050636313 1.0
95.0 1.00124139797 1.0
162.0 4.85900642758 1.0
12.0 0.982875639639 1.0
64.0 0.969948867004 1.0
142.0 3.57594415593 1.0
144.0 1.85916198966 1.0
124.0 0.988996830328 1.0
55.0 0.974866869427 1.0
14.0 0.99605389418 1.0
163.0 -0.494405995046 1.0
189.0 -4.46019686835 1.0
5.0 1.02156157363 1.0
28.0 1.03175784283 1.0
26.0 0.98995932061 1.0
61.0 1.00579900536 1.0
58.0 0.983384340642 1.0
196.0 0.673039937207 1.0
139.0 0.986741660699 1.0
91.0 0.963793366196 1.0
174.0 2.55156958008 1.0
136.0 1.03895437318 1.0
21.0 0.992101892094 1.0
104.0 1.01516271539 1.0
105.0 1.02403858098 1.0
object 42	1.0:1.0
182.0 -1.53379282318 1.0
13.0 1.02386789737 1.0
15.0 1.01723888247 1.0
56.0 1.01120513432 1.0
51.0 0.991540108515 1.0
110.0 1.00622185886 1.0
126.0 1.04441029875 1.0
91.0 0.989491505357 1.0
45.0 1.01336430684 1.0
85.0 1.01972703549 1.0
99.0 1.00830006724 1.0
139.0 1.01902966775 1.0
26.0 0.972860813031 1.0
193.0 0.65026708436 1.0
75.0 1.01360864509 1.0
102.0 1.01247958319 1.0
21.0 0.995281373298 1.0
73.0 1.02429230692 1.0
43.0 1.00416033023 1.0
14.0 0.998395059102 1.0
127.0 0.93577728938 1.0
177.0 1.57608336969 1.0
140.0 2.27198747221 1.0
83.0 0.999129196485 1.0
94.0 0.917996591867 1.0
174.0 2.88015333182 1.0
58.0 0.996666298566 1.0
9.0 0.979240416804 1.0
48.0 0.998396979302 1.0
92.0 0.994456937115 1.0
149.0 -1.40138205581 1.0
object 43	1.0:1.0
191.0 0.771171162484 1.0
45.0 0.996451182037 1.0
169.0 2.78409382105 1.0
180.0 -4.63966027387 1.0
100.0 1.03981164354 1.0
51.0 1.01772393481 1.0
133.0 0.993421950753 1.0
55.0 0.967813769107 1.0
143.0 4.35186582562 1.0
136.0 0.986599117011 1.0
96.0 0.994338234021 1.0
171.0 -5.81458074293 1.0
113.0 0.981440756388 1.0
32.0 0.965500553735 1.0
125.0 0.991681375262 1.0
161.0 2.59317064821 1.0
132.0 1.03968680938 1.0
151.0 0.962116724067 1.0
89.0 0.927599652319 1.0
166.0 5.19079330305 1.0
object 44	1.0:1.0
34.0 1.00635171486 1.0
161.0 2.35597907933 1.0
43.0 0.99581508371 1.0
30.0 0.993253275465 1.0
197.0 0.745599152853 1.0
79.0 0.95575900795 1.0
71.0 1.01816185357 1.0
59.0 0.996231258312 1.0
102.0 1.02149297963 1.0
36.0 1.00823838585 1.0
100.0 0.966975010033 1.0
167.0 0.103915676117 1.0
7.0 1.01971379523 1.0
32.0 1.03190103889 1.0
164.0 1.80879984667 1.0
48.0 0.993315023333 1.0
object 45	1.0:1.0
143.0 -0.331766172324 1.0
195.0 -1.602667659 1.0
155.0 -1.68781285599 1.0
76.0 1.05880405697 1.0
144.0 1.93125087128 1.0
89.0 1.02872899409 1.0
77.0 1.00361984481 1.0
100.0 1.0011780041 1.0
48.0 0.989381227147 1.0
184.0 -2.24812820485 1.0
79.0 0.997721931218 1.0
2.0 1.05132066929 1.0
69.0 1.00645819447 1.0
116.0 1.02118740402 1.0
14.0 1.01569673611 1.0
22.0 1.05228353953 1.0
71.0 0.952125885675 1.0
165.0 10.1200072082 1.0
20.0 1.00615652637 1.0
132.0 1.0265418797 1.0
119.0 0.981604011296 1.0
88.0 1.00826148563 1.0
126.0 1.04068096989 1.0
167.0 -1.72389659457 1.0
3.0 0.989673412757 1.0
object 46	1.0:1.0
195.0 -0.429089404938 1.0
156.0 6.45538475001 1.0
39.0 1.0148710037 1.0
74.0 0.994976461391 1.0
32.0 0.961698921816 1.0
194.0 -1.23586323393 1.0
125.0 0.970092886308 1.0
104.0 0.981753778445 1.0
13.0 1.04626929458 1.0
62.0 1.01103307968 1.0
70.0 0.99865418963 1.0
164.0 0.252058668549 1.0
181.0 6.60660465505 1.0
138.0 0.992227722412 1.0
45.0 0.980427633663 1.0
4.0 0.98346977785 1.0
153.0 -3.03841624501 1.0
93.0 0.905704709722 1.0
182.0 3.53808164909 1.0
107.0 1.00460405439 1.0
58.0 0.98152409629 1.0
198.0 -0.786629001209 1.0
object 47	1.0:1.0
148.0 -0.192555230886 1.0
69.0 0.991389816555 1.0
0.0 1.07347837627 1.0
80.0 0.977511229794 1.0
96.0 0.984844168888 1.0
86.0 1.00040930339 1.0
196.0 2.19627423679 1.0
136.0 1.03072778796 1.0
27.0 0.996033961961 1.0
173.0 -3.34741623892 1.0
38.0 0.986375050772 1.0
25.0 0.944644989187 1.0
72.0 1.02300677502 1.0
82.0 0.993299451566 1.0
2.0 0.960562385049 1.0
163.0 5.64638344317 1.0
191.0 0.587978193396 1.0
118.0 1.02317354265 1.0
108.0 1.00989282405 1.0
109.0 0.996220018018 1.0
142.0 -0.817215616598 1.0
143.0 1.06339252281 1.0
88.0 1.02452583858 1.0
107.0 1.02125786435 1.0
object 48	1.0:1.0
40.0 0.934228318647 1.0
183.0 4.10484941773 1.0
5.0 1.00211877845 1.0
196.0 -0.600263776592 1.0
25.0 1.02152652525 1.0
21.0 1.00709292315 1.0
46.0 0.995838524247 1.0
116.0 0.957861925825 1.0
45.0 1.01979233669 1.0
29.0 1.03001930483 1.0
168.0 3.39215975034 1.0
164.0 0.886830124556 1.0
122.0 1.00128469719 1.0
68.0 1.01343536249 1.0
147.0 -0.63407300429 1.0
176.0 -0.957671525645 1.0
90.0 1.0255535887 1.0
195.0 -3.3100556976 1.0
48.0 1.00275493426 1.0
53.0 0.924592089682 1.0
114.0 0.983202438126 1.0
26.0 0.960518565267 1.0
47.0 0.929880476388 1.0
69.0 1.01263299178 1.0
object 49	1.0:1.0
42.0 0.963425109254 1.0
101.0 0.980099805209 1.0
134.0 0.965834822927 1.0
136.0 1.01454731566 1.0
114.0 0.99989340845 1.0
183.0 7.40852830941 1.0
170.0 -1.05473792888 1.0
168.0 2.83719741212 1.0
140.0 0.424601456573 1.0
39.0 1.0120597897 1.0
56.0 1.00844933788 1.0
61.0 1.01528665298 1.0
185.0 0.275051147278 1.0
32.0 1.01134637499 1.0
80.0 1.0137874989 1.0
163.0 0.144306842635 1.0
21.0 0.983594247182 1.0
167.0 3.03259249304 1.0
75.0 0.99887069704 1.0
74.0 0.936221960046 1.0
161.0 3.24434308458 1.0
102.0 1.01680640921 1.0
17.0 1.00983180966 1.0
87.0 0.982482354077 1.0
object 50	1.0:0.5 -11.2855933792:0.5
99.0 0.918626048755 0.0
95.0 0.973022318511 0.0
48.0 1.0174468096 0.0
134.0 -11.3424189837 1.0
47.0 0.991703563347 0.0
158.0 11.449141546 0.0
142.0 1.45501174326 0.0
5.0 -11.1984981457 1.0
176.0 8.41080367049 0.0
81.0 1.00277038746 0.0
138.0 0.94929933659 0.0
50.0 0.871498834458 0.0
143.0 4.9168914735 0.0
86.0 1.01557463757 0.0
28.0 -11.3088764756 1.0
24.0 -11.3271700996 1.0
171.0 -0.0668008458983 0.0
26.0 0.992666677952 0.0
19.0 -11.2869600527 1.0
167.0 -3.41895071088 0.0
194.0 10.0928520084 0.0
114.0 -11.2680953931 1.0
189.0 -8.48505318581 1.0
55.0 -11.2496389994 1.0
110.0 -11.3001179172 1.0
187.0 -15.4014144912 1.0
121.0 1.12331716332 0.0
60.0 1.07229020634 0.0
object 51	1.0:0.5 3.99950721123:0.5
139.0 0.949967384795 0.0
187.0 -3.55455864911 0.0
22.0 3.98286249076 1.0
9.0 3.92315757072 1.0
84.0 1.01617624186 0.0
117.0 0.957087708054 0.0
94.0 4.02220121204 1.0
124.0 0.949354031039 0.0
186.0 2.95829201835 0.0
177.0 9.33462208394 1.0
91.0 4.01969647458 1.0
155.0 4.4889668614 1.0
79.0 4.06800668844 1.0
48.0 1.0055831085 0.0
58.0 3.98498429698 1.0
119.0 1.06469142186 0.0
123.0 0.934544553489 0.0
152.0 -2.38621593332 0.0
140.0 4.40450666278 1.0
151.0 1.06230176352 0.0
70.0 0.978961604836 0.0
92.0 4.04197111333 1.0
162.0 0.568673569718 0.0
105.0 4.04440140525 1.0
62.0 0.994179542266 0.0
4.0 4.03190207079 1.0
173.0 0.0640653117316 0.0
131.0 1.0447065172 0.0
object 52	1.0:0.5 -1.05293033559:0.5
61.0 -1.1370211579 1.0
194.0 -4.66614468622 0.0
98.0 -1.03484625342 1.0
88.0 -0.991057646236 1.0
14.0 -1.04415966639 1.0
171.0 1.37217922524 0.0
77.0 -0.965052858038 1.0
17.0 -1.11241243077 1.0
138.0 1.00843195534 0.0
143.0 -2.85174304918 1.0
119.0 -1.02892284666 1.0
165.0 1.55691738245 0.0
172.0 -6.13827809711 1.0
35.0 1.00186432185 0.0
193.0 -8.10790665957 1.0
28.0 0.939676533959 0.0
74.0 1.05054268831 0.0
60.0 0.968475283858 0.0
87.0 -1.03082843542 1.0
190.0 5.69161634858 0.0
114.0 1.03396258843 0.0
42.0 -1.1254514782 1.0
118.0 0.99097853972 0.0
197.0 6.11953826389 0.0
140.0 -1.36149465004 1.0
object 53	1.0:0.5 -21.6838732235:0.5
146.0 -17.8193624746 1.0
188.0 -22.1708857675 1.0
112.0 -21.7720362421 1.0
2.0 0.991097904482 0.0
118.0 0.956378898745 0.0
42.0 1.01317771657 0.0
111.0 -21.6545175282 1.0
194.0 4.72487974648 0.0
48.0 0.990398489863 0.0
70.0 0.95542854288 0.0
151.0 -22.1699107592 1.0
149.0 -18.7540126681 1.0
101.0 1.00345246689 0.0
129.0 -21.6838934767 1.0
185.0 -22.1689881721 1.0
73.0 1.00483046303 0.0
182.0 5.59730328781 0.0
164.0 2.11835231576 0.0
90.0 0.940769257178 0.0
178.0 -4.27205868896 0.0
8.0 -21.7286605495 1.0
35.0 -21.6932830602 1.0
121.0 -21.6775479464 1.0
139.0 -21.6692568827 1.0
135.0 -21.6941587207 1.0
113.0 -21.6812103669 1.0
object 54	1.0:0.5 -9.14079971296:0.5
133.0 -9.13150868192 1.0
175.0 -9.14831066998 1.0
81.0 -9.22446079626 1.0
106.0 1.03404413914 0.0
176.0 -9.05442106428 1.0
5.0 -9.13453232598 1.0
178.0 -3.36421835339 1.0
142.0 0.122647246408 0.0
86.0 -9.17877400292 1.0
25.0 0.990573166414 0.0
184.0 -9.31590459346 1.0
135.0 -9.1066829827 1.0
44.0 0.925628076433 0.0
49.0 -9.02683375342 1.0
17.0 -9.2287966736 1.0
172.0 -7.98380551032 1.0
109.0 1.10358957721 0.0
90.0 -9.14317332635 1.0
149.0 3.02125662348 0.0
183.0 -10.5417721448 1.0
99.0 -9.1701366123 1.0
166.0 4.1406416121 0.0
21.0 0.873464563123 0.0
60.0 1.03952990912 0.0
119.0 0.918662181803 0.0
103.0 -9.18709577155 1.0
169.0 -10.5112719371 1.0
object 55	1.0:0.5 0.633816270845:0.5
143.0 1.84298832128 0.0
105.0 0.996390835182 0.0
29.0 0.678048626578 1.0
186.0 6.0135293266 0.0
182.0 4.27621556988 0.0
34.0 1.0831505683 0.0
103.0 0.614154719215 1.0
42.0 0.67412312212 1.0
140.0 1.84343691732 0.0
15.0 0.646642084858 1.0
160.0 2.78474755531 0.0
131.0 1.01731816442 0.0
125.0 0.636169395586 1.0
158.0 7.37032137133 0.0
38.0 0.567716324926 1.0
77.0 0.704309669567 1.0
177.0 -0.154915013623 0.0
90.0 0.606048402712 1.0
27.0 0.997978028658 0.0
193.0 -0.768378801633 1.0
83.0 0.952312669146 0.0
object 56	1.0:0.5 4.88788337456:0.5
31.0 1.13073808453 0.0
96.0 4.86501181155 1.0
104.0 4.81524611748 1.0
56.0 0.972955210957 0.0
23.0 1.04176212377 0.0
17.0 4.93780601569 1.0
131.0 1.08235346529 0.0
73.0 0.978078195026 0.0
123.0 4.89506462053 1.0
153.0 4.27794795205 1.0
138.0 4.84978345416 1.0
49.0 1.00054800371 0.0
113.0 0.990383628728 0.0
15.0 0.937344513322 0.0
76.0 4.90902004641 1.0
108.0 4.89280984397 1.0
65.0 0.96904724292 0.0
121.0 0.92368184955 0.0
8.0 0.967399766079 0.0
157.0 2.237333782 0.0
44.0 0.9972650082 0.0
171.0 1.44959266575 0.0
74.0 4.88704661991 1.0
139.0 1.02812879426 0.0
22.0 1.07379883042 0.0
object 57	1.0:0.5 12.2547684508:0.5
160.0 4.42354191223 0.0
113.0 0.977666491694 0.0
24.0 12.1975987079 1.0
119.0 1.00115851297 0.0
1.0 1.01365109973 0.0
174.0 18.6559029629 1.0
152.0 3.29818938489 0.0
99.0 1.01454158846 0.0
91.0 0.958013069384 0.0
14.0 12.1970935539 1.0
41.0 12.2611467158 1.0
50.0 12.3571770218 1.0
10.0 12.2377612107 1.0
60.0 12.2679692186 1.0
155.0 1.07323444302 0.0
116.0 1.04482040378 0.0
192.0 9.36934257415 1.0
54.0 1.07510515982 0.0
37.0 12.2082965827 1.0
70.0 12.2421019626 1.0
169.0 0.274845784015 0.0
136.0 12.316114459 1.0
177.0 -2.69422235072 0.0
125.0 1.08834005535 0.0
34.0 12.2387110113 1.0
146.0 -4.08184913727 0.0
67.0 12.2298085698 1.0
64.0 12.2198088587 1.0
178.0 7.39150861411 0.0
195.0 0.0998956559595 0.0
object 58	1.0:0.5 4.91501408452:0.5
108.0 1.04682999967 0.0
50.0 4.96197393541 1.0
167.0 3.17057674756 1.0
188.0 1.36975871868 0.0
89.0 0.979585859937 0.0
156.0 4.9476396136 0.0
190.0 6.76626241001 1.0
82.0 4.88748976517 1.0
119.0 1.01047042818 0.0
197.0 -12.2432982808 0.0
178.0 3.98826989686 1.0
150.0 6.03436271747 1.0
147.0 3.37222411854 0.0
133.0 4.86039644738 1.0
80.0 4.87895856056 1.0
172.0 4.4983742452 1.0
53.0 1.0778868282 0.0
195.0 -5.67994878809 0.0
154.0 9.1069822977 1.0
22.0 5.01605163023 1.0
163.0 -7.63823813091 0.0
71.0 4.8996624269 1.0
106.0 0.886405328734 0.0
174.0 -3.67925179005 0.0
120.0 1.03545832069 0.0
object 59	1.0:0.5 3.76801928059:0.5
26.0 3.77459277356 1.0
133.0 3.76927937867 1.0
45.0 3.76442194715 1.0
105.0 1.00048842968 0.0
81.0 3.75251801543 1.0
125.0 0.925575054982 0.0
93.0 0.998232012593 0.0
11.0 3.68756656816 1.0
6.0 1.02679071944 0.0
58.0 3.76570688567 1.0
157.0 3.75740058636 1.0
36.0 3.71971443216 1.0
20.0 3.78424412094 1.0
167.0 4.58091497607 0.0
197.0 -4.41949532984 0.0
59.0 1.02639851111 0.0
67.0 3.76935485733 1.0
10.0 3.7620747345 1.0
19.0 3.81207770455 1.0
77.0 1.01994779524 0.0
179.0 -0.752409581852 0.0
102.0 1.06872908021 0.0
9.0 1.03156092368 0.0
82.0 0.936201129074 0.0
193.0 0.22571784397 1.0
7.0 3.76062720356 1.0
129.0 3.75336007665 1.0
174.0 5.76025520704 1.0
34.0 3.81190529153 1.0
74.0 1.01698404751 0.0
27.0 0.962405986392 0.0
172.0 1.68635375612 1.0
17.0 1.08029592376 0.0
165.0 8.39046411073 0.0
101.0 1.02497785389 0.0
69.0 3.75748997877 1.0
98.0 0.998550156232 0.0
38.0 0.926415265299 0.0
object 60	1.0:0.5 -8.57365880004:0.5
177.0 -9.75289229228 1.0
73.0 1.06193620745 0.0
128.0 1.02505745663 0.0
151.0 -6.19659281378 1.0
171.0 -0.458907354239 0.0
109.0 -8.56742194928 1.0
158.0 -12.8040012964 1.0
54.0 -8.58438967743 1.0
86.0 -8.68380166309 1.0
188.0 -8.33882921636 1.0
21.0 0.928669947025 0.0
87.0 -8.49680873694 1.0
25.0 0.950226508164 0.0
195.0 -0.911372301478 0.0
23.0 1.02765118874 0.0
191.0 1.34826458697 0.0
67.0 -8.48042347456 1.0
15.0 -8.6264673791 1.0
182.0 -6.97059513051 1.0
154.0 3.03354963264 0.0
165.0 -5.79515848354 1.0
64.0 1.05284723289 0.0
object 61	1.0:0.5 -9.31434569315:0.5
159.0 -7.46840591951 1.0
83.0 1.0072951074 0.0
66.0 0.930569037939 0.0
19.0 1.02861612709 0.0
121.0 -9.25924900182 1.0
41.0 0.949718276243 0.0
69.0 -9.32875830005 1.0
176.0 -10.0922352847 1.0
170.0 3.43521498751 0.0
190.0 -9.75981662498 1.0
184.0 7.31960958104 0.0
115.0 1.00898857925 0.0
141.0 5.55786756543 0.0
58.0 1.13248135747 0.0
166.0 0.640117806105 0.0
191.0 -8.5771492526 1.0
183.0 -0.402725350976 0.0
63.0 -9.28177237395 1.0
185.0 2.04053239746 0.0
118.0 1.01785935595 0.0
22.0 1.01648967239 0.0
179.0 -12.2060168627 1.0
156.0 -4.66976184609 1.0
62.0 1.04240442529 0.0
143.0 -7.81697099011 1.0
31.0 0.935521358298 0.0
object 62	1.0:0.5 -2.42913294482:0.5
66.0 0.999776725526 0.0
36.0 -2.35335860336 1.0
41.0 -2.39865871157 1.0
198.0 0.809653481742 0.0
127.0 -2.34736180986 1.0
173.0 -1.24634973932 0.0
163.0 3.9759533082 0.0
101.0 1.0214052385 0.0
187.0 -6.67990161463 1.0
8.0 -2.38903003293 1.0
42.0 -2.34305066221 1.0
71.0 -2.30127346273 1.0
50.0 -2.42848244387 1.0
60.0 0.969799468594 0.0
132.0 -2.41483160391 1.0
148.0 1.40115905878 0.0
52.0 0.99149370365 0.0
113.0 -2.48830340343 1.0
33.0 0.999379284882 0.0
128.0 1.05459987145 0.0
118.0 0.98849383697 0.0
19.0 -2.43458993019 1.0
106.0 -2.45580088266 1.0
63.0 -2.4518557504 1.0
167.0 3.18860542179 0.0
70.0 -2.4325389519 1.0
object 63	1.0:0.5 0.603046150199:0.5
91.0 0.653234153163 1.0
197.0 3.13758620389 1.0
59.0 0.664678133734 1.0
45.0 0.954666326623 0.0
0.0 0.950316206473 0.0
9.0 0.585691023486 1.0
67.0 0.640440486236 1.0
152.0 7.02166989666 0.0
16.0 0.590867079726 1.0
7.0 0.564644756311 1.0
139.0 0.640821169703 1.0
96.0 0.634678929805 1.0
144.0 0.953939618266 0.0
19.0 0.647290860422 1.0
95.0 0.571025822569 1.0
81.0 1.01725872545 0.0
71.0 0.981650327691 0.0
136.0 1.01746650733 0.0
92.0 0.591525676311 1.0
39.0 0.939603075533 0.0
73.0 0.588051168897 1.0
156.0 4.58347804824 0.0
33.0 1.04216847205 0.0
184.0 -3.24002625275 0.0
100.0 0.586950850745 1.0
148.0 3.4713137932 0.0
object 64	1.0:0.5 16.2060404324:0.5
172.0 -4.32877108731 0.0
94.0 0.981914673654 0.0
198.0 2.91267442162 0.0
55.0 16.2083248515 1.0
102.0 16.215205954 1.0
136.0 0.979672811266 0.0
13.0 0.951150690838 0.0
143.0 0.595137279017 0.0
73.0 16.1953481899 1.0
186.0 11.2850966771 1.0
36.0 1.06262393594 0.0
149.0 15.9263382522 1.0
60.0 16.190171921 1.0
144.0 13.333774109 1.0
3.0 16.2854765338 1.0
124.0 16.0939787287 1.0
20.0 1.07016863867 0.0
103.0 16.2110215168 1.0
30.0 0.976140068846 0.0
object 65	1.0:0.5 3.07779612164:0.5
79.0 0.99509823626 0.0
87.0 1.09314209322 0.0
170.0 5.14083450699 1.0
121.0 0.985619644066 0.0
71.0 3.10408963284 1.0
54.0 0.966392512312 0.0
65.0 3.01833315451 1.0
137.0 1.04370264267 0.0
195.0 4.30857824414 0.0
23.0 1.0138558578 0.0
155.0 3.17071572512 1.0
144.0 1.31610255708 0.0
161.0 1.17930365544 0.0
72.0 0.94282408075 0.0
88.0 3.08433281431 1.0
13.0 0.98003164782 0.0
116.0 1.06648624067 0.0
187.0 2.06141202812 0.0
56.0 1.05029634031 0.0
191.0 1.55674579371 0.0
199.0 1.56022128877 1.0
167.0 0.0434874924873 0.0
61.0 3.15653030194 1.0
30.0 3.03834997564 1.0
11.0 3.09264392042 1.0
133.0 0.959206920011 0.0
18.0 1.08070250987 0.0
object 66	1.0:0.5 3.29648262558:0.5
6.0 3.27888459443 1.0
70.0 3.39275640506 1.0
98.0 3.32323858849 1.0
68.0 0.964732748434 0.0
43.0 3.28171072188 1.0
42.0 3.29385047915 1.0
189.0 -0.684697912059 1.0
118.0 3.31614334485 1.0
33.0 1.06271831541 0.0
24.0 1.01557582257 0.0
23.0 1.04203547936 0.0
85.0 3.30570463258 1.0
10.0 3.32186980144 1.0
182.0 3.38113703097 1.0
140.0 2.24400120955 0.0
106.0 0.974213090659 0.0
73.0 1.05964447298 0.0
188.0 -1.73098806474 0.0
31.0 0.949939598209 0.0
45.0 0.929110005056 0.0
61.0 3.30170677084 1.0
67.0 0.994240604645 0.0
142.0 5.66886374809 1.0
170.0 -1.78427264621 0.0
object 67	1.0:0.5 2.51120525753:0.5
36.0 0.948559330139 0.0
57.0 0.903302890813 0.0
161.0 1.4283839167 1.0
64.0 2.54070154423 1.0
119.0 1.0280988533 0.0
54.0 2.53970444698 1.0
3.0 0.928152459278 0.0
50.0 1.05699619357 0.0
141.0 4.14447625085 0.0
7.0 2.53058982865 1.0
177.0 1.91069693234 1.0
95.0 0.9338687468 0.0
191.0 4.51677549534 1.0
55.0 1.01410160157 0.0
140.0 -0.349103971099 0.0
9.0 2.58941728867 1.0
81.0 0.931373836739 0.0
10.0 2.59114901977 1.0
53.0 1.03228257574 0.0
70.0 1.04551045619 0.0
187.0 3.50205502883 0.0
110.0 2.49189824291 1.0
138.0 2.46158233628 1.0
object 68	1.0:0.5 13.0749260574:0.5
191.0 1.67054857399 0.0
36.0 13.1241798305 1.0
92.0 0.974756474759 0.0
16.0 1.06640989807 0.0
64.0 13.0633481536 1.0
143.0 13.4114604401 1.0
177.0 3.84020528629 0.0
119.0 1.03398718988 0.0
127.0 13.1078007731 1.0
4.0 0.989965710135 0.0
53.0 13.0008328478 1.0
120.0 13.0237019176 1.0
62.0 1.0956847968 0.0
187.0 12.8010874457 1.0
31.0 0.97845782129 0.0
98.0 13.0383032481 1.0
97.0 0.953712993645 0.0
37.0 0.981572995043 0.0
166.0 15.6289125493 1.0
108.0 13.0669626511 1.0
199.0 -1.76306830468 0.0
0.0 13.0087071681 1.0
26.0 0.960438847857 0.0
171.0 1.22436187342 0.0
196.0 13.7554733585 1.0
object 69	1.0:0.5 -1.87413628076:0.5
92.0 -1.86583351558 1.0
151.0 0.553111437458 0.0
76.0 -1.97986259087 1.0
33.0 0.988278514823 0.0
6.0 -1.8474971651 1.0
113.0 0.947942464209 0.0
99.0 -1.90428561263 1.0
93.0 0.994422321604 0.0
154.0 9.14283448671 0.0
19.0 0.971571693245 0.0
67.0 1.04041246977 0.0
74.0 -1.85537793143 1.0
190.0 1.20462006737 0.0
95.0 1.09223990345 0.0
199.0 -8.85292913709 1.0
126.0 -1.92734936138 1.0
133.0 -1.86869788158 1.0
135.0 0.964219192222 0.0
123.0 -1.87957697936 1.0
42.0 0.937339283474 0.0
27.0 1.01335238854 0.0
107.0 -1.89508094243 1.0
174.0 -5.75316531541 0.0
10.0 0.974734017337 0.0
163.0 2.66067834935 0.0
object 70	1.0:0.5 6.23921458984:0.5
22.0 1.023498351 0.0
68.0 1.12661987126 0.0
162.0 4.97685510197 1.0
69.0 1.05107597073 0.0
170.0 0.0429165291099 0.0
130.0 0.969367606398 0.0
180.0 1.83707096389 0.0
114.0 0.97425482136 0.0
146.0 3.51588069393 1.0
42.0 0.920942328034 0.0
40.0 0.973350062761 0.0
148.0 3.56443833685 1.0
117.0 6.22547797287 1.0
39.0 6.21004535689 1.0
63.0 6.23452276044 1.0
6.0 6.21761900069 1.0
189.0 13.3732704344 1.0
7.0 6.16463244393 1.0
126.0 6.22258892912 1.0
49.0 6.27569806144 1.0
11.0 0.95972814358 0.0
160.0 4.8630248401 1.0
144.0 7.61776346296 1.0
35.0 1.0982930887 0.0
15.0 1.02254016508 0.0
86.0 0.967107319196 0.0
109.0 1.07564289864 0.0
181.0 2.48660743441 0.0
72.0 6.23140529586 1.0
13.0 1.09292248467 0.0
129.0 6.23780358186 1.0
88.0 1.02057060732 0.0
21.0 0.978034877935 0.0
19.0 6.2443119567 1.0
122.0 6.20810199496 1.0
175.0 2.49057100482 0.0
object 71	1.0:0.5 6.6595226263:0.5
0.0 0.995253159281 0.0
120.0 0.917614346213 0.0
57.0 0.969655311215 0.0
87.0 6.62388345357 1.0
123.0 6.62004902103 1.0
41.0 0.968295431992 0.0
107.0 6.69843158137 1.0
106.0 0.938683119354 0.0
43.0 6.64473106318 1.0
136.0 6.6093346366 1.0
129.0 0.997438996392 0.0
95.0 6.61411685902 1.0
178.0 -6.93015492615 0.0
74.0 1.08686179615 0.0
60.0 6.67368864041 1.0
93.0 6.62119597266 1.0
2.0 6.68561319499 1.0
109.0 1.07342036988 0.0
153.0 6.06701117625 1.0
143.0 1.34425985253 0.0
68.0 6.63041284259 1.0
33.0 6.67635576108 1.0
14.0 1.07225980416 0.0
69.0 6.61942889554 1.0
80.0 0.987724749878 0.0
26.0 1.03468799815 0.0
135.0 1.01860778139 0.0
100.0 6.70475481143 1.0
59.0 1.0176365563 0.0
1.0 6.69666686646 1.0
108.0 6.62784987061 1.0
object 72	1.0:0.5 0.0725876762343:0.5
32.0 0.115168533729 1.0
95.0 1.04829142438 0.0
144.0 3.05946877152 1.0
54.0 0.948467966738 0.0
57.0 0.136528349883 1.0
177.0 -1.65727467751 1.0
90.0 0.093929784216 1.0
167.0 1.79245589058 1.0
156.0 -0.201371494198 0.0
158.0 -3.04959772476 1.0
9.0 0.133396199797 1.0
61.0 0.112839699152 1.0
48.0 0.126599739616 1.0
24.0 1.02826697827 0.0
78.0 1.08256560397 0.0
172.0 6.61135294257 0.0
160.0 1.67168440991 1.0
118.0 0.977297411574 0.0
162.0 -0.480002458553 0.0
123.0 1.06796184901 0.0
21.0 0.152597817803 1.0
77.0 0.176427559976 1.0
31.0 0.973152176974 0.0
168.0 -3.55783717836 1.0
60.0 0.0502140577871 1.0
116.0 0.134250732303 1.0
104.0 0.00675180335723 1.0
34.0 -0.0420654415245 1.0
42.0 0.971731330172 0.0
91.0 0.984886814368 0.0
object 73	1.0:0.5 -11.5266675346:0.5
44.0 0.989527930831 0.0
128.0 0.973064478775 0.0
129.0 0.918575607838 0.0
188.0 -0.623102666261 0.0
47.0 1.00808134479 0.0
167.0 4.33998713533 0.0
43.0 1.05184757046 0.0
67.0 1.02869424889 0.0
66.0 -11.5611123344 1.0
134.0 -11.5880001551 1.0
172.0 2.58298847402 0.0
166.0 5.78784356539 0.0
96.0 0.906380618065 0.0
141.0 -2.4196440566 0.0
175.0 1.46365004487 0.0
72.0 0.843826240919 0.0
185.0 -0.284600911591 0.0
101.0 -11.5412372194 1.0
21.0 -11.5510589029 1.0
187.0 -14.3107662195 1.0
20.0 -11.4542647035 1.0
object 74	1.0:0.5 -0.364004068204:0.5
147.0 1.13134751113 0.0
28.0 -0.313582755054 1.0
110.0 -0.31335835988 1.0
24.0 -0.426959123621 1.0
120.0 0.960731209705 0.0
3.0 -0.400123091203 1.0
26.0 -0.332770977585 1.0
79.0 -0.423111852436 1.0
140.0 -1.56654712967 1.0
149.0 3.0736724638 0.0
156.0 -0.17161210254 0.0
135.0 1.01215906794 0.0
54.0 0.955248528627 0.0
74.0 -0.432942570642 1.0
192.0 -2.38651239805 0.0
16.0 0.986089469958 0.0
48.0 0.936305754452 0.0
179.0 -0.190648654852 0.0
51.0 -0.327629279488 1.0
object 75	1.0:0.5 -6.92960482638:0.5
13.0 -6.84990264849 1.0
59.0 0.972720790372 0.0
85.0 -6.94808729153 1.0
75.0 0.982745542828 0.0
57.0 -6.91261103219 1.0
105.0 -6.86382900085 1.0
103.0 0.979535989195 0.0
93.0 -6.87262926424 1.0
188.0 -0.608055925129 0.0
194.0 -8.72721349649 1.0
155.0 1.57796788062 0.0
86.0 -6.95999993739 1.0
25.0 -6.93208092959 1.0
160.0 2.23718950684 0.0
191.0 -8.95273800655 1.0
51.0 -6.91478789029 1.0
128.0 -6.91444984468 1.0
58.0 1.0068215259 0.0
125.0 -6.88962935595 1.0
162.0 3.68146941967 0.0
111.0 1.05040875183 0.0
101.0 -6.92172973781 1.0
197.0 -13.3953006253 1.0
97.0 -6.87416193187 1.0
178.0 0.221220313775 0.0
148.0 -6.77760651227 1.0
31.0 1.06278410969 0.0
15.0 -6.96897507332 1.0
126.0 1.12015293054 0.0
0.0 -6.8958146454 1.0
100.0 0.909886721047 0.0
172.0 0.312471151823 1.0
object 76	1.0:0.5 0.790727844028:0.5
38.0 1.01173789742 0.0
85.0 0.88960087269 1.0
97.0 0.952581514162 0.0
115.0 1.10471292421 0.0
57.0 0.790065994062 1.0
103.0 0.931575903043 0.0
153.0 0.208900136944 0.0
110.0 0.791791085952 1.0
156.0 1.22016758514 0.0
11.0 1.06961402657 0.0
104.0 0.738238467506 1.0
119.0 0.807852517396 1.0
52.0 1.05098700465 0.0
31.0 0.805230775293 1.0
151.0 1.55014869816 1.0
158.0 7.07886862687 1.0
140.0 0.535241089421 1.0
95.0 1.12452876793 0.0
169.0 -0.0391372985118 0.0
49.0 0.955577557999 0.0
13.0 0.894269767346 1.0
37.0 0.785405309373 1.0
91.0 0.819897628241 1.0
59.0 0.921068146063 0.0
8.0 0.782979873707 1.0
object 77	1.0:0.5 -0.508205675653:0.5
78.0 -0.465051416787 1.0
3.0 0.894491186082 0.0
99.0 1.10358765618 0.0
184.0 -1.61215626991 1.0
180.0 -0.829502279886 1.0
96.0 0.999526755496 0.0
132.0 -0.495699225807 1.0
8.0 -0.531608137981 1.0
89.0 -0.486883744689 1.0
194.0 -3.26314511511 1.0
34.0 -0.453877837027 1.0
60.0 -0.483847930155 1.0
75.0 0.955495711342 0.0
165.0 1.6532302616 0.0
20.0 -0.482424246383 1.0
117.0 -0.476242832135 1.0
189.0 1.44236091616 1.0
70.0 0.939140719007 0.0
133.0 -0.507760410317 1.0
62.0 0.981924351041 0.0
190.0 1.56729431686 1.0
42.0 -0.526337694891 1.0
87.0 1.05053322764 0.0
object 78	1.0:0.5 -7.13145323674:0.5
192.0 -6.33389455249 0.0
169.0 -5.74969515041 1.0
63.0 -7.07018022594 1.0
172.0 -11.0200001527 1.0
110.0 -7.14287050196 1.0
175.0 -6.37643792766 1.0
99.0 0.983365610184 0.0
182.0 -11.3509905771 1.0
146.0 3.05922129461 0.0
11.0 1.02627527761 0.0
140.0 -8.66384350985 1.0
14.0 -7.15008279259 1.0
158.0 -3.33303100796 0.0
186.0 -14.1031033242 1.0
66.0 -7.20997341642 1.0
65.0 0.871054866937 0.0
119.0 0.947575912531 0.0
86.0 1.03714904793 0.0
5.0 -7.12987557745 1.0
100.0 1.00974843835 0.0
178.0 4.18534246566 0.0
29.0 1.04953184654 0.0
93.0 1.03123274885 0.0
115.0 0.916831422668 0.0
object 79	1.0:0.5 12.0093844606:0.5
108.0 12.0638641091 1.0
90.0 0.94826600697 0.0
138.0 0.976351282976 0.0
136.0 1.07530966392 0.0
52.0 1.0415962585 0.0
13.0 0.965826124235 0.0
91.0 12.06460038 1.0
48.0 0.976837078685 0.0
102.0 0.998463181824 0.0
107.0 1.05927408204 0.0
55.0 0.934232680324 0.0
173.0 -5.019211625 0.0
122.0 0.954232577425 0.0
87.0 0.947398203558 0.0
153.0 12.0638567743 1.0
18.0 1.07066266186 0.0
150.0 13.4420998523 1.0
182.0 7.67870659719 1.0
31.0 11.9956499815 1.0
114.0 0.942725295699 0.0
112.0 11.9716718248 1.0
0.0 1.08194823737 0.0
105.0 12.0370061053 1.0
56.0 12.0380695481 1.0
145.0 16.0796961465 1.0
146.0 3.48964446529 0.0
103.0 11.9898027804 1.0
21.0 11.9657901842 1.0
69.0 0.973554134011 0.0
175.0 12.9054235734 1.0
129.0 1.02203111575 0.0
10.0 12.0093034725 1.0
183.0 14.1074709952 1.0
object 80	1.0:0.5 19.9385955061:0.5
118.0 1.01236109333 0.0
171.0 22.2479754871 1.0
86.0 19.9864455513 1.0
1.0 0.866577177267 0.0
24.0 19.884745518 1.0
56.0 19.8662113636 1.0
77.0 19.9057005536 1.0
143.0 20.099979281 1.0
162.0 0.563182331942 0.0
60.0 19.9351853891 1.0
179.0 2.37035561142 0.0
185.0 -4.33893198016 0.0
126.0 19.9795190599 1.0
20.0 19.8540835948 1.0
51.0 19.9122900529 1.0
76.0 19.9815589551 1.0
151.0 19.2757968104 1.0
119.0 19.8527213663 1.0
30.0 0.978540500901 0.0
101.0 0.992644799146 0.0
3.0 19.9672545797 1.0
22.0 1.10577899816 0.0
117.0 19.9561436376 1.0
169.0 -1.78851519094 0.0
15.0 1.00783786797 0.0
89.0 1.01373487595 0.0
120.0 0.981612935382 0.0
178.0 20.6467598502 1.0
193.0 20.9177298568 1.0
2.0 0.935581042472 0.0
108.0 1.04669946753 0.0
object 81	1.0:0.5 -0.964256372649:0.5
77.0 -0.949457383725 1.0
154.0 5.21507027781 1.0
76.0 0.911404046067 0.0
186.0 10.2693615539 0.0
121.0 0.98610685184 0.0
135.0 -1.00407512069 1.0
42.0 -0.963202975549 1.0
48.0 -1.03745543337 1.0
151.0 3.98856665715 0.0
196.0 -0.964601105617 0.0
142.0 0.403865860093 0.0
26.0 -1.02322904797 1.0
60.0 1.01764283822 0.0
125.0 1.00788802013 0.0
141.0 4.12339509204 1.0
112.0 -0.969798604509 1.0
12.0 -0.916039293995 1.0
88.0 -0.909085844267 1.0
118.0 -1.03149332463 1.0
187.0 1.72142884888 1.0
68.0 -0.91661455295 1.0
21.0 0.942842781195 0.0
150.0 3.19632419234 0.0
2.0 -0.960643710926 1.0
35.0 -0.903375248913 1.0
15.0 1.04601375028 0.0
182.0 -4.67744421002 1.0
113.0 0.950615637837 0.0
96.0 0.960795421284 0.0
object 82	1.0:0.5 1.46896888655:0.5
31.0 0.957328149008 0.0
3.0 1.55668195545 1.0
179.0 1.17874898479 0.0
44.0 0.985577963162 0.0
139.0 0.96695333288 0.0
137.0 0.990042306915 0.0
173.0 2.56757351089 1.0
149.0 1.68606464661 0.0
45.0 1.50024167799 1.0
96.0 1.02633650351 0.0
117.0 1.52884445716 1.0
128.0 1.54567800327 1.0
14.0 1.4443757663 1.0
33.0 0.95820401562 0.0
134.0 1.06692862051 0.0
127.0 1.46941747945 1.0
75.0 0.923488181381 0.0
17.0 1.00412669274 0.0
122.0 1.07307854862 0.0
28.0 1.53931331049 1.0
181.0 -0.643171109052 1.0
69.0 1.00175161843 0.0
56.0 1.44987538822 1.0
162.0 -1.05214262387 0.0
104.0 1.44475874309 1.0
13.0 0.976831290096 0.0
157.0 3.66704631656 0.0
25.0 1.0497536828 0.0
76.0 0.960216771329 0.0
143.0 5.02748103116 1.0
147.0 3.80636421297 0.0
191.0 -0.832777188234 0.0
101.0 1.02850806672 0.0
152.0 0.432444683292 1.0
4.0 1.0022840437 0.0
object 83	1.0:0.5 -18.7724242264:0.5
54.0 -18.8176194134 1.0
69.0 0.958002256432 0.0
113.0 1.00658135321 0.0
99.0 0.991566323419 0.0
136.0 1.02166341522 0.0
62.0 1.07273614754 0.0
179.0 -1.43840084513 0.0
120.0 -18.7696106003 1.0
20.0 0.993776433584 0.0
6.0 0.950062778949 0.0
92.0 1.00335974261 0.0
158.0 -19.1106445233 1.0
86.0 1.04612819005 0.0
157.0 -20.1213815228 1.0
53.0 0.967421174589 0.0
117.0 0.991145663469 0.0
199.0 0.908935802485 0.0
58.0 1.00461206791 0.0
33.0 1.04361874093 0.0
182.0 2.89100028816 0.0
63.0 1.00051946722 0.0
71.0 1.00063884446 0.0
object 84	1.0:0.5 -0.817033338636:0.5
110.0 1.01216107564 0.0
61.0 -0.825161918206 1.0
127.0 0.828640034637 0.0
132.0 -0.821686051026 1.0
98.0 0.993504826364 0.0
38.0 -0.816274495653 1.0
24.0 1.01350860188 0.0
36.0 1.01457494509 0.0
108.0 1.03880337331 0.0
15.0 -0.821548379759 1.0
72.0 0.946240610554 0.0
113.0 -0.901415417623 1.0
53.0 -0.896974606272 1.0
115.0 1.1058239132 0.0
195.0 0.801324429348 1.0
145.0 0.752039047718 1.0
106.0 0.959062574359 0.0
4.0 -0.75643083557 1.0
90.0 -0.829835990143 1.0
object 85	1.0:0.5 1.07926309032:0.5
155.0 -0.757930137566 1.0
3.0 1.04991794784 1.0
158.0 0.68635242456 0.0
88.0 0.954943328757 1.0
170.0 -5.8706281429 0.0
136.0 0.941613578623 0.0
101.0 1.08047460272 1.0
122.0 1.08108123188 0.0
77.0 1.0754492074 0.0
76.0 1.0579176424 1.0
198.0 -0.356925053089 1.0
66.0 1.0006172172 0.0
140.0 0.0982775586704 1.0
123.0 1.12651591433 1.0
50.0 1.07066657851 0.0
172.0 -1.50240206288 1.0
85.0 1.0194459601 1.0
40.0 0.972310737229 1.0
45.0 1.00310403757 0.0
188.0 1.1314816572 1.0
object 86	1.0:0.5 -1.43349125106:0.5
75.0 -1.39255382603 1.0
166.0 -2.60396852094 1.0
5.0 1.07245468968 0.0
193.0 0.0855709767724 0.0
56.0 0.952882541643 0.0
115.0 -1.47868203984 1.0
20.0 1.02205412083 0.0
78.0 -1.57741746998 1.0
187.0 0.225692414332 1.0
4.0 0.971828772983 0.0
120.0 1.03116706288 0.0
105.0 -1.49597957693 1.0
77.0 1.04354536398 0.0
154.0 -0.116387900754 0.0
32.0 1.00945237114 0.0
80.0 0.968860841244 0.0
178.0 3.94627165519 0.0
48.0 1.00043604143 0.0
93.0 1.04750956604 0.0
141.0 -0.435169306176 0.0
135.0 1.07266417214 0.0
90.0 0.960397343769 0.0
98.0 -1.50614418701 1.0
146.0 3.48359606054 0.0
96.0 0.933959157598 0.0
185.0 0.68305589218 0.0
117.0 -1.43646127855 1.0
object 87	1.0:0.5 -0.0682096392306:0.5
182.0 3.3531422567 0.0
33.0 0.955050113758 0.0
62.0 -0.00874627245422 1.0
188.0 1.47251929689 0.0
63.0 0.989462966826 0.0
52.0 -0.0416510154322 1.0
147.0 -0.429988338816 0.0
196.0 -0.429012928287 1.0
126.0 0.991087022315 0.0
25.0 -0.0274346875934 1.0
92.0 -0.00747311535586 1.0
192.0 -5.9188747159 1.0
86.0 -0.0362049546919 1.0
88.0 1.01181996795 0.0
136.0 -0.154226385254 1.0
103.0 1.10762713248 0.0
2.0 -0.150566952385 1.0
154.0 -0.431059039333 0.0
71.0 0.926876430361 0.0
58.0 -0.0592227023271 1.0
42.0 -0.0364809274459 1.0
161.0 -0.236914395582 0.0
54.0 1.07444418555 0.0
object 88	1.0:0.5 5.3672437648:0.5
180.0 -0.248034182815 0.0
110.0 0.972194519714 0.0
22.0 5.32426532592 1.0
46.0 0.945302557714 0.0
61.0 1.02604485469 0.0
13.0 0.901012178053 0.0
117.0 5.4301394024 1.0
170.0 5.00300548411 1.0
34.0 0.969481866195 0.0
155.0 -0.456687044839 0.0
162.0 3.49100248853 0.0
21.0 1.0550953776 0.0
130.0 1.03149671663 0.0
127.0 1.04564786868 0.0
120.0 5.32234122492 1.0
8.0 0.99527790463 0.0
128.0 0.975410926328 0.0
object 89	1.0:0.5 0.445121399055:0.5
189.0 1.60081097909 1.0
68.0 1.06921968766 0.0
164.0 1.68226322106 1.0
62.0 0.940363155425 0.0
95.0 0.405471186881 1.0
185.0 -0.311683673053 1.0
173.0 7.16400530868 0.0
2.0 0.453765711062 1.0
193.0 0.265795248298 0.0
110.0 0.442771841558 1.0
135.0 0.998789768998 0.0
182.0 2.76231140683 1.0
106.0 1.10681992317 0.0
177.0 6.35617203136 1.0
117.0 0.997497780181 0.0
70.0 1.08094986475 0.0
179.0 -4.44415318698 0.0
192.0 1.25855062042 0.0
72.0 0.490121912869 1.0
41.0 0.971180897691 0.0
53.0 1.0277525493 0.0
37.0 0.406730195835 1.0
124.0 0.931466510645 0.0
137.0 1.00981819171 0.0
65.0 1.01001290741 0.0
object 90	1.0:0.5 1.40611613206:0.5
76.0 1.37040207482 1.0
85.0 1.00882576355 0.0
199.0 0.0204205089516 0.0
146.0 2.55971804165 0.0
124.0 1.42346243191 1.0
182.0 3.2944160011 1.0
37.0 0.927537523931 0.0
29.0 1.40724337787 1.0
40.0 1.44299338245 1.0
105.0 0.952371183675 0.0
187.0 1.41991511814 0.0
56.0 1.04821819991 0.0
65.0 1.04458341388 0.0
168.0 -0.0521023923571 1.0
157.0 1.62412738633 1.0
173.0 -6.12989752515 0.0
169.0 2.02843532078 1.0
9.0 1.49662128198 1.0
120.0 0.970068467894 0.0
35.0 1.05330345462 0.0
21.0 1.47025583637 1.0
45.0 1.05851041921 0.0
110.0 1.38310037672 1.0
82.0 1.09178718386 0.0
14.0 0.961103112545 0.0
175.0 1.36472076898 1.0
object 91	1.0:0.5 2.85738473161:0.5
164.0 12.5293881229 0.0
12.0 1.02499964479 0.0
106.0 2.78174736376 1.0
25.0 0.995315772817 0.0
129.0 0.982406133164 0.0
23.0 0.992506625095 0.0
67.0 2.79478142809 1.0
62.0 1.04896896237 0.0
136.0 2.92196141283 1.0
128.0 0.966863109068 0.0
34.0 0.9561468579 0.0
11.0 2.87806303815 1.0
189.0 2.27450242034 1.0
193.0 -0.945741641158 1.0
161.0 -1.95319014085 0.0
45.0 2.89272260397 1.0
122.0 1.0042163637 0.0
78.0 1.0331145826 0.0
192.0 -2.33966912056 0.0
112.0 1.04853616247 0.0
130.0 2.87493879106 1.0
108.0 2.87235216259 1.0
105.0 2.78178012995 1.0
37.0 0.965624414157 0.0
50.0 0.918537242342 0.0
55.0 1.00276175197 0.0
124.0 1.03195686193 0.0
143.0 2.55455286609 1.0
6.0 2.87963024053 1.0
70.0 2.84766643828 1.0
159.0 5.54249860337 1.0
object 92	1.0:0.5 -16.7878353952:0.5
104.0 0.961782038333 0.0
178.0 10.9806928781 0.0
1.0 -16.7501974515 1.0
160.0 -17.8166592571 1.0
44.0 -16.7247922837 1.0
13.0 -16.7836593288 1.0
12.0 0.923071686827 0.0
112.0 -16.7865818934 1.0
146.0 -14.7554922291 1.0
23.0 1.00285321617 0.0
45.0 0.921185713077 0.0
69.0 0.960514303285 0.0
15.0 1.00630587873 0.0
132.0 0.978965566439 0.0
147.0 -13.3775723561 1.0
182.0 3.09850051281 0.0
113.0 0.917972148492 0.0
111.0 -16.8462047001 1.0
36.0 0.927141189385 0.0
165.0 7.72662467448 0.0
139.0 -16.7944262771 1.0
123.0 -16.8402037243 1.0
55.0 1.01733239954 0.0
191.0 -16.6177358865 1.0
34.0 -16.9098480085 1.0
168.0 -14.52528013 1.0
object 93	1.0:0.5 -9.47867112809:0.5
3.0 1.02203986112 0.0
157.0 -10.1094771018 1.0
97.0 -9.44704172679 1.0
140.0 -10.5107101 1.0
91.0 -9.53592595959 1.0
83.0 -9.51636862412 1.0
135.0 -9.44391532379 1.0
127.0 -9.3693400306 1.0
66.0 0.976263251565 0.0
16.0 -9.45469828944 1.0
181.0 0.227997324813 0.0
90.0 -9.34992792149 1.0
43.0 -9.38369391131 1.0
124.0 1.06864064103 0.0
93.0 -9.47917123066 1.0
39.0 1.01335245562 0.0
150.0 -11.9143981976 1.0
25.0 -9.50541202261 1.0
94.0 -9.50422739652 1.0
144.0 3.22964029196 0.0
72.0 1.0759962576 0.0
120.0 -9.38344243425 1.0
122.0 -9.59085906298 1.0
159.0 -2.34962911741 0.0
161.0 3.43592011367 0.0
object 94	1.0:0.5 10.7635473251:0.5
152.0 -2.27078084605 0.0
32.0 10.7402477265 1.0
52.0 1.01951969993 0.0
104.0 1.11909364587 0.0
177.0 -0.135824748764 0.0
130.0 10.7380957692 1.0
40.0 10.6768693417 1.0
196.0 11.2161246315 1.0
39.0 10.7544474254 1.0
167.0 0.0829134744956 0.0
30.0 0.995037733325 0.0
180.0 10.3878958853 1.0
19.0 0.918703704904 0.0
68.0 10.7442044455 1.0
58.0 10.7799463845 1.0
178.0 4.25868848642 0.0
36.0 10.8154918189 1.0
59.0 10.7794050978 1.0
159.0 2.19950538896 0.0
175.0 10.9278955394 1.0
55.0 1.02668870803 0.0
154.0 11.641285103 1.0
53.0 10.7387061239 1.0
4.0 0.985473493391 0.0
56.0 10.778868825 1.0
170.0 8.74478365216 1.0
21.0 1.03470509903 0.0
157.0 11.1738448855 1.0
111.0 1.03178078705 0.0
138.0 1.08114849958 0.0
41.0 10.8301788756 1.0
119.0 10.815183467 1.0
179.0 4.66778843492 0.0
44.0 1.00630963765 0.0
161.0 3.3147904902 0.0
object 95	1.0:0.5 7.94367480676:0.5
143.0 0.419326039674 0.0
133.0 8.03994564786 1.0
120.0 0.892963204683 0.0
163.0 11.3931518762 1.0
173.0 2.73088282955 0.0
14.0 7.90056296384 1.0
55.0 0.962894285153 0.0
175.0 0.50579253201 0.0
6.0 0.996745409508 0.0
156.0 0.440552155356 0.0
42.0 7.99719793529 1.0
181.0 9.21032269131 1.0
18.0 0.988196713345 0.0
78.0 7.86892450328 1.0
132.0 8.04088426238 1.0
125.0 7.93211687111 1.0
26.0 7.96662988357 1.0
46.0 0.995488800566 0.0
29.0 7.97119309412 1.0
79.0 1.00497029947 0.0
27.0 7.91620364569 1.0
148.0 -1.68385201185 0.0
171.0 0.525038162898 0.0
150.0 7.35593796645 1.0
4.0 0.945698546065 0.0
115.0 7.92937028855 1.0
object 96	1.0:0.5 19.3095116396:0.5
98.0 19.2539594764 1.0
14.0 19.3189486807 1.0
182.0 16.5608954983 1.0
74.0 19.3817694485 1.0
57.0 0.959235013432 0.0
185.0 0.480545849018 0.0
113.0 0.972771863633 0.0
39.0 0.956820966094 0.0
102.0 19.4428128568 1.0
94.0 19.3383383692 1.0
198.0 5.01825594613 0.0
86.0 19.2636953335 1.0
15.0 19.3086119482 1.0
35.0 19.2921660876 1.0
23.0 19.1971165108 1.0
187.0 -0.443616914396 0.0
24.0 1.00786241246 0.0
124.0 0.999435422366 0.0
152.0 21.1921419874 1.0
64.0 0.947884551139 0.0
188.0 -0.869279907118 0.0
151.0 18.4850360526 1.0
75.0 0.906505230223 0.0
162.0 -0.612561165559 0.0
object 97	1.0:0.5 7.02060311453:0.5
138.0 6.98308914553 1.0
172.0 -3.73334647321 0.0
190.0 7.84613732792 1.0
23.0 0.949011503809 0.0
171.0 5.52332974795 1.0
112.0 0.985182685612 0.0
127.0 7.09182933562 1.0
61.0 0.98981110207 0.0
56.0 6.98487302662 1.0
22.0 7.05025312245 1.0
49.0 0.976646198271 0.0
114.0 7.10930656705 1.0
52.0 0.956309485363 0.0
117.0 0.930486975554 0.0
133.0 1.0144717289 0.0
195.0 10.4198916808 1.0
136.0 6.99491645666 1.0
8.0 0.8587109352 0.0
123.0 7.02103094904 1.0
102.0 6.99051772051 1.0
73.0 6.98616252302 1.0
82.0 0.969437105339 0.0
18.0 7.08484668619 1.0
53.0 1.01793502842 0.0
7.0 0.92548286599 0.0
128.0 1.20741447347 0.0
64.0 0.971509780862 0.0
118.0 7.02238835414 1.0
object 98	1.0:0.5 -9.07981707284:0.5
79.0 0.963254847448 0.0
31.0 0.936702740183 0.0
105.0 0.964496447422 0.0
51.0 0.991777006067 0.0
151.0 -2.79297615582 0.0
74.0 -9.03534084592 1.0
18.0 1.0721075611 0.0
183.0 -0.406984802762 0.0
20.0 1.09729412566 0.0
132.0 -9.08534985736 1.0
155.0 2.11512945477 0.0
23.0 1.05603647135 0.0
70.0 -9.01626461671 1.0
37.0 1.10439660802 0.0
188.0 -8.18249821879 1.0
72.0 -9.18035957842 1.0
2.0 1.05429829152 0.0
17.0 0.969035240714 0.0
124.0 1.0166151049 0.0
56.0 -9.13949523276 1.0
45.0 1.02920157191 0.0
97.0 0.978896972867 0.0
104.0 0.998039635114 0.0
119.0 0.989267792487 0.0
44.0 0.942220709493 0.0
object 99	1.0:0.5 -0.407797091204:0.5
81.0 0.938966183856 0.0
48.0 1.03766544776 0.0
154.0 -6.18405538543 1.0
184.0 2.30848458557 1.0
113.0 0.988083564078 0.0
66.0 0.979814699079 0.0
73.0 -0.475377863606 1.0
72.0 -0.447253946318 1.0
24.0 -0.492183613057 1.0
79.0 -0.385546366555 1.0
178.0 -0.514455390166 0.0
129.0 1.01907024553 0.0
173.0 1.89103076909 0.0
181.0 2.25819804657 0.0
170.0 4.39248544701 0.0
168.0 -0.28795397161 1.0
5.0 -0.391344184179 1.0
175.0 0.257731926347 1.0
111.0 -0.401438899832 1.0
115.0 1.01269008188 0.0
169.0 -1.09713097363 1.0
50.0 -0.323991406179 1.0
155.0 2.36577290861 0.0
86.0 -0.47962154041 1.0
41.0 1.03939962863 0.0
82.0 1.06752007858 0.0
35.0 0.97653288745 0.0
68.0 1.0894323313 0.0
171.0 -1.9954875855 1.0
6.0 -0.379846653641 1.0
77.0 1.01210387585 0.0
19.0 0.911117709538 0.0
60.0 0.991726028537 0.0
106.0 -0.404242007603 1.0
18.0 0.968498698345 0.0
151.0 5.22839805795 1.0
53.0 -0.438290691656 1.0
179.0 8.03407578981 0.0
95.0 0.990564410543 0.0
