object 0	1.0:1.0
73.0 0.988791864283 1.0
193.0 -0.908068133493 1.0
object 1	1.0:1.0
92.0 1.00431654988 1.0
70.0 0.970762466322 1.0
110.0 0.994233460917 1.0
140.0 0.99170416734 1.0
29.0 0.99721313172 1.0
126.0 0.93896583672 1.0
object 2	1.0:1.0
4.0 0.936585349444 1.0
95.0 0.942381056586 1.0
185.0 1.12752427998 1.0
object 3	1.0:1.0
106.0 1.01738107754 1.0
33.0 1.00929403857 1.0
object 4	1.0:1.0
180.0 -6.45008586365 1.0
89.0 1.01607269926 1.0
4.0 0.970847790821 1.0
object 5	1.0:1.0
107.0 0.990151447103 1.0
195.0 -1.45110847484 1.0
153.0 0.991745337584 1.0
78.0 1.02230482402 1.0
134.0 1.01020073263 1.0
38.0 1.02871650714 1.0
object 6	1.0:1.0
88.0 1.01079151505 1.0
28.0 1.00428794303 1.0
124.0 1.02402349187 1.0
object 7	1.0:1.0
170.0 5.36415435784 1.0
143.0 1.06599332048 1.0
106.0 1.01205188259 1.0
object 8	1.0:1.0
169.0 0.500299545326 1.0
195.0 1.71361938473 1.0
190.0 2.69340569393 1.0
object 9	1.0:1.0
133.0 0.934150575304 1.0
62.0 0.94607905205 1.0
179.0 3.1547841288 1.0
66.0 0.991906341347 1.0
object 10	1.0:1.0
35.0 0.958901195688 1.0
89.0 1.06720923118 1.0
7.0 1.02388956995 1.0
49.0 0.988723796849 1.0
object 11	1.0:1.0
89.0 0.959731474204 1.0
161.0 2.84086458322 1.0
49.0 0.981950358634 1.0
object 12	1.0:1.0
53.0 1.0376187173 1.0
45.0 1.05298027349 1.0
66.0 0.998299667298 1.0
object 13	1.0:1.0
57.0 1.02310112234 1.0
155.0 0.996065373327 1.0
17.0 0.994870682392 1.0
21.0 1.00897050096 1.0
object 14	1.0:1.0
117.0 0.982014126692 1.0
111.0 0.919178018051 1.0
object 15	1.0:1.0
79.0 0.996975042837 1.0
7.0 0.968951673833 1.0
object 16	1.0:1.0
41.0 0.992208392393 1.0
59.0 0.981025826972 1.0
object 17	1.0:1.0
151.0 1.01500723409 1.0
6.0 0.970239240141 1.0
object 18	1.0:1.0
156.0 1.0335790012 1.0
199.0 8.64426615832 1.0
77.0 1.0136764758 1.0
object 19	1.0:1.0
151.0 0.927377464828 1.0
19.0 0.969663243414 1.0
object 20	1.0:1.0
113.0 0.913370316256 1.0
6.0 0.964982369763 1.0
174.0 -1.0658718872 1.0
55.0 1.03735534442 1.0
38.0 0.993520489149 1.0
51.0 1.05658758136 1.0
object 21	1.0:1.0
76.0 0.973161592006 1.0
5.0 1.01140352829 1.0
object 22	1.0:1.0
32.0 1.05742004385 1.0
181.0 4.93629523766 1.0
object 23	1.0:1.0
179.0 -3.8553638758 1.0
29.0 1.04463978747 1.0
104.0 0.994788493 1.0
object 24	1.0:1.0
104.0 1.00997517185 1.0
123.0 0.910811631966 1.0
object 25	1.0:1.0
62.0 1.02675249664 1.0
87.0 0.971462510739 1.0
81.0 1.00477791151 1.0
14.0 0.972890800607 1.0
103.0 1.06171159536 1.0
object 26	1.0:1.0
171.0 -3.85787365201 1.0
96.0 1.02316998889 1.0
182.0 0.503420037463 1.0
object 27	1.0:1.0
73.0 0.982992833531 1.0
144.0 1.02510172082 1.0
148.0 0.943745637642 1.0
object 28	1.0:1.0
55.0 0.978289673818 1.0
168.0 -0.784738989366 1.0
107.0 1.00832969694 1.0
26.0 1.00811919387 1.0
176.0 3.65189143288 1.0
object 29	1.0:1.0
110.0 0.985212412993 1.0
75.0 1.0274831517 1.0
120.0 0.99487270094 1.0
object 30	1.0:1.0
2.0 0.966878833474 1.0
94.0 1.01101102833 1.0
object 31	1.0:1.0
52.0 0.981371879308 1.0
128.0 0.979868060531 1.0
object 32	1.0:1.0
96.0 0.921513562023 1.0
64.0 0.980370706958 1.0
object 33	1.0:1.0
32.0 1.04238828964 1.0
9.0 0.974648830618 1.0
object 34	1.0:1.0
137.0 1.00527175802 1.0
141.0 0.964611500181 1.0
object 35	1.0:1.0
175.0 -1.4234414951 1.0
146.0 0.987615153396 1.0
object 36	1.0:1.0
45.0 1.11949351371 1.0
131.0 1.02671677186 1.0
object 37	1.0:1.0
195.0 -2.84033221576 1.0
122.0 1.00768047348 1.0
object 38	1.0:1.0
108.0 1.03575943101 1.0
0.0 1.01864988479 1.0
118.0 1.01179274589 1.0
21.0 1.03565499857 1.0
object 39	1.0:1.0
42.0 1.00382477889 1.0
151.0 0.991753771339 1.0
96.0 1.04665556548 1.0
object 40	1.0:1.0
81.0 0.997304919004 1.0
151.0 1.06176157364 1.0
149.0 0.922245150738 1.0
30.0 1.05294281184 1.0
56.0 0.968527205338 1.0
object 41	1.0:1.0
196.0 -4.93935095603 1.0
88.0 1.03277460227 1.0
object 42	1.0:1.0
173.0 0.231611279577 1.0
112.0 1.0194245535 1.0
object 43	1.0:1.0
2.0 1.04460361017 1.0
70.0 0.959974772532 1.0
object 44	1.0:1.0
23.0 1.02549420361 1.0
47.0 0.941924746856 1.0
object 45	1.0:1.0
195.0 -0.0066808664665 1.0
166.0 -0.0480885313421 1.0
13.0 0.955161912673 1.0
45.0 0.951828742171 1.0
object 46	1.0:1.0
113.0 1.01756437539 1.0
109.0 0.965594108518 1.0
103.0 0.992275504781 1.0
object 47	1.0:1.0
149.0 0.909423418145 1.0
8.0 0.989724086554 1.0
5.0 1.01669613635 1.0
197.0 0.777429851691 1.0
176.0 0.769271934713 1.0
object 48	1.0:1.0
134.0 1.00101239483 1.0
173.0 0.921604909552 1.0
147.0 0.988926403398 1.0
object 49	1.0:1.0
47.0 0.977130557997 1.0
7.0 1.03090989803 1.0
103.0 0.989328833487 1.0
19.0 0.955476217145 1.0
object 50	1.0:1.0
45.0 0.985893109354 1.0
126.0 0.963478213765 1.0
57.0 0.988445817428 1.0
object 51	1.0:1.0
53.0 1.01951787148 1.0
39.0 1.01984954655 1.0
99.0 1.01209773653 1.0
113.0 1.02279154259 1.0
object 52	1.0:1.0
188.0 -3.15680598453 1.0
53.0 1.01630283177 1.0
44.0 0.984356927531 1.0
196.0 3.58264913672 1.0
26.0 0.980386758197 1.0
164.0 8.78435564082 1.0
object 53	1.0:1.0
115.0 1.0262326568 1.0
101.0 0.996973617752 1.0
object 54	1.0:1.0
74.0 1.06563669264 1.0
17.0 1.00840979589 1.0
65.0 0.977437071321 1.0
object 55	1.0:1.0
59.0 1.04507354938 1.0
111.0 0.94786118494 1.0
51.0 0.970775444814 1.0
object 56	1.0:1.0
111.0 0.935420984608 1.0
92.0 0.97250995656 1.0
object 57	1.0:1.0
183.0 0.646347494796 1.0
120.0 1.00659870711 1.0
object 58	1.0:1.0
75.0 1.01383463304 1.0
163.0 2.26114822309 1.0
151.0 1.01230913158 1.0
53.0 1.00327689378 1.0
object 59	1.0:1.0
160.0 0.0110357706422 1.0
0.0 0.977185948128 1.0
173.0 1.79564278198 1.0
59.0 0.882582474837 1.0
132.0 1.00830113147 1.0
object 60	1.0:1.0
51.0 1.0051710452 1.0
98.0 1.03117297233 1.0
36.0 1.00260486548 1.0
object 61	1.0:1.0
87.0 0.977606415236 1.0
38.0 1.01187203261 1.0
129.0 0.852016423147 1.0
object 62	1.0:1.0
138.0 1.03776947927 1.0
6.0 0.925643507155 1.0
object 63	1.0:1.0
67.0 0.992612449184 1.0
193.0 0.75662371179 1.0
object 64	1.0:1.0
47.0 1.01412281285 1.0
114.0 1.00184048159 1.0
138.0 1.0198443191 1.0
187.0 1.81937965309 1.0
object 65	1.0:1.0
163.0 -0.264972303803 1.0
121.0 1.00548990667 1.0
46.0 0.98425112654 1.0
object 66	1.0:1.0
21.0 0.991472478409 1.0
72.0 1.04412435135 1.0
object 67	1.0:1.0
20.0 0.96862252544 1.0
108.0 0.975800406303 1.0
object 68	1.0:1.0
179.0 -2.28653524275 1.0
86.0 1.01189203401 1.0
183.0 4.56728768227 1.0
object 69	1.0:1.0
90.0 1.0070406859 1.0
119.0 1.04510572334 1.0
object 70	1.0:1.0
193.0 0.111600770245 1.0
169.0 -8.2972948997 1.0
object 71	1.0:1.0
132.0 0.951186569695 1.0
169.0 1.79724467618 1.0
object 72	1.0:1.0
11.0 0.98032651265 1.0
124.0 1.01767881962 1.0
object 73	1.0:1.0
102.0 0.992562209636 1.0
84.0 0.960703846805 1.0
157.0 1.01245085149 1.0
object 74	1.0:1.0
109.0 0.973628047359 1.0
79.0 0.991142485023 1.0
object 75	1.0:1.0
173.0 5.48008846267 1.0
5.0 0.998088880196 1.0
object 76	1.0:1.0
129.0 1.07665016107 1.0
24.0 0.996697356625 1.0
object 77	1.0:1.0
176.0 -0.579891733859 1.0
148.0 0.986736324601 1.0
82.0 1.00603368192 1.0
99.0 0.962888293298 1.0
127.0 1.06688526147 1.0
object 78	1.0:1.0
109.0 1.00917994085 1.0
167.0 -6.44370490844 1.0
130.0 0.956931441131 1.0
174.0 -4.87836412726 1.0
118.0 0.994678122574 1.0
object 79	1.0:1.0
184.0 3.86631265533 1.0
115.0 1.0476692661 1.0
99.0 0.977218215042 1.0
object 80	1.0:1.0
28.0 1.01949774943 1.0
91.0 1.01638078632 1.0
98.0 0.995723612362 1.0
42.0 1.03150070198 1.0
138.0 1.02463447664 1.0
object 81	1.0:1.0
50.0 0.948912691118 1.0
146.0 1.03226103309 1.0
61.0 1.05410577097 1.0
128.0 0.972904995842 1.0
65.0 1.01719917609 1.0
object 82	1.0:1.0
78.0 0.997044117412 1.0
176.0 9.43000740384 1.0
35.0 0.988560706874 1.0
object 83	1.0:1.0
48.0 1.02219264474 1.0
10.0 1.03148457301 1.0
158.0 1.00764751136 1.0
object 84	1.0:1.0
120.0 1.04016430095 1.0
187.0 -1.86717732487 1.0
object 85	1.0:1.0
160.0 2.37504203071 1.0
15.0 0.994978167439 1.0
56.0 0.915712525146 1.0
23.0 1.01177341158 1.0
191.0 3.26259609463 1.0
138.0 0.97196039664 1.0
object 86	1.0:1.0
135.0 0.977028933661 1.0
183.0 -3.1368144965 1.0
116.0 0.904360933465 1.0
143.0 1.01163054757 1.0
197.0 2.95937202215 1.0
19.0 1.0333303636 1.0
158.0 1.01800021488 1.0
object 87	1.0:1.0
80.0 0.99181587101 1.0
164.0 1.25941534407 1.0
64.0 0.969699618051 1.0
108.0 0.970145015239 1.0
object 88	1.0:1.0
89.0 1.03727620503 1.0
164.0 -9.65701167558 1.0
object 89	1.0:1.0
28.0 0.991171681159 1.0
99.0 0.993348669407 1.0
object 90	1.0:1.0
74.0 1.01880933989 1.0
3.0 1.03191631138 1.0
87.0 0.946219170531 1.0
object 91	1.0:1.0
32.0 0.997768508951 1.0
65.0 0.879128879298 1.0
40.0 1.00114783102 1.0
object 92	1.0:1.0
109.0 0.966774707988 1.0
47.0 0.968686829307 1.0
128.0 1.03844539902 1.0
object 93	1.0:1.0
1.0 1.02854629463 1.0
155.0 0.991954634492 1.0
181.0 6.86876787561 1.0
61.0 1.01333431936 1.0
object 94	1.0:1.0
124.0 1.03623500684 1.0
146.0 1.02681980565 1.0
117.0 1.0171761784 1.0
18.0 1.01839061107 1.0
32.0 0.984645974748 1.0
object 95	1.0:1.0
83.0 1.01465316023 1.0
4.0 1.01778292855 1.0
189.0 -0.7998057709 1.0
29.0 0.987146343043 1.0
object 96	1.0:1.0
102.0 1.00836754082 1.0
10.0 1.04109025696 1.0
95.0 1.05161807118 1.0
37.0 0.86405606009 1.0
object 97	1.0:1.0
92.0 1.01905961301 1.0
59.0 0.94310522149 1.0
67.0 1.02183415661 1.0
8.0 1.01863243746 1.0
object 98	1.0:1.0
59.0 1.0905384807 1.0
45.0 0.968915508951 1.0
object 99	1.0:1.0
81.0 0.999373720055 1.0
187.0 5.27351620836 1.0
180.0 -3.92252739648 1.0
