object 0	1.0:1.0
1.0 1.0193280924 1.0
180.0 1.01030409554 1.0
193.0 3.78591088147 1.0
65.0 0.999753231711 1.0
60.0 1.01057283283 1.0
170.0 1.84322400635 1.0
139.0 1.03311357203 1.0
79.0 0.986966188292 1.0
59.0 0.989434262854 1.0
191.0 -2.15556220627 1.0
149.0 -4.01569100269 1.0
163.0 2.89633721481 1.0
92.0 1.01418113563 1.0
162.0 1.38180248088 1.0
68.0 0.969138247046 1.0
120.0 0.981630525866 1.0
164.0 2.71023013006 1.0
109.0 1.04525512806 1.0
123.0 1.01510296156 1.0
130.0 1.03553451829 1.0
22.0 0.991117320671 1.0
177.0 2.92880823268 1.0
110.0 1.0127794511 1.0
113.0 1.03473469389 1.0
object 1	1.0:1.0
162.0 3.57698532944 1.0
54.0 1.0028946517 1.0
148.0 0.0259344534008 1.0
141.0 -3.47757007104 1.0
139.0 0.950556894095 1.0
165.0 -0.904980452229 1.0
35.0 0.959143405306 1.0
179.0 3.39078781058 1.0
60.0 1.00818985461 1.0
99.0 0.986581046407 1.0
50.0 0.995560840685 1.0
164.0 3.3102032146 1.0
58.0 0.970191665778 1.0
23.0 0.9868308124 1.0
149.0 -2.29670074517 1.0
130.0 1.00200793396 1.0
object 2	1.0:1.0
145.0 -2.39617156032 1.0
1.0 0.990954705222 1.0
23.0 0.986136646485 1.0
88.0 0.992524651492 1.0
148.0 0.149126915518 1.0
58.0 1.01853056364 1.0
12.0 0.951529831179 1.0
137.0 0.990520462901 1.0
31.0 1.02208811074 1.0
152.0 4.65050015428 1.0
13.0 0.98527830762 1.0
7.0 0.980660472622 1.0
116.0 1.02907576552 1.0
21.0 1.02888568012 1.0
184.0 -1.01505948809 1.0
71.0 1.02690705119 1.0
object 3	1.0:1.0
104.0 0.97387202766 1.0
99.0 0.998236535529 1.0
183.0 -7.97339335619 1.0
165.0 3.93227959028 1.0
127.0 1.03672807618 1.0
89.0 0.987608367119 1.0
137.0 1.01471752582 1.0
193.0 1.55441098057 1.0
180.0 -2.10084455337 1.0
105.0 1.03493502418 1.0
38.0 0.895736501787 1.0
43.0 0.988761190364 1.0
156.0 0.655915461426 1.0
16.0 0.999461588162 1.0
5.0 1.01416706766 1.0
167.0 -4.42369570694 1.0
166.0 3.46297341457 1.0
48.0 0.992157209378 1.0
33.0 0.986987765513 1.0
135.0 1.01223467106 1.0
object 4	1.0:1.0
21.0 0.950904420061 1.0
16.0 1.00863216186 1.0
166.0 -0.824931221244 1.0
34.0 0.988169717489 1.0
93.0 0.968053253063 1.0
105.0 0.987777204653 1.0
121.0 1.01015839106 1.0
179.0 -0.0339160786598 1.0
143.0 -1.86352784413 1.0
186.0 1.10928883946 1.0
51.0 0.971438440785 1.0
11.0 0.972867228219 1.0
108.0 1.0265957754 1.0
46.0 0.980225062247 1.0
141.0 -2.44906620786 1.0
73.0 0.979327516065 1.0
103.0 0.905680330437 1.0
106.0 0.937966112582 1.0
22.0 0.997939831004 1.0
37.0 1.01417801305 1.0
object 5	1.0:1.0
161.0 -2.95754749548 1.0
47.0 0.982775261795 1.0
15.0 1.01158849384 1.0
181.0 2.87327857142 1.0
31.0 0.975268110652 1.0
95.0 0.971096540694 1.0
177.0 0.808167494095 1.0
105.0 0.988636058276 1.0
187.0 -1.44970992903 1.0
51.0 1.08142886685 1.0
59.0 1.01285567454 1.0
83.0 1.03732799132 1.0
191.0 5.48645946994 1.0
107.0 1.01484533239 1.0
17.0 1.01334928893 1.0
120.0 0.948890401632 1.0
94.0 1.01712504534 1.0
162.0 -3.6941869911 1.0
170.0 0.291807219039 1.0
5.0 0.992752917682 1.0
186.0 2.80855283722 1.0
166.0 -2.55815914416 1.0
150.0 2.74275243025 1.0
138.0 1.0096645219 1.0
8.0 1.0029898734 1.0
object 6	1.0:1.0
183.0 -0.472589140919 1.0
134.0 1.07114604998 1.0
121.0 0.982756257063 1.0
97.0 1.00045160878 1.0
44.0 0.993331540743 1.0
158.0 -0.665745580816 1.0
157.0 -6.44414706422 1.0
89.0 1.03142969109 1.0
193.0 3.79747266826 1.0
24.0 1.00091123585 1.0
187.0 -0.262586510163 1.0
145.0 1.12252110117 1.0
77.0 1.06251047334 1.0
34.0 1.05030564187 1.0
85.0 0.993374420775 1.0
27.0 0.999246578569 1.0
60.0 1.06390181527 1.0
80.0 1.01937320631 1.0
150.0 -0.688681316609 1.0
object 7	1.0:1.0
55.0 1.04022359268 1.0
50.0 0.954823807617 1.0
47.0 0.943822928124 1.0
191.0 -2.41394348153 1.0
41.0 0.999359435881 1.0
113.0 0.977618157948 1.0
103.0 1.06886928918 1.0
79.0 0.995093485965 1.0
185.0 0.175458346058 1.0
144.0 -3.11609729475 1.0
38.0 1.00892476576 1.0
69.0 1.00118561681 1.0
68.0 1.05384319542 1.0
142.0 -0.726078032788 1.0
82.0 0.987344089112 1.0
146.0 1.94171353726 1.0
80.0 0.956706717363 1.0
59.0 1.00988260132 1.0
object 8	1.0:1.0
6.0 0.986275717609 1.0
157.0 3.25297153105 1.0
70.0 1.02517899726 1.0
16.0 0.995911298286 1.0
163.0 0.208668429115 1.0
18.0 0.918479690751 1.0
111.0 0.984876868154 1.0
21.0 0.978472671045 1.0
168.0 4.00341965645 1.0
109.0 0.988003145778 1.0
141.0 1.39565927171 1.0
60.0 1.01169771001 1.0
101.0 1.02938314332 1.0
171.0 -1.76119881743 1.0
99.0 0.969510531206 1.0
95.0 0.985543715248 1.0
20.0 1.0046185822 1.0
36.0 0.991171606207 1.0
67.0 1.00421040375 1.0
44.0 0.953356429524 1.0
9.0 1.00560694165 1.0
66.0 1.01383025109 1.0
116.0 1.06200917624 1.0
object 9	1.0:1.0
62.0 0.986717104842 1.0
47.0 0.990139246075 1.0
92.0 1.01831747803 1.0
114.0 1.0269212045 1.0
69.0 1.0443641996 1.0
36.0 0.997900479212 1.0
188.0 0.131211518699 1.0
130.0 1.01468492113 1.0
25.0 0.99996105035 1.0
197.0 -1.20480493059 1.0
84.0 1.01274308319 1.0
45.0 0.979775198309 1.0
139.0 1.04783304467 1.0
195.0 2.32310551244 1.0
7.0 0.977189579186 1.0
121.0 0.944338884222 1.0
193.0 -2.93359822346 1.0
57.0 0.976206061514 1.0
170.0 3.43849891969 1.0
171.0 -1.87755435329 1.0
4.0 1.01933261739 1.0
107.0 0.994157361418 1.0
object 10	1.0:1.0
51.0 1.00292821012 1.0
126.0 0.994326926815 1.0
124.0 0.993851210738 1.0
130.0 0.988591206019 1.0
53.0 1.00279681685 1.0
111.0 0.986197844782 1.0
152.0 -2.38465077806 1.0
63.0 0.959956152033 1.0
77.0 0.997758819625 1.0
100.0 0.956920916023 1.0
191.0 -2.48501804364 1.0
44.0 1.01869528064 1.0
89.0 1.02911676909 1.0
168.0 0.829826015175 1.0
21.0 1.00713223628 1.0
71.0 1.00802621686 1.0
196.0 1.89046305816 1.0
134.0 1.04167850496 1.0
59.0 0.97951518547 1.0
object 11	1.0:1.0
162.0 5.84919119617 1.0
123.0 1.0000054879 1.0
53.0 1.0239674327 1.0
109.0 1.02908248936 1.0
11.0 0.990333798913 1.0
101.0 1.02096831904 1.0
128.0 0.94899865047 1.0
15.0 1.00014543483 1.0
60.0 0.987420509795 1.0
0.0 0.988293383039 1.0
157.0 2.60514601975 1.0
165.0 -0.799793594883 1.0
76.0 0.966262479312 1.0
138.0 0.986159582075 1.0
28.0 0.999737072545 1.0
8.0 0.98446817635 1.0
33.0 1.00770431665 1.0
36.0 0.983808339692 1.0
111.0 0.981897944793 1.0
72.0 1.04220369761 1.0
38.0 0.951837669255 1.0
199.0 -0.835964785273 1.0
object 12	1.0:1.0
23.0 1.01528199986 1.0
46.0 0.925715472646 1.0
78.0 0.995116395625 1.0
182.0 -1.32668889752 1.0
39.0 1.06743740924 1.0
199.0 0.428108041771 1.0
198.0 -2.43437863573 1.0
21.0 0.993646571146 1.0
196.0 -0.392069160991 1.0
16.0 1.01185485341 1.0
42.0 1.01250233045 1.0
75.0 1.00934654989 1.0
136.0 0.993912686186 1.0
131.0 0.984569811573 1.0
91.0 1.0009244733 1.0
155.0 0.966635804666 1.0
163.0 0.228419803514 1.0
object 13	1.0:1.0
127.0 0.963785137025 1.0
178.0 -0.136114953631 1.0
119.0 0.995303105552 1.0
180.0 3.66216529503 1.0
15.0 1.00174642718 1.0
45.0 1.02223756715 1.0
126.0 1.02107828394 1.0
145.0 0.568805852715 1.0
144.0 0.435186909996 1.0
42.0 1.02571429502 1.0
12.0 1.01571562529 1.0
object 14	1.0:1.0
21.0 0.964297944217 1.0
18.0 1.01514165154 1.0
142.0 4.56919393081 1.0
122.0 1.05386425409 1.0
49.0 1.02662746732 1.0
52.0 0.982390341814 1.0
155.0 0.894401654268 1.0
154.0 1.82071324126 1.0
153.0 -1.57714783618 1.0
26.0 1.02012385522 1.0
75.0 1.01228774373 1.0
67.0 1.00335741651 1.0
62.0 0.950665306511 1.0
170.0 4.383083881 1.0
72.0 1.00134613521 1.0
79.0 0.996800489571 1.0
24.0 0.966561481402 1.0
51.0 0.944183901233 1.0
99.0 1.01660129781 1.0
114.0 0.992898071537 1.0
191.0 3.74428284818 1.0
169.0 1.29652396139 1.0
object 15	1.0:1.0
180.0 -2.48341326193 1.0
111.0 1.0056852479 1.0
187.0 1.37389282957 1.0
112.0 1.0049767014 1.0
197.0 1.99951017014 1.0
96.0 1.0296599577 1.0
101.0 0.94878487789 1.0
165.0 3.4372770005 1.0
126.0 1.00592715309 1.0
175.0 -1.99403074493 1.0
161.0 2.60384062289 1.0
170.0 0.159223094382 1.0
17.0 0.983708376984 1.0
99.0 1.00061401666 1.0
148.0 2.08236219018 1.0
61.0 1.03357127265 1.0
158.0 -8.89754327334 1.0
object 16	1.0:1.0
153.0 -0.804869332776 1.0
84.0 0.998864378019 1.0
138.0 1.00912073033 1.0
179.0 2.02421194184 1.0
83.0 0.92286203414 1.0
23.0 0.993939404819 1.0
15.0 1.00959851821 1.0
146.0 3.56270561127 1.0
98.0 0.944656914868 1.0
55.0 1.01929590409 1.0
166.0 -2.50784126454 1.0
133.0 1.04604236006 1.0
53.0 1.00299298129 1.0
88.0 0.999500348284 1.0
168.0 1.87941301992 1.0
80.0 0.999570530302 1.0
131.0 0.986572918914 1.0
145.0 -0.313747309685 1.0
49.0 1.0200220652 1.0
0.0 1.00902279238 1.0
194.0 3.22936605542 1.0
object 17	1.0:1.0
119.0 1.05554327648 1.0
183.0 3.97700614119 1.0
69.0 1.03506297466 1.0
93.0 0.934572131878 1.0
108.0 1.01585894671 1.0
171.0 7.47762941255 1.0
75.0 0.996355420763 1.0
70.0 0.968970508223 1.0
84.0 0.985801346461 1.0
3.0 1.00951803894 1.0
0.0 1.00284454649 1.0
88.0 1.03099441476 1.0
20.0 0.994067256314 1.0
102.0 1.01161693766 1.0
79.0 1.03209529055 1.0
10.0 1.03033957164 1.0
16.0 0.973301991329 1.0
128.0 0.967091844417 1.0
40.0 0.98796178863 1.0
173.0 -0.396163310946 1.0
139.0 1.07354307189 1.0
146.0 -0.707180783332 1.0
98.0 1.04923895389 1.0
190.0 -3.05356191441 1.0
object 18	1.0:1.0
136.0 1.03930413472 1.0
60.0 0.991072958952 1.0
70.0 1.00026085901 1.0
63.0 0.964694169529 1.0
140.0 3.62215782611 1.0
75.0 1.04437415146 1.0
166.0 0.833511366752 1.0
24.0 0.962149764935 1.0
30.0 1.0010753005 1.0
186.0 2.69444950382 1.0
50.0 1.10706577127 1.0
83.0 1.00444491824 1.0
76.0 0.970148415144 1.0
135.0 0.954582017059 1.0
56.0 1.01031928565 1.0
object 19	1.0:1.0
25.0 0.997911301039 1.0
89.0 0.956649033837 1.0
46.0 1.03861240945 1.0
196.0 0.774707912686 1.0
168.0 0.988860683108 1.0
47.0 1.04066184968 1.0
87.0 0.984688410414 1.0
176.0 1.64991165228 1.0
115.0 0.970621210333 1.0
21.0 1.09242756963 1.0
45.0 0.942602105103 1.0
66.0 1.01847759096 1.0
35.0 0.954561396026 1.0
50.0 1.02903649952 1.0
185.0 0.779587275183 1.0
17.0 1.00473025833 1.0
140.0 -3.95594184219 1.0
100.0 1.05257056341 1.0
177.0 -2.4785467611 1.0
182.0 -2.39270536759 1.0
23.0 1.02134909463 1.0
163.0 3.76259897204 1.0
19.0 1.03532595057 1.0
object 20	1.0:1.0
159.0 1.58458570028 1.0
70.0 0.99223527813 1.0
117.0 1.02424350673 1.0
44.0 1.02165816851 1.0
48.0 0.998048755161 1.0
51.0 1.01451108623 1.0
13.0 1.00178785428 1.0
11.0 1.00081755323 1.0
52.0 0.990716831706 1.0
78.0 1.02292601106 1.0
132.0 1.00585738238 1.0
77.0 0.990604068688 1.0
150.0 0.0432662378875 1.0
157.0 -4.57735918297 1.0
36.0 0.98918402891 1.0
162.0 -0.675723920638 1.0
73.0 1.01771552992 1.0
194.0 1.0134423407 1.0
97.0 0.958126464089 1.0
196.0 4.17550924299 1.0
92.0 1.01721682699 1.0
42.0 0.996755711862 1.0
112.0 0.999775900464 1.0
178.0 2.39809431927 1.0
2.0 0.97322175038 1.0
58.0 1.00596415501 1.0
object 21	1.0:1.0
3.0 0.963025447467 1.0
67.0 1.0011699017 1.0
61.0 1.04724107074 1.0
103.0 0.981604618893 1.0
150.0 -1.93944891886 1.0
51.0 0.996512598641 1.0
104.0 1.00775084348 1.0
77.0 0.993164515122 1.0
131.0 1.00118202655 1.0
7.0 0.970625750624 1.0
21.0 0.97660762378 1.0
182.0 3.68420169474 1.0
151.0 4.30197512536 1.0
144.0 0.886105012348 1.0
140.0 4.25828557553 1.0
31.0 1.01068156654 1.0
143.0 1.13284573648 1.0
0.0 1.01439697451 1.0
186.0 -0.0348420012645 1.0
172.0 5.93940566365 1.0
146.0 -4.30606171061 1.0
66.0 1.00055499923 1.0
73.0 0.985727085433 1.0
object 22	1.0:1.0
41.0 0.999304156859 1.0
8.0 0.999765771411 1.0
114.0 0.971504096363 1.0
159.0 -0.622296224746 1.0
88.0 1.00506140257 1.0
151.0 1.85180431541 1.0
26.0 1.00586470266 1.0
5.0 0.999014542553 1.0
45.0 0.935037781025 1.0
132.0 0.988139752601 1.0
2.0 0.983492624309 1.0
9.0 0.995485909642 1.0
20.0 0.989976760905 1.0
143.0 0.58785229906 1.0
197.0 1.50369823305 1.0
158.0 -2.17498008688 1.0
object 23	1.0:1.0
73.0 1.00952749905 1.0
59.0 0.979755810639 1.0
149.0 -0.222545772872 1.0
32.0 1.01687479761 1.0
132.0 1.0180877038 1.0
86.0 1.00267898481 1.0
172.0 -5.01961236784 1.0
39.0 1.02932814524 1.0
0.0 1.00122850897 1.0
78.0 0.991852148611 1.0
29.0 1.01077597437 1.0
182.0 -0.750937682288 1.0
115.0 1.07162091598 1.0
48.0 0.993689761558 1.0
153.0 -1.0342901273 1.0
107.0 0.994028320897 1.0
70.0 1.00599122751 1.0
40.0 1.02525499389 1.0
6.0 1.02348016908 1.0
144.0 4.68154003803 1.0
122.0 1.00883947813 1.0
56.0 0.972775413724 1.0
129.0 0.977327706211 1.0
156.0 -0.00484281401582 1.0
object 24	1.0:1.0
64.0 0.987880322645 1.0
56.0 0.994040088752 1.0
119.0 1.04627799414 1.0
58.0 0.949416442994 1.0
182.0 0.850776794958 1.0
42.0 0.995624997219 1.0
167.0 6.59024839657 1.0
91.0 0.998804257249 1.0
61.0 1.0625235307 1.0
106.0 0.987181053576 1.0
191.0 1.18045148828 1.0
67.0 1.01020224402 1.0
165.0 2.64455579861 1.0
94.0 1.01107007072 1.0
3.0 1.01515745538 1.0
object 25	1.0:1.0
13.0 0.980269727775 1.0
15.0 1.01059999902 1.0
36.0 1.02684423565 1.0
60.0 0.944816827224 1.0
20.0 1.02494817108 1.0
114.0 1.03652636038 1.0
192.0 0.595122766479 1.0
85.0 0.994475371075 1.0
5.0 0.992198738824 1.0
191.0 -1.2057496492 1.0
63.0 1.03640846929 1.0
65.0 1.01273128357 1.0
168.0 2.23688309125 1.0
object 26	1.0:1.0
70.0 0.96172539593 1.0
119.0 0.989608039638 1.0
56.0 1.00508371395 1.0
97.0 0.976734524537 1.0
53.0 0.988416577415 1.0
161.0 -1.02823387188 1.0
173.0 1.02978924853 1.0
122.0 1.02521044753 1.0
111.0 1.0138829961 1.0
24.0 1.03204731176 1.0
185.0 -0.651257694638 1.0
64.0 0.962645706656 1.0
38.0 1.08622442069 1.0
34.0 0.984879257007 1.0
91.0 0.984555340201 1.0
37.0 1.00775879099 1.0
31.0 1.03120736233 1.0
169.0 5.39463133669 1.0
71.0 1.00148216193 1.0
75.0 0.940933228561 1.0
85.0 0.980736247871 1.0
96.0 1.01483701347 1.0
29.0 0.983493311049 1.0
80.0 1.0111960115 1.0
35.0 1.03933017673 1.0
192.0 3.82191476284 1.0
155.0 -1.66224296694 1.0
195.0 2.46643596805 1.0
68.0 1.00399112999 1.0
191.0 0.366327239471 1.0
193.0 5.01582947122 1.0
121.0 1.01668005674 1.0
object 27	1.0:1.0
62.0 1.04547874735 1.0
34.0 0.998122473475 1.0
25.0 1.00596208223 1.0
152.0 1.94989523753 1.0
44.0 1.00985382032 1.0
47.0 1.01058186739 1.0
59.0 1.0172777804 1.0
116.0 1.01053199963 1.0
125.0 0.981569240445 1.0
163.0 1.31587429959 1.0
58.0 0.972171512789 1.0
69.0 1.03281392695 1.0
64.0 0.980872649834 1.0
46.0 0.957626998672 1.0
48.0 1.01420568752 1.0
95.0 0.973008208596 1.0
7.0 1.02493501377 1.0
66.0 0.9988164902 1.0
176.0 4.46046166252 1.0
127.0 1.06421396153 1.0
155.0 1.92258384099 1.0
99.0 0.992910162213 1.0
43.0 0.986301640177 1.0
object 28	1.0:1.0
102.0 0.98591363328 1.0
150.0 0.400552387798 1.0
197.0 2.83963335028 1.0
16.0 0.996737676923 1.0
12.0 0.981415233034 1.0
188.0 -0.876631940527 1.0
73.0 0.997361516809 1.0
149.0 2.28949742062 1.0
192.0 -4.51694246411 1.0
60.0 1.01959489688 1.0
32.0 0.944385276038 1.0
109.0 1.06807032643 1.0
165.0 2.33005559175 1.0
33.0 0.963047222895 1.0
10.0 0.990236969947 1.0
50.0 0.916312212718 1.0
91.0 1.02592323739 1.0
157.0 3.89387535534 1.0
148.0 -2.34943479132 1.0
196.0 -0.495373080614 1.0
object 29	1.0:1.0
115.0 1.0548647275 1.0
20.0 0.963923031003 1.0
178.0 -5.51656977235 1.0
40.0 1.00668573215 1.0
163.0 7.11293563363 1.0
81.0 1.00522147912 1.0
98.0 0.950309841652 1.0
57.0 0.989733266348 1.0
130.0 1.01346745225 1.0
150.0 2.41277446723 1.0
136.0 0.926287435483 1.0
64.0 0.946430925818 1.0
155.0 2.34687044283 1.0
173.0 0.988513018282 1.0
82.0 1.02166932999 1.0
object 30	1.0:1.0
44.0 1.02051743508 1.0
29.0 1.02561078213 1.0
51.0 0.986503311132 1.0
129.0 1.04608711344 1.0
83.0 0.940597426887 1.0
131.0 1.08138678479 1.0
184.0 1.60704151992 1.0
24.0 1.00402629836 1.0
58.0 0.930369545684 1.0
149.0 0.553776844294 1.0
12.0 1.00712408868 1.0
82.0 0.94599259006 1.0
187.0 1.87985224093 1.0
176.0 -5.8137427555 1.0
33.0 1.01294092479 1.0
113.0 0.985792516059 1.0
28.0 1.00543108031 1.0
34.0 1.01994056551 1.0
63.0 0.991388855915 1.0
56.0 1.01225479547 1.0
179.0 -0.515655247612 1.0
140.0 -2.73637257759 1.0
22.0 0.963285579513 1.0
182.0 4.66620423709 1.0
54.0 0.987407465024 1.0
69.0 1.00220087126 1.0
180.0 3.65927172751 1.0
40.0 0.936735456583 1.0
171.0 3.37722096837 1.0
42.0 0.985392086769 1.0
object 31	1.0:1.0
175.0 0.140390706215 1.0
39.0 1.02760112831 1.0
134.0 0.991219313334 1.0
5.0 0.992153482761 1.0
196.0 1.01034019976 1.0
188.0 2.83027954432 1.0
105.0 0.984840336424 1.0
137.0 0.968257051303 1.0
128.0 1.03084851823 1.0
38.0 1.04691762296 1.0
86.0 0.962418897452 1.0
166.0 3.76887055731 1.0
131.0 1.00401173888 1.0
141.0 1.90392913185 1.0
169.0 -6.69607299017 1.0
91.0 1.02525444423 1.0
172.0 4.2825172426 1.0
58.0 0.958526748048 1.0
177.0 -0.0843755714468 1.0
9.0 0.994214454253 1.0
150.0 1.11988903171 1.0
49.0 0.982479825389 1.0
63.0 0.984673224871 1.0
120.0 0.982470938216 1.0
object 32	1.0:1.0
136.0 1.03189418463 1.0
169.0 -0.164284630404 1.0
100.0 1.04319950698 1.0
11.0 1.01924298698 1.0
111.0 0.992060204818 1.0
44.0 1.03652072208 1.0
104.0 0.989459901191 1.0
8.0 0.999909910829 1.0
36.0 0.97040675618 1.0
102.0 1.00427429131 1.0
3.0 0.97100906959 1.0
1.0 0.990308622269 1.0
48.0 0.98223012088 1.0
150.0 1.35722758344 1.0
18.0 0.907459292321 1.0
155.0 -2.76056070942 1.0
138.0 0.988871677165 1.0
134.0 1.00264066131 1.0
object 33	1.0:1.0
39.0 1.01479472629 1.0
19.0 0.968692211319 1.0
196.0 1.88171764814 1.0
110.0 0.987482393871 1.0
150.0 0.439877822573 1.0
103.0 1.00252020912 1.0
162.0 -1.35126323465 1.0
104.0 1.01892608881 1.0
132.0 1.04678171012 1.0
181.0 3.13092195513 1.0
55.0 1.02573661202 1.0
115.0 0.918628190119 1.0
119.0 1.04345066786 1.0
123.0 1.00558257963 1.0
129.0 1.01004065734 1.0
128.0 0.993518727431 1.0
28.0 0.988680481512 1.0
object 34	1.0:1.0
52.0 0.976318613501 1.0
160.0 0.784124833464 1.0
176.0 5.99146639612 1.0
44.0 0.94696876881 1.0
125.0 0.942580884791 1.0
101.0 0.933001435393 1.0
70.0 1.00544386984 1.0
172.0 4.92716556579 1.0
35.0 1.00898474665 1.0
72.0 1.03007248821 1.0
71.0 0.977512179303 1.0
76.0 0.978932062006 1.0
75.0 0.936715711366 1.0
49.0 1.0001162555 1.0
180.0 5.46699112588 1.0
148.0 6.49667562681 1.0
126.0 0.959426022906 1.0
8.0 1.02771027806 1.0
94.0 0.996266874228 1.0
20.0 0.946882706544 1.0
object 35	1.0:1.0
152.0 0.0559076872907 1.0
49.0 0.985508176669 1.0
159.0 -0.162263848453 1.0
149.0 3.12059189515 1.0
85.0 1.01063170525 1.0
87.0 0.976136726963 1.0
43.0 1.01693743397 1.0
96.0 0.961559217494 1.0
53.0 0.968973290473 1.0
80.0 0.995468351272 1.0
82.0 0.972778989964 1.0
126.0 0.967804795536 1.0
101.0 0.979357112439 1.0
116.0 1.02961840385 1.0
189.0 -11.9357925525 1.0
94.0 0.988834383546 1.0
38.0 0.929726438028 1.0
125.0 1.02206547715 1.0
72.0 0.996119911965 1.0
object 36	1.0:1.0
175.0 1.66606737189 1.0
129.0 1.05742169374 1.0
119.0 0.965560548506 1.0
141.0 1.31197021052 1.0
179.0 4.57081738253 1.0
182.0 1.73741778932 1.0
155.0 -1.22089268308 1.0
90.0 0.98190534961 1.0
148.0 -0.382097968164 1.0
113.0 0.974052133778 1.0
100.0 0.948803744361 1.0
105.0 1.00436171794 1.0
114.0 1.03168673658 1.0
126.0 1.06163962804 1.0
186.0 -2.13522258043 1.0
159.0 2.36231029088 1.0
128.0 1.01247104496 1.0
42.0 1.00694876827 1.0
127.0 1.02552646068 1.0
29.0 0.972800655111 1.0
197.0 1.26323356399 1.0
67.0 1.00148456704 1.0
124.0 0.994662260617 1.0
194.0 -4.78092990996 1.0
84.0 1.0034242802 1.0
object 37	1.0:1.0
34.0 0.990721276882 1.0
15.0 1.00825678866 1.0
178.0 -2.21057596683 1.0
137.0 0.986089973826 1.0
30.0 0.992683769962 1.0
134.0 1.01006251247 1.0
120.0 0.973207772808 1.0
95.0 1.01161493948 1.0
111.0 0.980509795433 1.0
75.0 0.894649457311 1.0
60.0 1.02652279101 1.0
102.0 0.987053879665 1.0
22.0 0.925667507044 1.0
168.0 3.05219432796 1.0
160.0 2.76403603147 1.0
49.0 0.980839500578 1.0
23.0 0.997715068035 1.0
object 38	1.0:1.0
145.0 -2.92165184435 1.0
17.0 1.00812783957 1.0
193.0 3.81587998658 1.0
158.0 -1.02310669578 1.0
70.0 0.97296771834 1.0
62.0 1.02082563158 1.0
103.0 0.958470254052 1.0
100.0 1.03438866443 1.0
151.0 2.60659468065 1.0
29.0 1.01399350843 1.0
101.0 1.04557713081 1.0
2.0 0.95779391123 1.0
48.0 0.997402927421 1.0
180.0 -4.42080838341 1.0
195.0 1.11993743089 1.0
22.0 1.01368583695 1.0
146.0 1.70507283062 1.0
174.0 -0.0383384209515 1.0
105.0 1.00643719368 1.0
0.0 0.988681872357 1.0
116.0 1.01206915115 1.0
141.0 2.11228629036 1.0
119.0 1.00702872455 1.0
32.0 0.99993918743 1.0
113.0 1.00974045102 1.0
object 39	1.0:1.0
89.0 0.958884748418 1.0
129.0 0.999507701753 1.0
100.0 0.986767078915 1.0
92.0 0.993880470583 1.0
161.0 3.34565379702 1.0
96.0 0.964296696472 1.0
124.0 1.00316387722 1.0
22.0 0.949413505462 1.0
152.0 6.44447948681 1.0
51.0 1.00528694191 1.0
59.0 0.977438740414 1.0
5.0 0.991715057254 1.0
48.0 0.984097441585 1.0
9.0 0.958229476091 1.0
159.0 1.26485590073 1.0
153.0 0.94497908972 1.0
178.0 7.02135914049 1.0
149.0 -1.51798932181 1.0
21.0 1.03334061551 1.0
44.0 0.972895047339 1.0
106.0 1.01106469773 1.0
31.0 1.03676797889 1.0
16.0 0.997680428383 1.0
object 40	1.0:1.0
97.0 1.02985911846 1.0
162.0 5.40896912324 1.0
33.0 0.968623650387 1.0
197.0 0.0138856876805 1.0
95.0 1.00894173093 1.0
41.0 1.00602634498 1.0
92.0 0.98639527701 1.0
136.0 0.932829965311 1.0
159.0 5.00285639451 1.0
42.0 0.969317444557 1.0
134.0 1.01159171924 1.0
58.0 0.895220817897 1.0
127.0 1.01389120852 1.0
object 41	1.0:1.0
113.0 0.968070158331 1.0
98.0 0.940589459487 1.0
118.0 0.998437091038 1.0
160.0 -5.42474763461 1.0
183.0 -0.0978637796142 1.0
110.0 1.0008025593 1.0
39.0 0.988749514211 1.0
24.0 0.96593420484 1.0
136.0 0.990644842246 1.0
34.0 0.966779005392 1.0
57.0 0.987594458904 1.0
91.0 0.98837247943 1.0
162.0 2.98642777628 1.0
87.0 0.971660305086 1.0
189.0 0.982400066598 1.0
14.0 0.985238123063 1.0
33.0 1.00676461131 1.0
41.0 0.984888878874 1.0
83.0 0.959990604991 1.0
154.0 1.21288729593 1.0
15.0 0.995599342642 1.0
23.0 0.980725705157 1.0
146.0 -1.05433087648 1.0
126.0 0.976845197092 1.0
167.0 -1.24215923082 1.0
81.0 1.00767681776 1.0
object 42	1.0:1.0
64.0 0.976100566502 1.0
193.0 3.19997017203 1.0
47.0 1.00551305318 1.0
113.0 1.00977203104 1.0
106.0 0.996468030031 1.0
128.0 1.01152857814 1.0
53.0 0.99825938556 1.0
87.0 0.99475770559 1.0
67.0 0.975893748365 1.0
105.0 1.0045086738 1.0
182.0 -2.67087051584 1.0
55.0 1.00326348865 1.0
24.0 1.00931133888 1.0
185.0 0.704774089219 1.0
132.0 1.01282397548 1.0
192.0 1.22003080388 1.0
16.0 0.993936715178 1.0
103.0 0.982234672496 1.0
133.0 0.952850667281 1.0
142.0 3.99986828742 1.0
125.0 1.04509177502 1.0
153.0 8.93571108115 1.0
23.0 0.991809621374 1.0
object 43	1.0:1.0
144.0 1.42696351698 1.0
38.0 1.00454466447 1.0
58.0 1.01429859149 1.0
179.0 0.661015530537 1.0
99.0 1.01854594263 1.0
110.0 0.999446970826 1.0
193.0 -4.95782444892 1.0
53.0 0.988377500585 1.0
13.0 0.988529811428 1.0
194.0 1.1831989129 1.0
166.0 3.60512552003 1.0
152.0 -3.00423351469 1.0
159.0 -2.41514169922 1.0
object 44	1.0:1.0
22.0 0.939777383556 1.0
1.0 1.00152309507 1.0
95.0 0.939838888919 1.0
51.0 1.03541856443 1.0
160.0 -0.0326029060534 1.0
147.0 2.06155946803 1.0
179.0 -1.1858977736 1.0
20.0 1.04238333145 1.0
123.0 0.978612519752 1.0
13.0 0.999726493151 1.0
67.0 1.02768126109 1.0
101.0 0.978462623537 1.0
42.0 0.977863962334 1.0
151.0 -0.0544127181434 1.0
177.0 1.42918992196 1.0
188.0 -2.98505006191 1.0
100.0 1.07607162424 1.0
156.0 3.00821204892 1.0
27.0 0.988235618943 1.0
129.0 1.02547542261 1.0
97.0 1.02885884519 1.0
object 45	1.0:1.0
13.0 0.9849226896 1.0
170.0 0.0624346040172 1.0
100.0 0.995883485162 1.0
12.0 0.9771683393 1.0
79.0 0.970849472623 1.0
194.0 6.51608050712 1.0
132.0 0.987718777625 1.0
18.0 0.927357406124 1.0
152.0 -2.55936950386 1.0
186.0 0.727455418366 1.0
116.0 0.984626332879 1.0
89.0 0.970754782256 1.0
70.0 0.967795940727 1.0
138.0 1.00044738414 1.0
164.0 2.55296942973 1.0
30.0 1.02612259608 1.0
191.0 5.54780470596 1.0
43.0 1.00970465139 1.0
113.0 0.991709124737 1.0
133.0 0.993817738128 1.0
112.0 0.983918996744 1.0
7.0 1.03467683996 1.0
124.0 1.00557476339 1.0
104.0 1.00396674229 1.0
20.0 0.980076147763 1.0
162.0 3.32099200568 1.0
10.0 1.02479687762 1.0
object 46	1.0:1.0
43.0 1.02479535873 1.0
135.0 1.01916629395 1.0
0.0 0.976272263375 1.0
196.0 0.298717405153 1.0
18.0 0.990971976099 1.0
16.0 1.00239297375 1.0
40.0 1.0516357915 1.0
152.0 0.444898124483 1.0
183.0 4.56183858707 1.0
134.0 0.967392840992 1.0
137.0 1.01523043445 1.0
86.0 1.00183541435 1.0
44.0 0.959538856976 1.0
113.0 0.96069573249 1.0
175.0 0.124500263809 1.0
123.0 1.00550369764 1.0
65.0 1.00057151074 1.0
132.0 0.999964241533 1.0
84.0 1.0037183289 1.0
15.0 0.99962583746 1.0
104.0 0.968493289174 1.0
176.0 1.45772120275 1.0
101.0 1.08141336897 1.0
object 47	1.0:1.0
146.0 1.09379140955 1.0
192.0 4.98520689844 1.0
83.0 0.939205807712 1.0
97.0 0.996286379764 1.0
181.0 1.64468611826 1.0
155.0 1.95988297934 1.0
165.0 1.15799065311 1.0
172.0 5.20943397858 1.0
177.0 0.783876285544 1.0
183.0 2.55806715742 1.0
164.0 0.121040365805 1.0
1.0 1.01970519559 1.0
145.0 1.85637373874 1.0
187.0 1.79460855727 1.0
108.0 0.996009706745 1.0
198.0 0.143759896541 1.0
139.0 1.05031074556 1.0
34.0 0.993114022731 1.0
140.0 2.61290812874 1.0
object 48	1.0:1.0
68.0 0.904870673856 1.0
87.0 1.01508480354 1.0
166.0 6.27014516108 1.0
158.0 4.74990080092 1.0
88.0 1.02851057772 1.0
142.0 3.1103648488 1.0
185.0 1.71645709247 1.0
15.0 0.998993997411 1.0
20.0 1.05016897426 1.0
184.0 -0.904138260368 1.0
82.0 1.00057205792 1.0
1.0 0.989457562776 1.0
186.0 2.4135955722 1.0
152.0 6.2568129329 1.0
173.0 2.00247264934 1.0
object 49	1.0:1.0
28.0 1.03080293234 1.0
48.0 1.01145478938 1.0
149.0 -2.66424801384 1.0
54.0 1.08924591071 1.0
148.0 2.44626865445 1.0
115.0 0.984291977268 1.0
147.0 5.9252847289 1.0
167.0 -3.4123469905 1.0
95.0 1.03279979277 1.0
143.0 -6.76809662871 1.0
11.0 0.98323789316 1.0
31.0 1.00811529065 1.0
189.0 -0.595492578962 1.0
63.0 0.987198072245 1.0
76.0 0.980784402303 1.0
144.0 0.822937177343 1.0
object 50	1.0:0.5 6.66935997244:0.5
156.0 0.315031790327 0.0
136.0 6.65737997676 1.0
174.0 -1.37393851852 0.0
56.0 1.11024681899 0.0
187.0 6.25659425407 0.0
38.0 1.03876872978 0.0
124.0 1.03869288465 0.0
145.0 3.84262107422 0.0
57.0 0.922337409452 0.0
157.0 8.63070519839 1.0
24.0 0.903122714835 0.0
196.0 5.43892996245 1.0
98.0 6.66628374254 1.0
115.0 0.960889391735 0.0
object 51	1.0:0.5 1.83429205608:0.5
48.0 1.85950024946 1.0
15.0 1.80218465112 1.0
71.0 0.879642079124 0.0
187.0 0.132303726153 1.0
35.0 0.991043460429 0.0
106.0 1.82232278765 1.0
146.0 3.7516412538 1.0
136.0 0.988963136346 0.0
186.0 3.90817814918 1.0
152.0 0.659013016146 1.0
178.0 0.0795527781482 1.0
191.0 0.0961545383973 1.0
28.0 1.87189691966 1.0
66.0 1.89852677809 1.0
120.0 1.0563488236 0.0
116.0 0.878396548449 0.0
193.0 1.95890832866 0.0
55.0 1.78586610963 1.0
69.0 0.912891738364 0.0
84.0 1.82152839234 1.0
25.0 1.09322444523 0.0
32.0 0.962290185708 0.0
113.0 1.69939234189 1.0
39.0 1.03607783502 0.0
12.0 1.83474582808 1.0
185.0 -4.89291012005 1.0
154.0 0.858967839066 1.0
73.0 1.03709459563 0.0
object 52	1.0:0.5 -5.71214723681:0.5
47.0 -5.67425592712 1.0
185.0 6.37868280298 0.0
193.0 -6.34441662848 1.0
23.0 -5.70099692602 1.0
184.0 -4.58550678545 1.0
173.0 -2.24936757871 0.0
25.0 0.899472103888 0.0
96.0 -5.77659146844 1.0
109.0 -5.74167947276 1.0
117.0 -5.64940720102 1.0
3.0 0.960732056566 0.0
157.0 4.62010724092 0.0
132.0 0.997154982495 0.0
154.0 -6.33405399744 1.0
102.0 -5.58583846111 1.0
137.0 0.976944642981 0.0
79.0 0.995490165434 0.0
74.0 -5.67687363657 1.0
4.0 -5.67871672158 1.0
146.0 0.0836677101918 0.0
113.0 0.96090170194 0.0
object 53	1.0:0.5 6.23688197263:0.5
61.0 6.23546384113 1.0
19.0 1.00921108195 0.0
129.0 1.04548384542 0.0
140.0 9.63302223773 1.0
199.0 2.8738612537 0.0
13.0 0.983600364535 0.0
34.0 6.30459894096 1.0
109.0 6.28076806168 1.0
112.0 6.29429556212 1.0
191.0 0.708870448907 0.0
120.0 6.24874083895 1.0
175.0 -0.142805565384 0.0
38.0 6.20851077236 1.0
170.0 5.63631071266 1.0
142.0 1.6174927036 0.0
174.0 -1.95668249684 0.0
18.0 6.18645533113 1.0
74.0 1.06521096389 0.0
190.0 -5.82606099609 0.0
object 54	1.0:0.5 12.5016946594:0.5
54.0 0.944150744497 0.0
139.0 1.00466148329 0.0
19.0 1.04800304619 0.0
70.0 12.5100857056 1.0
198.0 -0.166605289619 0.0
148.0 13.3373055923 1.0
191.0 13.024072015 1.0
33.0 12.4601065027 1.0
125.0 1.05053846339 0.0
95.0 12.5536632455 1.0
13.0 12.3659326873 1.0
106.0 12.4490589861 1.0
59.0 12.4758396163 1.0
84.0 1.03252880443 0.0
43.0 12.4636543909 1.0
105.0 1.05155602618 0.0
63.0 12.6338373511 1.0
121.0 0.834073929809 0.0
object 55	1.0:0.5 -2.20645423318:0.5
193.0 -4.6672059752 1.0
172.0 -2.59381477287 0.0
9.0 1.00876000415 0.0
28.0 1.08406019935 0.0
180.0 -2.94108820207 1.0
40.0 -2.1822366105 1.0
19.0 1.06890577943 0.0
94.0 1.04239856051 0.0
132.0 0.950888047145 0.0
70.0 -2.24610481255 1.0
101.0 0.930371728563 0.0
175.0 4.65487529418 1.0
76.0 1.03279193097 0.0
114.0 0.997866602007 0.0
186.0 1.8618475828 0.0
37.0 0.98493494437 0.0
159.0 3.47163367937 0.0
30.0 1.14666722903 0.0
148.0 -1.1223274966 1.0
object 56	1.0:0.5 0.690356046281:0.5
21.0 1.02362698122 0.0
199.0 -0.444215905793 1.0
184.0 2.60817924823 1.0
104.0 1.05277789309 0.0
9.0 0.965669597007 0.0
28.0 0.738513045209 1.0
77.0 0.965628564809 0.0
51.0 1.04265788812 0.0
198.0 1.21031784842 1.0
109.0 0.694918581726 1.0
136.0 1.03471264449 0.0
85.0 0.630451699498 1.0
118.0 1.01196930576 0.0
78.0 0.951781727862 0.0
14.0 0.787798780227 1.0
115.0 0.901682079293 0.0
178.0 3.89023101741 1.0
194.0 -0.938606741065 1.0
106.0 0.943770488824 0.0
124.0 0.693843078066 1.0
125.0 0.985486223705 0.0
61.0 0.679117617459 1.0
31.0 0.680719868515 1.0
74.0 0.899043483556 0.0
object 57	1.0:0.5 19.4289772605:0.5
73.0 19.3188206764 1.0
168.0 0.156790278067 0.0
138.0 0.903772678753 0.0
146.0 2.74492249164 0.0
137.0 19.352680016 1.0
46.0 1.01207044579 0.0
113.0 0.944217821586 0.0
136.0 0.911035819183 0.0
91.0 1.05515572282 0.0
171.0 0.583521471196 0.0
96.0 19.3868615871 1.0
64.0 1.03864986478 0.0
143.0 20.4588460215 1.0
159.0 23.4120281984 1.0
68.0 19.462214798 1.0
object 58	1.0:0.5 6.62261256034:0.5
81.0 0.972294400896 0.0
119.0 1.09324354787 0.0
149.0 -3.2408860845 0.0
96.0 1.07047842247 0.0
30.0 6.68389412546 1.0
64.0 6.67713087826 1.0
27.0 6.63264476208 1.0
32.0 1.03357172255 0.0
140.0 1.65244815716 1.0
25.0 0.998782025214 0.0
124.0 6.57678682603 1.0
184.0 7.93173171478 1.0
99.0 6.73916893889 1.0
43.0 6.52093100949 1.0
89.0 6.68849408401 1.0
94.0 1.06187074367 0.0
26.0 6.5705026695 1.0
177.0 4.11953741757 1.0
42.0 1.03063627541 0.0
object 59	1.0:0.5 -1.7403306182:0.5
127.0 0.941866559215 0.0
9.0 -1.7304175184 1.0
117.0 -1.65030358994 1.0
167.0 -4.3838618363 1.0
138.0 -1.6127961328 1.0
79.0 1.00892000949 0.0
60.0 1.04183736615 0.0
92.0 0.978617524226 0.0
185.0 -7.93081505634 1.0
109.0 -1.74376012775 1.0
71.0 -1.71672581804 1.0
191.0 -2.05643466256 0.0
0.0 0.97501304795 0.0
10.0 0.957373828299 0.0
41.0 0.970662704561 0.0
23.0 1.02412160688 0.0
37.0 1.05933943362 0.0
74.0 1.01517647361 0.0
199.0 -9.12809598088 0.0
100.0 0.997798915317 0.0
object 60	1.0:0.5 8.77071851927:0.5
59.0 8.75148940892 1.0
54.0 1.03171806397 0.0
112.0 1.01272307362 0.0
43.0 8.78386901557 1.0
105.0 8.73043401258 1.0
182.0 11.420280769 1.0
19.0 1.02549048345 0.0
93.0 8.73695124229 1.0
60.0 1.05806394398 0.0
46.0 8.77620219593 1.0
148.0 1.16526977119 0.0
67.0 0.949646191075 0.0
40.0 8.78000132992 1.0
41.0 8.80126691912 1.0
101.0 1.02451728256 0.0
98.0 1.06763423384 0.0
63.0 8.79765152134 1.0
160.0 3.98057002561 0.0
122.0 1.02954882281 0.0
object 61	1.0:0.5 9.11710362483:0.5
116.0 0.963742544643 0.0
171.0 -4.20719134451 0.0
115.0 9.12690305015 1.0
41.0 0.973155811057 0.0
196.0 8.68493790824 1.0
87.0 1.03408586377 0.0
10.0 1.06816377696 0.0
141.0 12.6881391574 1.0
114.0 0.941664179165 0.0
14.0 9.18203722739 1.0
84.0 0.964136222085 0.0
11.0 9.10892521986 1.0
53.0 0.981752579546 0.0
58.0 9.19315223752 1.0
198.0 2.21537178401 0.0
77.0 9.08053176704 1.0
object 62	1.0:0.5 -11.7460962415:0.5
133.0 0.973276660971 0.0
8.0 -11.5879203992 1.0
4.0 1.03871629401 0.0
114.0 -11.6944348309 1.0
3.0 0.99575111976 0.0
122.0 -11.8366054996 1.0
86.0 0.980750051625 0.0
42.0 1.04100224233 0.0
85.0 -11.8328517453 1.0
69.0 0.949238409792 0.0
6.0 0.935431672436 0.0
68.0 -11.6932842612 1.0
162.0 -0.784837093914 0.0
195.0 0.440865295991 0.0
131.0 0.981964639503 0.0
53.0 -11.6656595899 1.0
193.0 -0.0163989388045 0.0
180.0 -3.03942773934 0.0
object 63	1.0:0.5 -4.26939191713:0.5
47.0 1.00041148334 0.0
130.0 -4.33377694121 1.0
35.0 -4.29320009747 1.0
75.0 -4.20280460686 1.0
174.0 -0.844971471325 1.0
165.0 0.00732415768689 0.0
195.0 2.35877701184 0.0
23.0 -4.24561566308 1.0
92.0 1.00681744164 0.0
56.0 0.97549765753 0.0
55.0 -4.33795463144 1.0
198.0 -5.37599257898 1.0
171.0 -1.58788368142 0.0
145.0 -7.25670498885 1.0
object 64	1.0:0.5 -18.2757038358:0.5
19.0 -18.2732220793 1.0
20.0 -18.1868122077 1.0
88.0 1.04340102294 0.0
91.0 -18.2545163361 1.0
65.0 1.07641667207 0.0
53.0 0.960592942243 0.0
25.0 -18.2970610676 1.0
96.0 0.989666883552 0.0
84.0 -18.2775789381 1.0
182.0 -18.9778237397 1.0
170.0 -19.6210160183 1.0
121.0 0.940666920973 0.0
141.0 2.46981849989 0.0
9.0 0.967987470639 0.0
80.0 -18.2634534822 1.0
40.0 -18.3084553676 1.0
23.0 -18.2693396885 1.0
199.0 0.395047825693 0.0
object 65	1.0:0.5 2.71225829244:0.5
114.0 0.962043335067 0.0
112.0 0.997013539979 0.0
142.0 3.00303574029 0.0
184.0 2.73686043534 0.0
159.0 -3.01201093804 0.0
36.0 2.69933458667 1.0
60.0 2.75121331146 1.0
17.0 2.690980306 1.0
158.0 2.49866326447 0.0
101.0 0.992301988169 0.0
179.0 0.54015983857 1.0
145.0 -0.700544236428 1.0
175.0 1.17329250136 1.0
14.0 2.72994846339 1.0
161.0 -0.438421578781 0.0
92.0 1.05955471545 0.0
185.0 6.32571643685 0.0
9.0 2.73624860576 1.0
103.0 2.64028965067 1.0
object 66	1.0:0.5 5.82934203926:0.5
158.0 1.46841036797 0.0
46.0 1.06055775001 0.0
95.0 5.87163880768 1.0
11.0 1.00374442856 0.0
83.0 0.994611282797 0.0
126.0 0.921224597413 0.0
157.0 5.5940463497 1.0
48.0 1.03276036475 0.0
106.0 5.76084537849 1.0
160.0 7.14069106429 1.0
111.0 0.994964797822 0.0
3.0 5.85936427285 1.0
44.0 5.88316952536 1.0
56.0 5.76687297011 1.0
142.0 4.55376416617 1.0
108.0 5.79779784687 1.0
15.0 5.90614017615 1.0
171.0 -4.61494988267 1.0
199.0 -2.76833638378 0.0
123.0 1.01413056504 0.0
94.0 5.83561642128 1.0
object 67	1.0:0.5 7.15850020653:0.5
129.0 0.945046120913 0.0
97.0 7.17009421617 1.0
25.0 7.12698259699 1.0
58.0 7.27623638317 1.0
86.0 7.16669569416 1.0
26.0 7.13697455182 1.0
27.0 7.1522282522 1.0
83.0 7.27642732678 1.0
66.0 7.18223333974 1.0
67.0 0.999223366699 0.0
178.0 5.2478815773 1.0
76.0 7.18326357737 1.0
28.0 7.12436018665 1.0
74.0 1.04472545542 0.0
182.0 4.44302830207 0.0
143.0 8.64651178782 1.0
187.0 14.8753154819 1.0
123.0 7.06304041733 1.0
176.0 7.44372167349 1.0
59.0 1.02320441649 0.0
144.0 7.05541670204 1.0
116.0 1.0180057728 0.0
119.0 0.945126315788 0.0
22.0 1.00006285491 0.0
133.0 1.00486565048 0.0
78.0 1.06584261621 0.0
7.0 0.987713839015 0.0
96.0 7.13231503691 1.0
object 68	1.0:0.5 3.11673897545:0.5
135.0 0.990243476422 0.0
144.0 1.97193942116 1.0
150.0 2.26690129888 1.0
78.0 3.1477082273 1.0
0.0 1.02133736646 0.0
70.0 3.07976552042 1.0
103.0 0.977346970115 0.0
69.0 3.0463329709 1.0
38.0 0.956137500323 0.0
153.0 -0.640581920166 0.0
132.0 3.11245978557 1.0
141.0 2.96670166631 1.0
100.0 3.15469050509 1.0
104.0 1.02177923039 0.0
67.0 1.0739157347 0.0
48.0 0.944438223379 0.0
189.0 -3.50200830854 1.0
97.0 1.03582705879 0.0
176.0 2.89979329214 1.0
130.0 3.04755898062 1.0
33.0 3.03965532109 1.0
object 69	1.0:0.5 -0.180386294244:0.5
96.0 1.0314171356 0.0
141.0 0.685284589595 0.0
133.0 -0.192897533753 1.0
158.0 0.600670716424 0.0
134.0 -0.0915582671697 1.0
91.0 0.977945128487 0.0
102.0 0.916162745183 0.0
56.0 1.06258560717 0.0
26.0 -0.0916992670345 1.0
135.0 -0.221024438573 1.0
57.0 0.955087408835 0.0
69.0 -0.191109598196 1.0
5.0 1.02686276965 0.0
119.0 1.04373393831 0.0
20.0 -0.188209673856 1.0
168.0 -2.04773225367 1.0
22.0 -0.0989899148595 1.0
175.0 -2.58709013083 0.0
196.0 -0.699221097588 1.0
42.0 -0.123936911367 1.0
142.0 2.61982594716 0.0
25.0 0.978790620174 0.0
132.0 -0.127956652741 1.0
193.0 3.65181837563 1.0
165.0 1.30925528491 1.0
15.0 0.952761371624 0.0
109.0 -0.150974739979 1.0
126.0 0.982375719978 0.0
48.0 0.956930880315 0.0
124.0 -0.156810902013 1.0
object 70	1.0:0.5 -2.74161670982:0.5
140.0 0.640070903216 1.0
58.0 1.01363778215 0.0
62.0 -2.64893567076 1.0
2.0 -2.63862217653 1.0
32.0 0.909082214478 0.0
44.0 1.01898229945 0.0
181.0 -2.07799961017 1.0
180.0 -1.29820180056 0.0
4.0 -2.76619460082 1.0
76.0 1.00900783692 0.0
147.0 -0.701091092301 1.0
123.0 1.05320162419 0.0
111.0 1.006602122 0.0
175.0 -0.891759269938 0.0
97.0 -2.69872984314 1.0
190.0 -6.07711843988 1.0
142.0 -4.32498734755 1.0
179.0 2.98983775787 0.0
112.0 -2.73627018308 1.0
137.0 1.0590003283 0.0
53.0 -2.64819136727 1.0
150.0 -5.69740961651 1.0
14.0 0.977333023023 0.0
154.0 4.49660139645 0.0
27.0 -2.72263817779 1.0
object 71	1.0:0.5 1.65289749641:0.5
59.0 1.63806241205 1.0
109.0 1.66290891167 1.0
26.0 1.66129731017 1.0
39.0 0.947582675388 0.0
125.0 0.957671196588 0.0
142.0 3.96044117782 1.0
141.0 3.32738452963 1.0
106.0 1.66237107476 1.0
91.0 0.979111184641 0.0
160.0 0.0136658856134 0.0
146.0 6.73679827217 1.0
133.0 1.6693151229 1.0
115.0 1.6385255829 1.0
162.0 1.24488820201 0.0
157.0 4.6592514597 1.0
118.0 1.57489564518 1.0
158.0 1.9392888689 1.0
5.0 1.08501005077 0.0
140.0 4.15144119443 0.0
102.0 1.54652105429 1.0
199.0 1.29691903924 0.0
179.0 0.716696890401 0.0
38.0 0.926758335077 0.0
198.0 1.61822054129 0.0
138.0 0.981394857237 0.0
116.0 0.978356624898 0.0
197.0 1.36092553151 1.0
object 72	1.0:0.5 17.6920759383:0.5
95.0 17.6874551376 1.0
74.0 0.966533523427 0.0
158.0 1.02273938718 0.0
104.0 17.7359030269 1.0
127.0 17.6824376096 1.0
14.0 17.6643353513 1.0
118.0 17.6413611384 1.0
124.0 0.967214533626 0.0
45.0 17.7462711103 1.0
100.0 17.6371698618 1.0
102.0 17.6719598875 1.0
18.0 17.6847321546 1.0
70.0 0.989059302737 0.0
23.0 17.6892247448 1.0
97.0 17.6276996289 1.0
2.0 17.7822606316 1.0
40.0 17.7232819875 1.0
181.0 0.954656537316 0.0
32.0 17.6883138613 1.0
33.0 17.7686378787 1.0
164.0 17.446384579 1.0
170.0 3.51101439166 0.0
82.0 17.7087793323 1.0
128.0 0.931796983469 0.0
48.0 17.6351370526 1.0
198.0 17.8459002674 1.0
37.0 17.7994831304 1.0
1.0 1.00538825149 0.0
165.0 -0.433858425281 0.0
47.0 17.709994749 1.0
161.0 13.5439290065 1.0
84.0 0.975552959812 0.0
180.0 3.45044457715 0.0
44.0 1.02231454798 0.0
96.0 17.7536404291 1.0
object 73	1.0:0.5 9.01384894203:0.5
80.0 0.974666489022 0.0
0.0 1.06515655545 0.0
112.0 1.03985524976 0.0
66.0 8.98656356671 1.0
2.0 8.99881823807 1.0
172.0 6.84536033515 1.0
104.0 9.01062134988 1.0
6.0 0.966794673768 0.0
25.0 9.03327563462 1.0
159.0 -5.47780541534 0.0
79.0 9.08923931547 1.0
90.0 0.972354163612 0.0
198.0 1.20373882779 0.0
57.0 8.97864592051 1.0
154.0 14.4706280039 1.0
175.0 2.30384166653 1.0
128.0 0.977831558026 0.0
141.0 2.34147142195 0.0
object 74	1.0:0.5 14.6781327417:0.5
48.0 14.7331360761 1.0
44.0 0.953749809316 0.0
114.0 14.6503140199 1.0
184.0 14.7581640845 1.0
140.0 11.1265614304 1.0
199.0 11.4384345761 1.0
163.0 16.3487534912 1.0
90.0 14.7992384531 1.0
91.0 1.10334955106 0.0
61.0 1.0800697494 0.0
143.0 15.3637048967 1.0
136.0 1.02042199183 0.0
125.0 0.957881146308 0.0
72.0 0.952112474491 0.0
151.0 1.37969336234 0.0
63.0 14.6088294935 1.0
99.0 0.960546147882 0.0
110.0 1.01483160685 0.0
78.0 0.932294340941 0.0
object 75	1.0:0.5 5.92219261909:0.5
2.0 5.97401395917 1.0
50.0 1.01531867075 0.0
144.0 8.94205120723 1.0
139.0 1.02202204846 0.0
130.0 5.79018015478 1.0
68.0 5.98030886594 1.0
141.0 5.27966979127 1.0
187.0 10.3795255194 1.0
27.0 1.0831965805 0.0
165.0 0.731803603875 0.0
131.0 0.979929671513 0.0
79.0 1.03405714067 0.0
14.0 5.9170928714 1.0
142.0 5.62420574536 1.0
171.0 6.40568864702 1.0
41.0 5.84214552013 1.0
186.0 5.7206872093 1.0
51.0 1.07502307669 0.0
object 76	1.0:0.5 -8.06478422435:0.5
175.0 -6.55424411976 1.0
138.0 1.00023279168 0.0
86.0 -8.14478487539 1.0
131.0 0.908845129044 0.0
68.0 -8.02408825362 1.0
26.0 -8.08558383431 1.0
185.0 2.46551707163 0.0
158.0 -6.76713903025 1.0
177.0 0.604260776237 0.0
91.0 -8.0546409958 1.0
46.0 0.922264367345 0.0
83.0 -7.97158395534 1.0
39.0 0.978851415477 0.0
129.0 -8.00391150088 1.0
87.0 -8.06217520855 1.0
136.0 0.951017028502 0.0
187.0 3.10436503589 0.0
55.0 -7.95563086296 1.0
51.0 0.992249917621 0.0
75.0 0.958797829175 0.0
110.0 1.05486477459 0.0
179.0 3.37226296737 0.0
65.0 0.984380215087 0.0
object 77	1.0:0.5 -5.52556837509:0.5
36.0 -5.43452501194 1.0
111.0 -5.62181483948 1.0
10.0 -5.4889102924 1.0
105.0 -5.51885657321 1.0
164.0 2.5888844684 1.0
132.0 0.983261587564 0.0
177.0 9.94964521029 0.0
43.0 1.0166803593 0.0
198.0 1.35162586705 0.0
131.0 0.982364085987 0.0
142.0 4.28156447893 0.0
163.0 0.395172464078 0.0
195.0 -7.5240723985 1.0
66.0 -5.49400908236 1.0
object 78	1.0:0.5 -4.37971696045:0.5
21.0 -4.40849008374 1.0
78.0 -4.35622312878 1.0
86.0 -4.40614880719 1.0
106.0 0.9696097054 0.0
7.0 -4.28166802675 1.0
77.0 -4.36724478955 1.0
191.0 -5.68170709408 1.0
183.0 -7.2546272474 1.0
24.0 1.01672082466 0.0
59.0 -4.43076383052 1.0
198.0 1.87367572358 0.0
83.0 -4.36478964467 1.0
25.0 1.00127278386 0.0
15.0 0.948753212511 0.0
76.0 -4.34955675367 1.0
20.0 0.944547297914 0.0
162.0 -1.75995946421 0.0
90.0 -4.41129253849 1.0
0.0 1.02053225495 0.0
16.0 -4.3177667598 1.0
30.0 -4.39023557212 1.0
57.0 1.02025136968 0.0
199.0 -6.1114358837 1.0
22.0 -4.4608141335 1.0
111.0 -4.34884776653 1.0
159.0 -4.36373462933 1.0
66.0 -4.38914964168 1.0
object 79	1.0:0.5 -0.201684064118:0.5
8.0 -0.132653305963 1.0
74.0 -0.24769332248 1.0
14.0 -0.182115662571 1.0
96.0 1.03390191619 0.0
188.0 -1.602853299 0.0
46.0 -0.208586642945 1.0
82.0 0.943559261314 0.0
91.0 1.00566193574 0.0
90.0 -0.202476437303 1.0
141.0 1.52521502653 0.0
0.0 0.987615040907 0.0
125.0 0.990456181453 0.0
3.0 -0.137398651725 1.0
94.0 -0.161002459381 1.0
105.0 -0.274857237853 1.0
34.0 1.03905349692 0.0
89.0 -0.189883571485 1.0
33.0 1.03083791467 0.0
122.0 0.983880073506 0.0
168.0 0.697257141922 0.0
156.0 5.07874199405 1.0
104.0 -0.245939764038 1.0
73.0 -0.204148261889 1.0
object 80	1.0:0.5 17.1159628282:0.5
32.0 1.03357066563 0.0
19.0 1.00001044256 0.0
86.0 17.1423414458 1.0
47.0 0.980004726788 0.0
192.0 14.5915128454 1.0
108.0 0.981588394708 0.0
65.0 17.0836803765 1.0
91.0 0.989480003767 0.0
16.0 0.965302181703 0.0
4.0 0.98586412768 0.0
165.0 -0.516708030593 0.0
185.0 15.9889597407 1.0
38.0 17.0621501001 1.0
157.0 16.1317710084 1.0
3.0 0.966274120485 0.0
46.0 1.01934641072 0.0
8.0 17.085022987 1.0
135.0 0.950864547637 0.0
143.0 0.348526239269 0.0
object 81	1.0:0.5 -21.4155492893:0.5
10.0 -21.4345949911 1.0
7.0 0.971883966802 0.0
74.0 0.991158448344 0.0
144.0 1.30949154159 0.0
99.0 -21.397387859 1.0
76.0 -21.431134114 1.0
55.0 0.996255211406 0.0
161.0 -2.46970619651 0.0
117.0 0.997291773884 0.0
192.0 -0.106275584263 0.0
19.0 0.972929874149 0.0
36.0 1.04740784005 0.0
66.0 1.03304795115 0.0
37.0 -21.4864412927 1.0
61.0 1.00799787515 0.0
23.0 1.09937258301 0.0
124.0 1.0579144335 0.0
22.0 -21.3630574263 1.0
156.0 3.98157838915 0.0
129.0 0.933386613305 0.0
114.0 0.956438373067 0.0
172.0 -21.1974295236 1.0
object 82	1.0:0.5 0.492854387767:0.5
145.0 0.70743004475 1.0
42.0 0.547568195633 1.0
40.0 1.04666206531 0.0
119.0 0.969684667049 0.0
44.0 0.465188600192 1.0
192.0 1.42135662879 1.0
22.0 0.408875690321 1.0
79.0 0.521609857179 1.0
60.0 1.09346857788 0.0
108.0 0.424329354118 1.0
109.0 0.551906773161 1.0
object 83	1.0:0.5 7.31343772792:0.5
23.0 7.21870806546 1.0
182.0 5.13447619623 0.0
183.0 2.19262651734 0.0
138.0 7.30006604596 1.0
24.0 7.37741394325 1.0
40.0 0.964004972527 0.0
76.0 7.27021286244 1.0
71.0 7.24221699046 1.0
135.0 0.943288518083 0.0
173.0 5.69341993065 1.0
16.0 0.9880546658 0.0
99.0 0.985047346835 0.0
140.0 2.58705021566 1.0
142.0 1.40057214015 1.0
123.0 7.26820293314 1.0
4.0 0.976387572047 0.0
25.0 1.12785263466 0.0
136.0 7.33047395677 1.0
3.0 7.23826026592 1.0
126.0 1.01230246621 0.0
56.0 7.25224144346 1.0
object 84	1.0:0.5 3.63086031327:0.5
165.0 10.5723803063 1.0
11.0 3.68645350889 1.0
125.0 1.06627051739 0.0
73.0 3.70358797205 1.0
72.0 3.58928079463 1.0
19.0 3.62581606237 1.0
139.0 1.06306240855 0.0
30.0 3.6114878287 1.0
87.0 1.04411825571 0.0
147.0 -3.03278963077 0.0
171.0 -1.01102397665 1.0
179.0 -0.0216809225381 0.0
118.0 3.51680411576 1.0
175.0 6.24175767868 1.0
142.0 1.96032344542 1.0
20.0 1.04554557601 0.0
83.0 3.696357348 1.0
193.0 -4.77359866404 0.0
130.0 0.951754523914 0.0
0.0 3.65427202563 1.0
31.0 1.01119820605 0.0
150.0 3.79364008425 0.0
74.0 1.07845006453 0.0
49.0 1.01234027426 0.0
136.0 1.05917001128 0.0
object 85	1.0:0.5 -9.34919275661:0.5
65.0 -9.37628277667 1.0
88.0 1.04015805166 0.0
117.0 1.00696481965 0.0
60.0 -9.32728216339 1.0
184.0 1.53876053041 0.0
161.0 3.00819772897 0.0
162.0 -8.69489594947 1.0
95.0 -9.31745655531 1.0
72.0 -9.3386018458 1.0
70.0 -9.33022964485 1.0
101.0 -9.39883979228 1.0
124.0 -9.28784648511 1.0
163.0 -9.30059021754 1.0
188.0 -10.0498084448 1.0
22.0 -9.34705757011 1.0
90.0 0.992600605324 0.0
8.0 -9.36439103733 1.0
152.0 1.75726645198 0.0
128.0 -9.32887161898 1.0
1.0 -9.3861625471 1.0
174.0 -5.67478064375 1.0
14.0 -9.34165759078 1.0
0.0 -9.38193884269 1.0
136.0 -9.38927521706 1.0
31.0 0.974974526564 0.0
object 86	1.0:0.5 0.899179789899:0.5
100.0 0.957799677192 1.0
103.0 0.925996773427 1.0
74.0 0.945200646612 1.0
96.0 0.884480439912 1.0
73.0 0.982847791361 0.0
112.0 1.01158722279 0.0
168.0 -0.810335537844 1.0
159.0 0.590120117507 1.0
192.0 8.21547643591 0.0
15.0 0.960859077905 0.0
35.0 1.00750328841 0.0
153.0 -1.13509940027 0.0
12.0 0.95951914993 0.0
172.0 0.244284112379 1.0
10.0 0.97810093655 0.0
196.0 0.239168975526 0.0
54.0 0.947914833574 0.0
object 87	1.0:0.5 0.261680563643:0.5
105.0 0.959989737605 0.0
28.0 1.01094265982 0.0
51.0 0.909387360241 0.0
168.0 -0.958035611553 0.0
62.0 1.02002170826 0.0
44.0 0.244634453286 1.0
4.0 0.193666908517 1.0
110.0 0.271619112187 1.0
175.0 -8.77617881481 0.0
65.0 1.01015406728 0.0
120.0 0.291971453071 1.0
92.0 0.212830464978 1.0
122.0 0.270029094163 1.0
165.0 -0.137239715293 0.0
81.0 1.015353627 0.0
181.0 -0.247549265584 1.0
31.0 0.220813529034 1.0
144.0 -2.58503073892 1.0
23.0 0.9811354736 0.0
145.0 0.756861916503 1.0
object 88	1.0:0.5 -3.87270230471:0.5
23.0 1.04983622147 0.0
110.0 1.03490949962 0.0
18.0 1.03350978529 0.0
27.0 -3.80530176258 1.0
1.0 -3.86612181312 1.0
35.0 1.04790209353 0.0
90.0 0.949690773898 0.0
143.0 -2.24500360793 1.0
164.0 -8.88844615402 1.0
34.0 -3.91014242853 1.0
2.0 0.986143792732 0.0
31.0 -3.87795362816 1.0
167.0 -5.17680086105 1.0
179.0 -6.19171020735 1.0
124.0 -3.94839287513 1.0
65.0 -3.87677892549 1.0
93.0 1.01618091164 0.0
140.0 -2.61080807415 1.0
10.0 1.0099627885 0.0
object 89	1.0:0.5 -22.9936107776:0.5
86.0 1.01793187646 0.0
16.0 -22.9119719045 1.0
174.0 -22.8449649571 1.0
79.0 0.97039290924 0.0
168.0 -20.9733953622 1.0
169.0 -19.9399442164 1.0
4.0 -22.9418437287 1.0
116.0 1.00968229362 0.0
117.0 1.02441603657 0.0
137.0 -22.9127000087 1.0
152.0 1.1026812601 0.0
163.0 -25.2137907701 1.0
183.0 -25.1208125949 1.0
31.0 0.986470293297 0.0
75.0 1.0420999938 0.0
166.0 2.93058585935 0.0
10.0 1.0726355801 0.0
101.0 -22.9466755709 1.0
192.0 -21.7036136681 1.0
14.0 -23.0089432358 1.0
176.0 -22.2681934753 1.0
122.0 -22.9184483018 1.0
29.0 -22.9847026306 1.0
77.0 -22.9619798588 1.0
84.0 0.912334191149 0.0
129.0 -22.987050698 1.0
197.0 -25.1403932717 1.0
26.0 1.05616672303 0.0
object 90	1.0:0.5 -15.7181997621:0.5
16.0 0.921706290223 0.0
143.0 -0.223629754273 0.0
17.0 -15.739401481 1.0
69.0 1.06449363685 0.0
59.0 0.946977331943 0.0
4.0 -15.6733688188 1.0
46.0 -15.6846179539 1.0
23.0 0.939190610259 0.0
102.0 0.994621084221 0.0
68.0 -15.7064749679 1.0
188.0 -17.8445643718 1.0
49.0 1.04640384396 0.0
174.0 1.98716037444 0.0
47.0 -15.7338523082 1.0
21.0 -15.7646985904 1.0
object 91	1.0:0.5 16.2047858318:0.5
170.0 18.3941595153 1.0
74.0 1.05797880681 0.0
16.0 16.1202447782 1.0
162.0 8.72937018367 0.0
128.0 1.02824950763 0.0
41.0 16.2373255418 1.0
175.0 14.4523004553 1.0
156.0 3.68478150413 0.0
50.0 16.1683549144 1.0
177.0 -0.801423945137 0.0
198.0 15.5952582998 1.0
23.0 16.255520115 1.0
67.0 1.09553817002 0.0
133.0 1.08800949572 0.0
126.0 16.3277034898 1.0
56.0 1.07983367215 0.0
121.0 0.956943037852 0.0
152.0 2.23128785949 0.0
159.0 26.5367539601 1.0
105.0 16.2527414726 1.0
193.0 -6.42497952697 0.0
146.0 5.75043134109 0.0
object 92	1.0:0.5 -8.83625313611:0.5
4.0 -8.80589617841 1.0
104.0 -8.88104926165 1.0
9.0 1.03615290804 0.0
129.0 0.970658283712 0.0
167.0 2.00426683633 0.0
172.0 1.90517622929 0.0
78.0 0.970512541539 0.0
166.0 -8.30910987823 1.0
26.0 0.98826592712 0.0
76.0 1.01748776218 0.0
74.0 -8.81176097248 1.0
169.0 -8.8501858777 1.0
5.0 -8.83178960634 1.0
86.0 0.969300722802 0.0
52.0 0.989445791962 0.0
197.0 -12.2135903948 1.0
118.0 -8.80023625682 1.0
34.0 -8.82473349253 1.0
88.0 1.04425941156 0.0
127.0 1.00834986487 0.0
object 93	1.0:0.5 14.6547211276:0.5
197.0 0.0706459156259 0.0
99.0 1.02139106557 0.0
188.0 18.8015294952 1.0
30.0 0.954810147908 0.0
58.0 14.652929717 1.0
186.0 14.9588595269 1.0
10.0 1.02266144956 0.0
148.0 13.6076010002 1.0
149.0 15.5498900989 1.0
168.0 12.0405756363 1.0
103.0 14.680142735 1.0
155.0 3.87789021116 0.0
198.0 0.781797623787 0.0
95.0 14.6383125758 1.0
92.0 14.6849480201 1.0
object 94	1.0:0.5 4.37432927811:0.5
122.0 0.950578711632 0.0
106.0 4.30456114574 1.0
71.0 1.14036035308 0.0
28.0 1.04977771307 0.0
76.0 4.35250542953 1.0
118.0 4.35638576786 1.0
15.0 4.36814265529 1.0
32.0 4.36245802011 1.0
112.0 4.37037295212 1.0
159.0 -4.87729937606 1.0
79.0 4.34546598892 1.0
176.0 7.50382714568 1.0
120.0 4.29231067247 1.0
113.0 4.47419786347 1.0
85.0 1.09032523826 0.0
102.0 4.41556097635 1.0
152.0 1.22602943129 1.0
43.0 4.41631621186 1.0
155.0 2.80768759174 1.0
object 95	1.0:0.5 -18.5023815411:0.5
25.0 0.986616898974 0.0
37.0 0.99054504147 0.0
70.0 -18.4359279983 1.0
192.0 -14.5397617059 1.0
117.0 -18.5427375669 1.0
106.0 1.03890208801 0.0
161.0 -14.978837012 1.0
5.0 0.944197378798 0.0
123.0 0.946717351603 0.0
59.0 1.0804738266 0.0
24.0 -18.4697463416 1.0
156.0 -18.0081433643 1.0
7.0 0.992230636896 0.0
15.0 1.05531123373 0.0
113.0 -18.4772026203 1.0
62.0 -18.500540738 1.0
193.0 -18.2311015102 1.0
196.0 -19.4591908455 1.0
185.0 -11.8674075504 1.0
39.0 1.03146173443 0.0
object 96	1.0:0.5 0.40554730131:0.5
161.0 -2.01688918124 1.0
124.0 0.347937758448 1.0
116.0 0.945309868015 0.0
192.0 2.26052145285 0.0
193.0 -3.85125162767 1.0
190.0 4.18394953908 0.0
43.0 0.500903727624 1.0
61.0 0.426956690257 1.0
15.0 1.03701494283 0.0
39.0 0.362529200481 1.0
87.0 1.02690810433 0.0
29.0 0.429145073464 1.0
171.0 -1.33999145717 1.0
121.0 0.420980958097 1.0
147.0 -0.943477129047 1.0
30.0 0.437221788046 1.0
12.0 0.50595470292 1.0
94.0 0.993859167973 0.0
142.0 0.564465222469 0.0
136.0 0.960633025995 0.0
26.0 0.320992715934 1.0
128.0 0.343675615096 1.0
101.0 0.380294832594 1.0
113.0 0.397433912153 1.0
141.0 0.796017559901 1.0
object 97	1.0:0.5 -6.54544873439:0.5
126.0 -6.46301193379 1.0
131.0 0.972546058347 0.0
11.0 -6.56511226627 1.0
81.0 0.965038418733 0.0
127.0 -6.5316471464 1.0
152.0 -6.177039295 1.0
74.0 1.05018426722 0.0
25.0 1.11356634931 0.0
177.0 -1.76144497598 0.0
195.0 -2.50559047144 0.0
55.0 0.98207696448 0.0
102.0 1.02520360236 0.0
157.0 -5.56988273564 1.0
120.0 -6.43918166732 1.0
35.0 -6.38506674652 1.0
41.0 1.04145875814 0.0
8.0 0.952366423883 0.0
84.0 -6.53140382011 1.0
31.0 -6.52188077689 1.0
66.0 0.979215905044 0.0
object 98	1.0:0.5 4.81986933396:0.5
64.0 4.7743648423 1.0
23.0 0.932618201154 0.0
198.0 2.92321836453 1.0
102.0 4.79203726974 1.0
85.0 4.83052775469 1.0
143.0 -0.524777423263 0.0
188.0 6.6020282821 1.0
157.0 2.27593730448 1.0
39.0 0.936674795967 0.0
131.0 1.03329243905 0.0
73.0 4.80273870407 1.0
71.0 4.81678755931 1.0
105.0 1.00895722387 0.0
7.0 4.83450742425 1.0
199.0 2.68659356913 1.0
149.0 1.38970827398 0.0
192.0 9.44232743101 1.0
138.0 4.86161229851 1.0
26.0 4.83132041758 1.0
181.0 2.09018381512 0.0
196.0 7.16593376845 1.0
84.0 0.932519903205 0.0
13.0 0.97643509595 0.0
52.0 4.92046251975 1.0
104.0 0.988417194409 0.0
80.0 1.00123118584 0.0
164.0 7.77202279724 1.0
object 99	1.0:0.5 13.0882925992:0.5
23.0 13.0933569547 1.0
30.0 13.0399346279 1.0
86.0 1.05614895072 0.0
140.0 4.94609603414 0.0
64.0 13.0924884336 1.0
66.0 0.998484618167 0.0
38.0 0.990670819258 0.0
188.0 12.4427908201 1.0
198.0 2.02415755611 0.0
197.0 19.541037304 1.0
165.0 16.3193665304 1.0
139.0 1.02803706373 0.0
121.0 1.0101480086 0.0
19.0 13.0717913661 1.0
135.0 0.95466703027 0.0
191.0 12.2753967946 1.0
138.0 0.930526577485 0.0
133.0 13.0885799019 1.0
126.0 13.1621712411 1.0
114.0 1.03686348982 0.0
169.0 15.1473620412 1.0
147.0 10.918398711 1.0
5.0 13.043590265 1.0
76.0 13.0750558644 1.0
151.0 1.22725041116 0.0
148.0 14.5057614145 1.0
159.0 7.2685082164 1.0
129.0 13.1487378407 1.0
29.0 1.04442224245 0.0
