object 0	1.0:1.0
173.0 0.965342350816 1.0
65.0 1.01190113788 1.0
88.0 1.00557893505 1.0
0.0 0.995632630769 1.0
108.0 0.978281300125 1.0
190.0 1.86441057822 1.0
132.0 0.936729094906 1.0
156.0 1.03079188794 1.0
149.0 0.999062175652 1.0
150.0 0.987132011508 1.0
102.0 1.00257442881 1.0
107.0 1.01648612932 1.0
143.0 0.954544717903 1.0
71.0 0.98706157748 1.0
195.0 -1.8814027359 1.0
125.0 1.0062446081 1.0
53.0 1.01847507967 1.0
162.0 1.01544286807 1.0
198.0 2.77571562382 1.0
78.0 0.967559994211 1.0
76.0 1.08002850443 1.0
57.0 0.998504543955 1.0
25.0 0.980548198079 1.0
object 1	1.0:1.0
84.0 1.00354084207 1.0
18.0 0.978239097833 1.0
93.0 0.982701212512 1.0
132.0 1.0192784532 1.0
4.0 1.01357038524 1.0
72.0 1.04306794087 1.0
64.0 1.02097698841 1.0
88.0 0.998786180908 1.0
11.0 1.02731007713 1.0
153.0 0.964640984256 1.0
170.0 0.995222465732 1.0
107.0 1.00425374421 1.0
160.0 0.997627732611 1.0
169.0 0.99534786806 1.0
140.0 1.00509387317 1.0
80.0 1.00381018521 1.0
33.0 1.0347148637 1.0
172.0 1.01205397047 1.0
120.0 1.04732810607 1.0
59.0 1.01416120077 1.0
40.0 0.96801916237 1.0
163.0 1.04618124896 1.0
164.0 1.01127950529 1.0
180.0 -3.9582337678 1.0
8.0 1.02102346379 1.0
109.0 0.960975196335 1.0
123.0 1.02567201119 1.0
155.0 1.02229101654 1.0
178.0 1.02151043979 1.0
181.0 1.94192172065 1.0
16.0 1.03647042852 1.0
103.0 0.977266550856 1.0
175.0 1.03532534082 1.0
115.0 0.987283342876 1.0
86.0 0.958422514365 1.0
17.0 0.992660937529 1.0
object 2	1.0:1.0
165.0 0.978766844831 1.0
69.0 1.02932264646 1.0
84.0 1.00295848256 1.0
197.0 0.821605870579 1.0
63.0 1.01618108204 1.0
155.0 1.00945208783 1.0
78.0 0.95762170481 1.0
109.0 0.953253785219 1.0
131.0 0.942394791632 1.0
70.0 1.01883205085 1.0
48.0 1.00206105783 1.0
98.0 1.00810318723 1.0
168.0 0.973135427497 1.0
112.0 1.00589214714 1.0
132.0 1.09426425475 1.0
99.0 0.976241060318 1.0
6.0 1.0158311779 1.0
75.0 1.01761492834 1.0
152.0 1.00110364973 1.0
149.0 1.00145367859 1.0
146.0 0.968870115185 1.0
30.0 1.00759588429 1.0
19.0 1.0086265571 1.0
182.0 1.06152048561 1.0
153.0 0.979630208949 1.0
123.0 1.01919438126 1.0
10.0 1.03411512089 1.0
37.0 0.987247879427 1.0
154.0 1.02191823878 1.0
162.0 1.01288756147 1.0
object 3	1.0:1.0
43.0 1.0039467727 1.0
161.0 1.10173958458 1.0
131.0 1.03696007093 1.0
166.0 1.04960895557 1.0
134.0 1.0009142547 1.0
102.0 1.01392121184 1.0
142.0 0.986137483605 1.0
191.0 -2.69747633193 1.0
138.0 1.01113463594 1.0
27.0 0.978001773693 1.0
23.0 0.961230760582 1.0
193.0 -7.61766373135 1.0
14.0 1.0167672429 1.0
94.0 0.949078266299 1.0
10.0 0.984740556097 1.0
96.0 1.01494407938 1.0
24.0 0.985896689084 1.0
183.0 5.93078250645 1.0
114.0 1.00570601109 1.0
93.0 1.00060121148 1.0
object 4	1.0:1.0
187.0 -0.0945689050131 1.0
83.0 1.01257016239 1.0
69.0 1.00855215361 1.0
54.0 0.978112272572 1.0
161.0 0.988387495246 1.0
75.0 1.00117108408 1.0
150.0 0.917846667715 1.0
66.0 1.05644257618 1.0
191.0 1.47720817005 1.0
52.0 0.918640764107 1.0
104.0 1.0027028798 1.0
157.0 1.07456323221 1.0
192.0 -3.96539335344 1.0
95.0 1.04196002173 1.0
140.0 1.0151841546 1.0
141.0 0.9813517844 1.0
181.0 3.39405450912 1.0
37.0 0.961037744247 1.0
109.0 0.990954570869 1.0
114.0 1.0369764704 1.0
50.0 0.991400945974 1.0
102.0 1.02112097963 1.0
21.0 0.967295168095 1.0
1.0 1.03750370584 1.0
123.0 0.996595759553 1.0
106.0 1.02510292066 1.0
110.0 1.01476278422 1.0
170.0 0.997742628311 1.0
88.0 0.997601956416 1.0
56.0 1.03774979844 1.0
object 5	1.0:1.0
35.0 1.03272712326 1.0
132.0 1.0117976356 1.0
73.0 1.00887426604 1.0
70.0 0.994119152609 1.0
25.0 1.01342896146 1.0
176.0 0.961293499299 1.0
155.0 1.01136405861 1.0
124.0 0.975825071769 1.0
181.0 2.79780384924 1.0
184.0 0.286534102879 1.0
139.0 0.980213836621 1.0
158.0 0.978086145409 1.0
4.0 1.02513592952 1.0
118.0 0.961904639759 1.0
50.0 1.03890778625 1.0
199.0 -5.09074844914 1.0
32.0 0.984814317277 1.0
126.0 1.05249878356 1.0
2.0 1.00412179454 1.0
180.0 -3.14382695683 1.0
111.0 0.994369688654 1.0
40.0 1.01244271026 1.0
39.0 1.01098569443 1.0
68.0 0.995339019361 1.0
object 6	1.0:1.0
68.0 0.981006373692 1.0
4.0 1.00742099479 1.0
61.0 1.00934491902 1.0
37.0 0.947314034218 1.0
120.0 1.03665029179 1.0
154.0 1.08663215932 1.0
176.0 1.00301056178 1.0
87.0 0.981247585475 1.0
2.0 0.991187291512 1.0
6.0 1.01269747193 1.0
91.0 0.968933467723 1.0
143.0 0.993588463291 1.0
27.0 1.03573421706 1.0
139.0 0.986023397956 1.0
111.0 0.999304606597 1.0
180.0 4.19802050173 1.0
3.0 0.996137680184 1.0
82.0 0.997558787427 1.0
33.0 0.977278810747 1.0
126.0 1.01858066764 1.0
35.0 0.97188334262 1.0
59.0 0.93611457594 1.0
40.0 0.989661490101 1.0
44.0 1.03128186455 1.0
156.0 0.992058575843 1.0
object 7	1.0:1.0
133.0 0.97683534002 1.0
11.0 1.00249731598 1.0
93.0 1.03266670457 1.0
196.0 1.52722506629 1.0
127.0 1.01506028416 1.0
102.0 1.10350605587 1.0
111.0 1.02601794239 1.0
19.0 1.00118490937 1.0
167.0 0.981793550791 1.0
130.0 0.976408015243 1.0
195.0 -1.35878048464 1.0
56.0 0.983527752646 1.0
174.0 1.01556078978 1.0
47.0 0.951289780137 1.0
9.0 0.967973040789 1.0
147.0 1.0305758652 1.0
6.0 0.94808122822 1.0
187.0 3.29029233605 1.0
132.0 1.04310954215 1.0
78.0 0.982811290155 1.0
197.0 1.95871048743 1.0
148.0 0.996126367923 1.0
158.0 1.01033306898 1.0
46.0 1.0480596324 1.0
188.0 1.04173271125 1.0
191.0 2.16796319239 1.0
54.0 0.995846213499 1.0
67.0 0.997266530914 1.0
103.0 1.00511086764 1.0
object 8	1.0:1.0
44.0 0.996177394279 1.0
92.0 0.985765851483 1.0
14.0 0.993898127504 1.0
95.0 1.05457290296 1.0
164.0 0.987177726825 1.0
26.0 0.978601218596 1.0
161.0 1.00805038099 1.0
12.0 1.02211975783 1.0
196.0 3.40427903455 1.0
184.0 -1.96389945502 1.0
47.0 1.0695673128 1.0
49.0 0.993514144612 1.0
107.0 0.998186479652 1.0
59.0 1.01409842834 1.0
118.0 1.03091769704 1.0
116.0 0.985295491688 1.0
127.0 0.985039297189 1.0
78.0 0.988231900262 1.0
33.0 0.998501620329 1.0
126.0 0.974945482716 1.0
140.0 0.977090521812 1.0
66.0 1.01706462108 1.0
125.0 1.03767818872 1.0
1.0 1.00866827596 1.0
129.0 0.994392515657 1.0
160.0 1.01222382935 1.0
27.0 1.03022115406 1.0
179.0 0.949428458182 1.0
122.0 1.00345083739 1.0
32.0 0.985207167818 1.0
object 9	1.0:1.0
93.0 0.952179327891 1.0
30.0 1.04220737325 1.0
37.0 0.98458007392 1.0
77.0 1.00769695655 1.0
196.0 -1.58220391261 1.0
182.0 2.05329256297 1.0
78.0 0.979661810778 1.0
65.0 1.01611590803 1.0
36.0 1.0544027531 1.0
189.0 -0.51059971894 1.0
73.0 1.00982330787 1.0
149.0 0.984845601612 1.0
41.0 0.997230080572 1.0
181.0 -7.51011278127 1.0
147.0 0.978884091937 1.0
79.0 0.983705365008 1.0
128.0 1.03927905387 1.0
61.0 0.989491155701 1.0
82.0 1.00365708416 1.0
129.0 1.0049324478 1.0
154.0 0.992750571054 1.0
20.0 1.01633488396 1.0
91.0 0.969231459437 1.0
139.0 0.890766839611 1.0
44.0 1.07096315676 1.0
47.0 1.00294202186 1.0
148.0 1.02286205451 1.0
165.0 0.981858718523 1.0
object 10	1.0:1.0
122.0 0.975973575299 1.0
70.0 0.977913197905 1.0
71.0 1.02273015977 1.0
78.0 1.03108691329 1.0
177.0 1.00998429779 1.0
49.0 1.03565862594 1.0
47.0 1.0323089552 1.0
174.0 0.963191417572 1.0
26.0 1.02449135067 1.0
154.0 0.999300113802 1.0
137.0 1.01331377739 1.0
108.0 1.05264039764 1.0
59.0 0.951830890717 1.0
21.0 1.03026239216 1.0
35.0 1.00791106277 1.0
105.0 0.955814762779 1.0
64.0 1.02028388619 1.0
126.0 0.958290215928 1.0
187.0 0.377845201171 1.0
24.0 0.94882120005 1.0
34.0 1.01268695824 1.0
89.0 1.01409751482 1.0
68.0 0.980194733164 1.0
139.0 1.01888383933 1.0
98.0 0.974245588982 1.0
69.0 1.00504902993 1.0
163.0 0.969249579228 1.0
182.0 -0.542484700161 1.0
65.0 1.0231016904 1.0
153.0 0.962170218881 1.0
195.0 -1.67331703944 1.0
190.0 0.865351625487 1.0
15.0 1.05005916499 1.0
37.0 0.997614802511 1.0
object 11	1.0:1.0
51.0 0.946718276676 1.0
106.0 1.01043249579 1.0
29.0 0.974915123312 1.0
73.0 0.994940797821 1.0
113.0 0.974421116726 1.0
114.0 1.02009301952 1.0
160.0 0.969530397969 1.0
71.0 0.987550194676 1.0
135.0 0.938051939687 1.0
185.0 -1.23175797058 1.0
83.0 1.05368070171 1.0
157.0 1.05124939235 1.0
28.0 1.00249679624 1.0
186.0 2.91783631691 1.0
96.0 1.07262535231 1.0
0.0 0.993695356223 1.0
14.0 0.995792458233 1.0
168.0 0.996877472019 1.0
139.0 0.973187850339 1.0
145.0 0.996688046874 1.0
63.0 1.02767407129 1.0
121.0 1.00268816856 1.0
69.0 0.97859252413 1.0
187.0 0.678538197333 1.0
5.0 0.946785319383 1.0
140.0 1.02035603435 1.0
45.0 0.99997036545 1.0
131.0 0.955176503928 1.0
object 12	1.0:1.0
194.0 -4.01490176042 1.0
23.0 1.03693918381 1.0
168.0 0.995691352682 1.0
160.0 0.989345979398 1.0
123.0 1.00187843914 1.0
34.0 1.00650304381 1.0
186.0 5.68285709464 1.0
93.0 0.962721898427 1.0
5.0 1.06087347087 1.0
142.0 0.961833293412 1.0
74.0 0.999064971313 1.0
139.0 0.946082717305 1.0
18.0 1.04602695631 1.0
94.0 1.01059962728 1.0
47.0 1.04706366059 1.0
38.0 1.06100203717 1.0
26.0 0.994713328604 1.0
17.0 0.987435608924 1.0
90.0 0.967148884372 1.0
198.0 -5.15302197684 1.0
134.0 0.960456532893 1.0
196.0 -1.93952905035 1.0
object 13	1.0:1.0
93.0 1.04371868434 1.0
169.0 0.965026280879 1.0
94.0 1.03297147168 1.0
75.0 0.998755965507 1.0
34.0 0.977692010942 1.0
142.0 0.98139955447 1.0
127.0 1.01024610114 1.0
173.0 1.01117372551 1.0
196.0 4.52489704537 1.0
51.0 1.07063849997 1.0
92.0 0.996963729371 1.0
48.0 0.982921805223 1.0
186.0 -4.30380054786 1.0
131.0 0.988059645128 1.0
101.0 1.01499549936 1.0
136.0 1.00321100978 1.0
32.0 1.02669377566 1.0
96.0 0.994814704948 1.0
144.0 0.984947581215 1.0
118.0 1.06890826669 1.0
28.0 0.99086467246 1.0
143.0 1.02112544102 1.0
42.0 0.969982279698 1.0
111.0 1.01188877352 1.0
24.0 1.00003446683 1.0
160.0 0.984060904059 1.0
78.0 1.01455260831 1.0
128.0 1.00972045498 1.0
89.0 1.02199158308 1.0
43.0 0.996143950237 1.0
52.0 1.00178913722 1.0
138.0 1.07767742248 1.0
119.0 1.00155594649 1.0
83.0 0.984549731852 1.0
98.0 0.999536980483 1.0
7.0 1.02402829674 1.0
object 14	1.0:1.0
25.0 0.977633751363 1.0
171.0 0.972296037136 1.0
73.0 0.991518511333 1.0
86.0 0.995742300082 1.0
116.0 0.997842008175 1.0
157.0 0.978856106487 1.0
131.0 0.920562799059 1.0
3.0 0.990326384443 1.0
117.0 1.00091888102 1.0
32.0 1.0333877543 1.0
124.0 0.953619472369 1.0
163.0 1.01314086325 1.0
147.0 1.00413053988 1.0
101.0 1.02146721184 1.0
189.0 7.63447901917 1.0
102.0 0.984313646919 1.0
158.0 1.03058261061 1.0
175.0 1.06190264785 1.0
2.0 0.928883555965 1.0
31.0 1.01541201977 1.0
72.0 0.9923923829 1.0
45.0 0.98907659714 1.0
40.0 0.975121055697 1.0
127.0 1.03534392808 1.0
35.0 1.00583588215 1.0
91.0 0.979321786006 1.0
162.0 0.994367762198 1.0
186.0 0.604549946874 1.0
156.0 1.02131655613 1.0
9.0 0.974473477325 1.0
180.0 5.10492933247 1.0
138.0 1.1097029022 1.0
144.0 1.01045339152 1.0
74.0 1.03770200229 1.0
146.0 0.888524860013 1.0
100.0 0.950496012381 1.0
137.0 1.04844032511 1.0
61.0 0.957541553417 1.0
187.0 1.71723708536 1.0
16.0 1.02481424154 1.0
object 15	1.0:1.0
63.0 1.00778618981 1.0
91.0 1.00663592996 1.0
150.0 0.974565391324 1.0
36.0 1.05514267252 1.0
151.0 0.996716195066 1.0
131.0 1.0714974534 1.0
159.0 1.01105219258 1.0
65.0 1.00955152479 1.0
139.0 1.00981050722 1.0
179.0 0.986314921838 1.0
96.0 0.957171543112 1.0
59.0 1.01368671754 1.0
39.0 1.02969342344 1.0
34.0 1.03844722601 1.0
64.0 1.00990895799 1.0
0.0 0.984977126675 1.0
115.0 1.00409350538 1.0
93.0 0.987878444872 1.0
124.0 0.964661686353 1.0
186.0 -0.241268918554 1.0
82.0 1.00317608469 1.0
170.0 1.04714562568 1.0
98.0 0.98960909257 1.0
108.0 1.03135697591 1.0
161.0 0.992836081045 1.0
60.0 1.0486940137 1.0
92.0 1.0144927289 1.0
17.0 0.992886161921 1.0
137.0 1.03016004896 1.0
28.0 1.0157912119 1.0
166.0 1.0711014192 1.0
177.0 1.03843551321 1.0
123.0 1.00696141114 1.0
object 16	1.0:1.0
156.0 1.01471095831 1.0
188.0 -2.22851211408 1.0
174.0 1.02777787773 1.0
192.0 -1.73422739858 1.0
57.0 1.01432884167 1.0
146.0 0.943229360076 1.0
161.0 0.982843398863 1.0
158.0 1.01953361606 1.0
106.0 0.994240247373 1.0
82.0 0.986090060087 1.0
122.0 0.947278354958 1.0
28.0 0.948570296438 1.0
151.0 1.01582935508 1.0
13.0 1.0008939041 1.0
184.0 -3.10137705181 1.0
19.0 1.01095079431 1.0
47.0 0.965897948568 1.0
167.0 0.989343725119 1.0
143.0 0.989113595934 1.0
180.0 -9.50564813261 1.0
108.0 1.02373009469 1.0
199.0 4.44004791785 1.0
163.0 1.03755841774 1.0
172.0 0.997156677883 1.0
49.0 0.979571319668 1.0
55.0 1.00280022791 1.0
35.0 0.978762490101 1.0
59.0 1.00875663657 1.0
136.0 1.01911701282 1.0
154.0 1.04409699526 1.0
104.0 1.02727682059 1.0
165.0 1.06758653447 1.0
103.0 1.00270263847 1.0
134.0 1.05628116161 1.0
object 17	1.0:1.0
92.0 1.00513899538 1.0
115.0 0.999286834479 1.0
179.0 0.986414315262 1.0
31.0 1.05306598676 1.0
125.0 0.986130641928 1.0
39.0 0.964134297812 1.0
154.0 0.937842959591 1.0
155.0 0.99653716637 1.0
5.0 1.00271877574 1.0
192.0 7.44723329746 1.0
50.0 0.989953099218 1.0
23.0 0.992840849159 1.0
78.0 1.00941167806 1.0
65.0 0.973904184929 1.0
75.0 1.00408964932 1.0
104.0 0.850616454175 1.0
187.0 1.17716038399 1.0
161.0 0.994830162087 1.0
63.0 1.00465251397 1.0
196.0 0.545112503375 1.0
126.0 1.01785301499 1.0
106.0 0.977946491533 1.0
76.0 0.959593842902 1.0
55.0 0.992991666724 1.0
46.0 1.01177773635 1.0
122.0 0.96528570467 1.0
123.0 0.983170317482 1.0
140.0 1.00002611275 1.0
70.0 1.03675465467 1.0
185.0 5.07251720648 1.0
85.0 0.954964021116 1.0
193.0 -13.8941985852 1.0
145.0 1.07619473776 1.0
27.0 1.01913269452 1.0
61.0 1.01090219287 1.0
136.0 0.991870686322 1.0
138.0 1.02198453275 1.0
137.0 1.01769327414 1.0
160.0 1.00290505491 1.0
130.0 0.993459830026 1.0
object 18	1.0:1.0
69.0 0.981892887976 1.0
23.0 1.01905162817 1.0
108.0 1.03355878905 1.0
150.0 1.04269834895 1.0
73.0 0.989685713482 1.0
196.0 1.44796227968 1.0
115.0 1.00552917679 1.0
26.0 0.97358341269 1.0
168.0 0.986724521846 1.0
68.0 1.00448863611 1.0
64.0 0.974552252352 1.0
42.0 0.966581820405 1.0
65.0 0.980468973673 1.0
45.0 1.01260241229 1.0
160.0 0.998073444036 1.0
89.0 0.972074549362 1.0
99.0 1.00241053527 1.0
116.0 1.01027519701 1.0
148.0 0.999194531884 1.0
34.0 1.00133788169 1.0
11.0 0.993847099706 1.0
117.0 0.997647045479 1.0
60.0 0.965899784308 1.0
13.0 0.959112708141 1.0
59.0 0.998660487639 1.0
44.0 1.00564624704 1.0
135.0 1.02849000184 1.0
139.0 0.953135781988 1.0
81.0 1.02204849757 1.0
80.0 0.991560753597 1.0
97.0 0.991695584007 1.0
138.0 1.06886448683 1.0
object 19	1.0:1.0
71.0 0.984384093809 1.0
62.0 1.02754497563 1.0
50.0 0.988175424919 1.0
18.0 0.992827805814 1.0
53.0 1.00671686585 1.0
114.0 0.988925651458 1.0
66.0 0.979883360148 1.0
135.0 0.946396535898 1.0
166.0 0.984884921575 1.0
141.0 0.942594595423 1.0
185.0 0.697867337523 1.0
126.0 1.0194439164 1.0
59.0 1.0410990899 1.0
170.0 0.960339088073 1.0
174.0 0.966274346297 1.0
77.0 1.00306840439 1.0
70.0 0.955532853167 1.0
160.0 1.00838736632 1.0
127.0 1.03479736858 1.0
76.0 0.945935500649 1.0
15.0 1.02346013551 1.0
30.0 0.992510269117 1.0
115.0 0.988324206719 1.0
63.0 1.05464950018 1.0
51.0 1.0989766298 1.0
132.0 1.02172795528 1.0
111.0 1.0171395984 1.0
75.0 0.989973859456 1.0
199.0 0.0469697881267 1.0
113.0 0.994780143426 1.0
object 20	1.0:1.0
88.0 0.989415196848 1.0
54.0 0.975653769037 1.0
127.0 0.97042627218 1.0
69.0 1.01415653629 1.0
84.0 1.04717115467 1.0
108.0 0.991442502696 1.0
121.0 1.00159577331 1.0
46.0 1.00939035093 1.0
169.0 0.961387083973 1.0
106.0 1.01632300206 1.0
117.0 0.994073577596 1.0
86.0 1.02747512008 1.0
47.0 0.977155887849 1.0
19.0 0.975272837792 1.0
6.0 0.980935282457 1.0
159.0 1.00597653755 1.0
119.0 1.02532655469 1.0
174.0 0.978917697541 1.0
179.0 1.03474961091 1.0
192.0 4.04790208876 1.0
80.0 1.00764334192 1.0
178.0 0.976135913842 1.0
165.0 1.00033991571 1.0
16.0 0.989688896545 1.0
198.0 -2.69212208583 1.0
101.0 1.03101738124 1.0
22.0 0.988280501812 1.0
132.0 1.00180103358 1.0
object 21	1.0:1.0
182.0 -0.129349892367 1.0
31.0 0.96309086922 1.0
193.0 1.47416912553 1.0
92.0 1.01376640194 1.0
12.0 1.02965597677 1.0
90.0 0.962319440677 1.0
28.0 1.02938186077 1.0
165.0 0.894212569276 1.0
42.0 1.02079096355 1.0
122.0 1.02749553363 1.0
174.0 0.986251712345 1.0
23.0 0.994174372795 1.0
195.0 -0.270607054378 1.0
180.0 2.43422319791 1.0
126.0 0.993592640365 1.0
113.0 0.953821353138 1.0
61.0 1.00369827051 1.0
93.0 0.965139680598 1.0
20.0 1.03093261256 1.0
22.0 0.974245080095 1.0
71.0 1.00188942459 1.0
114.0 0.942217195703 1.0
78.0 0.970160453584 1.0
48.0 0.99490856086 1.0
46.0 0.972187748049 1.0
185.0 1.75607480222 1.0
117.0 0.99565084009 1.0
50.0 1.01129832846 1.0
33.0 0.980194078845 1.0
140.0 1.00961675273 1.0
134.0 1.02511067093 1.0
13.0 1.01152752902 1.0
143.0 1.01177887946 1.0
74.0 1.02363918076 1.0
object 22	1.0:1.0
87.0 0.997834754709 1.0
167.0 0.991314864921 1.0
100.0 0.939926098239 1.0
6.0 0.999791694135 1.0
91.0 1.03465016054 1.0
181.0 2.50732011192 1.0
67.0 0.965687667458 1.0
165.0 0.964082602049 1.0
194.0 1.8746281285 1.0
187.0 1.90361773754 1.0
96.0 0.977051316041 1.0
59.0 1.06130057503 1.0
16.0 0.969148145799 1.0
139.0 0.972580143921 1.0
32.0 0.99728156801 1.0
198.0 6.03341192226 1.0
79.0 1.00997479552 1.0
77.0 0.963685348707 1.0
10.0 1.0448862402 1.0
43.0 0.990769381293 1.0
22.0 0.976257158776 1.0
180.0 -1.44439479217 1.0
190.0 1.28734775057 1.0
140.0 1.00932368984 1.0
161.0 0.912462477641 1.0
30.0 0.98984060283 1.0
195.0 1.32277771848 1.0
object 23	1.0:1.0
116.0 1.00645089663 1.0
182.0 1.36983430447 1.0
82.0 0.998768393711 1.0
27.0 1.00841386692 1.0
21.0 0.95908093381 1.0
6.0 0.943843853454 1.0
184.0 1.59409027039 1.0
114.0 0.981341520343 1.0
79.0 0.943654280556 1.0
119.0 1.07433898937 1.0
26.0 0.96477651108 1.0
85.0 1.08894136061 1.0
19.0 1.0411704077 1.0
33.0 0.966984516511 1.0
169.0 1.05104012267 1.0
73.0 1.02513083089 1.0
165.0 0.98462373868 1.0
78.0 0.974760091798 1.0
179.0 0.958260145438 1.0
167.0 1.01773500021 1.0
89.0 1.02411729455 1.0
115.0 1.0150919257 1.0
17.0 0.992680478553 1.0
190.0 2.61596556272 1.0
138.0 1.01433140464 1.0
86.0 1.03074084893 1.0
46.0 0.962602348295 1.0
55.0 1.00894012349 1.0
193.0 8.15865019919 1.0
131.0 0.91829461936 1.0
object 24	1.0:1.0
11.0 1.00986604009 1.0
183.0 3.41268246575 1.0
91.0 1.03208060272 1.0
195.0 0.158305497741 1.0
56.0 0.972929814601 1.0
67.0 1.08579039326 1.0
39.0 1.05179349133 1.0
18.0 1.01640051443 1.0
116.0 1.02429343909 1.0
30.0 0.991498913834 1.0
146.0 1.07484208777 1.0
145.0 1.04124135034 1.0
97.0 0.967152618241 1.0
41.0 0.97732591366 1.0
81.0 0.998322790046 1.0
10.0 1.02910420043 1.0
22.0 0.976199004226 1.0
72.0 0.947077920378 1.0
53.0 0.990912157995 1.0
136.0 1.04599601661 1.0
52.0 1.00237381156 1.0
8.0 1.03055711967 1.0
140.0 1.00167534871 1.0
173.0 1.00264475169 1.0
24.0 0.980827857031 1.0
105.0 0.997368821326 1.0
object 25	1.0:1.0
59.0 0.977019354927 1.0
45.0 1.02842252645 1.0
29.0 0.969660178274 1.0
76.0 0.939382123663 1.0
51.0 0.996711748004 1.0
64.0 0.992008924951 1.0
178.0 1.00492781693 1.0
123.0 0.97387816111 1.0
141.0 0.972004724737 1.0
54.0 0.94257439262 1.0
21.0 1.01137778042 1.0
34.0 1.00455290907 1.0
12.0 0.965533101335 1.0
132.0 0.956076993458 1.0
145.0 0.998455306611 1.0
187.0 1.20518195746 1.0
110.0 1.01061106095 1.0
4.0 1.04577805245 1.0
184.0 1.97747570408 1.0
103.0 0.966084585353 1.0
73.0 1.01093186118 1.0
90.0 1.04563161229 1.0
154.0 1.07013689584 1.0
175.0 0.98079271177 1.0
158.0 1.05752687802 1.0
74.0 0.952745456065 1.0
195.0 -0.937153056395 1.0
20.0 0.993858703815 1.0
186.0 -5.76561388389 1.0
84.0 1.01298981665 1.0
99.0 0.973516448652 1.0
35.0 0.983137288306 1.0
108.0 0.934759556412 1.0
object 26	1.0:1.0
173.0 1.02867806903 1.0
190.0 0.893050203833 1.0
0.0 0.976431312475 1.0
99.0 1.03447016234 1.0
125.0 1.00080694761 1.0
159.0 1.00792418439 1.0
107.0 0.983088595605 1.0
90.0 0.988043310506 1.0
93.0 0.988357182172 1.0
87.0 1.00341960017 1.0
134.0 0.994548833368 1.0
115.0 0.942483719728 1.0
50.0 0.980661102809 1.0
89.0 1.02548955058 1.0
176.0 1.00352334975 1.0
103.0 1.05582908506 1.0
179.0 0.982169731131 1.0
66.0 0.992223765161 1.0
64.0 0.991999310885 1.0
150.0 1.01897751116 1.0
184.0 -0.843167765642 1.0
17.0 1.014819485 1.0
49.0 1.03788889694 1.0
62.0 1.00088706293 1.0
141.0 0.954824213445 1.0
180.0 -4.63760337381 1.0
113.0 0.980909730017 1.0
95.0 1.02078500556 1.0
27.0 0.985045257753 1.0
174.0 0.996744189144 1.0
70.0 1.04092683657 1.0
39.0 1.06587299449 1.0
16.0 0.975214288432 1.0
81.0 1.00408029954 1.0
91.0 0.99569929232 1.0
97.0 1.07340162243 1.0
14.0 1.01542918032 1.0
177.0 0.933137102221 1.0
24.0 0.915333889663 1.0
object 27	1.0:1.0
196.0 0.344418460149 1.0
79.0 0.960658206641 1.0
117.0 0.999409670363 1.0
20.0 0.9510054148 1.0
145.0 1.02691278602 1.0
103.0 0.967739540814 1.0
134.0 1.02107093493 1.0
14.0 1.00314433607 1.0
36.0 1.08474927655 1.0
10.0 0.953454058179 1.0
92.0 1.02448138513 1.0
88.0 0.984917564545 1.0
161.0 1.02297693183 1.0
70.0 1.02143812439 1.0
111.0 0.99081420925 1.0
152.0 1.00387512291 1.0
38.0 1.05342228016 1.0
107.0 0.946382508443 1.0
142.0 0.980916371985 1.0
148.0 1.01890247405 1.0
143.0 0.95728066942 1.0
16.0 1.0124116831 1.0
188.0 0.727831198334 1.0
73.0 0.988890336614 1.0
118.0 1.04833897844 1.0
83.0 0.960281455774 1.0
65.0 1.02513706053 1.0
178.0 1.01424630498 1.0
110.0 0.987417293736 1.0
2.0 0.945297258887 1.0
74.0 0.988246059714 1.0
3.0 1.02934382983 1.0
82.0 0.986839280688 1.0
159.0 1.04744626517 1.0
146.0 0.942605732072 1.0
131.0 1.03595047292 1.0
78.0 1.01108406827 1.0
172.0 1.04772166231 1.0
102.0 1.02835016858 1.0
58.0 1.06184635792 1.0
object 28	1.0:1.0
80.0 0.966590412959 1.0
127.0 1.01605049359 1.0
151.0 1.00929620457 1.0
9.0 1.03387368663 1.0
31.0 1.04919030168 1.0
77.0 1.04806373345 1.0
4.0 1.00800829183 1.0
102.0 0.969021411534 1.0
150.0 1.06087529326 1.0
164.0 1.03360849419 1.0
1.0 0.996563180466 1.0
18.0 1.04079245241 1.0
125.0 0.989099080109 1.0
167.0 1.00826891395 1.0
23.0 0.983238332891 1.0
112.0 1.01310356431 1.0
104.0 0.935902133466 1.0
33.0 0.989673343315 1.0
72.0 1.053053833 1.0
146.0 0.95020125047 1.0
162.0 0.986929617869 1.0
3.0 0.978355652484 1.0
34.0 1.00908518045 1.0
197.0 -1.29796388642 1.0
64.0 0.964923058085 1.0
195.0 1.66508436494 1.0
89.0 1.01168742282 1.0
29.0 1.00240092377 1.0
124.0 1.07657274938 1.0
177.0 0.996580949515 1.0
object 29	1.0:1.0
2.0 1.03398597016 1.0
82.0 0.995591438097 1.0
89.0 0.975158571536 1.0
116.0 1.00968876233 1.0
190.0 2.16583571742 1.0
30.0 1.02085734704 1.0
107.0 0.982019592671 1.0
139.0 0.983159615496 1.0
20.0 0.990859903406 1.0
31.0 1.01337317893 1.0
93.0 0.85441729408 1.0
184.0 -0.0969337922137 1.0
46.0 1.06760912736 1.0
15.0 1.03695694597 1.0
7.0 1.00592576568 1.0
81.0 1.01130197882 1.0
185.0 0.938773897576 1.0
86.0 1.04295338511 1.0
22.0 0.960160106885 1.0
69.0 0.989455738172 1.0
94.0 1.01808155569 1.0
76.0 1.06264516075 1.0
181.0 4.71385970391 1.0
object 30	1.0:1.0
177.0 1.00622233725 1.0
11.0 0.979119407191 1.0
49.0 0.978301750172 1.0
126.0 1.03899652477 1.0
3.0 1.04021748578 1.0
131.0 0.980754335612 1.0
92.0 1.00085360453 1.0
102.0 0.903479286604 1.0
83.0 1.00183486861 1.0
189.0 1.19636749371 1.0
198.0 4.04263244023 1.0
72.0 1.08203885931 1.0
160.0 0.990633238957 1.0
101.0 1.0338464775 1.0
180.0 8.10090113723 1.0
33.0 0.989233338538 1.0
152.0 0.97142265635 1.0
199.0 6.53141871723 1.0
165.0 0.985800512047 1.0
19.0 0.999960819692 1.0
22.0 1.0051905594 1.0
157.0 0.99495495846 1.0
166.0 0.979900860045 1.0
125.0 1.01515080643 1.0
95.0 0.951156522257 1.0
193.0 2.73361269402 1.0
90.0 1.03385723271 1.0
148.0 0.981206002477 1.0
18.0 0.964619524737 1.0
62.0 1.01920012908 1.0
75.0 1.00512860626 1.0
185.0 -0.345591653461 1.0
173.0 1.0114074109 1.0
159.0 1.057801139 1.0
12.0 1.00698698924 1.0
141.0 1.07062460911 1.0
object 31	1.0:1.0
39.0 1.03628334534 1.0
186.0 -4.02152856648 1.0
122.0 1.01135896503 1.0
126.0 0.993363760147 1.0
27.0 1.00374361668 1.0
20.0 1.00122270749 1.0
19.0 0.988387202486 1.0
36.0 1.02281582217 1.0
65.0 0.966297058107 1.0
6.0 1.02409064441 1.0
5.0 1.10489707232 1.0
172.0 0.993747258271 1.0
138.0 1.03488818851 1.0
187.0 2.13478278291 1.0
53.0 1.00063713363 1.0
143.0 0.984101189341 1.0
37.0 1.02061375509 1.0
115.0 1.02364710114 1.0
152.0 0.951301566737 1.0
45.0 0.99381793996 1.0
149.0 1.00610201567 1.0
162.0 1.01383261821 1.0
184.0 -1.0296361724 1.0
70.0 1.00000141406 1.0
32.0 1.03393321537 1.0
29.0 0.967133065 1.0
0.0 1.03302731749 1.0
object 32	1.0:1.0
45.0 0.988192253338 1.0
188.0 0.1505984017 1.0
114.0 1.00669001937 1.0
118.0 1.04816954884 1.0
136.0 1.03572704748 1.0
196.0 0.878543527887 1.0
12.0 0.981320579198 1.0
40.0 0.999061790234 1.0
30.0 1.02151989877 1.0
194.0 0.746243714794 1.0
100.0 0.976536536605 1.0
148.0 0.982973646031 1.0
160.0 1.00935683978 1.0
179.0 1.06525567919 1.0
44.0 0.983502568427 1.0
75.0 1.00445210024 1.0
191.0 2.12378604511 1.0
103.0 1.00761831622 1.0
157.0 0.967995224494 1.0
161.0 0.980130221385 1.0
122.0 0.949798864046 1.0
73.0 0.996489099307 1.0
140.0 1.03477159507 1.0
23.0 1.01938061883 1.0
37.0 0.96955538613 1.0
111.0 0.989678487866 1.0
163.0 0.973427994551 1.0
186.0 -0.273358747176 1.0
54.0 0.999827975587 1.0
17.0 1.01454043552 1.0
68.0 0.974789842689 1.0
145.0 1.04826960742 1.0
7.0 1.03967371082 1.0
47.0 1.04237767173 1.0
object 33	1.0:1.0
156.0 1.03692779537 1.0
58.0 1.03933279759 1.0
193.0 -7.55194201728 1.0
114.0 0.977553452091 1.0
112.0 0.993514322232 1.0
50.0 0.986054894167 1.0
167.0 0.996985316981 1.0
41.0 0.961304862283 1.0
164.0 0.975097598358 1.0
63.0 0.945996953841 1.0
160.0 0.992148311513 1.0
159.0 1.01305908281 1.0
185.0 1.45398350594 1.0
179.0 1.00743468385 1.0
118.0 1.01279620036 1.0
71.0 1.05596162342 1.0
145.0 1.00453128589 1.0
165.0 1.0204155911 1.0
47.0 1.02270586087 1.0
44.0 0.960475832523 1.0
116.0 1.01269691353 1.0
192.0 4.31791658364 1.0
109.0 0.984926242262 1.0
54.0 0.997052076517 1.0
object 34	1.0:1.0
35.0 0.983432719728 1.0
74.0 0.986775350549 1.0
17.0 1.01624411361 1.0
61.0 0.948163531207 1.0
38.0 1.04055321899 1.0
158.0 0.987912065973 1.0
197.0 1.17424528687 1.0
64.0 0.96113485229 1.0
178.0 1.0058341038 1.0
126.0 1.03063866915 1.0
41.0 0.966464964596 1.0
31.0 0.967859725235 1.0
147.0 0.977998984854 1.0
102.0 1.00391423144 1.0
24.0 0.938960856543 1.0
1.0 1.03146500976 1.0
37.0 0.98774254009 1.0
104.0 1.02353175576 1.0
92.0 1.01493702421 1.0
185.0 2.94620683862 1.0
65.0 1.00038298128 1.0
155.0 0.989158704753 1.0
11.0 1.00722258148 1.0
99.0 1.03169728943 1.0
182.0 0.0054697826198 1.0
4.0 0.954694599187 1.0
55.0 1.00516227879 1.0
67.0 1.01342963759 1.0
71.0 0.985092057212 1.0
144.0 1.0122786066 1.0
163.0 0.960761393825 1.0
18.0 1.03807147591 1.0
14.0 0.995271531395 1.0
object 35	1.0:1.0
170.0 1.01990178696 1.0
185.0 -0.104389497473 1.0
103.0 1.01609875507 1.0
17.0 1.00980255933 1.0
85.0 0.927424379145 1.0
178.0 1.00993105792 1.0
166.0 0.896446987063 1.0
165.0 0.99511554683 1.0
199.0 4.15816136775 1.0
37.0 0.991665528137 1.0
84.0 1.03024846288 1.0
104.0 0.961713972617 1.0
122.0 1.03371717963 1.0
175.0 1.0255125059 1.0
1.0 1.01715453242 1.0
82.0 0.992689107285 1.0
126.0 0.999864207342 1.0
8.0 0.932463200192 1.0
156.0 0.993103943398 1.0
10.0 1.06309817042 1.0
172.0 1.02227274134 1.0
67.0 0.983924154741 1.0
75.0 1.02041586796 1.0
20.0 0.964269087731 1.0
184.0 -0.0545115282993 1.0
182.0 2.89919796454 1.0
105.0 1.0265851095 1.0
179.0 1.00134638196 1.0
6.0 1.02309952161 1.0
63.0 0.994554689788 1.0
125.0 0.985731515975 1.0
15.0 1.0102749688 1.0
50.0 1.00734898449 1.0
87.0 0.996051920715 1.0
155.0 1.00413392862 1.0
78.0 0.954503566083 1.0
115.0 1.00224449829 1.0
27.0 0.97150060867 1.0
100.0 0.971801782881 1.0
137.0 0.99635782717 1.0
0.0 0.992424539943 1.0
66.0 1.15485979421 1.0
171.0 0.999492540523 1.0
195.0 0.682519803146 1.0
135.0 0.914249975645 1.0
object 36	1.0:1.0
67.0 0.991757882488 1.0
184.0 2.63921079323 1.0
83.0 1.07524564611 1.0
38.0 1.00893656966 1.0
42.0 0.971564734018 1.0
76.0 0.938720095032 1.0
156.0 1.03780938774 1.0
182.0 1.66597576153 1.0
47.0 0.970554928809 1.0
125.0 1.0237607691 1.0
27.0 0.98310783872 1.0
144.0 0.997951404923 1.0
192.0 0.775296469355 1.0
171.0 0.943364673777 1.0
89.0 1.0029169462 1.0
54.0 0.976451205541 1.0
14.0 0.982572567422 1.0
164.0 0.999988104748 1.0
148.0 1.01627264891 1.0
16.0 1.008136117 1.0
40.0 0.994600774512 1.0
99.0 1.03085130715 1.0
object 37	1.0:1.0
120.0 1.05288656301 1.0
148.0 0.97371601971 1.0
142.0 0.997172655495 1.0
189.0 13.4745701004 1.0
28.0 0.996734846644 1.0
150.0 1.04847025294 1.0
17.0 1.00117660378 1.0
77.0 0.987374501256 1.0
88.0 1.01174815082 1.0
92.0 1.00108086362 1.0
20.0 0.974560416698 1.0
183.0 1.30007658994 1.0
58.0 0.952545451593 1.0
168.0 0.995688138962 1.0
43.0 1.02577550035 1.0
3.0 0.990494945799 1.0
21.0 0.978616318554 1.0
45.0 1.01622168298 1.0
135.0 1.09464801558 1.0
49.0 0.998577473514 1.0
186.0 -3.99999550251 1.0
41.0 0.995704045704 1.0
195.0 0.825476079322 1.0
185.0 -2.3598996538 1.0
25.0 1.036708595 1.0
0.0 1.00776474432 1.0
5.0 1.11881643157 1.0
76.0 0.979803624894 1.0
27.0 1.01684295774 1.0
144.0 0.999498836219 1.0
176.0 1.01093061336 1.0
63.0 0.970875971 1.0
16.0 1.01224973194 1.0
132.0 1.00663882358 1.0
object 38	1.0:1.0
108.0 0.955379265544 1.0
107.0 1.0300243371 1.0
199.0 -3.69477642103 1.0
182.0 2.3026804102 1.0
100.0 1.05376440649 1.0
26.0 0.970178217911 1.0
9.0 1.0308967689 1.0
179.0 1.04578635548 1.0
10.0 1.01324913836 1.0
75.0 1.00566413787 1.0
8.0 1.0426209778 1.0
166.0 1.01799717888 1.0
146.0 1.07663453839 1.0
142.0 0.989722807869 1.0
92.0 0.99179864879 1.0
2.0 0.995171908907 1.0
22.0 1.0117214372 1.0
131.0 0.998781372543 1.0
136.0 0.96618147227 1.0
158.0 0.982139358292 1.0
96.0 0.967458910835 1.0
17.0 1.01259941658 1.0
object 39	1.0:1.0
55.0 0.992822777499 1.0
17.0 1.00363682721 1.0
145.0 0.978301620325 1.0
109.0 0.999112002741 1.0
11.0 1.00879237125 1.0
96.0 0.975851200671 1.0
72.0 0.971721560466 1.0
49.0 1.00803883099 1.0
15.0 0.993600073766 1.0
82.0 1.00088170223 1.0
24.0 0.98857435596 1.0
111.0 0.967811867584 1.0
31.0 0.99674636386 1.0
136.0 1.07789247148 1.0
90.0 0.993742912679 1.0
41.0 0.970125269464 1.0
73.0 1.00042073392 1.0
153.0 1.00099707827 1.0
74.0 1.02229669999 1.0
144.0 0.98525209658 1.0
45.0 0.991716422919 1.0
46.0 0.888093537437 1.0
115.0 1.00206271799 1.0
120.0 1.00221446205 1.0
28.0 0.982599397199 1.0
175.0 0.996217531738 1.0
62.0 1.00986450407 1.0
16.0 1.03444051284 1.0
150.0 0.995333393912 1.0
51.0 0.9529662783 1.0
103.0 0.941044699293 1.0
130.0 1.01064200805 1.0
189.0 -5.61998721408 1.0
8.0 0.991253154062 1.0
object 40	1.0:1.0
67.0 1.04297502309 1.0
146.0 0.968833589058 1.0
52.0 0.93288158094 1.0
73.0 1.0241133554 1.0
156.0 1.00678623221 1.0
16.0 1.03151126593 1.0
95.0 1.03244616482 1.0
125.0 1.02076773882 1.0
195.0 2.16281201741 1.0
155.0 0.989348206178 1.0
109.0 1.04514458048 1.0
110.0 1.00564270303 1.0
24.0 0.989832999451 1.0
127.0 1.00227561692 1.0
92.0 0.988535611268 1.0
181.0 1.32810114091 1.0
71.0 0.937101972739 1.0
22.0 0.99357577222 1.0
117.0 1.01005903938 1.0
62.0 0.979535765463 1.0
145.0 1.05732621755 1.0
139.0 0.996430636737 1.0
133.0 0.997952946456 1.0
25.0 1.00864880831 1.0
136.0 1.04551257755 1.0
81.0 1.01310363689 1.0
113.0 1.02788839518 1.0
118.0 0.960618762781 1.0
23.0 0.983324104451 1.0
28.0 1.0209336893 1.0
163.0 0.951597981323 1.0
80.0 0.96495746315 1.0
32.0 0.97842755288 1.0
object 41	1.0:1.0
173.0 1.03375131544 1.0
138.0 1.01830871503 1.0
185.0 1.21241582107 1.0
9.0 1.02025829424 1.0
57.0 0.998163271604 1.0
53.0 0.992283140094 1.0
30.0 0.97645884779 1.0
77.0 1.02600995379 1.0
172.0 0.986275903705 1.0
49.0 1.03386329482 1.0
6.0 0.991268423529 1.0
44.0 0.999859204381 1.0
168.0 1.00711136862 1.0
29.0 1.0909232435 1.0
19.0 0.959170301901 1.0
33.0 1.04653806632 1.0
182.0 -0.033619885507 1.0
167.0 1.00852184167 1.0
91.0 0.986970698444 1.0
149.0 0.97901773134 1.0
170.0 0.960404677063 1.0
187.0 0.925614664365 1.0
45.0 1.01128314236 1.0
88.0 1.01049070956 1.0
180.0 -5.62675806862 1.0
5.0 0.955119450826 1.0
object 42	1.0:1.0
46.0 1.0266075967 1.0
94.0 0.970936465785 1.0
168.0 1.00461518156 1.0
92.0 1.01364320904 1.0
137.0 0.945772190874 1.0
64.0 0.992312700389 1.0
147.0 0.973986270048 1.0
74.0 1.02226232158 1.0
145.0 1.03997932843 1.0
127.0 1.00607514096 1.0
12.0 1.00657957469 1.0
165.0 1.01375410006 1.0
196.0 -3.93486892146 1.0
163.0 0.999580070587 1.0
85.0 1.01214755007 1.0
71.0 0.984887814844 1.0
93.0 0.931151391222 1.0
61.0 0.999263790577 1.0
123.0 0.996612224425 1.0
188.0 2.49652713132 1.0
33.0 1.02024925715 1.0
53.0 1.00541396748 1.0
119.0 0.905966910737 1.0
1.0 1.0512533875 1.0
89.0 0.990260320435 1.0
179.0 0.992153866546 1.0
76.0 0.97941732186 1.0
148.0 1.02092635457 1.0
152.0 0.96935548318 1.0
0.0 0.979435149869 1.0
75.0 0.99224945544 1.0
115.0 0.993448116689 1.0
object 43	1.0:1.0
20.0 1.00954289465 1.0
104.0 1.0650168848 1.0
105.0 1.00476006853 1.0
174.0 0.986295151372 1.0
9.0 0.957343448595 1.0
192.0 -5.19280031009 1.0
144.0 0.980743200287 1.0
71.0 1.01265610059 1.0
78.0 0.94311091477 1.0
114.0 1.01205428666 1.0
109.0 1.00369937583 1.0
35.0 1.00510439165 1.0
79.0 1.0660237993 1.0
62.0 1.00482115595 1.0
183.0 -0.235054007763 1.0
179.0 0.998936675013 1.0
58.0 0.993688892324 1.0
77.0 0.992189817127 1.0
50.0 1.00446965376 1.0
112.0 0.997061619426 1.0
42.0 0.960193663046 1.0
117.0 0.997705540221 1.0
54.0 0.98809946514 1.0
150.0 0.990061998106 1.0
34.0 1.01901825004 1.0
184.0 -0.589264530867 1.0
163.0 1.04462030424 1.0
134.0 0.962904482009 1.0
38.0 1.0020037363 1.0
43.0 1.03987108583 1.0
object 44	1.0:1.0
136.0 1.02675123529 1.0
6.0 1.07885625231 1.0
28.0 1.00924158095 1.0
70.0 0.988663044854 1.0
15.0 1.00114074238 1.0
137.0 1.05961376484 1.0
169.0 0.943524989596 1.0
47.0 1.03718111092 1.0
73.0 0.999984740521 1.0
44.0 1.0485164519 1.0
110.0 0.98990274593 1.0
123.0 1.01189480768 1.0
58.0 1.0187003099 1.0
89.0 1.0128433794 1.0
80.0 0.973163806953 1.0
195.0 0.871388571026 1.0
63.0 0.999169202929 1.0
101.0 0.998582426345 1.0
192.0 6.45448320999 1.0
75.0 1.01325027797 1.0
68.0 0.970242187594 1.0
34.0 0.976888691238 1.0
18.0 1.03157091784 1.0
78.0 0.98795306745 1.0
30.0 0.979217986597 1.0
7.0 1.01234462302 1.0
131.0 0.980459515034 1.0
112.0 1.00208370244 1.0
116.0 0.980066320962 1.0
66.0 0.940419173053 1.0
19.0 1.03842218334 1.0
52.0 0.991089567851 1.0
object 45	1.0:1.0
133.0 0.936978054636 1.0
12.0 1.00483322411 1.0
24.0 1.04625911505 1.0
50.0 0.97669536235 1.0
62.0 0.978638417938 1.0
55.0 0.997710672671 1.0
142.0 1.02580140223 1.0
119.0 0.997305661324 1.0
168.0 0.982081805536 1.0
190.0 2.1656548248 1.0
155.0 0.992862227292 1.0
81.0 0.999554297072 1.0
96.0 0.943030339644 1.0
102.0 0.996458026015 1.0
2.0 0.982209275409 1.0
9.0 0.982350341138 1.0
72.0 0.969639138928 1.0
56.0 1.04525811837 1.0
124.0 0.980794049938 1.0
151.0 1.00651105963 1.0
179.0 0.979842321408 1.0
73.0 1.00789946371 1.0
187.0 -1.26674757648 1.0
131.0 0.916982711685 1.0
75.0 1.00242009263 1.0
object 46	1.0:1.0
166.0 1.00932789246 1.0
94.0 1.03241788058 1.0
52.0 1.04301371837 1.0
172.0 0.931187856423 1.0
86.0 0.995597410115 1.0
37.0 0.980782896287 1.0
80.0 0.967611405984 1.0
195.0 1.40025932274 1.0
138.0 1.05086802186 1.0
33.0 1.01071629503 1.0
124.0 1.02249724528 1.0
55.0 0.987111923349 1.0
179.0 0.975479735512 1.0
136.0 0.988463787975 1.0
143.0 1.00724039273 1.0
126.0 1.01134057092 1.0
66.0 1.0447996923 1.0
92.0 1.02239881991 1.0
109.0 0.999720434712 1.0
177.0 0.968129740651 1.0
30.0 0.973421635601 1.0
9.0 1.00737123278 1.0
192.0 8.11621499472 1.0
150.0 1.06290717993 1.0
112.0 0.986655058065 1.0
20.0 0.962126548148 1.0
6.0 0.958905139503 1.0
24.0 0.987882397372 1.0
103.0 1.04162918161 1.0
object 47	1.0:1.0
27.0 1.00430302082 1.0
175.0 0.996951289091 1.0
142.0 0.991822983902 1.0
40.0 1.00995364001 1.0
48.0 0.984377810462 1.0
101.0 1.00426584878 1.0
117.0 0.987120330011 1.0
145.0 1.03060400675 1.0
10.0 0.946925337527 1.0
144.0 0.954533305765 1.0
34.0 0.995895913707 1.0
185.0 0.00846459388681 1.0
99.0 0.987729507788 1.0
12.0 0.982193628766 1.0
7.0 0.962642923183 1.0
65.0 1.04277281211 1.0
106.0 0.995821054171 1.0
168.0 1.00320873271 1.0
79.0 0.925185847249 1.0
76.0 1.0651408668 1.0
157.0 1.02114950001 1.0
17.0 0.98560494291 1.0
160.0 0.989756938293 1.0
141.0 0.924949117848 1.0
86.0 0.963828385623 1.0
82.0 1.00252366196 1.0
98.0 1.01071319268 1.0
44.0 0.960417409623 1.0
118.0 1.01442514888 1.0
37.0 1.00176071563 1.0
38.0 1.0122016482 1.0
114.0 0.963375524859 1.0
object 48	1.0:1.0
75.0 1.00879811726 1.0
40.0 0.975007192904 1.0
101.0 1.02192105544 1.0
131.0 1.07318021104 1.0
93.0 0.935444694149 1.0
197.0 0.100980630832 1.0
132.0 0.930239616002 1.0
69.0 1.00113620843 1.0
175.0 1.02785993543 1.0
24.0 0.964601260378 1.0
89.0 1.04646728213 1.0
128.0 1.06594220333 1.0
150.0 1.04024546848 1.0
6.0 0.992139614978 1.0
4.0 0.997072015415 1.0
196.0 2.43720403263 1.0
28.0 0.967689454556 1.0
26.0 1.02546206201 1.0
21.0 1.0145092962 1.0
168.0 1.01919908863 1.0
152.0 0.983530925037 1.0
106.0 0.997828560002 1.0
100.0 0.990370856142 1.0
35.0 0.955619114239 1.0
32.0 0.995624761591 1.0
88.0 1.0074708054 1.0
125.0 0.983272982945 1.0
95.0 1.0483619812 1.0
115.0 1.03557339271 1.0
189.0 0.629656007942 1.0
16.0 0.993144264897 1.0
34.0 0.976389016188 1.0
179.0 0.951422150808 1.0
object 49	1.0:1.0
18.0 0.980510731059 1.0
49.0 1.02375554053 1.0
3.0 1.00229057665 1.0
47.0 0.99560854414 1.0
158.0 0.997026447484 1.0
42.0 0.965626163837 1.0
46.0 0.990592590072 1.0
57.0 1.00313903204 1.0
6.0 0.971564141405 1.0
115.0 1.03986960099 1.0
126.0 0.981010447327 1.0
186.0 -5.95196021631 1.0
161.0 1.01415022625 1.0
29.0 0.960956813505 1.0
82.0 1.00287558844 1.0
133.0 0.914665605834 1.0
23.0 1.02252411649 1.0
110.0 0.976158292057 1.0
180.0 9.13013316911 1.0
167.0 0.979285583143 1.0
141.0 1.02197275995 1.0
50.0 0.984242780607 1.0
182.0 1.05016484476 1.0
107.0 0.99503930206 1.0
188.0 -1.49572938291 1.0
125.0 0.976747217852 1.0
176.0 1.00654798735 1.0
129.0 0.968613356758 1.0
7.0 0.996383214767 1.0
171.0 1.02558868864 1.0
object 50	1.0:0.5 12.7925966342:0.5
15.0 12.7884821188 1.0
54.0 12.8000163037 1.0
123.0 12.828419666 1.0
185.0 15.1151488728 1.0
188.0 12.7714742909 1.0
120.0 12.7957606167 1.0
121.0 1.08433955138 0.0
111.0 12.8779431575 1.0
36.0 0.979608285852 0.0
65.0 12.8012842121 1.0
177.0 1.06514997755 0.0
144.0 1.00423610261 0.0
117.0 0.955547123181 0.0
147.0 12.821069453 1.0
181.0 2.34770523783 0.0
153.0 12.7967170124 1.0
101.0 12.7679220641 1.0
77.0 1.12299535796 0.0
108.0 1.03715691263 0.0
56.0 12.7794197281 1.0
61.0 12.7363033403 1.0
87.0 0.964054578616 0.0
166.0 1.06569725624 0.0
3.0 12.8247240155 1.0
object 51	1.0:0.5 11.6622488058:0.5
190.0 10.0430150121 1.0
153.0 0.964690580042 0.0
145.0 11.646610674 1.0
159.0 0.970191276129 0.0
31.0 0.993604529508 0.0
160.0 11.6562023273 1.0
21.0 0.93204217771 0.0
92.0 1.00798335935 0.0
4.0 1.01801732546 0.0
30.0 0.973352013766 0.0
182.0 9.34095391343 1.0
43.0 1.03272210465 0.0
154.0 0.960970838304 0.0
49.0 11.7001687116 1.0
81.0 1.0165915363 0.0
91.0 11.6244871725 1.0
98.0 1.07123953432 0.0
196.0 1.22733899335 0.0
42.0 11.6677543282 1.0
176.0 11.6226208836 1.0
168.0 11.7384959168 1.0
162.0 1.04168009292 0.0
41.0 11.6719928823 1.0
54.0 0.981333967829 0.0
19.0 11.701478471 1.0
180.0 10.0270032305 1.0
29.0 11.6073589547 1.0
125.0 0.987060219821 0.0
67.0 11.6976189265 1.0
35.0 11.6795356767 1.0
23.0 1.00854847743 0.0
148.0 0.878176355117 0.0
111.0 11.7146346419 1.0
object 52	1.0:0.5 -20.7591692898:0.5
114.0 -20.7063566447 1.0
63.0 -20.6038284959 1.0
193.0 0.715209482379 0.0
73.0 -20.7731308581 1.0
154.0 1.01764881688 0.0
35.0 1.02591423844 0.0
180.0 -20.514342899 1.0
57.0 0.985904567159 0.0
131.0 -20.7843736439 1.0
10.0 -20.757670164 1.0
75.0 0.987306413122 0.0
169.0 -20.6746829961 1.0
189.0 -2.45201454545 0.0
52.0 -20.7768827711 1.0
47.0 0.987987435748 0.0
117.0 -20.7713936819 1.0
199.0 -21.4411194819 1.0
99.0 1.10425421496 0.0
181.0 2.01705951821 0.0
97.0 1.03898780579 0.0
128.0 0.948984676227 0.0
8.0 0.996584624041 0.0
12.0 0.917416179088 0.0
137.0 0.973512926197 0.0
56.0 -20.7638127822 1.0
81.0 0.991740730295 0.0
89.0 1.11093190074 0.0
46.0 -20.7426624296 1.0
120.0 -20.6950603096 1.0
object 53	1.0:0.5 -1.8080024902:0.5
81.0 -1.87997321262 1.0
149.0 0.96495459748 0.0
84.0 -1.80669724085 1.0
43.0 0.888349973819 0.0
159.0 -1.80218723083 1.0
89.0 -1.81766733163 1.0
114.0 0.952327215904 0.0
61.0 -1.88507883034 1.0
68.0 -1.70987522639 1.0
0.0 1.09388020267 0.0
176.0 -1.80321897258 1.0
42.0 -1.80222830567 1.0
58.0 -1.79634095198 1.0
1.0 1.01096946225 0.0
195.0 1.49701111208 0.0
183.0 1.70001574385 0.0
56.0 1.02336143146 0.0
143.0 -1.73331229321 1.0
44.0 1.03648141806 0.0
41.0 -1.83000312606 1.0
22.0 -1.87258884666 1.0
33.0 1.06843151547 0.0
19.0 1.00530151292 0.0
78.0 1.02795433788 0.0
107.0 1.02235517967 0.0
133.0 -1.77571123275 1.0
180.0 1.3044450961 0.0
135.0 1.06504063104 0.0
object 54	1.0:0.5 -7.56957352793:0.5
181.0 -8.38549890252 1.0
173.0 -7.5055019288 1.0
0.0 1.04630590589 0.0
66.0 -7.59785361289 1.0
134.0 0.960073888311 0.0
111.0 0.963298356678 0.0
192.0 -0.869801319499 0.0
110.0 0.997867186055 0.0
132.0 0.918517924056 0.0
155.0 1.00137089049 0.0
83.0 -7.44144874062 1.0
79.0 -7.58076876061 1.0
194.0 -13.3930847276 1.0
95.0 -7.64718538723 1.0
169.0 -7.59895342927 1.0
135.0 1.01992790389 0.0
85.0 1.03639611556 0.0
18.0 -7.61949694958 1.0
157.0 0.978752293721 0.0
176.0 -7.53725193677 1.0
38.0 0.920289715265 0.0
188.0 -0.750312033158 0.0
199.0 0.17654785844 0.0
81.0 1.00730043912 0.0
28.0 0.949827665789 0.0
151.0 1.03112056561 0.0
171.0 1.08400846196 0.0
31.0 -7.63022088225 1.0
object 55	1.0:0.5 1.68072199401:0.5
24.0 1.00495610135 0.0
148.0 1.02674334996 0.0
189.0 2.66944872067 0.0
136.0 1.67729967541 1.0
117.0 1.74531115655 1.0
170.0 1.64060633323 1.0
150.0 1.69289059412 1.0
109.0 1.02854231805 0.0
165.0 1.72715064547 1.0
145.0 0.955978524141 0.0
197.0 -0.902716217276 1.0
80.0 0.930099784954 0.0
99.0 1.0630564387 0.0
7.0 1.6577660001 1.0
15.0 1.81199553546 1.0
146.0 0.903388783749 0.0
21.0 1.77776796909 1.0
175.0 0.939378325072 0.0
12.0 1.0543471269 0.0
139.0 0.949682551746 0.0
106.0 1.64429780495 1.0
176.0 1.66204964599 1.0
191.0 3.68426732111 0.0
115.0 1.5605111867 1.0
14.0 1.01221968269 0.0
45.0 0.983211477089 0.0
151.0 0.901951772372 0.0
85.0 0.983939425376 0.0
object 56	1.0:0.5 11.5378235372:0.5
159.0 11.4813190455 1.0
79.0 1.01589928093 0.0
157.0 11.4618150438 1.0
25.0 1.00947711738 0.0
149.0 1.00246338688 0.0
73.0 11.4892140718 1.0
189.0 18.8304597613 1.0
23.0 1.00957538974 0.0
177.0 0.986014380414 0.0
191.0 1.63334215074 0.0
68.0 0.949744062529 0.0
108.0 0.976054272592 0.0
93.0 11.490128861 1.0
37.0 11.4866547707 1.0
193.0 9.46406155236 1.0
58.0 11.5467696516 1.0
198.0 9.73393818568 1.0
113.0 11.5940859684 1.0
129.0 11.5164506382 1.0
111.0 0.881944390773 0.0
127.0 11.565377414 1.0
41.0 1.05062560302 0.0
192.0 0.480685538267 0.0
98.0 0.964667599938 0.0
14.0 1.09444555482 0.0
4.0 0.960353927401 0.0
31.0 11.5162037202 1.0
173.0 0.973020785813 0.0
85.0 0.953989104765 0.0
object 57	1.0:0.5 -16.1966952049:0.5
114.0 -16.2636323196 1.0
77.0 0.937309488671 0.0
146.0 -16.2122042436 1.0
102.0 -16.1983228554 1.0
110.0 1.0467265896 0.0
173.0 1.05407056867 0.0
35.0 -16.2968103172 1.0
41.0 0.865429722056 0.0
151.0 -16.1725992857 1.0
174.0 0.962640767698 0.0
83.0 1.1039499563 0.0
148.0 0.934109182798 0.0
155.0 1.10288898188 0.0
0.0 -16.2794940067 1.0
199.0 -14.3690289049 1.0
25.0 -16.121864378 1.0
113.0 0.975641938757 0.0
181.0 0.133409240472 0.0
86.0 1.0221833092 0.0
137.0 0.948879934905 0.0
130.0 -16.233881916 1.0
95.0 0.920329870972 0.0
141.0 -16.1287774245 1.0
34.0 -16.1819920793 1.0
194.0 -2.57194731761 0.0
168.0 -16.2690882008 1.0
156.0 0.989173084174 0.0
184.0 0.0239437313339 0.0
42.0 -16.1031982157 1.0
161.0 1.00462001183 0.0
188.0 -2.07747562537 0.0
65.0 -16.2420473319 1.0
15.0 -16.243764805 1.0
object 58	1.0:0.5 23.6369951187:0.5
185.0 0.283141032405 0.0
74.0 23.6809919601 1.0
39.0 0.982489472739 0.0
107.0 23.6358748442 1.0
48.0 0.945521679619 0.0
175.0 23.6348210307 1.0
142.0 23.6418048118 1.0
115.0 1.00552762462 0.0
114.0 0.93191415211 0.0
93.0 23.5903119043 1.0
154.0 0.973100139022 0.0
5.0 0.933306942829 0.0
90.0 0.960351858174 0.0
62.0 23.6317857006 1.0
198.0 23.1870100742 1.0
81.0 23.562097872 1.0
151.0 1.0618515359 0.0
190.0 4.1659390242 0.0
15.0 23.5913326303 1.0
105.0 0.916639889767 0.0
138.0 23.7104408374 1.0
110.0 23.6655803341 1.0
160.0 0.999175428293 0.0
195.0 1.95982905639 0.0
78.0 23.6664119489 1.0
object 59	1.0:0.5 -22.1109783398:0.5
42.0 -22.0551462016 1.0
130.0 -22.1187272692 1.0
2.0 1.00356494717 0.0
52.0 -22.2398561975 1.0
122.0 0.947084653428 0.0
81.0 -22.1528705352 1.0
104.0 0.893003211011 0.0
124.0 1.0225402048 0.0
192.0 -24.5934841623 1.0
8.0 -22.0901956623 1.0
39.0 0.965927883616 0.0
151.0 -22.1104658128 1.0
126.0 0.95637597578 0.0
109.0 -22.1391440335 1.0
76.0 -22.1520120042 1.0
75.0 1.06470085469 0.0
184.0 3.62032623594 0.0
162.0 0.999808631163 0.0
150.0 -21.9675932921 1.0
11.0 -22.1456786684 1.0
176.0 -22.1876574577 1.0
12.0 1.08144609011 0.0
48.0 -22.1246148706 1.0
187.0 -6.41944943581 0.0
185.0 -0.911586977482 0.0
121.0 1.03469546455 0.0
46.0 -22.1597936912 1.0
58.0 -22.172000949 1.0
132.0 1.12369518375 0.0
33.0 -22.1267816257 1.0
171.0 -22.0560943931 1.0
147.0 -22.036012538 1.0
92.0 -22.2068127361 1.0
83.0 0.989242488867 0.0
154.0 1.05862266261 0.0
7.0 0.989589960429 0.0
object 60	1.0:0.5 2.24871811293:0.5
165.0 0.971059846382 0.0
115.0 1.06147548543 0.0
144.0 1.00964820172 0.0
89.0 2.24628355606 1.0
188.0 -0.939771183107 1.0
123.0 2.24927875261 1.0
174.0 0.980090273867 0.0
94.0 2.25379522775 1.0
72.0 2.24723070722 1.0
11.0 0.947137532273 0.0
77.0 2.20207501987 1.0
84.0 1.02729038368 0.0
16.0 2.22507239911 1.0
156.0 2.31267756057 1.0
166.0 1.02471298679 0.0
117.0 0.960972242726 0.0
12.0 1.01957899323 0.0
17.0 2.22809687668 1.0
146.0 0.990994604856 0.0
151.0 2.20842004462 1.0
37.0 0.993744707186 0.0
101.0 2.25888166583 1.0
167.0 1.0107269516 0.0
object 61	1.0:0.5 12.7910964765:0.5
197.0 16.0788880318 1.0
135.0 12.7822863886 1.0
61.0 12.7410348648 1.0
23.0 0.953204290663 0.0
56.0 12.8043891956 1.0
15.0 0.975617849773 0.0
71.0 12.8265628738 1.0
167.0 12.7442461682 1.0
111.0 12.8231457526 1.0
175.0 1.00985427927 0.0
38.0 0.929800960132 0.0
97.0 12.7843247856 1.0
115.0 12.8156587372 1.0
55.0 12.8688931169 1.0
11.0 1.05826309736 0.0
37.0 12.694408576 1.0
47.0 1.03112279311 0.0
99.0 0.935790189109 0.0
131.0 12.874855937 1.0
139.0 12.7602516447 1.0
81.0 12.8099649908 1.0
106.0 12.7730120516 1.0
190.0 0.714583709961 0.0
181.0 0.468975769959 0.0
45.0 0.994795577633 0.0
176.0 12.9114874814 1.0
151.0 0.966356748851 0.0
27.0 12.8167866607 1.0
129.0 1.0029865302 0.0
7.0 0.998941366111 0.0
object 62	1.0:0.5 14.9475782617:0.5
166.0 14.9886029289 1.0
30.0 14.9681563141 1.0
16.0 15.0010867177 1.0
128.0 14.8443661813 1.0
141.0 1.04306275745 0.0
172.0 1.01661076502 0.0
91.0 14.9467851411 1.0
192.0 15.0341412689 1.0
65.0 0.990669475483 0.0
198.0 14.2790024576 1.0
81.0 14.9080000772 1.0
34.0 0.996101588236 0.0
186.0 -2.68472984911 0.0
197.0 14.8506116844 1.0
120.0 14.8939759204 1.0
112.0 14.9277998368 1.0
181.0 -1.2528402366 0.0
21.0 0.96511211867 0.0
142.0 15.0002173993 1.0
84.0 14.9534290501 1.0
86.0 0.998066694148 0.0
165.0 14.8761132329 1.0
151.0 0.909023493976 0.0
171.0 1.07509184937 0.0
102.0 15.013574058 1.0
153.0 0.993624704952 0.0
13.0 15.0759358966 1.0
object 63	1.0:0.5 5.49312357845:0.5
57.0 5.49994063125 1.0
37.0 5.40728652776 1.0
183.0 2.92830420681 0.0
74.0 5.44978598209 1.0
125.0 0.948294470503 0.0
97.0 1.01668755091 0.0
160.0 5.47883921341 1.0
14.0 1.01901292859 0.0
67.0 0.990178572434 0.0
65.0 5.44947506745 1.0
192.0 5.00737223569 1.0
69.0 5.43628280149 1.0
117.0 1.01120122673 0.0
58.0 5.493182954 1.0
1.0 1.02915361345 0.0
113.0 5.44548211831 1.0
147.0 0.935400944034 0.0
101.0 5.52132489409 1.0
98.0 5.49997879251 1.0
191.0 3.45027564515 0.0
73.0 5.46124442512 1.0
89.0 5.48671275358 1.0
146.0 5.39034448075 1.0
133.0 5.54330771349 1.0
24.0 5.40767372904 1.0
75.0 5.53758621166 1.0
174.0 5.52719195403 1.0
185.0 10.0674157834 1.0
167.0 0.994701019853 0.0
152.0 5.49768478647 1.0
122.0 0.918753134836 0.0
119.0 0.904238237072 0.0
173.0 0.933063698198 0.0
100.0 0.912121112114 0.0
127.0 5.50803696007 1.0
5.0 1.00858903945 0.0
148.0 5.4526445615 1.0
94.0 5.57297870737 1.0
object 64	1.0:0.5 -17.6142004517:0.5
19.0 -17.5919342235 1.0
147.0 1.03502685111 0.0
11.0 0.98635722746 0.0
37.0 0.934085132282 0.0
32.0 0.97197048177 0.0
12.0 -17.5664774728 1.0
169.0 1.03375300002 0.0
10.0 -17.6231272975 1.0
92.0 -17.5515361941 1.0
98.0 0.987145338664 0.0
57.0 0.895289578161 0.0
79.0 -17.6218754047 1.0
7.0 1.01502640001 0.0
83.0 -17.5450082523 1.0
25.0 -17.5984021744 1.0
178.0 -17.6258473165 1.0
91.0 -17.5825401678 1.0
55.0 1.04559412342 0.0
165.0 -17.6103570098 1.0
67.0 0.984312273473 0.0
127.0 -17.5886825419 1.0
64.0 0.992184557942 0.0
139.0 -17.6183561034 1.0
192.0 1.60005222091 0.0
155.0 -17.6444334586 1.0
object 65	1.0:0.5 -9.48711887789:0.5
31.0 -9.48000620387 1.0
139.0 1.06200845136 0.0
146.0 0.985226240805 0.0
168.0 0.984891564781 0.0
135.0 -9.49259061566 1.0
102.0 1.05448340039 0.0
11.0 0.974831770809 0.0
124.0 0.992936769511 0.0
63.0 -9.55213656204 1.0
138.0 -9.46556419833 1.0
21.0 1.06982124888 0.0
42.0 1.02274172484 0.0
153.0 -9.48995631024 1.0
61.0 -9.44930218811 1.0
113.0 0.970002315597 0.0
66.0 -9.50931568699 1.0
80.0 0.967291726528 0.0
81.0 -9.46528743012 1.0
2.0 -9.4016996883 1.0
154.0 -9.46287762451 1.0
185.0 -11.2774444705 1.0
30.0 -9.41016596139 1.0
72.0 -9.41521914683 1.0
134.0 1.11482969899 0.0
84.0 1.06597300184 0.0
174.0 0.957961542554 0.0
40.0 0.993860584263 0.0
182.0 5.3810744862 0.0
101.0 0.965785344315 0.0
145.0 -9.44526506926 1.0
12.0 -9.4934067902 1.0
46.0 1.0499257128 0.0
65.0 -9.42192306767 1.0
91.0 -9.44737784114 1.0
49.0 1.03125484856 0.0
108.0 -9.456758064 1.0
192.0 -10.5314546153 1.0
191.0 -7.30937502681 1.0
117.0 -9.50939266775 1.0
89.0 0.976301251149 0.0
188.0 -2.61222137134 0.0
object 66	1.0:0.5 -14.3654835905:0.5
115.0 0.968786602938 0.0
20.0 -14.3510710056 1.0
34.0 0.993443412368 0.0
48.0 1.06470648036 0.0
180.0 -15.2772821715 1.0
78.0 1.03982717385 0.0
104.0 1.01227836623 0.0
63.0 -14.3978809868 1.0
60.0 -14.3196577709 1.0
82.0 -14.3870872081 1.0
126.0 0.987019786257 0.0
199.0 -15.3778956154 1.0
109.0 1.07874502632 0.0
102.0 0.986687613408 0.0
118.0 -14.3878874884 1.0
90.0 -14.3732645655 1.0
142.0 0.979501458159 0.0
198.0 -12.2636878106 1.0
26.0 0.954299228663 0.0
116.0 -14.3953349906 1.0
184.0 -19.4449055609 1.0
162.0 1.05609181929 0.0
72.0 -14.2086147368 1.0
193.0 1.29360260081 0.0
93.0 1.01305645458 0.0
24.0 0.923509842637 0.0
122.0 0.907033425549 0.0
58.0 -14.3355538961 1.0
141.0 -14.457093122 1.0
129.0 1.00829429244 0.0
66.0 -14.310070524 1.0
169.0 1.00215727625 0.0
146.0 -14.309529468 1.0
170.0 -14.3225302874 1.0
object 67	1.0:0.5 -13.1886756363:0.5
162.0 0.991886248922 0.0
198.0 -12.7697605194 1.0
3.0 0.968268561804 0.0
34.0 -13.2553117206 1.0
92.0 -13.2554082727 1.0
15.0 0.969358595188 0.0
194.0 -1.73617102615 0.0
173.0 -13.1369852336 1.0
164.0 -13.2280598771 1.0
76.0 1.01558022794 0.0
119.0 1.00555739886 0.0
153.0 -13.2015228326 1.0
47.0 -13.2832784205 1.0
171.0 0.958108698051 0.0
45.0 1.01527489979 0.0
36.0 1.03540642074 0.0
130.0 0.952836495072 0.0
61.0 1.026941044 0.0
180.0 -11.3043463698 1.0
131.0 1.08141419392 0.0
25.0 1.02435850799 0.0
166.0 0.977142632455 0.0
192.0 -15.0030419208 1.0
7.0 -13.1875798498 1.0
167.0 -13.1756994346 1.0
78.0 1.07245454191 0.0
27.0 1.09701819522 0.0
43.0 -13.2044821179 1.0
136.0 1.00253595324 0.0
127.0 0.948049276835 0.0
95.0 -13.1863526582 1.0
103.0 -13.1895301878 1.0
178.0 -13.1711003957 1.0
50.0 -13.2247273158 1.0
object 68	1.0:0.5 -14.1013885955:0.5
152.0 -14.0396805015 1.0
191.0 1.13762346805 0.0
129.0 1.00805553903 0.0
87.0 0.918163323041 0.0
117.0 -14.0950788907 1.0
82.0 -14.1384999892 1.0
65.0 1.07225079699 0.0
108.0 -14.1179983272 1.0
156.0 1.00049911354 0.0
168.0 -14.0426492959 1.0
127.0 0.97918363087 0.0
139.0 -14.109027682 1.0
181.0 0.053955686147 0.0
8.0 -14.0607763087 1.0
112.0 0.961900220271 0.0
83.0 0.996374397812 0.0
9.0 -14.0895621704 1.0
151.0 -14.0360380216 1.0
116.0 1.01097706751 0.0
63.0 -14.1691963523 1.0
4.0 -14.1550345259 1.0
76.0 0.985571936116 0.0
44.0 -14.1387292171 1.0
71.0 -14.0909396142 1.0
171.0 -14.0910653135 1.0
22.0 -14.0577918301 1.0
43.0 -14.0836054752 1.0
173.0 1.01894995324 0.0
97.0 -14.0483160011 1.0
73.0 0.971818633247 0.0
60.0 0.962853276876 0.0
177.0 -14.1600875906 1.0
16.0 0.989554026857 0.0
194.0 -17.3445693239 1.0
114.0 -14.1347525586 1.0
23.0 -14.1919141589 1.0
18.0 -14.0660442246 1.0
130.0 1.04121763756 0.0
170.0 -14.1060224275 1.0
158.0 0.99429757375 0.0
56.0 0.937953589725 0.0
153.0 -14.0393939868 1.0
146.0 -14.0878102274 1.0
54.0 -14.0086896066 1.0
81.0 1.04760348418 0.0
104.0 0.945407647242 0.0
object 69	1.0:0.5 -5.05216081238:0.5
40.0 0.961349095196 0.0
57.0 0.995901943576 0.0
142.0 -5.07813603596 1.0
20.0 0.951856452717 0.0
82.0 0.936862975131 0.0
74.0 1.02607762149 0.0
186.0 3.93053433664 0.0
8.0 -4.98479419381 1.0
189.0 -1.95258595967 0.0
70.0 -5.10792008137 1.0
150.0 -5.09732788642 1.0
117.0 0.972243013592 0.0
171.0 0.992565258714 0.0
26.0 -5.07702627305 1.0
88.0 -5.02774241337 1.0
199.0 0.492040852202 0.0
107.0 -5.1039226301 1.0
67.0 -5.0019451866 1.0
127.0 -5.07989786616 1.0
4.0 -4.93180338679 1.0
123.0 0.991748064296 0.0
197.0 -3.45004704487 0.0
43.0 -5.04675313557 1.0
180.0 1.77413683825 0.0
181.0 -0.928620150728 0.0
1.0 1.05657827778 0.0
196.0 5.86539777088 0.0
45.0 -5.06214508419 1.0
object 70	1.0:0.5 5.60115185886:0.5
130.0 5.61868814406 1.0
131.0 1.00656574939 0.0
69.0 1.00185530291 0.0
33.0 0.969979411564 0.0
83.0 5.63899390394 1.0
161.0 0.991020460498 0.0
141.0 0.934117619186 0.0
139.0 5.6479561671 1.0
59.0 1.03658487022 0.0
124.0 1.02902632023 0.0
32.0 0.945923608985 0.0
47.0 0.970444415526 0.0
55.0 0.975872817821 0.0
167.0 5.58156556966 1.0
100.0 5.61985688055 1.0
199.0 4.84663819591 0.0
136.0 0.994178269793 0.0
9.0 0.950397875226 0.0
105.0 5.59108521387 1.0
51.0 1.01154261685 0.0
94.0 1.08222631137 0.0
198.0 -0.101828708334 0.0
92.0 0.965517487622 0.0
147.0 1.04589961406 0.0
159.0 5.67584693993 1.0
70.0 5.63140248583 1.0
75.0 5.53182299314 1.0
168.0 1.01823883842 0.0
121.0 5.589324648 1.0
object 71	1.0:0.5 8.2159580143:0.5
177.0 8.24385029704 1.0
157.0 8.29357257635 1.0
26.0 1.0617968608 0.0
158.0 0.943456590366 0.0
134.0 8.17319418463 1.0
170.0 8.22020049334 1.0
153.0 8.23092877354 1.0
197.0 2.22711810173 0.0
115.0 8.24092094312 1.0
180.0 0.844721926628 0.0
32.0 8.23007199941 1.0
7.0 1.0237658244 0.0
68.0 8.2424869374 1.0
64.0 8.15064169399 1.0
163.0 8.19994216095 1.0
77.0 1.02740607713 0.0
109.0 0.99589775832 0.0
127.0 0.996503746203 0.0
94.0 8.21470684779 1.0
69.0 8.22781401985 1.0
148.0 1.09613884271 0.0
182.0 3.81823773282 1.0
19.0 1.04263187955 0.0
195.0 6.68079775442 1.0
116.0 0.992814866301 0.0
78.0 1.08908556815 0.0
58.0 8.27206305789 1.0
173.0 1.015846647 0.0
102.0 8.1956373312 1.0
196.0 13.547563192 1.0
29.0 8.18253210054 1.0
122.0 0.876128305859 0.0
133.0 8.21091500388 1.0
53.0 0.912350444977 0.0
172.0 0.963571893784 0.0
2.0 8.20832947195 1.0
1.0 8.23502104814 1.0
object 72	1.0:0.5 29.2085789974:0.5
148.0 29.2069894453 1.0
125.0 29.2249190318 1.0
1.0 1.06210682717 0.0
198.0 27.7582146909 1.0
54.0 1.03582264048 0.0
20.0 1.02633681264 0.0
102.0 0.981818465513 0.0
194.0 -1.05641354199 0.0
129.0 0.984394252516 0.0
53.0 1.05705456129 0.0
103.0 29.1031668295 1.0
158.0 0.949763417085 0.0
97.0 0.937593555268 0.0
67.0 29.2225352344 1.0
22.0 29.221572184 1.0
134.0 29.2157557932 1.0
120.0 0.961849412584 0.0
63.0 1.03822640782 0.0
62.0 0.896877605394 0.0
199.0 3.12723034113 0.0
93.0 0.964306336501 0.0
162.0 29.1847683964 1.0
189.0 6.71156174768 0.0
157.0 0.955752743214 0.0
95.0 1.03332443016 0.0
25.0 0.964106018921 0.0
object 73	1.0:0.5 -8.3918038917:0.5
92.0 -8.3508385213 1.0
35.0 0.913331053196 0.0
19.0 0.952381760623 0.0
178.0 -8.41135146322 1.0
183.0 -7.36363617969 1.0
112.0 -8.37277909062 1.0
156.0 1.03918983515 0.0
145.0 1.01392902134 0.0
165.0 -8.46510679114 1.0
160.0 1.08675299493 0.0
16.0 -8.28604998354 1.0
75.0 -8.36743056063 1.0
162.0 1.09832542734 0.0
100.0 0.976187927714 0.0
149.0 -8.26639278889 1.0
30.0 1.00151693845 0.0
39.0 0.9634135628 0.0
73.0 1.0808278193 0.0
10.0 -8.44853470723 1.0
146.0 -8.32254970752 1.0
6.0 1.01637316265 0.0
174.0 0.991573119143 0.0
108.0 0.944256074315 0.0
169.0 1.16276261993 0.0
163.0 0.974814883965 0.0
114.0 -8.38755512086 1.0
141.0 -8.34913778028 1.0
0.0 1.03635731081 0.0
53.0 1.01832262944 0.0
1.0 -8.41482445518 1.0
164.0 -8.35995298041 1.0
195.0 -9.89051390168 1.0
99.0 -8.32231131085 1.0
78.0 1.01709454221 0.0
136.0 -8.48124750397 1.0
69.0 -8.34577863674 1.0
object 74	1.0:0.5 -0.303884322895:0.5
179.0 0.884589449234 0.0
39.0 -0.261747173296 1.0
184.0 1.23665280348 0.0
113.0 0.980020287082 0.0
145.0 -0.258933772585 1.0
98.0 -0.383997614719 1.0
104.0 0.95321963526 0.0
107.0 -0.258185072628 1.0
97.0 -0.33152420541 1.0
5.0 0.940795029169 0.0
63.0 -0.257190022127 1.0
108.0 1.01565495318 0.0
160.0 1.00448116585 0.0
117.0 1.01913949884 0.0
146.0 -0.346749738151 1.0
106.0 -0.24899968768 1.0
40.0 -0.367771084006 1.0
6.0 1.04983594109 0.0
23.0 -0.241687950547 1.0
116.0 0.982301523915 0.0
112.0 0.976951746421 0.0
92.0 -0.313245693665 1.0
64.0 -0.261429007437 1.0
73.0 1.04896614609 0.0
167.0 -0.279535504444 1.0
70.0 0.989284104433 0.0
125.0 -0.225704201411 1.0
84.0 -0.26592829171 1.0
198.0 0.74439403953 1.0
1.0 -0.289106093614 1.0
object 75	1.0:0.5 1.46143573132:0.5
9.0 1.38533044503 1.0
199.0 5.56478666502 0.0
165.0 1.51260479855 1.0
107.0 0.937249827873 0.0
73.0 1.48730131185 1.0
29.0 1.05952369492 0.0
115.0 1.48509147589 1.0
96.0 1.42950265046 1.0
44.0 0.975944080271 0.0
102.0 1.02512114707 0.0
106.0 1.02897546808 0.0
194.0 -3.78071916557 1.0
144.0 1.07118625445 0.0
63.0 1.44461390525 1.0
191.0 2.69872922683 1.0
179.0 1.47650902711 1.0
13.0 1.04446991804 0.0
104.0 1.45010230717 1.0
160.0 0.923138252733 0.0
135.0 1.06056913339 0.0
196.0 7.87809572197 1.0
173.0 0.999657751678 0.0
42.0 1.01034601328 0.0
46.0 0.977051282911 0.0
139.0 0.992691262008 0.0
101.0 0.928459814353 0.0
37.0 1.02118115082 0.0
74.0 0.987730062828 0.0
23.0 1.44803831667 1.0
113.0 1.03852071802 0.0
153.0 1.41672617005 1.0
21.0 1.51095085464 1.0
66.0 1.40340715975 1.0
60.0 1.47949577203 1.0
172.0 1.46513500403 1.0
object 76	1.0:0.5 8.21142408375:0.5
104.0 0.948404062622 0.0
125.0 1.01546891714 0.0
57.0 8.23170142894 1.0
120.0 0.989510736642 0.0
130.0 1.09238696516 0.0
19.0 8.29032749283 1.0
119.0 0.983996545603 0.0
33.0 8.16458700371 1.0
72.0 8.11654157991 1.0
148.0 0.970650627504 0.0
141.0 8.12373951765 1.0
184.0 8.18359299974 1.0
113.0 1.02236197713 0.0
133.0 1.05618974168 0.0
187.0 -2.63593711377 0.0
46.0 1.10892606277 0.0
199.0 5.88246989284 1.0
68.0 8.27510263422 1.0
151.0 8.2541145818 1.0
102.0 1.05496932597 0.0
136.0 8.20886312305 1.0
161.0 1.09010662372 0.0
143.0 8.24246019632 1.0
179.0 8.23057833903 1.0
29.0 1.04144825678 0.0
129.0 0.978879914229 0.0
157.0 1.03617434384 0.0
134.0 1.02441086747 0.0
193.0 0.216740037048 0.0
63.0 8.24547920361 1.0
object 77	1.0:0.5 -1.92338783371:0.5
5.0 -1.9424600022 1.0
85.0 -1.93237564172 1.0
104.0 1.01594377092 0.0
122.0 1.02645848327 0.0
187.0 -1.20897762191 1.0
118.0 -1.86331739088 1.0
153.0 -1.84075609976 1.0
105.0 0.933814763605 0.0
137.0 -1.83086313363 1.0
178.0 1.03902636992 0.0
116.0 -1.94645345599 1.0
42.0 1.02328975297 0.0
55.0 -1.90751263688 1.0
193.0 1.01252305198 0.0
159.0 -1.95226413151 1.0
168.0 0.972697795096 0.0
138.0 1.04121498048 0.0
45.0 -1.95973232524 1.0
29.0 1.04874955182 0.0
92.0 -1.88045825826 1.0
161.0 -1.8787233707 1.0
32.0 0.99038163898 0.0
71.0 -1.96460335974 1.0
133.0 1.05302925125 0.0
52.0 1.07794509154 0.0
124.0 -1.90810911807 1.0
177.0 1.0668064353 0.0
54.0 -1.97448345741 1.0
170.0 0.979066600036 0.0
163.0 -2.03339812874 1.0
26.0 0.862370103842 0.0
58.0 1.05974952542 0.0
152.0 -1.9657233829 1.0
object 78	1.0:0.5 -15.6914103791:0.5
102.0 -15.7153108718 1.0
128.0 -15.6924028569 1.0
78.0 -15.7194492781 1.0
132.0 0.984247998462 0.0
189.0 -7.43728400956 0.0
160.0 -15.6830105194 1.0
154.0 -15.737310753 1.0
8.0 -15.6205073286 1.0
165.0 -15.8032111822 1.0
71.0 0.992588179605 0.0
79.0 -15.6030611864 1.0
62.0 1.02002891889 0.0
164.0 -15.7404823841 1.0
2.0 -15.7177408418 1.0
125.0 1.07754576802 0.0
92.0 0.942583036042 0.0
51.0 -15.6868828148 1.0
17.0 1.06002206677 0.0
107.0 -15.7200839896 1.0
106.0 -15.6808170729 1.0
44.0 -15.6230537045 1.0
52.0 -15.7172479706 1.0
77.0 0.989428654192 0.0
57.0 1.03381157999 0.0
180.0 -15.6219138945 1.0
104.0 1.0467767302 0.0
143.0 1.07561473865 0.0
170.0 -15.6748383651 1.0
159.0 -15.7141678334 1.0
124.0 0.956483926255 0.0
0.0 1.04896644873 0.0
22.0 1.0533009144 0.0
194.0 -3.17979923542 0.0
101.0 0.985873096155 0.0
13.0 1.00863773388 0.0
149.0 1.07226829563 0.0
186.0 1.19472360564 0.0
198.0 -15.8373893244 1.0
176.0 -15.6586773512 1.0
object 79	1.0:0.5 14.1345773631:0.5
22.0 1.04525256897 0.0
163.0 0.994437491994 0.0
9.0 14.1890233036 1.0
11.0 0.887707265339 0.0
133.0 0.871243755102 0.0
68.0 14.1584289985 1.0
172.0 1.00092744869 0.0
51.0 0.965091413295 0.0
158.0 0.959924055848 0.0
0.0 0.986947256138 0.0
69.0 14.1503177531 1.0
112.0 14.1000224091 1.0
56.0 0.982494093117 0.0
79.0 1.0491152271 0.0
14.0 14.1708372907 1.0
63.0 14.0637853672 1.0
28.0 14.1796518494 1.0
64.0 14.1499653784 1.0
44.0 13.9941960078 1.0
47.0 0.910213388923 0.0
111.0 14.1603588285 1.0
187.0 11.6129794191 1.0
157.0 0.968645488067 0.0
127.0 14.0144326411 1.0
168.0 1.04123322749 0.0
144.0 14.2340629735 1.0
196.0 4.33910654322 0.0
36.0 1.04086314962 0.0
101.0 14.1940540566 1.0
129.0 1.04610172245 0.0
24.0 0.97830476244 0.0
94.0 0.982276740561 0.0
object 80	1.0:0.5 17.0344862173:0.5
184.0 -1.37194336339 0.0
82.0 17.0407596966 1.0
19.0 0.897957837587 0.0
149.0 0.987216767446 0.0
10.0 17.0435861002 1.0
127.0 1.05785952942 0.0
74.0 17.1037605555 1.0
88.0 17.0831056989 1.0
2.0 17.019588226 1.0
57.0 16.9540546942 1.0
16.0 17.0004770314 1.0
102.0 17.0486074742 1.0
93.0 16.9316014487 1.0
91.0 17.0140051725 1.0
29.0 17.1053312394 1.0
46.0 1.07152342258 0.0
114.0 0.99141744427 0.0
97.0 16.9875883393 1.0
83.0 0.977930691701 0.0
56.0 17.008427701 1.0
197.0 12.2876769954 1.0
186.0 2.39710984055 0.0
80.0 17.0506032339 1.0
182.0 -7.31410153402 0.0
130.0 0.969076928898 0.0
23.0 17.0195518238 1.0
26.0 17.0187713148 1.0
38.0 0.978219899435 0.0
110.0 0.988529117115 0.0
139.0 17.0285762361 1.0
28.0 17.0780148712 1.0
4.0 1.01035645587 0.0
128.0 1.03324513118 0.0
33.0 17.0442314236 1.0
1.0 17.1151344632 1.0
object 81	1.0:0.5 -8.45624435431:0.5
36.0 -8.4531123088 1.0
155.0 1.06898358747 0.0
145.0 -8.45583304517 1.0
45.0 -8.44205316605 1.0
44.0 -8.44007300453 1.0
192.0 -7.87652835172 1.0
7.0 0.891552873059 0.0
103.0 0.993938976 0.0
60.0 -8.42619439007 1.0
30.0 1.00296324153 0.0
42.0 1.03798022554 0.0
131.0 -8.47246282909 1.0
23.0 -8.42119508242 1.0
161.0 0.959056142448 0.0
134.0 -8.42056853564 1.0
85.0 0.928299487797 0.0
105.0 -8.50560578928 1.0
121.0 0.976991102688 0.0
99.0 -8.48487896318 1.0
167.0 1.01227069324 0.0
object 82	1.0:0.5 12.9355707712:0.5
191.0 11.4416596183 0.0
60.0 12.9274674433 1.0
74.0 1.0241089249 0.0
171.0 1.0084354458 0.0
107.0 0.970864861189 0.0
75.0 12.9856585702 1.0
104.0 0.974390919399 0.0
126.0 0.999828186485 0.0
28.0 0.982919993881 0.0
68.0 0.920173602318 0.0
19.0 12.8473029465 1.0
76.0 12.9113030467 1.0
113.0 12.8739289906 1.0
108.0 12.9237957128 1.0
139.0 1.03063365411 0.0
44.0 12.931233882 1.0
127.0 12.9482674526 1.0
140.0 1.03764764594 0.0
79.0 12.9925809531 1.0
1.0 1.02169610041 0.0
88.0 12.9426183924 1.0
77.0 13.002620162 1.0
90.0 1.04344213071 0.0
7.0 0.964443642185 0.0
98.0 12.9435880236 1.0
72.0 12.9798440268 1.0
73.0 13.0344601169 1.0
131.0 1.00124188662 0.0
53.0 0.986182187859 0.0
151.0 12.9751536022 1.0
37.0 12.9713538247 1.0
64.0 0.943522789799 0.0
65.0 0.992811296802 0.0
object 83	1.0:0.5 28.9510791939:0.5
100.0 28.9647274548 1.0
96.0 28.8412291314 1.0
186.0 0.50696283762 0.0
163.0 0.956622660593 0.0
111.0 29.0344664835 1.0
116.0 29.0206053568 1.0
196.0 29.1235347068 1.0
132.0 0.974833229446 0.0
13.0 0.989648519425 0.0
177.0 0.957084085 0.0
15.0 0.961970372404 0.0
131.0 0.998392386978 0.0
42.0 28.9901822063 1.0
39.0 28.9955946164 1.0
78.0 0.978052756867 0.0
89.0 29.0103733203 1.0
162.0 0.960583533354 0.0
16.0 1.01680552158 0.0
199.0 7.56948706354 0.0
145.0 28.9119006065 1.0
167.0 1.05702212154 0.0
14.0 28.9417658222 1.0
67.0 29.0294055006 1.0
86.0 0.977193101131 0.0
110.0 28.9907542131 1.0
179.0 28.9687441962 1.0
object 84	1.0:0.5 -1.15070733029:0.5
85.0 -1.16915758643 1.0
130.0 -1.08839966506 1.0
16.0 1.00870283529 0.0
114.0 1.03447921418 0.0
118.0 1.03265697115 0.0
194.0 -0.654109248181 1.0
189.0 -4.52480979977 0.0
75.0 -1.15418155687 1.0
48.0 -1.16916356936 1.0
4.0 -1.11010120498 1.0
103.0 -1.14066335903 1.0
25.0 0.903833821379 0.0
146.0 0.998835211221 0.0
160.0 0.98391092427 0.0
65.0 1.02510427414 0.0
99.0 1.00523608295 0.0
177.0 0.963567147735 0.0
72.0 -1.14975292019 1.0
197.0 4.52192725054 0.0
126.0 0.952462420201 0.0
86.0 0.953523615747 0.0
117.0 1.00152203325 0.0
172.0 1.0211092215 0.0
34.0 0.999388750976 0.0
198.0 -2.57273393667 1.0
158.0 -1.13273071751 1.0
47.0 0.98161246847 0.0
35.0 -1.1401947894 1.0
object 85	1.0:0.5 8.39461971914:0.5
93.0 8.415612141 1.0
50.0 8.41396101516 1.0
57.0 8.31546644799 1.0
74.0 8.33984104728 1.0
95.0 1.014010889 0.0
101.0 8.41038083085 1.0
22.0 8.38605123122 1.0
5.0 0.975521657303 0.0
158.0 8.40161390347 1.0
137.0 0.999614902668 0.0
1.0 0.945186543254 0.0
107.0 1.1355867463 0.0
152.0 1.02878799288 0.0
159.0 1.09459693427 0.0
58.0 1.05563510815 0.0
185.0 9.25569122941 1.0
12.0 1.03934935505 0.0
18.0 8.39975885894 1.0
26.0 8.34033985409 1.0
139.0 8.3370766629 1.0
48.0 8.26955078736 1.0
126.0 1.0392945872 0.0
112.0 8.36912247517 1.0
59.0 0.992594773825 0.0
134.0 1.00393199048 0.0
150.0 8.49533455725 1.0
27.0 1.08349557507 0.0
140.0 1.07791395414 0.0
115.0 8.37407383625 1.0
164.0 1.07419359438 0.0
135.0 8.45247034382 1.0
11.0 1.04125527197 0.0
21.0 8.44953478254 1.0
90.0 0.986404249366 0.0
54.0 0.975222684492 0.0
56.0 1.01619970441 0.0
16.0 1.01090752194 0.0
111.0 8.37468011313 1.0
145.0 8.34158292289 1.0
object 86	1.0:0.5 9.02899332358:0.5
29.0 9.01256689706 1.0
49.0 1.00063671977 0.0
17.0 9.03366432417 1.0
51.0 0.930298789928 0.0
112.0 1.03200667715 0.0
180.0 10.962338144 1.0
129.0 8.96819807714 1.0
160.0 8.98056043162 1.0
40.0 0.988926593393 0.0
149.0 9.07224460281 1.0
181.0 7.28999690509 1.0
121.0 1.02141892756 0.0
94.0 1.00960056889 0.0
88.0 1.00012760032 0.0
127.0 0.897784366316 0.0
151.0 1.04122294659 0.0
114.0 0.924465258653 0.0
176.0 1.04043092166 0.0
1.0 9.02137657026 1.0
78.0 0.934969702374 0.0
95.0 9.07842690773 1.0
182.0 13.5679082078 1.0
128.0 1.04631387976 0.0
12.0 1.00026036761 0.0
77.0 9.10633617281 1.0
84.0 1.04594272175 0.0
111.0 1.01282482765 0.0
object 87	1.0:0.5 -32.772041474:0.5
11.0 -32.725131514 1.0
143.0 -32.6646457911 1.0
78.0 1.1063636546 0.0
62.0 1.05158120468 0.0
163.0 -32.764668308 1.0
1.0 -32.7510127959 1.0
185.0 0.927867316522 0.0
123.0 -32.7356782772 1.0
8.0 -32.7474857864 1.0
151.0 1.02667620307 0.0
153.0 1.04679444552 0.0
189.0 -0.782014107539 0.0
29.0 1.0111427027 0.0
148.0 0.958334506923 0.0
160.0 0.967319021596 0.0
141.0 -32.7490253034 1.0
166.0 -32.7467119335 1.0
27.0 1.00766069927 0.0
156.0 -32.7332175592 1.0
175.0 0.942398264608 0.0
44.0 -32.7270217708 1.0
198.0 0.193511175557 0.0
173.0 1.00220971517 0.0
105.0 -32.758846282 1.0
93.0 0.994794394322 0.0
95.0 0.960474564689 0.0
79.0 0.880074792238 0.0
98.0 1.04987428887 0.0
38.0 -32.7678299718 1.0
197.0 -40.5107800453 1.0
54.0 0.988979883866 0.0
13.0 1.01274644013 0.0
168.0 -32.7191899448 1.0
191.0 2.77254163521 0.0
33.0 -32.8034595578 1.0
51.0 1.14070788492 0.0
196.0 -22.8801876709 1.0
94.0 -32.7480260704 1.0
182.0 13.5088006225 0.0
103.0 1.0410822534 0.0
192.0 -36.0823401353 1.0
5.0 -32.7497297241 1.0
84.0 1.00492598409 0.0
68.0 -32.7043306026 1.0
112.0 1.01124384595 0.0
object 88	1.0:0.5 -5.9209883005:0.5
122.0 1.01289573753 0.0
186.0 -5.48906269647 1.0
159.0 -5.90750594071 1.0
181.0 -6.42217730908 1.0
124.0 -5.86307221085 1.0
63.0 -5.94914130281 1.0
60.0 -5.89124733168 1.0
126.0 0.941195631386 0.0
81.0 0.953832468937 0.0
179.0 0.974926385812 0.0
52.0 -5.83699059362 1.0
36.0 1.08260799947 0.0
123.0 -5.94164357502 1.0
132.0 0.972475292017 0.0
90.0 1.06348031338 0.0
109.0 -5.98645963789 1.0
62.0 0.916069291794 0.0
8.0 1.02483673458 0.0
14.0 -5.90007179387 1.0
2.0 1.04907824245 0.0
191.0 -8.67463693968 1.0
51.0 0.966350353238 0.0
119.0 -5.9207735325 1.0
99.0 -5.93123571946 1.0
61.0 0.945746910546 0.0
184.0 -7.90833406144 1.0
174.0 1.07060520086 0.0
29.0 -5.91987077768 1.0
object 89	1.0:0.5 15.1171946846:0.5
88.0 0.970800226499 0.0
10.0 1.00546693173 0.0
106.0 15.1907018116 1.0
141.0 0.998419815672 0.0
67.0 0.901668359918 0.0
104.0 0.927937313906 0.0
159.0 15.1537898773 1.0
191.0 -0.102259917378 0.0
95.0 15.1201838783 1.0
122.0 15.2143681423 1.0
48.0 15.0673085251 1.0
120.0 15.1630820006 1.0
142.0 0.975287180518 0.0
86.0 1.0170399167 0.0
29.0 0.994419345548 0.0
124.0 15.1975870581 1.0
1.0 1.04306451598 0.0
99.0 15.1136437969 1.0
92.0 0.967662424587 0.0
25.0 1.03766790529 0.0
34.0 0.924688409723 0.0
188.0 18.5868604761 1.0
129.0 1.10760247092 0.0
object 90	1.0:0.5 -2.04793706762:0.5
47.0 0.950850669022 0.0
128.0 1.02397103966 0.0
87.0 -2.06778607006 1.0
46.0 -2.08579581352 1.0
105.0 -2.07696508832 1.0
121.0 -2.0122352254 1.0
50.0 0.979510837354 0.0
7.0 -2.04475046279 1.0
94.0 -2.14208802701 1.0
61.0 -1.9969007022 1.0
176.0 1.0701622372 0.0
15.0 -1.97116383175 1.0
81.0 -2.02533187309 1.0
163.0 0.994793938693 0.0
101.0 1.00309275202 0.0
197.0 1.08226898579 0.0
17.0 -2.05773540527 1.0
48.0 1.0277206563 0.0
2.0 -2.00080719166 1.0
20.0 1.06146056934 0.0
42.0 1.05950280178 0.0
83.0 0.879623801726 0.0
179.0 -1.97878854289 1.0
148.0 -2.04246337402 1.0
74.0 1.02374676562 0.0
23.0 -2.00976937077 1.0
166.0 0.932106573603 0.0
171.0 -1.98412219324 1.0
189.0 0.642816593194 0.0
53.0 0.973514521422 0.0
108.0 -1.95325012369 1.0
158.0 0.96065530261 0.0
12.0 -1.91185422753 1.0
object 91	1.0:0.5 14.1627642009:0.5
2.0 14.1421024756 1.0
155.0 14.1770763865 1.0
136.0 14.1588325288 1.0
195.0 2.71265707944 0.0
39.0 14.1568038681 1.0
67.0 14.1886683843 1.0
83.0 14.2727536676 1.0
193.0 2.95046647595 0.0
184.0 -1.72584808178 0.0
198.0 1.70133426596 0.0
87.0 1.02636403355 0.0
97.0 0.997128876793 0.0
161.0 14.1370295035 1.0
137.0 0.963526286546 0.0
89.0 14.1770490609 1.0
107.0 0.986087032998 0.0
47.0 0.929536975847 0.0
10.0 0.910140791383 0.0
1.0 0.912461742618 0.0
131.0 14.134217517 1.0
50.0 0.974262567108 0.0
33.0 14.1225733544 1.0
120.0 0.987948153011 0.0
169.0 1.02969449401 0.0
7.0 1.07103955808 0.0
51.0 1.01622339826 0.0
object 92	1.0:0.5 0.276857382876:0.5
41.0 0.231595239498 1.0
73.0 0.256933102966 1.0
76.0 0.905983594673 0.0
149.0 0.221043218291 1.0
145.0 0.988259024019 0.0
164.0 1.01705318866 0.0
29.0 0.296088877593 1.0
18.0 0.357883360725 1.0
119.0 1.01148972862 0.0
107.0 1.00433400886 0.0
32.0 0.320853110893 1.0
14.0 0.209585521037 1.0
100.0 0.93711786987 0.0
162.0 0.941929257611 0.0
60.0 1.01790970667 0.0
181.0 2.71308630076 1.0
90.0 0.229455996625 1.0
53.0 0.340653385574 1.0
42.0 1.01576830412 0.0
128.0 0.281295397947 1.0
127.0 0.376666577739 1.0
129.0 0.295563223044 1.0
177.0 0.299157503301 1.0
61.0 0.332276168478 1.0
11.0 1.05629414388 0.0
38.0 1.04789197577 0.0
object 93	1.0:0.5 -10.2485612755:0.5
167.0 -10.3136719284 1.0
80.0 -10.1965337451 1.0
165.0 -10.2594323323 1.0
157.0 1.01250774065 0.0
26.0 1.0239757237 0.0
78.0 0.900169636922 0.0
4.0 -10.2467085872 1.0
77.0 -10.1564594249 1.0
131.0 1.04863770543 0.0
81.0 0.991045553287 0.0
20.0 -10.2366687284 1.0
21.0 -10.2772318763 1.0
2.0 0.930335794489 0.0
123.0 1.07942534126 0.0
101.0 0.967285621248 0.0
31.0 0.990510029511 0.0
16.0 1.02036452216 0.0
53.0 -10.1682302428 1.0
176.0 0.922279995586 0.0
134.0 1.06614308127 0.0
65.0 1.02389183744 0.0
141.0 -10.2931328919 1.0
175.0 1.06444378929 0.0
object 94	1.0:0.5 10.785643566:0.5
20.0 10.7451555245 1.0
0.0 1.07011207631 0.0
175.0 10.783229155 1.0
190.0 -4.88446276335 0.0
156.0 10.8488832478 1.0
68.0 10.7643234638 1.0
137.0 10.8403713032 1.0
133.0 10.7989841255 1.0
194.0 10.2566445663 1.0
72.0 0.951764362598 0.0
114.0 1.03245542366 0.0
38.0 1.10141607814 0.0
32.0 0.93226578675 0.0
61.0 10.8243138028 1.0
115.0 10.8431925056 1.0
131.0 1.00784273938 0.0
80.0 1.02189152142 0.0
12.0 0.977786565114 0.0
166.0 1.0439643727 0.0
104.0 0.918621293784 0.0
112.0 1.01157044455 0.0
120.0 10.8404484155 1.0
118.0 10.6434898625 1.0
125.0 10.7938434722 1.0
145.0 1.04630383127 0.0
86.0 1.00062008617 0.0
21.0 10.757735402 1.0
143.0 10.7031580586 1.0
168.0 1.02765376022 0.0
171.0 10.7511403586 1.0
40.0 1.01384410947 0.0
179.0 0.951787165462 0.0
object 95	1.0:0.5 -10.4759794967:0.5
5.0 -10.5257874267 1.0
39.0 -10.4718484628 1.0
98.0 -10.4960702671 1.0
30.0 0.978664380058 0.0
87.0 0.998334100432 0.0
130.0 1.11329893772 0.0
76.0 0.939090679613 0.0
199.0 -7.22474702509 1.0
194.0 -11.777781259 1.0
65.0 -10.5176115426 1.0
125.0 -10.4506894633 1.0
129.0 -10.4767393555 1.0
195.0 -9.44364534638 1.0
183.0 3.10867777833 0.0
46.0 -10.5065989956 1.0
77.0 1.02068385615 0.0
1.0 1.00006871038 0.0
100.0 -10.5413851144 1.0
118.0 1.03224982616 0.0
131.0 0.923731247379 0.0
154.0 -10.5201589791 1.0
72.0 1.06295928057 0.0
31.0 -10.5054592142 1.0
182.0 -11.7140108656 1.0
17.0 0.981136687982 0.0
2.0 1.06652797608 0.0
134.0 -10.4089510492 1.0
0.0 1.03512001731 0.0
10.0 -10.4855957382 1.0
167.0 -10.477952731 1.0
157.0 -10.5111633243 1.0
object 96	1.0:0.5 3.95806762984:0.5
39.0 3.86253506152 1.0
156.0 3.87663642664 1.0
148.0 3.9562869919 1.0
117.0 3.96493700889 1.0
37.0 1.01813812757 0.0
22.0 0.967188314644 0.0
131.0 3.9604062739 1.0
74.0 3.93595089791 1.0
165.0 1.0140952336 0.0
71.0 3.92773852755 1.0
140.0 3.96319079166 1.0
190.0 0.761199509359 0.0
141.0 3.99017841012 1.0
103.0 0.928313699201 0.0
175.0 1.04612370022 0.0
21.0 0.965819787466 0.0
182.0 8.17126198974 1.0
47.0 4.01176978185 1.0
35.0 0.946070034877 0.0
136.0 0.988862407369 0.0
41.0 3.95803052208 1.0
85.0 3.97332497487 1.0
78.0 3.9697354383 1.0
158.0 0.978941414891 0.0
9.0 0.994323487127 0.0
133.0 0.982100880536 0.0
object 97	1.0:0.5 0.843717764285:0.5
142.0 0.869470063978 1.0
88.0 0.842016692262 1.0
68.0 1.03304471721 0.0
83.0 0.827880674669 1.0
190.0 -0.344235637018 1.0
60.0 0.836673861864 1.0
165.0 1.0045552408 0.0
20.0 0.883895192232 1.0
171.0 0.852882673016 1.0
9.0 0.900224637878 1.0
64.0 0.856549689533 1.0
65.0 0.942941303415 1.0
29.0 0.951113534509 0.0
178.0 0.984404591756 0.0
18.0 0.800564365718 1.0
86.0 1.02481137898 0.0
53.0 0.838885567208 1.0
182.0 -5.43075303002 1.0
100.0 0.972762558307 0.0
193.0 3.13326277575 0.0
79.0 1.01593784427 0.0
161.0 1.04705051151 0.0
191.0 0.984438706512 1.0
188.0 0.772867322592 1.0
116.0 0.905217068313 1.0
184.0 5.77264909761 1.0
31.0 0.776799478318 1.0
77.0 0.863242814489 1.0
object 98	1.0:0.5 -6.87458499742:0.5
68.0 0.900434421605 0.0
33.0 0.991417442066 0.0
191.0 -1.81717826952 0.0
170.0 0.96126482504 0.0
199.0 -8.31915913923 1.0
192.0 0.570990612804 0.0
101.0 -6.85908112941 1.0
31.0 -6.8550441521 1.0
76.0 0.954251985224 0.0
77.0 -6.92373925478 1.0
43.0 1.02695812995 0.0
92.0 -6.86432593532 1.0
0.0 0.964666466201 0.0
46.0 1.02774199684 0.0
172.0 0.97018517542 0.0
127.0 0.918942670042 0.0
184.0 2.77974650517 0.0
175.0 -6.92782250568 1.0
75.0 0.94549421205 0.0
11.0 1.05107968281 0.0
113.0 -6.84099870748 1.0
47.0 -6.8557417239 1.0
55.0 0.972155629379 0.0
189.0 -0.0564017185801 0.0
object 99	1.0:0.5 -3.74648197951:0.5
149.0 0.9743056672 0.0
75.0 0.953567019258 0.0
96.0 0.974554315827 0.0
65.0 -3.71410046691 1.0
62.0 -3.7651721562 1.0
109.0 0.994403792327 0.0
114.0 -3.71389903198 1.0
4.0 -3.77566023889 1.0
29.0 -3.74120788156 1.0
9.0 1.01027975492 0.0
172.0 0.999269833517 0.0
54.0 0.986270530492 0.0
83.0 1.03075132075 0.0
34.0 -3.7638932906 1.0
138.0 -3.69508208262 1.0
92.0 -3.70434611103 1.0
39.0 -3.67595405076 1.0
152.0 1.02070189709 0.0
16.0 0.941174759472 0.0
35.0 0.974619144261 0.0
33.0 -3.66928782505 1.0
6.0 0.924922723993 0.0
77.0 -3.74122723032 1.0
186.0 1.41716541901 1.0
85.0 -3.71793441957 1.0
123.0 0.992786497173 0.0
21.0 1.00021269352 0.0
166.0 0.995208323094 0.0
108.0 -3.8140222076 1.0
69.0 -3.68933705453 1.0
122.0 -3.69928701033 1.0
167.0 1.01751502518 0.0
49.0 1.09121560611 0.0
61.0 -3.65898085537 1.0
76.0 -3.76148464757 1.0
196.0 -0.348703224714 1.0
57.0 0.952614818825 0.0
41.0 1.07085892789 0.0
