object 0	1.0:1.0
80.0 0.983217715261 1.0
149.0 1.02260427452 1.0
160.0 2.38611990555 1.0
object 1	1.0:1.0
179.0 0.331448562181 1.0
95.0 0.963485344048 1.0
object 2	1.0:1.0
197.0 -1.50720695837 1.0
195.0 -5.13098975825 1.0
object 3	1.0:1.0
121.0 1.01353916613 1.0
24.0 1.02416498859 1.0
21.0 0.960305949529 1.0
object 4	1.0:1.0
43.0 1.00362234389 1.0
122.0 1.02418116521 1.0
59.0 0.953207087599 1.0
125.0 0.972375974805 1.0
194.0 -0.631558174725 1.0
object 5	1.0:1.0
156.0 0.979898910592 1.0
122.0 1.01744566255 1.0
189.0 -2.26193057042 1.0
14.0 1.05763343745 1.0
object 6	1.0:1.0
54.0 1.00067946684 1.0
117.0 1.00216607196 1.0
189.0 1.06261392892 1.0
155.0 0.998643684825 1.0
120.0 1.01639470297 1.0
139.0 1.00184231529 1.0
object 7	1.0:1.0
120.0 1.00369158282 1.0
39.0 0.960886869973 1.0
85.0 1.00387805826 1.0
90.0 1.01627533481 1.0
67.0 1.02029301616 1.0
object 8	1.0:1.0
140.0 1.03270422545 1.0
133.0 0.987271851028 1.0
object 9	1.0:1.0
191.0 -0.830010358189 1.0
115.0 1.00463756398 1.0
object 10	1.0:1.0
45.0 0.980848954778 1.0
98.0 0.994295193547 1.0
23.0 0.967526215613 1.0
119.0 1.02308881933 1.0
97.0 0.968463361635 1.0
object 11	1.0:1.0
45.0 0.995609974786 1.0
31.0 0.997122905423 1.0
object 12	1.0:1.0
0.0 0.995806755437 1.0
89.0 0.990506765709 1.0
object 13	1.0:1.0
156.0 1.06800160884 1.0
148.0 0.944140000571 1.0
72.0 0.993265667035 1.0
55.0 0.951733139784 1.0
object 14	1.0:1.0
169.0 -1.02744399733 1.0
134.0 0.993644280543 1.0
object 15	1.0:1.0
15.0 1.05156389375 1.0
134.0 1.0328289042 1.0
object 16	1.0:1.0
4.0 1.03696551198 1.0
72.0 1.02537531057 1.0
object 17	1.0:1.0
93.0 0.94283912496 1.0
188.0 3.42800022406 1.0
object 18	1.0:1.0
12.0 1.00962770337 1.0
18.0 0.929136529327 1.0
54.0 0.976333475564 1.0
41.0 0.943198774979 1.0
166.0 0.033050597197 1.0
128.0 1.0387803572 1.0
object 19	1.0:1.0
72.0 1.01892986364 1.0
192.0 3.84274154881 1.0
object 20	1.0:1.0
73.0 1.0674031855 1.0
117.0 1.03417714386 1.0
object 21	1.0:1.0
157.0 1.01887173609 1.0
165.0 1.27008178464 1.0
object 22	1.0:1.0
160.0 4.15424905639 1.0
176.0 0.680319655687 1.0
object 23	1.0:1.0
72.0 0.972137965394 1.0
30.0 0.931998487259 1.0
object 24	1.0:1.0
106.0 1.00504138278 1.0
85.0 0.98951943711 1.0
object 25	1.0:1.0
16.0 1.00049009735 1.0
33.0 1.07287020459 1.0
132.0 1.06233418637 1.0
193.0 0.928161605834 1.0
192.0 1.40685906949 1.0
object 26	1.0:1.0
128.0 1.00401423083 1.0
183.0 -0.768617231304 1.0
object 27	1.0:1.0
109.0 1.02717454576 1.0
118.0 1.00744931673 1.0
object 28	1.0:1.0
140.0 1.02683706461 1.0
159.0 1.04275885029 1.0
83.0 1.05284412196 1.0
152.0 1.00196935336 1.0
object 29	1.0:1.0
11.0 1.02693803677 1.0
45.0 1.02913077483 1.0
object 30	1.0:1.0
101.0 0.951607169145 1.0
191.0 2.56426529895 1.0
185.0 2.35994487336 1.0
87.0 1.03726614181 1.0
object 31	1.0:1.0
148.0 0.973394495516 1.0
4.0 1.09521846567 1.0
object 32	1.0:1.0
116.0 0.998410028852 1.0
108.0 0.984620445579 1.0
38.0 0.940149170691 1.0
62.0 1.00345788069 1.0
object 33	1.0:1.0
89.0 0.971521540773 1.0
176.0 -0.372714099298 1.0
115.0 0.99949567928 1.0
83.0 0.960155230436 1.0
object 34	1.0:1.0
83.0 0.976732583039 1.0
148.0 1.08888506934 1.0
object 35	1.0:1.0
143.0 1.00707053807 1.0
199.0 1.03008395645 1.0
object 36	1.0:1.0
94.0 0.97520009636 1.0
185.0 -1.27137670677 1.0
120.0 0.988077095361 1.0
75.0 1.0147603385 1.0
object 37	1.0:1.0
43.0 1.04423093317 1.0
77.0 0.981384477495 1.0
object 38	1.0:1.0
115.0 1.02072282543 1.0
132.0 0.954427705864 1.0
66.0 1.01460742314 1.0
36.0 0.990883619165 1.0
118.0 1.00343667402 1.0
161.0 -3.03980330638 1.0
object 39	1.0:1.0
173.0 0.0476738964984 1.0
46.0 0.979537904715 1.0
object 40	1.0:1.0
70.0 0.997150262238 1.0
162.0 3.52522072556 1.0
13.0 0.997795554517 1.0
17.0 0.989492475099 1.0
object 41	1.0:1.0
56.0 1.00708068616 1.0
29.0 1.01713610978 1.0
49.0 0.996893501271 1.0
136.0 0.960686833083 1.0
object 42	1.0:1.0
155.0 0.979539158943 1.0
53.0 0.990621967548 1.0
143.0 0.996967235964 1.0
109.0 1.02516969572 1.0
object 43	1.0:1.0
87.0 0.955547340432 1.0
106.0 1.00965973593 1.0
object 44	1.0:1.0
118.0 0.978689646882 1.0
58.0 0.992126810188 1.0
33.0 1.02178260424 1.0
object 45	1.0:1.0
111.0 0.97164013957 1.0
3.0 0.986968983918 1.0
object 46	1.0:1.0
160.0 4.26428651285 1.0
2.0 0.973858658601 1.0
16.0 1.00779954025 1.0
object 47	1.0:1.0
117.0 0.953814924978 1.0
131.0 1.03804677887 1.0
object 48	1.0:1.0
28.0 1.04001708827 1.0
181.0 3.05248422386 1.0
object 49	1.0:1.0
89.0 0.975323022694 1.0
63.0 1.06594353425 1.0
42.0 1.05739183391 1.0
object 50	1.0:1.0
4.0 0.980908346369 1.0
93.0 1.00428726366 1.0
118.0 0.993832603542 1.0
object 51	1.0:1.0
136.0 1.02464610147 1.0
192.0 -1.47462098271 1.0
11.0 1.04902106341 1.0
object 52	1.0:1.0
134.0 0.987425305853 1.0
70.0 1.00472826216 1.0
object 53	1.0:1.0
85.0 0.99835318964 1.0
9.0 0.972166082516 1.0
60.0 0.995486350131 1.0
39.0 1.01008699766 1.0
154.0 0.978179029784 1.0
object 54	1.0:1.0
82.0 0.990922950586 1.0
89.0 1.07364339236 1.0
object 55	1.0:1.0
195.0 -0.043444859961 1.0
109.0 1.04655609938 1.0
object 56	1.0:1.0
83.0 0.993321327029 1.0
179.0 0.525479442662 1.0
49.0 1.00218394727 1.0
123.0 0.991342409054 1.0
177.0 4.2978231528 1.0
101.0 1.07190440395 1.0
object 57	1.0:1.0
87.0 0.984639293198 1.0
167.0 2.47219310365 1.0
object 58	1.0:1.0
124.0 1.0139751568 1.0
29.0 0.988609995608 1.0
159.0 0.988214454776 1.0
34.0 1.00769847749 1.0
112.0 1.03303529782 1.0
175.0 -4.01630219461 1.0
object 59	1.0:1.0
140.0 0.983463845503 1.0
153.0 0.99707805567 1.0
80.0 0.987614409769 1.0
141.0 1.03703259712 1.0
object 60	1.0:1.0
5.0 0.975166786309 1.0
48.0 0.971754879001 1.0
object 61	1.0:1.0
68.0 0.982197248598 1.0
123.0 0.983457068559 1.0
60.0 0.980725501878 1.0
129.0 0.971998746131 1.0
object 62	1.0:1.0
17.0 0.998961054059 1.0
58.0 0.995757952454 1.0
object 63	1.0:1.0
192.0 -0.220214109788 1.0
142.0 0.969554510705 1.0
object 64	1.0:1.0
70.0 0.998707727713 1.0
81.0 1.00032622639 1.0
57.0 0.952189915658 1.0
object 65	1.0:1.0
148.0 1.01372178781 1.0
30.0 1.00820799744 1.0
193.0 2.74717909139 1.0
90.0 0.972571690466 1.0
object 66	1.0:1.0
134.0 0.996951339311 1.0
99.0 0.995213001653 1.0
96.0 1.01871019512 1.0
86.0 1.05029135017 1.0
149.0 0.977898221839 1.0
object 67	1.0:1.0
72.0 1.04949439222 1.0
185.0 0.582216629547 1.0
136.0 1.01887692228 1.0
83.0 1.07015717866 1.0
2.0 0.993605283582 1.0
77.0 1.00985480559 1.0
161.0 3.25120212111 1.0
object 68	1.0:1.0
4.0 1.03232671833 1.0
198.0 0.0721382835132 1.0
92.0 1.00320249098 1.0
37.0 0.997166854467 1.0
object 69	1.0:1.0
104.0 0.961686219732 1.0
10.0 1.01653189241 1.0
object 70	1.0:1.0
144.0 0.957753385728 1.0
150.0 1.03686678739 1.0
object 71	1.0:1.0
93.0 0.943656124314 1.0
77.0 1.01881557794 1.0
121.0 0.986042668236 1.0
182.0 -2.42544884977 1.0
object 72	1.0:1.0
97.0 1.00661697705 1.0
34.0 0.979024160386 1.0
object 73	1.0:1.0
168.0 -1.28681578894 1.0
21.0 1.01076426225 1.0
193.0 1.3459000973 1.0
object 74	1.0:1.0
106.0 1.01260194399 1.0
66.0 1.00839356932 1.0
object 75	1.0:1.0
63.0 1.04596248051 1.0
159.0 0.980742216402 1.0
168.0 0.752965790802 1.0
199.0 0.028900829604 1.0
object 76	1.0:1.0
160.0 2.51834160628 1.0
97.0 1.00250291368 1.0
185.0 1.70237162372 1.0
object 77	1.0:1.0
40.0 0.997172196184 1.0
129.0 1.06604062872 1.0
object 78	1.0:1.0
104.0 0.986408936871 1.0
147.0 1.10450087561 1.0
94.0 1.00891982583 1.0
object 79	1.0:1.0
66.0 0.98629952751 1.0
11.0 1.03829684997 1.0
97.0 1.01354232457 1.0
object 80	1.0:1.0
68.0 1.00138004783 1.0
161.0 6.85687316303 1.0
199.0 2.20244515441 1.0
object 81	1.0:1.0
18.0 0.986536326375 1.0
162.0 1.15068966427 1.0
146.0 0.985209799163 1.0
object 82	1.0:1.0
110.0 0.973198818324 1.0
75.0 1.00044526458 1.0
object 83	1.0:1.0
180.0 3.20830251448 1.0
104.0 0.996557397837 1.0
11.0 0.972055072078 1.0
object 84	1.0:1.0
123.0 1.00725169345 1.0
85.0 1.00145856542 1.0
194.0 3.44137936588 1.0
object 85	1.0:1.0
51.0 1.00075894976 1.0
195.0 4.28765793913 1.0
190.0 1.55696415869 1.0
object 86	1.0:1.0
110.0 0.962610952893 1.0
22.0 0.985058049096 1.0
object 87	1.0:1.0
148.0 1.04570826164 1.0
102.0 0.998714969821 1.0
object 88	1.0:1.0
132.0 1.02884020988 1.0
119.0 1.0030678746 1.0
object 89	1.0:1.0
119.0 1.00103104351 1.0
105.0 1.01212934913 1.0
object 90	1.0:1.0
166.0 1.39052838292 1.0
150.0 0.956274467274 1.0
109.0 1.02873064936 1.0
179.0 0.0202138502275 1.0
181.0 -2.1479565906 1.0
57.0 1.02618855969 1.0
121.0 1.07057070775 1.0
object 91	1.0:1.0
10.0 0.981139474933 1.0
178.0 3.76138422605 1.0
199.0 1.55375778314 1.0
object 92	1.0:1.0
95.0 1.00931259282 1.0
140.0 0.963428953025 1.0
152.0 1.02912626209 1.0
145.0 1.0161233589 1.0
object 93	1.0:1.0
62.0 0.997164012922 1.0
31.0 1.02423097138 1.0
37.0 0.999215871377 1.0
70.0 0.982819131034 1.0
74.0 1.0217452609 1.0
object 94	1.0:1.0
74.0 0.998771781001 1.0
158.0 0.983206145839 1.0
object 95	1.0:1.0
44.0 1.00555745997 1.0
25.0 1.0027726545 1.0
133.0 1.01988992292 1.0
object 96	1.0:1.0
69.0 0.999963740014 1.0
53.0 0.999346251115 1.0
111.0 0.999880324152 1.0
119.0 1.01930953117 1.0
object 97	1.0:1.0
85.0 1.01041095902 1.0
43.0 1.00983296211 1.0
20.0 1.09224568302 1.0
57.0 1.08207854365 1.0
object 98	1.0:1.0
23.0 0.995844936249 1.0
128.0 1.05411019617 1.0
98.0 1.02414736595 1.0
39.0 0.960282425626 1.0
85.0 1.00289926661 1.0
37.0 1.02320183565 1.0
object 99	1.0:1.0
134.0 0.952508974266 1.0
102.0 0.993463395535 1.0
46.0 1.01785498249 1.0
70.0 1.00874070305 1.0
