object 0	1.0:1.0
135.0 1.00780908499 1.0
25.0 0.971124151044 1.0
97.0 0.995546724553 1.0
105.0 0.991382764482 1.0
36.0 1.05711374835 1.0
100.0 0.992281307576 1.0
72.0 1.04075852256 1.0
64.0 0.996805639908 1.0
134.0 1.02418800044 1.0
179.0 1.01323329108 1.0
194.0 -0.513394833045 1.0
55.0 1.00989412863 1.0
2.0 0.960723904167 1.0
115.0 0.981368734984 1.0
51.0 0.973135234745 1.0
31.0 0.998598721396 1.0
88.0 1.01849215904 1.0
147.0 0.959846682133 1.0
186.0 3.92745232224 1.0
46.0 0.949063072524 1.0
162.0 1.03824109447 1.0
49.0 1.00175424286 1.0
183.0 2.78085764718 1.0
12.0 0.99403411834 1.0
object 1	1.0:1.0
186.0 -10.0113862335 1.0
155.0 0.969022956667 1.0
75.0 1.02423191255 1.0
64.0 1.03736384701 1.0
15.0 1.11479003036 1.0
111.0 0.995308524977 1.0
196.0 -1.58863291126 1.0
181.0 -2.36595923697 1.0
19.0 1.00620815679 1.0
140.0 1.05271935215 1.0
41.0 0.993289253779 1.0
125.0 0.899462859255 1.0
129.0 0.935331938557 1.0
173.0 1.05070061334 1.0
84.0 0.977829081671 1.0
5.0 0.997517190846 1.0
199.0 5.1262308294 1.0
143.0 0.979389976431 1.0
31.0 1.0076724641 1.0
136.0 1.01869974505 1.0
133.0 1.00265255073 1.0
102.0 1.01524684039 1.0
105.0 0.997968452318 1.0
117.0 1.00268528571 1.0
92.0 1.05914621375 1.0
194.0 0.776809536154 1.0
150.0 0.95829609222 1.0
28.0 1.00149592069 1.0
131.0 1.02331396396 1.0
50.0 1.01155742832 1.0
76.0 0.979050097619 1.0
13.0 0.966065882524 1.0
109.0 1.00984584831 1.0
184.0 -1.190662968 1.0
193.0 -1.45731074318 1.0
156.0 1.01105396223 1.0
object 2	1.0:1.0
183.0 -1.1812026942 1.0
148.0 1.00822136223 1.0
169.0 1.01143433216 1.0
58.0 0.994722407516 1.0
137.0 1.04321841015 1.0
177.0 0.986065874341 1.0
66.0 0.975218696106 1.0
142.0 0.946814188889 1.0
176.0 1.00764693791 1.0
11.0 1.0032275621 1.0
71.0 1.09353337688 1.0
111.0 0.910907031643 1.0
114.0 0.946792992636 1.0
77.0 1.0462642702 1.0
189.0 1.94630401714 1.0
43.0 0.994745020718 1.0
45.0 1.03638417695 1.0
162.0 0.956293628957 1.0
21.0 0.983233238308 1.0
69.0 0.948618287716 1.0
24.0 0.982135402438 1.0
96.0 0.991676655613 1.0
105.0 1.03833607734 1.0
object 3	1.0:1.0
156.0 0.998110303502 1.0
51.0 1.02066423666 1.0
19.0 1.00683855386 1.0
135.0 0.994760740666 1.0
64.0 0.964230080359 1.0
74.0 1.00621271157 1.0
1.0 1.02911431837 1.0
88.0 0.993502132907 1.0
193.0 0.75911527987 1.0
10.0 0.962053709743 1.0
151.0 1.01306766691 1.0
176.0 0.98217564328 1.0
190.0 -3.73716831342 1.0
2.0 1.0277246771 1.0
185.0 6.71477043039 1.0
122.0 0.944043437961 1.0
7.0 0.938087488952 1.0
194.0 0.280788829697 1.0
154.0 1.01930493383 1.0
189.0 2.12092104713 1.0
127.0 0.978887922367 1.0
136.0 0.962952621786 1.0
97.0 0.987946940414 1.0
52.0 1.01140571245 1.0
188.0 -2.10972966939 1.0
object 4	1.0:1.0
74.0 1.06598486541 1.0
33.0 0.96151409126 1.0
176.0 1.01071943618 1.0
62.0 1.02514766164 1.0
125.0 0.97017415471 1.0
189.0 -2.91577899687 1.0
14.0 0.996676032177 1.0
41.0 1.01099203757 1.0
178.0 1.00162342619 1.0
39.0 1.0047133211 1.0
191.0 -1.54300372013 1.0
139.0 1.01048556923 1.0
198.0 -8.0042115664 1.0
64.0 1.00269958676 1.0
186.0 4.5857009289 1.0
32.0 0.999172667615 1.0
82.0 0.993863422415 1.0
183.0 -2.10245172648 1.0
26.0 1.00773275302 1.0
193.0 -0.957402273857 1.0
188.0 0.888233932782 1.0
154.0 0.982562099942 1.0
180.0 1.28015297083 1.0
116.0 1.01206664328 1.0
87.0 0.979360849579 1.0
90.0 0.995147855527 1.0
object 5	1.0:1.0
115.0 1.0101238595 1.0
130.0 1.03492477254 1.0
81.0 1.0200053071 1.0
144.0 0.97744683468 1.0
92.0 0.983036850088 1.0
121.0 1.01829654251 1.0
52.0 1.0112701954 1.0
106.0 1.00301812867 1.0
1.0 0.995819563833 1.0
90.0 0.975001374603 1.0
15.0 0.984782027751 1.0
82.0 1.01732323449 1.0
154.0 0.980690080136 1.0
29.0 0.986090953586 1.0
152.0 1.00090812853 1.0
128.0 0.94846027843 1.0
4.0 1.01230330489 1.0
7.0 0.969578238965 1.0
116.0 1.02724176268 1.0
163.0 1.03939774125 1.0
62.0 1.012327656 1.0
33.0 1.00881424065 1.0
41.0 1.04403562535 1.0
178.0 1.03111150594 1.0
46.0 0.972704663686 1.0
138.0 0.981691704122 1.0
198.0 1.41187205694 1.0
49.0 0.990834970263 1.0
125.0 0.974059610286 1.0
192.0 0.614531294453 1.0
91.0 0.992765364245 1.0
134.0 1.00160567821 1.0
189.0 -0.161152209152 1.0
182.0 3.72489472444 1.0
180.0 6.09979986891 1.0
89.0 1.03078558291 1.0
181.0 0.815479480813 1.0
197.0 2.79823524374 1.0
177.0 0.971504395508 1.0
141.0 1.00858516458 1.0
101.0 1.00371166819 1.0
102.0 1.00559654976 1.0
20.0 1.04022628177 1.0
145.0 1.00062394444 1.0
object 6	1.0:1.0
30.0 1.04240584705 1.0
34.0 1.00205098684 1.0
193.0 4.76122092385 1.0
51.0 1.00873597257 1.0
108.0 0.952409946016 1.0
105.0 0.951272927683 1.0
61.0 0.993735775566 1.0
153.0 0.998161194641 1.0
186.0 -3.937805296 1.0
188.0 1.13911872716 1.0
94.0 1.01929524553 1.0
126.0 1.01521713876 1.0
155.0 0.971676603603 1.0
109.0 0.963310286091 1.0
76.0 1.00496887335 1.0
134.0 1.00645483362 1.0
165.0 0.943005239826 1.0
63.0 0.957031251606 1.0
199.0 -2.72854944164 1.0
194.0 3.97916417583 1.0
46.0 1.06751671152 1.0
111.0 0.949370786679 1.0
53.0 1.01796207028 1.0
177.0 0.995087287544 1.0
121.0 0.988320598372 1.0
92.0 1.02747152781 1.0
object 7	1.0:1.0
113.0 0.933914768903 1.0
38.0 1.0167306108 1.0
153.0 0.976665964543 1.0
130.0 0.966110809675 1.0
46.0 1.02080976808 1.0
102.0 1.00012027132 1.0
4.0 0.977344917387 1.0
135.0 0.990121007092 1.0
28.0 1.05646595891 1.0
148.0 0.999945010769 1.0
114.0 1.02959055768 1.0
57.0 0.960696918387 1.0
41.0 1.0286804614 1.0
76.0 1.01173194588 1.0
134.0 1.00225993342 1.0
59.0 1.02616950595 1.0
8.0 0.984972768677 1.0
173.0 0.920104644156 1.0
64.0 0.984517971769 1.0
183.0 2.59357337537 1.0
83.0 1.00128144782 1.0
89.0 1.03052764507 1.0
75.0 1.02353808864 1.0
7.0 0.987448745605 1.0
48.0 0.993574411363 1.0
73.0 1.01287389294 1.0
162.0 0.998215196735 1.0
125.0 1.06002990596 1.0
20.0 1.01240387245 1.0
object 8	1.0:1.0
112.0 0.990218363058 1.0
85.0 1.01171534427 1.0
104.0 0.995355980281 1.0
1.0 0.978160467587 1.0
121.0 1.04798654825 1.0
175.0 0.965970571606 1.0
164.0 1.00374708521 1.0
71.0 1.02316246195 1.0
111.0 0.950735970901 1.0
170.0 0.973509078309 1.0
129.0 0.882426611789 1.0
33.0 0.984446781161 1.0
153.0 0.947458179486 1.0
object 9	1.0:1.0
95.0 1.01234567 1.0
36.0 0.963986432356 1.0
136.0 0.981581404182 1.0
26.0 0.98720893606 1.0
109.0 1.00823831749 1.0
113.0 0.992117015245 1.0
159.0 0.997429863978 1.0
4.0 1.00666245628 1.0
41.0 1.01982063128 1.0
86.0 0.978695770362 1.0
38.0 1.01264308283 1.0
78.0 0.990259328656 1.0
153.0 0.954464603521 1.0
190.0 3.72261685 1.0
9.0 1.05376007258 1.0
165.0 0.999326408125 1.0
174.0 1.01154842152 1.0
79.0 1.00901733655 1.0
85.0 0.982869196129 1.0
120.0 1.00708439886 1.0
110.0 0.989363838064 1.0
68.0 1.02820466853 1.0
103.0 0.95752990646 1.0
72.0 1.05933134766 1.0
object 10	1.0:1.0
85.0 1.03131109169 1.0
41.0 1.01791472167 1.0
23.0 1.04638569768 1.0
103.0 1.00404133487 1.0
104.0 1.00674191841 1.0
164.0 0.994045822506 1.0
180.0 -0.226674329541 1.0
132.0 1.00782204397 1.0
11.0 0.997427347826 1.0
175.0 1.01324752921 1.0
62.0 1.00028697352 1.0
14.0 0.949737839102 1.0
119.0 0.963511543285 1.0
15.0 0.916766108903 1.0
26.0 1.03188769387 1.0
165.0 1.0115964758 1.0
196.0 5.28103834252 1.0
199.0 3.28396389956 1.0
140.0 1.00043776163 1.0
56.0 0.933737302603 1.0
39.0 1.01663902172 1.0
5.0 1.00559349561 1.0
42.0 1.01049650675 1.0
179.0 0.948787575154 1.0
151.0 1.01292438786 1.0
187.0 -1.72881640013 1.0
13.0 1.04102744303 1.0
198.0 -0.252550680522 1.0
6.0 0.930932885704 1.0
108.0 1.00878158243 1.0
126.0 1.01608420048 1.0
32.0 1.02770834653 1.0
object 11	1.0:1.0
159.0 1.00841127352 1.0
1.0 1.05222293109 1.0
119.0 0.934269171399 1.0
98.0 1.00678796551 1.0
28.0 1.01201458216 1.0
158.0 1.00069215763 1.0
104.0 1.00478157726 1.0
182.0 -2.7824528172 1.0
161.0 0.965884748418 1.0
89.0 0.963051625856 1.0
44.0 0.97953634936 1.0
124.0 0.986165194906 1.0
175.0 0.996466397772 1.0
15.0 0.976823139112 1.0
109.0 1.00122686307 1.0
12.0 1.00343718739 1.0
168.0 1.01033185033 1.0
95.0 1.02557391158 1.0
43.0 0.995862999315 1.0
66.0 1.01258461197 1.0
29.0 1.02127286256 1.0
5.0 1.01342693505 1.0
188.0 1.4553285696 1.0
112.0 0.939118915696 1.0
37.0 0.98221589154 1.0
176.0 0.970442981853 1.0
170.0 1.02961408326 1.0
143.0 0.974360186483 1.0
93.0 0.983277085237 1.0
191.0 -5.1791902846 1.0
63.0 0.996306866781 1.0
192.0 2.63015302237 1.0
40.0 0.982619755836 1.0
117.0 0.99217017944 1.0
73.0 1.00218175656 1.0
18.0 0.970386724833 1.0
object 12	1.0:1.0
12.0 1.01215615788 1.0
19.0 0.979758806893 1.0
154.0 0.971505669356 1.0
179.0 1.0271463611 1.0
60.0 0.978030539433 1.0
182.0 1.15778979618 1.0
53.0 1.03720016548 1.0
40.0 1.00337799214 1.0
136.0 0.988621219494 1.0
24.0 0.984736000408 1.0
118.0 0.965805746921 1.0
106.0 0.95963191513 1.0
135.0 0.993618586571 1.0
174.0 0.947725384015 1.0
11.0 1.01230129387 1.0
75.0 0.974175634406 1.0
68.0 0.954301977855 1.0
64.0 1.01875880584 1.0
195.0 -2.25831111967 1.0
15.0 0.999557102044 1.0
35.0 0.999346113802 1.0
138.0 0.978579790686 1.0
56.0 1.01434141994 1.0
110.0 0.985838591861 1.0
17.0 1.02134376235 1.0
188.0 1.83833059842 1.0
156.0 1.00303325438 1.0
33.0 1.00067069128 1.0
169.0 0.94196681228 1.0
34.0 1.06423158668 1.0
4.0 1.01021222341 1.0
119.0 0.944313861091 1.0
143.0 0.994719048547 1.0
185.0 -4.11356020905 1.0
66.0 0.93998181536 1.0
55.0 1.00505504293 1.0
176.0 0.991863030921 1.0
127.0 1.00412932582 1.0
175.0 0.94958057417 1.0
88.0 0.997822421085 1.0
72.0 1.03071904678 1.0
180.0 1.6350177387 1.0
59.0 1.03998212428 1.0
object 13	1.0:1.0
25.0 1.03807003061 1.0
187.0 2.02315089724 1.0
168.0 0.98266787949 1.0
109.0 1.00150924004 1.0
49.0 0.996732460903 1.0
171.0 1.0100391176 1.0
105.0 0.963498157474 1.0
192.0 0.426945111677 1.0
161.0 0.93237975098 1.0
190.0 5.13280101384 1.0
13.0 0.998325282967 1.0
126.0 0.998939862215 1.0
89.0 1.02742752471 1.0
87.0 0.995547515662 1.0
176.0 0.998515814054 1.0
141.0 1.03379164702 1.0
156.0 0.983797405153 1.0
102.0 0.96582143589 1.0
158.0 1.00363086578 1.0
73.0 1.00725877924 1.0
172.0 0.985186491535 1.0
117.0 0.994059014938 1.0
167.0 0.995280014875 1.0
52.0 1.00017780066 1.0
34.0 0.915434426283 1.0
189.0 -1.24094895921 1.0
46.0 1.0332464945 1.0
185.0 -2.18006948082 1.0
104.0 1.00640198018 1.0
35.0 1.02421451798 1.0
159.0 1.03119926193 1.0
88.0 0.983324213331 1.0
191.0 2.66811891884 1.0
130.0 0.997344914719 1.0
48.0 1.01589523113 1.0
47.0 1.02452582952 1.0
57.0 0.974415020465 1.0
145.0 0.981715176321 1.0
object 14	1.0:1.0
105.0 1.00322842685 1.0
23.0 0.984746740695 1.0
138.0 0.931919300551 1.0
44.0 1.0135679621 1.0
5.0 0.990980157559 1.0
143.0 0.993474165666 1.0
162.0 1.03921903429 1.0
98.0 1.03270670728 1.0
176.0 1.06626994319 1.0
182.0 3.06622179143 1.0
174.0 0.969089396989 1.0
79.0 1.01417331252 1.0
126.0 1.00095908416 1.0
159.0 0.951224931924 1.0
168.0 1.03586899102 1.0
155.0 1.00933801004 1.0
16.0 1.04683908595 1.0
71.0 1.04309096888 1.0
35.0 1.02654254199 1.0
121.0 1.03222786655 1.0
177.0 1.00709305668 1.0
166.0 0.974512226058 1.0
66.0 1.04363109486 1.0
128.0 0.985063435501 1.0
194.0 2.55917267167 1.0
187.0 8.94194391549 1.0
3.0 1.00688063034 1.0
75.0 0.986256006495 1.0
25.0 1.03124250892 1.0
164.0 1.00068820684 1.0
56.0 0.982459625633 1.0
142.0 0.971854857958 1.0
90.0 1.00727377692 1.0
object 15	1.0:1.0
82.0 0.988435330187 1.0
25.0 1.03236453583 1.0
134.0 1.05246116616 1.0
188.0 -0.338866562471 1.0
99.0 0.946986819732 1.0
16.0 0.914167091126 1.0
198.0 -1.19535113033 1.0
119.0 1.01148210637 1.0
129.0 0.953262485391 1.0
65.0 1.01413978298 1.0
183.0 5.32956930289 1.0
158.0 0.992246649979 1.0
161.0 0.947786467477 1.0
11.0 1.04792402739 1.0
69.0 1.03880916004 1.0
136.0 1.01725647619 1.0
39.0 0.990741287133 1.0
51.0 0.988596254878 1.0
107.0 1.06579937034 1.0
44.0 0.967234891611 1.0
187.0 4.71619615419 1.0
object 16	1.0:1.0
136.0 0.98662268654 1.0
167.0 0.998944218792 1.0
156.0 1.04659500479 1.0
138.0 1.00356459956 1.0
58.0 1.01351657335 1.0
109.0 0.980243360079 1.0
134.0 0.992373076887 1.0
191.0 4.49145291833 1.0
155.0 1.01507729608 1.0
192.0 0.0541178693643 1.0
6.0 0.979120161487 1.0
72.0 0.995098953014 1.0
93.0 0.993670700633 1.0
4.0 0.995189470582 1.0
32.0 1.0001208539 1.0
2.0 1.03180924436 1.0
172.0 0.995451471999 1.0
106.0 1.03357283365 1.0
194.0 -2.96311143018 1.0
146.0 0.985896794616 1.0
100.0 0.991510021465 1.0
133.0 0.976027904095 1.0
147.0 1.01513541959 1.0
40.0 1.00969373208 1.0
116.0 0.997443834943 1.0
70.0 1.00193735012 1.0
object 17	1.0:1.0
86.0 1.00821958791 1.0
96.0 0.993047592847 1.0
67.0 1.00203785181 1.0
137.0 1.03041619536 1.0
7.0 1.00541481256 1.0
15.0 1.03184490075 1.0
8.0 1.01176490739 1.0
42.0 0.96369209415 1.0
160.0 0.973538151891 1.0
142.0 1.03031800376 1.0
189.0 1.47967048488 1.0
83.0 0.983892010258 1.0
159.0 1.01237277809 1.0
36.0 1.00886100277 1.0
59.0 1.03388777079 1.0
35.0 1.00103785027 1.0
28.0 0.948693035524 1.0
47.0 1.00380264354 1.0
118.0 0.961838901913 1.0
95.0 0.993910877414 1.0
185.0 -1.41066327892 1.0
97.0 0.99287076945 1.0
190.0 -2.82015367422 1.0
12.0 1.00244785699 1.0
177.0 0.992842614159 1.0
149.0 1.00992669151 1.0
89.0 0.989820307767 1.0
object 18	1.0:1.0
14.0 1.02059827536 1.0
175.0 1.02863904554 1.0
77.0 1.01237819254 1.0
141.0 0.997708905737 1.0
185.0 1.97789532885 1.0
155.0 0.959138603536 1.0
144.0 0.972804328309 1.0
151.0 0.98066310614 1.0
111.0 1.00533618252 1.0
137.0 1.0197339572 1.0
139.0 1.03291696757 1.0
148.0 1.02586002793 1.0
114.0 1.03571714559 1.0
147.0 1.01135398464 1.0
167.0 1.00921328592 1.0
158.0 1.00830400133 1.0
71.0 1.02447019171 1.0
145.0 0.992384357386 1.0
109.0 1.01930364707 1.0
38.0 0.969327721636 1.0
54.0 1.01375693024 1.0
49.0 1.00145226231 1.0
53.0 1.04966045162 1.0
143.0 0.994293555818 1.0
7.0 1.07624233837 1.0
61.0 0.890165260957 1.0
110.0 0.999145707588 1.0
115.0 1.00626257192 1.0
object 19	1.0:1.0
57.0 1.01099469761 1.0
69.0 0.995637060644 1.0
40.0 0.986768689181 1.0
96.0 0.969878720285 1.0
60.0 1.08870520349 1.0
75.0 0.970859074876 1.0
123.0 1.01026520146 1.0
46.0 1.01637320133 1.0
2.0 0.957512879938 1.0
191.0 -3.08547421741 1.0
136.0 0.992645436405 1.0
52.0 0.992781361685 1.0
132.0 1.06353686794 1.0
171.0 0.986267162244 1.0
113.0 0.946422021752 1.0
127.0 0.995192820911 1.0
185.0 -0.682943011664 1.0
20.0 1.067879386 1.0
168.0 1.0061018233 1.0
1.0 0.997336877491 1.0
object 20	1.0:1.0
99.0 1.00432384455 1.0
55.0 1.01192529633 1.0
62.0 0.979365230611 1.0
131.0 1.0146870605 1.0
79.0 0.982948412489 1.0
20.0 0.990389197692 1.0
113.0 1.04767881674 1.0
153.0 1.01299227566 1.0
75.0 1.00735763814 1.0
114.0 0.929057606665 1.0
33.0 1.01851162124 1.0
91.0 0.999676246146 1.0
41.0 0.980024856403 1.0
193.0 -4.036965413 1.0
81.0 1.03033592617 1.0
68.0 0.988529616355 1.0
5.0 0.984513758774 1.0
44.0 0.960643902479 1.0
84.0 0.996064881827 1.0
24.0 1.02973630084 1.0
137.0 0.988558114089 1.0
76.0 0.983755648346 1.0
180.0 -4.70856016336 1.0
183.0 0.202880834458 1.0
175.0 0.963178346853 1.0
36.0 1.04052473759 1.0
161.0 0.963409689316 1.0
179.0 1.02293892131 1.0
92.0 0.970508207003 1.0
104.0 0.993153290141 1.0
object 21	1.0:1.0
70.0 1.04210913485 1.0
35.0 0.983490913844 1.0
3.0 1.01070052673 1.0
40.0 0.995507870042 1.0
175.0 0.949175756027 1.0
128.0 1.01845524248 1.0
77.0 1.0125889726 1.0
26.0 0.997408295313 1.0
186.0 -4.21130635774 1.0
9.0 1.0105949998 1.0
121.0 0.993582296639 1.0
29.0 0.986057472783 1.0
118.0 1.00462720679 1.0
197.0 1.75020402687 1.0
73.0 1.03316837753 1.0
115.0 0.998457826385 1.0
31.0 1.01182879099 1.0
4.0 1.02121577571 1.0
174.0 0.995086913658 1.0
55.0 0.990249332445 1.0
114.0 1.03932566027 1.0
109.0 0.997378026533 1.0
147.0 1.00953968517 1.0
108.0 1.04008719069 1.0
88.0 1.01457244993 1.0
183.0 3.00948960796 1.0
12.0 1.01478328536 1.0
43.0 1.00487793961 1.0
22.0 1.03232146182 1.0
66.0 1.00088091497 1.0
13.0 0.909681918819 1.0
11.0 1.02723097749 1.0
21.0 1.02397257682 1.0
object 22	1.0:1.0
87.0 1.01589711848 1.0
77.0 1.01604496573 1.0
142.0 0.98406527476 1.0
103.0 0.993427116041 1.0
81.0 1.00703284818 1.0
22.0 1.03361735117 1.0
188.0 1.79152801852 1.0
31.0 1.00122049445 1.0
51.0 0.967859166229 1.0
170.0 0.979475105373 1.0
97.0 0.991042406652 1.0
74.0 1.08121690114 1.0
60.0 0.950453048969 1.0
56.0 1.00464140428 1.0
70.0 1.06231092653 1.0
156.0 1.02386119515 1.0
101.0 1.01566096111 1.0
93.0 0.961300365138 1.0
89.0 0.947607079013 1.0
124.0 0.998710677271 1.0
65.0 1.0164126652 1.0
115.0 1.03056949585 1.0
59.0 0.9853518508 1.0
150.0 1.0093994026 1.0
76.0 0.992966075328 1.0
143.0 1.00149643321 1.0
140.0 0.982982186042 1.0
5.0 1.00638155536 1.0
67.0 0.988569779557 1.0
object 23	1.0:1.0
10.0 1.00019142684 1.0
120.0 0.998122034878 1.0
29.0 1.00277538425 1.0
138.0 0.889775749943 1.0
9.0 1.01008444906 1.0
103.0 1.09267934283 1.0
74.0 0.946587151206 1.0
28.0 1.07334497148 1.0
86.0 0.987778559682 1.0
19.0 1.00842157801 1.0
63.0 1.00012987717 1.0
192.0 0.465308073845 1.0
119.0 1.09867759154 1.0
56.0 1.00997349519 1.0
21.0 1.01441283393 1.0
137.0 0.941852056999 1.0
55.0 0.985706963033 1.0
123.0 1.02166952871 1.0
126.0 0.986775511669 1.0
180.0 -0.784088735773 1.0
152.0 1.03262645533 1.0
128.0 0.958352987627 1.0
115.0 0.989975517682 1.0
154.0 1.03230801128 1.0
35.0 1.02007031232 1.0
133.0 1.02448902645 1.0
17.0 0.951590290569 1.0
141.0 1.00810888304 1.0
8.0 1.0159754545 1.0
95.0 0.972680056397 1.0
object 24	1.0:1.0
75.0 1.00096523406 1.0
190.0 -9.55783171238 1.0
99.0 1.04785058951 1.0
173.0 1.01588739499 1.0
122.0 1.0274179682 1.0
127.0 0.957566528444 1.0
182.0 -0.193321191172 1.0
170.0 0.995822121018 1.0
112.0 0.973366003003 1.0
92.0 1.01534970561 1.0
86.0 0.933699138463 1.0
69.0 1.0225958093 1.0
186.0 8.73299810026 1.0
29.0 0.996242182402 1.0
195.0 -4.66672185824 1.0
105.0 1.03822769225 1.0
45.0 0.984217148878 1.0
137.0 0.960063852958 1.0
33.0 1.04359436557 1.0
13.0 0.97469713235 1.0
177.0 1.00981023839 1.0
184.0 -4.3552922857 1.0
11.0 1.05795576605 1.0
73.0 1.05253151118 1.0
5.0 0.994376989468 1.0
79.0 0.976386481381 1.0
20.0 0.98711665808 1.0
110.0 0.979574080685 1.0
135.0 1.00053056993 1.0
169.0 1.07022665241 1.0
76.0 1.01121247389 1.0
194.0 1.81535426501 1.0
object 25	1.0:1.0
155.0 1.02303014741 1.0
198.0 5.376953353 1.0
197.0 0.992460769427 1.0
7.0 0.974983400699 1.0
14.0 1.02796026689 1.0
168.0 1.01907621524 1.0
59.0 1.02645191692 1.0
32.0 1.01813176636 1.0
72.0 1.02233693418 1.0
154.0 0.980834021989 1.0
177.0 1.04686935234 1.0
173.0 0.907695773472 1.0
141.0 0.968839481897 1.0
84.0 0.979059105652 1.0
35.0 1.00793014541 1.0
103.0 1.01194263998 1.0
62.0 1.04083315273 1.0
6.0 0.984492966718 1.0
75.0 1.02052250685 1.0
175.0 0.902433871889 1.0
93.0 0.968405305648 1.0
125.0 1.00234432528 1.0
55.0 0.98535366753 1.0
129.0 0.995246377232 1.0
68.0 0.97586384834 1.0
12.0 1.0167063953 1.0
156.0 0.999838002937 1.0
13.0 1.03327489891 1.0
52.0 0.973829550219 1.0
165.0 0.993576116775 1.0
42.0 1.02912997107 1.0
121.0 1.02184776524 1.0
195.0 1.77960019301 1.0
object 26	1.0:1.0
23.0 0.979993000913 1.0
11.0 0.995063299737 1.0
57.0 1.01329765451 1.0
37.0 1.01131441935 1.0
138.0 1.00188567066 1.0
74.0 0.928058323785 1.0
46.0 0.96879097023 1.0
160.0 0.951926831408 1.0
151.0 0.983806251742 1.0
87.0 0.96295225699 1.0
109.0 0.964326400696 1.0
71.0 0.966433129956 1.0
35.0 1.00020286223 1.0
135.0 0.997260379408 1.0
95.0 1.00256927358 1.0
117.0 1.00419175284 1.0
48.0 0.991822267797 1.0
17.0 0.989798092137 1.0
42.0 1.0015249188 1.0
25.0 0.989293085882 1.0
180.0 8.76151218346 1.0
70.0 0.979197004363 1.0
167.0 1.00255777029 1.0
49.0 1.00440224748 1.0
194.0 -5.68260051645 1.0
197.0 0.603843015197 1.0
64.0 0.960127019316 1.0
6.0 1.02244623598 1.0
98.0 1.00041945334 1.0
131.0 0.995240590611 1.0
152.0 0.998679543984 1.0
195.0 -0.0628549551563 1.0
62.0 0.992198263743 1.0
187.0 1.52302202826 1.0
172.0 1.0194590627 1.0
21.0 1.04763812961 1.0
96.0 0.956650256414 1.0
34.0 1.16906393442 1.0
object 27	1.0:1.0
90.0 1.0012424126 1.0
23.0 0.952795255835 1.0
11.0 0.976658011043 1.0
73.0 0.999183728255 1.0
107.0 0.942501452635 1.0
79.0 1.00367460404 1.0
131.0 1.03492979956 1.0
101.0 1.0109072931 1.0
82.0 1.00143464701 1.0
151.0 1.01250161828 1.0
181.0 -2.76274168441 1.0
68.0 1.01986299931 1.0
122.0 1.02401515709 1.0
184.0 0.803254525271 1.0
114.0 0.969900157422 1.0
190.0 8.95765259684 1.0
195.0 4.1558834856 1.0
112.0 1.03675588005 1.0
81.0 1.01657282015 1.0
138.0 1.01238804184 1.0
75.0 1.03650709378 1.0
127.0 1.04283044864 1.0
object 28	1.0:1.0
2.0 1.00520649829 1.0
119.0 0.95637337298 1.0
21.0 1.0526942347 1.0
129.0 1.02443680003 1.0
102.0 1.00808520697 1.0
174.0 0.919955080783 1.0
153.0 1.01056583511 1.0
164.0 0.969802744588 1.0
52.0 0.996064230932 1.0
172.0 1.02149302068 1.0
169.0 1.10966363808 1.0
63.0 1.00522862484 1.0
170.0 1.00285456596 1.0
122.0 1.07722806246 1.0
40.0 0.968555730166 1.0
3.0 0.982895876027 1.0
156.0 0.971164428873 1.0
130.0 1.00947714633 1.0
60.0 1.02509908428 1.0
82.0 0.990442854869 1.0
163.0 0.920622461948 1.0
126.0 0.989043343973 1.0
193.0 0.0709658402814 1.0
68.0 0.974340534463 1.0
120.0 0.957799259069 1.0
31.0 1.00090286272 1.0
189.0 5.7928958978 1.0
66.0 0.964015275752 1.0
14.0 0.985737958609 1.0
196.0 1.49709713774 1.0
97.0 0.991316745955 1.0
20.0 1.01936167617 1.0
16.0 1.0338147265 1.0
49.0 0.984626323257 1.0
56.0 0.992743328565 1.0
90.0 1.04239849241 1.0
48.0 0.987758497652 1.0
50.0 0.967949185529 1.0
object 29	1.0:1.0
4.0 0.990891717606 1.0
143.0 1.01504333286 1.0
23.0 0.971145740827 1.0
146.0 1.06347748666 1.0
168.0 0.977410534633 1.0
76.0 0.990995299985 1.0
25.0 0.979545580436 1.0
163.0 0.977119722158 1.0
113.0 0.987413295367 1.0
91.0 0.974577416917 1.0
1.0 0.944471165392 1.0
127.0 1.04392968516 1.0
139.0 0.958973993629 1.0
158.0 0.983872681384 1.0
170.0 1.00181834741 1.0
62.0 0.983035705353 1.0
132.0 1.02424894403 1.0
149.0 0.994017429537 1.0
197.0 1.99739130958 1.0
98.0 0.952484255766 1.0
81.0 0.988584346742 1.0
51.0 1.0217624043 1.0
135.0 0.996442578392 1.0
171.0 0.998614121085 1.0
190.0 -3.13821094348 1.0
56.0 0.974620861908 1.0
3.0 1.01833721626 1.0
176.0 0.996179411169 1.0
48.0 1.03142107221 1.0
19.0 1.01680675267 1.0
60.0 1.00285446549 1.0
14.0 0.980109285775 1.0
15.0 1.0001633684 1.0
object 30	1.0:1.0
104.0 1.00835394048 1.0
159.0 0.974350037741 1.0
183.0 -1.52171111346 1.0
2.0 0.895491755136 1.0
196.0 -5.68613943925 1.0
28.0 1.00599986225 1.0
172.0 0.997198989489 1.0
48.0 0.98421112343 1.0
96.0 1.01164069776 1.0
133.0 0.976732085302 1.0
119.0 0.960040404102 1.0
69.0 0.974591958035 1.0
132.0 1.01215075027 1.0
41.0 1.03308511766 1.0
32.0 0.985843979433 1.0
176.0 0.998802771072 1.0
21.0 0.953172922962 1.0
87.0 0.95621972759 1.0
93.0 1.02309604464 1.0
169.0 0.968500135793 1.0
126.0 0.998293628716 1.0
185.0 1.99715871571 1.0
99.0 1.00129038109 1.0
101.0 1.02889305339 1.0
179.0 1.01106427801 1.0
138.0 1.05471195263 1.0
56.0 0.988694966383 1.0
55.0 0.990148863239 1.0
177.0 1.00378936613 1.0
77.0 0.979044978912 1.0
113.0 0.931302335899 1.0
34.0 1.04657273226 1.0
object 31	1.0:1.0
106.0 0.988359062033 1.0
197.0 0.120490045202 1.0
20.0 1.03141396993 1.0
123.0 1.01486483067 1.0
191.0 -1.8187270708 1.0
141.0 1.02097248046 1.0
114.0 0.965520437772 1.0
53.0 1.00525314566 1.0
139.0 1.02519410333 1.0
5.0 1.00473386237 1.0
174.0 1.02116379123 1.0
27.0 0.988846785378 1.0
127.0 1.02528011424 1.0
91.0 1.06969178005 1.0
7.0 1.0250233582 1.0
37.0 0.969945255451 1.0
42.0 0.965622192782 1.0
108.0 0.986160748867 1.0
92.0 0.975389085013 1.0
25.0 1.01293955708 1.0
196.0 7.93269078321 1.0
71.0 1.06908306766 1.0
164.0 1.00283375825 1.0
102.0 1.00292552589 1.0
50.0 0.977388119589 1.0
129.0 1.06878377788 1.0
object 32	1.0:1.0
193.0 -3.81087757608 1.0
194.0 -2.03021859459 1.0
86.0 1.02279335633 1.0
15.0 1.07020167787 1.0
42.0 0.996114086716 1.0
107.0 0.964782401643 1.0
138.0 1.02591692789 1.0
149.0 1.01931331349 1.0
61.0 1.02837485189 1.0
164.0 1.00839601997 1.0
79.0 0.993568303938 1.0
69.0 0.978931309432 1.0
98.0 1.01762369262 1.0
108.0 0.939135657835 1.0
84.0 0.964938528657 1.0
37.0 0.983530459033 1.0
142.0 1.00333691352 1.0
148.0 1.04430434581 1.0
44.0 0.977828686997 1.0
132.0 0.969879391496 1.0
197.0 6.62973843935 1.0
139.0 1.04731779724 1.0
199.0 -0.572220838578 1.0
48.0 1.00855427945 1.0
176.0 1.00264889485 1.0
39.0 0.979407173484 1.0
28.0 0.962315598905 1.0
103.0 0.967612416222 1.0
133.0 1.00074452361 1.0
183.0 0.0298778285692 1.0
174.0 1.0006669266 1.0
22.0 0.980490026234 1.0
188.0 2.17962394676 1.0
3.0 0.972749232655 1.0
85.0 1.00296177439 1.0
177.0 0.989047856816 1.0
178.0 0.979398523202 1.0
94.0 0.973323575692 1.0
object 33	1.0:1.0
132.0 1.03044022593 1.0
127.0 0.995722682114 1.0
144.0 1.02507529123 1.0
30.0 1.00090414377 1.0
145.0 1.0137545374 1.0
15.0 1.05787472142 1.0
83.0 1.02101256377 1.0
26.0 0.989381593505 1.0
18.0 0.985791410794 1.0
146.0 0.999609948563 1.0
1.0 1.0343317948 1.0
158.0 0.990854171897 1.0
63.0 0.98457368835 1.0
168.0 0.997973239107 1.0
160.0 0.986749047341 1.0
194.0 -0.0701779420067 1.0
100.0 1.01156444647 1.0
162.0 0.963966668556 1.0
106.0 0.94099809146 1.0
137.0 1.00367359307 1.0
25.0 0.983436934629 1.0
87.0 1.04801512128 1.0
24.0 0.982090279046 1.0
97.0 0.9949482479 1.0
193.0 1.74105360157 1.0
191.0 0.267024533407 1.0
102.0 0.97740833739 1.0
object 34	1.0:1.0
126.0 0.99323737343 1.0
194.0 -3.82221392271 1.0
186.0 -5.12810558869 1.0
171.0 0.974489876255 1.0
65.0 1.00217141747 1.0
124.0 0.98442752757 1.0
59.0 0.976655951023 1.0
13.0 0.933134524924 1.0
192.0 1.10550687217 1.0
155.0 0.957325452766 1.0
95.0 0.992447312996 1.0
21.0 1.07938311681 1.0
41.0 0.96881397284 1.0
166.0 0.991509385118 1.0
111.0 1.00092966956 1.0
94.0 1.03752414259 1.0
3.0 0.999167661634 1.0
120.0 1.00793100306 1.0
113.0 0.9457665422 1.0
92.0 0.983695153766 1.0
101.0 0.985331110454 1.0
99.0 1.03147516557 1.0
27.0 0.963642673178 1.0
78.0 0.986736329272 1.0
130.0 1.05582681979 1.0
179.0 1.03054336504 1.0
103.0 1.01823822588 1.0
object 35	1.0:1.0
60.0 0.971890302912 1.0
83.0 0.999845633595 1.0
138.0 0.983369830366 1.0
56.0 1.02829421066 1.0
72.0 1.05307964069 1.0
69.0 1.021315235 1.0
121.0 0.945443881338 1.0
131.0 1.01156124438 1.0
75.0 1.01058114656 1.0
146.0 0.973185542585 1.0
63.0 1.03358655406 1.0
30.0 0.993312907903 1.0
184.0 -2.40221832899 1.0
118.0 1.01179031787 1.0
150.0 1.00316714313 1.0
55.0 1.00087822415 1.0
77.0 1.0248812364 1.0
57.0 1.00513134692 1.0
1.0 1.04646339816 1.0
29.0 0.986258042299 1.0
35.0 0.970801325256 1.0
126.0 1.00817952798 1.0
155.0 1.05185723089 1.0
36.0 0.995741091452 1.0
2.0 1.03441068272 1.0
12.0 1.02627537391 1.0
76.0 0.995135658504 1.0
173.0 1.03158574023 1.0
96.0 0.98622458814 1.0
139.0 0.992817934148 1.0
23.0 0.973360255853 1.0
97.0 0.987110341275 1.0
165.0 0.986310202147 1.0
0.0 0.950800477563 1.0
151.0 0.998342717419 1.0
80.0 0.983778269708 1.0
6.0 1.04558821532 1.0
object 36	1.0:1.0
57.0 1.05636051524 1.0
12.0 1.0076159974 1.0
80.0 0.995697252272 1.0
97.0 1.00928984555 1.0
198.0 4.15536964248 1.0
173.0 1.04236866063 1.0
53.0 0.960109561369 1.0
188.0 0.190528742665 1.0
89.0 1.02901626405 1.0
9.0 1.0173771393 1.0
6.0 0.988739954971 1.0
166.0 0.980153441332 1.0
107.0 1.04662364409 1.0
141.0 1.00655520391 1.0
61.0 0.935196850431 1.0
75.0 0.974906391713 1.0
40.0 0.995115027063 1.0
144.0 1.02079985243 1.0
121.0 0.912915283964 1.0
102.0 1.01783042461 1.0
153.0 0.971176739188 1.0
59.0 1.00928537889 1.0
178.0 0.99059960306 1.0
4.0 0.984977594038 1.0
154.0 0.97871476634 1.0
124.0 1.00701969096 1.0
113.0 1.04548306073 1.0
184.0 0.801221248322 1.0
139.0 0.973251628641 1.0
11.0 1.09352340576 1.0
27.0 0.997939239626 1.0
179.0 1.0006515842 1.0
128.0 1.04183188249 1.0
118.0 1.03800791869 1.0
2.0 0.982109385679 1.0
48.0 1.00919898929 1.0
94.0 1.00858732388 1.0
145.0 0.992520778981 1.0
122.0 1.0006796097 1.0
110.0 1.01210290146 1.0
95.0 1.04054786233 1.0
91.0 1.00152517765 1.0
object 37	1.0:1.0
164.0 0.99804361781 1.0
38.0 1.03522702676 1.0
0.0 1.00622023743 1.0
24.0 0.917095528823 1.0
179.0 0.957698243566 1.0
78.0 0.940065398695 1.0
113.0 1.06295009534 1.0
89.0 0.971290328292 1.0
31.0 1.00361473036 1.0
153.0 1.0131721591 1.0
60.0 1.032794758 1.0
26.0 1.01633718249 1.0
108.0 0.977784513938 1.0
189.0 1.57539010785 1.0
140.0 1.0122301981 1.0
171.0 0.982961556102 1.0
151.0 1.00823556483 1.0
8.0 0.953192523282 1.0
83.0 1.00913466398 1.0
48.0 0.9745186428 1.0
86.0 0.965809380924 1.0
165.0 0.991455910037 1.0
32.0 0.992160055089 1.0
139.0 0.955507426701 1.0
47.0 1.00067797373 1.0
177.0 0.989564781419 1.0
6.0 0.974061978497 1.0
91.0 1.02463465933 1.0
176.0 1.02110799407 1.0
131.0 1.00433985059 1.0
94.0 1.04704560126 1.0
62.0 1.0100505587 1.0
190.0 9.72909029972 1.0
41.0 0.990228721378 1.0
109.0 0.991898411877 1.0
65.0 0.995710124528 1.0
29.0 0.972385708698 1.0
object 38	1.0:1.0
120.0 0.998268730492 1.0
52.0 1.00487144384 1.0
65.0 1.00110443472 1.0
156.0 1.00653274415 1.0
55.0 0.970247760379 1.0
43.0 0.986027797136 1.0
113.0 0.951591597119 1.0
51.0 1.00640613967 1.0
190.0 -0.689171765256 1.0
22.0 1.02197078152 1.0
20.0 1.06558264385 1.0
182.0 5.62280406009 1.0
81.0 0.990314661155 1.0
14.0 1.0065296181 1.0
31.0 1.02880470066 1.0
26.0 1.00242446774 1.0
134.0 0.956420752875 1.0
13.0 1.0121820938 1.0
140.0 1.00630694538 1.0
168.0 0.965058736783 1.0
149.0 1.03288068346 1.0
183.0 0.371925166349 1.0
80.0 0.985853160001 1.0
84.0 0.977142815802 1.0
33.0 1.02155073841 1.0
178.0 1.00203229732 1.0
111.0 1.00786148649 1.0
90.0 0.998581992034 1.0
135.0 1.01305988967 1.0
62.0 0.988352315826 1.0
86.0 1.05736911197 1.0
75.0 1.03622485729 1.0
object 39	1.0:1.0
33.0 1.02136028519 1.0
11.0 1.01706000583 1.0
145.0 0.981100218798 1.0
149.0 1.01157230843 1.0
51.0 0.993639022669 1.0
65.0 1.0007726002 1.0
126.0 0.993826249948 1.0
25.0 1.00415637023 1.0
49.0 0.995925879502 1.0
132.0 1.07328667327 1.0
123.0 1.00024691197 1.0
109.0 1.00426804022 1.0
4.0 0.992113273845 1.0
98.0 1.01122774135 1.0
19.0 1.02079789686 1.0
35.0 0.985430781709 1.0
8.0 0.993406086977 1.0
24.0 0.987686663912 1.0
105.0 0.980713695333 1.0
64.0 1.02646221202 1.0
179.0 0.986067551255 1.0
141.0 0.994358445716 1.0
96.0 1.0099266931 1.0
146.0 1.035033183 1.0
6.0 0.988353683609 1.0
107.0 1.04075185436 1.0
167.0 1.00637186362 1.0
object 40	1.0:1.0
34.0 0.999032262858 1.0
138.0 1.01845901262 1.0
74.0 1.00483134268 1.0
141.0 0.985617558184 1.0
156.0 0.995105075701 1.0
176.0 1.01389181893 1.0
198.0 0.0753847010206 1.0
42.0 1.01310236983 1.0
199.0 1.12971406474 1.0
14.0 0.986206655945 1.0
88.0 1.02514383444 1.0
186.0 1.36422677095 1.0
123.0 1.01695117253 1.0
99.0 1.01276434142 1.0
168.0 1.0288714067 1.0
159.0 1.03315284142 1.0
92.0 0.947779621212 1.0
47.0 1.0170691072 1.0
9.0 0.998162173036 1.0
125.0 0.965682392933 1.0
101.0 1.00126045743 1.0
25.0 0.955169567708 1.0
136.0 0.992926856528 1.0
78.0 0.923953649282 1.0
183.0 7.78220229513 1.0
48.0 0.992658977094 1.0
82.0 1.01826294579 1.0
133.0 1.00747969263 1.0
98.0 1.02156713211 1.0
190.0 5.40765959187 1.0
28.0 0.971242307166 1.0
object 41	1.0:1.0
172.0 0.985412884261 1.0
49.0 1.00794747629 1.0
127.0 0.997515634961 1.0
29.0 0.998543233493 1.0
26.0 1.00103939012 1.0
22.0 1.01288930921 1.0
193.0 0.048782000061 1.0
91.0 1.00716555503 1.0
47.0 1.00292884654 1.0
36.0 1.04110482885 1.0
15.0 0.980627237359 1.0
95.0 1.00630762863 1.0
37.0 0.979287045082 1.0
150.0 1.03403133262 1.0
61.0 0.972943984277 1.0
195.0 -2.16069495623 1.0
46.0 0.944584126642 1.0
148.0 0.993448820679 1.0
149.0 1.01823357077 1.0
99.0 1.02578770172 1.0
139.0 1.05820573939 1.0
177.0 1.00652758578 1.0
73.0 0.975166251418 1.0
51.0 0.987171313421 1.0
4.0 1.01520233638 1.0
34.0 1.05263399311 1.0
114.0 1.08837747026 1.0
109.0 0.997365410229 1.0
94.0 0.991568864102 1.0
179.0 0.981243096276 1.0
54.0 0.989143555151 1.0
17.0 1.03757482786 1.0
133.0 0.999344258878 1.0
object 42	1.0:1.0
134.0 0.954649330272 1.0
130.0 1.02396281441 1.0
61.0 0.992878013393 1.0
181.0 0.519982782339 1.0
85.0 0.995286178009 1.0
109.0 0.998225927104 1.0
3.0 1.04721236112 1.0
138.0 1.06250427185 1.0
82.0 0.962949803265 1.0
165.0 1.036970427 1.0
19.0 0.988772651914 1.0
54.0 1.0172646264 1.0
107.0 1.00621356536 1.0
117.0 0.986386997169 1.0
24.0 0.978304690171 1.0
115.0 1.00333756518 1.0
58.0 0.972352876899 1.0
57.0 0.986439395459 1.0
75.0 1.00620634963 1.0
42.0 1.00569986086 1.0
46.0 1.00758218425 1.0
132.0 1.01541035375 1.0
33.0 1.01949470711 1.0
178.0 0.993267892361 1.0
139.0 1.05336513309 1.0
object 43	1.0:1.0
9.0 1.05251639823 1.0
10.0 0.987179062007 1.0
168.0 0.940318567611 1.0
145.0 0.984533909401 1.0
90.0 1.02633340074 1.0
23.0 1.01246027586 1.0
61.0 0.975971310685 1.0
118.0 1.021485625 1.0
160.0 1.00645806796 1.0
121.0 1.03697630207 1.0
78.0 0.941338262468 1.0
153.0 1.06542995362 1.0
196.0 4.31948014278 1.0
110.0 0.997596966351 1.0
50.0 1.0474908854 1.0
76.0 1.00474411297 1.0
179.0 1.01844306057 1.0
33.0 1.06567469761 1.0
32.0 1.02162064233 1.0
188.0 -0.34967972125 1.0
141.0 1.01269313723 1.0
178.0 0.982731215152 1.0
88.0 1.00705102754 1.0
174.0 1.02659179293 1.0
11.0 1.03768394722 1.0
94.0 0.876022945484 1.0
138.0 0.943970028285 1.0
147.0 1.01037865626 1.0
27.0 0.991896720964 1.0
180.0 -1.30051360784 1.0
191.0 -5.87625932968 1.0
146.0 0.937325234264 1.0
164.0 1.02343251986 1.0
81.0 0.996415723355 1.0
44.0 0.974423291081 1.0
99.0 0.995565253559 1.0
152.0 0.982865650891 1.0
183.0 -5.53001199868 1.0
object 44	1.0:1.0
46.0 0.99862462935 1.0
110.0 0.991297186629 1.0
105.0 0.983800085481 1.0
63.0 0.965754261061 1.0
118.0 0.928929482855 1.0
56.0 1.01547936733 1.0
21.0 0.963129761383 1.0
0.0 0.994100612752 1.0
109.0 0.957472069745 1.0
86.0 1.05921074481 1.0
193.0 -1.52630010115 1.0
79.0 0.986386732273 1.0
117.0 0.985828559582 1.0
44.0 1.04145751706 1.0
16.0 0.964141036843 1.0
48.0 0.973704810639 1.0
18.0 1.00835562811 1.0
4.0 1.00746373517 1.0
54.0 1.01349526631 1.0
85.0 0.970287841497 1.0
175.0 1.02573899026 1.0
181.0 -2.36276899949 1.0
177.0 0.962345501336 1.0
136.0 1.04608775151 1.0
161.0 1.0293521995 1.0
189.0 2.82240448067 1.0
140.0 1.01413846456 1.0
98.0 1.01646086794 1.0
99.0 0.989810141352 1.0
188.0 3.67497026446 1.0
187.0 2.35891079131 1.0
149.0 0.988577089785 1.0
object 45	1.0:1.0
140.0 0.986498766479 1.0
80.0 1.00615612487 1.0
96.0 1.01751978772 1.0
141.0 0.983171856538 1.0
136.0 1.04833096202 1.0
133.0 1.01870086139 1.0
193.0 -0.33999532059 1.0
187.0 -1.3350144877 1.0
186.0 2.51287560682 1.0
127.0 0.975636263271 1.0
15.0 1.00432677321 1.0
194.0 0.482723494887 1.0
40.0 1.00474703078 1.0
149.0 0.979616897429 1.0
184.0 -0.9085274171 1.0
98.0 1.04127811883 1.0
131.0 1.00059797768 1.0
111.0 1.02575276333 1.0
30.0 0.99510867148 1.0
134.0 1.02673927995 1.0
66.0 0.953399526748 1.0
100.0 0.991324186695 1.0
58.0 0.996131094847 1.0
86.0 1.0104113982 1.0
108.0 0.970433219242 1.0
143.0 0.962181366856 1.0
65.0 1.0110503104 1.0
74.0 1.07789903979 1.0
175.0 1.03694973571 1.0
145.0 1.00807749268 1.0
197.0 3.10806653618 1.0
120.0 1.00474338919 1.0
115.0 1.00837244212 1.0
163.0 1.04203976759 1.0
object 46	1.0:1.0
116.0 0.950128429137 1.0
111.0 1.02036516644 1.0
42.0 0.974392897951 1.0
36.0 1.02810073512 1.0
114.0 0.98972411331 1.0
32.0 1.00528076062 1.0
131.0 1.04793213499 1.0
120.0 1.02201123429 1.0
147.0 1.0016945855 1.0
172.0 1.00750633116 1.0
184.0 -3.67653091926 1.0
128.0 1.03981805254 1.0
132.0 1.01916652689 1.0
142.0 0.99318603672 1.0
99.0 1.00105979419 1.0
133.0 1.02637513591 1.0
41.0 1.00614078989 1.0
106.0 1.07790170696 1.0
179.0 1.0591715031 1.0
11.0 1.00211257869 1.0
157.0 1.07889126788 1.0
65.0 1.00293558117 1.0
104.0 0.987449197677 1.0
70.0 1.00055377258 1.0
27.0 0.993716176392 1.0
60.0 1.02017058039 1.0
69.0 1.02708515369 1.0
20.0 0.958088886958 1.0
186.0 6.75773816276 1.0
171.0 1.00555680363 1.0
37.0 1.00503979869 1.0
117.0 1.00721623597 1.0
75.0 0.990841675226 1.0
113.0 0.942897459782 1.0
195.0 2.90997031803 1.0
125.0 0.997674114015 1.0
object 47	1.0:1.0
50.0 1.00737436696 1.0
187.0 3.08963853159 1.0
141.0 1.02243464398 1.0
121.0 1.02972433439 1.0
104.0 1.00936906393 1.0
61.0 1.01696233792 1.0
191.0 9.20333783408 1.0
159.0 1.01203270212 1.0
36.0 0.972149618422 1.0
38.0 0.975084061826 1.0
30.0 0.998562432057 1.0
198.0 -1.21254030321 1.0
47.0 1.00143869537 1.0
146.0 1.03500614747 1.0
4.0 1.01993689307 1.0
88.0 0.987830293088 1.0
33.0 1.00256180317 1.0
123.0 1.01198276713 1.0
68.0 0.983051000055 1.0
195.0 6.23267304849 1.0
35.0 0.990138419524 1.0
129.0 0.913959365677 1.0
84.0 0.994563223147 1.0
2.0 0.967015250473 1.0
112.0 0.95158598624 1.0
51.0 1.00164551044 1.0
127.0 0.947395941469 1.0
14.0 0.98679137559 1.0
17.0 1.07427873647 1.0
46.0 0.952854847482 1.0
158.0 1.00252595632 1.0
3.0 0.96419708626 1.0
148.0 0.962734183591 1.0
58.0 1.01210688718 1.0
object 48	1.0:1.0
195.0 -7.33774576466 1.0
12.0 0.991923639711 1.0
126.0 0.987330122563 1.0
101.0 0.986089794103 1.0
54.0 1.00902772424 1.0
4.0 1.00396026313 1.0
188.0 0.628901731192 1.0
20.0 1.05303676657 1.0
53.0 0.990406799834 1.0
43.0 1.00690173219 1.0
150.0 1.00698080791 1.0
186.0 4.58969613134 1.0
169.0 1.06590861186 1.0
143.0 0.960686492969 1.0
153.0 1.0684328543 1.0
170.0 1.00745482713 1.0
26.0 0.989893146919 1.0
160.0 1.03654469359 1.0
111.0 1.00540891251 1.0
135.0 0.975150504787 1.0
15.0 0.957725347632 1.0
55.0 0.983414427762 1.0
130.0 1.03113689125 1.0
98.0 1.0354980345 1.0
178.0 0.990371483195 1.0
190.0 3.48206376425 1.0
96.0 0.985636316682 1.0
1.0 0.979742918105 1.0
134.0 0.995985736275 1.0
11.0 0.979270425006 1.0
181.0 13.2668437999 1.0
89.0 0.970171531472 1.0
152.0 1.01527606852 1.0
65.0 0.984668837324 1.0
105.0 1.004130599 1.0
165.0 1.03367074913 1.0
124.0 0.987625129922 1.0
object 49	1.0:1.0
153.0 0.936570272501 1.0
12.0 1.01233128423 1.0
154.0 1.01467515098 1.0
24.0 1.02257862832 1.0
61.0 1.09084498558 1.0
96.0 0.980246813998 1.0
7.0 1.00754852696 1.0
105.0 0.966100769872 1.0
179.0 0.973997150151 1.0
22.0 0.951252062391 1.0
168.0 0.965817369499 1.0
158.0 1.00669062725 1.0
124.0 1.00297815776 1.0
163.0 0.991611843211 1.0
9.0 1.00178606343 1.0
28.0 0.930793209857 1.0
148.0 0.993361958248 1.0
132.0 0.992438044813 1.0
177.0 0.998256920714 1.0
33.0 1.0030538972 1.0
41.0 1.02144603982 1.0
47.0 1.04319917098 1.0
87.0 1.02045512132 1.0
16.0 0.982869987394 1.0
object 50	1.0:0.5 4.69152380823:0.5
168.0 4.73415765367 1.0
185.0 -0.711751586383 0.0
163.0 0.986508573082 0.0
35.0 1.07030333922 0.0
165.0 4.74646581158 1.0
194.0 9.10062695618 1.0
74.0 4.65667778939 1.0
73.0 1.01064134627 0.0
139.0 4.71813715828 1.0
192.0 1.42107287259 0.0
26.0 4.74242515461 1.0
191.0 4.55845605402 0.0
93.0 0.998170754891 0.0
115.0 4.66992725294 1.0
20.0 0.977280138103 0.0
29.0 0.976447886768 0.0
123.0 0.968361102719 0.0
124.0 0.994173488922 0.0
147.0 1.02783338642 0.0
190.0 0.829721207038 0.0
156.0 0.988013985466 0.0
95.0 4.76572712462 1.0
86.0 4.63802218631 1.0
199.0 4.30180366173 1.0
25.0 0.937361465213 0.0
52.0 4.69330189594 1.0
151.0 1.0536930606 0.0
object 51	1.0:0.5 -4.35687198465:0.5
123.0 -4.38087116998 1.0
70.0 -4.36637429064 1.0
15.0 -4.40116701635 1.0
187.0 -2.20952042248 1.0
172.0 -4.27434577917 1.0
67.0 0.946857535911 0.0
37.0 -4.35037257146 1.0
6.0 -4.24476622711 1.0
198.0 -6.8568180338 1.0
68.0 1.04471725191 0.0
174.0 -4.31299158231 1.0
32.0 0.991106375696 0.0
46.0 1.03327933913 0.0
114.0 -4.37153277599 1.0
160.0 -4.38971735665 1.0
119.0 -4.30808618468 1.0
71.0 -4.40989952742 1.0
167.0 0.902065182289 0.0
136.0 0.942597330064 0.0
173.0 0.947084391482 0.0
142.0 1.06186476025 0.0
151.0 0.954467922821 0.0
166.0 0.927230373513 0.0
170.0 -4.30888165714 1.0
150.0 -4.28448958006 1.0
162.0 -4.29901571636 1.0
121.0 -4.44454084924 1.0
51.0 -4.33903829566 1.0
159.0 -4.42510915283 1.0
48.0 0.999158939364 0.0
128.0 1.02300200074 0.0
object 52	1.0:0.5 -18.4934734742:0.5
114.0 1.01468129557 0.0
107.0 1.04061805528 0.0
134.0 -18.4892514077 1.0
63.0 -18.4435164224 1.0
159.0 -18.5785582855 1.0
64.0 -18.4596103732 1.0
11.0 -18.4212339083 1.0
198.0 5.01375356143 0.0
142.0 -18.5753578436 1.0
199.0 -18.4752846089 1.0
137.0 -18.5565069752 1.0
191.0 -24.9692522484 1.0
121.0 1.00914160838 0.0
17.0 0.994906964622 0.0
44.0 -18.5294882089 1.0
81.0 -18.4490491949 1.0
51.0 -18.5167565648 1.0
155.0 1.02241232149 0.0
58.0 -18.5083926036 1.0
52.0 0.952134047361 0.0
153.0 -18.4702593369 1.0
125.0 -18.4947579111 1.0
167.0 1.04273352568 0.0
160.0 -18.512710072 1.0
28.0 1.04587786398 0.0
16.0 1.00884346521 0.0
115.0 0.976434101734 0.0
86.0 1.03796661472 0.0
4.0 -18.4607479602 1.0
33.0 0.972871005389 0.0
109.0 -18.4688339911 1.0
47.0 -18.5069912909 1.0
179.0 -18.5859944479 1.0
116.0 -18.5000986806 1.0
42.0 -18.4784170256 1.0
128.0 0.911796745292 0.0
14.0 -18.4596903192 1.0
object 53	1.0:0.5 3.82824355149:0.5
12.0 3.82249742724 1.0
73.0 1.08235833446 0.0
61.0 0.973873637038 0.0
44.0 3.81964723567 1.0
2.0 3.81882927481 1.0
58.0 1.00392996229 0.0
191.0 8.81543305807 1.0
92.0 3.85328163026 1.0
171.0 3.85008164125 1.0
132.0 0.995876429762 0.0
196.0 -1.60717164867 1.0
161.0 3.87776256179 1.0
147.0 3.84899986464 1.0
122.0 0.987083970892 0.0
35.0 0.92466901377 0.0
63.0 3.8156373813 1.0
174.0 3.90027131182 1.0
118.0 1.03875976252 0.0
84.0 3.82124559294 1.0
125.0 3.80894045845 1.0
117.0 3.75730519857 1.0
175.0 3.84451475377 1.0
41.0 3.93478424887 1.0
45.0 1.02809185201 0.0
149.0 3.82647001805 1.0
59.0 3.85436563579 1.0
78.0 3.75531988487 1.0
55.0 1.1033357184 0.0
5.0 3.89321838828 1.0
47.0 3.8482412789 1.0
83.0 3.88172285551 1.0
115.0 3.82045895674 1.0
169.0 3.78571043698 1.0
object 54	1.0:0.5 -0.922881740295:0.5
142.0 1.04450168793 0.0
38.0 0.984493180392 0.0
58.0 1.00652119994 0.0
53.0 0.992588228394 0.0
13.0 -0.955246872462 1.0
158.0 1.02683915256 0.0
93.0 -0.934819282625 1.0
55.0 0.932696284015 0.0
116.0 1.04067510587 0.0
63.0 -0.892615183142 1.0
137.0 1.0241077975 0.0
138.0 0.975311294473 0.0
169.0 1.00140814793 0.0
190.0 0.835020684768 0.0
132.0 -0.90503212498 1.0
90.0 -0.930637759275 1.0
17.0 1.07043741874 0.0
96.0 0.990869093022 0.0
172.0 0.974194509867 0.0
99.0 -1.02407668932 1.0
51.0 1.12747050902 0.0
197.0 -2.1333877382 1.0
9.0 1.01257721135 0.0
198.0 -1.58726724175 1.0
174.0 0.927169169052 0.0
126.0 1.01984519314 0.0
152.0 1.00226437859 0.0
11.0 -0.806406927901 1.0
129.0 0.970835705936 0.0
object 55	1.0:0.5 -4.95017861982:0.5
113.0 1.02674775019 0.0
86.0 -4.99667460243 1.0
161.0 1.0244962259 0.0
143.0 1.03127821582 0.0
125.0 -4.8618111077 1.0
192.0 1.36135388993 0.0
195.0 2.28677432775 0.0
72.0 -5.0341755613 1.0
70.0 1.05710685303 0.0
48.0 0.965484151595 0.0
13.0 -4.90333638421 1.0
148.0 -4.92981999096 1.0
187.0 -4.37592939712 1.0
0.0 -4.89021014364 1.0
163.0 -4.79705800002 1.0
114.0 -4.94593571422 1.0
67.0 -4.9423083041 1.0
131.0 -4.93552013771 1.0
126.0 1.02280709049 0.0
164.0 -4.95775118553 1.0
170.0 1.01327128068 0.0
179.0 0.929719396109 0.0
159.0 0.912293777076 0.0
53.0 -5.06282244307 1.0
42.0 -4.86128056286 1.0
38.0 -4.99718034527 1.0
94.0 0.961181615218 0.0
102.0 -4.93039014952 1.0
91.0 0.969366639358 0.0
132.0 1.0529375233 0.0
62.0 -4.9246881915 1.0
76.0 -4.9696291837 1.0
136.0 0.91004821448 0.0
149.0 -4.96171440819 1.0
127.0 -4.96046405313 1.0
82.0 -4.85618364354 1.0
object 56	1.0:0.5 12.8456208531:0.5
14.0 12.8336940467 1.0
113.0 12.9105161966 1.0
120.0 12.977330931 1.0
58.0 0.929056527598 0.0
85.0 1.01067651116 0.0
138.0 1.0657321702 0.0
156.0 12.8579045146 1.0
41.0 12.8550275046 1.0
2.0 12.8192720412 1.0
127.0 12.8542187324 1.0
15.0 12.783746635 1.0
108.0 0.972599240709 0.0
130.0 0.992776811687 0.0
45.0 12.8332657073 1.0
20.0 1.02215266129 0.0
75.0 12.9180495807 1.0
11.0 0.958775046589 0.0
83.0 12.908153923 1.0
121.0 12.8554182608 1.0
167.0 12.8421907752 1.0
81.0 12.871630951 1.0
98.0 12.7639724448 1.0
79.0 12.8703671852 1.0
128.0 0.957808516587 0.0
159.0 0.980798292983 0.0
188.0 15.7225274297 1.0
133.0 12.9181864627 1.0
105.0 0.957335410301 0.0
118.0 12.8917518461 1.0
168.0 12.9325308479 1.0
125.0 0.945491523987 0.0
186.0 -0.519533056128 0.0
191.0 16.5483269877 1.0
176.0 12.8280614595 1.0
24.0 12.8403531293 1.0
172.0 12.8288737729 1.0
184.0 3.21208182661 0.0
4.0 12.9559376918 1.0
65.0 12.9387713156 1.0
5.0 12.8417281279 1.0
object 57	1.0:0.5 -12.3183274011:0.5
68.0 -12.35922548 1.0
28.0 -12.2790323589 1.0
90.0 1.03227780935 0.0
57.0 1.04039556142 0.0
27.0 -12.3391718145 1.0
169.0 -12.2670375218 1.0
52.0 -12.3455022549 1.0
111.0 1.04750002629 0.0
4.0 1.05103633908 0.0
131.0 0.980253536721 0.0
133.0 -12.315210403 1.0
155.0 1.13267241594 0.0
102.0 -12.3229274679 1.0
53.0 1.02440171952 0.0
61.0 1.04572150783 0.0
34.0 -12.3225310097 1.0
37.0 -12.2979087177 1.0
73.0 0.950528568346 0.0
138.0 1.00382125754 0.0
149.0 0.957950691832 0.0
160.0 -12.3426904968 1.0
109.0 1.01544910385 0.0
195.0 3.63410058401 0.0
79.0 -12.279274842 1.0
66.0 1.01687691842 0.0
150.0 -12.3718308831 1.0
127.0 -12.3129728036 1.0
137.0 1.00363387359 0.0
81.0 0.955109691 0.0
50.0 -12.3326279297 1.0
object 58	1.0:0.5 1.28229119428:0.5
12.0 1.2616802187 1.0
67.0 0.971019467615 0.0
17.0 1.26957163982 1.0
92.0 0.931405546065 0.0
35.0 1.04269324854 0.0
87.0 1.25342579392 1.0
51.0 0.982848615965 0.0
77.0 0.984954450619 0.0
14.0 1.33465814492 1.0
115.0 1.32269143126 1.0
104.0 1.24080865614 1.0
16.0 0.959165171553 0.0
65.0 1.35575690004 1.0
6.0 1.25127635418 1.0
111.0 1.28262756002 1.0
82.0 1.143291809 0.0
183.0 0.510588297519 0.0
78.0 1.2815356895 1.0
105.0 1.24745995068 1.0
133.0 1.29820430091 1.0
8.0 1.02478424184 0.0
38.0 1.21846791956 1.0
113.0 0.969019309935 0.0
86.0 1.27316003844 1.0
46.0 1.2617983002 1.0
157.0 1.2581148972 1.0
object 59	1.0:0.5 -3.53364501903:0.5
187.0 4.29172580739 0.0
172.0 -3.53930670405 1.0
149.0 -3.54152155021 1.0
36.0 1.05214238461 0.0
1.0 0.99358667773 0.0
68.0 -3.55694642431 1.0
59.0 1.02236412089 0.0
189.0 -1.06225914199 0.0
79.0 -3.48373307119 1.0
148.0 1.03944542807 0.0
69.0 1.00678906278 0.0
117.0 0.941475120135 0.0
111.0 0.982195468703 0.0
123.0 -3.53840113511 1.0
6.0 0.997753150666 0.0
132.0 1.03679745445 0.0
154.0 -3.51351995021 1.0
48.0 1.05527513185 0.0
181.0 -6.71261175453 1.0
105.0 0.948348601902 0.0
167.0 -3.52905271954 1.0
2.0 -3.5155865457 1.0
110.0 -3.65000387381 1.0
25.0 -3.48570491409 1.0
131.0 1.03466907807 0.0
67.0 -3.58143394072 1.0
object 60	1.0:0.5 14.3166525318:0.5
34.0 14.3704156534 1.0
11.0 1.00076496782 0.0
66.0 0.927529886983 0.0
156.0 14.3136902796 1.0
14.0 14.3104685218 1.0
48.0 0.895278619483 0.0
54.0 14.3866072071 1.0
93.0 14.3294099732 1.0
71.0 1.00293817776 0.0
133.0 14.3267394867 1.0
171.0 0.892353960738 0.0
164.0 14.3857827612 1.0
97.0 14.4071447781 1.0
162.0 0.978373340474 0.0
158.0 14.3182065961 1.0
186.0 2.67666739312 0.0
160.0 14.3017685854 1.0
184.0 1.73618832933 0.0
132.0 1.0214261192 0.0
57.0 14.3631247305 1.0
87.0 14.243857882 1.0
100.0 14.3547227805 1.0
32.0 1.02003473655 0.0
174.0 14.3302319847 1.0
115.0 14.3832438712 1.0
188.0 0.145716498033 0.0
3.0 0.981852377149 0.0
113.0 1.04901730968 0.0
61.0 14.3752184586 1.0
16.0 14.2585802709 1.0
96.0 1.0330651863 0.0
47.0 0.942505876896 0.0
137.0 0.935241990263 0.0
84.0 0.976830113755 0.0
object 61	1.0:0.5 -0.425065269289:0.5
93.0 -0.501923658063 1.0
190.0 9.1102728518 0.0
192.0 -3.12005625732 0.0
71.0 -0.385325043424 1.0
51.0 0.971819012274 0.0
74.0 0.963395947327 0.0
95.0 1.02837110637 0.0
45.0 1.0714544244 0.0
155.0 -0.378389893688 1.0
109.0 1.03906448396 0.0
3.0 -0.443282463583 1.0
13.0 -0.46657108029 1.0
27.0 -0.394695714012 1.0
128.0 -0.480001844721 1.0
44.0 -0.412646974794 1.0
68.0 0.991689718944 0.0
19.0 -0.492021653171 1.0
180.0 2.26014108519 0.0
100.0 -0.353664279537 1.0
163.0 -0.369168546843 1.0
98.0 1.04647617794 0.0
199.0 -0.510325160698 1.0
111.0 1.01811230534 0.0
41.0 -0.425744214989 1.0
43.0 -0.36881023423 1.0
29.0 0.982778125131 0.0
156.0 1.01013061601 0.0
50.0 -0.417122120553 1.0
52.0 1.0075501318 0.0
138.0 -0.446623546893 1.0
175.0 0.966970978819 0.0
78.0 0.885657936117 0.0
118.0 0.998569139368 0.0
150.0 1.01376529015 0.0
58.0 0.957295584841 0.0
189.0 -0.85238596071 0.0
151.0 0.935063363541 0.0
62.0 0.907846852001 0.0
141.0 1.04590387638 0.0
131.0 -0.452428596315 1.0
54.0 0.932479994041 0.0
70.0 -0.45424705097 1.0
66.0 0.963559567659 0.0
77.0 -0.411174336928 1.0
object 62	1.0:0.5 -4.94469001326:0.5
29.0 0.893816312295 0.0
2.0 1.05809494706 0.0
90.0 0.952164969932 0.0
128.0 -5.0499701648 1.0
75.0 1.07164418043 0.0
189.0 -6.63944806919 1.0
50.0 0.897226668678 0.0
96.0 -4.98650542647 1.0
130.0 1.01857531015 0.0
0.0 -4.98986676862 1.0
172.0 -4.91376356879 1.0
173.0 -4.8578421008 1.0
170.0 0.918240207884 0.0
160.0 -4.96675662255 1.0
180.0 -7.7228223559 1.0
5.0 -4.90819676219 1.0
61.0 -4.86838780234 1.0
8.0 -4.97332432433 1.0
58.0 1.05693993696 0.0
116.0 -5.00224155393 1.0
104.0 0.938780982178 0.0
78.0 -4.93083927537 1.0
147.0 1.08524234357 0.0
139.0 1.02664771212 0.0
73.0 -4.99841414306 1.0
46.0 0.990897532208 0.0
39.0 -4.97619842935 1.0
77.0 0.919054722826 0.0
3.0 -4.83207506762 1.0
34.0 -5.00659297562 1.0
28.0 1.00949598446 0.0
49.0 -4.90087487587 1.0
133.0 -4.97974001332 1.0
195.0 -3.40291070803 0.0
object 63	1.0:0.5 -5.41543385176:0.5
183.0 -3.63931485665 0.0
160.0 -5.43922952337 1.0
91.0 0.973098493141 0.0
93.0 -5.35969545277 1.0
69.0 0.963238924579 0.0
138.0 -5.44193271823 1.0
11.0 1.01295811247 0.0
65.0 -5.36804906266 1.0
119.0 -5.44177976809 1.0
74.0 -5.42117267728 1.0
197.0 -0.118685383462 0.0
15.0 0.957894570564 0.0
13.0 -5.40505697201 1.0
101.0 -5.46601199685 1.0
109.0 -5.48010276085 1.0
191.0 -1.65711207371 1.0
2.0 -5.35345103019 1.0
77.0 1.04931256197 0.0
6.0 -5.33270847917 1.0
171.0 -5.32108015144 1.0
20.0 0.9162557123 0.0
151.0 -5.44512567032 1.0
9.0 -5.43836810873 1.0
145.0 -5.48315621032 1.0
146.0 1.05368296851 0.0
178.0 1.03262076281 0.0
90.0 0.936922923517 0.0
82.0 1.07807378064 0.0
71.0 1.08992450569 0.0
12.0 -5.42546060727 1.0
33.0 0.956254710872 0.0
25.0 -5.43169546775 1.0
66.0 0.989811401044 0.0
163.0 1.03772913314 0.0
75.0 -5.41700167336 1.0
125.0 -5.44801570831 1.0
object 64	1.0:0.5 17.5515027476:0.5
167.0 17.5134643284 1.0
170.0 0.968601935987 0.0
50.0 17.5787307885 1.0
1.0 0.958696482491 0.0
18.0 1.09119142161 0.0
80.0 17.5848957265 1.0
73.0 1.02880379653 0.0
79.0 1.00252409654 0.0
5.0 17.5322016837 1.0
122.0 17.4932155 1.0
65.0 1.01978892678 0.0
94.0 17.5163200613 1.0
0.0 0.98718238165 0.0
53.0 17.4609351918 1.0
150.0 1.09502205768 0.0
10.0 17.549584499 1.0
126.0 17.5501518004 1.0
169.0 1.00692827219 0.0
137.0 17.603956803 1.0
107.0 1.02278527131 0.0
172.0 0.979233361277 0.0
184.0 5.03876041467 0.0
138.0 0.997076052711 0.0
64.0 17.5768655345 1.0
179.0 17.5743584419 1.0
27.0 1.01678027717 0.0
59.0 1.00459660982 0.0
37.0 1.01441607009 0.0
102.0 0.956470563975 0.0
78.0 17.4958495862 1.0
84.0 17.5682774071 1.0
54.0 1.04752591317 0.0
2.0 0.973715969619 0.0
31.0 17.6823567589 1.0
object 65	1.0:0.5 0.200146433513:0.5
67.0 1.07480626059 0.0
52.0 0.204894826885 1.0
88.0 1.04347561885 0.0
70.0 0.236961502391 1.0
109.0 1.04248721596 0.0
142.0 0.15719292484 1.0
91.0 0.146780564507 1.0
179.0 0.190299879116 1.0
120.0 0.194722952531 1.0
143.0 1.02122214957 0.0
2.0 0.221547325681 1.0
196.0 -0.668202096953 1.0
31.0 1.05457078452 0.0
13.0 0.208274940536 1.0
12.0 0.236113623387 1.0
8.0 0.0849062418899 1.0
28.0 0.181270974492 1.0
131.0 0.994662815984 0.0
32.0 1.06711140088 0.0
19.0 0.200544362615 1.0
175.0 0.19882564476 1.0
135.0 1.05059972585 0.0
125.0 0.273184611362 1.0
116.0 0.238661642859 1.0
112.0 0.98418471041 0.0
86.0 0.0987325906099 1.0
object 66	1.0:0.5 6.75414196868:0.5
80.0 0.968962676852 0.0
47.0 0.94932701905 0.0
62.0 0.938399615646 0.0
58.0 6.72366632122 1.0
4.0 0.984542714673 0.0
51.0 6.7601662609 1.0
172.0 6.6852538978 1.0
90.0 6.76676090782 1.0
36.0 6.67705182117 1.0
84.0 0.935533988286 0.0
141.0 1.03038578968 0.0
72.0 0.977344348684 0.0
195.0 -0.790965475839 0.0
57.0 6.60609181812 1.0
188.0 6.61498701671 1.0
116.0 6.77029094694 1.0
134.0 6.79989747919 1.0
0.0 0.963273643072 0.0
100.0 0.972960870024 0.0
199.0 -0.379632124406 0.0
23.0 0.95769970711 0.0
183.0 5.38412743508 1.0
19.0 6.76290921023 1.0
67.0 0.974117253681 0.0
74.0 6.77169915864 1.0
8.0 0.968232115116 0.0
52.0 6.84831694372 1.0
88.0 1.02471447502 0.0
68.0 1.00805209648 0.0
56.0 6.71998081727 1.0
61.0 6.72431757159 1.0
138.0 6.84464372471 1.0
50.0 6.79751804781 1.0
147.0 6.80358163445 1.0
180.0 2.29537266213 0.0
13.0 6.70413900224 1.0
5.0 6.71082040203 1.0
object 67	1.0:0.5 7.41974378758:0.5
140.0 7.41700348804 1.0
87.0 7.43868666131 1.0
163.0 1.0294917903 0.0
99.0 7.44692774079 1.0
108.0 7.40487164528 1.0
154.0 0.985024963875 0.0
127.0 1.03119433545 0.0
107.0 0.970148441152 0.0
152.0 7.4168807229 1.0
12.0 0.915696106496 0.0
39.0 7.49140445567 1.0
23.0 0.961221243547 0.0
96.0 1.15111600643 0.0
161.0 1.03531254923 0.0
160.0 1.07139518223 0.0
10.0 0.970239774564 0.0
11.0 7.46397015877 1.0
17.0 7.47254313643 1.0
14.0 1.0050790357 0.0
91.0 7.40740377162 1.0
65.0 7.43459128127 1.0
8.0 1.07329574126 0.0
34.0 0.961452192161 0.0
121.0 1.03065059183 0.0
145.0 0.971743971135 0.0
24.0 7.52063046524 1.0
13.0 7.36052208572 1.0
183.0 -3.60429097503 0.0
129.0 7.51198082986 1.0
43.0 7.38003632713 1.0
177.0 7.42978082799 1.0
70.0 1.07803387518 0.0
184.0 7.90404850047 1.0
object 68	1.0:0.5 -6.60296186699:0.5
138.0 -6.53448347738 1.0
3.0 -6.59863518852 1.0
50.0 1.01833188526 0.0
38.0 0.93350063164 0.0
58.0 0.951113954098 0.0
101.0 1.0276685796 0.0
178.0 -6.62381945526 1.0
184.0 -8.94362092415 1.0
45.0 1.01428011755 0.0
44.0 -6.65927839972 1.0
122.0 -6.56527601777 1.0
60.0 -6.61558573431 1.0
0.0 -6.5969901879 1.0
159.0 1.06230338395 0.0
143.0 1.00916074817 0.0
136.0 -6.50526247547 1.0
13.0 -6.62845853574 1.0
80.0 -6.60023154673 1.0
73.0 0.93618948845 0.0
22.0 -6.62725427465 1.0
19.0 -6.6370428599 1.0
157.0 0.932214833062 0.0
197.0 -10.9844823937 1.0
20.0 1.02788518537 0.0
37.0 -6.59916290512 1.0
31.0 0.845152789881 0.0
81.0 0.940949578225 0.0
110.0 -6.61635896611 1.0
154.0 0.895427941508 0.0
193.0 -2.74367908835 0.0
194.0 -6.99721300692 0.0
164.0 -6.62028651275 1.0
75.0 1.0846771296 0.0
79.0 1.01681630476 0.0
137.0 1.07002474133 0.0
object 69	1.0:0.5 -0.335069133213:0.5
130.0 0.947162229314 0.0
88.0 -0.415051605242 1.0
13.0 1.00630016871 0.0
120.0 -0.32622604731 1.0
119.0 -0.358591261836 1.0
124.0 -0.250088649578 1.0
56.0 -0.366505627025 1.0
141.0 -0.337818105397 1.0
125.0 -0.419737434053 1.0
117.0 -0.312424363782 1.0
100.0 1.06906301995 0.0
8.0 -0.302916121337 1.0
33.0 -0.344787218171 1.0
46.0 0.942456002558 0.0
98.0 0.955324382143 0.0
150.0 0.980433341738 0.0
145.0 -0.403748346014 1.0
68.0 1.04742799854 0.0
93.0 -0.309617260238 1.0
137.0 1.02721063896 0.0
108.0 1.08979682707 0.0
136.0 1.00720525442 0.0
45.0 0.927807294695 0.0
143.0 -0.432118091003 1.0
4.0 -0.398530756809 1.0
131.0 0.978990456698 0.0
object 70	1.0:0.5 -7.16204197429:0.5
143.0 0.995833716716 0.0
172.0 0.953692272324 0.0
153.0 -7.21419872493 1.0
105.0 -7.1694110219 1.0
197.0 -3.93562481929 0.0
129.0 1.09178038369 0.0
1.0 1.10988872371 0.0
33.0 -7.17256022409 1.0
199.0 -8.43240106086 1.0
152.0 0.910815548782 0.0
184.0 -1.93877203807 1.0
5.0 -7.18495516357 1.0
54.0 1.01750572388 0.0
149.0 1.02149896011 0.0
108.0 -7.12605059424 1.0
183.0 0.0840179136308 0.0
107.0 0.990142279307 0.0
12.0 1.00155772856 0.0
170.0 -7.1802907806 1.0
75.0 -7.1265384165 1.0
173.0 -7.11937213599 1.0
81.0 -7.19251799664 1.0
191.0 -9.95530564668 1.0
65.0 1.08799957287 0.0
125.0 -7.10511917578 1.0
object 71	1.0:0.5 -6.71310682966:0.5
56.0 0.957417235795 0.0
10.0 -6.6663712801 1.0
15.0 0.976462669839 0.0
64.0 0.971891225773 0.0
190.0 -0.478935102307 0.0
183.0 -9.38956007704 1.0
135.0 -6.80834867083 1.0
90.0 0.998698920687 0.0
41.0 0.989194333483 0.0
50.0 -6.78508863935 1.0
149.0 1.03848365384 0.0
178.0 1.02342595672 0.0
167.0 0.962908422875 0.0
36.0 1.01094006586 0.0
87.0 -6.74316433588 1.0
17.0 -6.79202910324 1.0
40.0 1.05964744638 0.0
66.0 -6.79949435647 1.0
8.0 -6.73586331581 1.0
179.0 0.9620006625 0.0
177.0 0.907556756193 0.0
89.0 -6.6653925092 1.0
57.0 -6.66733885448 1.0
199.0 -0.0690198308677 0.0
3.0 -6.75103062242 1.0
14.0 0.959947271158 0.0
38.0 -6.76231400245 1.0
175.0 -6.68628534888 1.0
42.0 0.994543829461 0.0
13.0 -6.59874641134 1.0
134.0 -6.81517173952 1.0
138.0 1.03770275486 0.0
1.0 1.08550275277 0.0
112.0 1.04310657071 0.0
115.0 -6.64747121489 1.0
object 72	1.0:0.5 4.14032596439:0.5
145.0 4.19161553793 1.0
53.0 4.2200587751 1.0
28.0 1.09935638251 0.0
179.0 1.03736987934 0.0
176.0 4.20589188481 1.0
112.0 4.17401895839 1.0
70.0 4.1815551047 1.0
45.0 4.16996437684 1.0
81.0 4.16251797881 1.0
177.0 4.13511284207 1.0
169.0 4.22767181874 1.0
165.0 1.02315744333 0.0
167.0 1.02338297804 0.0
34.0 1.00363561602 0.0
43.0 4.11356075682 1.0
62.0 0.989432374608 0.0
68.0 1.01154877484 0.0
38.0 4.16263813522 1.0
122.0 4.15720417461 1.0
153.0 1.01042990481 0.0
10.0 0.942835667278 0.0
33.0 1.09258194225 0.0
185.0 -1.21237403779 0.0
72.0 4.22484261267 1.0
4.0 0.970992824086 0.0
126.0 1.00758507284 0.0
102.0 4.02024083603 1.0
86.0 4.2164963603 1.0
object 73	1.0:0.5 2.03698780907:0.5
197.0 -1.79671820484 0.0
71.0 1.07936320217 0.0
179.0 2.04321527699 1.0
43.0 1.06641775078 0.0
108.0 0.944537886963 0.0
23.0 1.94950110575 1.0
70.0 0.98111301284 0.0
13.0 2.11854083165 1.0
139.0 1.02657430457 0.0
72.0 1.96184932787 1.0
164.0 0.972671246937 0.0
51.0 0.952906557932 0.0
1.0 1.99066606813 1.0
136.0 2.06637478751 1.0
74.0 2.00815057829 1.0
160.0 0.89607982218 0.0
41.0 2.07275064626 1.0
125.0 2.04235501127 1.0
191.0 -2.08783323763 0.0
156.0 2.00420922553 1.0
144.0 2.04274922755 1.0
7.0 1.06603690787 0.0
object 74	1.0:0.5 4.49661009247:0.5
147.0 4.45238285192 1.0
197.0 13.3725910505 1.0
116.0 4.53612699937 1.0
172.0 1.04386319606 0.0
133.0 1.07406678037 0.0
18.0 0.984782614433 0.0
36.0 1.03369881923 0.0
170.0 4.46288974073 1.0
186.0 -1.19533313412 0.0
154.0 0.895038462717 0.0
181.0 -3.01485645355 1.0
21.0 4.51196821008 1.0
140.0 4.56746949458 1.0
61.0 4.56759359414 1.0
195.0 -1.00383727884 1.0
51.0 0.97163795699 0.0
54.0 4.57969606307 1.0
136.0 4.39063715931 1.0
22.0 4.43076953521 1.0
64.0 0.995389764041 0.0
2.0 4.53339111849 1.0
188.0 -0.779996678951 0.0
106.0 0.960600777151 0.0
37.0 0.980142581366 0.0
42.0 4.41967702687 1.0
41.0 0.985843745739 0.0
72.0 1.00236512882 0.0
81.0 0.966964917945 0.0
13.0 4.50040946106 1.0
44.0 4.43772928816 1.0
138.0 4.51800569204 1.0
113.0 4.467441414 1.0
99.0 0.984107090525 0.0
27.0 1.05591980243 0.0
105.0 4.4409378275 1.0
191.0 -2.09299338875 1.0
187.0 -1.08467342156 0.0
169.0 0.954719649501 0.0
49.0 0.994099094209 0.0
object 75	1.0:0.5 18.5413394226:0.5
196.0 18.7428400343 1.0
46.0 1.04017821161 0.0
54.0 1.006237444 0.0
27.0 0.9908087727 0.0
128.0 18.5559601576 1.0
12.0 0.979422920993 0.0
85.0 1.00023465992 0.0
162.0 1.07182331646 0.0
75.0 18.5612381776 1.0
148.0 0.956741714573 0.0
179.0 18.5347462282 1.0
121.0 0.988993318375 0.0
178.0 18.4680574782 1.0
166.0 1.01660921891 0.0
163.0 1.02332950497 0.0
79.0 18.6328425017 1.0
159.0 0.961181217402 0.0
95.0 0.994590961366 0.0
42.0 0.928379698104 0.0
47.0 1.06239326016 0.0
96.0 1.057237157 0.0
36.0 18.5795338998 1.0
98.0 18.5437450956 1.0
62.0 1.0758547392 0.0
165.0 18.6297269169 1.0
67.0 1.05736615205 0.0
117.0 0.990751026768 0.0
156.0 18.5288445577 1.0
172.0 0.973498959002 0.0
185.0 -1.24745244607 0.0
13.0 18.5715590589 1.0
137.0 0.989262008384 0.0
124.0 1.04717364546 0.0
7.0 18.5755375788 1.0
59.0 1.01254033529 0.0
26.0 1.07511680279 0.0
78.0 1.05608763953 0.0
145.0 18.564943829 1.0
170.0 18.5679441178 1.0
object 76	1.0:0.5 -10.981902838:0.5
3.0 -11.0209363047 1.0
174.0 0.95617647359 0.0
192.0 -10.6094039948 1.0
131.0 -10.9979677127 1.0
155.0 0.974340093129 0.0
74.0 -10.8704852485 1.0
92.0 0.964871759201 0.0
32.0 -10.9346926085 1.0
115.0 1.05146197033 0.0
77.0 -11.0353676007 1.0
5.0 0.953697805919 0.0
141.0 -10.9794302295 1.0
149.0 0.96605459657 0.0
55.0 1.05004126258 0.0
172.0 1.04787482701 0.0
166.0 1.02372589994 0.0
9.0 1.04431885189 0.0
47.0 0.917288585201 0.0
64.0 -10.9562958378 1.0
111.0 -10.9769477825 1.0
object 77	1.0:0.5 -18.4178916276:0.5
175.0 -18.4369325421 1.0
128.0 0.991101290385 0.0
125.0 -18.3780681297 1.0
74.0 -18.414850543 1.0
166.0 1.02652199473 0.0
126.0 1.02061838195 0.0
22.0 0.994917529904 0.0
82.0 -18.4988362481 1.0
95.0 -18.3236902592 1.0
73.0 -18.3915840943 1.0
94.0 -18.4397221495 1.0
30.0 -18.4835644214 1.0
117.0 1.03184230667 0.0
13.0 -18.4197507078 1.0
83.0 -18.3464479409 1.0
96.0 0.98820916337 0.0
93.0 -18.3773777152 1.0
171.0 -18.4498374535 1.0
191.0 -1.17331752796 0.0
1.0 0.955784655239 0.0
33.0 -18.450146295 1.0
121.0 1.02040364808 0.0
190.0 -19.4451565051 1.0
174.0 0.977552265017 0.0
18.0 -18.4656800815 1.0
71.0 -18.4087228018 1.0
object 78	1.0:0.5 13.0012969123:0.5
138.0 1.01228331947 0.0
39.0 0.962972287866 0.0
157.0 0.947324748542 0.0
109.0 1.07093309799 0.0
142.0 13.0094247129 1.0
13.0 1.01745087385 0.0
161.0 1.04023462146 0.0
188.0 4.93870790373 0.0
9.0 1.01666080351 0.0
8.0 12.9910195103 1.0
194.0 13.8155214527 1.0
171.0 13.0712906485 1.0
56.0 13.1282407118 1.0
104.0 13.0480304836 1.0
80.0 13.0677908147 1.0
179.0 13.1243283761 1.0
15.0 0.967497873032 0.0
65.0 13.0469213853 1.0
96.0 13.0556184278 1.0
6.0 1.0515417394 0.0
88.0 1.02896242866 0.0
object 79	1.0:0.5 2.95817023795:0.5
174.0 2.89082164617 1.0
32.0 0.990127165631 0.0
108.0 1.09137772187 0.0
183.0 0.219854135537 1.0
135.0 1.03904694278 0.0
88.0 2.94250057933 1.0
126.0 1.0480264628 0.0
158.0 2.98713915685 1.0
192.0 5.4916848676 1.0
78.0 2.92395294212 1.0
148.0 3.00340669415 1.0
38.0 0.92906377018 0.0
15.0 3.00189830132 1.0
89.0 1.04571235765 0.0
120.0 0.932762236671 0.0
71.0 0.939061507718 0.0
5.0 1.00167371481 0.0
12.0 0.954474981757 0.0
58.0 2.9165700254 1.0
160.0 1.01131790269 0.0
190.0 0.608501869295 0.0
142.0 0.949046102451 0.0
object 80	1.0:0.5 8.00021459855:0.5
56.0 1.0809805091 0.0
185.0 5.61492242116 0.0
104.0 0.963869327504 0.0
42.0 8.00908742706 1.0
132.0 8.03102813624 1.0
6.0 0.95112275807 0.0
106.0 0.965274793316 0.0
149.0 7.93380992714 1.0
162.0 0.98749723103 0.0
95.0 1.03130295774 0.0
38.0 8.01280448043 1.0
65.0 0.967822764028 0.0
47.0 8.06532823878 1.0
156.0 0.955465600294 0.0
131.0 8.06155064313 1.0
184.0 3.35696371757 0.0
71.0 8.02888120663 1.0
35.0 1.03588935597 0.0
143.0 0.989410950851 0.0
120.0 0.914499473408 0.0
68.0 0.912232049227 0.0
147.0 8.01093184952 1.0
57.0 7.9793317937 1.0
27.0 1.01716469316 0.0
165.0 1.00665556936 0.0
3.0 1.04285263661 0.0
170.0 7.8506092402 1.0
4.0 1.00044504802 0.0
158.0 7.98702769032 1.0
136.0 1.00355558591 0.0
object 81	1.0:0.5 -4.79669449304:0.5
25.0 0.982221822323 0.0
133.0 1.02604145645 0.0
50.0 0.901049090281 0.0
138.0 -4.81004345991 1.0
143.0 -4.69847600816 1.0
88.0 0.975917336398 0.0
109.0 1.03626398424 0.0
157.0 0.953519376307 0.0
14.0 1.03660164329 0.0
95.0 -4.84590120155 1.0
145.0 0.99814308344 0.0
53.0 1.06294825274 0.0
71.0 -4.86568593182 1.0
48.0 -4.72529329474 1.0
147.0 -4.81882061185 1.0
104.0 1.01738316935 0.0
61.0 1.00592439729 0.0
136.0 1.02989990853 0.0
193.0 -8.90177322898 0.0
30.0 -4.79325764565 1.0
1.0 0.926032845144 0.0
38.0 -4.8359105118 1.0
56.0 -4.81133632477 1.0
75.0 0.969913691229 0.0
24.0 -4.73565635926 1.0
163.0 0.994681911342 0.0
74.0 -4.77374520645 1.0
111.0 -4.7843360279 1.0
120.0 0.982164892857 0.0
180.0 -3.95292850389 1.0
198.0 0.974656494012 1.0
86.0 0.870411470613 0.0
object 82	1.0:0.5 10.4865013262:0.5
175.0 0.901514309933 0.0
64.0 10.4040629531 1.0
170.0 10.4289076785 1.0
78.0 0.991040315989 0.0
12.0 10.3940638766 1.0
153.0 1.05167887991 0.0
93.0 10.5163620268 1.0
17.0 0.965270477767 0.0
150.0 1.02116181062 0.0
69.0 1.05881283775 0.0
75.0 0.993466198435 0.0
174.0 0.841119273553 0.0
2.0 0.98876375033 0.0
35.0 10.5170907277 1.0
125.0 10.5894101132 1.0
48.0 10.394841477 1.0
24.0 0.925830793664 0.0
132.0 0.974565456284 0.0
183.0 10.0806156565 1.0
58.0 1.04257637215 0.0
4.0 0.986680717028 0.0
54.0 1.00629349232 0.0
67.0 1.01242283908 0.0
121.0 10.4852014147 1.0
101.0 10.5071625429 1.0
178.0 0.979843997544 0.0
45.0 10.4913832378 1.0
144.0 10.5275108663 1.0
165.0 1.06378419704 0.0
119.0 0.955965060574 0.0
193.0 6.49041692632 0.0
28.0 0.86803850151 0.0
148.0 1.00379327194 0.0
113.0 1.00376663706 0.0
object 83	1.0:0.5 -6.41264644367:0.5
72.0 0.9816315416 0.0
93.0 -6.41249867467 1.0
150.0 -6.37378815449 1.0
162.0 0.983120502585 0.0
152.0 -6.34615636391 1.0
117.0 0.9791511051 0.0
101.0 -6.4477282053 1.0
61.0 0.996249669603 0.0
151.0 -6.34145028789 1.0
116.0 1.01526907329 0.0
52.0 0.968908306069 0.0
168.0 0.989188722009 0.0
158.0 1.06331691693 0.0
4.0 -6.46679104321 1.0
112.0 0.969947953712 0.0
46.0 -6.44543077583 1.0
172.0 1.06307847445 0.0
107.0 -6.37419547711 1.0
139.0 -6.40714802266 1.0
121.0 -6.46578303983 1.0
174.0 -6.33986620214 1.0
24.0 -6.34898610888 1.0
62.0 1.03797890332 0.0
153.0 -6.3494706168 1.0
28.0 -6.43932180496 1.0
129.0 0.919492298318 0.0
147.0 1.0379643582 0.0
169.0 -6.38564160721 1.0
68.0 0.966846300123 0.0
75.0 -6.38826957898 1.0
106.0 -6.38903160816 1.0
173.0 1.07320744702 0.0
134.0 -6.41807679779 1.0
object 84	1.0:0.5 -1.38345945123:0.5
128.0 -1.4619830536 1.0
38.0 1.02894803701 0.0
111.0 -1.42982284089 1.0
148.0 1.04747252319 0.0
112.0 -1.39829116082 1.0
172.0 -1.41437395576 1.0
160.0 -1.38068038931 1.0
28.0 -1.36590204462 1.0
60.0 -1.40543234365 1.0
189.0 -1.62428256216 1.0
19.0 1.03916618809 0.0
35.0 -1.36282284609 1.0
164.0 1.03641155655 0.0
171.0 0.896024174696 0.0
185.0 0.95860104412 1.0
77.0 1.04759377073 0.0
47.0 0.989609483964 0.0
9.0 0.8842858539 0.0
113.0 -1.3349584746 1.0
138.0 1.14312003859 0.0
114.0 -1.42991336752 1.0
173.0 0.986071625403 0.0
24.0 -1.3975563509 1.0
7.0 -1.4337401893 1.0
object 85	1.0:0.5 -10.2746046269:0.5
161.0 -10.3353206418 1.0
40.0 -10.2728767527 1.0
29.0 -10.2704850311 1.0
122.0 1.07401925939 0.0
175.0 -10.149910911 1.0
88.0 -10.2726515696 1.0
45.0 -10.2419487914 1.0
112.0 0.940203844152 0.0
61.0 1.02391288926 0.0
105.0 -10.2739188136 1.0
15.0 -10.3266552416 1.0
48.0 1.06165695544 0.0
138.0 0.961494025131 0.0
20.0 -10.2135941573 1.0
58.0 -10.3851226989 1.0
114.0 -10.2197418471 1.0
159.0 1.04294242419 0.0
101.0 0.944417262444 0.0
78.0 1.05605933561 0.0
2.0 0.953759258383 0.0
92.0 -10.3295139357 1.0
90.0 0.98485403633 0.0
147.0 0.968489496555 0.0
56.0 1.02879863596 0.0
120.0 -10.3591091068 1.0
82.0 -10.3036352269 1.0
158.0 -10.3229819841 1.0
21.0 -10.2812048037 1.0
123.0 0.974575360832 0.0
187.0 5.41406204643 0.0
133.0 -10.2280725211 1.0
17.0 1.02518415837 0.0
143.0 -10.2189015712 1.0
109.0 -10.2690735562 1.0
28.0 1.01241936552 0.0
137.0 0.99261183324 0.0
185.0 -10.1991898583 1.0
7.0 -10.3278805271 1.0
117.0 0.938690796334 0.0
73.0 -10.3032918265 1.0
145.0 0.922032439718 0.0
89.0 -10.3116334393 1.0
10.0 1.05864514776 0.0
181.0 -6.33643063547 1.0
23.0 -10.2696230123 1.0
object 86	1.0:0.5 3.35223055719:0.5
14.0 1.07753080405 0.0
42.0 0.880102538982 0.0
93.0 0.983189873244 0.0
104.0 1.06442328772 0.0
55.0 3.41997849782 1.0
32.0 3.33073181364 1.0
78.0 3.34213928558 1.0
182.0 1.41740673237 0.0
161.0 3.27714622974 1.0
137.0 1.07068194162 0.0
124.0 3.2945430315 1.0
10.0 3.34239646404 1.0
198.0 1.98521852934 0.0
52.0 0.984255087556 0.0
64.0 3.25888588561 1.0
117.0 3.38543536179 1.0
43.0 1.00240081443 0.0
37.0 3.3318424606 1.0
192.0 2.73451891398 0.0
195.0 1.21265895794 1.0
112.0 1.00965089884 0.0
162.0 0.937208970895 0.0
87.0 1.0526555952 0.0
186.0 11.1267414478 1.0
146.0 3.40338099566 1.0
166.0 0.917701261474 0.0
145.0 1.0523264446 0.0
26.0 3.3337431503 1.0
object 87	1.0:0.5 -3.31191459987:0.5
181.0 6.32437714974 0.0
188.0 -7.34586094149 1.0
79.0 1.05258944444 0.0
158.0 -3.24795331955 1.0
129.0 -3.3088653554 1.0
136.0 -3.25745960097 1.0
111.0 -3.34241895893 1.0
133.0 -3.31501396433 1.0
42.0 -3.19214964894 1.0
80.0 -3.32045560432 1.0
45.0 -3.30303802488 1.0
121.0 -3.29665987271 1.0
176.0 1.00925656363 0.0
97.0 -3.3066210694 1.0
56.0 -3.32452963434 1.0
32.0 0.939916139437 0.0
116.0 -3.37037544202 1.0
26.0 -3.32871163998 1.0
96.0 0.97386781435 0.0
156.0 1.00294072847 0.0
92.0 0.91097787736 0.0
113.0 -3.30068373221 1.0
110.0 1.03211020556 0.0
120.0 -3.23158417141 1.0
14.0 0.940887324868 0.0
87.0 1.03956340406 0.0
object 88	1.0:0.5 -7.87322212757:0.5
21.0 -7.83734564404 1.0
175.0 0.92329058805 0.0
110.0 0.966474093896 0.0
27.0 -7.88182298926 1.0
87.0 -7.86561650231 1.0
98.0 -7.90242489937 1.0
41.0 0.990646920947 0.0
122.0 -7.87445139568 1.0
158.0 1.06631509483 0.0
182.0 -8.45013407316 1.0
64.0 0.976233341824 0.0
72.0 -7.85095476929 1.0
49.0 0.962071679984 0.0
192.0 -2.95412816199 1.0
138.0 0.971489457796 0.0
6.0 0.956009472955 0.0
81.0 -7.84294516557 1.0
161.0 -7.87997254982 1.0
62.0 -7.84946832464 1.0
55.0 -7.90690632226 1.0
148.0 -7.97351756988 1.0
135.0 0.987421847237 0.0
12.0 0.956389646696 0.0
152.0 1.02959128495 0.0
149.0 -7.85122960516 1.0
76.0 -7.96349547543 1.0
183.0 2.09645510612 0.0
89.0 -7.86833504256 1.0
43.0 -7.86713020503 1.0
134.0 -7.85317473183 1.0
180.0 -5.05194994256 1.0
object 89	1.0:0.5 -0.215688188225:0.5
190.0 2.11831576289 1.0
129.0 0.986372238429 0.0
8.0 -0.254655696552 1.0
112.0 -0.154907441708 1.0
64.0 0.978630444929 0.0
44.0 0.943764082991 0.0
123.0 0.926758443847 0.0
128.0 0.974583479599 0.0
130.0 1.09078376911 0.0
156.0 -0.114178152311 1.0
122.0 0.984604858322 0.0
90.0 1.01508367939 0.0
25.0 1.04339604506 0.0
139.0 -0.244978311204 1.0
0.0 -0.328629991395 1.0
81.0 -0.210668875324 1.0
83.0 1.02944863266 0.0
103.0 1.06418532676 0.0
151.0 -0.269190248498 1.0
94.0 -0.204201188564 1.0
22.0 1.02511891929 0.0
10.0 -0.171631556932 1.0
35.0 -0.0991855503243 1.0
13.0 0.947009301761 0.0
199.0 -1.52012430562 1.0
15.0 0.967539526483 0.0
192.0 -4.15622912335 0.0
134.0 0.998862947289 0.0
50.0 -0.141462388228 1.0
144.0 -0.208995775884 1.0
131.0 1.07346455611 0.0
141.0 -0.189716719091 1.0
115.0 1.00963994002 0.0
object 90	1.0:0.5 0.973355623311:0.5
128.0 1.03712172478 1.0
79.0 0.963921002902 0.0
3.0 0.905210610335 0.0
84.0 0.955082445533 1.0
177.0 0.943326089604 1.0
32.0 0.914535941317 0.0
58.0 0.998845147231 1.0
193.0 5.0151843014 0.0
83.0 1.02595756634 0.0
51.0 1.00460079779 1.0
82.0 0.977788806825 1.0
91.0 1.01268897427 0.0
7.0 0.927058003032 1.0
147.0 0.928156938865 1.0
70.0 1.01167078876 1.0
178.0 1.02107038485 0.0
143.0 0.999220024778 0.0
185.0 1.30711713253 0.0
42.0 0.94284266981 1.0
130.0 0.953299123244 1.0
26.0 0.954633328966 1.0
54.0 1.00898016903 0.0
22.0 0.996685212352 1.0
69.0 1.0555672562 0.0
173.0 0.951833647382 1.0
172.0 0.914610176382 1.0
29.0 0.955076548472 1.0
120.0 0.918051263772 0.0
176.0 0.966549618282 0.0
5.0 0.940131952094 0.0
157.0 0.956559699237 1.0
52.0 0.9793645396 1.0
18.0 0.96749732676 1.0
105.0 0.945525321426 0.0
67.0 0.964169963912 0.0
object 91	1.0:0.5 4.59624217834:0.5
49.0 1.00429736817 0.0
84.0 4.59663035745 1.0
178.0 4.58651643796 1.0
195.0 2.07366735402 1.0
37.0 1.06053481313 0.0
118.0 1.14911858315 0.0
149.0 4.59402271474 1.0
133.0 4.53445325192 1.0
155.0 1.01749849883 0.0
50.0 0.969978541731 0.0
56.0 1.04184587268 0.0
78.0 1.03484677091 0.0
10.0 4.60376753439 1.0
154.0 0.970429279604 0.0
15.0 4.61552611626 1.0
168.0 4.57686244777 1.0
48.0 4.54124542966 1.0
92.0 0.991646371237 0.0
122.0 4.56782582377 1.0
47.0 4.59386593985 1.0
185.0 2.24430259553 0.0
29.0 0.950349187605 0.0
62.0 1.02923443855 0.0
79.0 4.55597247557 1.0
object 92	1.0:0.5 -2.38119111005:0.5
131.0 1.02004634309 0.0
170.0 -2.37273401426 1.0
67.0 0.956502286962 0.0
27.0 -2.37487512045 1.0
194.0 -0.528551666266 0.0
141.0 0.943758587378 0.0
10.0 0.986410798601 0.0
58.0 0.950319147553 0.0
153.0 -2.34006899026 1.0
39.0 -2.35666891928 1.0
180.0 -4.93471395106 1.0
118.0 0.958303354839 0.0
78.0 -2.36453522614 1.0
100.0 -2.42035330687 1.0
146.0 -2.31958408664 1.0
135.0 1.02432830216 0.0
53.0 0.915543473523 0.0
119.0 0.934608730235 0.0
73.0 -2.3641030994 1.0
97.0 -2.37571656776 1.0
150.0 -2.35586212991 1.0
34.0 1.09882295501 0.0
44.0 1.03393326138 0.0
168.0 -2.43759545422 1.0
101.0 -2.48496311026 1.0
166.0 0.981506401246 0.0
198.0 2.55899436377 0.0
object 93	1.0:0.5 13.0733971782:0.5
124.0 13.1564487717 1.0
76.0 1.00892791078 0.0
10.0 0.897890024041 0.0
20.0 13.1447017016 1.0
111.0 13.0931601858 1.0
182.0 -2.42398656428 0.0
103.0 0.996938411766 0.0
16.0 0.970543900059 0.0
2.0 13.0333230595 1.0
196.0 15.0494617666 1.0
94.0 1.00558312778 0.0
129.0 1.01443018804 0.0
72.0 1.02594229921 0.0
148.0 13.1268480571 1.0
48.0 13.0921697659 1.0
80.0 1.09442605292 0.0
181.0 10.4488834014 1.0
91.0 13.0331737865 1.0
40.0 13.1171484559 1.0
86.0 0.966544520667 0.0
62.0 13.1146970118 1.0
178.0 0.963868104374 0.0
74.0 13.0618455485 1.0
120.0 13.0959394437 1.0
101.0 0.99231301748 0.0
6.0 0.891003630615 0.0
61.0 0.954248531642 0.0
152.0 0.931085528366 0.0
14.0 1.03415742392 0.0
188.0 11.6286187217 1.0
18.0 0.987843090962 0.0
133.0 0.92745300319 0.0
17.0 13.0576214371 1.0
139.0 0.953309052769 0.0
172.0 13.0808222137 1.0
81.0 1.08292115965 0.0
106.0 13.1259690524 1.0
30.0 13.1425916056 1.0
32.0 13.1137606761 1.0
object 94	1.0:0.5 0.973878146548:0.5
59.0 1.04900329506 1.0
26.0 0.971439714444 1.0
143.0 0.856628654726 1.0
121.0 0.971262139016 0.0
77.0 0.959235092344 0.0
158.0 1.02264166379 0.0
78.0 0.948703579953 1.0
176.0 0.903349574955 0.0
179.0 0.953431491516 0.0
170.0 1.03434593711 0.0
92.0 0.911659074544 0.0
66.0 1.00977804581 0.0
43.0 1.09224708177 1.0
9.0 1.03213161502 0.0
146.0 0.953928883918 1.0
180.0 -4.57433017308 1.0
18.0 1.03522437364 0.0
118.0 1.02051042321 1.0
195.0 -1.94180023316 1.0
55.0 1.01261088442 0.0
190.0 9.56574584087 0.0
85.0 0.990443197362 1.0
156.0 0.952967779205 0.0
149.0 1.06112276132 0.0
10.0 1.12318192505 0.0
110.0 0.945896290937 0.0
44.0 0.998645051886 1.0
197.0 1.91700437701 1.0
116.0 1.03765115006 0.0
object 95	1.0:0.5 4.57620696198:0.5
171.0 4.6077189655 1.0
22.0 0.987273860429 0.0
190.0 2.86215599823 1.0
79.0 4.58982787912 1.0
166.0 4.57350077885 1.0
74.0 4.54713622999 1.0
39.0 4.54385954857 1.0
168.0 4.62316679365 1.0
112.0 4.65825868478 1.0
77.0 4.57356753364 1.0
93.0 4.56541200171 1.0
51.0 4.64471071759 1.0
102.0 0.943727199067 0.0
134.0 1.04160446849 0.0
55.0 4.66644102811 1.0
193.0 -0.695544305768 0.0
114.0 4.6125235146 1.0
115.0 1.02030568727 0.0
87.0 4.61248220779 1.0
156.0 1.04552493678 0.0
76.0 1.0009698462 0.0
179.0 4.55559771024 1.0
149.0 4.61077330552 1.0
110.0 1.00103777373 0.0
128.0 4.69543123398 1.0
44.0 4.56932333919 1.0
118.0 4.56343052037 1.0
object 96	1.0:0.5 7.36550324907:0.5
71.0 7.35181196566 1.0
42.0 7.32785683878 1.0
161.0 7.34761788192 1.0
60.0 1.02022253157 0.0
24.0 0.960714921195 0.0
30.0 7.35048728332 1.0
46.0 7.38063229402 1.0
35.0 1.04366759141 0.0
141.0 1.05463173721 0.0
170.0 7.29518687711 1.0
160.0 7.35209168324 1.0
175.0 7.35894969754 1.0
66.0 1.02154909056 0.0
40.0 7.36606277748 1.0
191.0 2.95492509856 0.0
124.0 1.01294843114 0.0
79.0 0.924756708139 0.0
111.0 7.28073337664 1.0
192.0 4.44850797303 0.0
45.0 1.03821617991 0.0
95.0 1.04963730961 0.0
159.0 1.01931025647 0.0
31.0 1.02555309437 0.0
0.0 7.37411990366 1.0
195.0 7.47203482667 1.0
122.0 7.32194865161 1.0
116.0 0.988766939792 0.0
47.0 7.39078427246 1.0
object 97	1.0:0.5 14.0593743853:0.5
47.0 1.00109193681 0.0
0.0 14.1264334557 1.0
177.0 14.0639540837 1.0
116.0 1.02624270861 0.0
27.0 1.01901288429 0.0
57.0 0.912887337455 0.0
73.0 1.01530531525 0.0
49.0 14.0405285178 1.0
55.0 14.1517490642 1.0
107.0 14.0785491078 1.0
106.0 1.01672987953 0.0
21.0 14.1671806425 1.0
147.0 0.997362936877 0.0
179.0 0.99736839123 0.0
125.0 1.05842748526 0.0
94.0 14.0050793893 1.0
67.0 14.1380652222 1.0
170.0 14.0292205432 1.0
41.0 0.963232646101 0.0
121.0 1.03679246382 0.0
95.0 14.0094593557 1.0
155.0 14.088533432 1.0
176.0 0.932173252797 0.0
145.0 14.0895595121 1.0
162.0 14.0913411589 1.0
150.0 13.9914115775 1.0
9.0 1.01368038896 0.0
99.0 14.1657507606 1.0
174.0 0.954119030696 0.0
102.0 1.05766101041 0.0
object 98	1.0:0.5 -4.24474456846:0.5
50.0 -4.11038572519 1.0
54.0 -4.21551616107 1.0
73.0 0.971911744987 0.0
167.0 -4.30525322908 1.0
144.0 0.951766280487 0.0
16.0 -4.2710169919 1.0
153.0 -4.17229652848 1.0
30.0 -4.24731714907 1.0
53.0 0.980659878335 0.0
143.0 -4.30962261478 1.0
10.0 1.01093879257 0.0
18.0 -4.16843198976 1.0
36.0 -4.20553880209 1.0
40.0 1.01858583168 0.0
1.0 -4.26753065922 1.0
183.0 -9.62981876117 1.0
62.0 0.991056144692 0.0
66.0 -4.22310143263 1.0
58.0 -4.17756470373 1.0
87.0 -4.22382176326 1.0
23.0 0.968551592844 0.0
39.0 0.991963276191 0.0
176.0 1.06537572192 0.0
140.0 -4.25582597982 1.0
154.0 0.975509904962 0.0
19.0 -4.22413110854 1.0
5.0 0.996780562028 0.0
122.0 0.927179795922 0.0
174.0 -4.22052579855 1.0
116.0 1.00425991021 0.0
28.0 -4.22722461317 1.0
198.0 3.37601803219 0.0
55.0 -4.21180281633 1.0
187.0 0.895453258653 0.0
91.0 -4.24544304363 1.0
object 99	1.0:0.5 5.59385410385:0.5
82.0 1.00663281083 0.0
35.0 5.59280328704 1.0
73.0 0.98719862241 0.0
141.0 5.59222302655 1.0
6.0 1.03099036195 0.0
28.0 5.63487351273 1.0
3.0 5.65194409523 1.0
36.0 5.49810173885 1.0
97.0 0.980763784667 0.0
109.0 5.611142 1.0
43.0 5.55296945638 1.0
84.0 0.992892804996 0.0
25.0 0.964112168221 0.0
33.0 5.63079179831 1.0
133.0 5.6448359912 1.0
163.0 5.57487014004 1.0
168.0 0.975422414207 0.0
9.0 5.62902777645 1.0
112.0 0.988175486014 0.0
93.0 0.943186902187 0.0
151.0 1.04283013057 0.0
118.0 5.57747448101 1.0
193.0 3.24283832665 1.0
19.0 1.08331322731 0.0
166.0 5.62970966762 1.0
38.0 0.984491714464 0.0
87.0 5.58259794397 1.0
8.0 0.953447038853 0.0
167.0 5.53372175936 1.0
40.0 5.57758224267 1.0
31.0 5.60321874301 1.0
180.0 2.38662929104 0.0
