object 0	1.0:1.0
104.0 1.01182827489 1.0
110.0 1.02065295397 1.0
196.0 2.76736503977 1.0
70.0 0.98943743456 1.0
17.0 0.994595316689 1.0
127.0 0.94156658447 1.0
object 1	1.0:1.0
51.0 1.00125761675 1.0
84.0 0.991487374104 1.0
167.0 1.02402390822 1.0
37.0 1.04105713634 1.0
20.0 0.993789050012 1.0
192.0 -0.469079498325 1.0
78.0 1.0676187599 1.0
24.0 0.989614368525 1.0
18.0 1.02211053754 1.0
5.0 1.00402309747 1.0
object 2	1.0:1.0
7.0 1.01118908573 1.0
12.0 1.02083097452 1.0
36.0 0.969956703455 1.0
14.0 0.992399510692 1.0
145.0 1.02251044292 1.0
179.0 1.00399809418 1.0
53.0 0.984212229388 1.0
1.0 0.989238187943 1.0
136.0 1.04344661187 1.0
154.0 0.962822398305 1.0
141.0 0.926996543685 1.0
160.0 0.998012976962 1.0
143.0 1.02165707867 1.0
51.0 0.9516732589 1.0
85.0 1.0564895741 1.0
144.0 0.941559152781 1.0
object 3	1.0:1.0
14.0 0.964928330617 1.0
49.0 1.02861559087 1.0
191.0 -4.06532924924 1.0
117.0 0.970314690162 1.0
45.0 1.02215550517 1.0
98.0 0.945290466964 1.0
64.0 1.02455103258 1.0
69.0 0.996988122367 1.0
153.0 0.963628172215 1.0
141.0 1.02827060844 1.0
63.0 1.04041876919 1.0
162.0 0.981072371933 1.0
160.0 0.991575124676 1.0
object 4	1.0:1.0
106.0 1.01583276489 1.0
51.0 1.0374701452 1.0
197.0 9.45771412485 1.0
168.0 0.978727022875 1.0
60.0 0.984609039409 1.0
171.0 1.01090585858 1.0
147.0 0.983589137269 1.0
128.0 1.01340214229 1.0
195.0 0.882836061964 1.0
113.0 0.963867814963 1.0
146.0 0.999088272872 1.0
139.0 0.997157850536 1.0
26.0 0.993745150862 1.0
194.0 -5.17941064061 1.0
153.0 1.02759773661 1.0
68.0 0.973320186488 1.0
155.0 1.00926731054 1.0
79.0 0.98620404465 1.0
178.0 0.977410569102 1.0
140.0 0.957192642648 1.0
180.0 1.34259636305 1.0
object 5	1.0:1.0
11.0 1.00978106699 1.0
66.0 1.0456243664 1.0
51.0 0.996517905924 1.0
138.0 1.0368346802 1.0
74.0 0.980970455938 1.0
105.0 1.05022432884 1.0
40.0 1.01360677837 1.0
175.0 0.996004424549 1.0
172.0 1.01613664406 1.0
81.0 1.06113826924 1.0
20.0 0.955728059273 1.0
91.0 1.06303889083 1.0
17.0 1.02027839674 1.0
98.0 0.976543427636 1.0
object 6	1.0:1.0
24.0 1.00795368147 1.0
27.0 1.09807112977 1.0
126.0 0.963351916162 1.0
61.0 1.07175768324 1.0
117.0 1.07376867779 1.0
22.0 1.01890567789 1.0
92.0 1.00638636007 1.0
186.0 5.19744415611 1.0
112.0 1.00132919484 1.0
120.0 0.943415930974 1.0
181.0 -4.26716056312 1.0
90.0 1.04378789392 1.0
48.0 0.993382030511 1.0
130.0 1.06433171316 1.0
143.0 1.0284990233 1.0
17.0 0.985206929884 1.0
72.0 1.01485157257 1.0
7.0 0.968561662944 1.0
31.0 0.912804458808 1.0
161.0 1.03110007905 1.0
14.0 1.06974111487 1.0
object 7	1.0:1.0
85.0 0.987994516901 1.0
22.0 0.993448086995 1.0
168.0 1.05589658961 1.0
29.0 1.03804976488 1.0
100.0 0.951966542197 1.0
27.0 1.02159810405 1.0
24.0 0.99615874105 1.0
135.0 1.00906486905 1.0
53.0 1.00049612262 1.0
179.0 1.01556205189 1.0
190.0 -1.49014397061 1.0
196.0 1.842356426 1.0
161.0 0.963259653095 1.0
185.0 -0.0375381512597 1.0
28.0 1.06394777389 1.0
96.0 1.00167970418 1.0
object 8	1.0:1.0
129.0 0.999597369278 1.0
186.0 -3.31943852555 1.0
194.0 -0.275561418983 1.0
110.0 1.10111257909 1.0
96.0 1.00613294945 1.0
82.0 0.970566928229 1.0
119.0 1.00786183914 1.0
112.0 0.983956394895 1.0
38.0 1.04527692632 1.0
146.0 0.999279759638 1.0
78.0 1.0072097939 1.0
106.0 0.997361369161 1.0
115.0 1.00034784078 1.0
87.0 0.955582330634 1.0
176.0 0.977663087538 1.0
4.0 1.0322660328 1.0
157.0 0.997356673479 1.0
101.0 0.900129708956 1.0
167.0 1.00165260974 1.0
68.0 1.00529409085 1.0
159.0 0.992518512168 1.0
7.0 1.01910059422 1.0
71.0 1.01522896888 1.0
object 9	1.0:1.0
170.0 0.981896576647 1.0
195.0 5.40438744755 1.0
56.0 1.00948748035 1.0
32.0 0.951063412512 1.0
8.0 0.992944124647 1.0
39.0 1.03033518841 1.0
2.0 1.0246664719 1.0
108.0 0.936973818522 1.0
40.0 0.997119771835 1.0
131.0 0.993530797204 1.0
91.0 0.989588376378 1.0
140.0 1.05810429769 1.0
36.0 1.05817924585 1.0
107.0 1.00726084549 1.0
53.0 1.03355273741 1.0
94.0 0.980781990031 1.0
38.0 0.982151364334 1.0
21.0 0.936737933231 1.0
object 10	1.0:1.0
67.0 1.01473957375 1.0
177.0 1.00695898455 1.0
60.0 0.978452390716 1.0
141.0 0.974991323332 1.0
88.0 1.00295996799 1.0
90.0 1.06722843214 1.0
52.0 1.03536486909 1.0
64.0 1.01206531064 1.0
39.0 0.949665159369 1.0
134.0 1.01154469107 1.0
12.0 0.953934080155 1.0
42.0 1.00695987664 1.0
142.0 1.03332123482 1.0
164.0 0.961620560016 1.0
123.0 0.964114748171 1.0
87.0 1.01582400522 1.0
38.0 1.05907355975 1.0
165.0 0.989756969415 1.0
31.0 1.00458643047 1.0
150.0 0.986455222014 1.0
106.0 1.00693769274 1.0
118.0 0.911969820381 1.0
194.0 2.47378182456 1.0
33.0 1.00549612621 1.0
object 11	1.0:1.0
90.0 0.967891818094 1.0
88.0 1.00786846601 1.0
127.0 0.966498144015 1.0
146.0 0.981950014841 1.0
55.0 0.981509827972 1.0
89.0 0.973141842403 1.0
10.0 0.980874837554 1.0
81.0 0.980661555734 1.0
128.0 1.03282973 1.0
133.0 1.01815496128 1.0
91.0 1.02898804786 1.0
object 12	1.0:1.0
170.0 1.05983448186 1.0
185.0 1.48939221559 1.0
114.0 0.965672533068 1.0
92.0 1.01142195564 1.0
151.0 0.996858402316 1.0
198.0 0.18751183409 1.0
65.0 0.982935059084 1.0
169.0 0.9904655868 1.0
112.0 1.03556594705 1.0
140.0 0.977064710576 1.0
101.0 0.986986384749 1.0
object 13	1.0:1.0
120.0 1.04441385051 1.0
136.0 0.978098541115 1.0
84.0 0.970022833099 1.0
144.0 1.02278084957 1.0
189.0 -3.76786728342 1.0
0.0 0.996803857921 1.0
158.0 0.979881375902 1.0
130.0 1.02521226228 1.0
180.0 0.623038932934 1.0
object 14	1.0:1.0
122.0 1.00558685488 1.0
164.0 1.0054494503 1.0
144.0 1.00802221877 1.0
128.0 1.0261713308 1.0
139.0 1.00809905721 1.0
84.0 0.941603667839 1.0
11.0 0.982184508082 1.0
70.0 1.02078112701 1.0
75.0 0.982390224157 1.0
157.0 0.997842362522 1.0
185.0 8.38216733916 1.0
103.0 0.996322465813 1.0
152.0 1.03376168801 1.0
67.0 0.997009517559 1.0
178.0 0.964266897518 1.0
object 15	1.0:1.0
94.0 1.02085270792 1.0
163.0 0.988290998489 1.0
81.0 1.03887044493 1.0
96.0 1.03537040499 1.0
47.0 1.02572150365 1.0
108.0 0.939224321357 1.0
114.0 1.02643466017 1.0
111.0 1.02266171877 1.0
120.0 0.952863735639 1.0
80.0 0.994346938436 1.0
195.0 5.04777515192 1.0
157.0 1.00966362461 1.0
35.0 0.955769235347 1.0
128.0 1.01862564389 1.0
object 16	1.0:1.0
145.0 1.0046954782 1.0
63.0 1.00358911002 1.0
4.0 1.02910926624 1.0
103.0 1.00218803518 1.0
158.0 0.978536330066 1.0
18.0 1.04099572769 1.0
44.0 0.949526524972 1.0
190.0 2.07169406409 1.0
97.0 0.969464368274 1.0
43.0 0.930113984543 1.0
144.0 1.00555593144 1.0
54.0 0.973932403889 1.0
98.0 1.03443899675 1.0
119.0 1.00114995868 1.0
object 17	1.0:1.0
87.0 0.960732399458 1.0
58.0 0.925663725068 1.0
8.0 1.00898934392 1.0
41.0 1.02068607246 1.0
84.0 0.998130038308 1.0
120.0 1.06835557175 1.0
170.0 1.01821486145 1.0
95.0 0.986156815119 1.0
27.0 1.00475718506 1.0
125.0 1.0142136198 1.0
146.0 0.992188883502 1.0
76.0 1.02331585298 1.0
98.0 1.02814468337 1.0
177.0 1.01972543547 1.0
176.0 0.90269514342 1.0
127.0 1.02085528041 1.0
173.0 1.02006455292 1.0
158.0 1.02239833172 1.0
159.0 0.98938671787 1.0
object 18	1.0:1.0
121.0 0.983915118588 1.0
136.0 0.992756273794 1.0
89.0 1.08342829441 1.0
163.0 0.970560022156 1.0
14.0 0.971045981189 1.0
56.0 0.981294095031 1.0
20.0 1.00654112303 1.0
139.0 1.00407673056 1.0
129.0 0.987706756231 1.0
134.0 0.999187360748 1.0
52.0 0.952288126734 1.0
179.0 0.996201304769 1.0
44.0 1.01644451859 1.0
175.0 0.998813981792 1.0
object 19	1.0:1.0
68.0 1.01185760647 1.0
133.0 1.04520966318 1.0
148.0 1.0090702816 1.0
64.0 1.03684011894 1.0
111.0 1.0192892334 1.0
98.0 1.01136798874 1.0
165.0 1.00446027462 1.0
19.0 1.01496504354 1.0
190.0 0.807812248471 1.0
4.0 0.971959172399 1.0
192.0 0.512185168173 1.0
179.0 1.00531692982 1.0
15.0 1.00033234907 1.0
54.0 0.983252822037 1.0
object 20	1.0:1.0
155.0 0.926182211752 1.0
174.0 1.05774490136 1.0
177.0 0.988446477983 1.0
162.0 1.00475053312 1.0
38.0 1.0071255775 1.0
160.0 0.995088214363 1.0
156.0 0.969421070057 1.0
95.0 0.989096605639 1.0
29.0 1.00202784123 1.0
76.0 1.00834636597 1.0
49.0 0.995165230202 1.0
154.0 0.969165469886 1.0
119.0 0.993153350525 1.0
198.0 0.615101292315 1.0
73.0 1.02833907782 1.0
194.0 -1.75427650255 1.0
179.0 0.996410045514 1.0
1.0 1.02225145835 1.0
173.0 1.01191371245 1.0
182.0 -2.55097237011 1.0
137.0 0.99449883305 1.0
75.0 0.985760323296 1.0
object 21	1.0:1.0
2.0 0.975539220657 1.0
153.0 1.00370786785 1.0
65.0 0.945315507078 1.0
72.0 0.936668095275 1.0
140.0 0.968476981625 1.0
3.0 0.946214022528 1.0
58.0 1.03129485246 1.0
95.0 1.00502619733 1.0
39.0 0.978518306621 1.0
31.0 1.03943874065 1.0
17.0 0.962798291149 1.0
108.0 0.988602907562 1.0
45.0 0.998316425118 1.0
42.0 0.989166383099 1.0
object 22	1.0:1.0
12.0 1.00758422892 1.0
5.0 0.966201786447 1.0
49.0 0.967811447655 1.0
177.0 0.982885713283 1.0
160.0 1.01818669788 1.0
57.0 0.981234890394 1.0
91.0 1.04921957382 1.0
84.0 1.07619397192 1.0
19.0 1.08568709563 1.0
122.0 1.01730166109 1.0
object 23	1.0:1.0
133.0 0.931275874319 1.0
171.0 1.03178016874 1.0
199.0 7.70217956464 1.0
150.0 1.01169437042 1.0
104.0 0.985378847635 1.0
184.0 3.94798848343 1.0
137.0 1.00605649205 1.0
75.0 1.03618006125 1.0
34.0 0.992582751604 1.0
170.0 1.02184406669 1.0
22.0 1.0054931148 1.0
146.0 1.00406015047 1.0
object 24	1.0:1.0
29.0 1.01441932849 1.0
99.0 0.995791085853 1.0
197.0 5.91954597174 1.0
83.0 0.982176456726 1.0
112.0 1.03611002998 1.0
191.0 -0.707844172626 1.0
16.0 0.937710394918 1.0
45.0 1.00235517302 1.0
128.0 1.00767389679 1.0
144.0 0.997276361366 1.0
190.0 -2.44897678182 1.0
130.0 1.03407530658 1.0
object 25	1.0:1.0
36.0 1.06687113487 1.0
158.0 1.00295762012 1.0
171.0 1.02383904166 1.0
178.0 1.01739559247 1.0
58.0 0.971464817111 1.0
46.0 0.988103099991 1.0
14.0 1.03865204024 1.0
78.0 1.01269188615 1.0
157.0 0.988694060815 1.0
20.0 0.987084095942 1.0
197.0 5.04525797277 1.0
143.0 1.00110836764 1.0
173.0 1.0032650564 1.0
47.0 0.9803980667 1.0
148.0 0.98363859847 1.0
16.0 1.0117330699 1.0
object 26	1.0:1.0
99.0 1.02303643699 1.0
30.0 0.995313494403 1.0
44.0 0.984466843114 1.0
76.0 1.00378769726 1.0
156.0 0.984726091999 1.0
194.0 3.27814739172 1.0
28.0 1.02728249103 1.0
193.0 -0.593919440772 1.0
66.0 0.949012820624 1.0
7.0 0.984027257485 1.0
174.0 0.970366889473 1.0
51.0 0.988524221697 1.0
10.0 1.00127553692 1.0
70.0 0.972462257879 1.0
object 27	1.0:1.0
192.0 4.20826221963 1.0
113.0 0.963929678964 1.0
21.0 1.08272757705 1.0
158.0 1.00046379825 1.0
99.0 1.03220746954 1.0
6.0 1.01444304058 1.0
42.0 1.00889645438 1.0
60.0 0.970584562292 1.0
152.0 0.947504411607 1.0
78.0 0.979817465822 1.0
149.0 1.0269283406 1.0
18.0 1.00044720653 1.0
159.0 0.990772422421 1.0
23.0 0.993953509535 1.0
22.0 0.981365419516 1.0
105.0 1.09600637782 1.0
48.0 0.979637734684 1.0
51.0 0.992112562131 1.0
object 28	1.0:1.0
146.0 0.986273398144 1.0
140.0 0.936402344238 1.0
74.0 1.01876322591 1.0
25.0 0.994742490974 1.0
37.0 0.954899468748 1.0
142.0 1.02965429347 1.0
166.0 0.997861970867 1.0
115.0 0.976283170373 1.0
1.0 0.984493043637 1.0
68.0 0.956915877509 1.0
22.0 0.995780089399 1.0
58.0 0.964335169574 1.0
116.0 0.960654204159 1.0
83.0 1.01477572518 1.0
97.0 1.02835363783 1.0
object 29	1.0:1.0
15.0 0.922157190021 1.0
131.0 1.02675742261 1.0
135.0 0.987980766048 1.0
31.0 1.01097229668 1.0
106.0 0.986787109903 1.0
58.0 0.947427901721 1.0
64.0 1.0076073456 1.0
34.0 0.978648304584 1.0
122.0 0.967101149167 1.0
54.0 0.956311810102 1.0
61.0 0.991970751272 1.0
179.0 0.992425068453 1.0
163.0 0.990708195586 1.0
13.0 1.00437649734 1.0
30.0 1.01852951693 1.0
object 30	1.0:1.0
70.0 1.00358702183 1.0
35.0 1.01330485777 1.0
3.0 0.995414566425 1.0
110.0 1.02166895077 1.0
140.0 1.0576852226 1.0
127.0 0.974178752888 1.0
38.0 1.0454150295 1.0
128.0 1.00115244667 1.0
33.0 1.07862473741 1.0
165.0 1.01311699385 1.0
57.0 1.01564171013 1.0
60.0 0.997833511687 1.0
147.0 1.00698206056 1.0
object 31	1.0:1.0
124.0 1.00394152041 1.0
147.0 1.00999270957 1.0
87.0 0.933426989139 1.0
126.0 0.980793024085 1.0
70.0 1.0007091435 1.0
183.0 -3.6392475193 1.0
164.0 0.987173024087 1.0
53.0 0.972283362667 1.0
68.0 0.995262769931 1.0
7.0 1.03134256471 1.0
111.0 1.01913303835 1.0
28.0 0.994874780454 1.0
138.0 1.04675456278 1.0
189.0 -0.790562980146 1.0
172.0 1.04246792851 1.0
47.0 0.980819816714 1.0
94.0 1.00510085303 1.0
61.0 0.983729525012 1.0
177.0 0.996230218352 1.0
object 32	1.0:1.0
126.0 1.01553319252 1.0
38.0 1.02482204084 1.0
25.0 1.00623276832 1.0
198.0 -0.0996678687743 1.0
107.0 0.984952487201 1.0
89.0 1.03486519515 1.0
195.0 2.48645783292 1.0
161.0 1.07245070005 1.0
121.0 0.939098426366 1.0
37.0 1.00103469578 1.0
142.0 0.944043781985 1.0
77.0 1.04903796686 1.0
187.0 0.415813918066 1.0
object 33	1.0:1.0
149.0 0.987165700422 1.0
69.0 0.988665540266 1.0
58.0 0.967968199098 1.0
32.0 1.06172585141 1.0
155.0 1.04334468228 1.0
0.0 1.02124653515 1.0
81.0 0.933230100402 1.0
95.0 1.04966687813 1.0
188.0 -0.648208738053 1.0
99.0 1.00500546763 1.0
197.0 2.83181492505 1.0
92.0 1.01600561294 1.0
141.0 1.01889943772 1.0
177.0 1.00664457177 1.0
123.0 0.959200447498 1.0
168.0 0.984447412405 1.0
85.0 1.04261528581 1.0
169.0 0.961049388932 1.0
56.0 1.00869956734 1.0
object 34	1.0:1.0
100.0 1.03658608711 1.0
145.0 1.01818573082 1.0
99.0 1.00553384772 1.0
106.0 0.974968942376 1.0
164.0 0.970634062154 1.0
177.0 1.02826615501 1.0
120.0 1.0638609086 1.0
48.0 0.988225785772 1.0
168.0 0.967608377665 1.0
85.0 0.962023617013 1.0
183.0 0.185858766594 1.0
192.0 2.12425747513 1.0
17.0 0.995864844741 1.0
55.0 0.976796428423 1.0
184.0 0.770611769052 1.0
167.0 1.04614009314 1.0
53.0 1.00057047571 1.0
175.0 1.01935401642 1.0
object 35	1.0:1.0
113.0 0.932550788698 1.0
164.0 0.979693360396 1.0
96.0 1.01225583249 1.0
81.0 1.03703677772 1.0
126.0 0.989470801462 1.0
32.0 1.03273740168 1.0
151.0 0.999396026032 1.0
89.0 1.01447778201 1.0
17.0 1.00237865822 1.0
27.0 1.01178121889 1.0
97.0 1.01584161025 1.0
85.0 0.988836039769 1.0
182.0 3.71563723433 1.0
169.0 1.07395323134 1.0
90.0 1.01646129953 1.0
109.0 0.938827672332 1.0
127.0 0.94305993707 1.0
195.0 0.863803262967 1.0
object 36	1.0:1.0
139.0 1.0154415463 1.0
144.0 1.01766966361 1.0
36.0 0.959368325044 1.0
38.0 0.934662243879 1.0
162.0 1.01371821439 1.0
125.0 0.987562788198 1.0
132.0 1.04948849882 1.0
1.0 1.00004178075 1.0
167.0 0.993074501402 1.0
148.0 1.03261906343 1.0
175.0 0.995948394632 1.0
56.0 1.01154078832 1.0
64.0 0.957336784581 1.0
95.0 0.960278741885 1.0
object 37	1.0:1.0
163.0 0.996613004485 1.0
6.0 0.993879888266 1.0
158.0 0.996105265087 1.0
143.0 1.00802214054 1.0
165.0 1.0175085839 1.0
59.0 0.978573216825 1.0
171.0 1.00616101308 1.0
115.0 1.03551715593 1.0
74.0 0.989182461518 1.0
160.0 1.02501312599 1.0
31.0 1.02938121354 1.0
41.0 1.03184468029 1.0
187.0 -0.0902720491385 1.0
42.0 1.00340739312 1.0
63.0 1.04388254404 1.0
1.0 1.008966882 1.0
180.0 0.580318265745 1.0
83.0 1.03851343696 1.0
127.0 0.977518714148 1.0
object 38	1.0:1.0
38.0 0.98558384516 1.0
96.0 1.04316783416 1.0
197.0 3.2605900545 1.0
112.0 0.951781773015 1.0
32.0 1.01380850464 1.0
129.0 0.98792833935 1.0
184.0 1.54988421433 1.0
177.0 0.989719882825 1.0
153.0 0.987991830606 1.0
132.0 1.04026758508 1.0
92.0 1.02714005539 1.0
152.0 0.951767108361 1.0
181.0 0.507390199051 1.0
116.0 0.942275400824 1.0
object 39	1.0:1.0
97.0 1.0532036023 1.0
80.0 0.971426770951 1.0
10.0 1.01736093934 1.0
132.0 0.945193226693 1.0
144.0 0.951552570808 1.0
126.0 1.00219502944 1.0
47.0 0.998429318117 1.0
33.0 0.977563444475 1.0
34.0 1.00390277745 1.0
63.0 0.976966929765 1.0
180.0 3.03399769201 1.0
190.0 -5.84667586219 1.0
146.0 0.974249365808 1.0
150.0 0.994241015286 1.0
70.0 0.96532024279 1.0
object 40	1.0:1.0
45.0 1.001549323 1.0
137.0 1.01010953216 1.0
188.0 -1.15073271745 1.0
43.0 0.964135384381 1.0
127.0 1.03802081511 1.0
41.0 1.00400450374 1.0
149.0 1.0273204928 1.0
171.0 0.985840316016 1.0
126.0 0.973524765799 1.0
86.0 0.997042513495 1.0
172.0 0.994353897015 1.0
24.0 1.00788718002 1.0
object 41	1.0:1.0
100.0 1.10101103266 1.0
104.0 1.02240065925 1.0
55.0 0.978838786325 1.0
93.0 0.998540849609 1.0
107.0 1.01675057938 1.0
131.0 0.993763392867 1.0
61.0 0.939314908693 1.0
118.0 1.05927639757 1.0
108.0 0.964641212052 1.0
129.0 1.00222945084 1.0
198.0 -3.15032687081 1.0
46.0 1.04207431059 1.0
173.0 0.99166095319 1.0
36.0 0.960685663367 1.0
194.0 -3.61823692404 1.0
object 42	1.0:1.0
120.0 1.00401949641 1.0
131.0 1.01079104097 1.0
2.0 1.09022375393 1.0
134.0 0.981754924778 1.0
11.0 1.03904003675 1.0
171.0 0.993824088872 1.0
170.0 0.975619854427 1.0
89.0 1.05014485889 1.0
195.0 2.70506961793 1.0
187.0 2.28398385006 1.0
24.0 1.00449359265 1.0
174.0 1.00139436121 1.0
93.0 0.995845264247 1.0
163.0 0.987575441545 1.0
object 43	1.0:1.0
32.0 0.918775131266 1.0
105.0 0.995121703646 1.0
36.0 0.992459191573 1.0
168.0 1.035376563 1.0
72.0 0.989070545071 1.0
23.0 1.02011467039 1.0
29.0 1.01940105833 1.0
101.0 0.966453841923 1.0
52.0 0.988660943326 1.0
59.0 1.04051904454 1.0
4.0 1.01091879351 1.0
73.0 0.923915457637 1.0
77.0 1.03969314578 1.0
106.0 1.01758345814 1.0
61.0 0.927942568322 1.0
183.0 0.0247951373183 1.0
139.0 0.976237338634 1.0
58.0 0.921378774282 1.0
15.0 1.08975009313 1.0
124.0 0.997095216983 1.0
140.0 0.996102425928 1.0
object 44	1.0:1.0
116.0 1.01586951696 1.0
58.0 0.926494575299 1.0
43.0 0.916194392505 1.0
61.0 1.03063755641 1.0
132.0 0.9510778303 1.0
131.0 0.996423073766 1.0
81.0 0.957665218623 1.0
24.0 1.01652294422 1.0
48.0 0.992722429373 1.0
144.0 1.0388381965 1.0
3.0 0.976465737025 1.0
10.0 0.952453781902 1.0
199.0 -0.954409446347 1.0
64.0 0.997893045648 1.0
73.0 0.994280760832 1.0
object 45	1.0:1.0
138.0 0.988816514077 1.0
136.0 0.967382809379 1.0
170.0 1.01613293681 1.0
199.0 5.02249018384 1.0
131.0 0.984953798273 1.0
51.0 0.988731685117 1.0
145.0 0.993385047151 1.0
89.0 1.00100456821 1.0
5.0 1.00958669349 1.0
160.0 0.973020008675 1.0
77.0 1.04911639303 1.0
147.0 1.01945334627 1.0
object 46	1.0:1.0
42.0 0.97430495154 1.0
16.0 0.998551951427 1.0
44.0 0.955022529841 1.0
145.0 1.00772284697 1.0
157.0 1.00979688906 1.0
21.0 1.07115320455 1.0
45.0 0.973570440908 1.0
140.0 1.00738761469 1.0
41.0 0.976157141969 1.0
177.0 1.00326219092 1.0
116.0 1.02976927247 1.0
154.0 1.03627529959 1.0
182.0 0.421141480316 1.0
64.0 0.933847846201 1.0
66.0 0.959813027089 1.0
198.0 0.647691367925 1.0
197.0 0.289117685622 1.0
94.0 0.999180152509 1.0
143.0 0.968719345261 1.0
5.0 0.986181321086 1.0
118.0 0.960854479814 1.0
76.0 0.992198878452 1.0
object 47	1.0:1.0
151.0 0.997332285669 1.0
125.0 1.05350992966 1.0
156.0 0.995782080965 1.0
1.0 0.969432502684 1.0
147.0 1.01833412604 1.0
115.0 0.993989098559 1.0
124.0 1.01107888057 1.0
128.0 0.978525722884 1.0
182.0 0.515758269654 1.0
44.0 1.02854606374 1.0
5.0 1.01019946412 1.0
129.0 1.00954095459 1.0
109.0 0.992112489305 1.0
41.0 1.00725925986 1.0
object 48	1.0:1.0
172.0 1.04211537136 1.0
126.0 0.987516110302 1.0
198.0 -2.29630743736 1.0
78.0 1.03471552084 1.0
9.0 1.0670116796 1.0
37.0 0.973031094766 1.0
196.0 1.70444389173 1.0
65.0 1.00691378495 1.0
92.0 0.972184361455 1.0
129.0 0.990457830195 1.0
148.0 0.925270388138 1.0
71.0 0.972012511857 1.0
164.0 1.0035694636 1.0
132.0 0.94145040149 1.0
143.0 1.00640414278 1.0
176.0 1.0737967817 1.0
170.0 1.04637613968 1.0
5.0 0.977740889993 1.0
object 49	1.0:1.0
72.0 0.981520017765 1.0
185.0 0.326524586826 1.0
132.0 1.05368635143 1.0
177.0 1.00148253514 1.0
129.0 1.00388030104 1.0
115.0 0.997900731004 1.0
119.0 0.99789552637 1.0
87.0 0.995442785063 1.0
194.0 3.60345454287 1.0
153.0 1.05440413843 1.0
16.0 0.988424665321 1.0
55.0 0.996563690262 1.0
11.0 1.02193480828 1.0
45.0 1.09275895716 1.0
109.0 1.01098404512 1.0
object 50	1.0:0.5 10.3807265412:0.5
55.0 0.943367882315 0.0
33.0 0.99712212476 0.0
133.0 10.4188381728 1.0
171.0 10.3981429164 1.0
95.0 1.01175595605 0.0
118.0 0.980781300667 0.0
57.0 10.3525151977 1.0
187.0 3.00070682664 0.0
22.0 1.0493041709 0.0
123.0 0.915514228281 0.0
165.0 1.05135122742 0.0
58.0 0.943714327227 0.0
34.0 10.4185688498 1.0
169.0 10.3946550921 1.0
object 51	1.0:0.5 -9.10451963631:0.5
107.0 1.03580825065 0.0
69.0 -9.14827906642 1.0
10.0 0.97270042018 0.0
1.0 0.940294347592 0.0
19.0 -9.09006233688 1.0
23.0 -9.06498895092 1.0
163.0 -9.03719630545 1.0
28.0 -9.08164392785 1.0
41.0 0.960304299263 0.0
182.0 -7.2852266807 1.0
98.0 0.947424813728 0.0
154.0 1.0470523469 0.0
0.0 1.02970449749 0.0
183.0 -0.017363585207 0.0
131.0 1.03998538561 0.0
134.0 0.964429725326 0.0
object 52	1.0:0.5 17.1816611791:0.5
181.0 13.7332721664 1.0
9.0 1.12612611659 0.0
148.0 0.934713610097 0.0
126.0 17.1534185361 1.0
27.0 0.992585214232 0.0
161.0 17.2182526868 1.0
182.0 14.9936222485 1.0
180.0 17.8588031968 1.0
13.0 0.993669033058 0.0
158.0 1.01816303522 0.0
100.0 17.1160662694 1.0
87.0 17.1515295444 1.0
28.0 17.1950982414 1.0
107.0 17.148722851 1.0
0.0 17.2465950467 1.0
95.0 17.1575242575 1.0
92.0 0.979469927831 0.0
object 53	1.0:0.5 -0.890373072981:0.5
45.0 1.03781144197 0.0
181.0 -2.23503980535 0.0
48.0 -0.870431421508 1.0
118.0 -0.893269927061 1.0
60.0 0.957357758498 0.0
83.0 -0.90927810264 1.0
63.0 1.00252779294 0.0
52.0 -0.876721994494 1.0
139.0 -0.864821842256 1.0
56.0 1.04415649842 0.0
161.0 0.968920301994 0.0
197.0 -0.214084093679 0.0
180.0 -1.54680262425 0.0
147.0 -0.877376195478 1.0
object 54	1.0:0.5 20.8008840195:0.5
94.0 0.949455158626 0.0
198.0 21.7458967934 1.0
85.0 20.8237468663 1.0
39.0 0.977211006976 0.0
149.0 20.7715381506 1.0
168.0 1.03676133342 0.0
178.0 20.7835104506 1.0
110.0 0.9276761216 0.0
182.0 -3.08068815788 0.0
115.0 1.029228816 0.0
68.0 20.8131599717 1.0
142.0 0.867941411637 0.0
74.0 1.0142501953 0.0
92.0 20.7171834971 1.0
105.0 1.00099428471 0.0
174.0 20.8088574847 1.0
49.0 20.7248704951 1.0
13.0 1.06350716205 0.0
108.0 20.7936106727 1.0
185.0 27.40124815 1.0
109.0 20.802503643 1.0
27.0 0.999521992743 0.0
object 55	1.0:0.5 6.24464719422:0.5
86.0 1.00518267791 0.0
59.0 0.926426906106 0.0
91.0 6.23865108966 1.0
63.0 0.943473230344 0.0
157.0 6.29251273576 1.0
190.0 -0.698735031986 0.0
166.0 6.23731804398 1.0
146.0 6.21053996395 1.0
93.0 6.22954635529 1.0
68.0 6.23935507698 1.0
112.0 1.02210361227 0.0
98.0 6.25273321516 1.0
69.0 0.966500227654 0.0
195.0 0.144298370939 1.0
143.0 1.01480261953 0.0
165.0 6.29206864383 1.0
197.0 5.69128986406 1.0
49.0 1.03123189046 0.0
16.0 1.05866170285 0.0
75.0 1.02015577118 0.0
147.0 6.21162513473 1.0
67.0 6.28334450333 1.0
object 56	1.0:0.5 2.89333670376:0.5
169.0 2.87099438661 1.0
88.0 1.00051198043 0.0
57.0 2.88576279662 1.0
2.0 2.8234014541 1.0
139.0 1.06951648627 0.0
143.0 2.85618755604 1.0
112.0 0.993248691277 0.0
183.0 -1.72016171438 0.0
97.0 2.83731929011 1.0
61.0 0.958317674135 0.0
186.0 4.46806102711 1.0
26.0 2.92994846977 1.0
98.0 0.957529627315 0.0
52.0 2.85530928422 1.0
object 57	1.0:0.5 -7.80036112768:0.5
99.0 -7.84492418178 1.0
168.0 1.02554933606 0.0
136.0 -7.79317062038 1.0
139.0 1.06372232599 0.0
143.0 0.986073680466 0.0
60.0 0.958250694373 0.0
87.0 -7.81978969366 1.0
112.0 1.01293342267 0.0
154.0 1.03323972789 0.0
54.0 1.05291845521 0.0
120.0 0.950299770919 0.0
55.0 -7.76435709658 1.0
73.0 0.921359842188 0.0
35.0 1.04808522769 0.0
176.0 -7.73438263425 1.0
107.0 -7.79672956098 1.0
103.0 0.904440178701 0.0
188.0 6.40975100103 0.0
95.0 0.989937930671 0.0
123.0 0.99034230151 0.0
object 58	1.0:0.5 9.97555126378:0.5
78.0 9.99100222852 1.0
20.0 9.93823730212 1.0
71.0 1.0239073556 0.0
171.0 9.99837000501 1.0
147.0 9.97505672421 1.0
153.0 1.0658681562 0.0
190.0 0.30850735689 0.0
155.0 0.938479813756 0.0
21.0 10.0180513441 1.0
126.0 1.03726871976 0.0
160.0 1.00937640024 0.0
191.0 12.2088232031 1.0
100.0 10.0041729025 1.0
163.0 9.9788644022 1.0
0.0 9.92604073487 1.0
148.0 9.95849465587 1.0
92.0 10.0226550454 1.0
object 59	1.0:0.5 0.956038202803:0.5
157.0 1.09314632364 0.0
4.0 0.902180066102 1.0
90.0 1.01393721857 0.0
147.0 0.995369695263 0.0
110.0 1.14489909118 0.0
188.0 -1.76642708914 0.0
100.0 1.00026225855 1.0
199.0 -0.529673753989 1.0
159.0 1.01071397139 1.0
109.0 0.961374525892 0.0
30.0 1.09569423512 0.0
object 60	1.0:0.5 -6.56946173756:0.5
151.0 -6.56571011578 1.0
69.0 -6.5377885581 1.0
86.0 -6.56414075453 1.0
182.0 -6.1720899118 0.0
195.0 -1.77053021187 0.0
91.0 -6.49658951694 1.0
131.0 -6.61716729772 1.0
79.0 0.92071499265 0.0
144.0 -6.57949862234 1.0
48.0 1.05682953642 0.0
118.0 0.989413765708 0.0
61.0 -6.52115057121 1.0
94.0 -6.55870255683 1.0
50.0 0.926613241357 0.0
object 61	1.0:0.5 -7.70262692039:0.5
91.0 0.968853025146 0.0
122.0 -7.67223735237 1.0
67.0 1.05329632821 0.0
71.0 1.02029103963 0.0
113.0 0.999317690974 0.0
124.0 -7.70607484314 1.0
127.0 1.08618401837 0.0
73.0 -7.7972249042 1.0
41.0 -7.68174782256 1.0
157.0 0.959976028788 0.0
136.0 -7.66834781901 1.0
111.0 1.03357959885 0.0
149.0 -7.67846817657 1.0
126.0 1.01859981604 0.0
object 62	1.0:0.5 1.49086586605:0.5
129.0 1.48340223719 1.0
114.0 1.46783678504 1.0
161.0 1.52534370288 1.0
60.0 1.46788576951 1.0
77.0 1.49015021197 1.0
162.0 1.00318435927 0.0
117.0 1.55219976677 1.0
15.0 0.946838327117 0.0
58.0 1.03159106828 0.0
194.0 -0.484018285714 1.0
1.0 1.04156546765 0.0
90.0 1.0636847075 0.0
155.0 0.900471605556 0.0
object 63	1.0:0.5 -1.19450738182:0.5
11.0 -1.1805953132 1.0
8.0 -1.27195804243 1.0
69.0 -1.22359523157 1.0
191.0 6.60364824324 1.0
59.0 0.971735046138 0.0
134.0 -1.153783143 1.0
138.0 1.03331778538 0.0
4.0 1.03720603054 0.0
129.0 1.03126223534 0.0
153.0 0.983413812009 0.0
154.0 0.993357824335 0.0
120.0 1.08815594693 0.0
73.0 -1.19565760889 1.0
object 64	1.0:0.5 -1.71571535051:0.5
82.0 0.991759300022 0.0
75.0 -1.66540189047 1.0
103.0 1.07682527213 0.0
174.0 0.957031971432 0.0
180.0 0.200196191367 1.0
173.0 0.932991743254 0.0
26.0 -1.70133362046 1.0
110.0 -1.64992868209 1.0
35.0 -1.6913631539 1.0
66.0 1.01591301204 0.0
129.0 -1.60946156877 1.0
115.0 -1.76225161559 1.0
138.0 -1.7634938382 1.0
17.0 0.914198694619 0.0
184.0 2.68186731579 0.0
88.0 1.02248010634 0.0
159.0 -1.69475979529 1.0
168.0 0.969663405391 0.0
object 65	1.0:0.5 6.60233587977:0.5
5.0 6.59901532635 1.0
16.0 6.55934569138 1.0
181.0 10.9551088184 1.0
134.0 0.931418403661 0.0
60.0 6.62470495476 1.0
112.0 1.03753002085 0.0
177.0 6.60771574255 1.0
119.0 6.56721432705 1.0
199.0 -0.271409353434 0.0
13.0 0.938407128533 0.0
81.0 6.63178499396 1.0
47.0 6.57618818827 1.0
143.0 0.975798213584 0.0
196.0 2.13383365559 1.0
12.0 0.924783297971 0.0
139.0 0.933330074394 0.0
2.0 1.02772073906 0.0
114.0 0.980665656766 0.0
51.0 1.06376825933 0.0
object 66	1.0:0.5 4.06780579968:0.5
28.0 3.96526682591 1.0
38.0 0.95420671885 0.0
154.0 0.996205630608 0.0
86.0 3.98615657106 1.0
66.0 3.98910139459 1.0
160.0 4.03485290083 1.0
116.0 1.05791427283 0.0
30.0 4.06685459326 1.0
72.0 4.07763423628 1.0
85.0 1.02956879105 0.0
78.0 0.935302398831 0.0
122.0 4.01940422707 1.0
129.0 4.08472281264 1.0
object 67	1.0:0.5 -4.19871749797:0.5
176.0 1.11027257641 0.0
110.0 -4.24495886926 1.0
2.0 -4.16445707321 1.0
66.0 -4.16603379909 1.0
38.0 -4.21553061793 1.0
189.0 -3.96095387298 1.0
21.0 -4.17182910591 1.0
194.0 -1.14600333899 1.0
190.0 -2.85256965516 1.0
6.0 0.97666058483 0.0
24.0 -4.16332415128 1.0
62.0 -4.19200848363 1.0
23.0 0.940858404968 0.0
object 68	1.0:0.5 -6.54657091178:0.5
166.0 -6.5379345773 1.0
111.0 1.09370294587 0.0
13.0 -6.52028304607 1.0
72.0 1.01368964028 0.0
4.0 0.990033896288 0.0
68.0 -6.53835224612 1.0
188.0 -5.09381931482 1.0
135.0 -6.54984796048 1.0
77.0 1.03610140209 0.0
161.0 1.00565325246 0.0
186.0 4.30296033127 0.0
27.0 -6.53660505294 1.0
130.0 0.925078534455 0.0
object 69	1.0:0.5 12.1776128354:0.5
19.0 12.2009800196 1.0
168.0 0.990254594417 0.0
73.0 12.148466231 1.0
160.0 1.07338586107 0.0
26.0 1.00233555305 0.0
195.0 13.7436727637 1.0
161.0 12.1987068351 1.0
7.0 12.1240330606 1.0
object 70	1.0:0.5 11.2852972517:0.5
141.0 11.2143226119 1.0
70.0 0.934380322471 0.0
138.0 0.956998154681 0.0
143.0 11.3108257659 1.0
173.0 11.2958920741 1.0
132.0 0.967517193643 0.0
184.0 -1.32141067511 0.0
23.0 11.3136696892 1.0
192.0 0.805700310322 0.0
3.0 1.00289686712 0.0
171.0 1.00318021561 0.0
195.0 12.4065936255 1.0
72.0 11.2717846383 1.0
114.0 1.04310743057 0.0
115.0 0.984847853342 0.0
110.0 1.00247772184 0.0
33.0 1.01651106789 0.0
193.0 0.514795072169 0.0
116.0 1.02546416295 0.0
36.0 11.331198008 1.0
186.0 1.54323661771 0.0
object 71	1.0:0.5 -2.08859828522:0.5
154.0 1.03318604559 0.0
166.0 -2.13638877279 1.0
74.0 -2.03078714954 1.0
31.0 1.07689959801 0.0
47.0 0.992381910093 0.0
64.0 -2.05511829615 1.0
41.0 0.959459727155 0.0
95.0 0.976343082952 0.0
195.0 -3.02065106838 1.0
8.0 -2.13494760159 1.0
16.0 -2.13134353087 1.0
44.0 1.01577348793 0.0
168.0 -2.0780118372 1.0
79.0 1.0718375191 0.0
153.0 0.892988009102 0.0
object 72	1.0:0.5 -15.1899271659:0.5
42.0 0.919094947711 0.0
198.0 -13.1375785922 1.0
118.0 1.00647158602 0.0
33.0 -15.1782536016 1.0
127.0 -15.0696232164 1.0
16.0 -15.2109321532 1.0
115.0 1.01807960413 0.0
37.0 0.964532909272 0.0
88.0 -15.143933725 1.0
34.0 1.0962371082 0.0
object 73	1.0:0.5 23.427668952:0.5
137.0 23.4547680097 1.0
198.0 23.8594291913 1.0
162.0 0.989233633701 0.0
80.0 23.4802737196 1.0
72.0 0.924104027807 0.0
74.0 23.4095372942 1.0
182.0 23.1038924291 1.0
58.0 0.978094234741 0.0
0.0 1.00233723548 0.0
118.0 0.988538298607 0.0
107.0 23.3914929802 1.0
174.0 23.3888545571 1.0
27.0 1.06666886789 0.0
193.0 20.8525585493 1.0
175.0 23.378661987 1.0
184.0 -0.360327670261 0.0
79.0 1.05415899811 0.0
131.0 0.987237078353 0.0
82.0 23.3968408646 1.0
62.0 0.968022851317 0.0
173.0 23.4300021275 1.0
object 74	1.0:0.5 21.1223107591:0.5
166.0 0.986432856745 0.0
93.0 1.02884862443 0.0
4.0 0.960267513958 0.0
59.0 1.04331921442 0.0
10.0 0.971509175878 0.0
74.0 21.121371183 1.0
13.0 21.0604841593 1.0
179.0 21.1231511008 1.0
138.0 21.1323544479 1.0
110.0 21.1667168381 1.0
object 75	1.0:0.5 8.22022672988:0.5
192.0 7.82086360387 1.0
92.0 1.00293348763 0.0
89.0 1.0066465606 0.0
166.0 0.982343636788 0.0
171.0 8.24314452608 1.0
50.0 8.14700705797 1.0
33.0 0.970698796943 0.0
130.0 8.15311809878 1.0
21.0 8.13627795435 1.0
173.0 0.943877863349 0.0
73.0 1.01146132786 0.0
6.0 1.06401168388 0.0
76.0 1.03747498098 0.0
190.0 10.5633163268 1.0
object 76	1.0:0.5 0.599700610133:0.5
193.0 2.15485651121 0.0
155.0 0.532177335717 1.0
55.0 0.983738414585 0.0
89.0 0.587608804534 1.0
94.0 1.03648149841 0.0
98.0 0.992102381846 0.0
77.0 1.05044454634 0.0
22.0 0.623947686745 1.0
10.0 0.606914231665 1.0
14.0 0.959146331348 0.0
187.0 -7.46534396853 1.0
182.0 -2.01004581279 0.0
170.0 0.558451370824 1.0
81.0 0.551270801905 1.0
122.0 0.650793044085 1.0
15.0 0.971136094985 0.0
146.0 0.57943193738 1.0
144.0 1.00567656526 0.0
99.0 1.04857924474 0.0
123.0 1.00842852739 0.0
3.0 0.938734962801 0.0
object 77	1.0:0.5 -3.08413359412:0.5
75.0 -3.02769881679 1.0
28.0 0.96162738549 0.0
20.0 -3.11079967346 1.0
38.0 -3.08622429146 1.0
123.0 -3.05751504209 1.0
191.0 -4.05999238801 1.0
11.0 1.04922951562 0.0
130.0 -3.14334101269 1.0
49.0 1.08348042562 0.0
151.0 -3.11615685867 1.0
70.0 1.09572387788 0.0
50.0 -3.11841594086 1.0
197.0 -3.5219133901 1.0
190.0 1.698490858 0.0
188.0 -4.77580868311 1.0
object 78	1.0:0.5 -11.4434626277:0.5
33.0 1.02457204638 0.0
155.0 1.00897864185 0.0
37.0 0.905842651842 0.0
133.0 1.03765013542 0.0
117.0 -11.5321646355 1.0
108.0 -11.4925677565 1.0
60.0 0.99794317023 0.0
147.0 1.0271433195 0.0
52.0 0.905376023528 0.0
55.0 1.02485697538 0.0
156.0 0.928369577409 0.0
129.0 0.903065153312 0.0
object 79	1.0:0.5 3.21706702013:0.5
39.0 0.950445705753 0.0
71.0 3.26027896241 1.0
114.0 3.12316488951 1.0
86.0 0.975453334564 0.0
140.0 3.18550239939 1.0
26.0 3.18249405517 1.0
106.0 0.901956189818 0.0
97.0 0.931020356437 0.0
85.0 1.02763443917 0.0
0.0 3.16029711936 1.0
144.0 3.22861392854 1.0
9.0 0.978222272906 0.0
111.0 1.00924132214 0.0
6.0 0.984126726947 0.0
21.0 3.29739859755 1.0
133.0 1.02914692108 0.0
object 80	1.0:0.5 -4.69429617759:0.5
188.0 0.660895999774 0.0
148.0 -4.71410699759 1.0
151.0 -4.58093327439 1.0
82.0 0.964622792132 0.0
16.0 -4.69552821699 1.0
182.0 2.42698973809 0.0
162.0 -4.73069146705 1.0
17.0 0.982515956573 0.0
43.0 -4.68717050804 1.0
object 81	1.0:0.5 -2.94261596045:0.5
136.0 -2.91675366728 1.0
6.0 -2.85752360737 1.0
130.0 1.10353143062 0.0
41.0 -2.87296972933 1.0
80.0 0.986643179719 0.0
72.0 -2.95837864718 1.0
147.0 -2.97903695992 1.0
97.0 1.02574969565 0.0
9.0 -2.8643845014 1.0
166.0 1.0225377955 0.0
155.0 -2.91739899867 1.0
128.0 -2.91055996768 1.0
8.0 -2.96496263505 1.0
83.0 0.970866800928 0.0
object 82	1.0:0.5 -2.64044212463:0.5
143.0 -2.7021206617 1.0
139.0 0.992189562573 0.0
180.0 -6.84660192222 1.0
24.0 -2.71304981125 1.0
68.0 -2.61705716785 1.0
163.0 -2.59381238709 1.0
100.0 0.99541991204 0.0
26.0 -2.57707927918 1.0
169.0 0.988940811748 0.0
0.0 0.973857357747 0.0
135.0 1.0659986745 0.0
51.0 -2.6502957777 1.0
21.0 0.96459968238 0.0
164.0 -2.56149447788 1.0
object 83	1.0:0.5 -2.08225791365:0.5
75.0 -1.99099466111 1.0
108.0 0.975456549556 0.0
82.0 0.93543118057 0.0
41.0 1.08123779297 0.0
124.0 -2.13007098305 1.0
116.0 1.05443248442 0.0
47.0 -2.07083680259 1.0
77.0 0.964034858409 0.0
91.0 -2.13733114588 1.0
59.0 0.971340921477 0.0
106.0 1.04053535425 0.0
131.0 1.02745277254 0.0
20.0 -2.03211509416 1.0
object 84	1.0:0.5 1.68204981919:0.5
121.0 1.61990346931 1.0
40.0 1.6794489309 1.0
27.0 1.73023870452 1.0
110.0 1.6947793043 1.0
85.0 1.02114736678 0.0
119.0 1.00338434262 0.0
125.0 1.69820370289 1.0
129.0 1.74811910374 1.0
60.0 1.02108078727 0.0
158.0 1.65029006837 1.0
83.0 0.971845676561 0.0
193.0 9.00149160133 1.0
1.0 1.06252980867 0.0
109.0 1.00586380403 0.0
object 85	1.0:0.5 -11.465345798:0.5
135.0 -11.4093767271 1.0
31.0 -11.4944092833 1.0
22.0 1.10052249792 0.0
94.0 1.01801777007 0.0
27.0 1.01152937823 0.0
21.0 -11.4490453637 1.0
107.0 -11.4425503133 1.0
190.0 0.704848638777 0.0
60.0 -11.473430651 1.0
object 86	1.0:0.5 6.74406722464:0.5
71.0 1.01516805158 0.0
160.0 0.981626154854 0.0
15.0 1.02855662814 0.0
132.0 6.69083149549 1.0
159.0 0.894408947179 0.0
137.0 1.05266679413 0.0
113.0 1.02007022279 0.0
133.0 1.00256964246 0.0
119.0 6.73756866369 1.0
50.0 0.988222019712 0.0
object 87	1.0:0.5 -2.5850015992:0.5
60.0 -2.64745904442 1.0
189.0 0.275636537451 1.0
40.0 1.0128618774 0.0
59.0 -2.60677561216 1.0
92.0 1.06195506383 0.0
194.0 2.16714556636 1.0
119.0 0.936833148063 0.0
124.0 0.958219662531 0.0
87.0 -2.61423233525 1.0
170.0 -2.51790905133 1.0
object 88	1.0:0.5 3.23815837036:0.5
191.0 4.28883095995 0.0
40.0 3.43391714764 1.0
83.0 1.00720897563 0.0
166.0 3.23894027236 1.0
125.0 1.01877096782 0.0
60.0 3.28670480947 1.0
69.0 1.04221404651 0.0
141.0 3.18644986252 1.0
51.0 3.26942670732 1.0
199.0 0.246362249021 1.0
116.0 3.21943255267 1.0
137.0 0.862075854391 0.0
119.0 1.03972473073 0.0
object 89	1.0:0.5 7.34064175602:0.5
135.0 7.36016201731 1.0
159.0 0.980610264843 0.0
105.0 7.32445388873 1.0
101.0 0.991268358663 0.0
24.0 7.35607430972 1.0
39.0 7.31699502369 1.0
172.0 1.00771486914 0.0
21.0 7.35512071047 1.0
48.0 7.39071412761 1.0
132.0 0.941742206514 0.0
46.0 7.33332075106 1.0
63.0 7.2883608926 1.0
168.0 7.28922616201 1.0
112.0 0.979108933216 0.0
object 90	1.0:0.5 16.0685878181:0.5
64.0 0.962276425441 0.0
181.0 -2.56351582591 0.0
180.0 1.4760969235 0.0
111.0 15.9356004515 1.0
25.0 1.06415147717 0.0
79.0 16.0303930688 1.0
118.0 0.954502633202 0.0
10.0 1.06029769163 0.0
187.0 3.78984522464 0.0
123.0 16.12214286 1.0
184.0 13.7553180707 1.0
89.0 1.07111336469 0.0
31.0 0.939631631482 0.0
80.0 0.96502183769 0.0
98.0 1.05821415143 0.0
41.0 16.0748051457 1.0
128.0 16.0026463651 1.0
56.0 16.1067187935 1.0
20.0 0.906380327006 0.0
192.0 -4.85930258303 0.0
165.0 1.0631901917 0.0
object 91	1.0:0.5 -6.49128014799:0.5
116.0 -6.45931130543 1.0
178.0 -6.43140738601 1.0
136.0 0.926613080313 0.0
23.0 1.04734239881 0.0
2.0 -6.45141320301 1.0
157.0 -6.52639836744 1.0
51.0 -6.47839160407 1.0
156.0 1.11170801428 0.0
47.0 0.97665886174 0.0
124.0 0.999078660006 0.0
102.0 -6.51225364913 1.0
189.0 -5.41792243626 1.0
195.0 -4.38002945986 1.0
6.0 -6.48815751871 1.0
145.0 0.956528123615 0.0
40.0 -6.54517061197 1.0
52.0 -6.51581679319 1.0
64.0 -6.48989712012 1.0
109.0 -6.3834765607 1.0
66.0 1.1968185168 0.0
27.0 -6.52775191567 1.0
87.0 1.09788769389 0.0
object 92	1.0:0.5 13.1891890458:0.5
106.0 1.02818700258 0.0
58.0 13.0493405944 1.0
121.0 1.00108349942 0.0
182.0 14.6256971526 1.0
82.0 0.92212496797 0.0
117.0 13.1589237331 1.0
79.0 1.04522787307 0.0
32.0 13.1941470192 1.0
160.0 0.989532931718 0.0
107.0 1.0537549664 0.0
17.0 0.940043720405 0.0
138.0 1.00999939145 0.0
56.0 13.266204985 1.0
134.0 13.2290811918 1.0
113.0 13.0975030737 1.0
object 93	1.0:0.5 9.74261322765:0.5
191.0 -3.72653200412 0.0
130.0 9.74392058263 1.0
134.0 0.962786291028 0.0
196.0 6.25979364732 1.0
148.0 9.66348695635 1.0
162.0 1.03333864462 0.0
132.0 9.70867252015 1.0
9.0 9.77258204583 1.0
33.0 0.962431502802 0.0
129.0 9.67919839026 1.0
192.0 14.562436198 1.0
91.0 1.008811234 0.0
143.0 0.971608608008 0.0
14.0 0.944728393386 0.0
object 94	1.0:0.5 -7.36170460458:0.5
53.0 1.0614819431 0.0
122.0 1.00776917794 0.0
65.0 1.00909192648 0.0
70.0 -7.41671898888 1.0
94.0 0.989980298637 0.0
114.0 -7.42839575366 1.0
133.0 -7.44334742067 1.0
6.0 -7.39839148256 1.0
17.0 1.019115775 0.0
72.0 1.00188487875 0.0
63.0 0.978393983114 0.0
28.0 -7.36791793177 1.0
42.0 0.964052387371 0.0
134.0 -7.40594269602 1.0
112.0 -7.40444361891 1.0
object 95	1.0:0.5 -2.80804736639:0.5
167.0 -2.70189060255 1.0
87.0 -2.85380185781 1.0
131.0 1.04859732158 0.0
147.0 1.03757007298 0.0
6.0 0.952961329831 0.0
3.0 -2.84195007472 1.0
22.0 -2.83529507966 1.0
65.0 -2.73925450785 1.0
49.0 1.00395749366 0.0
7.0 0.901488211271 0.0
146.0 1.02502605548 0.0
object 96	1.0:0.5 -0.0123667406867:0.5
40.0 0.0128435552023 1.0
72.0 0.937651619654 0.0
167.0 0.0796832566231 1.0
93.0 -0.00290778137998 1.0
94.0 1.01119677909 0.0
139.0 1.00818894787 0.0
100.0 -0.0257989474816 1.0
97.0 0.0362633235143 1.0
15.0 0.021202901381 1.0
135.0 -0.00998213361511 1.0
140.0 1.08492323592 0.0
23.0 1.01215695931 0.0
155.0 -0.0148167080567 1.0
199.0 -1.84527341274 0.0
120.0 0.963129770596 0.0
186.0 1.98413671254 0.0
object 97	1.0:0.5 2.39401644128:0.5
15.0 0.977683702765 0.0
180.0 -0.781738902434 0.0
50.0 2.35338935702 1.0
59.0 1.03227436324 0.0
26.0 2.43796995215 1.0
79.0 0.960273281811 0.0
186.0 3.61267893872 1.0
106.0 2.48834885507 1.0
140.0 2.45769047635 1.0
107.0 2.34683511168 1.0
39.0 2.5036577402 1.0
117.0 1.04836530951 0.0
135.0 0.953792944643 0.0
9.0 2.42587064195 1.0
77.0 2.50837559359 1.0
8.0 2.40645946391 1.0
91.0 2.36694150516 1.0
163.0 2.36997375432 1.0
52.0 2.3699326545 1.0
93.0 2.41202130226 1.0
7.0 0.984708948713 0.0
34.0 0.985871281694 0.0
28.0 2.43145710869 1.0
51.0 0.935553109162 0.0
63.0 2.34643283969 1.0
30.0 2.37689713572 1.0
object 98	1.0:0.5 13.9314728834:0.5
5.0 0.977719912818 0.0
165.0 0.927510720985 0.0
188.0 0.966822799978 0.0
108.0 1.01332424159 0.0
31.0 14.0056248222 1.0
53.0 13.907183834 1.0
112.0 1.08756889646 0.0
178.0 13.8748705816 1.0
124.0 13.9425499399 1.0
161.0 13.9498904413 1.0
object 99	1.0:0.5 13.7103346247:0.5
13.0 0.947400469412 0.0
156.0 1.05146818369 0.0
0.0 0.917772742413 0.0
138.0 13.7117516134 1.0
164.0 0.977671435768 0.0
23.0 13.6965819876 1.0
175.0 0.976494801275 0.0
105.0 1.00377471616 0.0
93.0 1.00304709141 0.0
117.0 0.98713552426 0.0
173.0 0.930597253786 0.0
