object 0	1.0:1.0
172.0 0.895102964134 1.0
13.0 1.06606075842 1.0
151.0 0.95659397061 1.0
116.0 0.98843504228 1.0
139.0 0.986814171125 1.0
158.0 1.00133016309 1.0
60.0 1.01151373327 1.0
40.0 0.943519680573 1.0
14.0 0.959103089498 1.0
156.0 1.13729652381 1.0
17.0 0.97602867562 1.0
36.0 1.01122851787 1.0
4.0 0.988971586758 1.0
86.0 1.00545961933 1.0
52.0 1.06771393638 1.0
12.0 1.01064467125 1.0
124.0 0.999850828024 1.0
5.0 0.962559949382 1.0
100.0 1.01094702006 1.0
35.0 0.942179105939 1.0
6.0 0.994734227955 1.0
162.0 1.00340068948 1.0
object 1	1.0:1.0
85.0 1.00536832662 1.0
66.0 0.983184805701 1.0
148.0 1.06167400363 1.0
69.0 0.981123665646 1.0
141.0 1.01251589945 1.0
174.0 1.00611133047 1.0
127.0 0.96170186358 1.0
147.0 1.0294904643 1.0
197.0 -0.21852049598 1.0
45.0 0.995011574492 1.0
67.0 1.01506863625 1.0
74.0 1.01245485258 1.0
135.0 0.950400031041 1.0
164.0 0.975072450784 1.0
53.0 1.01593947935 1.0
145.0 1.01922145557 1.0
137.0 0.989734889123 1.0
76.0 0.987599280885 1.0
5.0 0.934500149586 1.0
104.0 1.0216095759 1.0
103.0 0.990272133241 1.0
101.0 0.999163742941 1.0
object 2	1.0:1.0
159.0 0.990481149262 1.0
47.0 0.968057032812 1.0
81.0 1.00893525615 1.0
179.0 0.976745335131 1.0
12.0 0.980725699097 1.0
56.0 1.00348864187 1.0
25.0 1.02122588311 1.0
51.0 0.969664732823 1.0
60.0 0.987503893246 1.0
142.0 1.00868538356 1.0
96.0 0.98424883539 1.0
5.0 0.988904545258 1.0
7.0 1.02779463481 1.0
116.0 1.01019499095 1.0
100.0 0.989240612947 1.0
18.0 0.994820343931 1.0
88.0 0.977743495861 1.0
object 3	1.0:1.0
137.0 0.99887408368 1.0
145.0 0.982273479418 1.0
24.0 1.0047396124 1.0
72.0 0.909540417777 1.0
102.0 1.01840646815 1.0
40.0 1.00250291944 1.0
192.0 2.51964822059 1.0
188.0 -0.148320086152 1.0
131.0 1.02145290435 1.0
21.0 1.0007265775 1.0
139.0 1.02182997273 1.0
189.0 1.96308917508 1.0
196.0 2.34396596325 1.0
115.0 0.986816747551 1.0
93.0 0.990284209861 1.0
51.0 0.977310940207 1.0
13.0 1.01412771469 1.0
68.0 0.952708496048 1.0
49.0 1.06646983439 1.0
111.0 0.998942098564 1.0
8.0 1.00945296535 1.0
65.0 0.999177277823 1.0
object 4	1.0:1.0
97.0 1.00710402876 1.0
63.0 1.01570413439 1.0
36.0 1.11466284249 1.0
178.0 1.03050400555 1.0
54.0 0.984230443787 1.0
108.0 1.00558456446 1.0
12.0 0.976330260655 1.0
174.0 0.964887774832 1.0
25.0 1.04456070241 1.0
185.0 0.542070242206 1.0
99.0 1.00683920224 1.0
133.0 0.988939352886 1.0
196.0 -1.37584800167 1.0
145.0 0.991618618387 1.0
69.0 0.96766878813 1.0
172.0 0.952557977198 1.0
168.0 1.00803546258 1.0
22.0 1.04506229413 1.0
115.0 0.992632035783 1.0
106.0 0.981743551123 1.0
130.0 0.996881128876 1.0
173.0 0.943798457425 1.0
57.0 1.00423123599 1.0
52.0 0.967722674852 1.0
150.0 0.946137786192 1.0
47.0 0.98682855982 1.0
39.0 1.079144031 1.0
83.0 1.00324870872 1.0
object 5	1.0:1.0
117.0 1.02417333307 1.0
104.0 1.03109000696 1.0
156.0 1.01359600307 1.0
44.0 1.01947290719 1.0
178.0 1.05756560053 1.0
196.0 5.41427888336 1.0
55.0 1.00502114445 1.0
166.0 0.98488051983 1.0
153.0 0.973055073228 1.0
174.0 0.961558303628 1.0
35.0 0.999656059391 1.0
190.0 -1.12827619999 1.0
99.0 1.01155287418 1.0
100.0 0.985397432659 1.0
15.0 1.00457573769 1.0
197.0 -2.77682314875 1.0
50.0 1.00956766193 1.0
164.0 0.97271987222 1.0
195.0 4.89828697706 1.0
27.0 1.01263159805 1.0
176.0 0.988833757346 1.0
192.0 3.67753758481 1.0
144.0 1.07567363442 1.0
object 6	1.0:1.0
111.0 0.992031838527 1.0
29.0 0.984997081735 1.0
84.0 0.993130942177 1.0
108.0 1.02717966308 1.0
144.0 0.957697880327 1.0
160.0 1.0054463475 1.0
147.0 0.999165624866 1.0
155.0 0.994818339897 1.0
43.0 0.991411602507 1.0
128.0 0.98015556791 1.0
33.0 1.05329141837 1.0
0.0 1.04627224762 1.0
145.0 0.979242216605 1.0
126.0 0.92389006648 1.0
139.0 0.929218466645 1.0
12.0 1.01595033446 1.0
8.0 1.00473394877 1.0
198.0 2.50916147935 1.0
object 7	1.0:1.0
135.0 1.04602155825 1.0
5.0 1.02910516434 1.0
91.0 1.04119182685 1.0
23.0 1.10158341519 1.0
113.0 1.00987119606 1.0
148.0 1.02319993767 1.0
152.0 1.06433055512 1.0
115.0 1.01351182562 1.0
190.0 -2.90909025134 1.0
149.0 0.990910430945 1.0
54.0 0.985663205817 1.0
195.0 -1.92960301265 1.0
58.0 1.00052112451 1.0
179.0 1.00050358759 1.0
12.0 0.999925911055 1.0
30.0 1.02614006699 1.0
161.0 0.987564965406 1.0
112.0 0.97254082658 1.0
90.0 0.980985956065 1.0
140.0 1.00858954996 1.0
104.0 0.930896114697 1.0
175.0 0.926418325203 1.0
145.0 1.03724631918 1.0
object 8	1.0:1.0
110.0 0.976845474758 1.0
10.0 0.98509424751 1.0
14.0 1.0354175383 1.0
96.0 1.01410155138 1.0
138.0 1.02110934753 1.0
194.0 -1.75491129979 1.0
109.0 0.987959666679 1.0
43.0 1.00845634945 1.0
28.0 0.951730780931 1.0
35.0 1.02260816989 1.0
22.0 1.02199387054 1.0
182.0 -1.33516543521 1.0
103.0 1.00018049583 1.0
object 9	1.0:1.0
180.0 0.0382219948731 1.0
129.0 1.00290094049 1.0
167.0 1.00590566069 1.0
181.0 0.991018551835 1.0
86.0 1.01080899438 1.0
105.0 1.06179076551 1.0
125.0 0.966001882754 1.0
27.0 1.00746323626 1.0
79.0 1.04678346312 1.0
145.0 1.01226786906 1.0
172.0 0.98717561987 1.0
77.0 0.995511465264 1.0
110.0 1.02608324806 1.0
130.0 0.997552561386 1.0
97.0 1.00403541866 1.0
103.0 1.05358878057 1.0
38.0 0.97216108582 1.0
48.0 0.995561254292 1.0
4.0 0.989218270145 1.0
44.0 1.04731818699 1.0
54.0 1.01335611875 1.0
123.0 0.995482825882 1.0
object 10	1.0:1.0
49.0 1.00624375244 1.0
47.0 0.956259661553 1.0
152.0 0.988354552161 1.0
134.0 0.980552523266 1.0
129.0 1.00187296708 1.0
153.0 0.967881978737 1.0
55.0 0.976453784171 1.0
133.0 1.00426212204 1.0
189.0 -1.47604111797 1.0
68.0 1.00762567062 1.0
150.0 0.97180502557 1.0
102.0 1.07665121198 1.0
37.0 0.941373556872 1.0
86.0 0.980605747695 1.0
24.0 1.01036652931 1.0
193.0 -0.0498477415878 1.0
33.0 0.989910240278 1.0
object 11	1.0:1.0
0.0 0.928966797149 1.0
21.0 1.0184992686 1.0
126.0 0.994163582411 1.0
23.0 0.963416899251 1.0
78.0 0.98629333227 1.0
199.0 -3.71516689769 1.0
196.0 3.12461512268 1.0
71.0 0.985290244587 1.0
116.0 0.986359980505 1.0
128.0 0.923766827731 1.0
157.0 0.985602984512 1.0
93.0 1.00778146027 1.0
158.0 0.997489454008 1.0
146.0 0.946388728475 1.0
152.0 1.03057367982 1.0
13.0 0.964427260624 1.0
197.0 -1.28532980329 1.0
74.0 0.981451322845 1.0
object 12	1.0:1.0
192.0 1.41808201531 1.0
13.0 0.969311846177 1.0
30.0 0.994287365022 1.0
132.0 1.00387454706 1.0
120.0 0.962187316291 1.0
27.0 1.0961046016 1.0
129.0 1.00906057861 1.0
12.0 1.00099891535 1.0
181.0 -5.53552596901 1.0
80.0 1.02729107797 1.0
53.0 0.943715812973 1.0
91.0 0.972797637769 1.0
69.0 1.00448049535 1.0
175.0 1.05055448557 1.0
43.0 0.995492322834 1.0
23.0 1.00484790429 1.0
90.0 1.03440898728 1.0
142.0 1.01249474873 1.0
87.0 0.984942495559 1.0
158.0 0.949473033485 1.0
104.0 1.02868627185 1.0
54.0 1.00151152581 1.0
73.0 0.990582398906 1.0
object 13	1.0:1.0
168.0 1.01487479197 1.0
50.0 1.00530763631 1.0
176.0 1.01445068369 1.0
139.0 0.972469678872 1.0
153.0 0.93067728908 1.0
16.0 1.00838209005 1.0
4.0 0.97617389492 1.0
193.0 0.946780402003 1.0
173.0 0.98275684878 1.0
112.0 0.976805415012 1.0
130.0 1.0385818213 1.0
143.0 1.01244127552 1.0
117.0 1.01853495851 1.0
12.0 1.00744653882 1.0
71.0 1.00298685649 1.0
22.0 0.993602886112 1.0
83.0 1.00819840388 1.0
118.0 0.895724078046 1.0
189.0 2.83555795713 1.0
79.0 1.00580212591 1.0
199.0 -3.51964279022 1.0
126.0 1.05740594205 1.0
161.0 0.995182039617 1.0
57.0 0.988467433297 1.0
135.0 0.955857744411 1.0
15.0 1.00200594047 1.0
object 14	1.0:1.0
5.0 1.00468421158 1.0
153.0 0.975314958685 1.0
122.0 0.941496842193 1.0
158.0 0.967409390348 1.0
73.0 1.04562626398 1.0
191.0 2.33353053411 1.0
15.0 0.9716745212 1.0
137.0 1.0203579722 1.0
74.0 1.00100815569 1.0
130.0 0.98544904382 1.0
106.0 1.02135585335 1.0
179.0 1.02285123677 1.0
152.0 0.918296846628 1.0
32.0 0.989667986153 1.0
104.0 0.959790328577 1.0
96.0 0.998762203095 1.0
162.0 0.991701001752 1.0
72.0 1.06514024394 1.0
157.0 1.00714992613 1.0
114.0 1.04036659982 1.0
95.0 1.02853365469 1.0
188.0 4.19802384816 1.0
object 15	1.0:1.0
23.0 0.877971849124 1.0
58.0 1.01968631776 1.0
189.0 -2.29815942358 1.0
49.0 1.00886838112 1.0
77.0 1.00004680143 1.0
105.0 1.00672702926 1.0
24.0 1.00718536317 1.0
111.0 1.02301763548 1.0
52.0 0.996378530646 1.0
99.0 1.01746662726 1.0
46.0 1.00895397046 1.0
141.0 0.987132927883 1.0
191.0 1.10001689404 1.0
130.0 0.971390921765 1.0
183.0 0.350687584237 1.0
94.0 0.992927129704 1.0
159.0 1.01346629248 1.0
88.0 0.984480355603 1.0
98.0 0.965489807991 1.0
103.0 0.975279735886 1.0
object 16	1.0:1.0
127.0 0.94364285635 1.0
9.0 1.00685376314 1.0
17.0 0.980322106825 1.0
34.0 0.997394414833 1.0
86.0 1.01855746697 1.0
116.0 0.987925018594 1.0
72.0 0.947612169597 1.0
141.0 0.994955893701 1.0
12.0 1.00286278675 1.0
53.0 1.02364744046 1.0
176.0 0.990354905918 1.0
25.0 1.02387847853 1.0
31.0 0.916714994697 1.0
189.0 3.06467941535 1.0
48.0 0.964721097314 1.0
112.0 1.05155401775 1.0
126.0 1.07024968887 1.0
32.0 1.0048066967 1.0
47.0 0.973000071351 1.0
18.0 1.01583051943 1.0
96.0 0.989619816908 1.0
144.0 0.962895731203 1.0
object 17	1.0:1.0
98.0 1.03382942584 1.0
128.0 0.95554815704 1.0
118.0 0.980602512106 1.0
4.0 1.02236464578 1.0
26.0 1.01925142047 1.0
1.0 0.990081009665 1.0
45.0 1.01885099134 1.0
15.0 1.02631340046 1.0
43.0 1.01872264693 1.0
159.0 1.02576504876 1.0
21.0 0.981969382681 1.0
70.0 0.977142614325 1.0
113.0 1.01486280963 1.0
121.0 0.963456234691 1.0
171.0 0.931953996311 1.0
129.0 1.01110085411 1.0
154.0 0.962118824409 1.0
158.0 1.02901332768 1.0
39.0 1.00557766835 1.0
6.0 0.989006672592 1.0
72.0 0.983274153078 1.0
37.0 1.08890132628 1.0
95.0 1.00315540957 1.0
133.0 0.992584513956 1.0
object 18	1.0:1.0
117.0 1.06964270166 1.0
65.0 1.00461835283 1.0
151.0 1.03838335307 1.0
137.0 0.99653982562 1.0
171.0 0.946651997823 1.0
6.0 1.01512945777 1.0
60.0 1.00383995772 1.0
176.0 1.00285949591 1.0
97.0 1.01348463033 1.0
80.0 0.903670495569 1.0
199.0 4.47464235787 1.0
2.0 1.01000744053 1.0
81.0 0.958242696725 1.0
1.0 1.00494577027 1.0
138.0 1.02114285717 1.0
31.0 0.987291528991 1.0
192.0 1.06079831273 1.0
34.0 1.00078175826 1.0
38.0 1.0043217719 1.0
44.0 0.941698376038 1.0
object 19	1.0:1.0
199.0 5.15017961223 1.0
185.0 -4.26887757498 1.0
151.0 1.01423489185 1.0
13.0 0.961591824481 1.0
40.0 0.977893608185 1.0
93.0 1.00161283301 1.0
120.0 0.974527763333 1.0
74.0 0.99388976132 1.0
100.0 1.02084365046 1.0
101.0 0.980064463562 1.0
184.0 2.95342678623 1.0
78.0 1.03298572499 1.0
98.0 0.984037561617 1.0
91.0 0.936900504554 1.0
20.0 1.01065247323 1.0
174.0 0.948586212224 1.0
121.0 0.944696089925 1.0
181.0 1.75109440635 1.0
154.0 1.043048056 1.0
183.0 -0.0822046207377 1.0
45.0 0.983084657997 1.0
12.0 1.01028090044 1.0
object 20	1.0:1.0
140.0 1.00961369158 1.0
87.0 1.04816235602 1.0
126.0 1.04293089345 1.0
163.0 0.990764883875 1.0
43.0 1.01438960351 1.0
45.0 0.986766776874 1.0
145.0 1.01824748124 1.0
151.0 0.998161952085 1.0
181.0 -0.566622396867 1.0
149.0 0.973632959357 1.0
34.0 1.00009802046 1.0
129.0 0.978169881027 1.0
105.0 1.05158617821 1.0
127.0 1.02446391434 1.0
19.0 0.989780615095 1.0
63.0 0.976815984706 1.0
3.0 0.956826468523 1.0
51.0 0.990959307857 1.0
11.0 1.00162005606 1.0
115.0 0.960202357621 1.0
66.0 0.975302465867 1.0
193.0 2.69937365359 1.0
16.0 1.01085669154 1.0
134.0 0.985522265127 1.0
155.0 0.992037507072 1.0
32.0 1.00308650634 1.0
121.0 0.970886998189 1.0
131.0 0.995911738375 1.0
object 21	1.0:1.0
102.0 1.03348248678 1.0
33.0 0.945964623709 1.0
13.0 1.01382439684 1.0
31.0 0.961066471693 1.0
41.0 1.00272212076 1.0
112.0 0.958714247613 1.0
127.0 1.04330814616 1.0
146.0 0.984527253798 1.0
96.0 1.01292526699 1.0
184.0 2.25077197428 1.0
176.0 1.01122206276 1.0
124.0 0.994836443056 1.0
140.0 0.968078780526 1.0
20.0 0.928310097965 1.0
84.0 1.01060145177 1.0
68.0 1.01144045827 1.0
88.0 0.992073343822 1.0
145.0 1.00830844752 1.0
73.0 0.993212653328 1.0
5.0 0.97212034336 1.0
object 22	1.0:1.0
61.0 0.979401587623 1.0
22.0 0.999322586127 1.0
9.0 1.00538951556 1.0
183.0 3.10071684287 1.0
64.0 0.951643995002 1.0
37.0 0.927661697828 1.0
134.0 1.02200320524 1.0
144.0 1.05403493668 1.0
146.0 1.0230816581 1.0
96.0 1.00994755675 1.0
21.0 0.957683653635 1.0
19.0 1.05334156013 1.0
156.0 1.00826552755 1.0
103.0 1.00453848556 1.0
13.0 0.978917858176 1.0
125.0 0.944515010119 1.0
152.0 0.992682443745 1.0
172.0 1.00975526231 1.0
18.0 0.986317718671 1.0
142.0 0.992865608059 1.0
80.0 1.02706082403 1.0
object 23	1.0:1.0
170.0 0.968306926355 1.0
142.0 1.01752515666 1.0
10.0 0.976133377413 1.0
11.0 0.961872475137 1.0
172.0 0.968361417045 1.0
190.0 4.62744807088 1.0
171.0 1.02330351145 1.0
178.0 0.99330035985 1.0
13.0 1.03753209079 1.0
41.0 1.00151754168 1.0
26.0 0.983409736086 1.0
33.0 1.06183771638 1.0
159.0 1.02583452554 1.0
138.0 1.02026322608 1.0
181.0 0.200926584963 1.0
185.0 2.33685839793 1.0
45.0 0.98536263808 1.0
object 24	1.0:1.0
140.0 1.0216930186 1.0
34.0 1.00736737241 1.0
187.0 3.43616331753 1.0
111.0 0.970750340252 1.0
103.0 0.978168104823 1.0
171.0 1.00202456914 1.0
81.0 1.03021288741 1.0
2.0 0.996250689441 1.0
132.0 1.00082246662 1.0
93.0 0.989136025853 1.0
141.0 0.979398415276 1.0
195.0 11.3582062069 1.0
182.0 12.0092576884 1.0
133.0 1.0209174347 1.0
157.0 0.987897783263 1.0
71.0 0.987174891607 1.0
139.0 1.04002195502 1.0
69.0 0.992646038282 1.0
144.0 0.988596727383 1.0
37.0 0.985364607868 1.0
84.0 0.992178961642 1.0
112.0 1.01687834507 1.0
object 25	1.0:1.0
36.0 0.916703846247 1.0
133.0 0.95426230186 1.0
199.0 4.58464624998 1.0
48.0 0.941005619505 1.0
79.0 1.00195081728 1.0
81.0 0.963825462151 1.0
28.0 0.959275602085 1.0
13.0 1.044752525 1.0
166.0 0.976513778469 1.0
19.0 1.04404287058 1.0
71.0 1.00489941272 1.0
18.0 1.00276923212 1.0
125.0 1.08102176156 1.0
120.0 0.92000367274 1.0
61.0 0.988877465416 1.0
93.0 0.997718995332 1.0
12.0 1.00424996114 1.0
132.0 1.06364285901 1.0
62.0 1.02271394909 1.0
112.0 0.997779408585 1.0
29.0 1.00935761059 1.0
134.0 0.995710775271 1.0
object 26	1.0:1.0
18.0 1.00553355566 1.0
198.0 2.23510338023 1.0
166.0 1.00200555867 1.0
122.0 1.01815420257 1.0
29.0 1.04330483276 1.0
67.0 0.980968789051 1.0
23.0 0.979891231039 1.0
108.0 0.973453183012 1.0
193.0 -4.58979890111 1.0
195.0 -0.980951995693 1.0
177.0 0.98926486556 1.0
135.0 1.07744770132 1.0
9.0 0.995687293121 1.0
124.0 1.00513917161 1.0
85.0 1.02056636819 1.0
12.0 0.981674271474 1.0
13.0 0.970911505343 1.0
74.0 0.981934020843 1.0
75.0 1.00686664383 1.0
object 27	1.0:1.0
63.0 0.998072110268 1.0
139.0 1.0368666844 1.0
149.0 0.98431161841 1.0
183.0 4.47566096635 1.0
39.0 1.03218602772 1.0
98.0 0.97496391627 1.0
0.0 1.00314785895 1.0
181.0 -5.12919704132 1.0
84.0 1.02443810174 1.0
179.0 0.990626822381 1.0
186.0 1.92074553149 1.0
90.0 1.03102586436 1.0
195.0 -9.81111942452 1.0
171.0 1.01732115725 1.0
78.0 0.981028761377 1.0
146.0 0.977940468519 1.0
120.0 0.981191411811 1.0
26.0 0.974650064554 1.0
19.0 1.00158232666 1.0
43.0 0.992544791133 1.0
123.0 1.02329440185 1.0
158.0 1.02647973709 1.0
128.0 0.992069446101 1.0
173.0 1.06301031099 1.0
object 28	1.0:1.0
108.0 0.97918716904 1.0
70.0 0.976452543799 1.0
133.0 1.0068982063 1.0
157.0 1.00434397909 1.0
95.0 1.01493981927 1.0
76.0 0.991240579661 1.0
28.0 0.973621903443 1.0
137.0 0.997613349086 1.0
98.0 1.04368990215 1.0
180.0 -2.53425043095 1.0
46.0 0.997754191829 1.0
154.0 1.01670193198 1.0
197.0 1.36419267231 1.0
193.0 3.70675439935 1.0
110.0 0.957039833915 1.0
102.0 0.944388383406 1.0
object 29	1.0:1.0
156.0 1.01355016113 1.0
153.0 1.0354796365 1.0
71.0 0.973025743731 1.0
107.0 1.03419010783 1.0
36.0 1.05885256144 1.0
66.0 0.992214566805 1.0
119.0 0.970287078045 1.0
176.0 1.01244775559 1.0
52.0 0.962250274257 1.0
101.0 0.948187546684 1.0
82.0 0.940938522082 1.0
149.0 0.999362424077 1.0
41.0 1.01051056363 1.0
43.0 1.01226881031 1.0
83.0 0.9734424619 1.0
28.0 0.98728800378 1.0
42.0 1.01641606279 1.0
99.0 0.974311085817 1.0
object 30	1.0:1.0
166.0 0.9653540205 1.0
169.0 1.06311241976 1.0
143.0 1.0041924507 1.0
180.0 -1.79515156786 1.0
178.0 1.00335017365 1.0
77.0 0.973164393444 1.0
15.0 1.01768364991 1.0
7.0 0.9908067316 1.0
118.0 1.01970524348 1.0
74.0 0.970397939113 1.0
150.0 0.976228343086 1.0
62.0 0.945353445666 1.0
22.0 0.984583859666 1.0
17.0 0.963148585269 1.0
107.0 1.02291715005 1.0
70.0 0.995083373884 1.0
72.0 0.990173866598 1.0
30.0 0.929749690616 1.0
154.0 1.0338057773 1.0
144.0 0.987044101537 1.0
114.0 0.983588809058 1.0
53.0 1.00408761206 1.0
19.0 1.01006857132 1.0
147.0 0.996253255078 1.0
object 31	1.0:1.0
47.0 1.00884025636 1.0
109.0 0.963891109728 1.0
53.0 1.01517912645 1.0
129.0 1.04800950859 1.0
91.0 1.00755719976 1.0
86.0 1.0079761307 1.0
150.0 1.08918044626 1.0
6.0 1.04338639662 1.0
161.0 1.0173410519 1.0
125.0 1.01952009427 1.0
14.0 0.980658583805 1.0
184.0 5.31703314144 1.0
113.0 0.977335615635 1.0
160.0 0.993162233679 1.0
118.0 1.04281576519 1.0
136.0 1.06939691149 1.0
181.0 -3.01814127646 1.0
4.0 0.967812656599 1.0
111.0 1.01848295813 1.0
121.0 1.03040367123 1.0
149.0 1.02054003417 1.0
84.0 0.98065857379 1.0
object 32	1.0:1.0
103.0 0.997820541294 1.0
20.0 0.942201908263 1.0
41.0 1.02437852842 1.0
157.0 1.01328475282 1.0
90.0 0.959437328521 1.0
31.0 0.987963948547 1.0
57.0 1.0306301784 1.0
186.0 1.72517802389 1.0
88.0 1.0062559134 1.0
95.0 0.98054281326 1.0
199.0 6.60261574093 1.0
188.0 -2.73842245175 1.0
112.0 1.06041121557 1.0
96.0 1.00209963679 1.0
104.0 1.00531585182 1.0
158.0 1.00504165404 1.0
object 33	1.0:1.0
123.0 1.0189739947 1.0
148.0 1.01608131048 1.0
20.0 1.0423683234 1.0
8.0 1.00471548915 1.0
185.0 -7.9761477178 1.0
115.0 0.99493573472 1.0
110.0 1.0240184965 1.0
81.0 1.03784987965 1.0
19.0 1.0734187121 1.0
142.0 1.0013864905 1.0
75.0 1.0220717414 1.0
73.0 0.989788830552 1.0
173.0 1.00965987263 1.0
169.0 0.969033879444 1.0
165.0 1.00403950723 1.0
102.0 0.91686208254 1.0
147.0 1.03141209466 1.0
109.0 1.02275091814 1.0
28.0 0.974416205778 1.0
199.0 0.516323889881 1.0
object 34	1.0:1.0
40.0 0.95235322381 1.0
189.0 3.00023087101 1.0
70.0 1.01274474439 1.0
101.0 0.992293517487 1.0
49.0 1.00665159336 1.0
33.0 0.963956578386 1.0
79.0 0.992773630012 1.0
24.0 1.00284126181 1.0
112.0 1.03809270551 1.0
195.0 2.35747763551 1.0
97.0 0.995141590782 1.0
69.0 0.986399295008 1.0
84.0 0.985211174105 1.0
183.0 -1.87562967485 1.0
92.0 1.02374184184 1.0
17.0 0.989901236105 1.0
177.0 0.998378204991 1.0
166.0 1.03285196098 1.0
55.0 0.991891063637 1.0
30.0 0.985934442287 1.0
object 35	1.0:1.0
191.0 2.16914091371 1.0
61.0 1.01598182152 1.0
188.0 1.10915671595 1.0
96.0 1.03007558734 1.0
167.0 1.05019472906 1.0
64.0 0.985531482515 1.0
94.0 1.00673633259 1.0
41.0 0.99898328912 1.0
65.0 0.994408995586 1.0
16.0 0.979319718758 1.0
180.0 3.82551118398 1.0
198.0 1.57548907017 1.0
74.0 1.00575769967 1.0
116.0 0.998844759423 1.0
141.0 1.00412525053 1.0
82.0 0.978992012936 1.0
181.0 4.31048267332 1.0
30.0 0.987890737567 1.0
22.0 0.989196305778 1.0
93.0 1.01343240517 1.0
47.0 0.996097497479 1.0
72.0 1.02799200758 1.0
object 36	1.0:1.0
13.0 0.992279509822 1.0
58.0 0.988047158248 1.0
28.0 1.01369485556 1.0
77.0 0.987316333573 1.0
43.0 0.981817123177 1.0
143.0 0.981005398645 1.0
45.0 0.994157606084 1.0
46.0 0.984474320175 1.0
3.0 1.01107794625 1.0
122.0 1.05493990671 1.0
127.0 0.967541897252 1.0
88.0 0.995304286902 1.0
101.0 1.04842631562 1.0
44.0 0.968708959556 1.0
188.0 12.9324754254 1.0
109.0 0.984386194561 1.0
182.0 5.05473142576 1.0
156.0 1.02743877882 1.0
183.0 6.71488753313 1.0
132.0 1.02368949474 1.0
104.0 0.923073826833 1.0
115.0 1.02733587437 1.0
97.0 1.00548312205 1.0
73.0 1.00297922525 1.0
35.0 1.03723307303 1.0
15.0 1.01114279857 1.0
60.0 0.997777272912 1.0
object 37	1.0:1.0
75.0 1.00574101742 1.0
27.0 0.975428403147 1.0
48.0 1.08475002815 1.0
50.0 0.984863398039 1.0
160.0 0.989423764187 1.0
198.0 -1.90943576638 1.0
31.0 1.01541335656 1.0
84.0 0.992898977395 1.0
137.0 0.988388293894 1.0
169.0 1.05290044408 1.0
102.0 1.01222744069 1.0
187.0 -2.01058473213 1.0
171.0 0.975566025566 1.0
140.0 0.960565051737 1.0
191.0 1.06055185139 1.0
92.0 1.04504906186 1.0
43.0 1.01269220042 1.0
117.0 0.929737832991 1.0
46.0 0.989759026666 1.0
177.0 1.00784543523 1.0
141.0 0.967384960996 1.0
163.0 1.03894525182 1.0
145.0 1.00816376933 1.0
85.0 1.00860290935 1.0
56.0 0.97805346303 1.0
58.0 1.0732558804 1.0
143.0 0.959373487643 1.0
148.0 0.96328496738 1.0
object 38	1.0:1.0
106.0 0.984640389648 1.0
145.0 1.0018898616 1.0
86.0 0.974637151748 1.0
166.0 0.908932138526 1.0
122.0 1.00453859347 1.0
56.0 1.03062714227 1.0
146.0 1.03659157755 1.0
79.0 1.08082624254 1.0
150.0 1.05427203962 1.0
92.0 1.02757181582 1.0
120.0 1.03393156597 1.0
198.0 -4.18141393666 1.0
77.0 1.02145879793 1.0
126.0 0.996086365962 1.0
76.0 1.01126687265 1.0
171.0 1.0691508415 1.0
74.0 0.991808532399 1.0
4.0 1.03215161343 1.0
object 39	1.0:1.0
163.0 1.01041371945 1.0
13.0 1.00766539629 1.0
84.0 0.991967735599 1.0
4.0 0.959361945029 1.0
105.0 1.0076798105 1.0
126.0 1.04423054275 1.0
176.0 1.04037484459 1.0
56.0 1.07157354225 1.0
128.0 1.00242171026 1.0
115.0 0.983570076525 1.0
134.0 1.02849514993 1.0
193.0 -1.8023633621 1.0
64.0 0.970445343013 1.0
29.0 0.964275629994 1.0
90.0 1.01652255132 1.0
171.0 1.04140654562 1.0
46.0 1.00365748994 1.0
object 40	1.0:1.0
27.0 0.97961103561 1.0
146.0 0.973171787882 1.0
32.0 0.981461697634 1.0
64.0 1.00121395347 1.0
112.0 1.00875232832 1.0
60.0 0.994836723301 1.0
192.0 1.42866703555 1.0
160.0 1.00804258038 1.0
177.0 0.961693827987 1.0
103.0 0.971891316627 1.0
189.0 3.2154852467 1.0
173.0 1.02771985898 1.0
6.0 0.970728619192 1.0
196.0 -1.04385490772 1.0
123.0 0.980144050097 1.0
137.0 0.993197619316 1.0
147.0 1.01403159272 1.0
38.0 1.01722205818 1.0
95.0 1.0229266887 1.0
object 41	1.0:1.0
3.0 1.03115347535 1.0
179.0 1.0009092566 1.0
37.0 1.02989567315 1.0
197.0 2.18804929783 1.0
59.0 0.999583770057 1.0
18.0 0.994859921146 1.0
195.0 8.60708200058 1.0
142.0 0.980708679329 1.0
98.0 0.979089871613 1.0
63.0 1.03439993651 1.0
30.0 1.06823571785 1.0
48.0 1.05441582853 1.0
192.0 2.51189171001 1.0
100.0 1.0064359897 1.0
39.0 1.00752607291 1.0
119.0 1.00587309789 1.0
141.0 0.975607382524 1.0
156.0 0.977557374834 1.0
108.0 1.01886938079 1.0
41.0 1.00958068611 1.0
65.0 1.02985720631 1.0
7.0 0.97088310821 1.0
object 42	1.0:1.0
184.0 -2.96285560931 1.0
165.0 0.994147092014 1.0
56.0 0.944117397048 1.0
170.0 1.03936005061 1.0
151.0 0.980301610949 1.0
53.0 1.01757538425 1.0
82.0 0.938342978979 1.0
115.0 1.01482977867 1.0
155.0 1.01960863463 1.0
105.0 0.979989141682 1.0
134.0 0.996385496132 1.0
72.0 1.03669652944 1.0
196.0 2.01557549101 1.0
31.0 0.964798596597 1.0
68.0 1.03484251904 1.0
107.0 1.01157315298 1.0
142.0 0.975339066153 1.0
63.0 0.985742620998 1.0
1.0 1.03241249032 1.0
125.0 0.98425671178 1.0
object 43	1.0:1.0
189.0 1.28592445693 1.0
26.0 1.00009835065 1.0
44.0 1.00463894636 1.0
58.0 0.988211942543 1.0
182.0 3.68015640477 1.0
16.0 0.991157324697 1.0
120.0 1.05398692086 1.0
24.0 1.00824857747 1.0
99.0 1.00147501676 1.0
21.0 1.00997014571 1.0
34.0 0.999658319591 1.0
74.0 0.987580848347 1.0
124.0 0.993836493908 1.0
101.0 0.976453312039 1.0
197.0 2.62525275052 1.0
98.0 1.01866938829 1.0
object 44	1.0:1.0
144.0 0.984345613515 1.0
118.0 0.997880976497 1.0
100.0 1.02812503043 1.0
136.0 0.945824873268 1.0
59.0 1.05127353485 1.0
43.0 1.00396529147 1.0
189.0 -2.20229857545 1.0
131.0 0.999187144858 1.0
152.0 0.930466559979 1.0
29.0 0.98600414128 1.0
106.0 0.999529996779 1.0
5.0 1.00586073038 1.0
10.0 1.01102658411 1.0
192.0 -0.548327798016 1.0
193.0 3.84023347635 1.0
84.0 0.977948097918 1.0
133.0 0.981286873657 1.0
24.0 0.968469490398 1.0
37.0 0.957219647496 1.0
150.0 1.02355026248 1.0
198.0 7.01756775884 1.0
147.0 0.994233395765 1.0
83.0 1.00828560042 1.0
87.0 0.969963013986 1.0
135.0 0.988201789812 1.0
163.0 0.995942536541 1.0
object 45	1.0:1.0
105.0 0.987476479286 1.0
139.0 1.07960267782 1.0
114.0 0.906452593257 1.0
88.0 1.0100936209 1.0
26.0 0.984539838309 1.0
142.0 0.996160669868 1.0
155.0 1.00403743376 1.0
119.0 0.968094683343 1.0
169.0 0.9659617924 1.0
44.0 1.047852847 1.0
80.0 0.970977809474 1.0
143.0 1.01505814747 1.0
170.0 1.05877987041 1.0
10.0 0.997755177817 1.0
56.0 0.938228915485 1.0
5.0 1.02807453598 1.0
60.0 0.992563216479 1.0
195.0 -5.21601715603 1.0
122.0 0.992373786711 1.0
object 46	1.0:1.0
37.0 1.07041288892 1.0
13.0 1.0101547033 1.0
75.0 1.02781850614 1.0
130.0 0.99358325968 1.0
31.0 1.01308728034 1.0
173.0 0.969624480949 1.0
136.0 1.00291234994 1.0
105.0 0.970977574199 1.0
66.0 1.00349356638 1.0
51.0 1.08080627566 1.0
94.0 0.971020855201 1.0
59.0 0.98708904995 1.0
4.0 1.01609094354 1.0
80.0 0.994711454624 1.0
164.0 1.04598160116 1.0
object 47	1.0:1.0
154.0 0.966444116347 1.0
30.0 1.06051937799 1.0
69.0 1.00173278294 1.0
142.0 0.996262522385 1.0
66.0 1.02303459013 1.0
158.0 1.05206864694 1.0
196.0 -2.11128030502 1.0
146.0 0.925124303899 1.0
125.0 0.974161229121 1.0
176.0 0.963297087534 1.0
81.0 0.976875658133 1.0
136.0 0.999982090049 1.0
65.0 0.980994783198 1.0
197.0 1.83798596524 1.0
91.0 1.00500353537 1.0
61.0 1.00629167157 1.0
127.0 1.0126118508 1.0
72.0 1.0156671289 1.0
119.0 1.02797581257 1.0
198.0 0.314505608931 1.0
object 48	1.0:1.0
57.0 0.989313433518 1.0
56.0 0.997427370215 1.0
115.0 0.994691112597 1.0
193.0 1.56115063115 1.0
185.0 -6.27966350405 1.0
9.0 1.01453502363 1.0
135.0 0.994722828464 1.0
180.0 1.81930459648 1.0
49.0 0.993753889584 1.0
62.0 1.03585836843 1.0
70.0 1.01757313592 1.0
54.0 1.01716405504 1.0
59.0 0.999492316893 1.0
23.0 0.938484771282 1.0
7.0 1.00048276193 1.0
119.0 1.00489891573 1.0
116.0 1.00409285547 1.0
73.0 0.981524788912 1.0
object 49	1.0:1.0
10.0 0.993137851669 1.0
137.0 0.99066276191 1.0
5.0 1.01674031263 1.0
134.0 1.01043016039 1.0
151.0 1.01844046097 1.0
161.0 1.00537889926 1.0
172.0 1.06347840184 1.0
23.0 1.08115889754 1.0
object 50	1.0:0.5 -16.5147550493:0.5
50.0 0.979715025957 0.0
53.0 0.968052300798 0.0
29.0 -16.5668361415 1.0
179.0 -16.5193323179 1.0
174.0 -16.4971949599 1.0
112.0 -16.5326802013 1.0
59.0 1.03471894198 0.0
126.0 -16.5254108439 1.0
91.0 -16.5199785414 1.0
4.0 0.99154625114 0.0
131.0 0.934106140195 0.0
65.0 1.05251214827 0.0
167.0 -16.5906069459 1.0
150.0 0.93448016386 0.0
173.0 1.00850608154 0.0
143.0 0.959703414222 0.0
163.0 -16.5083963284 1.0
156.0 -16.5330825461 1.0
137.0 0.965227243743 0.0
object 51	1.0:0.5 -2.50717521824:0.5
111.0 -2.53070249517 1.0
198.0 -1.14421914405 0.0
124.0 0.932878327168 0.0
137.0 1.01013684352 0.0
83.0 -2.54630454604 1.0
176.0 -2.47091432734 1.0
59.0 -2.44610742199 1.0
132.0 -2.54006097991 1.0
152.0 -2.51066715517 1.0
177.0 0.98871399632 0.0
6.0 -2.59699602754 1.0
115.0 -2.56341938908 1.0
130.0 1.01618335902 0.0
7.0 0.982119167273 0.0
169.0 -2.55578017924 1.0
21.0 -2.59888116796 1.0
object 52	1.0:0.5 -10.1241209878:0.5
61.0 1.04761467658 0.0
19.0 -10.0636350569 1.0
85.0 1.07612978498 0.0
95.0 -10.1019360164 1.0
15.0 -10.0839096499 1.0
29.0 -10.1031788734 1.0
0.0 -10.09633795 1.0
40.0 -10.1336493016 1.0
62.0 -10.1267738898 1.0
129.0 -10.0942213295 1.0
183.0 -14.2554551934 1.0
5.0 1.075124805 0.0
111.0 -10.1386672584 1.0
154.0 1.0330220673 0.0
178.0 -10.1483634113 1.0
68.0 -10.1315168995 1.0
181.0 -8.84020395613 1.0
99.0 1.10544191853 0.0
8.0 -10.232217543 1.0
123.0 -10.0521888152 1.0
object 53	1.0:0.5 2.32119863638:0.5
197.0 -1.37040542161 0.0
170.0 2.29816800214 1.0
61.0 1.07170040274 0.0
181.0 0.330993974109 0.0
8.0 1.04361170415 0.0
83.0 2.31403242794 1.0
159.0 1.01888034276 0.0
120.0 1.02468036274 0.0
54.0 0.910120759495 0.0
134.0 1.05952232166 0.0
105.0 1.01948934755 0.0
161.0 0.930521200021 0.0
112.0 2.24168769503 1.0
138.0 0.902523211204 0.0
152.0 2.42166906818 1.0
object 54	1.0:0.5 22.8519905071:0.5
198.0 23.4691179157 1.0
199.0 21.716661421 1.0
153.0 0.984760469494 0.0
97.0 0.999253380377 0.0
45.0 1.05996528708 0.0
23.0 22.8463636626 1.0
76.0 22.8073926921 1.0
91.0 0.969661209334 0.0
0.0 0.981504797102 0.0
120.0 22.9223997954 1.0
178.0 1.00723083379 0.0
39.0 22.808627583 1.0
84.0 22.8925275965 1.0
50.0 22.9037542678 1.0
172.0 22.8131929568 1.0
8.0 22.7316148558 1.0
24.0 1.04436070198 0.0
124.0 1.06825035282 0.0
object 55	1.0:0.5 -2.80529514098:0.5
172.0 1.06051953094 0.0
183.0 -1.45892632565 1.0
164.0 1.08132197833 0.0
77.0 0.987508275477 0.0
104.0 1.01226116608 0.0
199.0 -1.27789496967 0.0
96.0 -2.85074467002 1.0
124.0 -2.79595892861 1.0
128.0 0.946504464004 0.0
197.0 -2.86464126618 1.0
131.0 0.974751033504 0.0
26.0 0.959138471664 0.0
13.0 0.970927349683 0.0
175.0 -2.7997588967 1.0
63.0 -2.84811139434 1.0
162.0 0.913832155262 0.0
12.0 -2.85280939321 1.0
59.0 0.964751428787 0.0
42.0 1.01716323425 0.0
50.0 0.931632400107 0.0
111.0 -2.87651251753 1.0
object 56	1.0:0.5 12.0385466988:0.5
179.0 11.9848604323 1.0
196.0 15.1421038163 1.0
110.0 0.928947342126 0.0
84.0 12.0156626042 1.0
173.0 12.1174351936 1.0
78.0 12.0775281443 1.0
101.0 12.0219845738 1.0
50.0 12.0499782024 1.0
171.0 12.0451192881 1.0
80.0 11.9940476087 1.0
174.0 0.979878102959 0.0
54.0 1.07815288707 0.0
136.0 1.06015353773 0.0
70.0 0.913612385908 0.0
39.0 1.0311113554 0.0
123.0 12.0340504263 1.0
188.0 0.913073090787 0.0
89.0 0.980450654792 0.0
18.0 12.0245230736 1.0
69.0 12.1238239082 1.0
95.0 11.9724907712 1.0
158.0 11.998976058 1.0
185.0 15.2564580364 1.0
138.0 11.9848424962 1.0
19.0 1.03612252775 0.0
71.0 12.0001352705 1.0
52.0 12.1447112518 1.0
153.0 1.01864024189 0.0
68.0 12.0088099606 1.0
6.0 12.1045218486 1.0
139.0 0.979189130183 0.0
194.0 5.51517675541 0.0
85.0 0.980620319358 0.0
object 57	1.0:0.5 -1.34150488549:0.5
172.0 0.973838827186 0.0
17.0 1.11606231925 0.0
149.0 0.969164421506 0.0
132.0 0.997348354218 0.0
109.0 1.02324405073 0.0
113.0 1.02236602444 0.0
148.0 0.95904302872 0.0
101.0 0.955711503464 0.0
159.0 -1.31783433203 1.0
4.0 1.09023643314 0.0
89.0 -1.37299891707 1.0
183.0 2.8582310244 0.0
107.0 -1.33725627479 1.0
199.0 -1.26026052451 0.0
object 58	1.0:0.5 14.9020263187:0.5
8.0 14.9094983741 1.0
150.0 0.93683538455 0.0
99.0 14.965588648 1.0
20.0 14.8721198436 1.0
190.0 15.7998093883 1.0
47.0 15.0092340904 1.0
191.0 2.85322212764 0.0
135.0 14.9518361401 1.0
60.0 14.9519747278 1.0
168.0 1.01738249748 0.0
104.0 0.898445502613 0.0
82.0 1.01673269102 0.0
108.0 1.00125738003 0.0
175.0 0.940561941646 0.0
195.0 13.5137871127 1.0
46.0 14.9108802956 1.0
159.0 14.8822806173 1.0
0.0 0.989633082384 0.0
25.0 1.01427861571 0.0
120.0 14.7722050831 1.0
106.0 1.03098576891 0.0
127.0 14.9798077512 1.0
71.0 1.06094996412 0.0
39.0 0.977508201189 0.0
object 59	1.0:0.5 -8.70634362242:0.5
66.0 0.98503293353 0.0
102.0 -8.70110312978 1.0
74.0 -8.67903374554 1.0
37.0 1.06934903579 0.0
131.0 -8.74778460474 1.0
156.0 0.936126650332 0.0
155.0 1.01944311196 0.0
122.0 -8.75533877667 1.0
148.0 -8.66816197749 1.0
4.0 -8.68698384154 1.0
9.0 1.04511252932 0.0
object 60	1.0:0.5 -6.57478824018:0.5
8.0 -6.54155907145 1.0
102.0 0.970390590473 0.0
23.0 0.930714800112 0.0
132.0 -6.65316597967 1.0
93.0 -6.59593421151 1.0
172.0 1.02182847756 0.0
114.0 -6.50191071281 1.0
124.0 1.01150734024 0.0
7.0 1.00851148216 0.0
169.0 -6.58128413557 1.0
56.0 0.943790197169 0.0
164.0 0.903020972482 0.0
58.0 -6.61304454475 1.0
89.0 1.03215919846 0.0
129.0 1.06118297842 0.0
141.0 -6.54394092773 1.0
26.0 -6.66912826654 1.0
115.0 -6.62596165777 1.0
86.0 -6.58175609028 1.0
111.0 0.976644759686 0.0
11.0 0.96169206757 0.0
object 61	1.0:0.5 2.22362096545:0.5
93.0 2.18437175192 1.0
96.0 1.04401280339 0.0
8.0 2.18947396983 1.0
170.0 2.18220378905 1.0
29.0 2.17154987082 1.0
136.0 0.984626984756 0.0
110.0 2.3044728764 1.0
142.0 1.0208231337 0.0
41.0 0.995449634823 0.0
14.0 1.08445650929 0.0
140.0 1.01417129243 0.0
83.0 1.0421495867 0.0
177.0 0.988284320645 0.0
137.0 2.09724436219 1.0
122.0 2.25612783237 1.0
138.0 2.23228001711 1.0
42.0 2.2865236493 1.0
37.0 2.26860712298 1.0
12.0 2.2061044676 1.0
40.0 2.21805960326 1.0
17.0 2.18180647434 1.0
30.0 1.01293483346 0.0
156.0 1.00314119723 0.0
176.0 0.969691749653 0.0
148.0 2.22104921052 1.0
54.0 1.02914930575 0.0
2.0 2.27670977265 1.0
149.0 0.971670467765 0.0
object 62	1.0:0.5 5.29663948438:0.5
178.0 5.28499904203 1.0
174.0 5.29611511991 1.0
87.0 5.45673558321 1.0
142.0 5.30874802436 1.0
136.0 5.31847729994 1.0
195.0 11.3876433827 1.0
70.0 5.21703515313 1.0
73.0 0.939096688757 0.0
17.0 5.28064890916 1.0
105.0 5.23905282774 1.0
33.0 1.03601682346 0.0
71.0 0.954890563433 0.0
163.0 1.03026737756 0.0
140.0 0.95418397759 0.0
180.0 1.92507975955 1.0
154.0 0.925377038352 0.0
30.0 0.971855389376 0.0
170.0 1.04132801511 0.0
42.0 5.23895460455 1.0
13.0 0.993383430266 0.0
197.0 1.63404747302 0.0
object 63	1.0:0.5 4.36138428428:0.5
58.0 4.31778657841 1.0
59.0 4.31449764131 1.0
172.0 4.4285177713 1.0
89.0 4.46106362534 1.0
165.0 4.2946774955 1.0
141.0 4.31858334637 1.0
100.0 4.39182486178 1.0
73.0 4.39365617803 1.0
71.0 4.39645726458 1.0
object 64	1.0:0.5 -1.37143331841:0.5
181.0 -1.50928565953 1.0
138.0 1.00192452104 0.0
71.0 -1.43441873868 1.0
69.0 0.969337901954 0.0
140.0 -1.30919739484 1.0
147.0 -1.28427773383 1.0
198.0 -2.32360144206 1.0
124.0 1.03061253049 0.0
101.0 1.04393729845 0.0
175.0 -1.37339403586 1.0
object 65	1.0:0.5 -18.546681127:0.5
125.0 -18.5537559336 1.0
41.0 0.948419868647 0.0
70.0 1.12976940803 0.0
40.0 1.02067325476 0.0
103.0 1.07589766245 0.0
95.0 1.06217719251 0.0
171.0 -18.516696305 1.0
108.0 -18.5862522009 1.0
16.0 0.966623807377 0.0
82.0 -18.4535969615 1.0
160.0 -18.5192451916 1.0
114.0 0.897041990602 0.0
86.0 1.02908965306 0.0
68.0 -18.5435097476 1.0
31.0 -18.5722888638 1.0
5.0 -18.5434615933 1.0
20.0 0.947883596108 0.0
138.0 1.04705524331 0.0
72.0 0.934895705725 0.0
54.0 0.924405391674 0.0
83.0 -18.4849780979 1.0
49.0 0.987470746505 0.0
92.0 -18.602607653 1.0
1.0 -18.5285310382 1.0
50.0 -18.5561556904 1.0
136.0 -18.59082874 1.0
45.0 0.897872658649 0.0
object 66	1.0:0.5 7.50135346762:0.5
16.0 1.023973099 0.0
188.0 9.84286040817 1.0
124.0 7.37792825788 1.0
57.0 7.50743703133 1.0
29.0 1.02096463393 0.0
61.0 1.05283321525 0.0
150.0 1.053719395 0.0
44.0 0.983021151301 0.0
144.0 1.05290867139 0.0
166.0 1.08909119703 0.0
79.0 7.47443015219 1.0
126.0 7.55066269872 1.0
139.0 0.927254555533 0.0
173.0 7.47605905832 1.0
171.0 7.55278519439 1.0
84.0 1.01555807076 0.0
180.0 7.03212459576 1.0
110.0 7.49881587377 1.0
object 67	1.0:0.5 -1.86166497584:0.5
140.0 0.9622599068 0.0
184.0 2.17665435989 0.0
131.0 1.06544034096 0.0
126.0 0.924103654922 0.0
175.0 0.990420832787 0.0
56.0 1.03706649665 0.0
199.0 -0.385739627227 0.0
138.0 0.982170458685 0.0
95.0 -1.84493024724 1.0
161.0 1.0654792339 0.0
69.0 -1.86472842937 1.0
47.0 -1.91903834417 1.0
36.0 -1.7924168713 1.0
105.0 0.863486623265 0.0
70.0 -1.88949231838 1.0
28.0 -1.80094064093 1.0
73.0 -1.81388105393 1.0
108.0 1.04160702375 0.0
92.0 0.991608511968 0.0
object 68	1.0:0.5 4.72332765076:0.5
75.0 4.70386530811 1.0
163.0 0.929716798346 0.0
0.0 1.01536205317 0.0
88.0 4.71116396627 1.0
169.0 4.81117868401 1.0
26.0 1.03141755687 0.0
145.0 4.68992773967 1.0
66.0 0.992693796465 0.0
132.0 4.73084231325 1.0
43.0 4.72705224444 1.0
59.0 1.05682774193 0.0
146.0 4.65271500673 1.0
119.0 1.02916581302 0.0
197.0 1.24740845427 0.0
158.0 4.71420195901 1.0
171.0 0.958811344491 0.0
79.0 1.03277789013 0.0
116.0 4.65634204499 1.0
140.0 1.03123466345 0.0
102.0 4.69727231456 1.0
137.0 4.72567332257 1.0
193.0 3.67923164629 0.0
106.0 4.67767466602 1.0
188.0 1.69353984573 0.0
91.0 4.76260451439 1.0
25.0 4.72691958787 1.0
65.0 0.980423211197 0.0
127.0 0.962538784597 0.0
187.0 6.92274050917 1.0
71.0 4.70402016167 1.0
172.0 4.69676202446 1.0
129.0 4.65816004829 1.0
object 69	1.0:0.5 -24.8865698656:0.5
195.0 -1.4004397713 0.0
156.0 0.941324451626 0.0
43.0 -24.8821102571 1.0
82.0 1.00536739732 0.0
113.0 0.989750897485 0.0
85.0 0.928261939359 0.0
21.0 -24.8519735379 1.0
126.0 -24.9549367391 1.0
133.0 -24.8407975336 1.0
40.0 1.07515691547 0.0
105.0 -24.8520707601 1.0
181.0 0.730799246992 0.0
93.0 -24.9140432205 1.0
96.0 0.913741264489 0.0
76.0 -24.8426279324 1.0
41.0 1.06169618667 0.0
50.0 1.02723556955 0.0
95.0 0.985043235688 0.0
84.0 -24.8846146347 1.0
164.0 -24.8758072572 1.0
79.0 0.951165033194 0.0
30.0 1.03380472678 0.0
object 70	1.0:0.5 -8.02298471543:0.5
162.0 -8.01637070233 1.0
32.0 -8.02712609131 1.0
109.0 -8.00851601295 1.0
189.0 -0.939192927102 1.0
22.0 0.995837594131 0.0
116.0 0.957172216856 0.0
63.0 -8.03025911722 1.0
99.0 -8.0590147437 1.0
16.0 1.01444428603 0.0
93.0 0.982000509502 0.0
102.0 -7.96369251 1.0
118.0 -8.13749105441 1.0
174.0 0.890610851526 0.0
78.0 1.03328508247 0.0
132.0 1.07034558514 0.0
72.0 0.958430453466 0.0
168.0 0.953315948794 0.0
object 71	1.0:0.5 8.80633255349:0.5
32.0 8.83597607678 1.0
79.0 8.82472124444 1.0
154.0 8.85044461973 1.0
5.0 0.908171290317 0.0
84.0 8.74266162284 1.0
194.0 11.2613710143 1.0
191.0 0.593497783973 0.0
144.0 1.05832818184 0.0
46.0 8.87698646929 1.0
177.0 8.84784839519 1.0
16.0 0.952843163795 0.0
75.0 0.961583516846 0.0
6.0 8.69179900074 1.0
161.0 0.965645536726 0.0
37.0 8.71518997781 1.0
56.0 8.76641697483 1.0
174.0 8.79363678257 1.0
62.0 8.77839462068 1.0
object 72	1.0:0.5 13.543906356:0.5
148.0 13.5137127714 1.0
141.0 13.4362055916 1.0
95.0 13.5432103044 1.0
157.0 1.0033369861 0.0
36.0 0.942186959336 0.0
121.0 1.02670744102 0.0
80.0 0.937465329694 0.0
69.0 13.491577871 1.0
24.0 13.6163370023 1.0
21.0 0.976887920442 0.0
58.0 13.5900613341 1.0
115.0 13.4666472759 1.0
119.0 13.5521166002 1.0
193.0 18.9396704648 1.0
168.0 13.5960972796 1.0
61.0 1.02136402815 0.0
171.0 1.00510451429 0.0
145.0 13.5427555052 1.0
86.0 1.05436241553 0.0
165.0 0.965416612101 0.0
object 73	1.0:0.5 -17.4143371345:0.5
49.0 -17.4166759617 1.0
91.0 0.969724512902 0.0
55.0 -17.3505728526 1.0
125.0 -17.3841514183 1.0
148.0 0.988862426249 0.0
96.0 -17.4763741231 1.0
199.0 2.99500853016 0.0
147.0 -17.3800060106 1.0
162.0 1.01235792665 0.0
13.0 0.995225131569 0.0
28.0 -17.4393924382 1.0
83.0 0.996581920148 0.0
169.0 1.00046588618 0.0
100.0 1.10542242725 0.0
163.0 -17.4376759427 1.0
object 74	1.0:0.5 16.360315056:0.5
118.0 0.997435614241 0.0
175.0 1.0403378582 0.0
90.0 16.3943504129 1.0
162.0 0.972897768235 0.0
97.0 1.03481513713 0.0
140.0 1.03133768593 0.0
95.0 16.2968248026 1.0
194.0 4.5210081104 0.0
151.0 0.922118834488 0.0
134.0 1.10252584172 0.0
45.0 0.953714201793 0.0
181.0 -1.75274511422 0.0
42.0 0.990987384585 0.0
4.0 0.961233349526 0.0
120.0 16.2020761763 1.0
68.0 16.4455557726 1.0
159.0 1.1134680938 0.0
object 75	1.0:0.5 -18.4505348194:0.5
8.0 0.936863393017 0.0
177.0 1.01562172829 0.0
51.0 0.971447294582 0.0
136.0 1.04898739006 0.0
93.0 1.02843915712 0.0
94.0 -18.4817022161 1.0
110.0 -18.4197865419 1.0
132.0 -18.4066133877 1.0
16.0 -18.4619834455 1.0
14.0 -18.4902136967 1.0
158.0 0.963027532312 0.0
83.0 -18.4185969785 1.0
object 76	1.0:0.5 -0.554558356329:0.5
37.0 -0.579211704981 1.0
148.0 -0.427068799469 1.0
174.0 -0.593503570088 1.0
147.0 1.03681372971 0.0
102.0 -0.571227775372 1.0
39.0 1.01027970591 0.0
76.0 1.07385666153 0.0
93.0 -0.577623249489 1.0
29.0 -0.538895104046 1.0
152.0 -0.572007809424 1.0
87.0 1.00611737436 0.0
15.0 -0.515274083919 1.0
104.0 -0.521952862482 1.0
126.0 1.00969366183 0.0
179.0 1.03333472771 0.0
72.0 0.954188424867 0.0
127.0 1.01654530087 0.0
171.0 -0.636439612804 1.0
129.0 0.935570277362 0.0
144.0 -0.487420866413 1.0
object 77	1.0:0.5 5.51803299647:0.5
2.0 0.951913256589 0.0
178.0 0.963438373973 0.0
128.0 1.02072598325 0.0
176.0 1.02205776453 0.0
182.0 -2.33298268899 0.0
134.0 5.47801743141 1.0
44.0 5.58124991002 1.0
117.0 1.03471462867 0.0
165.0 5.43550932006 1.0
45.0 0.99029152713 0.0
57.0 0.983308744873 0.0
198.0 2.08926751437 1.0
59.0 5.56271440283 1.0
89.0 0.971396526049 0.0
36.0 5.57470415703 1.0
5.0 5.46328482648 1.0
126.0 5.55293676459 1.0
187.0 1.81965633041 0.0
118.0 5.51950772061 1.0
4.0 5.45308957814 1.0
69.0 0.991612207666 0.0
object 78	1.0:0.5 4.28950940013:0.5
46.0 4.20809148845 1.0
68.0 4.31571111404 1.0
127.0 0.906130075957 0.0
79.0 4.34766683295 1.0
188.0 1.25009517503 1.0
199.0 5.93002693551 1.0
60.0 4.2370480226 1.0
89.0 0.988265762505 0.0
114.0 1.01625923437 0.0
198.0 0.348541203259 0.0
56.0 0.983488138363 0.0
15.0 4.29671583282 1.0
174.0 4.29531779519 1.0
83.0 0.961992171876 0.0
130.0 1.06562794812 0.0
5.0 1.00730998763 0.0
43.0 4.28398947131 1.0
13.0 0.974390837046 0.0
36.0 4.25266786174 1.0
0.0 0.971271915097 0.0
92.0 1.03976061826 0.0
171.0 1.04644791172 0.0
54.0 4.2134841855 1.0
object 79	1.0:0.5 -9.58389976998:0.5
84.0 1.06571779789 0.0
122.0 -9.64736244181 1.0
20.0 -9.62035405185 1.0
149.0 0.96968983708 0.0
194.0 -2.78251468492 0.0
151.0 -9.53678372842 1.0
22.0 0.980528190204 0.0
177.0 -9.69375415197 1.0
94.0 -9.58250726475 1.0
48.0 -9.60077826774 1.0
43.0 0.919989284075 0.0
78.0 1.06546287657 0.0
object 80	1.0:0.5 -5.14797647961:0.5
52.0 -5.13353913166 1.0
174.0 -5.12126964278 1.0
29.0 -5.14037314026 1.0
157.0 -5.12486867337 1.0
122.0 -5.05716064494 1.0
137.0 -5.15200271324 1.0
60.0 1.04478738444 0.0
10.0 -5.15003093108 1.0
146.0 -5.14790771591 1.0
43.0 -5.07643495463 1.0
175.0 -5.14769808291 1.0
181.0 0.143389527073 0.0
74.0 0.951321950795 0.0
153.0 1.00387080187 0.0
199.0 -4.4365679492 1.0
133.0 -5.22568872095 1.0
149.0 1.0029056386 0.0
158.0 -5.13837717246 1.0
57.0 -5.14528876691 1.0
8.0 1.15830526901 0.0
65.0 -5.17901061416 1.0
object 81	1.0:0.5 12.63051802:0.5
129.0 12.5843261571 1.0
136.0 12.6983468861 1.0
162.0 12.6515336744 1.0
90.0 12.553771168 1.0
117.0 1.11762139038 0.0
138.0 1.02595722005 0.0
122.0 12.6207397681 1.0
167.0 12.6109605003 1.0
44.0 1.01157849635 0.0
47.0 12.6657442057 1.0
135.0 1.00329544182 0.0
14.0 12.5381063448 1.0
116.0 12.6150223025 1.0
object 82	1.0:0.5 7.46746328591:0.5
191.0 -8.74029902253 0.0
60.0 7.39300414723 1.0
92.0 7.40876046405 1.0
132.0 7.43319164994 1.0
105.0 7.47328629679 1.0
134.0 7.45749345151 1.0
186.0 4.68401273983 0.0
153.0 7.39320197645 1.0
35.0 7.56639277664 1.0
4.0 7.50255856735 1.0
177.0 7.44913732609 1.0
24.0 1.09819700871 0.0
197.0 1.19452672742 0.0
103.0 0.998793931814 0.0
193.0 -1.46509000211 0.0
62.0 7.40847760319 1.0
47.0 7.48505506139 1.0
185.0 5.36400400507 0.0
90.0 0.99447841748 0.0
object 83	1.0:0.5 -4.57706340364:0.5
78.0 -4.58013877294 1.0
180.0 -3.3612324916 0.0
9.0 -4.59092989892 1.0
36.0 -4.56424541926 1.0
111.0 1.01576380584 0.0
116.0 0.964119827876 0.0
119.0 -4.62753365819 1.0
51.0 -4.62503008958 1.0
83.0 0.964549862729 0.0
121.0 0.935914800246 0.0
112.0 -4.63271307099 1.0
100.0 1.00258681729 0.0
171.0 1.01769709894 0.0
185.0 -5.94801688985 1.0
120.0 -4.62387198017 1.0
89.0 0.941000885149 0.0
6.0 -4.59170500563 1.0
19.0 -4.56430577121 1.0
149.0 1.05528327079 0.0
object 84	1.0:0.5 -12.0477186816:0.5
93.0 0.999331370676 0.0
115.0 0.912501568922 0.0
95.0 -12.0919831466 1.0
184.0 -0.48372342241 0.0
61.0 -12.0519046176 1.0
112.0 -12.0542496199 1.0
149.0 1.02747400865 0.0
96.0 -11.9955826462 1.0
104.0 1.03992568847 0.0
56.0 1.06698505879 0.0
155.0 0.996398864488 0.0
44.0 -12.0764479707 1.0
34.0 -12.0718669567 1.0
141.0 -11.9860668195 1.0
73.0 -12.1040749991 1.0
50.0 -12.021381516 1.0
153.0 -11.9601482519 1.0
object 85	1.0:0.5 1.70735311954:0.5
53.0 1.68214318119 1.0
51.0 1.76262725665 1.0
130.0 1.08781054906 0.0
79.0 1.72106341072 1.0
26.0 1.69766844632 1.0
39.0 0.969136360991 0.0
71.0 0.945972116564 0.0
90.0 0.984033088164 0.0
11.0 0.982805921547 0.0
91.0 0.906005589371 0.0
191.0 0.0650870870212 0.0
63.0 1.74561067044 1.0
34.0 1.77201132315 1.0
14.0 0.935015069081 0.0
36.0 1.73918646686 1.0
73.0 1.64456519588 1.0
4.0 1.00493699715 0.0
194.0 -0.989228441807 0.0
145.0 0.851359093408 0.0
124.0 1.00338470871 0.0
65.0 1.69662504338 1.0
21.0 1.76304551925 1.0
16.0 1.66147780681 1.0
138.0 1.03334324281 0.0
object 86	1.0:0.5 8.22071088033:0.5
90.0 1.00699647769 0.0
47.0 0.981580236179 0.0
144.0 8.15447533289 1.0
88.0 0.944856194466 0.0
67.0 1.00088463483 0.0
44.0 8.13035578761 1.0
10.0 1.02053604954 0.0
137.0 8.17199510565 1.0
57.0 0.997272960513 0.0
145.0 0.991613070497 0.0
143.0 8.22171831873 1.0
122.0 8.2407277945 1.0
31.0 1.00969721346 0.0
3.0 1.10325971705 0.0
50.0 8.20478415526 1.0
183.0 4.71601629341 1.0
151.0 0.942334967159 0.0
169.0 8.16221124803 1.0
126.0 1.0495425381 0.0
82.0 8.22514910047 1.0
83.0 0.968517938946 0.0
147.0 1.08390426604 0.0
52.0 8.28586125843 1.0
0.0 1.00482308592 0.0
170.0 8.19096040776 1.0
91.0 8.2051668998 1.0
32.0 8.19728940798 1.0
193.0 2.20748620276 0.0
70.0 1.04019705963 0.0
95.0 1.02742697483 0.0
40.0 8.21611406182 1.0
156.0 1.09528425522 0.0
48.0 8.2246484695 1.0
6.0 0.956333610805 0.0
162.0 8.25503214909 1.0
18.0 1.04175026967 0.0
object 87	1.0:0.5 22.0060776159:0.5
122.0 22.0270762034 1.0
197.0 22.3142031973 1.0
64.0 0.948552113713 0.0
179.0 22.0291015548 1.0
147.0 22.0537353103 1.0
180.0 21.7295011849 1.0
1.0 0.979647667805 0.0
160.0 22.0319066682 1.0
25.0 1.03493249824 0.0
182.0 19.5875523468 1.0
51.0 1.0347514554 0.0
53.0 21.989138285 1.0
91.0 0.975504831982 0.0
109.0 1.06970941659 0.0
43.0 22.0182063955 1.0
174.0 22.0730945688 1.0
143.0 22.0302758685 1.0
154.0 0.889164141235 0.0
40.0 21.9745168088 1.0
19.0 22.0914102389 1.0
118.0 22.006412443 1.0
156.0 22.0674601081 1.0
object 88	1.0:0.5 -1.28889892405:0.5
153.0 0.992913647287 0.0
11.0 0.959998021289 0.0
4.0 0.972008676872 0.0
117.0 -1.18007614728 1.0
145.0 1.02688547829 0.0
39.0 -1.31833235977 1.0
78.0 -1.27191414721 1.0
195.0 -6.20496862761 1.0
16.0 -1.32629340543 1.0
9.0 1.01255738926 0.0
159.0 -1.29535042703 1.0
97.0 -1.294351447 1.0
31.0 1.01310080393 0.0
7.0 1.00841651373 0.0
123.0 -1.38825181118 1.0
173.0 0.98778474598 0.0
110.0 -1.25971724596 1.0
72.0 -1.3008852901 1.0
65.0 -1.28485132399 1.0
57.0 -1.27511417547 1.0
199.0 1.52977681325 1.0
object 89	1.0:0.5 0.942780039529:0.5
150.0 0.926327383494 1.0
103.0 0.981302140768 0.0
3.0 1.00730239211 0.0
40.0 0.9969932229 1.0
32.0 0.937783796886 1.0
42.0 0.938484735675 1.0
191.0 -3.02120124113 0.0
88.0 0.860039751161 1.0
23.0 1.01706591435 0.0
84.0 0.96789710212 1.0
126.0 0.98150471033 1.0
39.0 1.0477654212 0.0
177.0 0.923572673399 1.0
155.0 0.953068217461 1.0
36.0 0.966075549044 1.0
190.0 2.93437627065 1.0
192.0 -0.47151051129 0.0
46.0 1.00144693662 0.0
13.0 0.895194843353 1.0
107.0 0.954966266626 1.0
68.0 0.922643772394 0.0
33.0 0.912189383756 1.0
object 90	1.0:0.5 -1.60423854331:0.5
110.0 -1.63566933969 1.0
107.0 0.974743351143 0.0
38.0 1.03174924991 0.0
156.0 -1.61397922516 1.0
52.0 -1.55034131042 1.0
116.0 -1.62521048266 1.0
67.0 1.03150500478 0.0
78.0 1.04131315155 0.0
169.0 -1.68327800487 1.0
146.0 1.03972716234 0.0
109.0 1.07318520417 0.0
184.0 -3.88781132881 0.0
186.0 -0.532681445837 0.0
175.0 0.976046929886 0.0
105.0 -1.57342868269 1.0
4.0 0.998218989747 0.0
15.0 1.09964269111 0.0
161.0 1.02411305361 0.0
104.0 1.02928813652 0.0
object 91	1.0:0.5 -6.72599495378:0.5
114.0 1.00686431169 0.0
135.0 -6.70907596605 1.0
97.0 1.04100456519 0.0
95.0 -6.73023453432 1.0
28.0 0.951069314867 0.0
45.0 -6.66980912215 1.0
169.0 -6.81745921283 1.0
44.0 1.00414464108 0.0
47.0 0.927808820484 0.0
132.0 -6.75573761498 1.0
73.0 -6.62524598337 1.0
140.0 -6.82067020205 1.0
158.0 1.04759795179 0.0
128.0 -6.76877244837 1.0
142.0 0.95770258912 0.0
129.0 -6.75209414479 1.0
120.0 -6.66900053668 1.0
object 92	1.0:0.5 -4.56560698797:0.5
25.0 -4.54402653916 1.0
122.0 0.926223094376 0.0
109.0 -4.53962978032 1.0
77.0 -4.49837771589 1.0
7.0 -4.63392635511 1.0
24.0 1.02368844089 0.0
89.0 0.906439863904 0.0
117.0 -4.55939923896 1.0
67.0 -4.59540189785 1.0
185.0 -2.36515340803 0.0
79.0 -4.56410740305 1.0
61.0 1.04876148383 0.0
159.0 1.00482193284 0.0
74.0 -4.62566040424 1.0
91.0 0.882521789257 0.0
12.0 -4.56247614101 1.0
139.0 1.055620922 0.0
34.0 1.01924071884 0.0
15.0 -4.57574032205 1.0
111.0 0.881507667461 0.0
48.0 -4.55050906932 1.0
object 93	1.0:0.5 -3.0880652853:0.5
4.0 -3.14890920592 1.0
193.0 -2.15727555556 1.0
198.0 -4.36783102439 1.0
91.0 -3.12842438298 1.0
36.0 1.02972985696 0.0
141.0 1.02063988984 0.0
196.0 -11.966710334 1.0
189.0 2.44823187051 0.0
39.0 1.01229478825 0.0
69.0 0.916026707909 0.0
41.0 1.00266487087 0.0
51.0 1.03665356993 0.0
190.0 1.28619729698 0.0
27.0 -3.15050869291 1.0
object 94	1.0:0.5 -7.94031386282:0.5
34.0 -7.85221373428 1.0
137.0 -7.90551191632 1.0
16.0 -7.99464228211 1.0
101.0 0.970129132294 0.0
72.0 -7.94607811372 1.0
50.0 1.05631525683 0.0
35.0 0.971284769914 0.0
73.0 0.9977616657 0.0
167.0 0.99285356384 0.0
171.0 -7.98570268737 1.0
132.0 -7.88727424972 1.0
57.0 0.910326000145 0.0
27.0 0.964278444856 0.0
147.0 1.05684367757 0.0
85.0 0.960864817739 0.0
107.0 -7.8781593204 1.0
98.0 0.962664238087 0.0
184.0 -1.83580067239 0.0
97.0 1.00003941361 0.0
47.0 0.957830658265 0.0
2.0 -8.00013267208 1.0
124.0 -7.91408915025 1.0
37.0 0.983018462177 0.0
51.0 -7.8990741734 1.0
117.0 -7.82849870086 1.0
151.0 1.00186425176 0.0
7.0 1.00017604516 0.0
17.0 -8.02415747673 1.0
148.0 0.925792301612 0.0
24.0 0.995634072331 0.0
object 95	1.0:0.5 6.08503137184:0.5
103.0 6.20384990719 1.0
18.0 1.04137310039 0.0
187.0 1.86433536536 0.0
119.0 6.06080910458 1.0
0.0 6.04219773682 1.0
189.0 -5.65418378487 0.0
39.0 6.11541346198 1.0
33.0 1.03105165032 0.0
112.0 6.14814805028 1.0
159.0 1.00797477493 0.0
171.0 6.20891569295 1.0
141.0 6.01805104269 1.0
197.0 2.6678736319 0.0
29.0 6.06159226876 1.0
82.0 6.07465328171 1.0
163.0 0.962529280938 0.0
131.0 1.01010178889 0.0
35.0 1.04775879172 0.0
149.0 6.11983249166 1.0
61.0 1.02440653265 0.0
object 96	1.0:0.5 13.934367145:0.5
110.0 13.9439240743 1.0
65.0 1.02891180579 0.0
157.0 13.918373034 1.0
125.0 13.9314450672 1.0
121.0 0.976948786761 0.0
103.0 1.07447987157 0.0
93.0 1.02574118466 0.0
58.0 13.9844712491 1.0
7.0 1.06600702401 0.0
62.0 1.03020731352 0.0
186.0 9.96395873455 1.0
153.0 13.9897215942 1.0
39.0 13.9141099674 1.0
object 97	1.0:0.5 10.7660208257:0.5
6.0 0.872777960237 0.0
77.0 10.8184844002 1.0
131.0 1.09143989044 0.0
28.0 10.7051950717 1.0
59.0 0.986578288516 0.0
151.0 0.96366693869 0.0
101.0 0.930885991501 0.0
114.0 10.6840939205 1.0
88.0 1.02253670409 0.0
182.0 -1.51561737759 0.0
129.0 10.6967397088 1.0
143.0 10.788435011 1.0
76.0 10.7653536165 1.0
50.0 10.8246852868 1.0
object 98	1.0:0.5 -0.873828759853:0.5
187.0 1.69323022419 1.0
160.0 -0.919463979542 1.0
109.0 -0.734511320938 1.0
68.0 1.04057876924 0.0
145.0 -0.920819625256 1.0
90.0 -0.769009627544 1.0
191.0 9.14837840692 0.0
71.0 -0.922162539302 1.0
14.0 1.05467562015 0.0
178.0 1.07403291467 0.0
80.0 -0.811313873917 1.0
83.0 -0.875131020552 1.0
196.0 6.74903856298 1.0
198.0 -1.55665450058 1.0
129.0 1.03942795784 0.0
146.0 1.04918645401 0.0
82.0 -0.866786657017 1.0
5.0 1.09112673954 0.0
31.0 1.01144136875 0.0
142.0 1.00172813265 0.0
121.0 -0.902859871701 1.0
199.0 -3.91534142457 1.0
object 99	1.0:0.5 -10.3095136764:0.5
32.0 1.01343657211 0.0
85.0 -10.2973772941 1.0
156.0 0.963298513158 0.0
20.0 0.932185414848 0.0
10.0 -10.2794878798 1.0
95.0 -10.3482646336 1.0
65.0 -10.3036196395 1.0
72.0 -10.2780331196 1.0
125.0 -10.264021923 1.0
107.0 -10.2695908318 1.0
147.0 0.983486120671 0.0
138.0 1.04814475328 0.0
145.0 1.02470041661 0.0
19.0 1.00614274576 0.0
52.0 -10.3128066399 1.0
