object 0	1.0:1.0
17.0 0.999355142753 1.0
93.0 1.00984722216 1.0
object 1	1.0:1.0
166.0 -3.16543150666 1.0
59.0 0.915660741221 1.0
32.0 1.00665259187 1.0
120.0 1.00365618152 1.0
object 2	1.0:1.0
165.0 -0.324086487629 1.0
120.0 1.03587756645 1.0
5.0 0.995731612267 1.0
193.0 2.86819128667 1.0
135.0 1.04087885331 1.0
79.0 0.920179558342 1.0
121.0 1.02907188998 1.0
33.0 1.01712406128 1.0
object 3	1.0:1.0
75.0 0.996794024552 1.0
98.0 1.01846621931 1.0
object 4	1.0:1.0
44.0 0.98585921638 1.0
182.0 5.12835210132 1.0
69.0 1.00583009145 1.0
28.0 1.02402080403 1.0
146.0 1.78503031738 1.0
94.0 0.959862660131 1.0
32.0 1.00344886735 1.0
186.0 0.418248708272 1.0
object 5	1.0:1.0
27.0 0.98077892483 1.0
56.0 0.956754381282 1.0
78.0 0.999002413538 1.0
128.0 1.01565187204 1.0
60.0 1.06162696067 1.0
object 6	1.0:1.0
193.0 1.78104319736 1.0
157.0 4.07889486002 1.0
object 7	1.0:1.0
138.0 0.996608201052 1.0
37.0 0.988293652665 1.0
150.0 3.30218446943 1.0
5.0 1.01804166372 1.0
199.0 -1.23599477723 1.0
160.0 -1.54743671298 1.0
55.0 1.0203725744 1.0
object 8	1.0:1.0
102.0 0.971033528693 1.0
73.0 1.02636437209 1.0
149.0 0.29131069725 1.0
22.0 0.943643472659 1.0
133.0 1.051133256 1.0
30.0 0.979627124983 1.0
141.0 -3.2397682179 1.0
131.0 1.00102397009 1.0
object 9	1.0:1.0
95.0 1.03074256355 1.0
197.0 -1.17012460643 1.0
1.0 1.05711246448 1.0
150.0 3.39817966877 1.0
object 10	1.0:1.0
186.0 2.41594357138 1.0
171.0 -3.68589838328 1.0
196.0 1.39285725462 1.0
179.0 3.81343448603 1.0
144.0 3.14397639318 1.0
38.0 1.00771444276 1.0
object 11	1.0:1.0
38.0 1.00162290979 1.0
167.0 1.42902192396 1.0
44.0 0.995446637338 1.0
object 12	1.0:1.0
79.0 1.01665167565 1.0
58.0 1.02751196497 1.0
189.0 -2.01157869116 1.0
63.0 0.987791113119 1.0
71.0 1.01585906629 1.0
84.0 1.01921593358 1.0
48.0 0.952561997019 1.0
object 13	1.0:1.0
22.0 0.986698167999 1.0
181.0 3.04769908902 1.0
136.0 0.979555221655 1.0
103.0 0.962820986618 1.0
170.0 -2.44301568205 1.0
object 14	1.0:1.0
25.0 1.02032156368 1.0
165.0 -2.67744621133 1.0
object 15	1.0:1.0
125.0 0.921419610499 1.0
25.0 0.958033392438 1.0
150.0 3.41443308455 1.0
188.0 1.80512427843 1.0
161.0 0.676332958778 1.0
2.0 0.970113504789 1.0
189.0 4.23536429754 1.0
199.0 0.581025741728 1.0
128.0 0.970900717139 1.0
30.0 0.991593769283 1.0
object 16	1.0:1.0
33.0 1.01968126443 1.0
189.0 4.04142565506 1.0
108.0 0.986288446356 1.0
19.0 1.00855403491 1.0
148.0 1.36999600323 1.0
56.0 0.947119477737 1.0
182.0 0.396136808211 1.0
object 17	1.0:1.0
0.0 1.03920119478 1.0
74.0 1.00860028941 1.0
32.0 0.984282077302 1.0
179.0 -1.12218669199 1.0
9.0 0.976104390569 1.0
60.0 0.983751033626 1.0
114.0 1.06560766526 1.0
91.0 0.993942189187 1.0
object 18	1.0:1.0
173.0 1.39321431606 1.0
86.0 0.931313231863 1.0
169.0 -4.63685111028 1.0
object 19	1.0:1.0
112.0 1.00544085486 1.0
104.0 0.95884428322 1.0
44.0 0.968888329848 1.0
31.0 1.04584641561 1.0
object 20	1.0:1.0
10.0 0.912167927601 1.0
9.0 1.01460784099 1.0
96.0 1.04619379469 1.0
16.0 0.989368519851 1.0
object 21	1.0:1.0
142.0 0.916700560199 1.0
133.0 0.988392943246 1.0
160.0 -1.45538827847 1.0
150.0 -0.22738773442 1.0
158.0 3.70023046715 1.0
object 22	1.0:1.0
128.0 0.998961227116 1.0
132.0 1.05851345598 1.0
96.0 0.964988272905 1.0
object 23	1.0:1.0
56.0 1.07490000133 1.0
80.0 0.998305667368 1.0
165.0 1.52599833945 1.0
76.0 1.01798249188 1.0
1.0 0.978912086859 1.0
object 24	1.0:1.0
72.0 0.950755806291 1.0
152.0 2.14034000952 1.0
105.0 1.01059214442 1.0
74.0 1.01326543603 1.0
10.0 0.975660717428 1.0
161.0 4.84880482661 1.0
object 25	1.0:1.0
163.0 0.405116137818 1.0
114.0 0.994814339683 1.0
164.0 0.271469356758 1.0
6.0 0.989581938704 1.0
102.0 1.02996868211 1.0
3.0 0.99373813732 1.0
28.0 0.908753408262 1.0
181.0 4.18256584212 1.0
16.0 1.00637391037 1.0
object 26	1.0:1.0
152.0 3.72839442147 1.0
146.0 1.90228138083 1.0
149.0 1.81784839794 1.0
126.0 0.98095887756 1.0
14.0 1.07167210168 1.0
112.0 0.986304834478 1.0
39.0 0.910302718298 1.0
53.0 0.985338783554 1.0
object 27	1.0:1.0
24.0 1.01617370531 1.0
131.0 1.03343475671 1.0
122.0 0.994078576661 1.0
101.0 1.00418548241 1.0
object 28	1.0:1.0
141.0 2.42873442829 1.0
160.0 1.43331652791 1.0
158.0 -2.96428174962 1.0
116.0 0.975524288784 1.0
23.0 1.06357916567 1.0
object 29	1.0:1.0
136.0 0.983097624621 1.0
168.0 0.0342770760065 1.0
86.0 0.998522908003 1.0
object 30	1.0:1.0
192.0 0.56239453305 1.0
137.0 0.965475589623 1.0
140.0 -1.50715062537 1.0
199.0 1.49429695006 1.0
156.0 -0.738059429285 1.0
174.0 4.37496892509 1.0
129.0 0.970952567 1.0
object 31	1.0:1.0
57.0 1.01187376166 1.0
60.0 0.965214991587 1.0
152.0 -3.45894839823 1.0
92.0 0.992815170407 1.0
object 32	1.0:1.0
145.0 -1.76662776263 1.0
185.0 -0.437126170414 1.0
64.0 0.983538095067 1.0
30.0 0.960721231796 1.0
object 33	1.0:1.0
109.0 1.01427504228 1.0
87.0 1.0070685851 1.0
193.0 1.50771008084 1.0
90.0 0.952769129812 1.0
73.0 0.99166075463 1.0
84.0 1.00103997405 1.0
object 34	1.0:1.0
22.0 0.9603786304 1.0
2.0 0.992282473113 1.0
44.0 1.00125848799 1.0
105.0 0.980376884428 1.0
object 35	1.0:1.0
81.0 1.03773654562 1.0
74.0 1.00622973302 1.0
95.0 0.95022755349 1.0
151.0 -1.79086794416 1.0
199.0 2.15400165376 1.0
134.0 0.919758454221 1.0
146.0 4.6624734921 1.0
195.0 4.03853121716 1.0
object 36	1.0:1.0
41.0 0.997689519332 1.0
163.0 2.56564742601 1.0
198.0 -1.66901050219 1.0
112.0 1.00148970575 1.0
162.0 4.69450074047 1.0
102.0 1.00009005148 1.0
180.0 -1.42160094546 1.0
109.0 0.94639987397 1.0
object 37	1.0:1.0
81.0 0.982439423102 1.0
80.0 1.00458173354 1.0
147.0 3.2607952412 1.0
150.0 1.41819128977 1.0
185.0 -3.69759688903 1.0
187.0 5.09733456172 1.0
33.0 0.991931788645 1.0
15.0 1.02163465772 1.0
object 38	1.0:1.0
120.0 1.00362986152 1.0
12.0 0.99173284523 1.0
93.0 1.02770875968 1.0
186.0 0.73745456647 1.0
91.0 0.984631304493 1.0
33.0 1.01353023933 1.0
64.0 1.01108860443 1.0
199.0 -0.651764522239 1.0
84.0 1.0229095543 1.0
object 39	1.0:1.0
173.0 -0.458231395705 1.0
143.0 0.54263810122 1.0
189.0 -0.284488085375 1.0
83.0 1.00544287403 1.0
object 40	1.0:1.0
53.0 1.01156620717 1.0
179.0 0.00155956943483 1.0
187.0 2.03570937876 1.0
57.0 1.00433448525 1.0
object 41	1.0:1.0
24.0 0.995627787555 1.0
69.0 0.985692204474 1.0
192.0 -11.0266804437 1.0
164.0 -0.488593157439 1.0
object 42	1.0:1.0
71.0 1.01672179011 1.0
153.0 -4.46958539359 1.0
125.0 0.976631422711 1.0
128.0 1.02389155371 1.0
61.0 1.01365037512 1.0
194.0 3.23950768979 1.0
object 43	1.0:1.0
56.0 1.06059848334 1.0
21.0 1.05250615013 1.0
132.0 0.984700077781 1.0
137.0 1.00053808121 1.0
53.0 0.997887690659 1.0
12.0 0.982489969504 1.0
object 44	1.0:1.0
63.0 1.01784834942 1.0
61.0 1.00009618448 1.0
44.0 1.11065138472 1.0
object 45	1.0:1.0
116.0 0.989548579814 1.0
190.0 -0.965601315098 1.0
64.0 1.06949548405 1.0
object 46	1.0:1.0
45.0 0.955913608687 1.0
175.0 2.25248347832 1.0
48.0 0.999548977342 1.0
119.0 0.982329531049 1.0
object 47	1.0:1.0
159.0 -1.66288564743 1.0
187.0 -0.874386943405 1.0
129.0 0.991980834509 1.0
143.0 2.99945156041 1.0
134.0 0.925811539924 1.0
8.0 0.985484576287 1.0
67.0 1.09613322242 1.0
object 48	1.0:1.0
96.0 0.979305915522 1.0
53.0 0.990957224565 1.0
165.0 -3.05013748369 1.0
93.0 0.994296208008 1.0
128.0 0.966508275373 1.0
object 49	1.0:1.0
136.0 1.04482293156 1.0
135.0 1.02768437752 1.0
19.0 0.99967755004 1.0
object 50	1.0:1.0
198.0 5.2253996081 1.0
78.0 0.94602659648 1.0
object 51	1.0:1.0
70.0 0.984719029076 1.0
132.0 1.03423097359 1.0
object 52	1.0:1.0
140.0 1.88881563218 1.0
15.0 0.98361428144 1.0
42.0 1.02880108448 1.0
137.0 0.962274259886 1.0
149.0 0.887766336476 1.0
47.0 0.957627225749 1.0
158.0 -0.862544093363 1.0
23.0 0.990337431973 1.0
136.0 1.01477641152 1.0
object 53	1.0:1.0
98.0 0.991420633127 1.0
72.0 1.07920594357 1.0
128.0 0.977475800253 1.0
1.0 1.01898117321 1.0
53.0 1.04793054495 1.0
194.0 8.3794063045 1.0
object 54	1.0:1.0
52.0 0.973406653664 1.0
128.0 0.989307381279 1.0
138.0 0.98280993985 1.0
54.0 0.95235293882 1.0
11.0 0.989032498215 1.0
object 55	1.0:1.0
119.0 0.997390625231 1.0
37.0 0.997288576358 1.0
59.0 0.999325223069 1.0
41.0 1.01767278895 1.0
184.0 0.793807434403 1.0
object 56	1.0:1.0
71.0 0.987502500523 1.0
109.0 1.04031673433 1.0
49.0 0.964234971929 1.0
59.0 1.04369894029 1.0
115.0 1.03208474922 1.0
10.0 0.958105206611 1.0
object 57	1.0:1.0
33.0 1.00973508578 1.0
110.0 1.0612197907 1.0
118.0 0.997183280343 1.0
116.0 0.996086107188 1.0
object 58	1.0:1.0
106.0 1.0159094016 1.0
19.0 1.01510159497 1.0
51.0 0.966906908484 1.0
124.0 0.940886031784 1.0
154.0 1.51130952053 1.0
object 59	1.0:1.0
7.0 1.00035299757 1.0
186.0 -0.125763185323 1.0
48.0 0.995818926583 1.0
object 60	1.0:1.0
10.0 1.00403042362 1.0
67.0 0.912104404629 1.0
148.0 1.41567642134 1.0
129.0 0.976707301914 1.0
55.0 1.05272277004 1.0
65.0 1.00404083838 1.0
89.0 0.995105943145 1.0
object 61	1.0:1.0
144.0 3.08313469779 1.0
124.0 0.985825022994 1.0
33.0 1.00095890118 1.0
77.0 0.980859941919 1.0
175.0 -0.0583120694359 1.0
object 62	1.0:1.0
159.0 5.13796596684 1.0
103.0 0.979132416075 1.0
object 63	1.0:1.0
157.0 1.07817850078 1.0
191.0 3.17313619183 1.0
151.0 -4.53789375041 1.0
103.0 1.05144301719 1.0
1.0 0.981800192628 1.0
167.0 2.01850748575 1.0
133.0 0.995954974244 1.0
52.0 1.01564553742 1.0
101.0 0.994211906198 1.0
object 64	1.0:1.0
125.0 1.0315445793 1.0
167.0 0.808485765645 1.0
33.0 0.999155279693 1.0
87.0 1.05000564024 1.0
24.0 1.00251938652 1.0
object 65	1.0:1.0
111.0 1.04074150167 1.0
105.0 1.00254081796 1.0
14.0 0.976670788438 1.0
object 66	1.0:1.0
151.0 -5.82108726053 1.0
64.0 1.05321348926 1.0
37.0 0.996709369685 1.0
169.0 0.0357076472472 1.0
199.0 -2.25164247723 1.0
131.0 1.0253625429 1.0
object 67	1.0:1.0
98.0 1.02055888639 1.0
147.0 1.77153069608 1.0
170.0 1.38745381256 1.0
91.0 1.00109994227 1.0
74.0 1.00482709823 1.0
137.0 1.02201045121 1.0
69.0 0.996818955072 1.0
object 68	1.0:1.0
167.0 0.262658551025 1.0
136.0 1.02837295509 1.0
133.0 1.03307218053 1.0
138.0 1.02233086844 1.0
object 69	1.0:1.0
116.0 1.01885370343 1.0
162.0 1.23926929081 1.0
122.0 1.03858789234 1.0
13.0 0.999530225139 1.0
114.0 0.992407877844 1.0
object 70	1.0:1.0
149.0 0.92251883438 1.0
66.0 0.998303160957 1.0
72.0 0.991258732183 1.0
object 71	1.0:1.0
36.0 1.00087147188 1.0
120.0 1.0085638995 1.0
1.0 0.930348628295 1.0
139.0 0.965911683177 1.0
119.0 1.03251917474 1.0
object 72	1.0:1.0
23.0 0.968490788862 1.0
149.0 3.44751368848 1.0
84.0 0.986273017984 1.0
151.0 -0.798335033667 1.0
177.0 -4.07536932151 1.0
120.0 0.958747280899 1.0
66.0 1.03490217799 1.0
object 73	1.0:1.0
55.0 0.995472514085 1.0
29.0 0.998033034844 1.0
177.0 8.09916717187 1.0
121.0 1.01448271817 1.0
object 74	1.0:1.0
86.0 0.961872205118 1.0
57.0 1.00219556555 1.0
115.0 0.953639379085 1.0
68.0 0.973152084761 1.0
7.0 1.01244008481 1.0
173.0 -0.321046750609 1.0
object 75	1.0:1.0
134.0 0.963781125406 1.0
17.0 0.982433675779 1.0
184.0 2.58651877918 1.0
object 76	1.0:1.0
24.0 1.00098337055 1.0
85.0 1.02868008682 1.0
15.0 0.983234932257 1.0
object 77	1.0:1.0
32.0 1.00254978901 1.0
157.0 -0.186871488796 1.0
94.0 0.998001721244 1.0
124.0 1.01623470626 1.0
135.0 0.970927906194 1.0
159.0 -1.25505696642 1.0
133.0 0.952486702198 1.0
181.0 0.520321137238 1.0
48.0 1.01165952772 1.0
object 78	1.0:1.0
3.0 0.97716784793 1.0
85.0 0.977960285318 1.0
object 79	1.0:1.0
66.0 0.980037118165 1.0
169.0 1.23190054032 1.0
object 80	1.0:1.0
114.0 0.956596643781 1.0
94.0 1.00534156315 1.0
117.0 1.02345775865 1.0
152.0 0.868379575703 1.0
15.0 0.997533889598 1.0
193.0 0.943137503174 1.0
object 81	1.0:1.0
176.0 3.07932370196 1.0
38.0 1.00151587208 1.0
22.0 1.0351273332 1.0
148.0 1.0912744179 1.0
177.0 -13.3504757277 1.0
25.0 0.996292067708 1.0
141.0 2.73151371178 1.0
object 82	1.0:1.0
199.0 2.8576971344 1.0
163.0 -0.498761389593 1.0
141.0 -2.00482184876 1.0
153.0 -6.43067215062 1.0
77.0 0.933771893054 1.0
143.0 3.72446382482 1.0
180.0 5.10667752175 1.0
134.0 1.00883371355 1.0
object 83	1.0:1.0
115.0 0.96240754272 1.0
62.0 1.01704464296 1.0
67.0 0.97106978757 1.0
192.0 3.69152004371 1.0
31.0 0.955747393924 1.0
14.0 1.02751547678 1.0
object 84	1.0:1.0
84.0 0.998152193183 1.0
89.0 1.00964854833 1.0
79.0 0.915639629137 1.0
123.0 1.01556877171 1.0
152.0 3.58245956383 1.0
object 85	1.0:1.0
17.0 1.0205767269 1.0
88.0 0.984963855106 1.0
53.0 0.981718438694 1.0
193.0 -0.696023230559 1.0
78.0 1.01494393808 1.0
23.0 0.99039064784 1.0
12.0 1.0249767907 1.0
38.0 0.997869603661 1.0
48.0 0.995531906661 1.0
1.0 0.925351665413 1.0
object 86	1.0:1.0
98.0 0.996822511945 1.0
54.0 0.961185292734 1.0
42.0 0.99739719013 1.0
155.0 2.12103615576 1.0
152.0 -1.35800268538 1.0
object 87	1.0:1.0
65.0 0.996480092384 1.0
77.0 0.993309986476 1.0
55.0 0.998920375848 1.0
10.0 1.09408878227 1.0
74.0 1.00449583339 1.0
24.0 1.0554764161 1.0
18.0 0.977057623074 1.0
134.0 1.02709025353 1.0
object 88	1.0:1.0
190.0 -0.937548444589 1.0
90.0 1.05605150577 1.0
171.0 3.29503962972 1.0
109.0 0.999217447764 1.0
5.0 0.972054000792 1.0
29.0 1.02188341798 1.0
75.0 1.01700095883 1.0
161.0 2.98305237258 1.0
174.0 0.478916330783 1.0
32.0 0.999338365419 1.0
object 89	1.0:1.0
72.0 1.00987176487 1.0
50.0 0.994800233086 1.0
135.0 1.0125706529 1.0
165.0 1.05143022648 1.0
55.0 1.03587556664 1.0
57.0 1.00599239679 1.0
108.0 0.980946633467 1.0
101.0 1.01150607223 1.0
object 90	1.0:1.0
18.0 0.960528533032 1.0
29.0 0.968655274932 1.0
187.0 -1.02664873941 1.0
46.0 1.01988506395 1.0
88.0 1.01238493651 1.0
134.0 0.973020368432 1.0
object 91	1.0:1.0
80.0 0.993702073397 1.0
23.0 0.9965776522 1.0
31.0 0.999909429606 1.0
15.0 0.968641143039 1.0
12.0 1.02081626071 1.0
object 92	1.0:1.0
148.0 3.10313694939 1.0
84.0 0.99112222103 1.0
9.0 1.01254746505 1.0
119.0 0.975685115582 1.0
152.0 0.422450748442 1.0
20.0 0.997886159371 1.0
object 93	1.0:1.0
167.0 4.52302705292 1.0
119.0 0.996363007038 1.0
50.0 1.01947693714 1.0
84.0 1.01622679252 1.0
51.0 1.01781288156 1.0
object 94	1.0:1.0
127.0 0.95723546335 1.0
53.0 1.00621054972 1.0
134.0 0.965961629624 1.0
22.0 1.02028728398 1.0
70.0 0.983113308587 1.0
67.0 1.01061943889 1.0
1.0 0.997930966939 1.0
object 95	1.0:1.0
7.0 0.982896308748 1.0
35.0 0.970820979156 1.0
64.0 1.03984560019 1.0
44.0 1.04006896222 1.0
138.0 0.907442257602 1.0
6.0 1.01678574264 1.0
object 96	1.0:1.0
18.0 0.961721515027 1.0
12.0 0.997770348935 1.0
169.0 2.60208410924 1.0
149.0 0.120882491133 1.0
141.0 0.45466140783 1.0
91.0 0.986162309654 1.0
196.0 1.56055117962 1.0
object 97	1.0:1.0
199.0 1.02493660412 1.0
75.0 1.05091611847 1.0
20.0 0.996207177716 1.0
172.0 1.14997058526 1.0
object 98	1.0:1.0
73.0 0.984641902608 1.0
42.0 0.991047952495 1.0
144.0 1.94128231026 1.0
142.0 2.15914830471 1.0
object 99	1.0:1.0
178.0 0.0854761304556 1.0
15.0 1.01036636599 1.0
