object 0	1.0:1.0
90.0 1.03617216307 1.0
176.0 3.3704182518 1.0
33.0 1.04847728067 1.0
46.0 0.997473204618 1.0
2.0 0.980150283645 1.0
object 1	1.0:1.0
82.0 0.931396146452 1.0
168.0 -0.0919547146872 1.0
101.0 1.01369096635 1.0
188.0 0.0756324433906 1.0
155.0 3.3901198367 1.0
103.0 1.00929090375 1.0
107.0 0.945118669644 1.0
object 2	1.0:1.0
136.0 0.974480486304 1.0
159.0 2.27639674282 1.0
60.0 0.975743452574 1.0
91.0 1.0230194603 1.0
164.0 -0.0239504884474 1.0
44.0 1.02420629237 1.0
197.0 7.7760073492 1.0
107.0 0.961810302098 1.0
36.0 1.00791204467 1.0
14.0 1.03452830996 1.0
object 3	1.0:1.0
90.0 0.980920859376 1.0
191.0 6.79696979097 1.0
18.0 1.01708342182 1.0
151.0 2.5458346276 1.0
113.0 0.955784008333 1.0
28.0 1.09063448762 1.0
121.0 0.993476321148 1.0
object 4	1.0:1.0
65.0 0.926823338603 1.0
0.0 1.00543348469 1.0
111.0 1.04694629301 1.0
object 5	1.0:1.0
52.0 1.00079442006 1.0
72.0 0.934663403154 1.0
69.0 0.9790614371 1.0
164.0 3.5763608256 1.0
116.0 1.03662209155 1.0
object 6	1.0:1.0
195.0 0.235776771125 1.0
87.0 1.01626249075 1.0
178.0 5.12211743014 1.0
134.0 0.990150042566 1.0
189.0 4.8922998029 1.0
object 7	1.0:1.0
190.0 -0.796495610701 1.0
162.0 3.02753080928 1.0
125.0 0.984118282314 1.0
43.0 0.983330520812 1.0
132.0 0.998208310056 1.0
111.0 0.998597460774 1.0
50.0 1.03248451031 1.0
14.0 0.965251395687 1.0
114.0 0.98341117901 1.0
object 8	1.0:1.0
192.0 0.928790771078 1.0
155.0 4.73600664733 1.0
131.0 1.00255573794 1.0
22.0 0.968105419497 1.0
165.0 2.02861448657 1.0
152.0 -2.71520877953 1.0
object 9	1.0:1.0
29.0 1.02346579844 1.0
54.0 0.99519882752 1.0
57.0 1.05288817842 1.0
28.0 0.934281724731 1.0
182.0 8.48097774134 1.0
156.0 0.275584782794 1.0
23.0 1.00672133806 1.0
179.0 -2.52412533124 1.0
object 10	1.0:1.0
178.0 -1.37043882552 1.0
179.0 3.46655350387 1.0
65.0 0.985663258433 1.0
130.0 1.03181435661 1.0
150.0 0.311678713385 1.0
57.0 0.991253613576 1.0
58.0 0.967637045978 1.0
object 11	1.0:1.0
18.0 1.0190934614 1.0
170.0 0.250761354765 1.0
101.0 0.965316390471 1.0
149.0 -3.25678545985 1.0
46.0 1.01330861478 1.0
object 12	1.0:1.0
6.0 0.993358391159 1.0
178.0 1.33275904869 1.0
88.0 0.98055852399 1.0
144.0 2.66065881184 1.0
object 13	1.0:1.0
56.0 1.01851903858 1.0
107.0 0.971548951235 1.0
95.0 1.00005796171 1.0
192.0 -1.19257304148 1.0
79.0 1.01673736702 1.0
149.0 2.00859182226 1.0
76.0 0.970566709747 1.0
73.0 1.00246902073 1.0
30.0 0.940723224867 1.0
103.0 0.971984111704 1.0
object 14	1.0:1.0
24.0 1.03748654457 1.0
115.0 1.01147700316 1.0
100.0 0.977719170807 1.0
44.0 1.01086988884 1.0
199.0 -0.937836736111 1.0
77.0 0.994549991313 1.0
object 15	1.0:1.0
8.0 0.983326356699 1.0
181.0 5.80091617533 1.0
168.0 1.67719791933 1.0
97.0 0.976359445733 1.0
object 16	1.0:1.0
145.0 2.90047311737 1.0
165.0 1.65162168149 1.0
89.0 1.02424468268 1.0
78.0 1.02520626024 1.0
32.0 0.994835153832 1.0
148.0 3.37462407264 1.0
125.0 1.01787194821 1.0
72.0 1.01742075001 1.0
object 17	1.0:1.0
148.0 1.57718677591 1.0
143.0 1.62621442451 1.0
40.0 0.956348218682 1.0
177.0 0.149026956054 1.0
132.0 0.953801192948 1.0
186.0 3.96344050744 1.0
120.0 1.01656714591 1.0
10.0 0.941799658663 1.0
32.0 0.929911136281 1.0
90.0 0.990820195533 1.0
128.0 0.980898799006 1.0
108.0 0.997677371942 1.0
191.0 -1.00066820187 1.0
6.0 0.998439879735 1.0
83.0 0.980352421058 1.0
object 18	1.0:1.0
187.0 2.44970095341 1.0
98.0 1.02156280852 1.0
44.0 1.03364448782 1.0
152.0 2.10066514019 1.0
181.0 0.243366751684 1.0
103.0 0.904383179436 1.0
96.0 0.941995747618 1.0
object 19	1.0:1.0
156.0 0.235629431726 1.0
125.0 0.985531406136 1.0
52.0 1.00990067633 1.0
171.0 4.20409501926 1.0
183.0 -0.238645982817 1.0
100.0 1.0050911986 1.0
43.0 1.01554096168 1.0
121.0 1.01133088795 1.0
object 20	1.0:1.0
10.0 1.03917638156 1.0
60.0 1.01686068783 1.0
100.0 1.01087332526 1.0
object 21	1.0:1.0
97.0 1.04881819665 1.0
128.0 0.988386979847 1.0
113.0 1.02092903448 1.0
13.0 0.987098487905 1.0
191.0 -2.42696327655 1.0
79.0 1.01968880042 1.0
194.0 1.56900584257 1.0
121.0 1.00777278467 1.0
112.0 1.00787820463 1.0
198.0 7.90669699089 1.0
30.0 0.956973774722 1.0
object 22	1.0:1.0
19.0 0.999526167382 1.0
36.0 0.979247667857 1.0
183.0 -0.14867423707 1.0
76.0 1.00401247118 1.0
80.0 0.994061334457 1.0
object 23	1.0:1.0
28.0 0.967650334649 1.0
190.0 -1.7780464128 1.0
164.0 2.93303071079 1.0
5.0 0.998766885482 1.0
136.0 1.00498557446 1.0
55.0 0.975230026568 1.0
134.0 1.01519796053 1.0
4.0 0.99100373582 1.0
178.0 -0.411722160806 1.0
91.0 1.06140719632 1.0
object 24	1.0:1.0
20.0 1.04180782543 1.0
53.0 0.968987980745 1.0
28.0 0.984092344437 1.0
87.0 1.05881553812 1.0
76.0 1.01242823146 1.0
10.0 0.93996345331 1.0
4.0 0.999481167796 1.0
94.0 1.0205169028 1.0
30.0 1.03554905508 1.0
object 25	1.0:1.0
110.0 0.987333643309 1.0
145.0 3.66231943178 1.0
162.0 -0.651584245553 1.0
187.0 1.87865052744 1.0
15.0 1.03513963092 1.0
120.0 0.968261497972 1.0
78.0 1.04219921386 1.0
133.0 1.02081282734 1.0
object 26	1.0:1.0
88.0 0.936501797111 1.0
8.0 1.00388233675 1.0
4.0 1.0055957426 1.0
175.0 0.406345007576 1.0
object 27	1.0:1.0
51.0 1.01577750846 1.0
14.0 0.989739983984 1.0
object 28	1.0:1.0
128.0 0.993017811505 1.0
114.0 0.992173036137 1.0
195.0 0.237992631608 1.0
51.0 0.999917941473 1.0
107.0 0.99689697869 1.0
object 29	1.0:1.0
158.0 -2.39998049006 1.0
21.0 0.956996596143 1.0
123.0 0.985442449942 1.0
73.0 0.989542384617 1.0
168.0 1.61143656313 1.0
object 30	1.0:1.0
193.0 -0.397548030611 1.0
167.0 0.898478937034 1.0
79.0 0.996407298758 1.0
38.0 0.99862792265 1.0
42.0 0.985797424489 1.0
130.0 1.06327201781 1.0
52.0 1.00352138169 1.0
82.0 1.02181971246 1.0
121.0 1.01497826634 1.0
53.0 0.98481135009 1.0
194.0 2.20120596344 1.0
object 31	1.0:1.0
123.0 0.936971128935 1.0
187.0 0.336806100615 1.0
141.0 -5.10623813876 1.0
72.0 0.936252631294 1.0
object 32	1.0:1.0
120.0 0.989576906254 1.0
125.0 1.01791970233 1.0
45.0 1.00922828766 1.0
13.0 1.00270908743 1.0
138.0 0.98801073088 1.0
33.0 1.01132715891 1.0
86.0 1.02575360589 1.0
109.0 0.983262062855 1.0
124.0 1.01321194155 1.0
63.0 1.04578680235 1.0
object 33	1.0:1.0
18.0 0.954788661051 1.0
36.0 1.01424922684 1.0
135.0 1.01289319135 1.0
55.0 0.962036643721 1.0
31.0 1.01646686186 1.0
26.0 0.976631867453 1.0
object 34	1.0:1.0
41.0 1.00137554484 1.0
38.0 0.983087614433 1.0
71.0 0.983038124975 1.0
95.0 1.01197338561 1.0
141.0 2.07354212016 1.0
object 35	1.0:1.0
61.0 1.0148585015 1.0
120.0 1.0072000102 1.0
40.0 1.06844772002 1.0
42.0 0.997464455848 1.0
163.0 1.28545865789 1.0
92.0 0.997631596267 1.0
166.0 3.1630902461 1.0
137.0 1.00084419548 1.0
object 36	1.0:1.0
73.0 0.99006365622 1.0
47.0 1.01983198784 1.0
71.0 0.953646589715 1.0
198.0 1.51997049742 1.0
75.0 1.03902125036 1.0
54.0 1.01630003782 1.0
object 37	1.0:1.0
89.0 1.04021064347 1.0
100.0 1.00509035715 1.0
198.0 -1.68796135674 1.0
132.0 0.986436804477 1.0
38.0 1.00679856109 1.0
107.0 1.03651959178 1.0
67.0 0.998951231254 1.0
73.0 1.01198527197 1.0
193.0 4.93498083772 1.0
183.0 -0.753813256255 1.0
14.0 0.966913653296 1.0
123.0 0.991293675541 1.0
157.0 -0.766292327493 1.0
object 38	1.0:1.0
76.0 1.02598116635 1.0
9.0 0.976620503601 1.0
46.0 0.992897163469 1.0
57.0 1.01850606572 1.0
181.0 -1.20020233336 1.0
68.0 0.976126720633 1.0
object 39	1.0:1.0
177.0 -0.66211942516 1.0
26.0 0.990431058093 1.0
30.0 1.00025537468 1.0
29.0 1.08247633976 1.0
5.0 1.0392300763 1.0
103.0 1.01990688001 1.0
143.0 1.84677002413 1.0
7.0 1.000301426 1.0
120.0 1.01442929291 1.0
186.0 2.40316340191 1.0
object 40	1.0:1.0
101.0 1.01193991502 1.0
177.0 1.90613173968 1.0
18.0 1.0083374254 1.0
90.0 1.01182225893 1.0
197.0 7.2390392463 1.0
148.0 1.85396028566 1.0
96.0 0.990451519378 1.0
object 41	1.0:1.0
80.0 1.04958827563 1.0
42.0 1.01607594972 1.0
127.0 1.0472141903 1.0
object 42	1.0:1.0
96.0 0.935284044717 1.0
46.0 1.00452558467 1.0
115.0 1.01179897476 1.0
object 43	1.0:1.0
47.0 0.948064453769 1.0
18.0 1.00903116025 1.0
166.0 2.66197871811 1.0
10.0 0.997752512475 1.0
82.0 0.992940546307 1.0
194.0 0.597362877456 1.0
158.0 2.76592017739 1.0
object 44	1.0:1.0
52.0 1.01801088109 1.0
53.0 0.989863220252 1.0
170.0 2.0589578097 1.0
145.0 1.61571747055 1.0
7.0 0.983978498526 1.0
174.0 6.45143397834 1.0
13.0 0.983047597526 1.0
32.0 1.03951985603 1.0
187.0 3.79410156262 1.0
object 45	1.0:1.0
189.0 1.35893712045 1.0
127.0 0.950420040934 1.0
81.0 1.01969830553 1.0
object 46	1.0:1.0
38.0 1.01127785767 1.0
154.0 -0.129706270718 1.0
152.0 3.900829917 1.0
148.0 3.48786889786 1.0
121.0 1.00635098738 1.0
91.0 1.02036101207 1.0
object 47	1.0:1.0
119.0 0.961938661644 1.0
174.0 -2.24198823131 1.0
121.0 0.99168899894 1.0
189.0 -0.365209467384 1.0
34.0 1.04896042817 1.0
93.0 1.04659473347 1.0
56.0 1.00908705528 1.0
152.0 -2.7124679605 1.0
190.0 2.80086295481 1.0
98.0 0.958898970479 1.0
object 48	1.0:1.0
54.0 0.974220988609 1.0
40.0 0.958381639919 1.0
3.0 0.980580609792 1.0
177.0 2.73426592793 1.0
187.0 2.1963364114 1.0
object 49	1.0:1.0
92.0 0.993220272938 1.0
11.0 1.04844559651 1.0
78.0 1.00561989472 1.0
67.0 0.966997495042 1.0
114.0 1.01276272526 1.0
122.0 0.961900290054 1.0
25.0 0.950977019506 1.0
9.0 1.0330229627 1.0
97.0 1.0095603892 1.0
162.0 -0.379592488505 1.0
118.0 1.04655853422 1.0
object 50	1.0:1.0
50.0 0.965478822014 1.0
111.0 1.00292497296 1.0
9.0 1.00158207863 1.0
188.0 2.2312127043 1.0
60.0 1.09265512097 1.0
17.0 1.01695821782 1.0
object 51	1.0:1.0
196.0 0.783366348961 1.0
130.0 1.08116769534 1.0
117.0 0.996898120204 1.0
61.0 1.02670348173 1.0
72.0 1.01331922033 1.0
84.0 1.01765570012 1.0
43.0 0.995518499778 1.0
143.0 3.36016693735 1.0
object 52	1.0:1.0
74.0 1.06636103074 1.0
57.0 1.00668647887 1.0
67.0 1.00972021473 1.0
36.0 1.00645261111 1.0
5.0 1.03523431117 1.0
114.0 1.01228517681 1.0
152.0 7.94176841745 1.0
object 53	1.0:1.0
144.0 0.896992087337 1.0
146.0 1.42726694297 1.0
154.0 1.10175756465 1.0
66.0 0.992303494214 1.0
object 54	1.0:1.0
43.0 0.996952575927 1.0
60.0 1.07539515159 1.0
145.0 0.494442955659 1.0
49.0 0.970299354998 1.0
151.0 4.18933211319 1.0
157.0 0.854534302324 1.0
object 55	1.0:1.0
34.0 1.01583693317 1.0
182.0 0.000745718748406 1.0
160.0 1.19484285021 1.0
124.0 0.987467680174 1.0
56.0 0.973139651312 1.0
35.0 0.935264901839 1.0
object 56	1.0:1.0
142.0 1.35599158101 1.0
49.0 0.974714910337 1.0
111.0 1.01975859608 1.0
70.0 1.05447152874 1.0
34.0 1.021983302 1.0
73.0 1.00224091172 1.0
object 57	1.0:1.0
194.0 -0.256530741594 1.0
26.0 1.08644712949 1.0
object 58	1.0:1.0
4.0 0.969951519965 1.0
158.0 1.0721778693 1.0
134.0 0.939467889979 1.0
40.0 0.972955522186 1.0
61.0 0.969194202991 1.0
59.0 1.027095989 1.0
142.0 -2.16398899598 1.0
object 59	1.0:1.0
59.0 0.999375755037 1.0
45.0 0.979805761085 1.0
8.0 1.02278553403 1.0
172.0 0.332079667452 1.0
74.0 1.01063627632 1.0
188.0 2.38188959978 1.0
129.0 0.993610542062 1.0
9.0 1.00858587124 1.0
153.0 9.53137146346 1.0
object 60	1.0:1.0
51.0 0.979603343582 1.0
136.0 0.987909103544 1.0
159.0 -1.27597840332 1.0
199.0 3.26424287361 1.0
17.0 1.12227651972 1.0
object 61	1.0:1.0
84.0 1.05174916489 1.0
1.0 1.00020841194 1.0
34.0 1.03622726034 1.0
134.0 0.953166797786 1.0
158.0 -1.69855414715 1.0
93.0 0.94040864824 1.0
object 62	1.0:1.0
97.0 1.00320593711 1.0
172.0 5.08987483995 1.0
32.0 0.966332051963 1.0
object 63	1.0:1.0
189.0 -0.556272215616 1.0
89.0 0.975597609558 1.0
172.0 0.445291988729 1.0
18.0 1.02491963306 1.0
152.0 -7.67004816653 1.0
150.0 1.20943631877 1.0
object 64	1.0:1.0
128.0 1.05163502378 1.0
123.0 1.01920144108 1.0
52.0 1.01894074889 1.0
11.0 0.926467850168 1.0
107.0 1.04292586375 1.0
object 65	1.0:1.0
39.0 1.00080260675 1.0
0.0 0.993924606326 1.0
158.0 2.56934692799 1.0
30.0 0.999489123249 1.0
113.0 0.994986051628 1.0
107.0 0.995093352222 1.0
135.0 0.984213855311 1.0
108.0 1.00267141641 1.0
73.0 1.02149812129 1.0
140.0 -0.738087137625 1.0
93.0 1.0518637374 1.0
35.0 0.993110306515 1.0
90.0 1.0069130412 1.0
194.0 1.23417195865 1.0
50.0 1.00283016788 1.0
object 66	1.0:1.0
143.0 -1.09973260334 1.0
129.0 1.01339130504 1.0
object 67	1.0:1.0
125.0 0.989915073814 1.0
87.0 0.904249233877 1.0
123.0 1.05184648797 1.0
29.0 1.00309577966 1.0
105.0 0.906118247837 1.0
130.0 1.02600816414 1.0
143.0 1.23028905564 1.0
object 68	1.0:1.0
11.0 1.00651185112 1.0
116.0 1.03201138035 1.0
163.0 1.04649971881 1.0
169.0 2.35302265266 1.0
4.0 0.993513556281 1.0
object 69	1.0:1.0
67.0 1.005932918 1.0
121.0 0.999342550612 1.0
57.0 1.05171238497 1.0
147.0 4.81422371184 1.0
33.0 1.00777251527 1.0
85.0 0.995399152287 1.0
160.0 -1.69850704919 1.0
157.0 0.986974624815 1.0
108.0 1.01623811887 1.0
51.0 0.988916482944 1.0
object 70	1.0:1.0
97.0 1.00119048532 1.0
44.0 1.02840511535 1.0
124.0 0.997603858874 1.0
161.0 -1.61143829479 1.0
148.0 1.93819832445 1.0
92.0 0.97892166557 1.0
180.0 1.8380802976 1.0
108.0 1.01574093003 1.0
101.0 1.027517413 1.0
object 71	1.0:1.0
185.0 -5.02996405813 1.0
192.0 0.484767817963 1.0
89.0 1.07603136101 1.0
128.0 1.03572563804 1.0
148.0 2.36005253907 1.0
105.0 1.01078297192 1.0
108.0 1.00977889037 1.0
object 72	1.0:1.0
23.0 0.990964291446 1.0
152.0 -4.12415096296 1.0
71.0 0.966061308562 1.0
19.0 0.998180456298 1.0
180.0 1.0300274398 1.0
7.0 1.01074718635 1.0
4.0 1.02166937108 1.0
149.0 0.339681183029 1.0
object 73	1.0:1.0
43.0 0.929590986815 1.0
44.0 0.984953802731 1.0
30.0 1.02553276672 1.0
49.0 0.986828705186 1.0
70.0 1.02456758459 1.0
17.0 1.087808636 1.0
144.0 2.36825684859 1.0
142.0 -0.851756753765 1.0
178.0 5.32113469851 1.0
120.0 0.996571892248 1.0
24.0 1.00863062211 1.0
46.0 1.00953308013 1.0
64.0 1.04457020571 1.0
11.0 1.06410921529 1.0
object 74	1.0:1.0
106.0 1.0247354523 1.0
58.0 0.990407575979 1.0
24.0 0.917654604603 1.0
142.0 5.70605993842 1.0
34.0 1.01220941187 1.0
object 75	1.0:1.0
66.0 1.00333416613 1.0
150.0 3.49421681757 1.0
164.0 7.86696798429 1.0
12.0 0.998720658694 1.0
165.0 3.12634034371 1.0
51.0 0.991321816608 1.0
object 76	1.0:1.0
162.0 -2.06162927199 1.0
13.0 0.949900116666 1.0
118.0 1.01186066177 1.0
172.0 3.09225916929 1.0
122.0 1.01191170741 1.0
152.0 6.71042605536 1.0
115.0 0.958927904377 1.0
146.0 1.85240863826 1.0
object 77	1.0:1.0
99.0 0.98796760041 1.0
128.0 0.971688082078 1.0
31.0 1.02127298286 1.0
62.0 0.957018253951 1.0
114.0 1.01682218057 1.0
23.0 1.00393290954 1.0
92.0 1.01378287523 1.0
77.0 0.991999872673 1.0
140.0 1.13041779138 1.0
object 78	1.0:1.0
89.0 1.04827343907 1.0
28.0 0.983382583411 1.0
129.0 0.977998533416 1.0
197.0 -4.62712145249 1.0
object 79	1.0:1.0
123.0 0.951446426145 1.0
135.0 0.979458102348 1.0
125.0 0.981584346159 1.0
157.0 -5.35224430145 1.0
102.0 0.999980409046 1.0
object 80	1.0:1.0
159.0 6.13765037234 1.0
135.0 1.02826175304 1.0
167.0 2.7285392746 1.0
160.0 2.44508951973 1.0
48.0 1.04386286806 1.0
45.0 1.00329902636 1.0
object 81	1.0:1.0
105.0 1.00253320747 1.0
29.0 1.01463035135 1.0
143.0 0.0087580006702 1.0
5.0 0.985745346677 1.0
165.0 1.24147518167 1.0
11.0 1.05763994238 1.0
41.0 0.957819759656 1.0
object 82	1.0:1.0
153.0 0.810370600914 1.0
198.0 0.911605167294 1.0
181.0 -0.492794593617 1.0
175.0 -0.512060498759 1.0
86.0 0.97642110352 1.0
115.0 1.00513692552 1.0
80.0 1.0216494397 1.0
13.0 1.00364198884 1.0
111.0 1.00341145603 1.0
83.0 0.955001822761 1.0
141.0 -0.845978601764 1.0
object 83	1.0:1.0
141.0 -0.156484027051 1.0
158.0 2.21798509911 1.0
132.0 0.993246956748 1.0
0.0 0.995907551985 1.0
187.0 -1.81018760241 1.0
179.0 1.24603107851 1.0
11.0 1.01617334039 1.0
153.0 -2.94294819255 1.0
154.0 4.75019514308 1.0
156.0 6.6236160397 1.0
object 84	1.0:1.0
63.0 0.970530001563 1.0
137.0 0.980910441449 1.0
149.0 -0.380078803245 1.0
115.0 0.970786993198 1.0
104.0 0.980630233589 1.0
16.0 0.989324368512 1.0
144.0 0.802530384879 1.0
object 85	1.0:1.0
78.0 1.05906810881 1.0
18.0 0.996967841007 1.0
45.0 1.00992484235 1.0
39.0 0.983385283341 1.0
19.0 1.05631670393 1.0
object 86	1.0:1.0
13.0 0.971786135551 1.0
172.0 -4.10004202056 1.0
19.0 0.963998620933 1.0
92.0 1.01244158691 1.0
104.0 0.978724462178 1.0
50.0 0.986251759964 1.0
28.0 0.947608516759 1.0
16.0 0.99686799247 1.0
37.0 0.99772685491 1.0
object 87	1.0:1.0
45.0 1.05263033585 1.0
167.0 -0.108416353099 1.0
141.0 10.9521833423 1.0
53.0 0.953186170481 1.0
192.0 2.28574141339 1.0
77.0 0.943113744002 1.0
143.0 2.24386548773 1.0
29.0 0.983498931285 1.0
74.0 1.04521584754 1.0
94.0 1.00847805345 1.0
object 88	1.0:1.0
11.0 1.0364919176 1.0
74.0 1.00132241921 1.0
9.0 1.01922292315 1.0
198.0 3.42215343671 1.0
110.0 1.00393083714 1.0
153.0 -1.51602050265 1.0
object 89	1.0:1.0
163.0 -0.856164488319 1.0
123.0 0.937367654062 1.0
38.0 0.986226697806 1.0
13.0 0.967796863495 1.0
14.0 1.01100053856 1.0
114.0 0.990669136139 1.0
object 90	1.0:1.0
29.0 1.03495212805 1.0
12.0 1.01060193638 1.0
74.0 0.984107030964 1.0
20.0 1.0792084501 1.0
6.0 1.00536393914 1.0
167.0 -0.0825478334655 1.0
object 91	1.0:1.0
160.0 -0.64291791062 1.0
37.0 0.996319693284 1.0
142.0 -0.359466373188 1.0
104.0 1.0114574888 1.0
51.0 0.991070748037 1.0
38.0 0.986991939618 1.0
41.0 0.933004695603 1.0
66.0 1.00308305241 1.0
object 92	1.0:1.0
58.0 0.972865914392 1.0
69.0 0.969585008186 1.0
155.0 -0.495449702333 1.0
120.0 0.979072922406 1.0
object 93	1.0:1.0
12.0 0.960676841671 1.0
157.0 -3.06086052938 1.0
58.0 1.00464465869 1.0
108.0 1.00244411323 1.0
41.0 0.961085694553 1.0
87.0 1.02369277451 1.0
176.0 3.70972669091 1.0
160.0 1.80947759018 1.0
19.0 0.987626923137 1.0
object 94	1.0:1.0
141.0 -4.72335792096 1.0
193.0 -2.19461795481 1.0
35.0 0.914146583028 1.0
69.0 1.02877531612 1.0
187.0 1.95037144817 1.0
99.0 1.00768723687 1.0
191.0 6.04790219497 1.0
155.0 0.606964958549 1.0
73.0 1.03431311449 1.0
7.0 1.01572473152 1.0
object 95	1.0:1.0
12.0 0.998747207362 1.0
45.0 1.0187262509 1.0
171.0 1.69230856764 1.0
object 96	1.0:1.0
70.0 0.942610187398 1.0
101.0 1.02667922501 1.0
0.0 1.010435406 1.0
34.0 1.04526307148 1.0
49.0 1.01789525531 1.0
141.0 7.1956994315 1.0
object 97	1.0:1.0
55.0 1.01746493337 1.0
140.0 1.6143345475 1.0
102.0 0.988357518415 1.0
73.0 1.01789773382 1.0
180.0 1.03608540198 1.0
45.0 1.0058286852 1.0
134.0 0.986384766572 1.0
object 98	1.0:1.0
130.0 0.964854803117 1.0
4.0 0.998769419733 1.0
8.0 0.979008748408 1.0
134.0 0.986496605312 1.0
132.0 0.996138972004 1.0
106.0 0.975571888763 1.0
95.0 1.00182771283 1.0
133.0 0.989064554003 1.0
object 99	1.0:1.0
99.0 1.0274334258 1.0
114.0 0.983809233234 1.0
39.0 0.981653729568 1.0
177.0 1.68066947376 1.0
162.0 6.3957214669 1.0
128.0 1.01615117561 1.0
179.0 3.10604420108 1.0
40.0 1.02300744135 1.0
150.0 0.503480053321 1.0
132.0 0.998002663554 1.0
