object 0	1.0:1.0
24.0 1.02197541088 1.0
56.0 1.01712125909 1.0
72.0 0.988499384754 1.0
68.0 1.01623353714 1.0
119.0 0.990717426347 1.0
159.0 -3.00424044153 1.0
96.0 1.02893403707 1.0
50.0 0.97276603587 1.0
94.0 0.997492186882 1.0
78.0 0.992601774701 1.0
128.0 0.998965346046 1.0
125.0 1.01219134399 1.0
172.0 3.75439946339 1.0
33.0 0.985669693391 1.0
130.0 1.00630642042 1.0
190.0 2.15485986421 1.0
183.0 -0.867669231132 1.0
136.0 0.960316385014 1.0
169.0 1.22644506147 1.0
2.0 0.994179305644 1.0
47.0 1.0269738205 1.0
90.0 0.990083193083 1.0
64.0 0.993191154768 1.0
123.0 0.974569846042 1.0
60.0 0.94904234206 1.0
44.0 1.06827203851 1.0
object 1	1.0:1.0
160.0 3.58659550215 1.0
60.0 0.95613950773 1.0
74.0 1.02309723946 1.0
166.0 1.77544813 1.0
43.0 1.00035415797 1.0
103.0 0.975361076735 1.0
194.0 0.607233881188 1.0
44.0 1.03315810562 1.0
42.0 0.991797883914 1.0
143.0 5.07338224067 1.0
126.0 1.00529127258 1.0
81.0 0.978642545948 1.0
83.0 0.988602999506 1.0
170.0 -2.66414492057 1.0
6.0 0.975616982643 1.0
154.0 -3.05156050554 1.0
26.0 0.985391287644 1.0
107.0 0.938293314965 1.0
130.0 1.03298103446 1.0
192.0 -0.00257801778636 1.0
135.0 0.982893960815 1.0
146.0 -0.604561694076 1.0
17.0 1.03009503379 1.0
193.0 -6.04695747947 1.0
88.0 1.02923854974 1.0
151.0 -3.00483580764 1.0
104.0 1.05436077339 1.0
148.0 2.95127620949 1.0
90.0 1.05276306389 1.0
149.0 1.06747775072 1.0
109.0 1.01623661221 1.0
67.0 1.00241235176 1.0
object 2	1.0:1.0
42.0 0.949356613327 1.0
77.0 0.956095260574 1.0
107.0 1.06157468318 1.0
23.0 1.03103209896 1.0
139.0 0.861687847255 1.0
169.0 -3.93073248924 1.0
187.0 0.949151864477 1.0
158.0 0.969717305126 1.0
189.0 3.62517147683 1.0
58.0 1.03158391517 1.0
70.0 0.984875832947 1.0
93.0 1.0269210381 1.0
179.0 4.07885900334 1.0
174.0 -0.259300967216 1.0
62.0 1.01659143032 1.0
45.0 0.927417192741 1.0
29.0 1.00666457732 1.0
76.0 0.998787759659 1.0
122.0 0.99331476306 1.0
4.0 1.00519917472 1.0
78.0 0.981905205934 1.0
124.0 1.00432268306 1.0
183.0 3.26873000979 1.0
121.0 0.985289889075 1.0
159.0 -0.14951756365 1.0
145.0 4.29103513471 1.0
11.0 1.01597148015 1.0
object 3	1.0:1.0
30.0 0.950407304487 1.0
104.0 1.03441899345 1.0
57.0 1.04529126984 1.0
36.0 1.03000444305 1.0
192.0 1.53899240518 1.0
167.0 0.592953086671 1.0
148.0 2.08044057449 1.0
73.0 0.989711232436 1.0
187.0 4.74031174919 1.0
14.0 1.02991086574 1.0
84.0 1.03083575388 1.0
118.0 1.00918012508 1.0
168.0 -1.97442698929 1.0
138.0 0.923637303101 1.0
20.0 0.985656361879 1.0
99.0 1.00173374705 1.0
97.0 0.946611900508 1.0
155.0 -1.36212337404 1.0
12.0 1.04334378657 1.0
77.0 1.03451948938 1.0
96.0 1.00973288705 1.0
188.0 2.46118981426 1.0
46.0 1.03862141047 1.0
60.0 1.06068538924 1.0
27.0 0.967718999747 1.0
38.0 1.04050343138 1.0
42.0 0.993355724078 1.0
162.0 -0.501317801374 1.0
object 4	1.0:1.0
199.0 1.78674898306 1.0
107.0 1.00429244292 1.0
111.0 1.04109668203 1.0
117.0 1.0500235371 1.0
83.0 1.04395032631 1.0
38.0 0.992430331825 1.0
26.0 1.03087471041 1.0
62.0 0.996370687166 1.0
45.0 0.990799126621 1.0
184.0 2.04727075432 1.0
161.0 -3.44743886833 1.0
66.0 1.02786019358 1.0
23.0 1.02671508076 1.0
86.0 0.99990273205 1.0
11.0 0.968454422723 1.0
155.0 -2.76234943089 1.0
31.0 0.985169139674 1.0
92.0 0.974061281271 1.0
13.0 0.999769725139 1.0
127.0 1.01057559871 1.0
93.0 0.990145604931 1.0
object 5	1.0:1.0
61.0 0.993713880623 1.0
120.0 1.01502454934 1.0
151.0 5.41524515516 1.0
11.0 0.998188699186 1.0
4.0 0.933594091252 1.0
146.0 -0.697881054207 1.0
76.0 0.970050156938 1.0
72.0 1.01792187867 1.0
162.0 8.56129374957 1.0
152.0 -4.130603686 1.0
63.0 0.930226380758 1.0
55.0 0.944996545411 1.0
1.0 1.04541003122 1.0
181.0 0.599149838967 1.0
178.0 2.78839078223 1.0
2.0 0.999463612575 1.0
112.0 1.01095896352 1.0
138.0 1.01591001176 1.0
188.0 -0.534877921227 1.0
object 6	1.0:1.0
30.0 0.881999766939 1.0
21.0 1.01176008604 1.0
106.0 0.965452100524 1.0
27.0 1.05459505901 1.0
46.0 0.991852800593 1.0
134.0 1.0161973931 1.0
6.0 0.963962841302 1.0
54.0 0.981661014583 1.0
57.0 1.01055345098 1.0
181.0 2.72844936633 1.0
131.0 1.05077486769 1.0
14.0 1.08183084069 1.0
51.0 0.91856847233 1.0
105.0 0.950541409922 1.0
49.0 1.00753185532 1.0
184.0 6.862257923 1.0
188.0 -1.07147120238 1.0
177.0 4.30278071815 1.0
172.0 2.93189320493 1.0
31.0 0.989209704346 1.0
114.0 0.997672387036 1.0
69.0 1.00167662556 1.0
74.0 1.02814561605 1.0
116.0 0.987749719552 1.0
8.0 1.01865832566 1.0
84.0 0.998422346791 1.0
180.0 -1.07920652492 1.0
71.0 0.993064103982 1.0
117.0 0.964810793137 1.0
12.0 0.987565422129 1.0
object 7	1.0:1.0
193.0 0.682336250968 1.0
42.0 0.952256813861 1.0
190.0 -0.0371399736148 1.0
177.0 3.64727058736 1.0
137.0 0.950043925582 1.0
8.0 1.0359812915 1.0
57.0 0.992994835961 1.0
145.0 3.50680870105 1.0
63.0 1.08094192231 1.0
181.0 1.20865527342 1.0
62.0 1.00075475903 1.0
185.0 -3.78891631292 1.0
23.0 0.977741276578 1.0
58.0 1.02514513467 1.0
187.0 0.510911910072 1.0
30.0 1.02588220884 1.0
142.0 0.43496653747 1.0
94.0 0.982973388859 1.0
110.0 1.04144125324 1.0
152.0 0.910367924225 1.0
89.0 0.986276209268 1.0
175.0 -0.376208424329 1.0
123.0 0.971036993777 1.0
object 8	1.0:1.0
118.0 0.971802881722 1.0
181.0 0.215418817371 1.0
35.0 0.977515550046 1.0
111.0 1.00509282174 1.0
124.0 0.976036470019 1.0
96.0 1.07341058471 1.0
174.0 -0.279949928167 1.0
34.0 0.927824512494 1.0
53.0 0.979085699125 1.0
14.0 0.984185954659 1.0
125.0 0.996234693478 1.0
39.0 0.978591133188 1.0
114.0 0.970352622288 1.0
55.0 0.986007099451 1.0
198.0 3.04707308516 1.0
84.0 0.987613460404 1.0
48.0 1.01526108422 1.0
115.0 0.956937282424 1.0
16.0 0.975560805603 1.0
145.0 0.549463101728 1.0
2.0 1.04361917647 1.0
150.0 0.872663815733 1.0
98.0 0.969186343403 1.0
154.0 2.72179731412 1.0
172.0 -0.765631335148 1.0
131.0 1.08637742159 1.0
86.0 0.990020530625 1.0
24.0 0.994594886614 1.0
object 9	1.0:1.0
51.0 1.0365889261 1.0
68.0 1.00072118028 1.0
49.0 0.988904283692 1.0
48.0 0.984516657982 1.0
170.0 -2.58449727039 1.0
95.0 0.996947222481 1.0
15.0 1.01641336497 1.0
59.0 1.01812096851 1.0
179.0 -8.04167349523 1.0
194.0 1.39072433769 1.0
182.0 1.73931672119 1.0
35.0 0.973623910305 1.0
139.0 1.03002467841 1.0
56.0 0.926569086501 1.0
52.0 0.944629828182 1.0
145.0 2.71359881192 1.0
189.0 0.318481853714 1.0
33.0 1.05417280192 1.0
6.0 1.02180261513 1.0
12.0 0.993017776164 1.0
10.0 0.998278197335 1.0
42.0 1.02977535652 1.0
39.0 1.01981578467 1.0
121.0 1.01255819045 1.0
58.0 1.02424602254 1.0
186.0 -0.0766679143892 1.0
150.0 0.321754710427 1.0
105.0 0.95374275271 1.0
76.0 1.0271664565 1.0
133.0 0.997294739791 1.0
88.0 0.944481803374 1.0
120.0 1.03748379822 1.0
80.0 1.01832576483 1.0
70.0 0.982761138905 1.0
18.0 1.02743624726 1.0
165.0 1.96083642598 1.0
185.0 -3.53119971233 1.0
13.0 1.00896111692 1.0
124.0 1.04008242505 1.0
25.0 0.971368146133 1.0
144.0 2.2119187791 1.0
object 10	1.0:1.0
142.0 1.46570230179 1.0
19.0 1.01421550467 1.0
84.0 0.932005695793 1.0
44.0 0.997119404663 1.0
161.0 -0.211638598623 1.0
65.0 0.978480208774 1.0
0.0 0.979298652614 1.0
82.0 0.987067911359 1.0
45.0 1.02380832692 1.0
167.0 2.95653682634 1.0
182.0 2.84184842763 1.0
184.0 8.34674161344 1.0
110.0 1.01000722164 1.0
99.0 0.996443476212 1.0
122.0 1.03342879018 1.0
103.0 1.00038989907 1.0
193.0 -5.89961427954 1.0
194.0 1.13161180846 1.0
34.0 1.03903761463 1.0
15.0 1.01461655185 1.0
13.0 0.984776438274 1.0
object 11	1.0:1.0
18.0 1.05002799327 1.0
177.0 0.547711700839 1.0
175.0 0.35105693912 1.0
184.0 6.02697029364 1.0
162.0 -3.36547173595 1.0
59.0 0.999209333375 1.0
109.0 0.990745743963 1.0
159.0 -1.95072863998 1.0
168.0 -0.44681037972 1.0
65.0 1.01528699841 1.0
187.0 -3.56732971915 1.0
69.0 1.00550804483 1.0
134.0 0.985828200546 1.0
5.0 0.997472207326 1.0
127.0 1.0053949662 1.0
89.0 0.958423132773 1.0
21.0 1.02036216836 1.0
146.0 6.44171859805 1.0
48.0 0.956736328368 1.0
150.0 0.843140814557 1.0
189.0 -0.925009749907 1.0
97.0 1.0074692097 1.0
96.0 0.946097312713 1.0
46.0 1.01001089839 1.0
145.0 2.52483190928 1.0
4.0 1.04291094198 1.0
6.0 1.02063002186 1.0
53.0 0.980053304875 1.0
49.0 1.01186138549 1.0
47.0 0.967152882734 1.0
148.0 2.16243506929 1.0
68.0 0.995668776519 1.0
object 12	1.0:1.0
52.0 0.943539082748 1.0
135.0 0.932764077003 1.0
92.0 0.966118547916 1.0
132.0 1.03573246516 1.0
105.0 1.01761241417 1.0
20.0 1.02968380864 1.0
139.0 1.01180943359 1.0
84.0 1.00993811542 1.0
162.0 -2.52336464262 1.0
58.0 0.905402505562 1.0
61.0 1.00531989336 1.0
62.0 1.0067298535 1.0
64.0 0.977683795371 1.0
66.0 0.976376114152 1.0
115.0 1.05617737752 1.0
176.0 -0.50574423981 1.0
121.0 1.00126056956 1.0
198.0 -4.16387489175 1.0
13.0 1.00541482398 1.0
122.0 0.976537791684 1.0
28.0 1.00301858737 1.0
object 13	1.0:1.0
132.0 0.998483771872 1.0
95.0 0.990253673455 1.0
83.0 0.981397814765 1.0
177.0 8.43156246829 1.0
82.0 1.02125109537 1.0
64.0 0.99620858151 1.0
104.0 0.975123045106 1.0
14.0 0.967094987076 1.0
119.0 1.02252156008 1.0
158.0 1.06642204732 1.0
55.0 1.0335239069 1.0
130.0 1.02381685846 1.0
39.0 1.00942773601 1.0
17.0 0.95728881639 1.0
113.0 0.95798970928 1.0
114.0 1.01047432979 1.0
148.0 1.19800423943 1.0
93.0 0.99480445337 1.0
78.0 1.05969329104 1.0
181.0 2.30683375248 1.0
42.0 1.04625727019 1.0
193.0 1.5138438019 1.0
115.0 0.968911965786 1.0
162.0 -0.272282838511 1.0
117.0 1.01283922079 1.0
94.0 1.0144919246 1.0
48.0 1.0446585028 1.0
164.0 2.37817557988 1.0
56.0 1.01568567438 1.0
object 14	1.0:1.0
110.0 0.978243796405 1.0
21.0 1.00009741414 1.0
15.0 1.00925049406 1.0
189.0 3.93022757493 1.0
197.0 3.38591179783 1.0
32.0 1.03393334844 1.0
39.0 1.00748733274 1.0
122.0 0.971271983643 1.0
54.0 0.950285099974 1.0
7.0 1.02228974726 1.0
51.0 1.02383264694 1.0
53.0 1.00654942411 1.0
133.0 0.990306442931 1.0
93.0 0.993675208752 1.0
87.0 0.99768974875 1.0
63.0 0.980672050411 1.0
199.0 1.3865325151 1.0
164.0 5.51335978985 1.0
28.0 0.917200279911 1.0
9.0 0.972320215601 1.0
25.0 1.01910843297 1.0
154.0 4.21961012556 1.0
105.0 1.05337713969 1.0
72.0 1.01446543954 1.0
object 15	1.0:1.0
82.0 1.02366721334 1.0
33.0 1.00543874504 1.0
66.0 1.06543590994 1.0
177.0 -6.91680445314 1.0
185.0 1.08363830744 1.0
137.0 0.96329352772 1.0
96.0 1.00783046919 1.0
193.0 6.77706405959 1.0
145.0 3.19725423524 1.0
58.0 1.0057314969 1.0
128.0 0.95761495679 1.0
159.0 2.39718336291 1.0
43.0 1.02023551867 1.0
94.0 0.954710307204 1.0
120.0 0.96872559521 1.0
87.0 0.971317701519 1.0
175.0 0.500718657175 1.0
44.0 0.977985977639 1.0
196.0 2.02551364258 1.0
121.0 0.981355446407 1.0
104.0 1.01857907914 1.0
52.0 1.00482408606 1.0
116.0 1.07131682383 1.0
151.0 -1.30670796931 1.0
188.0 2.47929203842 1.0
4.0 1.05131185801 1.0
174.0 2.57147377042 1.0
12.0 1.01327876943 1.0
53.0 1.06249724762 1.0
127.0 1.03290934679 1.0
61.0 1.00375567657 1.0
192.0 1.82298663063 1.0
42.0 0.958683341351 1.0
140.0 0.255651699389 1.0
147.0 -1.93937178539 1.0
36.0 0.914414879504 1.0
114.0 0.99023155397 1.0
67.0 0.994734686274 1.0
object 16	1.0:1.0
93.0 1.00669857989 1.0
174.0 4.33041705648 1.0
181.0 0.88855791953 1.0
59.0 0.954218369983 1.0
4.0 0.943107230391 1.0
30.0 0.905402272599 1.0
53.0 0.981842115598 1.0
54.0 1.03680429713 1.0
143.0 -0.649821524002 1.0
163.0 4.60382119804 1.0
171.0 2.89937000971 1.0
68.0 1.01582144821 1.0
42.0 0.980970572437 1.0
157.0 3.77356551425 1.0
71.0 0.998788948501 1.0
131.0 0.927318464496 1.0
63.0 1.01095792117 1.0
49.0 0.981602774635 1.0
90.0 0.965426394738 1.0
60.0 0.982235636496 1.0
64.0 0.994613645513 1.0
135.0 0.958467505707 1.0
9.0 0.999881055634 1.0
78.0 1.00236866469 1.0
12.0 1.02401990788 1.0
object 17	1.0:1.0
32.0 0.987982507279 1.0
132.0 0.968291464886 1.0
117.0 1.00108750352 1.0
4.0 0.960254901852 1.0
123.0 0.999271607685 1.0
80.0 1.0173123654 1.0
176.0 2.77322754834 1.0
30.0 1.0978626911 1.0
150.0 0.816631418708 1.0
194.0 5.34807998452 1.0
94.0 0.973988804238 1.0
149.0 1.34045989908 1.0
174.0 1.80288294684 1.0
124.0 0.98775077505 1.0
180.0 1.84340061481 1.0
95.0 0.995664397944 1.0
38.0 1.05440226559 1.0
31.0 1.00986954305 1.0
9.0 1.01435701178 1.0
153.0 1.46714488248 1.0
27.0 0.925870247863 1.0
195.0 4.05206971607 1.0
13.0 1.04763504706 1.0
134.0 1.01371407084 1.0
161.0 -2.14925492646 1.0
186.0 0.460699108328 1.0
1.0 0.944301513601 1.0
object 18	1.0:1.0
135.0 0.967963234354 1.0
96.0 0.925720600485 1.0
77.0 1.08621823496 1.0
11.0 1.02426785333 1.0
110.0 0.984204683884 1.0
88.0 0.976291271277 1.0
12.0 0.984886750841 1.0
8.0 1.01369607609 1.0
26.0 1.01114997208 1.0
94.0 1.00118029111 1.0
118.0 0.974129797979 1.0
195.0 -4.4751247188 1.0
174.0 1.06001560184 1.0
173.0 -0.416546824132 1.0
108.0 1.00817484421 1.0
32.0 1.01636107289 1.0
123.0 0.982915687442 1.0
136.0 1.03453343018 1.0
150.0 1.50303013913 1.0
15.0 1.00062711308 1.0
139.0 1.05047357982 1.0
103.0 0.918549224149 1.0
38.0 1.02606104606 1.0
127.0 1.00915682168 1.0
178.0 -0.21521963489 1.0
114.0 0.990462324699 1.0
138.0 0.975177741957 1.0
161.0 -2.15743668605 1.0
162.0 0.259784299025 1.0
object 19	1.0:1.0
194.0 0.834103908027 1.0
11.0 1.01169428935 1.0
102.0 0.980974829589 1.0
166.0 4.86696438037 1.0
26.0 0.991858452447 1.0
179.0 5.03843023026 1.0
181.0 1.00899190155 1.0
184.0 5.57291200652 1.0
162.0 -1.5491097065 1.0
161.0 0.275387118474 1.0
88.0 0.946045835459 1.0
163.0 -3.26349186209 1.0
66.0 0.96965403647 1.0
29.0 0.996259126369 1.0
156.0 -0.334467293436 1.0
152.0 -3.47462229548 1.0
142.0 0.971879978468 1.0
154.0 5.25613340058 1.0
141.0 0.419540088971 1.0
117.0 1.01802902352 1.0
90.0 0.928528065392 1.0
83.0 0.970668579696 1.0
5.0 1.01474410293 1.0
170.0 -0.772490915858 1.0
188.0 1.90341764055 1.0
object 20	1.0:1.0
90.0 0.976554109797 1.0
16.0 0.997672495193 1.0
69.0 1.00116442106 1.0
105.0 1.07203083689 1.0
192.0 0.869460233044 1.0
12.0 0.997189413254 1.0
84.0 1.03908253044 1.0
54.0 1.02142260003 1.0
14.0 0.968008701631 1.0
159.0 -0.970941314875 1.0
25.0 0.94345186463 1.0
102.0 1.04615193925 1.0
object 21	1.0:1.0
128.0 1.05510369245 1.0
116.0 1.04749852864 1.0
146.0 -0.299538360698 1.0
133.0 0.968768824623 1.0
18.0 1.02659515894 1.0
35.0 0.988534198067 1.0
173.0 7.12102283298 1.0
56.0 0.951660896561 1.0
111.0 1.02097163454 1.0
190.0 0.788889573509 1.0
187.0 -2.32564719615 1.0
124.0 1.04721395568 1.0
97.0 0.996316173029 1.0
71.0 1.00385296922 1.0
3.0 0.93787345251 1.0
172.0 3.71278750253 1.0
182.0 1.06470596177 1.0
151.0 10.4209967913 1.0
103.0 0.952301889208 1.0
148.0 1.24981117049 1.0
132.0 1.06302474427 1.0
123.0 1.00034583722 1.0
26.0 1.00608897802 1.0
163.0 0.528813440922 1.0
78.0 1.03524759785 1.0
112.0 1.0873562644 1.0
object 22	1.0:1.0
21.0 0.998631813975 1.0
173.0 -1.67924659162 1.0
77.0 0.971441706578 1.0
20.0 0.977917018676 1.0
184.0 8.76027641723 1.0
134.0 1.00866054104 1.0
95.0 1.0172254199 1.0
63.0 0.994042378485 1.0
106.0 0.984994827922 1.0
67.0 0.987324589332 1.0
162.0 0.48111370414 1.0
114.0 1.03087604062 1.0
37.0 1.00341161954 1.0
5.0 0.998269417044 1.0
36.0 0.976215768795 1.0
12.0 0.997149298976 1.0
object 23	1.0:1.0
61.0 0.995722092538 1.0
41.0 0.972707536615 1.0
115.0 1.02661615701 1.0
108.0 0.992288913144 1.0
185.0 -4.42810906614 1.0
42.0 0.995343295614 1.0
193.0 2.56182046275 1.0
19.0 1.02851563303 1.0
194.0 3.66671517587 1.0
187.0 6.90528436194 1.0
25.0 0.984763787296 1.0
60.0 0.996838520508 1.0
55.0 0.981659258526 1.0
116.0 1.03574777413 1.0
90.0 0.976371782224 1.0
128.0 1.0688039307 1.0
158.0 2.02555242195 1.0
165.0 1.99694636412 1.0
11.0 1.01003498509 1.0
120.0 1.01975281591 1.0
171.0 2.01753462783 1.0
139.0 1.07607567609 1.0
112.0 0.920138885119 1.0
99.0 0.975450273193 1.0
9.0 1.00572539152 1.0
153.0 -2.62391256877 1.0
object 24	1.0:1.0
46.0 1.02754898015 1.0
197.0 -2.3497875337 1.0
166.0 3.70334703246 1.0
191.0 4.86216039273 1.0
100.0 1.03290003722 1.0
119.0 0.989848847025 1.0
37.0 0.966462284289 1.0
194.0 5.83393246705 1.0
123.0 1.02979706823 1.0
121.0 1.0115577676 1.0
113.0 1.01266401416 1.0
75.0 0.963533171985 1.0
136.0 0.982325709966 1.0
139.0 1.05448001416 1.0
19.0 0.99341350231 1.0
86.0 0.957440724331 1.0
125.0 1.01276018494 1.0
98.0 1.00684167119 1.0
20.0 0.97356606921 1.0
48.0 0.976511772627 1.0
109.0 1.02714217702 1.0
128.0 0.98303160135 1.0
160.0 2.57147362926 1.0
182.0 1.49521959935 1.0
129.0 1.00388063114 1.0
object 25	1.0:1.0
155.0 1.06319462979 1.0
184.0 -0.995038296854 1.0
158.0 -2.93813764072 1.0
139.0 1.02488193895 1.0
28.0 0.969084068879 1.0
132.0 1.03080714579 1.0
130.0 0.99431908803 1.0
112.0 1.03513800793 1.0
106.0 0.962876417196 1.0
177.0 -2.07169189138 1.0
104.0 0.976913749289 1.0
187.0 -6.3595819153 1.0
152.0 0.899481588452 1.0
110.0 1.017067221 1.0
113.0 1.01202670791 1.0
117.0 1.00547454159 1.0
188.0 3.83988564863 1.0
126.0 1.01677878881 1.0
49.0 1.00706798827 1.0
116.0 1.04200427985 1.0
32.0 0.997829969384 1.0
47.0 0.952823329472 1.0
108.0 1.01435217909 1.0
161.0 -0.101269337919 1.0
object 26	1.0:1.0
109.0 1.01593462997 1.0
134.0 1.00209297332 1.0
102.0 0.995939148994 1.0
80.0 0.961587884536 1.0
47.0 1.04851907707 1.0
185.0 9.21041984059 1.0
128.0 0.991503432493 1.0
156.0 -3.40811870335 1.0
74.0 0.986421413642 1.0
38.0 0.916936566266 1.0
61.0 0.981215256289 1.0
42.0 1.01726849616 1.0
49.0 0.998876162629 1.0
65.0 1.03997915023 1.0
144.0 -0.208102776143 1.0
2.0 0.986747118824 1.0
60.0 1.01984264255 1.0
27.0 0.953268856018 1.0
104.0 1.01804532355 1.0
105.0 0.993362304893 1.0
157.0 6.01445583546 1.0
121.0 1.01380938776 1.0
82.0 0.987219976048 1.0
179.0 -4.68582638847 1.0
165.0 -3.37332476901 1.0
12.0 0.967948216325 1.0
148.0 -1.48126691359 1.0
199.0 0.00272561390527 1.0
176.0 -1.81693547508 1.0
167.0 1.90732940331 1.0
182.0 -0.788011433403 1.0
119.0 0.949786261819 1.0
177.0 -3.90800239277 1.0
166.0 2.82061260317 1.0
object 27	1.0:1.0
102.0 1.00000795523 1.0
88.0 0.98987678124 1.0
179.0 -2.94703890264 1.0
93.0 1.010748124 1.0
72.0 0.997495985953 1.0
80.0 0.993179818098 1.0
158.0 2.04287340716 1.0
32.0 0.977227889033 1.0
164.0 1.67624373288 1.0
106.0 0.963591369156 1.0
82.0 1.00333208789 1.0
181.0 -1.2974121684 1.0
151.0 8.40432404903 1.0
4.0 0.942855315967 1.0
48.0 1.03360767542 1.0
64.0 1.02955892172 1.0
107.0 1.01135666501 1.0
189.0 -1.0547699676 1.0
114.0 1.01177509714 1.0
147.0 2.46611374369 1.0
object 28	1.0:1.0
167.0 2.13362585967 1.0
108.0 0.99751624736 1.0
33.0 0.980052307868 1.0
171.0 1.40779759194 1.0
28.0 0.998336384238 1.0
31.0 1.0027772381 1.0
11.0 0.982962603073 1.0
66.0 1.03158065188 1.0
109.0 0.992098846215 1.0
124.0 0.976293039228 1.0
45.0 0.908548264 1.0
164.0 1.63684636005 1.0
22.0 0.999694346085 1.0
148.0 0.886033606739 1.0
166.0 3.52266435036 1.0
10.0 0.980906445134 1.0
26.0 1.00273934563 1.0
61.0 1.01542282078 1.0
147.0 -0.0400904240011 1.0
105.0 1.03624389377 1.0
23.0 1.00158012519 1.0
137.0 1.03704473787 1.0
38.0 1.04588211966 1.0
127.0 0.998921395089 1.0
156.0 2.17798604168 1.0
157.0 -3.90780431523 1.0
51.0 1.0639782887 1.0
82.0 0.99045171077 1.0
191.0 -0.107353695218 1.0
192.0 -0.490965595465 1.0
133.0 0.972938436256 1.0
54.0 1.01660059127 1.0
77.0 0.888008422371 1.0
143.0 -1.23413605961 1.0
25.0 1.00985809906 1.0
154.0 -0.505261558807 1.0
107.0 0.950610760293 1.0
57.0 0.98622361203 1.0
44.0 1.05467245343 1.0
146.0 -0.689246453357 1.0
37.0 0.966093972628 1.0
object 29	1.0:1.0
91.0 0.984092607889 1.0
10.0 1.00442897165 1.0
160.0 1.3558577588 1.0
108.0 1.02941669989 1.0
37.0 0.934236783423 1.0
158.0 -4.14473200852 1.0
194.0 0.0738668943863 1.0
22.0 0.995589284334 1.0
31.0 0.988757516914 1.0
145.0 -0.597112709501 1.0
103.0 0.951931604952 1.0
114.0 1.00042143088 1.0
88.0 1.01637243139 1.0
126.0 0.99966073172 1.0
198.0 -9.8402367682 1.0
85.0 0.983006393001 1.0
35.0 0.991857390655 1.0
18.0 1.01194939674 1.0
174.0 -4.07593268634 1.0
34.0 1.05438787533 1.0
154.0 5.77064554743 1.0
190.0 0.385370504166 1.0
57.0 1.01157507784 1.0
93.0 0.996674747176 1.0
19.0 1.01419041177 1.0
172.0 -1.86337391129 1.0
0.0 0.944477884511 1.0
130.0 1.00962330319 1.0
175.0 0.212593061205 1.0
object 30	1.0:1.0
137.0 0.945306048174 1.0
21.0 0.959302063281 1.0
184.0 0.391846817211 1.0
135.0 0.994778383537 1.0
139.0 1.03172305791 1.0
160.0 3.29088434244 1.0
141.0 4.27833561122 1.0
165.0 1.3561030768 1.0
98.0 0.952585110431 1.0
163.0 2.73903812399 1.0
87.0 0.983383381606 1.0
84.0 0.994795273004 1.0
16.0 1.0397235527 1.0
54.0 1.01828040172 1.0
38.0 0.863992475785 1.0
153.0 -0.240735643278 1.0
10.0 0.990427105034 1.0
35.0 1.01364146884 1.0
50.0 1.02543100106 1.0
63.0 1.01383832044 1.0
66.0 0.978785615006 1.0
85.0 0.984603681131 1.0
70.0 0.997821073836 1.0
193.0 3.17552392194 1.0
180.0 0.681571965719 1.0
58.0 0.989130084265 1.0
147.0 -0.868703002944 1.0
object 31	1.0:1.0
136.0 1.12142044244 1.0
70.0 1.01690246826 1.0
169.0 -10.8925452415 1.0
106.0 1.02742468472 1.0
71.0 1.00292559436 1.0
138.0 0.945395686407 1.0
28.0 0.99656939399 1.0
104.0 0.991611948313 1.0
194.0 -4.46968181751 1.0
48.0 1.05533798934 1.0
52.0 0.994094604837 1.0
55.0 1.02813505888 1.0
119.0 1.01778936681 1.0
91.0 1.03002454683 1.0
68.0 0.969329424795 1.0
38.0 0.92105979347 1.0
65.0 1.00788938744 1.0
189.0 1.94233948111 1.0
89.0 1.01729821924 1.0
85.0 1.00636251938 1.0
object 32	1.0:1.0
55.0 1.00327201536 1.0
145.0 1.65973029412 1.0
183.0 1.81807041874 1.0
120.0 0.998914620549 1.0
131.0 1.03815674988 1.0
0.0 1.01097452281 1.0
64.0 1.00975028773 1.0
158.0 0.0749826751682 1.0
52.0 0.957480651824 1.0
84.0 0.962451049604 1.0
33.0 0.990854218185 1.0
126.0 1.02421373144 1.0
164.0 9.68725359396 1.0
199.0 -1.38784008517 1.0
134.0 0.999805007779 1.0
59.0 0.989580895993 1.0
192.0 4.11198331817 1.0
168.0 8.38999833923 1.0
149.0 -0.326298797836 1.0
157.0 1.86541254716 1.0
189.0 -0.053205965315 1.0
119.0 1.00562028901 1.0
156.0 2.813430082 1.0
66.0 0.949926848597 1.0
133.0 0.99607778199 1.0
165.0 0.0188888544823 1.0
41.0 0.997727821238 1.0
153.0 0.00155178095498 1.0
112.0 0.967165269457 1.0
50.0 1.02203729065 1.0
object 33	1.0:1.0
131.0 0.977543866813 1.0
192.0 0.465414690064 1.0
186.0 3.90366511504 1.0
107.0 1.02241586812 1.0
170.0 3.11895607898 1.0
194.0 1.56940646958 1.0
153.0 1.60973124706 1.0
136.0 1.02467010638 1.0
94.0 1.01329724306 1.0
165.0 0.398021415206 1.0
152.0 1.26603962948 1.0
177.0 -3.33117014823 1.0
55.0 1.05092272396 1.0
37.0 0.998903801874 1.0
169.0 4.45814993043 1.0
object 34	1.0:1.0
6.0 0.99305658384 1.0
142.0 -0.461406015437 1.0
33.0 0.980223617642 1.0
29.0 1.01328541298 1.0
173.0 2.41835313751 1.0
91.0 1.00359948391 1.0
7.0 0.95169019717 1.0
90.0 1.04640302508 1.0
28.0 1.03525495011 1.0
145.0 4.06168460933 1.0
78.0 1.01727177931 1.0
194.0 -2.16021724292 1.0
190.0 0.846964477905 1.0
30.0 1.03209797089 1.0
83.0 0.99371951465 1.0
12.0 1.00646631428 1.0
153.0 0.363447068323 1.0
53.0 0.979009184905 1.0
167.0 6.28930212065 1.0
99.0 0.993702587191 1.0
38.0 0.95674147701 1.0
137.0 1.02145025001 1.0
object 35	1.0:1.0
104.0 1.05508996039 1.0
122.0 1.01828754322 1.0
38.0 1.01317334568 1.0
11.0 0.990151969939 1.0
119.0 0.954917735123 1.0
60.0 0.963264624148 1.0
59.0 1.00270594008 1.0
159.0 0.0454715265261 1.0
181.0 1.10310367634 1.0
82.0 0.995385159425 1.0
166.0 0.07846736039 1.0
126.0 1.00567722762 1.0
117.0 0.99218720167 1.0
138.0 1.01248100426 1.0
141.0 -1.20055321262 1.0
144.0 0.0308528385837 1.0
167.0 -1.12136784688 1.0
19.0 0.955074601828 1.0
195.0 1.80294805748 1.0
77.0 0.894788985111 1.0
24.0 0.992659938676 1.0
161.0 1.07512161871 1.0
100.0 1.03836231111 1.0
object 36	1.0:1.0
179.0 -14.3823107318 1.0
25.0 0.984825594636 1.0
150.0 1.91041971916 1.0
160.0 8.81451966036 1.0
119.0 1.05396648036 1.0
117.0 0.951595689083 1.0
191.0 -2.48689635469 1.0
42.0 0.950298545704 1.0
141.0 -1.662497942 1.0
142.0 2.11624952639 1.0
186.0 -0.245690185634 1.0
49.0 0.996780550143 1.0
187.0 3.29950901267 1.0
28.0 0.998031680906 1.0
180.0 5.63778174171 1.0
30.0 1.05645063262 1.0
185.0 6.10047986951 1.0
110.0 1.00624114235 1.0
199.0 2.93188107995 1.0
154.0 8.60178419665 1.0
36.0 0.972607070159 1.0
194.0 -5.01580623919 1.0
35.0 1.06545711253 1.0
13.0 1.02205152504 1.0
object 37	1.0:1.0
167.0 0.351427551104 1.0
65.0 1.00525940373 1.0
36.0 1.0669044321 1.0
145.0 -4.43301884489 1.0
148.0 2.23051616838 1.0
161.0 -0.0153534352667 1.0
132.0 0.961827499874 1.0
59.0 1.01227497792 1.0
70.0 1.00760121841 1.0
117.0 0.983635439991 1.0
3.0 0.974654680711 1.0
153.0 0.732764207521 1.0
124.0 0.984939932033 1.0
21.0 0.981707564494 1.0
101.0 1.00122450721 1.0
88.0 0.98517531405 1.0
object 38	1.0:1.0
76.0 1.01745864451 1.0
150.0 1.92248669178 1.0
50.0 1.02444778651 1.0
19.0 1.04585657296 1.0
4.0 1.03346239944 1.0
176.0 11.0787954428 1.0
33.0 1.02192607071 1.0
125.0 1.00271234356 1.0
146.0 1.42769710719 1.0
10.0 0.993921763976 1.0
123.0 0.992893577347 1.0
155.0 -0.669174491281 1.0
73.0 1.01295047914 1.0
27.0 1.00101958859 1.0
162.0 -2.7902103736 1.0
153.0 0.862650506701 1.0
68.0 1.01077137901 1.0
143.0 3.98519013466 1.0
7.0 1.03019645627 1.0
3.0 1.05350961338 1.0
167.0 -2.02477535332 1.0
198.0 -1.80982871288 1.0
28.0 1.02408289351 1.0
object 39	1.0:1.0
44.0 0.994163543932 1.0
130.0 0.991260983917 1.0
95.0 0.982252351009 1.0
152.0 2.46091931756 1.0
190.0 2.03969547535 1.0
168.0 -3.25610228556 1.0
142.0 -0.964714785185 1.0
138.0 0.988178773011 1.0
90.0 0.998074076817 1.0
196.0 1.77270986541 1.0
155.0 0.111997449198 1.0
181.0 1.5254929628 1.0
11.0 0.983382699427 1.0
192.0 -0.410294345513 1.0
146.0 1.62574946632 1.0
183.0 -0.739044281995 1.0
136.0 1.00594265338 1.0
121.0 0.976154807936 1.0
131.0 0.987961419007 1.0
39.0 0.980617664655 1.0
126.0 0.946022121596 1.0
33.0 0.924827229905 1.0
27.0 0.985571539195 1.0
102.0 1.03554763466 1.0
119.0 1.04668067283 1.0
175.0 -0.186710249149 1.0
166.0 0.372835215536 1.0
object 40	1.0:1.0
132.0 0.942726432845 1.0
157.0 -1.58160022621 1.0
112.0 0.961359508012 1.0
41.0 0.998194267826 1.0
169.0 1.7256217479 1.0
81.0 1.03904188524 1.0
159.0 0.973884397686 1.0
35.0 0.996860634757 1.0
62.0 1.00075259981 1.0
179.0 -0.84105350587 1.0
54.0 0.975500360218 1.0
97.0 0.990047366969 1.0
78.0 0.976569176779 1.0
196.0 -2.46053774169 1.0
154.0 0.643535946719 1.0
49.0 0.983527360641 1.0
191.0 0.391155968388 1.0
134.0 0.962520939917 1.0
13.0 0.970700429852 1.0
58.0 0.991178492762 1.0
55.0 1.01950468073 1.0
19.0 1.02644461986 1.0
133.0 1.00196871224 1.0
65.0 0.96605069902 1.0
161.0 5.47695934969 1.0
43.0 1.02791891951 1.0
20.0 0.999029741482 1.0
82.0 1.00342648406 1.0
90.0 0.984457437268 1.0
object 41	1.0:1.0
180.0 3.3081422359 1.0
155.0 -3.1587076415 1.0
24.0 0.971931207283 1.0
95.0 1.00363416168 1.0
113.0 0.993998868845 1.0
158.0 0.0770581283185 1.0
51.0 1.02115257268 1.0
10.0 1.00097552501 1.0
170.0 0.153754675853 1.0
71.0 1.00547977982 1.0
153.0 1.06273708339 1.0
79.0 1.04319981365 1.0
133.0 1.02238886988 1.0
135.0 1.0340804085 1.0
127.0 1.02116461876 1.0
31.0 1.0000477287 1.0
50.0 0.987213718064 1.0
56.0 0.9488564406 1.0
96.0 1.05337964868 1.0
68.0 0.99694201979 1.0
54.0 0.993875617241 1.0
object 42	1.0:1.0
49.0 0.979488613496 1.0
40.0 1.02079879001 1.0
27.0 1.06208599736 1.0
24.0 1.00037125858 1.0
174.0 -1.90907843861 1.0
156.0 2.66907288464 1.0
98.0 1.04686490734 1.0
65.0 1.01742230013 1.0
189.0 2.21324164771 1.0
96.0 0.988329209408 1.0
111.0 0.964874082977 1.0
67.0 0.984701345869 1.0
115.0 0.95912752096 1.0
152.0 2.94864922231 1.0
154.0 -1.61738699878 1.0
191.0 3.73825181222 1.0
84.0 1.02901650126 1.0
76.0 1.012328246 1.0
28.0 1.08083939532 1.0
114.0 0.996869811521 1.0
94.0 0.992365317939 1.0
32.0 0.980539190334 1.0
object 43	1.0:1.0
35.0 0.972422670731 1.0
98.0 1.05859209204 1.0
149.0 0.207211931828 1.0
101.0 1.00303255795 1.0
103.0 0.996704537807 1.0
116.0 1.03485785273 1.0
54.0 0.982520595014 1.0
96.0 0.990947186756 1.0
185.0 5.24089826246 1.0
109.0 0.989302897705 1.0
163.0 1.58760666632 1.0
171.0 2.9579556058 1.0
19.0 0.995398430366 1.0
58.0 1.00891028289 1.0
176.0 3.47975473958 1.0
63.0 0.989896100756 1.0
91.0 0.985315969132 1.0
89.0 0.974104798069 1.0
175.0 0.314564377668 1.0
18.0 1.1044430353 1.0
159.0 -2.47055476495 1.0
111.0 0.979578779704 1.0
110.0 0.995311201671 1.0
1.0 0.995711203722 1.0
object 44	1.0:1.0
170.0 -2.9237256662 1.0
164.0 -0.921799481494 1.0
146.0 2.21888066812 1.0
72.0 0.999977593957 1.0
12.0 0.999506753042 1.0
106.0 1.01331140114 1.0
28.0 0.996340547929 1.0
171.0 4.11922574296 1.0
196.0 5.974606168 1.0
176.0 8.94050775467 1.0
112.0 1.00236221869 1.0
90.0 1.0252711308 1.0
148.0 2.83826071452 1.0
99.0 0.976009761791 1.0
7.0 0.95042658956 1.0
102.0 1.02361841943 1.0
85.0 0.972523947086 1.0
21.0 0.977516089752 1.0
33.0 1.02084063315 1.0
166.0 3.09209443349 1.0
144.0 1.5069489538 1.0
169.0 -1.79131492952 1.0
133.0 1.01832561492 1.0
43.0 1.02453346165 1.0
183.0 -1.81801817826 1.0
object 45	1.0:1.0
156.0 3.55177327546 1.0
182.0 3.8890869577 1.0
106.0 0.992447626679 1.0
136.0 1.04288162314 1.0
37.0 1.05105739513 1.0
198.0 -0.172920313249 1.0
91.0 1.01390762944 1.0
11.0 1.00583813336 1.0
119.0 0.961053014579 1.0
66.0 1.03298071609 1.0
99.0 0.98784809495 1.0
124.0 0.989656040203 1.0
70.0 0.990779401429 1.0
160.0 -3.04210516066 1.0
77.0 1.04980653779 1.0
74.0 1.01110760755 1.0
79.0 1.06390505456 1.0
object 46	1.0:1.0
165.0 1.65925910442 1.0
92.0 1.00181911161 1.0
190.0 0.562842821946 1.0
9.0 1.06073492909 1.0
34.0 0.978275965724 1.0
32.0 1.01135981446 1.0
77.0 1.01146649794 1.0
157.0 -1.78723952578 1.0
106.0 1.01284925049 1.0
119.0 0.952051005218 1.0
52.0 1.0065265919 1.0
184.0 6.18870486442 1.0
140.0 1.06772648742 1.0
18.0 0.972284897775 1.0
81.0 0.995455055636 1.0
170.0 0.752851240158 1.0
197.0 -3.94165581597 1.0
42.0 1.03129587173 1.0
48.0 1.0285033883 1.0
11.0 0.992537429018 1.0
103.0 1.06645650032 1.0
object 47	1.0:1.0
159.0 0.494335208341 1.0
190.0 0.333053268212 1.0
172.0 -1.26801173341 1.0
129.0 0.97741402316 1.0
63.0 1.02991486833 1.0
54.0 0.972724273858 1.0
100.0 0.916795091894 1.0
88.0 0.962206680994 1.0
170.0 3.40755575654 1.0
37.0 1.01803593301 1.0
72.0 1.00591440477 1.0
23.0 1.02812840047 1.0
24.0 0.997772974461 1.0
16.0 0.99276247515 1.0
36.0 1.04253158693 1.0
121.0 1.00820649434 1.0
169.0 7.95119301893 1.0
132.0 1.02727904829 1.0
173.0 1.11504068442 1.0
123.0 0.995654583277 1.0
74.0 0.983665742946 1.0
99.0 1.0269285389 1.0
14.0 1.03272579125 1.0
141.0 4.13481037309 1.0
109.0 0.979179613082 1.0
43.0 0.988343558897 1.0
147.0 -0.231109652817 1.0
107.0 1.02454790905 1.0
90.0 1.0080388529 1.0
44.0 1.06215153165 1.0
71.0 0.998366764286 1.0
119.0 1.10634530327 1.0
142.0 0.805638462324 1.0
object 48	1.0:1.0
109.0 0.994963831714 1.0
95.0 0.999170844549 1.0
101.0 0.996583096324 1.0
45.0 0.989144784168 1.0
61.0 1.00027844327 1.0
158.0 3.64006464676 1.0
154.0 5.068893653 1.0
4.0 1.02777193106 1.0
82.0 1.01591799352 1.0
49.0 0.995784870849 1.0
100.0 1.00739901995 1.0
44.0 1.02859458803 1.0
186.0 2.46900492381 1.0
9.0 1.05773290938 1.0
145.0 -4.46999099879 1.0
35.0 1.04308710716 1.0
139.0 1.03253913129 1.0
175.0 1.47146477016 1.0
98.0 0.97428000065 1.0
66.0 0.94840822852 1.0
68.0 1.03053159552 1.0
128.0 0.991870977505 1.0
119.0 1.12637999455 1.0
14.0 1.02022237123 1.0
92.0 0.981227801795 1.0
104.0 1.00917580935 1.0
63.0 1.04824417031 1.0
object 49	1.0:1.0
177.0 -0.00988256543816 1.0
108.0 1.01405676911 1.0
134.0 0.9907381997 1.0
27.0 0.975182538916 1.0
41.0 1.03368589311 1.0
166.0 -1.4181055036 1.0
115.0 0.9220013354 1.0
114.0 0.976520315152 1.0
170.0 3.61362195698 1.0
91.0 0.945927365689 1.0
51.0 1.05258095974 1.0
60.0 0.979394398767 1.0
47.0 1.04296486739 1.0
100.0 0.961356065427 1.0
0.0 0.969159292176 1.0
188.0 0.283341577901 1.0
165.0 1.17817115897 1.0
20.0 1.11079151994 1.0
52.0 1.06721424136 1.0
122.0 1.03104616674 1.0
object 50	1.0:0.5 18.2816154547:0.5
123.0 1.06411367344 0.0
154.0 16.459628479 1.0
81.0 1.00559818005 0.0
181.0 22.2063711336 1.0
20.0 18.2656095703 1.0
162.0 20.6236942751 1.0
3.0 18.3231535779 1.0
116.0 18.1815313651 1.0
23.0 1.09518081963 0.0
96.0 1.01257705389 0.0
150.0 -2.16218892302 0.0
130.0 0.992250320256 0.0
83.0 18.308424768 1.0
194.0 18.6777547492 1.0
196.0 11.6731272771 1.0
185.0 -0.892644519771 0.0
78.0 18.2994465595 1.0
199.0 20.0672788292 1.0
172.0 17.6835564034 1.0
135.0 18.273488879 1.0
168.0 1.56767784422 0.0
47.0 18.308210118 1.0
55.0 18.2580890747 1.0
175.0 13.5933662873 1.0
187.0 -1.80336317405 0.0
7.0 18.2872261312 1.0
object 51	1.0:0.5 -9.38007699519:0.5
86.0 1.002969218 0.0
97.0 -9.44063841689 1.0
124.0 -9.34287483432 1.0
34.0 0.968354049959 0.0
14.0 -9.35396541626 1.0
38.0 1.03674176712 0.0
127.0 0.940274542917 0.0
135.0 1.00685759433 0.0
160.0 1.55130990455 0.0
164.0 1.63603699915 0.0
171.0 -9.27491997769 1.0
1.0 -9.40961718353 1.0
166.0 0.40773939667 0.0
48.0 -9.49908749065 1.0
184.0 5.94725229028 0.0
7.0 -9.47862436755 1.0
20.0 -9.38200363197 1.0
138.0 -9.30526745079 1.0
42.0 0.979337955357 0.0
167.0 -11.220626435 1.0
75.0 1.08810475234 0.0
121.0 1.05250360182 0.0
191.0 6.77234112333 0.0
175.0 1.68907120645 0.0
37.0 -9.33849616271 1.0
90.0 0.929109290191 0.0
100.0 -9.39261327463 1.0
141.0 -9.93050079065 1.0
49.0 0.979876248008 0.0
66.0 -9.36082872136 1.0
120.0 1.02121284727 0.0
76.0 -9.27422193933 1.0
object 52	1.0:0.5 -5.36316276017:0.5
144.0 0.511570270223 1.0
81.0 -5.31084605743 1.0
171.0 4.90050780809 0.0
38.0 -5.34873142862 1.0
21.0 0.940200912178 0.0
130.0 1.07781202409 0.0
52.0 1.00250448463 0.0
166.0 -0.126449527118 0.0
70.0 1.01664802202 0.0
195.0 -5.4228539486 1.0
28.0 1.10259293176 0.0
37.0 1.03902635436 0.0
25.0 1.12833328653 0.0
140.0 0.75189892636 0.0
173.0 -2.18101099179 0.0
74.0 1.01641494372 0.0
181.0 2.36379543185 0.0
16.0 1.0136671715 0.0
197.0 -6.72789491146 1.0
109.0 -5.38395103601 1.0
90.0 1.04932010808 0.0
145.0 -2.13199183222 0.0
92.0 -5.40221493206 1.0
172.0 -11.6073914907 0.0
41.0 0.998654419595 0.0
142.0 1.716784578 0.0
object 53	1.0:0.5 -2.77764268463:0.5
130.0 -2.71416733731 1.0
54.0 1.05097717043 0.0
155.0 -3.30559978387 1.0
109.0 -2.73222438448 1.0
18.0 -2.78596359979 1.0
107.0 -2.77485177355 1.0
119.0 -2.71694477044 1.0
197.0 0.395342725413 0.0
150.0 0.755390036903 0.0
93.0 1.03554842424 0.0
40.0 0.98033060789 0.0
36.0 1.03369184987 0.0
121.0 -2.76181354046 1.0
105.0 1.03857091842 0.0
134.0 1.00213593496 0.0
64.0 0.978564642711 0.0
6.0 0.996991709616 0.0
174.0 6.68866257055 0.0
59.0 1.04791217933 0.0
21.0 0.965228446873 0.0
81.0 -2.7565950542 1.0
176.0 -1.77084654062 1.0
122.0 -2.77659349944 1.0
12.0 -2.78565770313 1.0
object 54	1.0:0.5 8.17436702118:0.5
181.0 1.06518236174 0.0
89.0 8.17364389981 1.0
158.0 8.30582542745 1.0
30.0 1.04357084838 0.0
171.0 14.1990087166 1.0
74.0 1.01681161279 0.0
37.0 1.05487007727 0.0
71.0 0.910442218306 0.0
120.0 8.28709045595 1.0
40.0 0.995660051875 0.0
32.0 0.985033058514 0.0
59.0 8.30680826561 1.0
184.0 -1.62127563767 0.0
72.0 1.04616047886 0.0
121.0 8.0920068914 1.0
98.0 0.9943435799 0.0
55.0 8.17098654596 1.0
49.0 8.22017450984 1.0
65.0 8.1301997794 1.0
134.0 8.16588170598 1.0
object 55	1.0:0.5 -2.334290124:0.5
79.0 0.984342646685 0.0
155.0 -2.99187898854 1.0
49.0 -2.39427000891 1.0
198.0 -10.8383968163 1.0
121.0 1.0251798999 0.0
108.0 -2.27607695547 1.0
151.0 -3.34732019472 1.0
193.0 -1.61958114956 1.0
124.0 1.02557012825 0.0
32.0 0.989148314826 0.0
172.0 0.716277614497 0.0
120.0 -2.40392422575 1.0
137.0 -2.29409894212 1.0
89.0 1.04713348577 0.0
41.0 -2.36568673836 1.0
150.0 -2.79310105638 1.0
object 56	1.0:0.5 18.2304196211:0.5
61.0 1.03910979957 0.0
41.0 1.00723795125 0.0
45.0 1.02606415379 0.0
192.0 18.1511469789 1.0
64.0 0.94081169695 0.0
147.0 0.665948319013 0.0
9.0 18.2823969794 1.0
137.0 18.1791798896 1.0
34.0 18.261464973 1.0
18.0 1.06602465523 0.0
107.0 1.01841515652 0.0
76.0 18.303063792 1.0
88.0 0.98361373169 0.0
78.0 0.987852885047 0.0
173.0 3.9481799251 0.0
11.0 1.00759768596 0.0
126.0 18.1917507968 1.0
179.0 16.5576045584 1.0
165.0 0.997507126984 0.0
37.0 0.990727435205 0.0
158.0 20.0567887107 1.0
27.0 1.03876943833 0.0
142.0 16.325492909 1.0
13.0 0.973525292472 0.0
19.0 18.2051691701 1.0
150.0 17.9501448665 1.0
object 57	1.0:0.5 -10.8231131564:0.5
24.0 -10.8418261679 1.0
93.0 -10.8349663119 1.0
152.0 1.62669652154 0.0
172.0 -14.7071608805 1.0
134.0 0.969660756488 0.0
37.0 1.03460935354 0.0
182.0 0.969282684607 0.0
55.0 1.03534042064 0.0
124.0 1.01961927776 0.0
108.0 -10.7311551252 1.0
39.0 1.00253952978 0.0
110.0 0.997936011361 0.0
18.0 1.0199023228 0.0
51.0 -10.7517059784 1.0
19.0 -10.8472669038 1.0
36.0 0.972386559832 0.0
166.0 4.59699097812 0.0
136.0 -10.8890702447 1.0
89.0 -10.7505075997 1.0
84.0 -10.768785653 1.0
148.0 -9.6524339028 1.0
103.0 1.00070280702 0.0
43.0 1.07089006166 0.0
object 58	1.0:0.5 -7.25568891654:0.5
55.0 -7.27018459081 1.0
64.0 -7.20759896019 1.0
129.0 1.01293933986 0.0
105.0 0.939481759416 0.0
72.0 -7.31732178774 1.0
164.0 2.13084962981 0.0
193.0 -5.66567869329 1.0
132.0 1.05491413757 0.0
73.0 0.885789329334 0.0
137.0 -7.25639388228 1.0
24.0 1.09362113196 0.0
124.0 -7.26728325227 1.0
47.0 0.954201508798 0.0
126.0 1.04946721327 0.0
102.0 0.960711686882 0.0
172.0 8.17037426155 0.0
97.0 -7.14744899934 1.0
58.0 1.0454935815 0.0
50.0 -7.22018975242 1.0
object 59	1.0:0.5 -2.75162510395:0.5
136.0 -2.78834643062 1.0
110.0 -2.72221080056 1.0
51.0 -2.6192258858 1.0
84.0 -2.76265335989 1.0
19.0 0.994764571 0.0
135.0 -2.68066684512 1.0
27.0 -2.8447702422 1.0
148.0 -2.39892442931 1.0
92.0 0.991823967765 0.0
35.0 -2.68279634858 1.0
38.0 1.07032835302 0.0
57.0 -2.69405116158 1.0
82.0 -2.85620624709 1.0
40.0 -2.77921342764 1.0
178.0 -1.26894999933 1.0
object 60	1.0:0.5 0.629273143582:0.5
105.0 1.05209970037 0.0
188.0 5.68903003359 1.0
69.0 0.52997417715 1.0
62.0 0.962141535582 0.0
175.0 4.18058534394 0.0
135.0 0.648247702386 1.0
43.0 0.627942065478 1.0
23.0 0.673807750296 1.0
192.0 1.77438251439 1.0
157.0 -3.11174275708 0.0
85.0 1.01218964307 0.0
18.0 0.918424656025 0.0
147.0 -0.214727720838 1.0
52.0 0.518318713663 1.0
15.0 1.0002293313 0.0
103.0 0.607816352467 1.0
8.0 0.577021776689 1.0
11.0 0.629604058183 1.0
127.0 1.01622677813 0.0
169.0 3.91615370117 0.0
71.0 1.01685307511 0.0
object 61	1.0:0.5 7.09678563077:0.5
184.0 -7.04019230512 0.0
97.0 7.16933708638 1.0
154.0 0.521598105586 0.0
78.0 0.951181817651 0.0
26.0 1.01059956878 0.0
13.0 0.97535812419 0.0
157.0 1.61356511832 1.0
140.0 0.847069651862 0.0
34.0 7.11790986813 1.0
53.0 1.0000737134 0.0
109.0 7.07408283608 1.0
52.0 7.08275895421 1.0
85.0 1.06095214797 0.0
70.0 7.091455825 1.0
21.0 7.06108234425 1.0
84.0 7.11758632076 1.0
125.0 7.1511386608 1.0
168.0 7.55207421702 1.0
136.0 0.967564011397 0.0
99.0 7.18198345965 1.0
43.0 1.03256936054 0.0
172.0 2.13348153683 1.0
107.0 7.16295392339 1.0
object 62	1.0:0.5 18.6145063112:0.5
198.0 20.0117928554 1.0
93.0 0.94637891173 0.0
117.0 0.932612506363 0.0
106.0 18.5853907621 1.0
73.0 18.5584590015 1.0
46.0 1.01812795325 0.0
150.0 20.6387365396 1.0
20.0 0.963199144281 0.0
30.0 18.5885165893 1.0
79.0 18.6694675537 1.0
86.0 1.02675377604 0.0
84.0 1.08251831006 0.0
119.0 0.999559139885 0.0
33.0 1.17718604908 0.0
175.0 21.2301290348 1.0
162.0 1.67901638051 0.0
183.0 19.9371717038 1.0
187.0 1.99012837047 0.0
94.0 18.6039889891 1.0
28.0 18.600424782 1.0
61.0 1.03206149875 0.0
object 63	1.0:0.5 -15.807533688:0.5
110.0 0.987285997178 0.0
192.0 1.45804895538 0.0
123.0 1.0072636267 0.0
63.0 0.919657824738 0.0
143.0 -14.8037759127 1.0
60.0 0.973909873851 0.0
42.0 1.02023508875 0.0
10.0 -15.7435871329 1.0
47.0 0.959583790153 0.0
67.0 -15.7731493148 1.0
168.0 0.0194360328164 0.0
119.0 -15.8624306159 1.0
162.0 -13.833076506 1.0
186.0 -15.9567976146 1.0
155.0 -0.677724005675 0.0
132.0 0.93052084573 0.0
23.0 -15.815925698 1.0
161.0 -7.02728701931 1.0
2.0 0.947334745993 0.0
188.0 -2.00898208612 0.0
85.0 -15.8297757649 1.0
179.0 1.47680538408 0.0
185.0 -1.65158886097 0.0
126.0 1.00919736508 0.0
135.0 -15.7551210206 1.0
114.0 -15.8716821694 1.0
48.0 -15.7648895046 1.0
103.0 -15.7945391188 1.0
object 64	1.0:0.5 -6.9897344972:0.5
49.0 0.974381264349 0.0
182.0 3.21864620076 0.0
154.0 -12.9231973926 1.0
95.0 -6.90930200752 1.0
183.0 -2.30353298128 0.0
106.0 -6.9090252034 1.0
109.0 -6.98935763322 1.0
153.0 -9.92567232711 1.0
39.0 -6.85160924657 1.0
148.0 -0.256242196024 0.0
22.0 1.01094090891 0.0
2.0 0.9644115133 0.0
6.0 0.956462669474 0.0
46.0 -6.93438770296 1.0
88.0 -7.04783380149 1.0
94.0 0.905338905176 0.0
142.0 0.265698732695 1.0
167.0 4.0106219981 0.0
162.0 -8.6748034447 1.0
179.0 0.0854625437967 0.0
141.0 2.48322452579 0.0
124.0 -7.02162620332 1.0
77.0 -6.9315537189 1.0
68.0 -7.01107908541 1.0
object 65	1.0:0.5 -7.26264325632:0.5
133.0 1.06017969462 0.0
183.0 -1.6585063379 0.0
44.0 -7.27796840058 1.0
182.0 -7.3359214589 1.0
34.0 -7.32605037829 1.0
88.0 -7.20475460398 1.0
28.0 -7.39838136802 1.0
191.0 -3.68894143271 1.0
48.0 -7.24026698559 1.0
149.0 -0.749802348118 0.0
177.0 0.595386476053 0.0
54.0 0.983476441961 0.0
112.0 1.04086120306 0.0
193.0 2.25059344857 0.0
190.0 -3.11654540401 0.0
2.0 1.08931106728 0.0
23.0 -7.32839095865 1.0
189.0 3.32233223012 0.0
68.0 -7.27478493553 1.0
74.0 0.943221247503 0.0
185.0 -0.365647229375 0.0
17.0 -7.23331390631 1.0
52.0 1.10181859846 0.0
111.0 0.981096807614 0.0
91.0 1.02242126604 0.0
1.0 1.06583726114 0.0
198.0 -1.22692765398 0.0
43.0 -7.34919152813 1.0
163.0 1.62226714806 0.0
49.0 -7.26628617149 1.0
134.0 -7.20965349488 1.0
60.0 -7.33034837236 1.0
137.0 1.04041122812 0.0
128.0 0.977479619866 0.0
object 66	1.0:0.5 7.60917939246:0.5
139.0 1.00819794578 0.0
175.0 3.30038711123 1.0
54.0 7.61851969616 1.0
171.0 8.60776698332 1.0
173.0 8.02036201457 1.0
193.0 8.53860511527 1.0
92.0 1.04637309289 0.0
64.0 7.57016441602 1.0
156.0 -1.31092805756 0.0
16.0 7.6529189122 1.0
149.0 -0.0209060271746 0.0
63.0 1.05080725638 0.0
117.0 7.54129870913 1.0
120.0 0.938876091842 0.0
4.0 7.63694990639 1.0
94.0 0.961526566056 0.0
object 67	1.0:0.5 -13.4177358159:0.5
78.0 -13.446047059 1.0
133.0 1.05277079834 0.0
91.0 -13.3816752822 1.0
82.0 1.04479958332 0.0
123.0 1.04063444873 0.0
34.0 -13.4547599417 1.0
185.0 -4.44273069776 0.0
115.0 -13.3592625823 1.0
3.0 0.943224217787 0.0
120.0 -13.3551033729 1.0
176.0 6.16528118 0.0
47.0 -13.3786144014 1.0
109.0 -13.4029195323 1.0
12.0 -13.4596612746 1.0
86.0 0.975437241541 0.0
77.0 0.981725332568 0.0
157.0 -16.2975275455 1.0
72.0 -13.4507843529 1.0
159.0 -1.12576869671 0.0
192.0 -10.8565413038 1.0
68.0 1.00548613023 0.0
166.0 -15.4827354282 1.0
155.0 -17.4556251858 1.0
83.0 -13.3928595382 1.0
74.0 1.05984510345 0.0
93.0 -13.4649656655 1.0
45.0 1.06002886992 0.0
30.0 1.00968902763 0.0
142.0 1.29356965726 0.0
100.0 -13.4501767177 1.0
21.0 -13.4673164665 1.0
object 68	1.0:0.5 -24.300031615:0.5
165.0 -24.7475820321 1.0
20.0 1.02097110962 0.0
181.0 -24.9070805443 1.0
101.0 1.02624170973 0.0
197.0 0.0640224818983 0.0
139.0 -24.2452565415 1.0
191.0 4.55147610651 0.0
134.0 0.974615313333 0.0
82.0 0.930243518146 0.0
42.0 0.943329258723 0.0
95.0 -24.3228867388 1.0
90.0 0.952874752006 0.0
174.0 -22.4712807368 1.0
182.0 3.27001161603 0.0
125.0 -24.3312917077 1.0
142.0 3.32536512907 0.0
115.0 0.95992927488 0.0
85.0 -24.3139829494 1.0
38.0 0.9670148317 0.0
23.0 0.949560139745 0.0
173.0 -24.1964594824 1.0
74.0 1.0613801122 0.0
56.0 -24.3440311061 1.0
43.0 -24.2702547123 1.0
31.0 1.09501356259 0.0
154.0 5.28802986997 0.0
183.0 0.679275166609 0.0
81.0 -24.3696762366 1.0
133.0 0.975834401227 0.0
170.0 0.297326683947 0.0
45.0 0.97255932583 0.0
39.0 -24.2996108128 1.0
184.0 -12.0210605275 1.0
121.0 1.01487895347 0.0
71.0 -24.2940101817 1.0
object 69	1.0:0.5 7.60426738526:0.5
146.0 0.671398240189 0.0
0.0 0.992817280765 0.0
115.0 0.946452292075 0.0
32.0 1.03476250865 0.0
113.0 0.99294722656 0.0
71.0 7.63634078872 1.0
89.0 7.65158592422 1.0
158.0 9.99202936071 1.0
47.0 0.978638641237 0.0
37.0 0.973026096531 0.0
80.0 0.981632834439 0.0
140.0 5.9816040472 1.0
83.0 7.66128364993 1.0
167.0 10.838965544 1.0
11.0 7.71296212955 1.0
33.0 7.68254751302 1.0
121.0 1.06284624914 0.0
168.0 0.458154607834 0.0
159.0 11.2685203021 1.0
64.0 7.65893219022 1.0
139.0 7.60512418923 1.0
23.0 0.988291214718 0.0
82.0 7.62818471484 1.0
97.0 0.963198701662 0.0
object 70	1.0:0.5 9.85163631617:0.5
185.0 3.64866150667 1.0
32.0 9.80361265741 1.0
26.0 1.10238710561 0.0
173.0 0.344224890416 0.0
178.0 6.29456550526 1.0
149.0 0.0305253787835 0.0
89.0 9.89966145054 1.0
120.0 9.88584966324 1.0
163.0 7.93444095411 1.0
194.0 -0.0396322144069 0.0
10.0 1.06918340481 0.0
172.0 8.67202639944 1.0
92.0 0.988805238931 0.0
103.0 0.956226179223 0.0
119.0 9.92082009576 1.0
133.0 9.84521832949 1.0
48.0 1.00849687401 0.0
152.0 0.348313307113 0.0
97.0 9.84353413037 1.0
70.0 0.946210438964 0.0
190.0 7.98160889276 1.0
176.0 9.06299745809 1.0
144.0 9.47369852809 1.0
object 71	1.0:0.5 1.45138370307:0.5
61.0 0.965316625033 0.0
90.0 0.989032104163 0.0
11.0 1.44869670768 1.0
63.0 1.44943087965 1.0
160.0 -0.3386406355 0.0
194.0 2.91209769198 1.0
32.0 1.36049022193 1.0
100.0 1.51073102605 1.0
12.0 1.06229695381 0.0
55.0 0.993971940373 0.0
27.0 1.43317240577 1.0
141.0 1.01134978664 1.0
87.0 1.01876454662 0.0
15.0 0.973254672164 0.0
39.0 1.44446606165 1.0
7.0 0.94245213616 0.0
92.0 1.53070128105 1.0
135.0 1.5290599889 1.0
146.0 0.379137550254 0.0
object 72	1.0:0.5 -17.3754644456:0.5
166.0 0.723581858964 0.0
83.0 0.948381971454 0.0
23.0 1.0064424148 0.0
195.0 0.55978404731 0.0
77.0 -17.368721859 1.0
21.0 -17.4111966758 1.0
192.0 -0.464811781384 0.0
129.0 1.05178196283 0.0
125.0 -17.3594415959 1.0
52.0 -17.4245069583 1.0
143.0 -17.609856252 1.0
12.0 1.03385615633 0.0
138.0 0.988462000424 0.0
79.0 1.02253481441 0.0
38.0 -17.2686582023 1.0
164.0 -1.38546024192 0.0
108.0 -17.3540223742 1.0
131.0 -17.3276734477 1.0
75.0 -17.2907836814 1.0
181.0 2.68801462575 0.0
31.0 -17.4501371465 1.0
object 73	1.0:0.5 -0.673570213808:0.5
176.0 8.99374748597 0.0
170.0 0.82708974475 0.0
59.0 1.02263055057 0.0
173.0 2.45839393712 1.0
22.0 0.973316795267 0.0
171.0 1.06044885922 1.0
104.0 0.916266739681 0.0
196.0 4.38423516764 1.0
105.0 -0.65842694743 1.0
67.0 1.04165742023 0.0
181.0 2.34134734966 0.0
11.0 1.06332656632 0.0
157.0 -3.23493555839 0.0
163.0 -0.236041964209 0.0
87.0 -0.68083056427 1.0
142.0 -0.665388311566 0.0
58.0 1.03991621468 0.0
76.0 1.01791231429 0.0
78.0 -0.713809325903 1.0
object 74	1.0:0.5 -0.844912587234:0.5
48.0 -0.806151255102 1.0
124.0 1.02334409786 0.0
115.0 1.02069469634 0.0
6.0 1.01682528769 0.0
82.0 -0.975330279197 1.0
116.0 0.983122772595 0.0
85.0 1.09443773758 0.0
113.0 1.09320356344 0.0
192.0 -0.780269637805 1.0
168.0 0.952099938375 0.0
45.0 -0.822414139365 1.0
40.0 -0.842722748278 1.0
80.0 0.970486136872 0.0
131.0 -0.871164014331 1.0
89.0 1.01337671569 0.0
198.0 0.485478122594 0.0
58.0 0.967639746619 0.0
160.0 -2.64779093419 1.0
166.0 -5.27894376691 0.0
34.0 0.990925514446 0.0
156.0 5.16366413124 0.0
158.0 3.7032765342 0.0
105.0 -0.87946605711 1.0
191.0 -0.525469832521 1.0
93.0 -0.783261755629 1.0
76.0 -0.878795595276 1.0
178.0 -0.823602873503 1.0
181.0 -2.0224168221 1.0
140.0 -1.01293190382 1.0
object 75	1.0:0.5 3.91591694303:0.5
85.0 3.87679055763 1.0
58.0 0.940656750843 0.0
42.0 1.00880327152 0.0
57.0 3.84191460023 1.0
88.0 3.92317171477 1.0
117.0 3.85192040159 1.0
89.0 3.95132034439 1.0
53.0 3.92776611788 1.0
197.0 -0.563323293927 0.0
166.0 -1.26439841426 1.0
144.0 2.68497665417 1.0
112.0 1.00418051687 0.0
26.0 0.998700968119 0.0
138.0 3.89246176263 1.0
178.0 1.4537358868 0.0
159.0 3.51206974798 1.0
84.0 1.03970237204 0.0
18.0 0.966328652513 0.0
196.0 3.82397864873 0.0
145.0 -1.2251903185 0.0
59.0 1.03172304939 0.0
12.0 1.02296263555 0.0
108.0 1.03609754902 0.0
171.0 0.771941999419 1.0
66.0 0.987002397686 0.0
10.0 0.990778180258 0.0
140.0 2.81446623088 1.0
151.0 8.80719921044 1.0
object 76	1.0:0.5 6.29026742891:0.5
36.0 0.985489518516 0.0
161.0 12.1018413125 1.0
82.0 6.30147177585 1.0
160.0 -1.70009862998 0.0
131.0 1.04217553205 0.0
87.0 1.0098131229 0.0
195.0 -2.05188031616 0.0
136.0 6.33503731904 1.0
40.0 0.923074750137 0.0
64.0 0.961148026056 0.0
176.0 1.98943056992 1.0
194.0 2.39042672356 0.0
191.0 1.70140693487 1.0
119.0 6.3382553224 1.0
165.0 -1.55260358178 0.0
53.0 1.07076090088 0.0
66.0 6.25070619894 1.0
70.0 6.2781267853 1.0
102.0 1.12188011862 0.0
81.0 0.956790568547 0.0
object 77	1.0:0.5 -0.744950225177:0.5
95.0 0.898273002816 0.0
105.0 -0.695298205272 1.0
131.0 0.953838784349 0.0
17.0 -0.739993326696 1.0
25.0 1.00684493636 0.0
35.0 -0.794643335559 1.0
11.0 -0.712050157605 1.0
188.0 5.67418151089 0.0
50.0 -0.806291200038 1.0
19.0 -0.749675346746 1.0
145.0 -6.08698746418 0.0
59.0 0.99877786865 0.0
189.0 -8.26510476506 1.0
98.0 0.990290989162 0.0
141.0 1.03073457332 0.0
56.0 -0.780751311366 1.0
136.0 0.981449317212 0.0
42.0 1.05044493813 0.0
104.0 -0.746543192166 1.0
177.0 2.03269408417 0.0
149.0 2.12537122364 0.0
187.0 5.54573845382 0.0
object 78	1.0:0.5 -3.62565168809:0.5
182.0 -2.36973801725 0.0
83.0 0.891495429027 0.0
109.0 0.878519608018 0.0
98.0 1.03677424852 0.0
50.0 -3.57759006783 1.0
133.0 1.04056357347 0.0
1.0 -3.57247755921 1.0
79.0 -3.52597314794 1.0
78.0 1.0006084938 0.0
138.0 -3.65779507291 1.0
11.0 -3.64586569713 1.0
174.0 0.651583591681 0.0
19.0 -3.62059197672 1.0
55.0 0.978731220031 0.0
111.0 -3.56148191049 1.0
189.0 -4.34524285961 0.0
60.0 0.988960804818 0.0
178.0 0.925134211275 0.0
110.0 1.02980788569 0.0
87.0 0.981535537223 0.0
72.0 0.944087079377 0.0
152.0 -3.08632600246 1.0
160.0 -5.00970866569 1.0
106.0 -3.64451376702 1.0
184.0 -4.8711303961 1.0
155.0 -4.92325646015 1.0
object 79	1.0:0.5 -2.7676448141:0.5
43.0 1.02449632244 0.0
79.0 -2.70527611929 1.0
186.0 1.17039957085 0.0
9.0 -2.71418410477 1.0
1.0 -2.72910665877 1.0
101.0 -2.8210272962 1.0
90.0 0.981917453778 0.0
191.0 0.271991533057 0.0
13.0 -2.74353782441 1.0
80.0 0.965544361261 0.0
192.0 1.05112466843 0.0
30.0 0.979216053982 0.0
73.0 -2.78807699776 1.0
111.0 0.883164711224 0.0
14.0 0.965339533283 0.0
176.0 -0.514857467601 0.0
3.0 1.06417062457 0.0
63.0 -2.73993878943 1.0
86.0 0.893308221463 0.0
22.0 1.03621502461 0.0
81.0 1.09519250686 0.0
object 80	1.0:0.5 -1.63793016153:0.5
30.0 0.978173700722 0.0
96.0 -1.72292765168 1.0
114.0 0.975216264183 0.0
113.0 0.987914095245 0.0
59.0 0.942564727884 0.0
44.0 -1.66703382129 1.0
11.0 -1.59748195305 1.0
29.0 -1.64282534506 1.0
60.0 0.96197678276 0.0
27.0 -1.64788239617 1.0
197.0 -0.80602078627 0.0
83.0 -1.61615350737 1.0
55.0 -1.70641243025 1.0
57.0 -1.59732667496 1.0
28.0 -1.6447028613 1.0
85.0 1.02183504974 0.0
18.0 -1.56708941177 1.0
179.0 0.319644394716 0.0
175.0 3.42833127873 0.0
48.0 0.953783595966 0.0
43.0 1.01178478659 0.0
126.0 0.947053175614 0.0
177.0 -3.5427072599 1.0
117.0 -1.70734801405 1.0
142.0 -9.70779217998 1.0
61.0 -1.58842135183 1.0
object 81	1.0:0.5 -3.55806885408:0.5
62.0 -3.5320135131 1.0
46.0 -3.50806091338 1.0
75.0 -3.49031730838 1.0
192.0 1.16121313986 0.0
100.0 -3.62679610705 1.0
90.0 -3.53634036199 1.0
132.0 0.976225115871 0.0
103.0 1.07195583483 0.0
159.0 -2.27053115885 0.0
74.0 1.07258071568 0.0
160.0 -4.41818120801 1.0
114.0 0.907902886269 0.0
153.0 -2.51202298781 0.0
61.0 1.07297234055 0.0
152.0 -0.0102867868222 0.0
197.0 0.232641346537 0.0
70.0 0.94109715874 0.0
121.0 -3.57727721395 1.0
166.0 3.09843433711 1.0
object 82	1.0:0.5 7.0009539523:0.5
63.0 7.07617379091 1.0
57.0 6.89895145415 1.0
32.0 6.88048661841 1.0
171.0 9.83244527994 1.0
151.0 2.66953376166 0.0
147.0 0.842447614342 0.0
145.0 3.79928157681 1.0
77.0 7.0548400137 1.0
75.0 0.9664494736 0.0
185.0 -4.03424407166 0.0
35.0 0.947077652311 0.0
60.0 0.99381282304 0.0
1.0 7.015503421 1.0
0.0 7.0108653485 1.0
114.0 0.944193549231 0.0
88.0 1.04108615287 0.0
34.0 0.956065097943 0.0
158.0 8.15706221442 1.0
6.0 7.01373968699 1.0
100.0 1.06152538662 0.0
46.0 7.04092340647 1.0
object 83	1.0:0.5 -1.14651299713:0.5
126.0 -1.21108738031 1.0
46.0 0.907985213709 0.0
151.0 -0.615361399782 0.0
144.0 -2.329240992 1.0
121.0 1.02462445085 0.0
60.0 -1.10664534107 1.0
66.0 1.01453120047 0.0
67.0 -1.16807737387 1.0
111.0 -1.15979013467 1.0
26.0 -1.13225922434 1.0
63.0 1.01544499806 0.0
80.0 0.970949044866 0.0
93.0 -1.11377478699 1.0
163.0 -2.78280418474 1.0
30.0 0.963007479773 0.0
18.0 1.0095275421 0.0
5.0 -1.14349043866 1.0
73.0 -1.06195280599 1.0
31.0 0.946384771211 0.0
181.0 0.317677798798 1.0
113.0 -1.13401432933 1.0
object 84	1.0:0.5 -19.9797119277:0.5
154.0 -19.8502283659 1.0
162.0 -1.67946092907 0.0
138.0 -19.9327665156 1.0
97.0 -20.0027572244 1.0
93.0 -20.0780283774 1.0
98.0 1.05034304819 0.0
133.0 0.982549958212 0.0
130.0 1.02093858615 0.0
180.0 -11.8256756197 1.0
118.0 -19.9773011451 1.0
165.0 -0.78794734887 0.0
188.0 -4.47051797091 0.0
96.0 -19.9688808709 1.0
54.0 -19.981197829 1.0
51.0 1.06234816743 0.0
35.0 -19.9472463738 1.0
81.0 0.983756168504 0.0
174.0 6.93061750881 0.0
184.0 -13.3017017415 1.0
45.0 -20.0011320599 1.0
170.0 0.385854328325 0.0
3.0 1.01463216931 0.0
132.0 0.928822350156 0.0
62.0 -19.9103821614 1.0
159.0 -18.6387984566 1.0
116.0 -19.9496436935 1.0
155.0 -0.730665293899 0.0
123.0 0.963416127094 0.0
106.0 0.916996801302 0.0
157.0 3.16353492835 0.0
67.0 0.997513445439 0.0
91.0 1.05737638497 0.0
20.0 0.995337039801 0.0
object 85	1.0:0.5 -3.77649169564:0.5
37.0 1.00153803897 0.0
35.0 -3.81795279955 1.0
77.0 0.996609026316 0.0
181.0 4.60354763718 0.0
44.0 0.954311425351 0.0
180.0 -3.07353191599 0.0
52.0 0.988810418422 0.0
10.0 1.04407614628 0.0
190.0 2.6994751523 1.0
140.0 6.26882743939 0.0
193.0 -2.07497398231 1.0
161.0 -2.65526210751 0.0
90.0 -3.70912645205 1.0
134.0 -3.78665329786 1.0
22.0 0.965312116265 0.0
174.0 -0.657663647222 0.0
130.0 1.07641575995 0.0
108.0 -3.76846866459 1.0
196.0 -0.323018025394 0.0
191.0 -0.535158403919 0.0
36.0 1.00299311636 0.0
68.0 1.04747853172 0.0
137.0 1.10633225478 0.0
151.0 -0.164593474413 1.0
47.0 -3.79753839494 1.0
172.0 -1.86062392678 1.0
143.0 0.402706001148 0.0
29.0 -3.81611939662 1.0
59.0 -3.80530076184 1.0
21.0 0.927033485546 0.0
113.0 1.0028377579 0.0
object 86	1.0:0.5 -6.20766542177:0.5
68.0 1.04862990545 0.0
48.0 -6.24753598318 1.0
164.0 2.78332106606 0.0
5.0 0.976736763534 0.0
128.0 0.95099292135 0.0
25.0 1.02538769564 0.0
34.0 1.0723875966 0.0
152.0 -4.6923254545 1.0
156.0 -9.6621656588 1.0
11.0 -6.20252102717 1.0
187.0 4.21266861082 0.0
147.0 -0.0878574012655 1.0
91.0 -6.2039566083 1.0
173.0 3.59428140336 0.0
13.0 -6.24302158786 1.0
69.0 -6.25300079145 1.0
122.0 -6.20837948834 1.0
14.0 1.00577073118 0.0
9.0 -6.18296275979 1.0
77.0 -6.14312259623 1.0
110.0 -6.19124638234 1.0
0.0 -6.13516395547 1.0
168.0 0.720685075655 0.0
59.0 0.952183189898 0.0
143.0 -6.49834920795 1.0
138.0 -6.13009371273 1.0
object 87	1.0:0.5 -10.6098463662:0.5
60.0 0.964504196846 0.0
135.0 0.943841507631 0.0
18.0 -10.6367782909 1.0
97.0 -10.6346998381 1.0
115.0 -10.6298231614 1.0
42.0 -10.6576487825 1.0
68.0 -10.695690851 1.0
189.0 3.54220657333 0.0
67.0 1.04263269471 0.0
93.0 -10.5807606552 1.0
52.0 -10.5904395956 1.0
23.0 -10.591725953 1.0
63.0 0.920052961995 0.0
134.0 -10.5195364025 1.0
70.0 0.897080741261 0.0
12.0 0.928415352344 0.0
131.0 0.967564131915 0.0
160.0 1.4228600732 0.0
173.0 -7.59365962038 1.0
119.0 -10.586514037 1.0
object 88	1.0:0.5 18.5022922686:0.5
158.0 -5.69367179935 0.0
29.0 18.5008025788 1.0
7.0 18.5307861206 1.0
70.0 0.984610858937 0.0
111.0 18.4369818314 1.0
124.0 0.926040420796 0.0
190.0 4.45990200827 0.0
35.0 18.4917816071 1.0
114.0 18.5079798084 1.0
71.0 1.07006110723 0.0
110.0 1.03450292713 0.0
51.0 0.981849665183 0.0
184.0 10.0042706485 0.0
17.0 0.975460448179 0.0
73.0 0.982014024137 0.0
90.0 18.4639852319 1.0
102.0 18.5157779174 1.0
53.0 1.07883279537 0.0
199.0 15.4991600912 1.0
186.0 17.1521237276 1.0
92.0 1.0175644213 0.0
183.0 1.78195225614 0.0
159.0 7.2488141671 0.0
object 89	1.0:0.5 -2.81874863692:0.5
21.0 0.961486171426 0.0
105.0 0.883998550172 0.0
85.0 -2.82650135036 1.0
157.0 4.11778373479 1.0
82.0 1.04126270263 0.0
87.0 -2.84363403374 1.0
69.0 -2.74205918746 1.0
83.0 1.04676553887 0.0
156.0 -3.80681716702 0.0
123.0 0.953191160146 0.0
103.0 1.03120931622 0.0
4.0 -2.80883941338 1.0
24.0 -2.80180789478 1.0
106.0 -2.79281024993 1.0
81.0 -2.86737394766 1.0
35.0 -2.83536276113 1.0
133.0 -2.79676236836 1.0
164.0 -0.947741569948 0.0
125.0 -2.85986943594 1.0
object 90	1.0:0.5 4.7464397382:0.5
13.0 4.68252994615 1.0
60.0 4.74932196256 1.0
139.0 0.960336109391 0.0
58.0 1.01113995147 0.0
96.0 0.939918967047 0.0
82.0 4.71431478299 1.0
124.0 1.07614928462 0.0
170.0 -1.21936061778 0.0
92.0 1.08217348169 0.0
136.0 1.01098944503 0.0
51.0 1.12051788965 0.0
75.0 4.78533558446 1.0
105.0 1.00529521426 0.0
197.0 0.192767111837 0.0
192.0 5.04233948019 1.0
125.0 1.05402719906 0.0
23.0 0.96544268964 0.0
132.0 0.920772299267 0.0
110.0 4.68700475069 1.0
155.0 5.12010869549 1.0
70.0 1.02650867839 0.0
12.0 1.05412444723 0.0
80.0 0.941886008904 0.0
71.0 4.7756513094 1.0
16.0 1.00484129951 0.0
181.0 -1.14994413734 0.0
object 91	1.0:0.5 10.621940525:0.5
2.0 1.04577566803 0.0
74.0 10.5798224505 1.0
104.0 10.5780442635 1.0
37.0 1.00651809203 0.0
106.0 10.5846331357 1.0
163.0 5.35171539017 0.0
3.0 10.6191108778 1.0
9.0 0.893366194542 0.0
93.0 1.03944149331 0.0
113.0 10.636982491 1.0
41.0 1.0047057153 0.0
157.0 7.19915474181 1.0
184.0 6.59372969277 1.0
193.0 8.72508538451 1.0
119.0 10.5961584149 1.0
174.0 -1.21421262096 0.0
34.0 1.03550017007 0.0
32.0 0.957126361326 0.0
161.0 8.290386214 0.0
143.0 12.8722982015 1.0
134.0 10.5837390373 1.0
78.0 0.940593903028 0.0
object 92	1.0:0.5 -5.21174112792:0.5
127.0 1.07864088001 0.0
57.0 1.01121324963 0.0
14.0 -5.17253053213 1.0
65.0 1.0849287518 0.0
69.0 -5.20916061942 1.0
185.0 0.278418862978 0.0
173.0 0.15230379342 0.0
183.0 3.39867710623 0.0
149.0 0.703798765841 0.0
109.0 0.994007995404 0.0
143.0 -4.51199187146 1.0
119.0 -5.23713493189 1.0
120.0 0.973391961038 0.0
53.0 1.0860125534 0.0
12.0 1.09467539376 0.0
124.0 -5.20182148283 1.0
85.0 -5.19880573071 1.0
142.0 -3.63587314527 1.0
102.0 -5.27099524458 1.0
28.0 -5.23200147998 1.0
52.0 -5.27588045796 1.0
44.0 0.956382212891 0.0
177.0 -5.15890769564 1.0
122.0 0.926699143884 0.0
object 93	1.0:0.5 7.96521960485:0.5
2.0 7.95710077117 1.0
179.0 7.43189160341 1.0
169.0 0.632006467805 0.0
31.0 7.94302528701 1.0
78.0 7.92502857392 1.0
136.0 1.05718147723 0.0
28.0 7.92096578385 1.0
27.0 7.98076384408 1.0
89.0 8.00930601003 1.0
86.0 7.96818626327 1.0
0.0 8.08847587859 1.0
68.0 0.990527858048 0.0
116.0 8.00022064283 1.0
101.0 7.96916468167 1.0
43.0 1.04083364107 0.0
77.0 7.94828322367 1.0
128.0 7.94004036821 1.0
155.0 12.5271270053 1.0
162.0 2.85597245803 0.0
113.0 7.96262011802 1.0
1.0 7.95120502852 1.0
41.0 7.96651221783 1.0
188.0 13.3701745089 1.0
96.0 1.01595994475 0.0
131.0 7.95580583886 1.0
object 94	1.0:0.5 -0.841536476274:0.5
150.0 1.12154924174 0.0
122.0 -0.762082585385 1.0
160.0 -2.19415958593 1.0
67.0 -0.778761554839 1.0
82.0 1.02684182863 0.0
93.0 -0.827187382446 1.0
34.0 -0.793970193326 1.0
97.0 0.970120445481 0.0
88.0 1.01999318156 0.0
169.0 -2.07252949414 1.0
96.0 -0.848468688517 1.0
64.0 0.982850378585 0.0
32.0 0.987179992842 0.0
124.0 -0.85383035644 1.0
133.0 0.984404096026 0.0
187.0 4.2603480832 1.0
159.0 1.24179769442 0.0
108.0 0.955518626034 0.0
43.0 0.984949258066 0.0
178.0 2.61443226665 0.0
53.0 1.04854062742 0.0
60.0 -0.834476022788 1.0
15.0 0.993137355249 0.0
13.0 1.01315185234 0.0
163.0 -0.93646488372 1.0
139.0 -0.865651330138 1.0
61.0 0.941907880612 0.0
object 95	1.0:0.5 17.2463999465:0.5
194.0 19.5069024023 1.0
199.0 3.8955753099 0.0
154.0 21.7232792462 1.0
80.0 1.04465186449 0.0
18.0 17.2241645022 1.0
7.0 0.946354730153 0.0
82.0 17.2669505358 1.0
31.0 1.02708042838 0.0
179.0 18.3203776526 1.0
29.0 17.1708911408 1.0
112.0 1.05922576321 0.0
108.0 0.997680774327 0.0
169.0 -0.105824380338 0.0
121.0 1.06987902069 0.0
148.0 17.0475033381 1.0
151.0 6.38599622857 0.0
77.0 1.02175463773 0.0
119.0 17.2173496189 1.0
144.0 13.7891448132 1.0
165.0 3.4009119136 0.0
object 96	1.0:0.5 -18.154765939:0.5
53.0 0.985017369647 0.0
88.0 1.05685957069 0.0
11.0 -18.2236084593 1.0
91.0 -18.0751145932 1.0
93.0 -18.226116735 1.0
47.0 0.973471042466 0.0
100.0 1.0427936162 0.0
104.0 -18.1553855308 1.0
182.0 -16.91816816 1.0
15.0 0.988145108464 0.0
133.0 -18.0909553054 1.0
149.0 -17.477390312 1.0
112.0 -18.1193316241 1.0
20.0 0.951083642593 0.0
115.0 -18.1222836015 1.0
85.0 -18.1508148203 1.0
43.0 -18.1509818632 1.0
129.0 0.979548771682 0.0
163.0 -25.537234176 1.0
object 97	1.0:0.5 17.4438013557:0.5
36.0 17.3865517242 1.0
53.0 17.4028035791 1.0
24.0 0.931286221507 0.0
17.0 1.04151148124 0.0
172.0 28.2773113921 1.0
92.0 1.00265405485 0.0
176.0 18.9402368954 1.0
95.0 17.4484836965 1.0
153.0 15.277760951 1.0
196.0 11.5874909249 1.0
139.0 0.946142601481 0.0
104.0 0.963054563428 0.0
50.0 17.441205783 1.0
72.0 17.4341400617 1.0
48.0 17.3923033505 1.0
63.0 17.4066650784 1.0
20.0 17.497488837 1.0
12.0 17.4745884894 1.0
83.0 17.494166129 1.0
26.0 1.03443062496 0.0
173.0 0.130888955475 0.0
object 98	1.0:0.5 -6.38474737298:0.5
107.0 -6.36067745177 1.0
132.0 1.04012356684 0.0
159.0 -11.3650009771 1.0
45.0 -6.37171429598 1.0
100.0 1.08220148326 0.0
75.0 1.04004450061 0.0
18.0 -6.33675362198 1.0
160.0 -3.01490822752 0.0
163.0 -8.34538345199 1.0
20.0 1.06765632898 0.0
191.0 -0.873938541564 1.0
178.0 -5.65517936549 1.0
150.0 -4.33940603241 1.0
81.0 0.974081944931 0.0
153.0 -6.16480462351 1.0
168.0 3.2050936909 0.0
152.0 1.24264372763 0.0
111.0 -6.38243215259 1.0
68.0 -6.38755090625 1.0
8.0 -6.34927400227 1.0
189.0 -5.56032269224 1.0
187.0 5.08380577181 0.0
object 99	1.0:0.5 3.01492634088:0.5
66.0 0.992337076958 0.0
61.0 1.12030004509 0.0
178.0 3.95766925384 0.0
107.0 2.94618340996 1.0
46.0 2.99348029649 1.0
170.0 4.53827448639 1.0
129.0 0.849086675463 0.0
114.0 3.00572782538 1.0
144.0 5.97049162613 1.0
194.0 4.78664103662 0.0
22.0 3.0590268554 1.0
72.0 3.09143413047 1.0
179.0 -0.407561327416 0.0
126.0 3.00243578909 1.0
51.0 3.08740795575 1.0
156.0 -1.51912366707 0.0
54.0 2.97683170096 1.0
128.0 3.04348164075 1.0
190.0 10.1358292982 1.0
138.0 0.908209509471 0.0
171.0 -4.13551461016 1.0
83.0 1.03135854307 0.0
62.0 3.05831087125 1.0
148.0 2.221209245 0.0
182.0 3.617363995 1.0
32.0 0.935706017518 0.0
