object 0	1.0:1.0
193.0 1.74904968757 1.0
157.0 1.049910858 1.0
134.0 1.00240044044 1.0
174.0 0.274615052181 1.0
144.0 0.960504050034 1.0
96.0 1.02491574487 1.0
183.0 -2.85851094793 1.0
53.0 0.985218783065 1.0
83.0 0.997873200451 1.0
34.0 1.00375448249 1.0
170.0 9.51635549409 1.0
194.0 -0.778361594587 1.0
145.0 0.987892660368 1.0
65.0 0.979774931941 1.0
161.0 2.33473857662 1.0
114.0 0.97443386354 1.0
156.0 1.08543661519 1.0
69.0 1.01645964235 1.0
107.0 1.05985935932 1.0
122.0 1.010915728 1.0
197.0 4.58921973484 1.0
77.0 0.978762962898 1.0
152.0 0.976140461946 1.0
189.0 0.30632111097 1.0
128.0 0.995674899435 1.0
object 1	1.0:1.0
9.0 1.03939676327 1.0
151.0 0.992002294088 1.0
123.0 0.974390301042 1.0
99.0 0.973497417948 1.0
119.0 0.941013979055 1.0
58.0 1.01796412828 1.0
149.0 1.01409532029 1.0
140.0 1.04930744275 1.0
41.0 1.02800854922 1.0
131.0 0.999407513542 1.0
138.0 1.03517420554 1.0
184.0 2.87154577412 1.0
89.0 1.02887940674 1.0
23.0 1.01510703327 1.0
181.0 0.477674120275 1.0
54.0 1.00045909069 1.0
46.0 1.09188289508 1.0
32.0 0.95405287912 1.0
95.0 0.967978770952 1.0
176.0 1.41560463713 1.0
121.0 0.996954966278 1.0
68.0 1.00096054859 1.0
28.0 0.968345088471 1.0
20.0 0.925308592827 1.0
92.0 0.953386610375 1.0
13.0 1.00361645122 1.0
86.0 0.94737084286 1.0
155.0 1.0110292581 1.0
77.0 0.997736846676 1.0
172.0 -1.03715281706 1.0
159.0 0.971230419715 1.0
object 2	1.0:1.0
24.0 0.974394486189 1.0
85.0 1.00393092962 1.0
79.0 1.0128974372 1.0
87.0 0.964029190093 1.0
176.0 -4.05704309302 1.0
172.0 7.1179345796 1.0
101.0 0.986709420266 1.0
26.0 0.974995615571 1.0
118.0 0.932173999773 1.0
142.0 0.984373663936 1.0
138.0 0.988524922371 1.0
167.0 1.75729812869 1.0
137.0 0.975958087202 1.0
149.0 0.965818095218 1.0
15.0 0.92228705576 1.0
129.0 1.08963745709 1.0
45.0 1.05036296055 1.0
152.0 1.05811595748 1.0
55.0 0.987972481478 1.0
56.0 0.981492859048 1.0
49.0 0.964655326297 1.0
180.0 -1.38305048783 1.0
132.0 1.0335179216 1.0
43.0 0.990563555864 1.0
147.0 1.00231519425 1.0
143.0 1.00932430221 1.0
84.0 0.955831115988 1.0
11.0 1.01238995029 1.0
72.0 0.983168631207 1.0
50.0 1.0054165965 1.0
object 3	1.0:1.0
172.0 3.96391264638 1.0
192.0 3.34917490501 1.0
126.0 0.941816560075 1.0
190.0 2.89828635644 1.0
133.0 1.07245253088 1.0
158.0 1.02566946934 1.0
177.0 -1.83191854376 1.0
136.0 0.989443112371 1.0
108.0 0.980760848961 1.0
156.0 1.02221427174 1.0
9.0 0.966477410325 1.0
58.0 1.00514263229 1.0
67.0 1.04597939001 1.0
154.0 1.0840462323 1.0
140.0 0.991819175316 1.0
165.0 -2.07039836514 1.0
162.0 1.5266407243 1.0
75.0 1.03007754731 1.0
110.0 1.01922760122 1.0
186.0 5.28600901248 1.0
147.0 1.03754463044 1.0
99.0 0.966279696303 1.0
197.0 3.30567593355 1.0
13.0 1.00126921472 1.0
175.0 2.76425517166 1.0
35.0 1.02890044921 1.0
78.0 0.956410214958 1.0
141.0 0.931297022185 1.0
50.0 1.00320360742 1.0
43.0 1.00204263794 1.0
134.0 1.00194334409 1.0
188.0 7.32070287579 1.0
object 4	1.0:1.0
66.0 0.965886660268 1.0
121.0 0.98366982598 1.0
60.0 0.975388815642 1.0
125.0 0.95818159555 1.0
96.0 1.02348516387 1.0
172.0 0.586385865421 1.0
22.0 0.995344796371 1.0
185.0 -2.44852342218 1.0
70.0 1.01439904694 1.0
16.0 1.00551270392 1.0
116.0 1.00193394492 1.0
57.0 1.0087219032 1.0
24.0 0.993240670453 1.0
101.0 1.04933307191 1.0
133.0 1.09349814679 1.0
98.0 1.01329366234 1.0
63.0 0.968794788131 1.0
83.0 0.99154237705 1.0
30.0 1.02320894327 1.0
19.0 1.00130654503 1.0
62.0 0.999405266354 1.0
132.0 1.07710366428 1.0
13.0 1.0130999046 1.0
59.0 0.982324695378 1.0
54.0 0.994769019378 1.0
56.0 1.074804191 1.0
43.0 0.994777006729 1.0
84.0 0.999772215983 1.0
33.0 1.05104379976 1.0
150.0 0.969181129281 1.0
86.0 0.984849542578 1.0
107.0 0.950703335993 1.0
20.0 1.06379777115 1.0
10.0 1.0141758802 1.0
object 5	1.0:1.0
144.0 1.02787074641 1.0
75.0 0.982982639158 1.0
0.0 0.983140092491 1.0
183.0 3.6246884842 1.0
51.0 0.99998324448 1.0
111.0 0.967085251736 1.0
96.0 1.01999287826 1.0
150.0 0.94750965833 1.0
41.0 0.979987090293 1.0
30.0 1.01318256529 1.0
97.0 0.964121340669 1.0
50.0 0.979613849615 1.0
1.0 1.00988048618 1.0
10.0 1.04073603897 1.0
146.0 0.985121182937 1.0
11.0 1.01285256062 1.0
199.0 0.540771435346 1.0
122.0 0.998241755441 1.0
159.0 0.971732124977 1.0
90.0 0.98814582469 1.0
114.0 1.02401898657 1.0
4.0 1.00302818317 1.0
187.0 2.81471794016 1.0
34.0 1.03457242769 1.0
87.0 0.970779978343 1.0
24.0 0.97582073097 1.0
44.0 1.06001887629 1.0
38.0 0.987376376487 1.0
20.0 1.03411639549 1.0
164.0 0.919159300013 1.0
16.0 0.978165711809 1.0
162.0 -0.459321996479 1.0
101.0 1.00608216781 1.0
188.0 1.95389854542 1.0
3.0 0.991967548348 1.0
115.0 1.01113754627 1.0
198.0 -0.0122853551298 1.0
161.0 -1.46666260886 1.0
151.0 0.996591273834 1.0
157.0 1.02121989268 1.0
object 6	1.0:1.0
136.0 0.98708389585 1.0
61.0 0.998647200206 1.0
199.0 5.47297786699 1.0
14.0 0.982466925059 1.0
36.0 0.970651990021 1.0
142.0 1.01524160254 1.0
58.0 1.00811396019 1.0
102.0 0.979435022471 1.0
182.0 1.95147716837 1.0
108.0 1.02833508084 1.0
157.0 0.985969874545 1.0
178.0 3.06121937955 1.0
124.0 1.0093750669 1.0
55.0 1.001212646 1.0
125.0 0.945511916496 1.0
74.0 1.0083465484 1.0
162.0 -1.94018767665 1.0
91.0 0.921385781678 1.0
101.0 1.00722236884 1.0
167.0 2.94785794644 1.0
34.0 0.874636043788 1.0
149.0 1.01989716794 1.0
68.0 0.99814694435 1.0
198.0 3.08829297317 1.0
89.0 0.949521253272 1.0
169.0 5.01725539218 1.0
130.0 1.01111291843 1.0
103.0 1.01208613811 1.0
106.0 0.981808497927 1.0
188.0 -4.36498848316 1.0
object 7	1.0:1.0
117.0 1.00489884814 1.0
34.0 1.03633262518 1.0
158.0 0.967271884595 1.0
128.0 0.995958660363 1.0
167.0 1.94625438915 1.0
196.0 4.96412965218 1.0
111.0 0.974274367938 1.0
92.0 1.0523462504 1.0
107.0 1.02621603598 1.0
133.0 0.92683662781 1.0
24.0 1.01890361776 1.0
173.0 -0.242449042418 1.0
51.0 1.03571859964 1.0
67.0 0.959920739963 1.0
26.0 0.988795235867 1.0
48.0 0.952660725821 1.0
23.0 0.992669638706 1.0
89.0 1.04922851781 1.0
96.0 0.980497468594 1.0
125.0 1.07305001339 1.0
141.0 0.895825853736 1.0
5.0 1.00004647249 1.0
8.0 0.947900989033 1.0
56.0 1.00808588431 1.0
63.0 1.03927542535 1.0
30.0 0.983813378034 1.0
object 8	1.0:1.0
106.0 1.00427529975 1.0
80.0 1.06028140923 1.0
189.0 1.43459716972 1.0
79.0 0.963528624302 1.0
151.0 0.961684755106 1.0
145.0 0.996817466754 1.0
98.0 1.02061526371 1.0
116.0 0.991028291989 1.0
96.0 0.992511357924 1.0
156.0 0.972114533924 1.0
186.0 -2.12208723888 1.0
109.0 0.982676333642 1.0
177.0 2.56156260972 1.0
179.0 -0.0848342665491 1.0
97.0 0.989637947399 1.0
41.0 0.985261707326 1.0
142.0 0.958432881883 1.0
173.0 6.46852422773 1.0
158.0 1.02280624727 1.0
7.0 1.03383176397 1.0
32.0 0.99031706915 1.0
130.0 0.982915689558 1.0
65.0 0.974325480214 1.0
50.0 1.00209904922 1.0
74.0 1.00200225304 1.0
25.0 1.05559135106 1.0
83.0 0.9915189623 1.0
57.0 0.994023155848 1.0
object 9	1.0:1.0
189.0 2.19790862994 1.0
51.0 0.972504993645 1.0
94.0 1.01945590331 1.0
129.0 1.02161655214 1.0
4.0 0.990790289485 1.0
19.0 0.995704193003 1.0
102.0 0.95126189333 1.0
91.0 1.06797552735 1.0
76.0 1.00520000356 1.0
80.0 0.973730407666 1.0
146.0 1.01441804674 1.0
154.0 0.927665829306 1.0
144.0 0.985089353095 1.0
124.0 1.09050675871 1.0
165.0 -3.10757646794 1.0
151.0 0.984428500553 1.0
12.0 0.978740441802 1.0
168.0 0.844674079258 1.0
57.0 0.986982057043 1.0
0.0 0.955070527413 1.0
196.0 -1.13009381225 1.0
61.0 0.991951475446 1.0
132.0 0.985631261027 1.0
122.0 1.01825501617 1.0
52.0 0.980627113389 1.0
41.0 1.01480993572 1.0
65.0 1.00237215649 1.0
28.0 0.999463112566 1.0
53.0 1.05640866391 1.0
45.0 1.07381608031 1.0
10.0 0.972888321266 1.0
1.0 0.996950880392 1.0
object 10	1.0:1.0
87.0 1.00996228176 1.0
4.0 0.978805213419 1.0
137.0 1.02665807649 1.0
14.0 1.01384252081 1.0
23.0 0.986332973845 1.0
89.0 0.998385461788 1.0
17.0 0.989714567871 1.0
114.0 0.983607119719 1.0
130.0 0.991732444013 1.0
182.0 0.445246480665 1.0
181.0 -2.00199241386 1.0
71.0 0.988539005267 1.0
169.0 -5.94072739528 1.0
163.0 3.16389159803 1.0
11.0 1.01340914862 1.0
5.0 1.05915660817 1.0
79.0 1.02021570382 1.0
68.0 1.00501336087 1.0
43.0 1.01895574222 1.0
40.0 1.00554094887 1.0
127.0 0.993481998525 1.0
7.0 1.02453535772 1.0
162.0 1.02741062971 1.0
105.0 0.992372654722 1.0
195.0 -1.42432792798 1.0
145.0 1.00322028345 1.0
95.0 1.01006239911 1.0
151.0 1.07209670518 1.0
44.0 1.02914019452 1.0
133.0 1.10497966554 1.0
125.0 0.975843298827 1.0
179.0 -4.15800415289 1.0
111.0 0.985711151653 1.0
13.0 1.03000321923 1.0
134.0 0.990971579061 1.0
object 11	1.0:1.0
139.0 0.976994089758 1.0
27.0 1.07920807319 1.0
183.0 -2.15328336999 1.0
80.0 0.995833885586 1.0
18.0 1.00997417767 1.0
16.0 0.961748948482 1.0
57.0 0.995265936831 1.0
92.0 1.06388304431 1.0
112.0 0.987419898237 1.0
63.0 0.970659472785 1.0
22.0 1.04730636593 1.0
91.0 1.02642759296 1.0
50.0 0.991133070705 1.0
62.0 1.02273675969 1.0
130.0 0.989483766098 1.0
45.0 0.969715316235 1.0
25.0 1.07221181368 1.0
152.0 0.981695379079 1.0
137.0 1.05755663755 1.0
64.0 1.00403324642 1.0
185.0 -2.4968645912 1.0
4.0 0.990976287096 1.0
163.0 1.08066782319 1.0
83.0 1.01558364208 1.0
168.0 -0.0606084544433 1.0
53.0 1.01886559555 1.0
196.0 0.0840373474672 1.0
object 12	1.0:1.0
70.0 1.02837527358 1.0
36.0 1.0097029756 1.0
66.0 0.990669755885 1.0
20.0 0.943207914755 1.0
151.0 0.981876066719 1.0
74.0 0.950410962703 1.0
123.0 1.03785367892 1.0
91.0 0.960048183748 1.0
33.0 1.02152115584 1.0
155.0 1.02391219456 1.0
80.0 1.01667864279 1.0
146.0 0.987790735231 1.0
162.0 -2.8418900364 1.0
71.0 0.976506972314 1.0
87.0 1.01368882731 1.0
172.0 0.780994847002 1.0
77.0 0.983008907751 1.0
15.0 1.06304352373 1.0
75.0 0.985861621889 1.0
50.0 0.983522785983 1.0
150.0 1.04704378823 1.0
170.0 -3.53238204378 1.0
97.0 1.02189366682 1.0
183.0 4.16476685937 1.0
57.0 0.982196260363 1.0
29.0 0.990376475505 1.0
122.0 0.99544250845 1.0
4.0 1.00370300975 1.0
117.0 0.982617772977 1.0
167.0 4.08406941312 1.0
25.0 1.01043489915 1.0
195.0 2.26948252577 1.0
121.0 0.997927474146 1.0
132.0 1.00569726285 1.0
51.0 0.946521270262 1.0
58.0 0.981453076601 1.0
object 13	1.0:1.0
35.0 0.975421421468 1.0
75.0 1.00777889127 1.0
117.0 0.989818989011 1.0
62.0 1.01319776781 1.0
88.0 0.979171966145 1.0
170.0 -2.14497033261 1.0
131.0 1.0077904159 1.0
121.0 1.07086855736 1.0
74.0 0.984702364979 1.0
161.0 -1.06656692301 1.0
76.0 1.00764990082 1.0
199.0 0.701288696509 1.0
165.0 0.479640310339 1.0
25.0 0.966892522913 1.0
169.0 5.33527150084 1.0
86.0 1.06779940308 1.0
114.0 1.02028158648 1.0
23.0 1.00130025546 1.0
52.0 1.0341576425 1.0
135.0 0.986568876665 1.0
28.0 1.01435926215 1.0
154.0 1.02127868355 1.0
115.0 0.992232076311 1.0
2.0 0.999778362912 1.0
178.0 -1.11868306495 1.0
103.0 0.973637618759 1.0
107.0 0.960327493177 1.0
147.0 0.954049196992 1.0
24.0 0.905424902644 1.0
111.0 1.02251729336 1.0
0.0 1.00650751454 1.0
61.0 1.01129024362 1.0
15.0 0.948225011218 1.0
94.0 1.00513202685 1.0
194.0 0.940803173599 1.0
105.0 0.978175997146 1.0
object 14	1.0:1.0
30.0 1.0078400182 1.0
18.0 1.02042535797 1.0
144.0 0.970567181258 1.0
75.0 0.97484852346 1.0
64.0 1.01890076815 1.0
146.0 1.015785884 1.0
69.0 0.996233054207 1.0
142.0 1.01325964084 1.0
126.0 0.972386429788 1.0
112.0 1.04034665763 1.0
189.0 -1.23374356033 1.0
154.0 0.868514847635 1.0
137.0 0.984165938722 1.0
35.0 0.976812207525 1.0
4.0 1.00060791486 1.0
93.0 1.04559020369 1.0
42.0 0.993768780512 1.0
9.0 1.00247504692 1.0
164.0 -0.318426755151 1.0
105.0 0.966516320624 1.0
79.0 1.02659757182 1.0
40.0 1.00292843253 1.0
191.0 5.62302921249 1.0
181.0 1.28532562637 1.0
87.0 1.00159225399 1.0
31.0 0.991876015332 1.0
147.0 0.979717226811 1.0
39.0 0.966516957429 1.0
187.0 1.96004111828 1.0
193.0 1.83972681366 1.0
131.0 1.00405623931 1.0
34.0 1.0444432028 1.0
132.0 1.00657857353 1.0
85.0 1.01649429195 1.0
2.0 1.07301695077 1.0
object 15	1.0:1.0
71.0 1.01624713208 1.0
70.0 0.989897280641 1.0
20.0 0.994161634245 1.0
182.0 0.854325987207 1.0
95.0 1.00337952536 1.0
184.0 4.47876798835 1.0
135.0 1.00002771505 1.0
75.0 1.02133747265 1.0
26.0 1.00685229685 1.0
197.0 -4.28554835944 1.0
41.0 1.00747416574 1.0
161.0 4.1633876751 1.0
6.0 0.99261084865 1.0
60.0 1.02876905527 1.0
89.0 1.03360258489 1.0
129.0 1.03685892884 1.0
39.0 1.02280712781 1.0
0.0 0.95054237502 1.0
69.0 0.980518795764 1.0
94.0 1.05427953515 1.0
98.0 0.973324139615 1.0
166.0 1.45731635103 1.0
109.0 1.04787976833 1.0
78.0 0.972951099723 1.0
object 16	1.0:1.0
3.0 0.977132230683 1.0
181.0 -1.88832685733 1.0
125.0 1.00635623617 1.0
140.0 1.0132802178 1.0
124.0 0.968563653184 1.0
89.0 1.04064206669 1.0
64.0 0.986753340745 1.0
100.0 0.993894643994 1.0
43.0 0.979435506202 1.0
137.0 1.00008852993 1.0
194.0 1.22362374825 1.0
59.0 1.05097945574 1.0
108.0 1.14584478303 1.0
195.0 1.65733920527 1.0
177.0 -2.66412598115 1.0
147.0 0.97668196123 1.0
106.0 1.00385701629 1.0
116.0 1.01870454132 1.0
148.0 0.989857520572 1.0
60.0 0.991093022419 1.0
157.0 0.961561247967 1.0
46.0 1.026316225 1.0
134.0 0.99473966187 1.0
173.0 -0.727463080589 1.0
156.0 1.04371004323 1.0
164.0 0.687192310502 1.0
25.0 0.994760772759 1.0
171.0 -3.95668803742 1.0
153.0 0.998602156699 1.0
object 17	1.0:1.0
62.0 1.00901145711 1.0
172.0 6.61415788094 1.0
87.0 0.956838762456 1.0
30.0 1.02724452693 1.0
196.0 -2.96122167025 1.0
174.0 -0.487722006822 1.0
26.0 1.00730402661 1.0
144.0 0.945209086755 1.0
32.0 0.988464408912 1.0
23.0 0.994154553902 1.0
41.0 1.00963095335 1.0
151.0 1.04884311157 1.0
71.0 1.00479305517 1.0
130.0 0.992300576782 1.0
193.0 3.00505135969 1.0
80.0 1.00938056925 1.0
134.0 1.03349578448 1.0
88.0 0.979724710636 1.0
99.0 0.943044514296 1.0
89.0 1.00365120492 1.0
153.0 0.939006351018 1.0
131.0 0.996449250077 1.0
145.0 1.01403441048 1.0
90.0 0.984035755206 1.0
155.0 0.972509067118 1.0
187.0 -1.04198050806 1.0
140.0 1.03814916401 1.0
82.0 0.965910487249 1.0
2.0 0.982756600182 1.0
object 18	1.0:1.0
12.0 0.998913017008 1.0
98.0 0.966655318676 1.0
20.0 0.97706764626 1.0
159.0 1.0393530872 1.0
122.0 0.995948932254 1.0
190.0 -3.1901691438 1.0
93.0 1.00574068851 1.0
166.0 -0.137559935432 1.0
177.0 6.31547223498 1.0
171.0 -0.119126672172 1.0
139.0 1.02017543168 1.0
147.0 0.947493404704 1.0
117.0 0.978555283453 1.0
111.0 0.972406924739 1.0
30.0 0.901568227588 1.0
162.0 0.683428923874 1.0
115.0 1.02717921772 1.0
156.0 1.02021881284 1.0
37.0 0.935655129359 1.0
6.0 1.00094452654 1.0
62.0 1.00032906944 1.0
60.0 1.06189404294 1.0
181.0 4.66925031029 1.0
77.0 0.958822670593 1.0
188.0 -5.08223483607 1.0
167.0 -0.273865183464 1.0
120.0 0.965697802502 1.0
164.0 1.57014049473 1.0
50.0 0.995711091931 1.0
25.0 1.03282196468 1.0
187.0 -2.89662834469 1.0
object 19	1.0:1.0
150.0 1.03208905904 1.0
112.0 1.00702808456 1.0
186.0 -0.579222809588 1.0
133.0 1.04496534275 1.0
81.0 1.07202885535 1.0
51.0 0.990824335102 1.0
125.0 0.942278018731 1.0
181.0 0.329829194111 1.0
154.0 1.04233284546 1.0
78.0 1.00668705375 1.0
147.0 1.00558050496 1.0
185.0 -4.51415607126 1.0
70.0 0.997697244896 1.0
32.0 0.968066479061 1.0
170.0 -1.81912466755 1.0
61.0 1.01601326092 1.0
47.0 0.961976263991 1.0
5.0 1.01021108294 1.0
29.0 1.10309797558 1.0
166.0 1.3412447691 1.0
163.0 5.94941114052 1.0
43.0 1.00686649328 1.0
176.0 1.92093509206 1.0
24.0 1.04635880392 1.0
168.0 -1.80181235518 1.0
183.0 1.77920493481 1.0
151.0 0.991475443692 1.0
87.0 0.967131423902 1.0
140.0 0.969347894194 1.0
object 20	1.0:1.0
151.0 1.0324534877 1.0
34.0 0.933673748663 1.0
199.0 6.74368775707 1.0
81.0 0.962236812571 1.0
164.0 1.04344874018 1.0
101.0 0.965409122226 1.0
142.0 0.988367384421 1.0
24.0 1.07900156125 1.0
161.0 -0.82202752793 1.0
126.0 1.01718574968 1.0
178.0 5.2446792845 1.0
72.0 1.06606966754 1.0
131.0 0.990991454167 1.0
190.0 -1.84643604569 1.0
1.0 1.00045315467 1.0
103.0 0.986349642232 1.0
195.0 4.4018518287 1.0
116.0 0.999726677722 1.0
171.0 1.7561984432 1.0
128.0 1.03080566747 1.0
191.0 0.972561545383 1.0
44.0 1.06806350827 1.0
77.0 1.00382196511 1.0
93.0 1.00582904194 1.0
69.0 1.01834641483 1.0
33.0 1.04432260429 1.0
197.0 3.90858241277 1.0
27.0 0.92604323663 1.0
12.0 1.02084713319 1.0
163.0 -3.82706982794 1.0
147.0 0.988787635869 1.0
object 21	1.0:1.0
44.0 0.948346169909 1.0
132.0 1.02122501582 1.0
38.0 1.00550574732 1.0
169.0 0.963335306747 1.0
81.0 0.981392845282 1.0
28.0 0.983017002978 1.0
193.0 3.11334471474 1.0
159.0 1.01910626079 1.0
79.0 0.970541304384 1.0
121.0 1.00364589758 1.0
31.0 0.996668527739 1.0
146.0 1.02943204702 1.0
105.0 1.00788357416 1.0
190.0 0.602392533599 1.0
112.0 0.981799252197 1.0
195.0 4.46510046191 1.0
65.0 0.978644279079 1.0
97.0 1.05624465247 1.0
196.0 -7.59260130928 1.0
60.0 0.944259443048 1.0
83.0 0.983512634018 1.0
43.0 1.01975334172 1.0
130.0 1.03175051715 1.0
11.0 1.02230637057 1.0
57.0 0.999821512639 1.0
108.0 0.980741290852 1.0
191.0 -0.649116369509 1.0
172.0 3.53605744289 1.0
155.0 0.985812270661 1.0
29.0 1.00893926421 1.0
143.0 0.99723695 1.0
120.0 0.991386042394 1.0
58.0 1.02403322898 1.0
object 22	1.0:1.0
116.0 0.990302113706 1.0
130.0 1.00013839634 1.0
122.0 0.989168999872 1.0
184.0 1.34105601265 1.0
94.0 0.92552166581 1.0
38.0 0.971205870439 1.0
68.0 1.00808990988 1.0
26.0 1.01995575363 1.0
14.0 1.0091730693 1.0
81.0 1.0404586846 1.0
101.0 0.99119573778 1.0
13.0 1.0266101515 1.0
176.0 -7.33011411354 1.0
160.0 1.32170833618 1.0
148.0 1.01847226336 1.0
11.0 1.0322392495 1.0
17.0 0.989505711313 1.0
145.0 0.979604257311 1.0
67.0 0.901524760777 1.0
61.0 0.993151363168 1.0
91.0 1.03026595958 1.0
197.0 1.71996760727 1.0
4.0 0.989809665933 1.0
92.0 0.977449575017 1.0
84.0 0.969320436928 1.0
115.0 0.92555215226 1.0
82.0 1.00594964121 1.0
34.0 0.999209175887 1.0
23.0 1.02056738357 1.0
8.0 0.954855840845 1.0
112.0 1.00339808088 1.0
155.0 1.04575916593 1.0
159.0 0.915065101509 1.0
162.0 -0.638743760432 1.0
object 23	1.0:1.0
55.0 1.01307466671 1.0
62.0 1.00460015092 1.0
98.0 0.998505529314 1.0
86.0 0.979735683317 1.0
199.0 3.76299900754 1.0
54.0 1.02071179954 1.0
175.0 -2.20713228555 1.0
145.0 1.01443455604 1.0
0.0 0.978019529839 1.0
67.0 1.10206098792 1.0
194.0 -4.57218705197 1.0
187.0 -2.33277798613 1.0
173.0 -1.71480327045 1.0
107.0 0.93806067437 1.0
174.0 12.7467887703 1.0
102.0 0.934602492763 1.0
184.0 1.68170619367 1.0
114.0 1.00309339262 1.0
47.0 1.00711878583 1.0
85.0 0.963475459277 1.0
42.0 0.976411702874 1.0
123.0 0.992818283006 1.0
84.0 0.996798778407 1.0
101.0 1.02745417805 1.0
133.0 0.983290221701 1.0
163.0 4.2293516853 1.0
159.0 1.0666413087 1.0
110.0 1.00207877184 1.0
183.0 -0.261379147852 1.0
object 24	1.0:1.0
93.0 1.02138317358 1.0
99.0 0.967763999862 1.0
165.0 3.30053441964 1.0
145.0 1.00527763429 1.0
197.0 0.320152095179 1.0
89.0 1.00891181861 1.0
21.0 1.00614738628 1.0
94.0 1.08007650351 1.0
27.0 1.02590031226 1.0
161.0 -2.21601311094 1.0
159.0 0.961154981681 1.0
62.0 0.985341107448 1.0
151.0 1.06657085603 1.0
72.0 1.03497176046 1.0
37.0 0.969284003385 1.0
96.0 0.967322524584 1.0
33.0 1.02704851151 1.0
132.0 1.04768595925 1.0
36.0 1.01327124613 1.0
138.0 1.08593030524 1.0
11.0 0.961885584977 1.0
152.0 1.10379317418 1.0
86.0 0.999548664458 1.0
66.0 0.97046851658 1.0
97.0 1.0063275214 1.0
172.0 -1.98843113885 1.0
61.0 0.996282397776 1.0
25.0 0.985348341506 1.0
118.0 1.04142546852 1.0
129.0 0.98898573225 1.0
object 25	1.0:1.0
113.0 0.987166754377 1.0
195.0 -0.334726948581 1.0
147.0 1.00493132202 1.0
194.0 2.34871705395 1.0
24.0 0.983492192633 1.0
190.0 2.4869486369 1.0
66.0 1.00728140054 1.0
108.0 1.09433388834 1.0
73.0 0.994374768489 1.0
61.0 0.999646096543 1.0
90.0 1.00984945638 1.0
141.0 0.946874840012 1.0
153.0 0.971418547162 1.0
196.0 1.87424122376 1.0
68.0 1.01219836123 1.0
145.0 0.993302522879 1.0
171.0 3.97861091092 1.0
55.0 1.00031322148 1.0
19.0 1.03228515432 1.0
75.0 0.997686921831 1.0
182.0 0.878756636237 1.0
100.0 0.992135302844 1.0
84.0 0.988006797844 1.0
184.0 1.94169500255 1.0
114.0 0.946012124962 1.0
object 26	1.0:1.0
185.0 1.75864035583 1.0
97.0 0.983402883498 1.0
99.0 0.908685202669 1.0
141.0 0.957825764584 1.0
163.0 1.55730577095 1.0
115.0 0.930212159891 1.0
23.0 1.01022978165 1.0
6.0 0.960265460222 1.0
35.0 0.998807352151 1.0
121.0 0.976789512393 1.0
46.0 0.988873788518 1.0
175.0 0.983106934542 1.0
68.0 0.995485044022 1.0
190.0 1.18686333554 1.0
143.0 0.987047370904 1.0
87.0 0.982700935951 1.0
86.0 0.999162917263 1.0
164.0 2.07486746987 1.0
184.0 -1.04999194705 1.0
129.0 1.0050046239 1.0
72.0 1.06489944645 1.0
158.0 1.00854704853 1.0
94.0 1.03746052675 1.0
39.0 0.972869239311 1.0
183.0 6.40085365847 1.0
3.0 0.941101673928 1.0
104.0 1.0199199619 1.0
49.0 1.04773671999 1.0
147.0 0.936410344625 1.0
95.0 0.934636719386 1.0
91.0 0.983184881554 1.0
object 27	1.0:1.0
141.0 0.993623690038 1.0
52.0 1.04886012313 1.0
15.0 0.930613411162 1.0
29.0 1.02171200863 1.0
110.0 0.965891036379 1.0
132.0 0.997739879354 1.0
198.0 1.95661891433 1.0
3.0 0.980601444256 1.0
146.0 1.00691287489 1.0
150.0 1.02092428148 1.0
28.0 0.996550437739 1.0
187.0 -0.966322211158 1.0
81.0 0.979591885243 1.0
20.0 0.959695928204 1.0
88.0 1.04186996179 1.0
106.0 0.989063590821 1.0
72.0 0.943089491981 1.0
17.0 1.02739772615 1.0
13.0 0.937786583613 1.0
151.0 0.957479194152 1.0
184.0 3.82428877777 1.0
180.0 5.35394533883 1.0
178.0 4.06058089495 1.0
123.0 1.00068456081 1.0
26.0 0.980005981382 1.0
173.0 0.794197109624 1.0
object 28	1.0:1.0
28.0 0.981664239975 1.0
191.0 2.82361526526 1.0
18.0 1.01324681308 1.0
129.0 0.985150696108 1.0
117.0 0.995667022359 1.0
10.0 0.974080890437 1.0
162.0 -2.9969811647 1.0
6.0 1.0019534599 1.0
110.0 1.02870468478 1.0
104.0 1.02532576798 1.0
164.0 0.680310571054 1.0
92.0 1.02458807852 1.0
159.0 1.02790741253 1.0
126.0 0.979691540998 1.0
149.0 0.987324323432 1.0
166.0 -0.646169220981 1.0
61.0 1.00677276703 1.0
141.0 1.02995355123 1.0
31.0 0.999517656802 1.0
151.0 0.943112402911 1.0
8.0 0.987540470222 1.0
181.0 3.6348751414 1.0
42.0 1.01465499575 1.0
175.0 0.639285881943 1.0
101.0 1.02359564954 1.0
58.0 1.00215364898 1.0
1.0 1.00441861891 1.0
94.0 0.956863024987 1.0
111.0 0.987532285104 1.0
40.0 1.0032535986 1.0
177.0 4.6031095309 1.0
15.0 1.05097768006 1.0
99.0 0.986975289211 1.0
object 29	1.0:1.0
121.0 1.00682324493 1.0
98.0 1.02245587747 1.0
181.0 -0.000538798727794 1.0
41.0 1.04518403001 1.0
49.0 0.970729168575 1.0
79.0 0.97367417373 1.0
126.0 0.986342442604 1.0
154.0 0.943462864862 1.0
164.0 3.05851473099 1.0
90.0 1.00779308243 1.0
48.0 0.999804754159 1.0
68.0 0.996125155273 1.0
125.0 1.0113122064 1.0
70.0 0.971540659866 1.0
188.0 8.05770009574 1.0
195.0 1.19835718404 1.0
136.0 1.00280947164 1.0
142.0 1.02611645719 1.0
160.0 2.69121082612 1.0
18.0 0.994091567586 1.0
3.0 0.976132582452 1.0
43.0 0.998770248552 1.0
105.0 0.965160628032 1.0
116.0 0.992966508401 1.0
103.0 1.00480662464 1.0
84.0 0.994839010969 1.0
object 30	1.0:1.0
62.0 0.998769800959 1.0
35.0 1.02127157839 1.0
139.0 0.993717981042 1.0
160.0 0.180450017164 1.0
119.0 1.03651978588 1.0
156.0 0.978661367616 1.0
133.0 0.96002164513 1.0
175.0 -4.83060152109 1.0
105.0 1.03327813809 1.0
53.0 0.996204788108 1.0
107.0 1.06198897578 1.0
88.0 1.03234768898 1.0
170.0 1.0093281357 1.0
106.0 0.974379353807 1.0
26.0 1.02013045305 1.0
181.0 0.3853300243 1.0
68.0 1.00491517208 1.0
43.0 0.985485413461 1.0
96.0 0.999342579918 1.0
81.0 0.93145662184 1.0
38.0 1.01872434294 1.0
180.0 0.726425443404 1.0
76.0 0.987128932937 1.0
69.0 0.981964381844 1.0
174.0 3.48909665983 1.0
13.0 1.01503396912 1.0
object 31	1.0:1.0
136.0 0.994676619403 1.0
158.0 1.00184668387 1.0
12.0 0.989185503651 1.0
90.0 1.05141116927 1.0
170.0 1.68220743026 1.0
140.0 0.987519848162 1.0
186.0 -4.97023370293 1.0
75.0 0.960665451173 1.0
135.0 1.00826306076 1.0
35.0 0.977778553324 1.0
118.0 0.966166116503 1.0
34.0 1.0075980821 1.0
8.0 1.02979389646 1.0
30.0 1.02535281383 1.0
89.0 0.985544583865 1.0
172.0 1.62833565975 1.0
2.0 1.04030543057 1.0
126.0 1.02437886364 1.0
78.0 1.04592016598 1.0
146.0 1.00380393549 1.0
173.0 -0.251147631189 1.0
149.0 1.01503532036 1.0
107.0 1.01145787371 1.0
124.0 1.06683928821 1.0
151.0 0.990331590499 1.0
143.0 1.00907177191 1.0
145.0 1.00235604145 1.0
185.0 -0.86972576822 1.0
110.0 0.988556975073 1.0
157.0 1.0305443444 1.0
41.0 0.984845417835 1.0
28.0 1.01718702655 1.0
object 32	1.0:1.0
169.0 4.12946850437 1.0
198.0 2.67431442638 1.0
27.0 0.983027187435 1.0
37.0 1.02838391361 1.0
150.0 1.05422092979 1.0
172.0 4.89593048336 1.0
90.0 1.0229787886 1.0
42.0 1.03858982913 1.0
189.0 0.855707882926 1.0
107.0 1.01126963864 1.0
72.0 0.968738555287 1.0
175.0 7.17585736817 1.0
95.0 0.988299463293 1.0
125.0 0.983454802431 1.0
91.0 1.04088923141 1.0
126.0 1.02218368948 1.0
160.0 -1.58447026098 1.0
159.0 0.931616354095 1.0
5.0 1.0015493323 1.0
47.0 0.971646762115 1.0
36.0 0.963681857234 1.0
15.0 0.998962208937 1.0
106.0 1.03458308198 1.0
101.0 1.06261820477 1.0
84.0 1.00294417361 1.0
115.0 0.975337565508 1.0
3.0 1.1020091051 1.0
38.0 0.995837973375 1.0
object 33	1.0:1.0
172.0 -1.9555595149 1.0
96.0 0.982652990835 1.0
150.0 1.01180712496 1.0
105.0 1.005369084 1.0
134.0 0.998179386872 1.0
36.0 0.968153595511 1.0
157.0 1.00058031184 1.0
14.0 0.989833936701 1.0
179.0 -2.93389876983 1.0
58.0 1.00401155946 1.0
186.0 3.26990930584 1.0
34.0 0.994360123428 1.0
104.0 1.00116273974 1.0
4.0 1.03454710081 1.0
115.0 1.01903814501 1.0
62.0 1.00726662204 1.0
61.0 0.988073820402 1.0
163.0 2.08987716989 1.0
170.0 6.38372253264 1.0
168.0 -1.25266303441 1.0
38.0 0.992202258233 1.0
50.0 0.999611258029 1.0
85.0 1.02813150147 1.0
95.0 0.994613329949 1.0
117.0 0.984510531452 1.0
136.0 0.97730288758 1.0
32.0 0.998468652043 1.0
193.0 6.05309954238 1.0
59.0 1.0706001423 1.0
object 34	1.0:1.0
148.0 1.0125329271 1.0
122.0 1.01173254796 1.0
29.0 0.984033971826 1.0
58.0 0.998676823676 1.0
142.0 1.00571886225 1.0
189.0 -0.246736851068 1.0
196.0 9.34555440865 1.0
102.0 0.974627370549 1.0
81.0 0.938839747988 1.0
31.0 1.01669256036 1.0
99.0 0.96372161624 1.0
191.0 0.965132429796 1.0
1.0 0.98946747089 1.0
155.0 0.994490345051 1.0
166.0 1.72257518978 1.0
59.0 0.993000365229 1.0
37.0 0.921211486614 1.0
69.0 0.97668482354 1.0
53.0 0.992011515174 1.0
50.0 0.990695160433 1.0
111.0 0.955154493979 1.0
157.0 1.01947139927 1.0
66.0 1.07103004744 1.0
156.0 0.999559197245 1.0
32.0 0.994893650171 1.0
118.0 1.05798403481 1.0
97.0 1.04702083262 1.0
45.0 1.00857825908 1.0
172.0 9.99048948428 1.0
100.0 1.0181109682 1.0
object 35	1.0:1.0
125.0 0.968276095709 1.0
108.0 1.07036028762 1.0
36.0 1.02340397516 1.0
78.0 0.990480867281 1.0
169.0 -2.87539733839 1.0
48.0 0.991327418455 1.0
135.0 1.0199578136 1.0
185.0 6.48902460203 1.0
146.0 1.0095214189 1.0
24.0 0.981787076682 1.0
72.0 1.04799821024 1.0
147.0 0.998904372376 1.0
101.0 1.00416245637 1.0
1.0 1.00758222704 1.0
64.0 1.02576767016 1.0
128.0 0.988245033197 1.0
111.0 1.03884908948 1.0
45.0 1.01356084331 1.0
11.0 0.969619492656 1.0
165.0 -1.7852883417 1.0
119.0 1.00628163222 1.0
124.0 0.993467919062 1.0
102.0 1.09338385546 1.0
10.0 1.00324412529 1.0
137.0 1.01011984767 1.0
82.0 0.970564205501 1.0
174.0 3.26011042701 1.0
191.0 2.88653072996 1.0
object 36	1.0:1.0
155.0 0.981397353685 1.0
2.0 0.949673319234 1.0
80.0 1.03614831671 1.0
77.0 1.00011954236 1.0
154.0 0.943609690123 1.0
179.0 -6.97324605938 1.0
149.0 1.02980164033 1.0
60.0 1.05151708758 1.0
182.0 2.23740587037 1.0
11.0 1.06510035867 1.0
115.0 0.994068993052 1.0
101.0 1.01974106872 1.0
171.0 0.0635787743884 1.0
159.0 0.987836836094 1.0
72.0 1.00951066499 1.0
68.0 0.99709380279 1.0
15.0 0.935369467944 1.0
19.0 1.01311187892 1.0
195.0 4.1105911733 1.0
148.0 0.999967246669 1.0
119.0 1.0342905866 1.0
102.0 0.917036068452 1.0
27.0 0.958425362744 1.0
53.0 0.975470962292 1.0
99.0 0.999006056367 1.0
120.0 1.08266350695 1.0
22.0 1.0106816643 1.0
113.0 0.955440970726 1.0
183.0 -3.21403865919 1.0
object 37	1.0:1.0
163.0 -2.54228918122 1.0
173.0 -3.2993094215 1.0
144.0 1.05016870978 1.0
182.0 1.28006318937 1.0
22.0 0.963333770519 1.0
94.0 0.935889170442 1.0
191.0 3.70130425298 1.0
74.0 0.983905017499 1.0
133.0 1.03202694637 1.0
195.0 -0.639219893413 1.0
60.0 1.08361647706 1.0
168.0 4.13710141335 1.0
179.0 8.29663320498 1.0
171.0 5.69809669181 1.0
77.0 0.950392828176 1.0
47.0 1.03644766602 1.0
89.0 0.997154060459 1.0
55.0 1.00054472531 1.0
117.0 1.03141317274 1.0
142.0 1.0536141134 1.0
66.0 0.996694757555 1.0
51.0 1.03805289362 1.0
152.0 1.00417099824 1.0
172.0 -4.99719403253 1.0
101.0 1.01443676787 1.0
127.0 0.989285254245 1.0
192.0 -2.3810261639 1.0
49.0 0.99273319684 1.0
170.0 11.793834465 1.0
82.0 1.04643666767 1.0
198.0 1.42860665129 1.0
177.0 -3.08975223262 1.0
80.0 1.0755609595 1.0
106.0 1.00829458293 1.0
7.0 1.02934378792 1.0
34.0 1.04979060482 1.0
86.0 0.989786373452 1.0
97.0 0.985353665397 1.0
197.0 -2.02221144343 1.0
object 38	1.0:1.0
9.0 0.995354237071 1.0
135.0 0.993887372191 1.0
157.0 0.991710862058 1.0
94.0 1.01942397302 1.0
2.0 0.997811129511 1.0
53.0 1.02283911035 1.0
52.0 1.03314362781 1.0
155.0 0.994575904347 1.0
182.0 0.210136124029 1.0
181.0 1.58087020665 1.0
154.0 1.00909844479 1.0
75.0 1.00752030652 1.0
87.0 0.968071379533 1.0
153.0 0.93555038628 1.0
10.0 1.01634086156 1.0
180.0 0.826987125534 1.0
97.0 1.02541014825 1.0
185.0 0.760917900139 1.0
28.0 1.01261002207 1.0
146.0 0.961036081614 1.0
63.0 1.01488724342 1.0
138.0 1.0034353968 1.0
79.0 1.0236601206 1.0
115.0 1.01063831399 1.0
159.0 0.995387657615 1.0
168.0 -0.83201199868 1.0
81.0 1.02450094527 1.0
object 39	1.0:1.0
23.0 1.01381768156 1.0
97.0 1.04153264703 1.0
113.0 1.02053887897 1.0
173.0 2.84210480834 1.0
88.0 1.05474459479 1.0
159.0 1.04875069845 1.0
157.0 1.012096348 1.0
146.0 1.02818930331 1.0
61.0 1.00055207698 1.0
4.0 1.01192160035 1.0
34.0 1.07934391535 1.0
177.0 -4.15270798706 1.0
29.0 1.00005389868 1.0
41.0 0.963408454286 1.0
21.0 1.05631745185 1.0
5.0 1.06548584572 1.0
186.0 1.07043197752 1.0
184.0 0.885335749542 1.0
84.0 0.923332560247 1.0
19.0 0.983483975288 1.0
111.0 0.990206977595 1.0
31.0 1.03038876689 1.0
190.0 2.15821407513 1.0
107.0 0.969101231229 1.0
124.0 1.008815062 1.0
155.0 1.02423516211 1.0
92.0 1.03650687584 1.0
35.0 1.02784498919 1.0
69.0 1.00293663044 1.0
98.0 0.967200244647 1.0
166.0 0.317375430464 1.0
78.0 1.01522005666 1.0
0.0 0.989486809969 1.0
199.0 -1.74396991759 1.0
134.0 0.993536942152 1.0
188.0 9.3021856817 1.0
42.0 1.02288176895 1.0
object 40	1.0:1.0
161.0 0.669927302586 1.0
21.0 1.04769512966 1.0
150.0 1.03219538867 1.0
178.0 -3.92299152651 1.0
166.0 -0.858914471804 1.0
128.0 1.00651920704 1.0
51.0 1.01133246616 1.0
142.0 1.10554320151 1.0
14.0 1.04551660807 1.0
35.0 0.987850738872 1.0
171.0 -0.213762427794 1.0
189.0 1.95537989159 1.0
139.0 0.962243545279 1.0
197.0 5.88370651988 1.0
107.0 0.972891457184 1.0
5.0 1.06929473121 1.0
87.0 1.02810638934 1.0
12.0 0.958623089075 1.0
140.0 1.02703294151 1.0
118.0 0.946984395738 1.0
94.0 1.05062157485 1.0
36.0 1.02774595106 1.0
object 41	1.0:1.0
74.0 0.996722345528 1.0
106.0 1.01507507757 1.0
199.0 4.36746644174 1.0
131.0 1.01393757015 1.0
50.0 0.997137130681 1.0
62.0 1.01613902533 1.0
177.0 9.57091151215 1.0
189.0 1.99096270221 1.0
75.0 1.05183688429 1.0
38.0 1.00466738468 1.0
24.0 1.03659237008 1.0
69.0 0.966349512438 1.0
92.0 0.999692445209 1.0
150.0 1.05514727585 1.0
91.0 1.01526614586 1.0
103.0 1.00565063128 1.0
110.0 0.996748051498 1.0
68.0 0.999552422155 1.0
40.0 0.975188179129 1.0
22.0 1.05224277364 1.0
25.0 0.932504273919 1.0
15.0 1.02614289027 1.0
18.0 1.01455664464 1.0
54.0 1.00768582839 1.0
127.0 0.997556388212 1.0
78.0 0.98759987124 1.0
191.0 2.12536527901 1.0
46.0 1.01866318689 1.0
101.0 0.979691808133 1.0
93.0 1.02217585173 1.0
45.0 0.963092656645 1.0
166.0 2.14852058337 1.0
195.0 -2.24545241777 1.0
102.0 1.01305261242 1.0
object 42	1.0:1.0
114.0 1.03973968768 1.0
16.0 1.00516204925 1.0
57.0 1.03416552686 1.0
156.0 1.00562244908 1.0
134.0 1.01601704475 1.0
66.0 0.988640365208 1.0
85.0 0.997079729507 1.0
125.0 1.02939633978 1.0
172.0 3.39094701531 1.0
46.0 0.985633570066 1.0
147.0 1.00968185216 1.0
72.0 1.00456021761 1.0
199.0 -5.11722148901 1.0
189.0 0.613711753441 1.0
161.0 1.00347203108 1.0
32.0 0.976181938153 1.0
45.0 1.02135074238 1.0
30.0 0.993118165942 1.0
6.0 1.00077092067 1.0
123.0 0.973137364971 1.0
177.0 -0.315002444779 1.0
108.0 1.04733711312 1.0
176.0 1.68256553414 1.0
91.0 1.07853471344 1.0
142.0 1.0273562837 1.0
141.0 0.970662906401 1.0
78.0 0.973416076584 1.0
113.0 0.98762900082 1.0
77.0 0.999264433581 1.0
13.0 0.983200945574 1.0
187.0 2.18252192774 1.0
75.0 1.01803572248 1.0
168.0 1.33734937143 1.0
126.0 1.03450399976 1.0
object 43	1.0:1.0
3.0 0.980299327809 1.0
135.0 0.997106907808 1.0
27.0 1.0082338331 1.0
174.0 -7.2737504885 1.0
115.0 0.964583003897 1.0
162.0 1.54713051742 1.0
129.0 0.997797876487 1.0
138.0 1.00286590574 1.0
8.0 1.06324810712 1.0
195.0 -2.52861989881 1.0
104.0 0.966500923561 1.0
66.0 1.0647463618 1.0
56.0 1.03484011968 1.0
170.0 -4.88778482694 1.0
49.0 1.00005280251 1.0
36.0 1.06886592078 1.0
85.0 0.964324603761 1.0
64.0 1.00209865538 1.0
17.0 0.989298622553 1.0
63.0 0.988380359664 1.0
19.0 1.03799843945 1.0
20.0 0.905520898554 1.0
131.0 1.00210630529 1.0
15.0 0.966531574636 1.0
145.0 1.01208200271 1.0
199.0 2.27303859426 1.0
16.0 1.02026613862 1.0
130.0 0.988355101534 1.0
object 44	1.0:1.0
20.0 1.03506532767 1.0
147.0 1.03362580555 1.0
63.0 1.04308528159 1.0
81.0 1.05273568113 1.0
36.0 0.955602263864 1.0
158.0 1.0559557603 1.0
180.0 1.27947017123 1.0
167.0 -2.24432603317 1.0
33.0 0.91816437507 1.0
67.0 1.05827969411 1.0
169.0 -1.31899218378 1.0
177.0 0.902636496553 1.0
44.0 0.923485592561 1.0
126.0 0.986081464926 1.0
144.0 0.951484640678 1.0
104.0 1.04572201094 1.0
61.0 1.00054050186 1.0
150.0 1.03227256311 1.0
object 45	1.0:1.0
98.0 1.00508994723 1.0
133.0 0.966708746233 1.0
179.0 -2.83849942761 1.0
103.0 0.991873501699 1.0
186.0 -8.60695308676 1.0
191.0 1.94335108197 1.0
149.0 1.00022902428 1.0
108.0 1.04741592643 1.0
111.0 0.926952516001 1.0
196.0 0.93863625159 1.0
189.0 2.11203166754 1.0
84.0 1.0584461394 1.0
194.0 1.22933701819 1.0
128.0 1.00949573712 1.0
27.0 0.974901386431 1.0
94.0 1.02879899666 1.0
71.0 0.974046632735 1.0
43.0 0.996888985303 1.0
82.0 0.966368365914 1.0
52.0 0.98033631048 1.0
125.0 1.00038064063 1.0
183.0 -2.1098309844 1.0
139.0 1.0032559635 1.0
14.0 1.02390373165 1.0
158.0 1.03527935518 1.0
170.0 6.26584679045 1.0
113.0 1.03767577649 1.0
178.0 5.97486736493 1.0
67.0 0.996906728148 1.0
152.0 0.958870801856 1.0
81.0 1.0179962077 1.0
159.0 0.969160448809 1.0
9.0 0.928353713111 1.0
120.0 1.0506673821 1.0
16.0 1.01957462829 1.0
165.0 0.851320423578 1.0
176.0 -0.658328390942 1.0
5.0 0.990763980682 1.0
object 46	1.0:1.0
107.0 0.984311464547 1.0
109.0 1.01188114973 1.0
154.0 0.924567392374 1.0
181.0 3.47476305548 1.0
82.0 1.01376104811 1.0
136.0 0.980695645697 1.0
85.0 0.976790989806 1.0
167.0 2.70302870696 1.0
97.0 0.993845220066 1.0
88.0 0.984118531077 1.0
70.0 0.961382882907 1.0
101.0 1.0325379309 1.0
9.0 0.970817820227 1.0
98.0 0.995832507637 1.0
105.0 1.01193992529 1.0
199.0 -2.73972735508 1.0
149.0 1.03159431875 1.0
66.0 1.01703648563 1.0
137.0 1.00620803447 1.0
172.0 -2.97034094455 1.0
173.0 0.0570293081376 1.0
83.0 1.00823260632 1.0
103.0 1.00074178534 1.0
68.0 0.996420941966 1.0
190.0 -8.20200127275 1.0
14.0 0.998009650171 1.0
196.0 3.54100206713 1.0
102.0 0.942939422861 1.0
3.0 0.945797224153 1.0
object 47	1.0:1.0
196.0 2.02029920616 1.0
47.0 0.991155040376 1.0
33.0 1.01022481198 1.0
96.0 0.998570121487 1.0
22.0 1.01284700718 1.0
163.0 2.92815428613 1.0
195.0 -0.872792124176 1.0
125.0 1.04097205751 1.0
68.0 1.00367230967 1.0
168.0 2.26827080246 1.0
152.0 0.972907035047 1.0
149.0 1.02157087246 1.0
178.0 3.19754166663 1.0
138.0 1.02382055968 1.0
135.0 1.01281515525 1.0
38.0 0.988904061833 1.0
103.0 1.02382146669 1.0
23.0 0.995942850344 1.0
62.0 0.986279490874 1.0
80.0 0.926118325687 1.0
128.0 1.01558410593 1.0
83.0 0.995657279089 1.0
13.0 1.03105283089 1.0
136.0 1.004685406 1.0
48.0 0.93843613333 1.0
56.0 1.00134300042 1.0
94.0 0.961935685391 1.0
object 48	1.0:1.0
23.0 0.987971485131 1.0
110.0 0.957860342628 1.0
167.0 -0.512054057741 1.0
14.0 0.977454759686 1.0
98.0 0.984907061883 1.0
173.0 8.75077329176 1.0
179.0 -5.16037591904 1.0
132.0 1.04083366823 1.0
135.0 1.00399657602 1.0
165.0 -1.62307106211 1.0
53.0 1.01724024091 1.0
88.0 1.06954781014 1.0
150.0 1.01544182078 1.0
126.0 0.980275315829 1.0
138.0 0.988395654785 1.0
157.0 0.995560539469 1.0
67.0 0.992068912836 1.0
197.0 -1.98172447371 1.0
10.0 1.08083131963 1.0
181.0 -4.19581934866 1.0
5.0 0.962134462591 1.0
162.0 0.186932112147 1.0
190.0 4.08591632391 1.0
127.0 1.02103022799 1.0
87.0 0.973377114294 1.0
7.0 1.01990693417 1.0
139.0 0.997963613579 1.0
40.0 1.00419587163 1.0
183.0 0.8850837082 1.0
41.0 1.01071098343 1.0
object 49	1.0:1.0
129.0 1.00691025804 1.0
78.0 1.05459104888 1.0
74.0 0.989139287828 1.0
73.0 1.09355677617 1.0
194.0 -0.491194555005 1.0
35.0 1.00356729883 1.0
28.0 0.992034637379 1.0
38.0 1.01962600962 1.0
121.0 1.02952623806 1.0
139.0 1.01069724558 1.0
158.0 0.997381778933 1.0
195.0 2.48392879124 1.0
100.0 1.01679352934 1.0
12.0 0.987722356036 1.0
14.0 1.02040379471 1.0
71.0 0.937575089006 1.0
56.0 1.02093296235 1.0
148.0 0.995348189154 1.0
57.0 1.00971517118 1.0
137.0 0.966749283122 1.0
186.0 -0.507372309273 1.0
163.0 -3.91149601697 1.0
91.0 1.05425250216 1.0
151.0 0.980512460141 1.0
157.0 1.06043805763 1.0
164.0 1.85932998121 1.0
58.0 1.00938203446 1.0
169.0 -1.07221608058 1.0
object 50	1.0:0.5 -8.84798631722:0.5
156.0 0.978277864864 0.0
97.0 -8.83155964612 1.0
167.0 2.51358938767 0.0
109.0 1.06000318923 0.0
79.0 1.02398498387 0.0
108.0 -8.92629932563 1.0
98.0 0.968361670281 0.0
133.0 0.999858271621 0.0
146.0 -8.87484703416 1.0
4.0 -8.81628080391 1.0
93.0 1.03456697864 0.0
125.0 0.954603331538 0.0
52.0 -8.91243899895 1.0
183.0 6.37000914675 0.0
159.0 -8.86198493348 1.0
75.0 -8.95082994611 1.0
46.0 1.02743008405 0.0
70.0 -8.84918231268 1.0
16.0 -8.83976641209 1.0
168.0 -12.0385399338 1.0
147.0 1.03349706762 0.0
197.0 -9.25485007349 1.0
186.0 -6.1721054901 1.0
163.0 -4.81343859829 1.0
143.0 0.957834141245 0.0
54.0 0.969456334638 0.0
129.0 -8.81389123566 1.0
199.0 2.96458983205 0.0
76.0 0.932552594592 0.0
104.0 -8.79289974291 1.0
44.0 1.06532641746 0.0
150.0 0.825270628509 0.0
193.0 -8.43234071826 1.0
object 51	1.0:0.5 -6.95891784572:0.5
122.0 -6.91396585397 1.0
78.0 1.01941210931 0.0
27.0 -6.95446598147 1.0
160.0 -1.1440601919 0.0
105.0 -6.96428285938 1.0
53.0 1.06416758344 0.0
14.0 -6.98328695075 1.0
135.0 1.00984635499 0.0
77.0 1.00158185971 0.0
155.0 0.994137346048 0.0
60.0 -6.92457168728 1.0
134.0 0.955583208026 0.0
190.0 -0.416926006632 0.0
173.0 0.111940375042 0.0
82.0 -7.01086481492 1.0
179.0 -1.79273664443 0.0
140.0 1.00133071344 0.0
141.0 0.992916007121 0.0
153.0 1.13585826701 0.0
93.0 0.979048227322 0.0
object 52	1.0:0.5 -12.6657350638:0.5
178.0 -6.27823836016 1.0
58.0 1.01340065665 0.0
123.0 0.96939194481 0.0
82.0 -12.6509322834 1.0
64.0 1.01398111995 0.0
16.0 -12.6000201242 1.0
9.0 1.01192014963 0.0
197.0 -15.2487042963 1.0
151.0 -12.700716269 1.0
48.0 1.05705167953 0.0
15.0 -12.683198075 1.0
150.0 1.02385028259 0.0
165.0 1.11141912008 0.0
79.0 -12.6810058139 1.0
86.0 -12.619874403 1.0
162.0 -14.474487809 1.0
35.0 1.06528545169 0.0
108.0 0.895445728079 0.0
118.0 1.02271380279 0.0
163.0 -0.144518811547 0.0
object 53	1.0:0.5 -17.3536667792:0.5
52.0 -17.4074109727 1.0
23.0 0.977083607255 0.0
101.0 -17.3864503391 1.0
115.0 1.03503413723 0.0
98.0 -17.3469596364 1.0
123.0 -17.3724884953 1.0
135.0 -17.3799440009 1.0
15.0 1.00232775834 0.0
21.0 1.05179823265 0.0
148.0 1.05922354323 0.0
165.0 -20.5401632409 1.0
184.0 -20.3516439283 1.0
168.0 -3.72088512528 0.0
116.0 -17.3629982944 1.0
150.0 -17.3198137125 1.0
140.0 -17.3296135488 1.0
55.0 1.05316884969 0.0
68.0 1.04904528289 0.0
87.0 -17.4353652841 1.0
104.0 0.978967427372 0.0
7.0 1.00121075562 0.0
147.0 1.05563609709 0.0
109.0 -17.4260041544 1.0
91.0 0.986550988038 0.0
object 54	1.0:0.5 -19.3192662116:0.5
66.0 0.957871784836 0.0
116.0 -19.2945229938 1.0
26.0 -19.2478197955 1.0
35.0 1.07612065858 0.0
62.0 -19.3239211718 1.0
18.0 1.06091019056 0.0
48.0 -19.3195257814 1.0
112.0 -19.3321303859 1.0
93.0 0.892605514148 0.0
124.0 -19.2841294139 1.0
118.0 0.935221811635 0.0
191.0 1.17656244264 0.0
11.0 0.879846042893 0.0
7.0 1.03185609321 0.0
145.0 -19.2911541698 1.0
74.0 -19.3081625033 1.0
190.0 -10.1653814939 1.0
89.0 0.904096059134 0.0
115.0 0.977352160653 0.0
178.0 5.36087038609 0.0
105.0 1.02432208338 0.0
154.0 -19.3336420352 1.0
82.0 1.01926016007 0.0
125.0 0.982757943443 0.0
59.0 0.948899067155 0.0
153.0 -19.2536056897 1.0
164.0 -0.296799273449 0.0
192.0 0.731294529823 0.0
170.0 -3.32823917271 0.0
160.0 -26.0505727288 1.0
135.0 -19.3772974248 1.0
196.0 -27.7615339337 1.0
54.0 1.08870914179 0.0
51.0 1.01596098902 0.0
object 55	1.0:0.5 -21.049060156:0.5
195.0 0.206354511185 0.0
41.0 -21.0597414687 1.0
191.0 3.74450229392 0.0
96.0 -21.0633784881 1.0
146.0 0.984337381052 0.0
37.0 -21.0949340412 1.0
82.0 -21.101812689 1.0
92.0 1.00181668137 0.0
15.0 1.13137462186 0.0
75.0 -21.0622695258 1.0
164.0 -0.584249712857 0.0
176.0 -0.234665759631 0.0
83.0 1.12736083771 0.0
173.0 10.2365391704 0.0
58.0 0.929082911235 0.0
100.0 0.97542613069 0.0
66.0 -21.0202301916 1.0
93.0 -21.0485277245 1.0
180.0 -18.8114376572 1.0
55.0 0.996852947481 0.0
199.0 0.435404353782 0.0
49.0 -21.052241595 1.0
172.0 -20.593648837 1.0
118.0 -21.0550054277 1.0
99.0 -20.9713042018 1.0
51.0 0.903638400656 0.0
79.0 0.997856861231 0.0
137.0 1.01816692152 0.0
18.0 -21.0402873084 1.0
object 56	1.0:0.5 19.450583366:0.5
187.0 17.2776011238 1.0
83.0 19.4655871233 1.0
69.0 1.001858685 0.0
134.0 0.940414520722 0.0
79.0 1.07822835052 0.0
13.0 19.3934098187 1.0
27.0 19.4243867421 1.0
78.0 1.04878106638 0.0
51.0 1.02005785705 0.0
143.0 19.4392281974 1.0
73.0 19.542499159 1.0
179.0 20.1646549004 1.0
31.0 19.540469745 1.0
40.0 1.03450641214 0.0
192.0 -1.60024050904 0.0
139.0 19.4579539518 1.0
14.0 1.01998267926 0.0
163.0 19.6320210813 1.0
53.0 19.4947421688 1.0
188.0 -1.11865346529 0.0
155.0 0.929838060896 0.0
35.0 0.927746193578 0.0
194.0 17.9854197621 1.0
32.0 19.533525267 1.0
24.0 0.981000614506 0.0
176.0 2.6184181684 0.0
120.0 19.5230611879 1.0
146.0 19.4682125399 1.0
169.0 23.0369824302 1.0
93.0 19.3266603301 1.0
5.0 19.4646622208 1.0
133.0 0.986568784862 0.0
127.0 19.4805881849 1.0
141.0 19.4443881867 1.0
116.0 0.964278370228 0.0
19.0 1.07158021273 0.0
186.0 23.7714085166 1.0
151.0 19.404128901 1.0
150.0 1.01981152316 0.0
167.0 2.11643815544 0.0
135.0 19.4540342293 1.0
161.0 18.1821978603 1.0
object 57	1.0:0.5 -2.4331020594:0.5
181.0 5.43552897878 0.0
66.0 -2.37406867396 1.0
89.0 -2.3985307671 1.0
67.0 -2.50645726148 1.0
197.0 -0.0656361539377 0.0
65.0 1.04546415291 0.0
115.0 0.951787068452 0.0
41.0 0.986230272854 0.0
11.0 0.957301163792 0.0
37.0 1.01684507229 0.0
108.0 0.954370048247 0.0
156.0 -2.37974847633 1.0
10.0 -2.43288976546 1.0
140.0 1.06559492919 0.0
167.0 -2.58753910166 1.0
81.0 1.00067771096 0.0
44.0 -2.48979912309 1.0
34.0 1.07197072762 0.0
6.0 -2.46512324366 1.0
177.0 -0.080752283227 1.0
93.0 1.03677470298 0.0
138.0 0.94733561846 0.0
175.0 -1.30218505788 0.0
85.0 -2.45077936973 1.0
50.0 -2.40746031888 1.0
94.0 1.06762973458 0.0
22.0 1.0096214895 0.0
84.0 -2.49164414566 1.0
35.0 -2.38788946039 1.0
9.0 1.05887756345 0.0
74.0 0.9413181577 0.0
object 58	1.0:0.5 12.1267379077:0.5
129.0 12.1631530396 1.0
52.0 1.03466203707 0.0
110.0 0.990574759581 0.0
86.0 12.1273804691 1.0
20.0 12.0770172556 1.0
147.0 1.00772955643 0.0
60.0 12.0531079815 1.0
81.0 1.01721138059 0.0
105.0 1.05290693275 0.0
32.0 12.0628004951 1.0
80.0 12.1410760668 1.0
136.0 12.0265569825 1.0
26.0 1.06479785758 0.0
181.0 12.13410842 1.0
65.0 1.02686579445 0.0
29.0 1.09711373297 0.0
11.0 12.1109376653 1.0
72.0 12.139935864 1.0
130.0 1.05823133976 0.0
62.0 1.0343935427 0.0
193.0 6.10732128156 0.0
166.0 12.7900219054 1.0
6.0 12.0852867899 1.0
48.0 1.21323818515 0.0
object 59	1.0:0.5 10.0258487158:0.5
42.0 9.98411642444 1.0
126.0 0.997627492535 0.0
71.0 10.0701274592 1.0
177.0 9.06033128834 1.0
118.0 9.96297001538 1.0
93.0 0.990752360065 0.0
85.0 0.972459472708 0.0
137.0 10.0178874351 1.0
174.0 -3.41972915072 0.0
165.0 -1.22224715051 0.0
34.0 10.0292173816 1.0
12.0 10.014531224 1.0
120.0 10.1027874435 1.0
198.0 0.611869414991 0.0
112.0 0.912994659779 0.0
22.0 0.938805761795 0.0
147.0 1.00404983831 0.0
28.0 0.980896381085 0.0
47.0 10.0586427817 1.0
79.0 1.00749879254 0.0
9.0 0.999118753729 0.0
175.0 12.2891630282 1.0
115.0 10.1241919669 1.0
117.0 10.0283661525 1.0
150.0 0.952832683539 0.0
124.0 10.0142886712 1.0
13.0 10.0291013341 1.0
99.0 0.983077178745 0.0
62.0 10.0867419224 1.0
17.0 0.994125993871 0.0
object 60	1.0:0.5 2.71348248601:0.5
15.0 0.960363806673 0.0
20.0 2.65828647587 1.0
6.0 0.982757808831 0.0
18.0 0.925064194355 0.0
74.0 2.66571496843 1.0
160.0 2.80689846337 0.0
158.0 1.00233021792 0.0
52.0 2.68796732985 1.0
103.0 0.951279770019 0.0
3.0 2.72077119049 1.0
196.0 3.84477708649 1.0
99.0 2.7117563754 1.0
105.0 0.980867395974 0.0
135.0 0.971144853203 0.0
19.0 2.7999930951 1.0
37.0 1.04506642529 0.0
59.0 0.980710929934 0.0
144.0 0.96638617292 0.0
1.0 0.961624349543 0.0
159.0 1.02876423783 0.0
41.0 2.5638320753 1.0
33.0 0.981447355047 0.0
11.0 2.6782172571 1.0
9.0 1.0637299219 0.0
46.0 1.01815318904 0.0
182.0 2.51738459169 1.0
138.0 1.0322120313 0.0
163.0 -0.461312759169 0.0
69.0 2.67304233811 1.0
96.0 2.67702459598 1.0
object 61	1.0:0.5 -3.20917745873:0.5
93.0 0.954258146483 0.0
18.0 0.982036901069 0.0
136.0 -3.25002822179 1.0
30.0 -3.17229718268 1.0
146.0 -3.19281514569 1.0
133.0 -3.16156002709 1.0
149.0 -3.23301424964 1.0
19.0 1.02432166652 0.0
196.0 5.20584172694 0.0
77.0 -3.15514022096 1.0
138.0 -3.24547291453 1.0
56.0 -3.18820494237 1.0
75.0 0.888158457869 0.0
0.0 1.08261880223 0.0
160.0 -1.87516287915 0.0
188.0 0.644275465767 0.0
46.0 -3.22293474955 1.0
25.0 -3.25964940277 1.0
157.0 -3.21731489233 1.0
68.0 -3.23031605715 1.0
50.0 -3.19338001663 1.0
126.0 -3.23714119439 1.0
45.0 0.986921507546 0.0
153.0 -3.20372161769 1.0
119.0 1.03940383081 0.0
8.0 0.939868159292 0.0
95.0 0.993079711646 0.0
object 62	1.0:0.5 4.4080500297:0.5
151.0 1.04140655288 0.0
70.0 4.4684410006 1.0
71.0 0.977083174413 0.0
41.0 4.3172641219 1.0
52.0 1.0254481016 0.0
152.0 4.43296801242 1.0
90.0 1.0097508527 0.0
175.0 5.64563637136 0.0
100.0 0.90838614563 0.0
97.0 1.00972673962 0.0
86.0 4.46922066022 1.0
98.0 0.966992834761 0.0
62.0 4.44943745392 1.0
24.0 1.01187078435 0.0
14.0 1.0352450363 0.0
161.0 0.578780117958 0.0
169.0 2.84333605777 1.0
178.0 0.300371623934 0.0
96.0 1.03450894791 0.0
5.0 1.02657570345 0.0
102.0 0.87711204383 0.0
92.0 1.014197023 0.0
21.0 0.950406612509 0.0
16.0 1.00334628831 0.0
129.0 4.43112121665 1.0
35.0 4.41382981034 1.0
170.0 2.97946257961 0.0
105.0 0.954334155586 0.0
186.0 -0.693988505924 0.0
147.0 1.01060989207 0.0
59.0 1.03932393211 0.0
12.0 4.42210179335 1.0
174.0 7.90284004384 1.0
51.0 4.37540706815 1.0
object 63	1.0:0.5 -8.85342027176:0.5
90.0 0.984771889161 0.0
166.0 -7.62425188728 1.0
22.0 1.06080784796 0.0
122.0 -8.97600284055 1.0
188.0 -11.3014266442 1.0
46.0 -8.95105276134 1.0
44.0 0.953859798031 0.0
42.0 0.977011307207 0.0
141.0 1.04816823579 0.0
60.0 0.946112745069 0.0
65.0 -8.83237825177 1.0
158.0 1.05974317192 0.0
19.0 -8.83998518867 1.0
32.0 -8.88339504606 1.0
113.0 -8.85724933152 1.0
2.0 -8.92845671436 1.0
98.0 1.04179707177 0.0
128.0 -8.83289802192 1.0
106.0 1.03583719209 0.0
142.0 -8.8530925396 1.0
150.0 0.969797605831 0.0
183.0 -12.9393516843 1.0
57.0 -8.86422050213 1.0
199.0 -6.6540441434 1.0
67.0 -8.88918868408 1.0
92.0 -8.7813217052 1.0
49.0 1.04244451578 0.0
72.0 -8.81446374769 1.0
194.0 -5.05033629711 1.0
139.0 -8.8926449735 1.0
169.0 3.49890974096 0.0
63.0 0.953632063385 0.0
53.0 -8.9248036314 1.0
107.0 -8.7971282001 1.0
object 64	1.0:0.5 3.36016914662:0.5
139.0 0.961290170388 0.0
7.0 1.01893136857 0.0
107.0 1.07204506729 0.0
29.0 1.04797462513 0.0
12.0 1.03073980608 0.0
21.0 3.33474279213 1.0
45.0 3.40519660276 1.0
160.0 -1.5733505608 0.0
79.0 1.01410775343 0.0
25.0 1.02958395948 0.0
6.0 3.35318681015 1.0
156.0 1.01906361915 0.0
48.0 1.04391315426 0.0
151.0 0.938872060492 0.0
195.0 8.02310150389 0.0
129.0 3.36633102099 1.0
15.0 3.36507277243 1.0
82.0 3.33809602569 1.0
161.0 1.96742303556 1.0
101.0 0.984988097089 0.0
18.0 0.996258124304 0.0
103.0 3.4644703161 1.0
123.0 3.34674798409 1.0
112.0 0.94484945116 0.0
16.0 3.30584979245 1.0
60.0 0.920815040434 0.0
180.0 9.82705607417 1.0
140.0 1.10334999048 0.0
object 65	1.0:0.5 -8.23552358385:0.5
131.0 -8.28329831529 1.0
94.0 1.07092315826 0.0
5.0 0.903460700915 0.0
176.0 -10.874533537 1.0
190.0 -14.92117678 1.0
173.0 -4.17724415471 1.0
186.0 -11.0221808326 1.0
174.0 -13.0459096287 1.0
47.0 0.991538181183 0.0
152.0 0.944285479021 0.0
165.0 -7.6761776229 1.0
162.0 1.40930179261 0.0
110.0 1.02678994445 0.0
177.0 -6.03127874086 1.0
88.0 -8.23478058071 1.0
126.0 -8.1996034108 1.0
21.0 0.952211429971 0.0
19.0 -8.33928805144 1.0
138.0 0.876748599242 0.0
65.0 0.972047872289 0.0
153.0 -8.22202184731 1.0
163.0 -2.15412271957 0.0
41.0 0.833794626351 0.0
179.0 -5.74863872033 0.0
154.0 -8.2616950297 1.0
134.0 -8.2136113939 1.0
151.0 -8.1715719607 1.0
137.0 1.02068994732 0.0
181.0 -1.73633473073 1.0
33.0 0.999184270434 0.0
97.0 -8.27602053924 1.0
112.0 0.950854700832 0.0
object 66	1.0:0.5 8.14842667242:0.5
194.0 6.23275757376 1.0
173.0 1.28451349262 0.0
188.0 0.726551293865 0.0
193.0 11.5378642983 1.0
66.0 8.20496812441 1.0
145.0 1.0439152315 0.0
67.0 1.08749996898 0.0
187.0 8.00964616924 1.0
7.0 8.15209021821 1.0
189.0 8.18880888309 1.0
12.0 1.00633499431 0.0
156.0 8.23315161436 1.0
191.0 1.3329369893 0.0
123.0 8.05247829339 1.0
110.0 8.17804665663 1.0
128.0 8.14649475157 1.0
155.0 8.09934968671 1.0
94.0 8.0565732679 1.0
30.0 1.06697549595 0.0
36.0 0.920772323618 0.0
178.0 2.0567269863 0.0
71.0 8.15044268835 1.0
114.0 1.02383452247 0.0
39.0 0.971996199353 0.0
135.0 8.16669673963 1.0
35.0 8.22547645576 1.0
79.0 0.930363445975 0.0
70.0 8.17346619618 1.0
46.0 8.15305369915 1.0
127.0 0.935857751399 0.0
61.0 8.24602644657 1.0
object 67	1.0:0.5 20.4553062886:0.5
95.0 1.02125146897 0.0
34.0 0.989332596371 0.0
176.0 2.4744648665 0.0
47.0 20.4338676514 1.0
67.0 20.4504980849 1.0
36.0 1.05993571223 0.0
5.0 20.4656453431 1.0
157.0 20.4498224042 1.0
62.0 0.988920110215 0.0
37.0 20.5473822054 1.0
23.0 1.02825522509 0.0
46.0 20.4813302191 1.0
18.0 0.983751570281 0.0
119.0 20.3501465515 1.0
132.0 0.976473676493 0.0
59.0 20.4390197928 1.0
50.0 0.95487781192 0.0
48.0 0.954006136011 0.0
56.0 20.4471951944 1.0
135.0 1.02175493215 0.0
186.0 10.5553483081 0.0
61.0 20.50219472 1.0
1.0 20.4313235595 1.0
147.0 0.980554346129 0.0
93.0 20.4552297305 1.0
85.0 20.4854215864 1.0
68.0 1.02674687027 0.0
143.0 1.04653249769 0.0
69.0 0.977764507243 0.0
180.0 23.3982398508 1.0
2.0 1.02711628729 0.0
156.0 20.5236205154 1.0
101.0 20.5221648295 1.0
45.0 1.03900539958 0.0
92.0 20.4027581062 1.0
24.0 20.4293412998 1.0
object 68	1.0:0.5 1.09743380798:0.5
36.0 1.07589933243 1.0
29.0 1.00501253562 0.0
153.0 1.10466626228 1.0
164.0 -1.26776219609 0.0
162.0 5.23444458979 0.0
3.0 0.978322031799 0.0
191.0 1.06823042757 1.0
134.0 1.1617353022 1.0
163.0 1.4752737535 1.0
10.0 0.972080793619 0.0
148.0 1.0943161555 1.0
113.0 1.11841578508 1.0
111.0 1.01192147626 0.0
154.0 1.07132989905 1.0
126.0 1.05027299915 1.0
115.0 1.16646088871 1.0
107.0 1.03918122272 0.0
119.0 1.11703792252 1.0
136.0 1.04673136947 0.0
6.0 1.1488666888 1.0
91.0 1.13204002431 1.0
63.0 1.12537431479 0.0
22.0 1.17006969002 1.0
170.0 2.72022956724 0.0
89.0 1.20242416608 1.0
19.0 0.946852647925 0.0
183.0 -1.23546313237 0.0
166.0 0.620654604924 1.0
185.0 0.9499047046 1.0
110.0 1.03817722453 0.0
54.0 0.969992646736 0.0
192.0 0.107189047798 0.0
27.0 0.98551276617 0.0
69.0 1.10258878868 1.0
94.0 1.14572855763 1.0
198.0 0.0100311917701 0.0
127.0 0.89693379811 0.0
74.0 0.985860777474 0.0
14.0 0.942972005302 0.0
85.0 1.0436019499 1.0
object 69	1.0:0.5 10.8537474064:0.5
23.0 1.02816696938 0.0
173.0 12.5827050802 1.0
107.0 0.998696090647 0.0
73.0 1.0067900055 0.0
163.0 1.23489955745 0.0
76.0 1.04272397411 0.0
78.0 10.8646371131 1.0
161.0 4.81867558957 0.0
172.0 11.630491717 1.0
131.0 10.8325801924 1.0
101.0 10.8449684603 1.0
139.0 1.013177667 0.0
91.0 1.09380835307 0.0
104.0 0.931431730799 0.0
87.0 1.06600398879 0.0
124.0 0.950251167101 0.0
118.0 0.918922742765 0.0
110.0 10.823361805 1.0
180.0 14.4653195691 1.0
111.0 10.8820974048 1.0
38.0 1.01598400483 0.0
167.0 -0.28840584315 0.0
12.0 0.969178456392 0.0
90.0 1.01282649633 0.0
16.0 10.902976076 1.0
98.0 10.8637532552 1.0
19.0 10.8872950383 1.0
174.0 4.04095512516 0.0
69.0 0.98568061302 0.0
92.0 10.9676566868 1.0
37.0 0.959699127316 0.0
40.0 0.922688167574 0.0
181.0 5.7382563322 1.0
object 70	1.0:0.5 -11.4665202366:0.5
129.0 0.949115283748 0.0
150.0 0.942131869338 0.0
147.0 0.967682501369 0.0
182.0 -10.6886930441 1.0
58.0 -11.4501319354 1.0
143.0 0.919841970637 0.0
39.0 -11.4870540506 1.0
137.0 -11.4958515055 1.0
105.0 0.991931991973 0.0
13.0 -11.4221411131 1.0
199.0 -9.90670066844 1.0
22.0 -11.4622796934 1.0
186.0 3.09777796682 0.0
76.0 0.945847003717 0.0
104.0 0.992676489107 0.0
52.0 -11.4377567058 1.0
1.0 0.968296786927 0.0
195.0 -6.12404959079 1.0
126.0 -11.5588357662 1.0
196.0 2.37673439868 0.0
63.0 -11.4319969803 1.0
144.0 -11.4907980265 1.0
37.0 1.05543066833 0.0
188.0 2.47346330827 0.0
object 71	1.0:0.5 14.445493954:0.5
66.0 0.979380214632 0.0
82.0 0.96116060838 0.0
158.0 14.2874216201 1.0
31.0 14.4545912127 1.0
84.0 14.4808037496 1.0
62.0 0.979381548052 0.0
114.0 14.447180232 1.0
188.0 -0.5537965434 0.0
111.0 0.962231977375 0.0
113.0 14.4386703165 1.0
110.0 0.977177068835 0.0
28.0 0.947225117241 0.0
163.0 17.3841563425 1.0
11.0 14.4851172548 1.0
120.0 14.5072740851 1.0
155.0 0.956950527712 0.0
107.0 14.4217866249 1.0
152.0 14.4008654162 1.0
14.0 14.5047946854 1.0
78.0 0.94507679128 0.0
object 72	1.0:0.5 28.6256639596:0.5
76.0 0.946342859819 0.0
182.0 0.472430368464 0.0
35.0 1.05264955306 0.0
47.0 28.6613086335 1.0
128.0 28.5879498529 1.0
92.0 1.02534252824 0.0
176.0 -2.21851649562 0.0
59.0 0.9255602673 0.0
136.0 28.684423015 1.0
60.0 1.01560294898 0.0
124.0 0.964910831395 0.0
155.0 28.62185081 1.0
102.0 1.06032880333 0.0
32.0 28.5387446741 1.0
20.0 1.01206432299 0.0
187.0 -4.30000396508 0.0
138.0 0.970009762214 0.0
39.0 28.6322961758 1.0
88.0 0.935556569872 0.0
171.0 -2.53942666523 0.0
112.0 0.957986726188 0.0
34.0 1.07781848986 0.0
43.0 0.984692473161 0.0
166.0 1.47493681775 0.0
196.0 2.57563092588 0.0
object 73	1.0:0.5 8.38920653928:0.5
78.0 8.42116382554 1.0
108.0 8.35786837358 1.0
153.0 8.46884149848 1.0
7.0 8.41707476604 1.0
61.0 8.38607672504 1.0
4.0 8.42668418007 1.0
146.0 0.899922875546 0.0
11.0 8.38361171653 1.0
155.0 0.964368498202 0.0
170.0 9.34780678973 1.0
197.0 3.44606831474 0.0
163.0 2.57577019024 0.0
16.0 0.990331980842 0.0
150.0 8.4316314488 1.0
81.0 8.37418038812 1.0
71.0 1.0360993282 0.0
167.0 2.63910612938 0.0
6.0 1.00804182112 0.0
174.0 8.93846543954 0.0
118.0 8.47464919587 1.0
195.0 -2.98190930559 0.0
171.0 2.57471965419 0.0
142.0 0.968085853851 0.0
52.0 1.00547298086 0.0
109.0 8.27899701327 1.0
44.0 0.978115659678 0.0
18.0 8.39467120405 1.0
131.0 8.39362777496 1.0
162.0 3.89949501882 0.0
193.0 0.707829681332 0.0
55.0 8.37250618007 1.0
183.0 -0.835418920357 0.0
124.0 8.38654827236 1.0
114.0 8.39335400225 1.0
141.0 8.45309813771 1.0
21.0 8.35048716718 1.0
172.0 0.179357030705 0.0
object 74	1.0:0.5 27.4575080777:0.5
29.0 27.4262126883 1.0
131.0 1.00572101931 0.0
9.0 0.929781029298 0.0
2.0 27.5650550576 1.0
31.0 27.4744977957 1.0
8.0 27.4104237742 1.0
122.0 27.4162698653 1.0
67.0 27.5186229173 1.0
3.0 0.996271098795 0.0
44.0 0.969241641137 0.0
43.0 27.3945963319 1.0
57.0 1.01614169111 0.0
149.0 27.4706456336 1.0
74.0 0.956474687598 0.0
164.0 2.12053574994 0.0
137.0 0.972774637878 0.0
106.0 27.3696284061 1.0
51.0 27.4745478599 1.0
139.0 1.00361120498 0.0
143.0 27.4234438573 1.0
110.0 27.4707815212 1.0
140.0 27.410269425 1.0
47.0 27.4069425206 1.0
160.0 28.0746159916 1.0
22.0 0.998450866636 0.0
189.0 27.3419225179 1.0
28.0 27.4787184583 1.0
40.0 0.999695500604 0.0
object 75	1.0:0.5 8.42613353125:0.5
167.0 4.00315777959 0.0
22.0 0.904865057267 0.0
133.0 8.4440411168 1.0
84.0 8.42295275997 1.0
16.0 0.930581108937 0.0
131.0 1.02971792634 0.0
105.0 0.996377578286 0.0
145.0 1.01527392916 0.0
116.0 1.08489642339 0.0
75.0 1.04782714695 0.0
60.0 8.47434972083 1.0
119.0 0.970756054319 0.0
89.0 8.36615789746 1.0
183.0 2.37759817753 1.0
177.0 0.828648226036 0.0
74.0 8.3908828736 1.0
193.0 -1.57127756172 0.0
1.0 0.940861038262 0.0
41.0 8.41090719828 1.0
109.0 0.993940155847 0.0
132.0 8.44866138614 1.0
82.0 1.04219304438 0.0
67.0 8.45940117132 1.0
170.0 1.20310281599 0.0
196.0 -2.62478718637 0.0
146.0 8.34525610855 1.0
91.0 8.3391612151 1.0
107.0 1.00734461158 0.0
92.0 1.06569899462 0.0
142.0 0.956100686561 0.0
54.0 0.94210168209 0.0
141.0 1.04436134178 0.0
189.0 8.32710540411 1.0
90.0 8.46428967602 1.0
127.0 1.06592994586 0.0
175.0 5.68046230784 1.0
123.0 0.993785716362 0.0
171.0 -0.525899903556 0.0
139.0 0.971761880834 0.0
object 76	1.0:0.5 -1.65485523427:0.5
13.0 -1.72019061608 1.0
107.0 1.01549133925 0.0
164.0 -0.219342471246 1.0
124.0 -1.69311900524 1.0
77.0 0.933292655546 0.0
120.0 -1.66840525512 1.0
111.0 1.02687477301 0.0
49.0 0.927478047743 0.0
136.0 0.979930735136 0.0
30.0 -1.73566641129 1.0
197.0 0.572976612843 0.0
32.0 0.879304628491 0.0
162.0 -5.32390224856 1.0
195.0 -1.32911377876 0.0
170.0 2.08938059087 0.0
58.0 -1.58878360613 1.0
75.0 -1.70524893603 1.0
38.0 -1.76539587765 1.0
108.0 -1.65294603175 1.0
187.0 1.87386459981 1.0
121.0 -1.66644338293 1.0
106.0 -1.65847371017 1.0
97.0 -1.64448145969 1.0
20.0 -1.64611742998 1.0
100.0 1.03278811046 0.0
81.0 1.00748646101 0.0
125.0 0.990243033498 0.0
56.0 0.99084584026 0.0
166.0 -2.74162662233 1.0
130.0 1.0547062551 0.0
188.0 2.93084243804 0.0
154.0 0.915884889321 0.0
104.0 1.12992845473 0.0
object 77	1.0:0.5 -14.6493125479:0.5
27.0 -14.6652576962 1.0
120.0 -14.7275219617 1.0
143.0 -14.5546921269 1.0
76.0 -14.6471054904 1.0
163.0 -14.1459483064 1.0
150.0 0.966699391663 0.0
188.0 6.75372127331 0.0
178.0 -5.91275716539 0.0
15.0 0.92667037093 0.0
18.0 1.06872781439 0.0
113.0 -14.6701562559 1.0
93.0 1.0360632365 0.0
181.0 -2.61522737287 0.0
8.0 -14.7032500118 1.0
151.0 -14.6182449207 1.0
159.0 -14.6364487524 1.0
12.0 0.970776136983 0.0
102.0 1.00400723584 0.0
170.0 -16.8527418951 1.0
165.0 -14.8736064419 1.0
117.0 -14.6807961201 1.0
57.0 -14.6459614685 1.0
131.0 1.06023197025 0.0
168.0 0.84627318009 0.0
24.0 -14.6745055802 1.0
84.0 -14.5967967567 1.0
148.0 1.0019803222 0.0
121.0 -14.7183982363 1.0
59.0 0.902707745894 0.0
83.0 -14.5813842411 1.0
199.0 2.02133725275 0.0
107.0 1.03856877271 0.0
141.0 -14.6956087078 1.0
11.0 -14.5880433328 1.0
145.0 -14.6717814779 1.0
94.0 -14.6194641943 1.0
0.0 1.01620741234 0.0
object 78	1.0:0.5 6.76475444885:0.5
45.0 6.78237897821 1.0
2.0 6.81400424467 1.0
125.0 0.945840107836 0.0
199.0 1.90622325394 0.0
70.0 0.938599519774 0.0
49.0 1.01364502491 0.0
44.0 0.927717565079 0.0
190.0 5.74563102476 1.0
186.0 1.62493531893 1.0
76.0 6.78799515599 1.0
75.0 0.985155468941 0.0
99.0 0.930519729566 0.0
121.0 1.03981869689 0.0
149.0 6.78824973669 1.0
14.0 0.940719069749 0.0
128.0 6.83232227367 1.0
172.0 3.9947731554 0.0
53.0 0.989996984646 0.0
101.0 6.70024091897 1.0
163.0 6.62105850741 1.0
80.0 0.995726765447 0.0
122.0 1.02051175001 0.0
150.0 6.85225568505 1.0
191.0 1.04665722271 0.0
142.0 0.999692599905 0.0
23.0 6.8006392209 1.0
110.0 6.82068677362 1.0
160.0 -3.83535461396 0.0
object 79	1.0:0.5 16.2118658093:0.5
176.0 17.943481616 1.0
2.0 0.949377063264 0.0
190.0 11.6906842797 1.0
155.0 16.1342559968 1.0
23.0 16.2081846703 1.0
87.0 0.930120763155 0.0
55.0 0.945097216224 0.0
161.0 1.87733460296 0.0
125.0 1.04113064045 0.0
136.0 16.1435909174 1.0
180.0 22.1361036433 1.0
126.0 1.03172840961 0.0
112.0 16.1213347935 1.0
130.0 16.2479033545 1.0
128.0 16.289482388 1.0
132.0 0.885335700645 0.0
181.0 2.40402770933 0.0
72.0 16.1570157512 1.0
91.0 0.87829553707 0.0
137.0 16.1758482686 1.0
122.0 0.930279526068 0.0
146.0 16.2475971878 1.0
63.0 1.02066288491 0.0
61.0 16.2146271323 1.0
174.0 19.1252097267 1.0
17.0 16.1914689161 1.0
88.0 0.962028518387 0.0
81.0 16.2531882608 1.0
94.0 1.04401803289 0.0
157.0 1.03342034382 0.0
93.0 16.1706951059 1.0
102.0 0.980938151232 0.0
92.0 16.2416251771 1.0
52.0 16.200859789 1.0
7.0 16.2338166564 1.0
object 80	1.0:0.5 3.84869818499:0.5
125.0 3.86723393344 1.0
63.0 1.05814610026 0.0
14.0 0.983208662104 0.0
112.0 1.02283488835 0.0
6.0 0.978193655093 0.0
82.0 3.88505740384 1.0
96.0 1.02737880028 0.0
122.0 3.85787216511 1.0
23.0 3.8478364741 1.0
74.0 1.0515853211 0.0
77.0 3.87830954013 1.0
1.0 3.93171279854 1.0
195.0 4.532667765 1.0
161.0 3.51518627213 1.0
128.0 0.97980076834 0.0
152.0 1.05616463422 0.0
185.0 6.46867408787 1.0
192.0 1.76235699618 0.0
18.0 0.916862475213 0.0
123.0 3.74108396736 1.0
8.0 3.89354241806 1.0
160.0 2.78964182118 0.0
11.0 1.04674911894 0.0
47.0 3.94741895035 1.0
37.0 0.965132662709 0.0
89.0 0.973089293395 0.0
163.0 2.4035021283 0.0
object 81	1.0:0.5 5.42880533137:0.5
156.0 1.00704098265 0.0
129.0 5.46682918505 1.0
52.0 5.45677903977 1.0
160.0 -4.65069238168 0.0
14.0 5.45419169568 1.0
80.0 1.022070687 0.0
177.0 0.139310518407 0.0
74.0 1.05535941894 0.0
98.0 5.40484144328 1.0
71.0 0.923544756832 0.0
130.0 0.980584032702 0.0
43.0 5.39326716485 1.0
25.0 0.957257269752 0.0
53.0 5.45067920112 1.0
68.0 0.999216402123 0.0
83.0 5.4541600539 1.0
47.0 5.39714657983 1.0
174.0 7.57793823208 0.0
69.0 0.971729798156 0.0
133.0 5.334843274 1.0
13.0 1.02545908673 0.0
95.0 1.05572855219 0.0
93.0 1.02371909399 0.0
118.0 5.35030037994 1.0
139.0 0.958158885776 0.0
99.0 1.07308230361 0.0
23.0 0.983326946028 0.0
188.0 9.46582476634 1.0
164.0 3.88161381404 0.0
object 82	1.0:0.5 11.5433492565:0.5
144.0 11.5626609606 1.0
199.0 10.0357944205 1.0
85.0 11.4892408774 1.0
36.0 11.5054051924 1.0
70.0 11.4905156171 1.0
145.0 11.6471429836 1.0
171.0 0.465492307738 0.0
72.0 11.5951385268 1.0
45.0 0.958116624225 0.0
146.0 1.02593687973 0.0
54.0 0.994076701793 0.0
27.0 11.5696538562 1.0
121.0 1.01585047812 0.0
19.0 11.5038970954 1.0
184.0 0.375386736999 0.0
130.0 1.00934721962 0.0
112.0 11.5585514647 1.0
153.0 1.00541142326 0.0
66.0 11.4854202635 1.0
143.0 11.5091225426 1.0
71.0 1.01043956791 0.0
193.0 0.208643461737 0.0
166.0 12.9649160308 1.0
99.0 1.11079107294 0.0
30.0 11.4811797765 1.0
0.0 1.00853834134 0.0
43.0 1.00208264504 0.0
38.0 11.5896784591 1.0
35.0 11.4548337015 1.0
190.0 4.49930150711 0.0
173.0 6.96582988365 0.0
125.0 11.5495990938 1.0
179.0 4.88325921847 0.0
163.0 12.3561898301 1.0
191.0 -0.778397627544 0.0
147.0 11.5372812775 1.0
178.0 9.39557775239 1.0
47.0 11.5991612147 1.0
64.0 11.4687340022 1.0
37.0 0.953713609688 0.0
86.0 0.996933924238 0.0
194.0 9.17848343923 1.0
89.0 0.98384381003 0.0
159.0 11.53214885 1.0
139.0 1.07675691795 0.0
object 83	1.0:0.5 -7.32629468469:0.5
70.0 -7.23997663443 1.0
79.0 1.05106171102 0.0
167.0 -4.86665829866 1.0
69.0 1.05644910368 0.0
77.0 -7.28440931407 1.0
89.0 -7.29235624662 1.0
138.0 0.957751707053 0.0
84.0 -7.38669943654 1.0
158.0 -7.36030591933 1.0
118.0 -7.32850017205 1.0
63.0 -7.32005019101 1.0
108.0 0.999404944812 0.0
170.0 -7.2676211078 1.0
86.0 -7.3822273311 1.0
166.0 1.45629581128 0.0
102.0 0.977088837565 0.0
178.0 3.24295324388 0.0
35.0 0.974508375629 0.0
147.0 0.990345675921 0.0
4.0 -7.36095616144 1.0
193.0 -5.14415514894 1.0
14.0 -7.39368304337 1.0
148.0 -7.35230953639 1.0
173.0 3.04404168428 0.0
object 84	1.0:0.5 -21.0038140472:0.5
90.0 -21.0480428365 1.0
123.0 -20.9911854596 1.0
187.0 -20.598579081 1.0
189.0 -2.72126810583 0.0
193.0 -24.5320905907 1.0
135.0 1.05912787064 0.0
77.0 0.99707394106 0.0
106.0 -20.8915034662 1.0
130.0 -21.0022753989 1.0
108.0 0.95992544241 0.0
112.0 1.01938319459 0.0
52.0 -20.90170624 1.0
178.0 -0.247366155239 0.0
19.0 -20.981492297 1.0
134.0 -20.9980176575 1.0
138.0 -21.0425336401 1.0
197.0 -1.24635960337 0.0
97.0 -21.0007493202 1.0
74.0 0.981434518091 0.0
48.0 1.09331124115 0.0
120.0 1.00142585724 0.0
91.0 1.08730183531 0.0
139.0 -21.0351631544 1.0
168.0 -0.843924289905 0.0
37.0 -21.0178006462 1.0
175.0 -18.1950112146 1.0
40.0 -21.0843880958 1.0
67.0 0.985154637036 0.0
4.0 0.906094413006 0.0
154.0 0.995806801646 0.0
183.0 -27.3902920544 1.0
object 85	1.0:0.5 -2.59018181498:0.5
153.0 -2.57800995878 1.0
142.0 1.05101682521 0.0
134.0 -2.50311371772 1.0
76.0 0.987437414039 0.0
151.0 -2.57302112013 1.0
137.0 1.02591590141 0.0
29.0 -2.66283096322 1.0
176.0 7.47099535583 0.0
16.0 -2.61686245177 1.0
146.0 1.06164078379 0.0
145.0 -2.53572582907 1.0
120.0 -2.4951866329 1.0
30.0 1.01936357535 0.0
170.0 2.1230601555 1.0
58.0 -2.62962000565 1.0
193.0 -7.08981267309 1.0
159.0 -2.53482052768 1.0
51.0 0.978442346015 0.0
12.0 0.858984859586 0.0
118.0 0.966714779805 0.0
42.0 0.971561876688 0.0
44.0 1.08482116467 0.0
152.0 -2.61376366395 1.0
36.0 0.973869202862 0.0
127.0 -2.42348482057 1.0
131.0 0.903440996474 0.0
99.0 -2.6030947527 1.0
190.0 -9.97387273439 1.0
77.0 -2.60555992787 1.0
71.0 -2.57321152769 1.0
69.0 0.985030474804 0.0
155.0 -2.5407658471 1.0
91.0 1.02123799078 0.0
6.0 0.946751222607 0.0
181.0 -8.80100689627 1.0
33.0 1.01800056725 0.0
object 86	1.0:0.5 -5.72016853218:0.5
84.0 -5.7103494544 1.0
74.0 -5.73003004955 1.0
86.0 0.972839760122 0.0
30.0 0.980967147195 0.0
21.0 -5.76903081748 1.0
70.0 -5.69882563995 1.0
18.0 -5.75681559022 1.0
108.0 0.988281845455 0.0
167.0 -3.52338646075 1.0
145.0 0.932135288162 0.0
66.0 1.03012705568 0.0
113.0 -5.68511746145 1.0
187.0 -5.1939000177 1.0
16.0 1.05264433036 0.0
80.0 1.03740388879 0.0
60.0 0.97805758477 0.0
136.0 0.984277458502 0.0
102.0 -5.77963611101 1.0
150.0 -5.72185992885 1.0
7.0 1.01951262915 0.0
71.0 -5.8032361097 1.0
79.0 0.957843219227 0.0
78.0 1.02123829011 0.0
195.0 4.44472213854 0.0
68.0 0.963916416299 0.0
154.0 -5.61983451642 1.0
92.0 0.997985759741 0.0
object 87	1.0:0.5 3.22161860112:0.5
186.0 5.18087043469 1.0
93.0 0.933943024145 0.0
168.0 1.5931693334 0.0
79.0 0.969360743695 0.0
25.0 1.06836269409 0.0
64.0 3.21959707468 1.0
28.0 3.22341401432 1.0
55.0 0.989512963667 0.0
40.0 3.18990869012 1.0
69.0 3.2375950959 1.0
135.0 1.01049872983 0.0
8.0 0.919939043726 0.0
43.0 0.932687222324 0.0
126.0 3.20751753042 1.0
65.0 0.990975259603 0.0
84.0 3.22082538508 1.0
108.0 3.14050627409 1.0
99.0 3.22782756937 1.0
89.0 3.37460474844 1.0
78.0 3.25142716415 1.0
127.0 3.24608174277 1.0
138.0 3.25097635109 1.0
17.0 1.003003024 0.0
46.0 3.19690751457 1.0
180.0 -2.30256326503 0.0
158.0 1.03514916438 0.0
143.0 1.00286766345 0.0
142.0 3.27723417845 1.0
97.0 3.26387500575 1.0
76.0 3.26996452481 1.0
20.0 3.29546740784 1.0
object 88	1.0:0.5 9.34619990961:0.5
82.0 9.32044793537 1.0
140.0 0.938150830151 0.0
75.0 0.998423556818 0.0
116.0 1.0095598082 0.0
33.0 1.03634849159 0.0
100.0 9.41459546777 1.0
36.0 0.988945515529 0.0
11.0 0.990135509508 0.0
120.0 0.918009708855 0.0
198.0 -2.24729935089 0.0
163.0 -1.27755223707 0.0
98.0 1.01757794658 0.0
91.0 9.30558095811 1.0
60.0 9.32828142321 1.0
51.0 1.02428699597 0.0
155.0 1.01245196347 0.0
185.0 1.61101538041 0.0
187.0 8.62261419654 1.0
14.0 0.998752459541 0.0
157.0 9.34395196188 1.0
25.0 0.982555595757 0.0
105.0 1.0122353087 0.0
29.0 1.03698593905 0.0
20.0 0.907616388761 0.0
131.0 9.34360988714 1.0
30.0 1.07045456389 0.0
41.0 9.28810145528 1.0
15.0 9.37033795725 1.0
5.0 1.01108435444 0.0
124.0 9.2992943335 1.0
135.0 9.31808217454 1.0
57.0 9.38042726159 1.0
151.0 9.31372129812 1.0
182.0 2.71214433545 0.0
object 89	1.0:0.5 6.5310688357:0.5
198.0 4.97046671084 1.0
10.0 1.04973361949 0.0
61.0 1.00953192728 0.0
133.0 6.52295913893 1.0
63.0 6.55527022326 1.0
109.0 0.976152113585 0.0
0.0 6.54524560433 1.0
199.0 8.5525649062 1.0
72.0 0.957116046136 0.0
99.0 6.56734733306 1.0
17.0 0.91707755551 0.0
140.0 1.02462249016 0.0
16.0 6.47652231489 1.0
14.0 6.57122932061 1.0
12.0 6.51559273039 1.0
115.0 6.58159745128 1.0
13.0 1.12682961663 0.0
88.0 1.05230941946 0.0
34.0 6.53587862557 1.0
102.0 6.58698966981 1.0
54.0 6.48083004164 1.0
42.0 6.55295739421 1.0
98.0 6.55555823828 1.0
172.0 7.84816478038 1.0
125.0 0.967357984587 0.0
162.0 -3.55365048852 0.0
111.0 6.61344280303 1.0
123.0 1.12919449763 0.0
192.0 2.811822205 0.0
object 90	1.0:0.5 26.586014619:0.5
170.0 23.0716706843 1.0
15.0 0.976532230814 0.0
127.0 0.896499973901 0.0
152.0 26.602972126 1.0
194.0 -2.34770572178 0.0
37.0 1.01772277606 0.0
32.0 0.956231718996 0.0
8.0 0.999276284599 0.0
167.0 26.273762399 1.0
106.0 26.6400570043 1.0
150.0 26.6205221889 1.0
35.0 26.609490314 1.0
169.0 26.8053314423 1.0
61.0 26.6391694952 1.0
118.0 26.6536564418 1.0
115.0 26.6386124503 1.0
151.0 1.01470298034 0.0
166.0 3.34483802091 0.0
0.0 0.952649496769 0.0
192.0 -1.18899481518 0.0
120.0 0.955109990809 0.0
67.0 1.00860816759 0.0
162.0 24.2218439411 1.0
33.0 26.5699150452 1.0
110.0 0.92513621768 0.0
109.0 26.5722426909 1.0
183.0 27.2590211222 1.0
14.0 26.5555073524 1.0
145.0 0.899508026126 0.0
5.0 26.6502212373 1.0
149.0 26.5612953136 1.0
138.0 1.08729160571 0.0
164.0 -0.872619351547 0.0
51.0 26.5834866774 1.0
18.0 26.5656495136 1.0
36.0 1.01097332236 0.0
69.0 26.5901730861 1.0
133.0 1.13867585654 0.0
31.0 26.6190859899 1.0
object 91	1.0:0.5 -0.468381175657:0.5
116.0 0.920852128859 0.0
98.0 1.00112038871 0.0
73.0 1.02174675631 0.0
40.0 1.07591470756 0.0
38.0 1.02201538551 0.0
137.0 -0.469022234169 1.0
159.0 -0.463693164093 1.0
183.0 -1.51073355825 1.0
23.0 -0.416667883002 1.0
2.0 0.976140288859 0.0
114.0 -0.519823367019 1.0
197.0 -1.4567968647 0.0
107.0 0.961109066035 0.0
82.0 -0.559382610912 1.0
148.0 1.06865041148 0.0
132.0 1.02709374575 0.0
object 92	1.0:0.5 1.06858774146:0.5
102.0 1.00482194453 0.0
46.0 1.0091401101 0.0
194.0 1.68157633701 0.0
145.0 1.04009584913 0.0
121.0 1.06672863416 1.0
132.0 1.00554763297 0.0
181.0 -5.19413943872 0.0
87.0 0.976970888986 0.0
27.0 1.00054023482 0.0
142.0 1.04559444246 0.0
157.0 1.1120355811 1.0
1.0 1.09947312732 1.0
184.0 -1.67512495089 0.0
163.0 1.78724079307 1.0
3.0 1.0424240501 1.0
65.0 1.0380245312 0.0
144.0 0.936546795284 0.0
31.0 1.10835213862 1.0
70.0 1.08390206787 1.0
124.0 1.11158025179 1.0
57.0 0.94814361136 0.0
19.0 0.984815782586 0.0
28.0 1.10441694927 1.0
48.0 1.09532479712 1.0
141.0 1.00938661133 0.0
118.0 1.01517664681 0.0
140.0 1.0557924478 1.0
object 93	1.0:0.5 -10.0572218078:0.5
99.0 -10.036866133 1.0
135.0 -10.0031390643 1.0
164.0 -8.47654455386 1.0
92.0 -10.104108933 1.0
7.0 1.06488458893 0.0
86.0 -10.1162979518 1.0
179.0 -6.07671437584 1.0
143.0 -10.1256396329 1.0
175.0 -8.17358068061 1.0
139.0 -10.0891087769 1.0
64.0 0.956022812754 0.0
25.0 0.893800983088 0.0
140.0 1.10601739465 0.0
191.0 -9.89113789059 1.0
157.0 -10.0916291019 1.0
159.0 0.945646097864 0.0
41.0 -10.0109575384 1.0
184.0 -7.57926281281 1.0
67.0 0.98105147975 0.0
62.0 1.06485929959 0.0
127.0 -10.0464770713 1.0
57.0 -9.9883439838 1.0
128.0 1.04060474861 0.0
14.0 -10.1055459865 1.0
194.0 -13.2406507862 1.0
101.0 1.02748475141 0.0
160.0 -9.06592508074 1.0
155.0 -10.0638653637 1.0
166.0 -9.08385003696 1.0
93.0 -9.99075260567 1.0
object 94	1.0:0.5 14.9007549733:0.5
167.0 15.7358264247 1.0
44.0 0.974550057531 0.0
81.0 14.8295065066 1.0
7.0 0.926520529914 0.0
130.0 1.0421348129 0.0
5.0 14.8668575793 1.0
84.0 14.8981338745 1.0
190.0 1.13935771912 0.0
150.0 1.07743330697 0.0
82.0 1.08962908272 0.0
120.0 14.9548537712 1.0
151.0 1.04615988129 0.0
57.0 14.8939508285 1.0
8.0 14.9330975693 1.0
176.0 14.2346487851 1.0
115.0 14.8731088343 1.0
93.0 14.8643340153 1.0
69.0 14.932054489 1.0
132.0 14.9056982545 1.0
80.0 14.8685147314 1.0
34.0 14.874131118 1.0
30.0 14.9144442163 1.0
35.0 14.9168918927 1.0
142.0 14.9336497212 1.0
178.0 16.1001630814 1.0
161.0 15.6651323889 1.0
55.0 14.8820701305 1.0
45.0 1.08229757469 0.0
92.0 14.9202797915 1.0
123.0 14.898648912 1.0
119.0 0.978449171607 0.0
object 95	1.0:0.5 -3.11673643502:0.5
63.0 1.04298162716 0.0
37.0 -3.12815487658 1.0
11.0 -3.10496512546 1.0
52.0 1.07536868887 0.0
85.0 0.964326012579 0.0
192.0 -3.97445149114 1.0
98.0 -3.13099118076 1.0
72.0 1.05058795985 0.0
40.0 -3.07699147145 1.0
174.0 5.20674305726 1.0
168.0 -3.54681394029 1.0
184.0 -6.07934932538 1.0
152.0 -3.17074595662 1.0
66.0 -3.10485489753 1.0
155.0 -3.08048540589 1.0
187.0 0.884945827184 0.0
116.0 -3.12294867158 1.0
142.0 -3.19158377044 1.0
106.0 1.04810050443 0.0
103.0 1.0281916108 0.0
26.0 0.932169675673 0.0
127.0 -3.18818743738 1.0
99.0 -3.10026297724 1.0
196.0 5.37518437944 0.0
51.0 0.969372330219 0.0
188.0 -5.78846264066 1.0
100.0 1.06951180434 0.0
13.0 0.989421131737 0.0
0.0 0.994182080292 0.0
164.0 -1.113433014 1.0
167.0 -1.5992262057 1.0
189.0 -0.569327219366 0.0
27.0 -3.05549118394 1.0
69.0 -3.1041857892 1.0
79.0 0.979280107426 0.0
157.0 -3.11016751966 1.0
102.0 -3.13481771592 1.0
77.0 0.936394243023 0.0
18.0 1.00790176773 0.0
92.0 -3.12094766015 1.0
45.0 0.961071036885 0.0
object 96	1.0:0.5 -11.6775749815:0.5
21.0 0.979354276945 0.0
69.0 0.961351764863 0.0
0.0 1.01918802124 0.0
101.0 -11.763665945 1.0
153.0 0.994040368881 0.0
109.0 1.05432350533 0.0
53.0 -11.6202232929 1.0
40.0 -11.6778664365 1.0
12.0 0.946935524552 0.0
190.0 -5.23629907319 0.0
56.0 1.00197256957 0.0
16.0 0.942875580868 0.0
72.0 1.09774713272 0.0
104.0 1.11378306076 0.0
154.0 -11.7345437311 1.0
25.0 1.0019260536 0.0
111.0 -11.7281261447 1.0
143.0 -11.6471842173 1.0
179.0 7.81558767631 0.0
99.0 1.02958762036 0.0
79.0 -11.5921253401 1.0
50.0 1.05710630383 0.0
27.0 -11.6480549557 1.0
62.0 -11.6055200628 1.0
object 97	1.0:0.5 7.95106145788:0.5
100.0 7.87426995463 1.0
169.0 4.24739410197 0.0
9.0 7.90589800511 1.0
108.0 7.96380582376 1.0
166.0 1.35192032247 0.0
91.0 8.09931906694 1.0
32.0 7.86029463035 1.0
50.0 7.96825856034 1.0
149.0 1.00499806216 0.0
115.0 0.924062300637 0.0
199.0 2.01818462818 0.0
156.0 0.94194610348 0.0
197.0 6.85692985318 1.0
0.0 7.93672076386 1.0
39.0 7.9613305356 1.0
40.0 1.07902774569 0.0
98.0 1.04906257113 0.0
112.0 1.08749408647 0.0
33.0 7.94336100106 1.0
3.0 0.962186740209 0.0
105.0 7.91100385122 1.0
52.0 1.00057011899 0.0
135.0 1.01943168669 0.0
15.0 7.86282792424 1.0
111.0 7.95320169827 1.0
187.0 0.895636155463 0.0
48.0 7.91039270362 1.0
116.0 0.913820000282 0.0
127.0 7.92007422296 1.0
196.0 7.20952769139 1.0
96.0 8.03283942248 1.0
84.0 7.93585875412 1.0
118.0 7.98370476688 1.0
189.0 7.39539918986 1.0
120.0 1.01357711408 0.0
object 98	1.0:0.5 -1.02429449368:0.5
171.0 3.81757713349 0.0
131.0 -1.06508151502 1.0
75.0 -1.05233934771 1.0
148.0 -1.06727948163 1.0
187.0 -0.0690760217468 1.0
125.0 -1.03135741825 1.0
38.0 -1.01862032824 1.0
133.0 0.951344938184 0.0
58.0 0.954277113655 0.0
155.0 -1.04929804362 1.0
35.0 1.07087866892 0.0
62.0 -0.996022909606 1.0
132.0 1.05624143571 0.0
164.0 -2.83680235941 1.0
172.0 -2.03650799446 0.0
107.0 1.02877091978 0.0
76.0 1.04274900176 0.0
101.0 0.974706771892 0.0
135.0 -1.07018938537 1.0
199.0 0.391645260302 1.0
112.0 1.00575807489 0.0
78.0 0.925800892581 0.0
126.0 -1.07422525365 1.0
153.0 0.897021360012 0.0
158.0 0.928301059337 0.0
194.0 3.02150111599 0.0
134.0 1.07934279804 0.0
object 99	1.0:0.5 14.2883063415:0.5
76.0 1.03305936299 0.0
147.0 1.0066530656 0.0
83.0 1.13945581797 0.0
128.0 0.993762446841 0.0
50.0 14.2794516056 1.0
193.0 1.50146848826 0.0
65.0 1.02311581221 0.0
19.0 14.3403240577 1.0
163.0 1.00168301204 0.0
167.0 -0.0955559978859 0.0
96.0 1.0342645218 0.0
38.0 14.2529618838 1.0
54.0 14.2992453116 1.0
93.0 1.02660218472 0.0
22.0 0.995101527568 0.0
133.0 0.972414418802 0.0
92.0 0.954812993455 0.0
159.0 14.3007130294 1.0
23.0 1.03448120391 0.0
187.0 0.949514329008 0.0
3.0 14.2545009627 1.0
135.0 14.2541040115 1.0
72.0 1.00587981636 0.0
29.0 14.2245685804 1.0
