object 0	1.0:1.0
79.0 0.989041294731 1.0
106.0 0.962372519992 1.0
41.0 0.974941816206 1.0
191.0 -5.03363241714 1.0
69.0 0.928236100131 1.0
object 1	1.0:1.0
162.0 1.03820773375 1.0
187.0 -0.291887715385 1.0
66.0 0.98196003064 1.0
102.0 0.984284932629 1.0
22.0 1.00060923228 1.0
object 2	1.0:1.0
18.0 0.982400603311 1.0
59.0 1.10456641163 1.0
173.0 0.960793925976 1.0
16.0 0.987961565549 1.0
4.0 1.0120490161 1.0
38.0 1.10593451005 1.0
165.0 1.03575260154 1.0
46.0 1.00238459589 1.0
147.0 0.983392578593 1.0
199.0 2.96477470602 1.0
164.0 1.00250407105 1.0
object 3	1.0:1.0
6.0 0.971622959962 1.0
84.0 0.974221458275 1.0
191.0 -0.470232284873 1.0
75.0 1.0485921511 1.0
3.0 1.05899568444 1.0
8.0 1.03039053738 1.0
1.0 0.967668892578 1.0
198.0 0.069414942536 1.0
77.0 0.969990837338 1.0
185.0 8.09681043255 1.0
168.0 1.04147295493 1.0
24.0 1.01970982789 1.0
object 4	1.0:1.0
142.0 1.02548587559 1.0
99.0 0.992362282591 1.0
137.0 1.01009158548 1.0
146.0 1.02768831569 1.0
173.0 0.999257745825 1.0
135.0 0.949440138411 1.0
73.0 0.99626273838 1.0
81.0 0.967322431739 1.0
188.0 0.0107945200052 1.0
44.0 0.97585929912 1.0
165.0 0.92050077266 1.0
144.0 0.985290401706 1.0
51.0 1.01096797559 1.0
167.0 0.970829822308 1.0
object 5	1.0:1.0
57.0 1.01482407027 1.0
106.0 0.941733695256 1.0
94.0 0.990723725513 1.0
172.0 1.00295477075 1.0
171.0 1.04208421438 1.0
102.0 1.00451586229 1.0
136.0 0.950602281776 1.0
17.0 1.01858129929 1.0
59.0 0.885833033164 1.0
object 6	1.0:1.0
160.0 0.973366983032 1.0
162.0 1.1366677439 1.0
88.0 0.976567051823 1.0
164.0 0.959265882039 1.0
23.0 1.02849095297 1.0
180.0 0.862296330103 1.0
120.0 1.01569106412 1.0
99.0 0.963985710328 1.0
13.0 1.00464326195 1.0
187.0 -2.84437046208 1.0
171.0 1.01757850766 1.0
170.0 1.01252041617 1.0
object 7	1.0:1.0
111.0 0.972516280808 1.0
19.0 1.04624033231 1.0
58.0 0.980303900659 1.0
71.0 0.963902369787 1.0
177.0 1.00196220693 1.0
47.0 1.0383376356 1.0
117.0 1.03949985398 1.0
191.0 0.471278799676 1.0
97.0 1.03688546463 1.0
35.0 1.02389704882 1.0
91.0 1.01015695253 1.0
15.0 1.02116918326 1.0
object 8	1.0:1.0
144.0 0.973249709784 1.0
26.0 0.975737929204 1.0
5.0 1.03157796479 1.0
196.0 -3.87428417922 1.0
77.0 1.02628803762 1.0
166.0 1.06165220356 1.0
153.0 1.00501944854 1.0
115.0 0.998243213544 1.0
object 9	1.0:1.0
101.0 0.991079844825 1.0
152.0 0.978929482095 1.0
73.0 1.02457528089 1.0
135.0 0.933562951319 1.0
154.0 0.920132210876 1.0
10.0 0.995246685908 1.0
object 10	1.0:1.0
14.0 0.992077763811 1.0
32.0 0.985429630106 1.0
39.0 1.02230301516 1.0
199.0 3.16464727474 1.0
82.0 0.961589090373 1.0
3.0 1.03034622773 1.0
78.0 0.981688650398 1.0
115.0 0.984733569891 1.0
59.0 0.981293555269 1.0
55.0 0.974585618522 1.0
object 11	1.0:1.0
154.0 1.05164658311 1.0
38.0 0.975202098494 1.0
object 12	1.0:1.0
85.0 0.997324360689 1.0
151.0 0.981900302114 1.0
198.0 -0.413697220516 1.0
130.0 0.953785813088 1.0
115.0 1.00880378894 1.0
101.0 0.94035485574 1.0
165.0 0.987494824848 1.0
72.0 0.986768114665 1.0
object 13	1.0:1.0
15.0 0.994432035796 1.0
54.0 0.98700251226 1.0
176.0 1.00651800062 1.0
138.0 0.997670837386 1.0
181.0 0.834834575734 1.0
160.0 0.976058293843 1.0
145.0 0.995156752087 1.0
170.0 1.01749113192 1.0
73.0 1.01949142049 1.0
101.0 0.965383712859 1.0
object 14	1.0:1.0
10.0 0.994622339864 1.0
137.0 1.01852935655 1.0
70.0 0.974786232055 1.0
72.0 1.00031452522 1.0
67.0 1.08391849024 1.0
146.0 0.996655850815 1.0
45.0 1.02796987683 1.0
44.0 1.0472106165 1.0
21.0 0.954499949233 1.0
55.0 0.973054214951 1.0
95.0 0.973990870951 1.0
object 15	1.0:1.0
38.0 1.05571527281 1.0
25.0 0.944222267423 1.0
169.0 0.999593100735 1.0
14.0 1.00899201827 1.0
172.0 0.962781394537 1.0
48.0 0.897570595729 1.0
171.0 0.983364595308 1.0
121.0 0.978019666105 1.0
120.0 0.891903027561 1.0
68.0 0.990450894751 1.0
object 16	1.0:1.0
79.0 0.964401636671 1.0
174.0 1.00504934972 1.0
134.0 1.03488227048 1.0
2.0 0.995894605945 1.0
14.0 1.00863268928 1.0
164.0 0.969165658644 1.0
170.0 0.969948474755 1.0
object 17	1.0:1.0
135.0 0.965154802405 1.0
113.0 1.00309694852 1.0
83.0 0.999890339525 1.0
70.0 1.00180952494 1.0
105.0 0.997099775737 1.0
60.0 0.922599850049 1.0
object 18	1.0:1.0
106.0 1.01803010133 1.0
24.0 0.992043977627 1.0
90.0 0.967823190185 1.0
20.0 1.04976951335 1.0
35.0 0.981584247644 1.0
object 19	1.0:1.0
197.0 -2.34853630698 1.0
17.0 1.01640822644 1.0
175.0 1.02380712044 1.0
54.0 1.00568575816 1.0
88.0 0.98279775308 1.0
142.0 0.97117418277 1.0
46.0 0.984629631018 1.0
56.0 0.986058774482 1.0
object 20	1.0:1.0
30.0 0.98868491305 1.0
59.0 1.03583804039 1.0
174.0 0.991052563523 1.0
152.0 1.03820897954 1.0
83.0 1.03019211198 1.0
51.0 1.00645516307 1.0
75.0 0.99770743606 1.0
110.0 1.02513169685 1.0
134.0 0.998181046942 1.0
89.0 0.954144897635 1.0
182.0 0.415186747547 1.0
132.0 0.986145012082 1.0
81.0 0.993390050092 1.0
194.0 0.791794780236 1.0
object 21	1.0:1.0
168.0 0.92726756348 1.0
3.0 1.06703297871 1.0
198.0 1.30593045494 1.0
11.0 0.975010690297 1.0
24.0 1.00820459154 1.0
167.0 1.01775660326 1.0
137.0 0.982580435232 1.0
140.0 1.01022867871 1.0
135.0 0.926984573465 1.0
47.0 1.02190942554 1.0
37.0 1.01435960885 1.0
object 22	1.0:1.0
17.0 1.01417802722 1.0
192.0 -1.39180409167 1.0
141.0 0.987003583052 1.0
14.0 0.978013040577 1.0
47.0 0.9991674757 1.0
146.0 1.0300671632 1.0
9.0 0.992043568175 1.0
89.0 0.981779033744 1.0
49.0 1.01984102375 1.0
70.0 0.979598713812 1.0
68.0 0.989214602349 1.0
13.0 1.01674354837 1.0
59.0 1.03280878269 1.0
6.0 0.964600109927 1.0
38.0 1.06236750394 1.0
72.0 1.00812406367 1.0
object 23	1.0:1.0
11.0 1.00526201875 1.0
163.0 0.97420558025 1.0
120.0 0.978574777281 1.0
150.0 0.989819967465 1.0
124.0 0.976389625553 1.0
133.0 1.00254188261 1.0
82.0 1.02007599029 1.0
65.0 0.990599797043 1.0
98.0 1.01639671349 1.0
134.0 0.983099019706 1.0
object 24	1.0:1.0
185.0 3.14025973408 1.0
74.0 0.932207637515 1.0
184.0 5.68285041332 1.0
161.0 1.02697164414 1.0
11.0 1.02145782085 1.0
163.0 0.989587155271 1.0
193.0 1.85962843697 1.0
181.0 1.32974872287 1.0
73.0 0.997171730402 1.0
143.0 0.966302689643 1.0
50.0 1.05758885656 1.0
61.0 1.01497883451 1.0
182.0 4.92850038735 1.0
112.0 1.0234791151 1.0
154.0 0.983270953954 1.0
111.0 0.960073096655 1.0
192.0 3.20522316328 1.0
36.0 1.01043396441 1.0
196.0 -0.683923424709 1.0
3.0 1.00897069882 1.0
75.0 0.971247370127 1.0
115.0 0.997202593741 1.0
4.0 0.977571574692 1.0
90.0 1.02381954829 1.0
object 25	1.0:1.0
192.0 -1.23240824806 1.0
7.0 0.978543884025 1.0
179.0 1.01684433766 1.0
116.0 0.994722563877 1.0
76.0 1.03335965372 1.0
42.0 0.973078985398 1.0
108.0 0.989217314069 1.0
184.0 -2.65470252449 1.0
5.0 1.0219947544 1.0
57.0 1.05947718647 1.0
object 26	1.0:1.0
26.0 0.981742198473 1.0
130.0 0.947998372016 1.0
86.0 0.973113311234 1.0
4.0 1.00631672852 1.0
42.0 1.06858562632 1.0
24.0 1.0204622807 1.0
117.0 0.997742846713 1.0
108.0 0.99792743765 1.0
25.0 1.0329831009 1.0
34.0 1.0178433003 1.0
51.0 0.995425412985 1.0
93.0 0.976883605245 1.0
170.0 0.928125288668 1.0
160.0 1.0011131966 1.0
object 27	1.0:1.0
145.0 1.04340297621 1.0
95.0 0.999750391813 1.0
42.0 0.992825565343 1.0
68.0 0.981554262162 1.0
49.0 1.02439585705 1.0
19.0 0.995966886647 1.0
12.0 1.00733684137 1.0
172.0 1.04531338144 1.0
76.0 0.968560948772 1.0
object 28	1.0:1.0
10.0 0.99029922833 1.0
179.0 1.00448797711 1.0
152.0 0.963836136632 1.0
80.0 1.05076978241 1.0
178.0 0.975278612557 1.0
104.0 1.00702083147 1.0
31.0 1.009725985 1.0
object 29	1.0:1.0
65.0 1.00887753731 1.0
62.0 0.999237369014 1.0
0.0 0.966282468359 1.0
158.0 1.03779749777 1.0
24.0 0.999887629678 1.0
110.0 1.03604436132 1.0
143.0 0.987545272556 1.0
117.0 1.04006326489 1.0
31.0 1.02938966435 1.0
object 30	1.0:1.0
145.0 0.953510056839 1.0
87.0 1.02371923136 1.0
78.0 0.994068525976 1.0
122.0 0.981766889317 1.0
168.0 0.970238142028 1.0
75.0 0.998962474852 1.0
15.0 1.00648370867 1.0
21.0 1.02660583668 1.0
147.0 1.00558850675 1.0
83.0 1.0472414943 1.0
43.0 0.997477093591 1.0
42.0 0.962894120842 1.0
object 31	1.0:1.0
123.0 1.03130426837 1.0
138.0 0.994184155571 1.0
95.0 0.992023153653 1.0
9.0 0.978416081646 1.0
158.0 1.00148169192 1.0
121.0 1.00631428783 1.0
146.0 0.982213765122 1.0
127.0 0.979431387113 1.0
object 32	1.0:1.0
146.0 1.01104995916 1.0
9.0 0.991099892942 1.0
61.0 0.979963812019 1.0
103.0 1.01123410629 1.0
169.0 0.985001163392 1.0
159.0 0.978561767217 1.0
54.0 0.993236948787 1.0
192.0 -3.21505163017 1.0
106.0 0.985056016499 1.0
object 33	1.0:1.0
89.0 0.982126180807 1.0
187.0 -1.75142915192 1.0
65.0 0.93710399842 1.0
171.0 0.997669524853 1.0
176.0 0.954748860538 1.0
150.0 1.02193333693 1.0
77.0 1.04590202468 1.0
105.0 0.998061820893 1.0
164.0 0.944404754089 1.0
173.0 0.982719248584 1.0
194.0 -1.18475631609 1.0
131.0 1.02771548631 1.0
102.0 0.996146734884 1.0
154.0 1.0128044566 1.0
object 34	1.0:1.0
149.0 0.968057481661 1.0
161.0 1.03924419134 1.0
3.0 1.01829599403 1.0
70.0 1.0022522084 1.0
4.0 0.93020127244 1.0
59.0 0.988201245649 1.0
162.0 1.06465991789 1.0
5.0 1.08764104783 1.0
115.0 1.04109941129 1.0
81.0 1.0429508296 1.0
object 35	1.0:1.0
5.0 0.928175403074 1.0
173.0 1.0518062149 1.0
29.0 0.915289505027 1.0
99.0 1.00912138353 1.0
object 36	1.0:1.0
76.0 0.959725278763 1.0
166.0 0.976140440291 1.0
57.0 0.993405859439 1.0
60.0 0.981981246757 1.0
171.0 1.00031604276 1.0
23.0 1.02689389152 1.0
42.0 1.01288018115 1.0
26.0 1.00018022844 1.0
object 37	1.0:1.0
182.0 1.58666042809 1.0
76.0 1.11471364356 1.0
97.0 1.01203638901 1.0
117.0 1.00965327389 1.0
65.0 0.918300582315 1.0
70.0 1.04747105044 1.0
13.0 1.02655812294 1.0
object 38	1.0:1.0
47.0 0.977679166971 1.0
14.0 0.985252747497 1.0
15.0 1.0092573378 1.0
66.0 0.97804649905 1.0
object 39	1.0:1.0
67.0 1.06867905118 1.0
192.0 -4.98806913093 1.0
198.0 0.218502540354 1.0
59.0 1.07064838221 1.0
153.0 1.12009731553 1.0
object 40	1.0:1.0
88.0 0.990727305007 1.0
193.0 -0.203275202675 1.0
111.0 1.01864632537 1.0
95.0 1.00674215669 1.0
5.0 0.974521399486 1.0
191.0 4.17710759053 1.0
153.0 0.983562145052 1.0
78.0 0.955349694279 1.0
146.0 1.00907613976 1.0
object 41	1.0:1.0
17.0 1.02626762704 1.0
184.0 1.05832721232 1.0
199.0 3.56031049457 1.0
117.0 0.996777638522 1.0
140.0 0.971650213006 1.0
115.0 0.989240783913 1.0
38.0 1.00756672098 1.0
113.0 1.01867164956 1.0
64.0 1.02221012209 1.0
183.0 2.85946767012 1.0
14.0 0.987141291627 1.0
124.0 0.989397657724 1.0
object 42	1.0:1.0
170.0 1.01051105731 1.0
154.0 0.971216053501 1.0
163.0 1.02566880178 1.0
89.0 1.0247234673 1.0
126.0 0.988462009914 1.0
121.0 0.926402424436 1.0
15.0 0.998016450662 1.0
30.0 1.00197904892 1.0
62.0 0.977442424452 1.0
194.0 -1.34952368469 1.0
81.0 1.05760050452 1.0
object 43	1.0:1.0
68.0 1.01580468558 1.0
3.0 0.978674219175 1.0
173.0 1.02949027281 1.0
136.0 0.986732234825 1.0
93.0 0.938930418824 1.0
178.0 0.896198630356 1.0
13.0 0.956287607831 1.0
object 44	1.0:1.0
72.0 0.991174380373 1.0
157.0 1.02347791617 1.0
111.0 1.02793564667 1.0
37.0 1.001636152 1.0
127.0 0.986211129234 1.0
120.0 0.938107074588 1.0
181.0 2.67586804028 1.0
153.0 0.965303370444 1.0
158.0 1.04630793025 1.0
168.0 1.02233959445 1.0
object 45	1.0:1.0
4.0 1.03470442464 1.0
190.0 0.722967260184 1.0
24.0 1.06510323583 1.0
169.0 0.95825146431 1.0
118.0 1.02373831007 1.0
91.0 0.97097314495 1.0
27.0 1.0128605097 1.0
158.0 0.977299099172 1.0
142.0 1.04683684566 1.0
object 46	1.0:1.0
176.0 1.05701201516 1.0
167.0 0.949663109789 1.0
159.0 0.981333565652 1.0
132.0 1.00198464264 1.0
166.0 0.938109658974 1.0
135.0 0.972070311457 1.0
140.0 0.933022362751 1.0
55.0 1.00292981891 1.0
134.0 1.00948889697 1.0
139.0 1.03141111222 1.0
188.0 0.899372646987 1.0
71.0 0.995950535175 1.0
54.0 1.00718515644 1.0
138.0 0.98032567118 1.0
15.0 0.998649971715 1.0
object 47	1.0:1.0
43.0 1.01234408121 1.0
84.0 1.0206021416 1.0
171.0 1.00666546556 1.0
166.0 0.962059586488 1.0
59.0 0.924830216808 1.0
0.0 0.990540357403 1.0
195.0 -3.87894250186 1.0
object 48	1.0:1.0
154.0 0.992231410854 1.0
101.0 0.977298122254 1.0
146.0 0.969072670652 1.0
145.0 0.979232743347 1.0
94.0 0.905466736481 1.0
54.0 1.02591653211 1.0
30.0 0.989575123043 1.0
74.0 0.966787912161 1.0
111.0 0.973713293228 1.0
object 49	1.0:1.0
132.0 1.00390440132 1.0
178.0 0.943997755878 1.0
65.0 0.970080502517 1.0
78.0 1.04228939345 1.0
58.0 0.940141317376 1.0
38.0 1.01979359302 1.0
112.0 1.00825468726 1.0
150.0 1.01555558157 1.0
86.0 1.04912730479 1.0
190.0 2.0360426598 1.0
88.0 1.01712823346 1.0
127.0 1.04077841948 1.0
137.0 0.971495004253 1.0
110.0 0.97751561271 1.0
object 50	1.0:0.5 -4.63927861892:0.5
92.0 0.889791094072 0.0
75.0 -4.72363859578 1.0
113.0 -4.6094152479 1.0
5.0 -4.67550343153 1.0
170.0 -4.58729332725 1.0
130.0 -4.53868800151 1.0
4.0 1.01311455408 0.0
179.0 0.963948373064 0.0
object 51	1.0:0.5 -5.72617768553:0.5
78.0 -5.72050670722 1.0
41.0 1.14308181681 0.0
66.0 -5.71656312641 1.0
127.0 1.03977783061 0.0
55.0 -5.72846233134 1.0
142.0 -5.73513831316 1.0
object 52	1.0:0.5 -17.6198934696:0.5
126.0 0.937395268246 0.0
103.0 -17.5475754923 1.0
19.0 -17.6130878686 1.0
object 53	1.0:0.5 -13.9862194455:0.5
28.0 -13.9652877279 1.0
35.0 -13.8945532357 1.0
192.0 -4.84673316189 0.0
109.0 -13.9431679049 1.0
43.0 -14.1235425812 1.0
121.0 -13.9369960194 1.0
191.0 -7.92968166879 1.0
10.0 0.878813720208 0.0
123.0 -14.012676685 1.0
78.0 0.956941202963 0.0
80.0 -13.9289910976 1.0
195.0 2.28088230394 0.0
99.0 -13.9969083626 1.0
object 54	1.0:0.5 4.41079476877:0.5
47.0 4.43724853472 1.0
116.0 4.34466687275 1.0
165.0 1.09006851731 0.0
61.0 0.992799629325 0.0
124.0 4.29773881675 1.0
8.0 4.40504476176 1.0
28.0 0.97160082254 0.0
119.0 4.40636858165 1.0
23.0 4.32027911878 1.0
133.0 0.991694658489 0.0
77.0 0.99944685551 0.0
193.0 6.92659023125 0.0
78.0 4.37757956787 1.0
66.0 4.39465227902 1.0
181.0 0.220784059121 0.0
object 55	1.0:0.5 6.21744698437:0.5
89.0 0.935841167317 0.0
43.0 6.21800471252 1.0
123.0 6.16498057254 1.0
21.0 6.18351771659 1.0
48.0 1.12521315295 0.0
34.0 1.00883481784 0.0
59.0 6.27486825035 1.0
171.0 6.23372265631 1.0
object 56	1.0:0.5 1.40020225264:0.5
52.0 1.38442520855 1.0
23.0 1.31803138322 1.0
184.0 -1.20415191922 1.0
103.0 1.42367230993 1.0
172.0 1.41316491375 1.0
88.0 0.99848241706 0.0
object 57	1.0:0.5 -12.3282181674:0.5
128.0 1.04720250107 0.0
180.0 0.159517334461 0.0
20.0 -12.3448026527 1.0
74.0 -12.3041448009 1.0
139.0 1.03140803188 0.0
72.0 0.922574898193 0.0
26.0 0.972865285661 0.0
47.0 1.03925122898 0.0
29.0 -12.3356445203 1.0
157.0 -12.3578287437 1.0
52.0 -12.3319746392 1.0
93.0 -12.2583065971 1.0
45.0 1.07721682593 0.0
object 58	1.0:0.5 8.81356354004:0.5
55.0 8.84679848862 1.0
25.0 1.03957940081 0.0
137.0 8.79543938341 1.0
120.0 0.925479434896 0.0
29.0 8.79812217044 1.0
10.0 8.80556155715 1.0
59.0 1.07922148469 0.0
185.0 4.29019103754 0.0
135.0 1.0319975808 0.0
198.0 0.358423703002 0.0
object 59	1.0:0.5 -2.16376348701:0.5
192.0 3.83426235808 0.0
41.0 1.06115135976 0.0
48.0 -2.1098525089 1.0
81.0 1.04210644548 0.0
140.0 0.993099773578 0.0
137.0 0.977229828919 0.0
108.0 -2.20698139374 1.0
83.0 -2.16593970628 1.0
68.0 1.04316266373 0.0
38.0 0.959705650767 0.0
object 60	1.0:0.5 1.43509305798:0.5
134.0 0.939193453251 0.0
54.0 1.45110933369 1.0
125.0 0.992996255325 0.0
163.0 1.01974337131 0.0
26.0 0.94933452526 0.0
160.0 0.929390034681 0.0
153.0 0.950062943638 0.0
189.0 -4.64527599752 0.0
object 61	1.0:0.5 12.8238843067:0.5
9.0 0.963297296251 0.0
28.0 12.8567586906 1.0
65.0 12.7704479929 1.0
61.0 1.04846575482 0.0
63.0 0.986877210941 0.0
93.0 12.8371364608 1.0
168.0 0.90032248448 0.0
64.0 12.8040007423 1.0
156.0 1.10273086563 0.0
16.0 12.8481732865 1.0
178.0 12.8240342536 1.0
object 62	1.0:0.5 6.44436295972:0.5
90.0 1.04769945844 0.0
151.0 1.06449616448 0.0
109.0 0.997998535567 0.0
44.0 6.4878268903 1.0
67.0 0.991402737881 0.0
63.0 6.47552875976 1.0
25.0 1.00890483449 0.0
70.0 0.917006615855 0.0
71.0 6.42373410842 1.0
object 63	1.0:0.5 2.37786023147:0.5
169.0 2.42496130103 1.0
197.0 3.97268658845 0.0
50.0 2.39686271223 1.0
22.0 1.00118364402 0.0
25.0 0.974547697124 0.0
156.0 1.02832118656 0.0
144.0 0.913969208899 0.0
object 64	1.0:0.5 -8.2909617324:0.5
118.0 -8.27792300641 1.0
102.0 0.958862939554 0.0
64.0 0.960388354012 0.0
193.0 -6.66370393591 1.0
171.0 -8.27985132683 1.0
120.0 0.999119180914 0.0
112.0 -8.25740166407 1.0
183.0 2.0042315802 0.0
object 65	1.0:0.5 5.54261061035:0.5
139.0 5.55928336589 1.0
31.0 5.57695312965 1.0
85.0 5.5488652334 1.0
104.0 5.56917117826 1.0
19.0 5.50805544044 1.0
136.0 5.58305117525 1.0
object 66	1.0:0.5 0.440905383997:0.5
19.0 0.433578652577 1.0
1.0 1.03310211349 0.0
98.0 0.479256107007 1.0
object 67	1.0:0.5 4.80557550708:0.5
159.0 0.95070516363 0.0
70.0 0.847927856437 0.0
49.0 4.69395575995 1.0
179.0 0.941248229297 0.0
object 68	1.0:0.5 3.74486053115:0.5
25.0 3.64834222671 1.0
110.0 1.08306337882 0.0
34.0 0.993796383649 0.0
54.0 3.69342185768 1.0
69.0 3.60487743377 1.0
119.0 3.83586033886 1.0
26.0 3.7754591423 1.0
102.0 0.945783441607 0.0
object 69	1.0:0.5 -3.81257570725:0.5
114.0 0.983807236207 0.0
141.0 1.01433936322 0.0
20.0 1.00774328363 0.0
168.0 -3.86955976147 1.0
196.0 0.0434682043977 0.0
61.0 -3.78065512063 1.0
11.0 -3.89709698367 1.0
176.0 0.983673509007 0.0
object 70	1.0:0.5 -7.44876843693:0.5
48.0 1.06317250973 0.0
169.0 0.942260239725 0.0
83.0 1.0189546788 0.0
70.0 1.04050760519 0.0
180.0 -9.20577770119 1.0
26.0 1.03308649648 0.0
198.0 -18.6787236087 1.0
170.0 0.992404417565 0.0
184.0 -11.3846159613 1.0
88.0 1.04213657095 0.0
149.0 -7.47183818594 1.0
object 71	1.0:0.5 4.03901013835:0.5
133.0 1.09664775158 0.0
57.0 1.01482599671 0.0
74.0 4.06279816757 1.0
147.0 1.1284820929 0.0
23.0 0.988401669774 0.0
19.0 4.07030789591 1.0
66.0 4.02671741143 1.0
27.0 4.02725812217 1.0
189.0 0.247674727662 0.0
50.0 4.01302606644 1.0
2.0 0.971624970073 0.0
33.0 1.01154441934 0.0
object 72	1.0:0.5 7.27707909246:0.5
59.0 7.20371966046 1.0
101.0 0.980947213799 0.0
115.0 1.04926763263 0.0
169.0 7.28340003187 1.0
151.0 1.00390776463 0.0
110.0 0.980844858032 0.0
139.0 7.39262735429 1.0
65.0 1.00192955547 0.0
3.0 0.912288242206 0.0
object 73	1.0:0.5 8.85937712078:0.5
73.0 1.04515520812 0.0
167.0 8.85788364409 1.0
189.0 3.15043843935 1.0
169.0 8.89678402173 1.0
199.0 -2.08672178155 0.0
128.0 9.01984537685 1.0
102.0 0.957388643243 0.0
22.0 8.86560257596 1.0
object 74	1.0:0.5 2.36712684823:0.5
185.0 5.07957190642 0.0
94.0 2.38097108209 1.0
124.0 2.38355428682 1.0
62.0 2.34890642043 1.0
71.0 0.991199224929 0.0
158.0 2.39627890964 1.0
35.0 2.39256415657 1.0
8.0 2.43276239615 1.0
86.0 2.31916814479 1.0
150.0 0.983489146541 0.0
26.0 1.00822605864 0.0
2.0 1.07467339977 0.0
193.0 5.08052900646 1.0
5.0 1.02948394111 0.0
123.0 2.36078486988 1.0
44.0 2.3488321807 1.0
object 75	1.0:0.5 1.59800167232:0.5
192.0 5.84980537561 0.0
111.0 0.894801172934 0.0
143.0 1.63667119513 1.0
159.0 1.55793449922 1.0
92.0 0.973851399933 0.0
71.0 1.07532884163 0.0
44.0 1.65429781565 1.0
163.0 1.05452650665 0.0
22.0 1.64083574091 1.0
199.0 -2.63056442765 0.0
object 76	1.0:0.5 -6.50036036693:0.5
90.0 -6.53228520665 1.0
125.0 1.0470162 0.0
42.0 0.993788566449 0.0
106.0 0.998430993334 0.0
187.0 -4.43740490915 1.0
157.0 1.01489977937 0.0
29.0 -6.43649757804 1.0
8.0 -6.50893069575 1.0
80.0 0.98772820593 0.0
19.0 -6.52971757524 1.0
138.0 1.03504156066 0.0
39.0 0.948000614552 0.0
object 77	1.0:0.5 -1.05678872582:0.5
36.0 1.00654138205 0.0
82.0 -0.99829689189 1.0
55.0 -0.988973604596 1.0
29.0 -1.04993701563 1.0
106.0 1.03181490331 0.0
69.0 1.0316504641 0.0
10.0 -0.991231714571 1.0
object 78	1.0:0.5 1.00211071302:0.5
22.0 1.02554069548 1.0
24.0 1.07283744719 1.0
51.0 0.937309681576 1.0
170.0 1.04776772522 1.0
object 79	1.0:0.5 -6.82218977632:0.5
133.0 1.07992480607 0.0
117.0 -6.79211305528 1.0
131.0 0.993301041856 0.0
41.0 -6.83620370872 1.0
168.0 -6.83472114359 1.0
180.0 -12.4315448915 1.0
198.0 -4.61868021559 1.0
97.0 1.02037950207 0.0
107.0 1.10871240734 0.0
object 80	1.0:0.5 -7.56900963476:0.5
61.0 -7.53312690172 1.0
71.0 -7.58934253669 1.0
151.0 1.00018731915 0.0
131.0 -7.53055038165 1.0
161.0 1.04418248275 0.0
159.0 -7.62458746654 1.0
98.0 -7.49488379958 1.0
20.0 -7.43256316423 1.0
138.0 -7.55690879685 1.0
135.0 -7.5413816809 1.0
181.0 -5.61775578954 1.0
191.0 5.87045223861 0.0
188.0 1.1789874781 0.0
object 81	1.0:0.5 -7.23519280331:0.5
53.0 -7.30004486942 1.0
39.0 -7.23781148201 1.0
7.0 -7.28167223212 1.0
195.0 -0.558255864518 0.0
184.0 -9.41751405084 1.0
69.0 -7.18712195098 1.0
37.0 -7.27277291265 1.0
110.0 -7.28497652647 1.0
68.0 1.09481397047 0.0
8.0 1.01960453203 0.0
object 82	1.0:0.5 0.319003459444:0.5
57.0 0.34847814038 1.0
28.0 0.304221435122 1.0
19.0 0.305909540905 1.0
138.0 0.975869732333 0.0
46.0 0.419852125182 1.0
58.0 0.942148558 0.0
76.0 1.01304332191 0.0
186.0 3.03811787846 0.0
125.0 0.2961657902 1.0
87.0 0.998096329717 0.0
25.0 1.00412770167 0.0
126.0 0.931992096642 0.0
object 83	1.0:0.5 8.64473973156:0.5
70.0 8.63427793311 1.0
85.0 1.06938352276 0.0
196.0 7.73067989638 1.0
151.0 1.01264864667 0.0
64.0 8.596273342 1.0
105.0 8.69583576069 1.0
128.0 8.66634746774 1.0
75.0 1.06980966196 0.0
119.0 8.62663381882 1.0
8.0 0.993387934007 0.0
13.0 0.974495875644 0.0
166.0 0.97424621158 0.0
9.0 1.02513067135 0.0
2.0 8.65404664048 1.0
object 84	1.0:0.5 -5.99474443121:0.5
169.0 1.02773205625 0.0
132.0 0.938016387787 0.0
75.0 -6.06354061162 1.0
43.0 0.97757172767 0.0
151.0 0.979079277233 0.0
180.0 -1.60249135074 0.0
74.0 -6.06622409328 1.0
39.0 1.00334069619 0.0
object 85	1.0:0.5 12.8545189403:0.5
38.0 12.8383812713 1.0
41.0 0.920082651849 0.0
120.0 12.8611755061 1.0
147.0 1.01559478905 0.0
176.0 0.957200376583 0.0
39.0 1.01128918932 0.0
99.0 0.97443978724 0.0
91.0 12.885041711 1.0
89.0 12.7975050504 1.0
174.0 1.03685488687 0.0
198.0 12.059793316 1.0
object 86	1.0:0.5 -3.34464619175:0.5
37.0 1.0063516473 0.0
48.0 0.95004891364 0.0
50.0 -3.37400312752 1.0
146.0 -3.41278885748 1.0
183.0 -1.308204574 1.0
164.0 -3.37946642076 1.0
object 87	1.0:0.5 6.51222155341:0.5
171.0 0.979702237219 0.0
30.0 6.61435796693 1.0
113.0 6.51614763604 1.0
195.0 -1.94270553412 0.0
111.0 6.49416346537 1.0
64.0 6.53123197012 1.0
76.0 1.07169909673 0.0
47.0 6.54451255162 1.0
169.0 1.03696755167 0.0
object 88	1.0:0.5 -5.76069156066:0.5
4.0 0.964164899391 0.0
112.0 0.98244291247 0.0
81.0 0.937101052935 0.0
15.0 -5.72196616791 1.0
54.0 -5.79215455447 1.0
115.0 -5.70918815804 1.0
89.0 1.06382918481 0.0
43.0 1.05879863115 0.0
object 89	1.0:0.5 11.4467063211:0.5
3.0 1.07487470634 0.0
125.0 1.04626849876 0.0
141.0 11.5499580973 1.0
132.0 1.01180052663 0.0
28.0 0.964889290961 0.0
75.0 11.4035664687 1.0
18.0 11.4764379432 1.0
198.0 3.64712635348 0.0
object 90	1.0:0.5 -6.96619973234:0.5
6.0 1.03614593414 0.0
165.0 -7.01292488281 1.0
138.0 -6.95584772665 1.0
40.0 1.04377654473 0.0
134.0 -6.91062136951 1.0
20.0 1.04079236353 0.0
object 91	1.0:0.5 -6.19143175172:0.5
159.0 0.888017085559 0.0
15.0 -6.16304489796 1.0
69.0 1.0033235041 0.0
131.0 -6.18710559103 1.0
54.0 -6.18968499714 1.0
2.0 0.97072888542 0.0
13.0 -6.17579309998 1.0
167.0 0.927853320322 0.0
121.0 0.930539993498 0.0
151.0 -6.14292480936 1.0
object 92	1.0:0.5 11.7386128703:0.5
178.0 11.7716313544 1.0
199.0 2.95322508469 1.0
54.0 11.7538873648 1.0
136.0 0.95156508825 0.0
101.0 11.7953184754 1.0
140.0 11.7225159613 1.0
79.0 11.7023167164 1.0
177.0 11.7462224481 1.0
71.0 11.7538228788 1.0
object 93	1.0:0.5 -8.67232061921:0.5
41.0 -8.68598744917 1.0
147.0 0.974278442186 0.0
69.0 -8.63752460139 1.0
70.0 0.978130406188 0.0
50.0 1.05071029538 0.0
23.0 0.985457765276 0.0
98.0 -8.70738823037 1.0
40.0 -8.65883671247 1.0
object 94	1.0:0.5 -0.914302217005:0.5
77.0 1.01933001712 0.0
154.0 -0.895474761739 1.0
14.0 -0.922652212032 1.0
57.0 1.03681012396 0.0
93.0 -0.984971602229 1.0
8.0 -0.96184895551 1.0
48.0 0.971989441497 0.0
177.0 -0.817966920301 1.0
138.0 -0.819828804371 1.0
115.0 0.998763229939 0.0
43.0 1.02215444635 0.0
189.0 2.61899262732 1.0
44.0 -0.854918512467 1.0
object 95	1.0:0.5 -6.15442574043:0.5
68.0 0.995313883174 0.0
61.0 -6.15306884843 1.0
29.0 -6.11218977956 1.0
137.0 0.965556043781 0.0
81.0 0.882300338606 0.0
52.0 1.06487475916 0.0
42.0 1.07348498992 0.0
64.0 -6.1399698567 1.0
79.0 1.02535718798 0.0
55.0 0.943912683375 0.0
132.0 0.976078452431 0.0
171.0 -6.0948196847 1.0
object 96	1.0:0.5 4.13311337722:0.5
115.0 0.970489520032 0.0
170.0 4.1111504272 1.0
143.0 4.14544416424 1.0
77.0 0.928737954314 0.0
158.0 4.10784266195 1.0
187.0 6.34624377056 1.0
43.0 1.00145891898 0.0
140.0 4.16481415556 1.0
18.0 0.958068857109 0.0
76.0 4.09937167959 1.0
39.0 4.09812729064 1.0
3.0 0.916041615421 0.0
object 97	1.0:0.5 -4.73382430412:0.5
5.0 -4.68820407397 1.0
21.0 -4.72181595438 1.0
27.0 -4.75815182744 1.0
174.0 -4.79461605852 1.0
63.0 1.03406663712 0.0
176.0 -4.86471537976 1.0
113.0 -4.71358675104 1.0
55.0 1.055462289 0.0
47.0 -4.70896703154 1.0
150.0 -4.79023723007 1.0
178.0 -4.77467662341 1.0
object 98	1.0:0.5 -0.184027533695:0.5
137.0 -0.201358325872 1.0
117.0 -0.170662968909 1.0
171.0 1.03555502151 0.0
6.0 -0.102595241218 1.0
170.0 0.996279040656 0.0
object 99	1.0:0.5 6.46003344156:0.5
117.0 6.53542142963 1.0
167.0 0.967448016758 0.0
71.0 6.46865304829 1.0
39.0 6.44042941663 1.0
198.0 4.84115633922 1.0
137.0 6.39221003836 1.0
119.0 6.46770780072 1.0
182.0 -1.02436115445 0.0
81.0 1.02171653341 0.0
100.0 6.42076453451 1.0
25.0 1.06597251889 0.0
47.0 6.46804686902 1.0
162.0 1.04476714652 0.0
