object 0	1.0:1.0
9.0 1.00235199053 1.0
38.0 0.997889429347 1.0
27.0 0.972583901219 1.0
22.0 1.01947796957 1.0
107.0 0.996280554531 1.0
20.0 0.999229734059 1.0
55.0 0.963457989212 1.0
19.0 0.961926554627 1.0
16.0 0.981392574832 1.0
118.0 1.02314341381 1.0
110.0 0.982758108657 1.0
131.0 0.993749508666 1.0
103.0 0.997276850548 1.0
86.0 0.973268863768 1.0
186.0 0.805788790001 1.0
54.0 0.998804186917 1.0
149.0 1.00271869306 1.0
91.0 1.03356081701 1.0
18.0 0.975598091796 1.0
13.0 1.00886104846 1.0
17.0 1.00026307547 1.0
93.0 1.06275550578 1.0
134.0 0.996863240947 1.0
124.0 0.971855761488 1.0
125.0 0.939729504572 1.0
122.0 1.1347952351 1.0
98.0 1.02041515245 1.0
173.0 1.41814422445 1.0
151.0 1.06056048496 1.0
3.0 0.990809391401 1.0
4.0 1.00471946429 1.0
96.0 0.966954332304 1.0
144.0 1.08894345295 1.0
object 1	1.0:1.0
151.0 1.02402915324 1.0
137.0 0.916206012016 1.0
34.0 0.999888884604 1.0
121.0 1.00055145743 1.0
160.0 3.00583512878 1.0
39.0 1.02929464158 1.0
67.0 1.0129499608 1.0
89.0 1.04972812042 1.0
16.0 0.999893349908 1.0
159.0 0.988555659251 1.0
9.0 0.966092690917 1.0
95.0 0.964977007783 1.0
33.0 1.0348807184 1.0
173.0 -0.742478390495 1.0
74.0 1.06303536752 1.0
198.0 2.65581211774 1.0
38.0 0.957039281127 1.0
157.0 1.03298711001 1.0
18.0 0.975373912593 1.0
42.0 1.04562110608 1.0
111.0 0.966285195831 1.0
20.0 1.00397789008 1.0
152.0 0.980378649924 1.0
146.0 0.992429316026 1.0
183.0 2.0751334112 1.0
object 2	1.0:1.0
159.0 0.989103978826 1.0
89.0 1.03354015756 1.0
20.0 0.981286909312 1.0
71.0 0.987714259689 1.0
6.0 0.997496874237 1.0
4.0 1.00845448052 1.0
198.0 3.87644521045 1.0
38.0 1.02630053463 1.0
158.0 0.99092119447 1.0
72.0 0.998682895348 1.0
141.0 0.995651646361 1.0
70.0 1.03692991671 1.0
125.0 1.04871302505 1.0
117.0 1.04791557452 1.0
43.0 0.987042496311 1.0
23.0 0.960514353552 1.0
132.0 1.00120188419 1.0
5.0 1.03854235354 1.0
178.0 1.21635373388 1.0
object 3	1.0:1.0
130.0 1.00430388842 1.0
196.0 0.0829741594848 1.0
78.0 1.00044305406 1.0
19.0 1.02747981214 1.0
64.0 0.981299289291 1.0
134.0 1.00600819434 1.0
163.0 2.9574448979 1.0
138.0 1.02567206583 1.0
24.0 1.0261366999 1.0
30.0 0.996943783992 1.0
2.0 0.973941016727 1.0
8.0 0.992682663017 1.0
125.0 0.998115568815 1.0
46.0 0.964613546439 1.0
22.0 1.00611215545 1.0
135.0 0.997697746247 1.0
178.0 1.15569946313 1.0
26.0 0.965533322759 1.0
14.0 0.959897542668 1.0
195.0 -0.873101219703 1.0
70.0 0.952476465245 1.0
35.0 0.967481565954 1.0
89.0 1.05654149978 1.0
77.0 1.04341908425 1.0
object 4	1.0:1.0
98.0 0.946102472857 1.0
127.0 1.00544250967 1.0
1.0 1.01322411033 1.0
0.0 1.02708042917 1.0
79.0 0.99359439065 1.0
185.0 -6.85551308221 1.0
32.0 0.995759705619 1.0
131.0 0.999803113978 1.0
186.0 1.30552133404 1.0
183.0 -0.827658191656 1.0
44.0 1.01710199485 1.0
121.0 1.06066822463 1.0
145.0 1.01087473616 1.0
136.0 1.00391762927 1.0
171.0 -4.02173026524 1.0
10.0 1.0056560746 1.0
69.0 0.966050579491 1.0
23.0 1.02273879424 1.0
152.0 1.0005133961 1.0
86.0 0.991275526835 1.0
74.0 1.00582541843 1.0
137.0 0.957740361724 1.0
76.0 1.00456544518 1.0
157.0 1.02693794084 1.0
18.0 1.03592256284 1.0
30.0 1.01405377789 1.0
101.0 1.00910402221 1.0
113.0 0.984380730826 1.0
62.0 1.034970104 1.0
162.0 2.75068959745 1.0
124.0 0.986353901287 1.0
51.0 1.05129888036 1.0
178.0 -1.22531816953 1.0
60.0 0.979887769209 1.0
155.0 1.04087870103 1.0
72.0 1.00576406053 1.0
45.0 1.01733121921 1.0
68.0 1.0044299706 1.0
object 5	1.0:1.0
153.0 0.970691039253 1.0
136.0 0.987818562561 1.0
65.0 1.02362313891 1.0
8.0 1.00840744218 1.0
90.0 0.992026638551 1.0
28.0 1.03551043981 1.0
119.0 1.00975456964 1.0
58.0 0.991991367306 1.0
50.0 0.999332762145 1.0
184.0 -0.316798245269 1.0
197.0 -3.08115556211 1.0
172.0 2.43525155195 1.0
61.0 0.970600037392 1.0
13.0 1.04867828117 1.0
4.0 0.994867744284 1.0
29.0 0.977983561664 1.0
194.0 1.83192558048 1.0
64.0 1.02902307323 1.0
147.0 0.943297176715 1.0
object 6	1.0:1.0
92.0 1.0240309576 1.0
131.0 0.954244693796 1.0
125.0 1.01578216459 1.0
172.0 0.517342552104 1.0
47.0 1.01029436996 1.0
69.0 1.00552234458 1.0
37.0 1.03293166216 1.0
3.0 0.957961066106 1.0
68.0 0.982604335798 1.0
45.0 0.979196897837 1.0
25.0 1.00491453177 1.0
151.0 1.00247807325 1.0
34.0 0.994520684025 1.0
15.0 1.01776796055 1.0
137.0 0.941112274657 1.0
16.0 1.00092981887 1.0
134.0 1.02216934148 1.0
24.0 0.997882336119 1.0
174.0 -0.446922727669 1.0
194.0 5.91496052836 1.0
64.0 0.950170618682 1.0
113.0 0.98575714507 1.0
144.0 1.01028873271 1.0
105.0 0.98568497842 1.0
35.0 1.02819288116 1.0
122.0 1.0313081905 1.0
187.0 -0.83421354945 1.0
88.0 0.993633975867 1.0
41.0 0.998676103587 1.0
object 7	1.0:1.0
89.0 0.928428350411 1.0
153.0 1.01517312816 1.0
188.0 1.52038060951 1.0
47.0 1.01014508044 1.0
174.0 -2.80463721604 1.0
93.0 0.99162412625 1.0
26.0 0.984261213069 1.0
119.0 1.00232358158 1.0
144.0 1.007600441 1.0
165.0 2.68345872682 1.0
113.0 1.02129238017 1.0
112.0 0.994023460505 1.0
179.0 -3.98706876073 1.0
34.0 1.00092582218 1.0
124.0 0.972693132906 1.0
178.0 2.05021884383 1.0
52.0 0.989408066781 1.0
70.0 1.0113699077 1.0
182.0 -1.30942925825 1.0
181.0 2.61714183519 1.0
69.0 0.93081704324 1.0
118.0 0.948984964583 1.0
56.0 0.980931214617 1.0
161.0 0.943349447859 1.0
48.0 0.987335704065 1.0
187.0 4.91501285803 1.0
object 8	1.0:1.0
111.0 0.949822094065 1.0
66.0 1.04845014363 1.0
139.0 1.02652941738 1.0
156.0 1.03947422111 1.0
37.0 0.964516612951 1.0
169.0 -0.827633992256 1.0
157.0 1.04973556529 1.0
82.0 0.996617336683 1.0
33.0 0.983502630562 1.0
174.0 -0.265680410748 1.0
192.0 -2.80946189192 1.0
148.0 0.993750853861 1.0
40.0 1.01621709889 1.0
101.0 0.981351361534 1.0
186.0 0.403312733407 1.0
85.0 1.01458294212 1.0
107.0 0.931382317036 1.0
77.0 1.01825410398 1.0
158.0 1.02148713991 1.0
12.0 1.0129346864 1.0
105.0 0.978901437632 1.0
62.0 0.997090295316 1.0
object 9	1.0:1.0
191.0 3.80684132087 1.0
49.0 0.993541540352 1.0
53.0 1.01439734577 1.0
154.0 0.992415233428 1.0
93.0 0.927079101639 1.0
40.0 0.975125751236 1.0
74.0 1.01364804353 1.0
146.0 0.990453580371 1.0
42.0 0.978748456234 1.0
155.0 0.995752304188 1.0
37.0 0.885626352436 1.0
156.0 1.05151499452 1.0
16.0 1.03900022841 1.0
138.0 1.00194433131 1.0
5.0 1.05124248885 1.0
107.0 0.96690865497 1.0
143.0 0.998013694434 1.0
101.0 0.986034188323 1.0
132.0 0.997042719107 1.0
73.0 0.948248375217 1.0
object 10	1.0:1.0
131.0 0.900992773625 1.0
189.0 3.32066650901 1.0
57.0 0.989538155804 1.0
111.0 1.01048446995 1.0
79.0 0.98026866713 1.0
134.0 1.02499629005 1.0
149.0 1.01018222337 1.0
173.0 -0.0253190748292 1.0
63.0 0.999238012128 1.0
106.0 0.976486326687 1.0
30.0 1.01909343038 1.0
76.0 1.0011353818 1.0
24.0 0.990425439829 1.0
9.0 0.938807520461 1.0
152.0 1.02060508302 1.0
39.0 1.03066565056 1.0
32.0 1.00503902973 1.0
68.0 1.07309589728 1.0
75.0 1.01965084633 1.0
109.0 0.923371674484 1.0
object 11	1.0:1.0
63.0 1.01217835041 1.0
10.0 0.944085692139 1.0
173.0 1.7275360285 1.0
2.0 1.01628957245 1.0
75.0 1.00932641765 1.0
94.0 0.974003068635 1.0
72.0 0.969653324337 1.0
74.0 0.954256414227 1.0
78.0 0.979445070267 1.0
133.0 1.02196081567 1.0
164.0 3.54362966661 1.0
181.0 -1.53592004647 1.0
194.0 1.85646182791 1.0
180.0 0.596881555531 1.0
109.0 0.967285259024 1.0
object 12	1.0:1.0
168.0 0.782388802872 1.0
184.0 -1.86003107376 1.0
177.0 2.74956453094 1.0
164.0 -0.569276857328 1.0
174.0 0.566247835069 1.0
189.0 6.59253740409 1.0
106.0 0.960466721208 1.0
113.0 0.974807692898 1.0
170.0 1.55038994429 1.0
14.0 0.974711135165 1.0
62.0 0.997370673111 1.0
13.0 1.03257249233 1.0
46.0 0.998119835127 1.0
53.0 0.968706987773 1.0
158.0 1.00604377442 1.0
49.0 0.992746233129 1.0
56.0 0.989720761826 1.0
122.0 0.948717909459 1.0
187.0 1.64741655427 1.0
128.0 1.06306182187 1.0
169.0 -2.96104682924 1.0
198.0 -1.08306091607 1.0
48.0 1.0230084459 1.0
136.0 0.996977440066 1.0
178.0 2.60100823824 1.0
172.0 2.08475330783 1.0
120.0 0.99846817249 1.0
73.0 1.05177730899 1.0
138.0 1.0057318558 1.0
88.0 1.00695301046 1.0
161.0 2.46316093608 1.0
51.0 1.0348729504 1.0
162.0 -2.79801181083 1.0
90.0 1.00469299622 1.0
79.0 1.00032102488 1.0
185.0 -9.16498441502 1.0
142.0 0.97919813826 1.0
165.0 2.90838481692 1.0
object 13	1.0:1.0
77.0 0.9516111188 1.0
120.0 0.976172714539 1.0
119.0 1.01731742353 1.0
170.0 0.351724063531 1.0
34.0 1.00991123483 1.0
176.0 4.30504096177 1.0
81.0 0.995650330692 1.0
125.0 0.970502168996 1.0
43.0 1.01389531797 1.0
142.0 1.00445150886 1.0
196.0 2.85937018249 1.0
105.0 1.00942133916 1.0
87.0 1.06428281281 1.0
107.0 0.988917950051 1.0
84.0 1.01323661712 1.0
162.0 2.12562273493 1.0
127.0 1.0107794336 1.0
68.0 1.07064705958 1.0
163.0 1.55633101251 1.0
115.0 0.983623735715 1.0
58.0 1.02249373956 1.0
70.0 1.04669228122 1.0
63.0 1.01656212292 1.0
197.0 0.297811400361 1.0
9.0 1.00089082002 1.0
185.0 4.13564915414 1.0
21.0 1.060877327 1.0
39.0 1.00114051328 1.0
object 14	1.0:1.0
53.0 1.01002244051 1.0
9.0 0.960614322949 1.0
171.0 4.42242935004 1.0
2.0 0.989288569214 1.0
197.0 -6.98282633923 1.0
38.0 1.07802738845 1.0
29.0 0.951769448956 1.0
112.0 0.989763594036 1.0
4.0 1.016858548 1.0
146.0 0.99749031054 1.0
19.0 1.00075073912 1.0
87.0 0.966344096323 1.0
77.0 0.993313735838 1.0
186.0 2.1395376654 1.0
33.0 1.05025147212 1.0
123.0 0.941035417656 1.0
30.0 0.995940412098 1.0
124.0 0.988052550159 1.0
99.0 0.987111217674 1.0
73.0 1.01798832475 1.0
88.0 1.0335912415 1.0
189.0 1.18472656321 1.0
object 15	1.0:1.0
140.0 1.00954372632 1.0
93.0 1.03417807594 1.0
26.0 1.02680464735 1.0
133.0 1.02029147454 1.0
15.0 1.02426007172 1.0
129.0 0.980140160359 1.0
18.0 0.962786272264 1.0
21.0 0.991856941716 1.0
183.0 8.97444756214 1.0
105.0 0.978643078101 1.0
122.0 0.998495093933 1.0
184.0 -0.0672290389284 1.0
50.0 1.0276455018 1.0
23.0 1.01505091812 1.0
89.0 0.905509925445 1.0
177.0 6.55518664211 1.0
27.0 1.04095105632 1.0
160.0 4.91918750782 1.0
169.0 0.111651519233 1.0
24.0 0.997240825497 1.0
17.0 0.998962737835 1.0
83.0 1.02736057674 1.0
63.0 0.988753398254 1.0
45.0 1.0063764259 1.0
4.0 0.998673517182 1.0
87.0 0.967213238413 1.0
120.0 0.989193765341 1.0
object 16	1.0:1.0
166.0 3.39835715937 1.0
71.0 1.04593769731 1.0
7.0 1.02389282749 1.0
30.0 1.00298564626 1.0
126.0 0.974247985413 1.0
122.0 1.01985481919 1.0
124.0 0.978549025121 1.0
80.0 0.980291639867 1.0
167.0 5.13477529765 1.0
161.0 2.56818319741 1.0
179.0 -1.7003000482 1.0
114.0 0.991125306178 1.0
37.0 0.960454190931 1.0
129.0 1.00339955392 1.0
123.0 1.03452060531 1.0
73.0 0.986708383086 1.0
177.0 -3.12550549367 1.0
61.0 0.959265884807 1.0
170.0 2.92422616919 1.0
38.0 1.01600562906 1.0
90.0 0.998468931032 1.0
16.0 0.971485501046 1.0
67.0 0.99363137331 1.0
81.0 1.02404370139 1.0
35.0 0.989355816137 1.0
object 17	1.0:1.0
134.0 1.01918116456 1.0
28.0 1.01327364225 1.0
125.0 1.03909650764 1.0
64.0 0.946473896074 1.0
49.0 1.01857732245 1.0
129.0 1.00047764502 1.0
110.0 1.00695522232 1.0
181.0 -0.385892142886 1.0
5.0 0.971064849609 1.0
50.0 0.99484957555 1.0
156.0 0.953235493654 1.0
57.0 0.979061105987 1.0
145.0 0.987821613393 1.0
0.0 0.982573672635 1.0
55.0 1.00207020671 1.0
189.0 -0.347710164833 1.0
82.0 0.999852333616 1.0
115.0 0.905184497593 1.0
95.0 0.986226553193 1.0
45.0 0.980085471207 1.0
171.0 5.11398705981 1.0
87.0 0.930199425113 1.0
111.0 1.02658416936 1.0
object 18	1.0:1.0
127.0 1.04834759225 1.0
43.0 1.00299543629 1.0
49.0 0.996756217583 1.0
55.0 1.02022111587 1.0
24.0 0.98346181644 1.0
75.0 1.00338175489 1.0
7.0 0.957586311932 1.0
190.0 2.06197825512 1.0
115.0 0.949549129313 1.0
181.0 6.23401839971 1.0
132.0 1.00219570105 1.0
184.0 0.458989666997 1.0
121.0 1.02919012072 1.0
189.0 8.64034021584 1.0
111.0 1.03349643737 1.0
83.0 1.00082428077 1.0
93.0 1.02177636088 1.0
35.0 0.987076257609 1.0
86.0 0.985323948777 1.0
159.0 0.994251840985 1.0
3.0 1.04161306667 1.0
object 19	1.0:1.0
163.0 4.97951704044 1.0
153.0 1.05846854839 1.0
1.0 1.0120263474 1.0
145.0 1.04103110038 1.0
82.0 0.963302263671 1.0
196.0 -2.61936863589 1.0
148.0 1.02301519084 1.0
188.0 3.96886727404 1.0
134.0 1.01303167302 1.0
173.0 5.0811909925 1.0
35.0 1.02299192341 1.0
30.0 1.01942452743 1.0
52.0 0.991600751343 1.0
78.0 0.946163512036 1.0
36.0 0.97521827406 1.0
122.0 0.964272547408 1.0
31.0 0.978940730329 1.0
33.0 1.01381959669 1.0
164.0 4.90057495143 1.0
7.0 1.04454373043 1.0
object 20	1.0:1.0
35.0 1.02284313974 1.0
27.0 0.985222412812 1.0
124.0 0.995763356358 1.0
9.0 1.0432846674 1.0
22.0 0.978365074239 1.0
156.0 0.99477438381 1.0
126.0 1.04246414839 1.0
3.0 0.949040298975 1.0
100.0 1.00101123911 1.0
186.0 9.01481662234 1.0
132.0 1.00656292892 1.0
77.0 0.995128806942 1.0
160.0 2.78406186687 1.0
191.0 4.68919316532 1.0
113.0 1.01404630899 1.0
137.0 1.00841487894 1.0
49.0 0.998186561092 1.0
29.0 0.985728523067 1.0
33.0 1.01330130844 1.0
114.0 0.979787197396 1.0
158.0 0.988688383724 1.0
125.0 1.05621646845 1.0
object 21	1.0:1.0
149.0 1.00015135728 1.0
134.0 1.02371250227 1.0
67.0 1.00150121383 1.0
177.0 -6.52961746793 1.0
174.0 -0.276867928825 1.0
5.0 0.946215164143 1.0
31.0 1.06977063849 1.0
151.0 0.998905562104 1.0
181.0 3.01374758483 1.0
150.0 1.00257428901 1.0
161.0 1.38050873811 1.0
156.0 1.03285758293 1.0
25.0 0.989065273894 1.0
14.0 0.965268462609 1.0
155.0 1.02251855635 1.0
74.0 1.02704415667 1.0
19.0 1.00442609429 1.0
69.0 1.0525008397 1.0
127.0 0.936503990769 1.0
104.0 1.04548156217 1.0
70.0 1.05326248602 1.0
object 22	1.0:1.0
44.0 1.02160306179 1.0
197.0 1.17796139999 1.0
141.0 1.02494553774 1.0
7.0 0.989217589506 1.0
36.0 0.948558696435 1.0
55.0 1.03611943064 1.0
148.0 1.01670596088 1.0
188.0 1.02880455039 1.0
2.0 0.972564118698 1.0
91.0 0.992922152806 1.0
160.0 0.0714879320654 1.0
178.0 1.20263654185 1.0
79.0 1.03352831364 1.0
92.0 1.02908414405 1.0
33.0 1.02987419831 1.0
116.0 0.982491528431 1.0
198.0 2.91349096373 1.0
111.0 0.994101838862 1.0
72.0 0.96204457134 1.0
165.0 7.19882530299 1.0
67.0 0.988342249873 1.0
77.0 0.939810705391 1.0
46.0 0.995815584368 1.0
158.0 0.966737061751 1.0
14.0 1.00064158352 1.0
164.0 2.72504052034 1.0
20.0 0.98865130435 1.0
65.0 0.939597413935 1.0
104.0 0.925669649906 1.0
110.0 0.995685226235 1.0
1.0 0.996874744448 1.0
43.0 1.01101518163 1.0
89.0 0.870534477278 1.0
8.0 0.982703741886 1.0
47.0 0.994020458511 1.0
object 23	1.0:1.0
98.0 0.987857769041 1.0
123.0 0.994700016823 1.0
75.0 0.971859238523 1.0
78.0 1.04868531723 1.0
28.0 1.0071134306 1.0
145.0 1.02015777795 1.0
132.0 0.989169878089 1.0
51.0 1.02485866847 1.0
66.0 0.979497302396 1.0
52.0 1.08418355802 1.0
190.0 1.30565126586 1.0
135.0 1.007509025 1.0
77.0 1.03954162765 1.0
184.0 1.56485485383 1.0
87.0 1.00261720675 1.0
193.0 4.43945292002 1.0
105.0 0.970075485766 1.0
32.0 1.03772756031 1.0
153.0 0.961891557817 1.0
189.0 -3.26175635657 1.0
121.0 1.00674803575 1.0
80.0 0.935312189986 1.0
125.0 1.01639322245 1.0
15.0 1.04807814876 1.0
92.0 0.968816895752 1.0
103.0 1.01241003893 1.0
23.0 1.01050786545 1.0
object 24	1.0:1.0
198.0 1.16752348037 1.0
194.0 -2.40376987651 1.0
58.0 1.00725655546 1.0
94.0 0.979514636075 1.0
56.0 0.920907877155 1.0
68.0 1.07651676602 1.0
136.0 1.01020371653 1.0
168.0 1.54322083835 1.0
114.0 1.00832671966 1.0
149.0 1.01328162652 1.0
119.0 1.01906318742 1.0
150.0 0.943680518563 1.0
4.0 0.991656078517 1.0
153.0 0.957456620134 1.0
148.0 1.0080491938 1.0
80.0 1.02147906975 1.0
64.0 0.976383462434 1.0
178.0 -1.69748107961 1.0
16.0 0.993076422076 1.0
92.0 0.972511037734 1.0
164.0 -0.356599241402 1.0
144.0 1.00993950265 1.0
169.0 -1.51988670669 1.0
174.0 -3.99582273887 1.0
187.0 -1.28347140481 1.0
142.0 0.996709274151 1.0
7.0 0.974702341784 1.0
140.0 0.967375128744 1.0
object 25	1.0:1.0
30.0 1.01737983532 1.0
41.0 0.978959855408 1.0
120.0 0.980225636762 1.0
105.0 0.951279502624 1.0
98.0 0.963827420866 1.0
47.0 0.987146646122 1.0
126.0 1.00873865288 1.0
155.0 0.996228182042 1.0
27.0 0.961482127248 1.0
114.0 0.988022708457 1.0
110.0 0.996060377778 1.0
16.0 1.0079300197 1.0
186.0 -9.83929639774 1.0
175.0 0.95537206445 1.0
85.0 1.01671028534 1.0
84.0 0.983567186877 1.0
89.0 0.933514952248 1.0
115.0 0.9995662214 1.0
5.0 0.982359891516 1.0
167.0 1.98555237909 1.0
150.0 1.06038247974 1.0
31.0 0.981856581228 1.0
165.0 -5.11685270289 1.0
141.0 1.01565279628 1.0
51.0 0.955471695704 1.0
78.0 1.01464072973 1.0
143.0 0.968060581687 1.0
148.0 0.999678686376 1.0
12.0 1.01416880799 1.0
75.0 1.00917671618 1.0
object 26	1.0:1.0
25.0 1.00943015567 1.0
197.0 -0.803361237886 1.0
89.0 0.981666474066 1.0
180.0 -0.804308102495 1.0
1.0 0.992135321304 1.0
144.0 1.05241247551 1.0
190.0 2.25207422175 1.0
161.0 2.69211718091 1.0
174.0 0.503730913505 1.0
24.0 1.00969484509 1.0
171.0 3.68587421407 1.0
124.0 0.995967067121 1.0
68.0 1.00178695165 1.0
39.0 0.959002180676 1.0
139.0 0.991675950663 1.0
159.0 1.00524059829 1.0
84.0 0.996502209167 1.0
91.0 1.06555750652 1.0
123.0 0.939745270455 1.0
90.0 1.00614174806 1.0
83.0 1.00407339526 1.0
37.0 0.95187100783 1.0
13.0 0.958282033372 1.0
object 27	1.0:1.0
29.0 0.991360552971 1.0
182.0 2.18348795876 1.0
66.0 1.06610190099 1.0
0.0 1.0170256091 1.0
72.0 1.00352751308 1.0
64.0 1.00133356421 1.0
195.0 -1.17753466981 1.0
37.0 0.864548800801 1.0
128.0 1.00294754513 1.0
80.0 1.00259310503 1.0
141.0 0.924588305755 1.0
32.0 1.03507153134 1.0
175.0 2.08246981009 1.0
159.0 0.997970174356 1.0
38.0 1.01575808528 1.0
120.0 1.01367778874 1.0
39.0 1.01482026194 1.0
174.0 0.749569100558 1.0
13.0 0.981949090479 1.0
23.0 1.00770866591 1.0
170.0 -0.672141944055 1.0
154.0 0.99901014312 1.0
82.0 1.00552425228 1.0
object 28	1.0:1.0
113.0 0.960352033914 1.0
130.0 0.980058109221 1.0
105.0 0.993386575438 1.0
77.0 0.954071320898 1.0
122.0 0.987351681666 1.0
11.0 0.972400423164 1.0
81.0 0.997888939148 1.0
35.0 1.02173901267 1.0
110.0 0.985511902595 1.0
74.0 0.972312198049 1.0
29.0 1.00734492894 1.0
143.0 0.993425101152 1.0
139.0 0.901477791656 1.0
42.0 1.0801701404 1.0
75.0 0.999651732476 1.0
36.0 0.998651293605 1.0
67.0 0.994237258147 1.0
80.0 0.930303085474 1.0
160.0 -0.0730265218836 1.0
24.0 0.986885756261 1.0
90.0 0.98480753322 1.0
162.0 1.81335813612 1.0
196.0 2.72241527358 1.0
174.0 -1.99155198352 1.0
192.0 0.166465658639 1.0
95.0 1.01098116808 1.0
198.0 3.98416627437 1.0
140.0 1.001138382 1.0
98.0 0.992028531124 1.0
44.0 0.988504881213 1.0
object 29	1.0:1.0
80.0 0.985055306163 1.0
199.0 2.41651664349 1.0
0.0 1.02083742976 1.0
124.0 0.993293665334 1.0
132.0 1.02353876808 1.0
13.0 0.952257640034 1.0
92.0 1.02746302611 1.0
192.0 2.78302844798 1.0
138.0 1.01199073323 1.0
198.0 7.38654898177 1.0
53.0 1.00803305923 1.0
145.0 0.966068437544 1.0
128.0 1.01844008515 1.0
129.0 0.999511724916 1.0
142.0 1.00694313461 1.0
175.0 1.08319829766 1.0
103.0 0.998014719119 1.0
31.0 1.06805883692 1.0
173.0 0.440908101905 1.0
139.0 1.01232776589 1.0
26.0 1.01466964113 1.0
119.0 1.01082402498 1.0
197.0 3.63199824225 1.0
7.0 0.973861325428 1.0
35.0 1.03854826768 1.0
178.0 -0.358155473622 1.0
126.0 0.984480331797 1.0
24.0 0.99897505008 1.0
116.0 1.06859623725 1.0
57.0 1.038205161 1.0
34.0 1.00228373393 1.0
77.0 0.974618268351 1.0
object 30	1.0:1.0
193.0 -2.46204271416 1.0
71.0 1.03047510946 1.0
181.0 5.83066309441 1.0
78.0 1.02267848942 1.0
87.0 0.97008419277 1.0
194.0 4.37232927834 1.0
122.0 1.08987577908 1.0
35.0 1.03052969589 1.0
100.0 0.956547393014 1.0
131.0 1.01704943808 1.0
52.0 1.02756311467 1.0
169.0 2.34182407063 1.0
128.0 0.992011729776 1.0
115.0 1.02974681778 1.0
162.0 -1.68118972046 1.0
91.0 0.939813288688 1.0
170.0 3.32723789634 1.0
157.0 0.942241165393 1.0
44.0 0.976544377357 1.0
177.0 -1.16870034432 1.0
7.0 0.997039329839 1.0
163.0 1.18711144252 1.0
object 31	1.0:1.0
49.0 1.03221811173 1.0
110.0 0.972901379312 1.0
88.0 1.02367876422 1.0
32.0 0.991864384965 1.0
169.0 1.24881265099 1.0
95.0 1.04714381639 1.0
15.0 0.984140183044 1.0
56.0 1.01463868107 1.0
155.0 1.01018364768 1.0
122.0 0.963453331661 1.0
92.0 1.01149565158 1.0
77.0 1.06692251293 1.0
138.0 1.00288091347 1.0
10.0 0.992141926062 1.0
183.0 -0.230023256867 1.0
112.0 0.984490613687 1.0
174.0 3.62225636585 1.0
47.0 1.01993577915 1.0
152.0 1.00356381021 1.0
144.0 0.989285109042 1.0
107.0 1.03088476699 1.0
146.0 1.03815349893 1.0
192.0 -2.05141302212 1.0
0.0 0.994199918088 1.0
184.0 0.92375152354 1.0
8.0 0.956847847027 1.0
object 32	1.0:1.0
183.0 1.027125145 1.0
174.0 4.52058834854 1.0
191.0 0.0770605329274 1.0
65.0 1.03975886484 1.0
38.0 0.958008261346 1.0
51.0 1.03290374683 1.0
10.0 1.00038018972 1.0
63.0 1.0111002333 1.0
42.0 0.991987053175 1.0
169.0 2.45378743867 1.0
50.0 0.985591809535 1.0
188.0 0.253931457571 1.0
112.0 0.93987143736 1.0
77.0 0.923701319115 1.0
128.0 0.967921323223 1.0
97.0 1.00656869252 1.0
136.0 0.992211670908 1.0
156.0 0.989791010819 1.0
168.0 0.665490196004 1.0
72.0 1.00087377148 1.0
140.0 0.965552343197 1.0
134.0 0.984694873716 1.0
90.0 0.994433473264 1.0
58.0 1.01322091126 1.0
1.0 0.99006092843 1.0
43.0 0.98242067822 1.0
189.0 -2.00471522953 1.0
82.0 1.03712764395 1.0
87.0 0.954310601199 1.0
102.0 0.996325709732 1.0
4.0 1.01580593979 1.0
23.0 1.03907404308 1.0
2.0 0.986535159384 1.0
object 33	1.0:1.0
174.0 -0.493568204501 1.0
20.0 0.99206185626 1.0
186.0 -1.5311697712 1.0
128.0 0.965097778361 1.0
62.0 0.989296615283 1.0
30.0 1.00260650788 1.0
21.0 0.993966106916 1.0
116.0 0.952943332174 1.0
155.0 0.987063615244 1.0
52.0 1.0386574367 1.0
185.0 0.407903104651 1.0
70.0 0.983792376487 1.0
96.0 0.975929192804 1.0
175.0 2.6482906097 1.0
65.0 0.965650980342 1.0
80.0 0.989447487469 1.0
108.0 0.991482314139 1.0
48.0 1.02869395464 1.0
8.0 0.994394131371 1.0
44.0 0.987829363529 1.0
104.0 1.00071411692 1.0
object 34	1.0:1.0
3.0 0.968903668491 1.0
112.0 1.05752563816 1.0
8.0 0.994100920845 1.0
166.0 0.610949804691 1.0
146.0 0.960731616388 1.0
1.0 1.00349282063 1.0
153.0 0.997072601012 1.0
9.0 0.99908072635 1.0
31.0 1.05518405943 1.0
189.0 9.13299888217 1.0
99.0 0.957625911837 1.0
140.0 1.01648714573 1.0
121.0 1.0588076148 1.0
123.0 1.00742514528 1.0
178.0 1.18090476344 1.0
158.0 0.994291472941 1.0
176.0 0.913183295281 1.0
186.0 0.84671650291 1.0
187.0 1.58670361142 1.0
168.0 0.0544487691565 1.0
70.0 0.97174883614 1.0
175.0 0.848661632783 1.0
74.0 1.01193510177 1.0
169.0 -0.304287832637 1.0
object 35	1.0:1.0
161.0 -1.0228532897 1.0
43.0 0.951714180313 1.0
133.0 1.02531201966 1.0
87.0 0.934007458804 1.0
131.0 0.98669713796 1.0
34.0 1.00417377347 1.0
48.0 0.984857033465 1.0
106.0 0.968383681228 1.0
71.0 0.982684299311 1.0
94.0 0.963188558378 1.0
199.0 -2.7913590413 1.0
72.0 1.02043292279 1.0
68.0 1.01710009414 1.0
186.0 -3.5128226974 1.0
177.0 2.30063740386 1.0
65.0 0.984662120572 1.0
142.0 0.992592743605 1.0
140.0 0.998143547075 1.0
28.0 1.00201537136 1.0
62.0 0.977811879068 1.0
168.0 0.855128030777 1.0
38.0 0.94770295769 1.0
36.0 1.00195940069 1.0
object 36	1.0:1.0
51.0 1.05283719048 1.0
65.0 1.02147473715 1.0
199.0 4.14824940509 1.0
39.0 0.983963262547 1.0
145.0 1.02580108008 1.0
34.0 0.999186638099 1.0
113.0 0.996355563548 1.0
159.0 0.981123128179 1.0
58.0 1.0284594821 1.0
185.0 2.31101600062 1.0
17.0 0.976919666078 1.0
188.0 0.913558047115 1.0
13.0 0.971728531262 1.0
31.0 1.0367478131 1.0
72.0 1.00059856723 1.0
106.0 1.0377198536 1.0
109.0 1.0239668346 1.0
150.0 0.930877761534 1.0
128.0 0.982459962508 1.0
52.0 0.998839135748 1.0
5.0 0.940190768421 1.0
object 37	1.0:1.0
38.0 0.99048183552 1.0
99.0 0.979331769476 1.0
120.0 1.06371426561 1.0
56.0 1.01558613536 1.0
158.0 0.99436367905 1.0
137.0 0.934733443643 1.0
162.0 -1.31413406979 1.0
125.0 0.997479260879 1.0
20.0 1.01290991796 1.0
29.0 1.0033531729 1.0
88.0 1.02290004549 1.0
83.0 1.01366159953 1.0
74.0 0.990088736635 1.0
59.0 1.0174546063 1.0
22.0 0.983905495085 1.0
190.0 -0.296052442383 1.0
57.0 0.99583842644 1.0
94.0 1.03133563116 1.0
150.0 1.04432598111 1.0
object 38	1.0:1.0
143.0 1.06149692252 1.0
19.0 0.99970666749 1.0
42.0 0.963303197792 1.0
151.0 0.962162717987 1.0
157.0 1.02077932713 1.0
158.0 1.00749268524 1.0
121.0 1.00738621802 1.0
49.0 0.969768388376 1.0
140.0 0.980367001022 1.0
170.0 0.716650804112 1.0
153.0 0.926954123511 1.0
167.0 1.10978191314 1.0
174.0 2.6942101048 1.0
35.0 1.02283525193 1.0
132.0 0.99973446177 1.0
2.0 0.995404417316 1.0
99.0 0.985511009946 1.0
68.0 0.993074245298 1.0
72.0 0.999616606218 1.0
18.0 1.01187888244 1.0
48.0 1.00353936185 1.0
115.0 1.0149752993 1.0
63.0 0.991778717911 1.0
105.0 1.07044783352 1.0
30.0 1.00341962761 1.0
154.0 0.985258378938 1.0
106.0 1.03982083945 1.0
33.0 1.00029104776 1.0
38.0 1.03959545683 1.0
136.0 1.02152520387 1.0
76.0 1.03591132213 1.0
7.0 0.989117643975 1.0
object 39	1.0:1.0
2.0 0.991103858932 1.0
54.0 1.02145264254 1.0
145.0 0.967445484059 1.0
56.0 0.988431831963 1.0
53.0 0.994975801686 1.0
163.0 2.72460702157 1.0
108.0 1.05820842415 1.0
69.0 0.95704635287 1.0
103.0 0.986431607996 1.0
113.0 0.971727826674 1.0
48.0 0.990083230917 1.0
101.0 1.03418069325 1.0
141.0 0.990018561514 1.0
162.0 4.55168562799 1.0
132.0 0.973520336051 1.0
129.0 1.01024647812 1.0
5.0 0.988476422477 1.0
object 40	1.0:1.0
98.0 1.01228316465 1.0
54.0 0.986348568552 1.0
74.0 1.02094917534 1.0
113.0 0.99072190796 1.0
25.0 0.974085589736 1.0
36.0 1.00213152561 1.0
65.0 1.00459436783 1.0
199.0 -0.338684056061 1.0
85.0 1.00082811277 1.0
181.0 2.78876006895 1.0
152.0 1.00686956197 1.0
139.0 1.0220711535 1.0
79.0 1.02011232316 1.0
48.0 1.01201159172 1.0
110.0 0.971246321513 1.0
143.0 0.986377344038 1.0
175.0 0.0255400566839 1.0
109.0 1.03478472143 1.0
34.0 0.996603239791 1.0
18.0 0.990868319017 1.0
160.0 7.27757803968 1.0
16.0 0.984054227485 1.0
83.0 1.01000056913 1.0
134.0 0.989635357502 1.0
45.0 0.974986250195 1.0
82.0 1.02866726457 1.0
35.0 0.975933170646 1.0
198.0 3.37743288574 1.0
171.0 2.0423908114 1.0
94.0 1.04606894194 1.0
object 41	1.0:1.0
84.0 0.993505783643 1.0
187.0 1.88412167538 1.0
54.0 1.01516373679 1.0
171.0 -3.64350047446 1.0
75.0 1.0025826777 1.0
29.0 0.992680790593 1.0
180.0 2.72502558433 1.0
31.0 0.993511636847 1.0
86.0 1.01251291905 1.0
186.0 2.03364663102 1.0
85.0 0.995536825711 1.0
133.0 0.976924472127 1.0
93.0 1.01426211354 1.0
38.0 1.00279208679 1.0
110.0 1.00458935437 1.0
139.0 1.01700913135 1.0
20.0 0.991148830729 1.0
80.0 0.949264272588 1.0
56.0 1.02048881189 1.0
44.0 1.02270550208 1.0
185.0 3.66135028173 1.0
157.0 1.06163578539 1.0
108.0 1.01048986112 1.0
175.0 -3.22800229827 1.0
198.0 2.29217432304 1.0
object 42	1.0:1.0
163.0 -1.68732792828 1.0
149.0 1.01030853475 1.0
38.0 1.03960908798 1.0
41.0 0.999428960279 1.0
183.0 -2.28848183973 1.0
14.0 1.0558898702 1.0
79.0 0.983825475031 1.0
51.0 0.996679013209 1.0
131.0 1.0711726737 1.0
109.0 0.975351986652 1.0
93.0 1.02688417655 1.0
181.0 0.516065937089 1.0
8.0 0.980836073397 1.0
193.0 -8.50906280875 1.0
182.0 -0.803932217365 1.0
199.0 2.70151786119 1.0
24.0 0.984493929488 1.0
53.0 1.00847263106 1.0
84.0 0.968812805824 1.0
175.0 1.50964254928 1.0
107.0 0.974309369701 1.0
object 43	1.0:1.0
130.0 1.00389097054 1.0
100.0 0.996709954972 1.0
98.0 1.01424115529 1.0
13.0 0.993019459447 1.0
62.0 1.01588867478 1.0
45.0 1.0143055303 1.0
19.0 0.966186755371 1.0
44.0 0.97759451151 1.0
188.0 0.991082238331 1.0
46.0 0.986677730471 1.0
11.0 1.0106633766 1.0
59.0 0.941127805027 1.0
105.0 1.01405210187 1.0
187.0 -1.80720539673 1.0
156.0 0.915080170222 1.0
164.0 2.98647723505 1.0
142.0 0.987396390886 1.0
151.0 1.03005273781 1.0
34.0 0.988906998907 1.0
41.0 1.0068240535 1.0
144.0 1.00801022847 1.0
65.0 0.978746130019 1.0
58.0 0.990859761422 1.0
55.0 1.0135459014 1.0
193.0 -0.558650967453 1.0
94.0 0.997534320354 1.0
154.0 0.98949017684 1.0
8.0 1.04523828609 1.0
181.0 3.74361212858 1.0
72.0 0.964035893526 1.0
89.0 1.02275933307 1.0
81.0 0.99438539303 1.0
25.0 1.0335379489 1.0
object 44	1.0:1.0
45.0 0.98038305597 1.0
22.0 1.01632278081 1.0
162.0 1.3873090234 1.0
80.0 1.02902938727 1.0
132.0 0.994300983498 1.0
87.0 0.991163389338 1.0
76.0 0.994192817392 1.0
185.0 -2.39505562589 1.0
108.0 1.06080078683 1.0
111.0 0.978807820138 1.0
193.0 -4.06343049232 1.0
38.0 0.956668426531 1.0
47.0 0.988368189237 1.0
99.0 0.984709025373 1.0
24.0 0.991759182308 1.0
134.0 1.01739475834 1.0
12.0 0.994503849071 1.0
160.0 1.80744894613 1.0
186.0 9.55245451413 1.0
68.0 1.00449919547 1.0
197.0 -2.35960505225 1.0
112.0 0.931939314939 1.0
122.0 0.958052516147 1.0
object 45	1.0:1.0
96.0 0.980104137534 1.0
108.0 1.01741696799 1.0
120.0 1.05730818868 1.0
101.0 0.974420455137 1.0
41.0 1.01285824153 1.0
44.0 0.979654936247 1.0
13.0 0.966191445523 1.0
116.0 0.958571763653 1.0
172.0 0.00760196662904 1.0
113.0 0.99059031516 1.0
123.0 0.993546820514 1.0
147.0 1.01368556936 1.0
142.0 0.979475179556 1.0
53.0 1.05400856157 1.0
175.0 -0.166479871708 1.0
59.0 0.956973262194 1.0
76.0 0.994228269069 1.0
107.0 1.02980655654 1.0
132.0 1.01104795042 1.0
object 46	1.0:1.0
22.0 0.97893575201 1.0
113.0 0.966772255991 1.0
130.0 1.01834248516 1.0
111.0 1.00181294205 1.0
132.0 0.988501058759 1.0
123.0 1.02713446451 1.0
72.0 0.986539813638 1.0
60.0 1.01349741095 1.0
99.0 1.00672791169 1.0
83.0 1.0078512426 1.0
176.0 1.16068839143 1.0
142.0 1.05193391893 1.0
145.0 0.999621965304 1.0
172.0 -1.3165750088 1.0
105.0 1.03182242645 1.0
126.0 1.06815507071 1.0
38.0 1.02571402727 1.0
155.0 0.993104994588 1.0
186.0 6.49508711819 1.0
74.0 0.982982800116 1.0
52.0 0.945971268417 1.0
137.0 1.00823618612 1.0
34.0 0.99478348675 1.0
104.0 1.02792221135 1.0
31.0 0.953473418412 1.0
102.0 1.00784124831 1.0
object 47	1.0:1.0
158.0 0.97669137819 1.0
132.0 1.01486327962 1.0
122.0 1.00541544382 1.0
196.0 2.30786312393 1.0
54.0 1.0023689858 1.0
177.0 0.689392572927 1.0
139.0 1.00968229568 1.0
86.0 1.00045168796 1.0
162.0 3.22842751099 1.0
88.0 1.02050534063 1.0
26.0 0.97226320698 1.0
173.0 -1.86687111742 1.0
130.0 1.00609729972 1.0
190.0 3.59162783582 1.0
192.0 -1.02396655562 1.0
112.0 1.02773491211 1.0
2.0 1.00647673582 1.0
74.0 1.01042542889 1.0
97.0 1.01398955841 1.0
140.0 0.980107196726 1.0
59.0 0.972830260251 1.0
93.0 0.970128131444 1.0
119.0 0.987196466781 1.0
14.0 1.03538557949 1.0
object 48	1.0:1.0
128.0 0.918950793088 1.0
87.0 1.02130104142 1.0
190.0 0.0524369679272 1.0
80.0 1.02314528065 1.0
73.0 0.975749214948 1.0
2.0 0.999456617921 1.0
111.0 0.971703849896 1.0
58.0 1.00755765823 1.0
45.0 0.978093088612 1.0
93.0 1.03056080552 1.0
154.0 1.00540320872 1.0
21.0 0.978731751224 1.0
106.0 1.02449655379 1.0
96.0 1.03520960985 1.0
1.0 0.958371238933 1.0
113.0 0.968041880818 1.0
198.0 -9.91799181021 1.0
76.0 0.956614761044 1.0
133.0 0.985419220241 1.0
20.0 1.01697418654 1.0
183.0 -3.52015383651 1.0
85.0 1.01905427162 1.0
155.0 1.00724624013 1.0
12.0 1.00036645819 1.0
177.0 0.835789243037 1.0
162.0 2.58717086679 1.0
object 49	1.0:1.0
167.0 2.7102511814 1.0
69.0 0.926628962237 1.0
117.0 0.976800544196 1.0
155.0 1.00848841982 1.0
169.0 0.602793571778 1.0
182.0 -0.736887657006 1.0
116.0 1.05712239797 1.0
62.0 0.968495363344 1.0
88.0 0.979546141409 1.0
45.0 0.969052947492 1.0
177.0 2.46820697702 1.0
104.0 1.02825182321 1.0
138.0 1.00019909242 1.0
136.0 0.984748406172 1.0
115.0 0.984841606738 1.0
41.0 0.981450997975 1.0
102.0 0.983634455125 1.0
60.0 0.965994518798 1.0
163.0 -0.0938251878619 1.0
39.0 0.941462907746 1.0
121.0 0.971146207262 1.0
55.0 1.02712808642 1.0
52.0 0.998039233717 1.0
137.0 0.963903536407 1.0
187.0 -3.37431285887 1.0
7.0 1.04043321011 1.0
181.0 1.05886731187 1.0
25.0 0.987064847027 1.0
79.0 1.01790332894 1.0
object 50	1.0:0.5 0.0112312593219:0.5
178.0 1.04302506002 0.0
75.0 0.0143708793136 1.0
99.0 0.995842762614 0.0
165.0 4.99149878635 1.0
40.0 0.964086001335 0.0
83.0 0.95594495735 0.0
28.0 -0.0568885763346 1.0
79.0 0.872885875943 0.0
59.0 0.0562287537245 1.0
159.0 0.019828888515 1.0
110.0 0.967795458507 0.0
25.0 0.990113338136 0.0
10.0 1.03255144383 0.0
172.0 -0.942366750584 1.0
101.0 -0.0453892458466 1.0
133.0 -0.016365618953 1.0
127.0 0.0113591481166 1.0
object 51	1.0:0.5 -10.7694166283:0.5
29.0 -10.7334672882 1.0
192.0 2.16443681952 0.0
152.0 0.989388002868 0.0
93.0 -10.7442975428 1.0
184.0 2.51357204862 0.0
39.0 1.07055789922 0.0
69.0 -10.7497562298 1.0
45.0 -10.7512456659 1.0
57.0 -10.7948581382 1.0
105.0 -10.7259664838 1.0
199.0 2.22692968462 0.0
183.0 2.09430253763 0.0
88.0 -10.7740333341 1.0
80.0 -10.8152522083 1.0
78.0 -10.6789672179 1.0
182.0 -13.5160451755 1.0
170.0 -11.732786958 1.0
120.0 1.02590875596 0.0
186.0 -9.61840039839 1.0
127.0 0.93526252553 0.0
173.0 -2.36572998101 0.0
176.0 -8.67098703187 1.0
object 52	1.0:0.5 -25.3072403616:0.5
10.0 1.01864049187 0.0
93.0 -25.3239342141 1.0
198.0 -30.1310736881 1.0
124.0 0.9241202394 0.0
79.0 0.93450337033 0.0
11.0 -25.2716176442 1.0
57.0 1.03069018132 0.0
182.0 -5.37734046453 0.0
157.0 0.866491125007 0.0
117.0 1.01595847351 0.0
164.0 -20.4410285468 1.0
78.0 1.07047165668 0.0
158.0 1.02901489881 0.0
14.0 1.00301914322 0.0
90.0 1.03514678442 0.0
23.0 -25.3822958128 1.0
63.0 -25.3059415667 1.0
84.0 -25.2890202519 1.0
55.0 -25.3618300621 1.0
88.0 -25.2325866287 1.0
41.0 -25.2791991886 1.0
9.0 1.06614835452 0.0
42.0 1.06245258678 0.0
46.0 -25.3361226582 1.0
13.0 1.02293974326 0.0
150.0 -25.3712423094 1.0
67.0 1.00105844209 0.0
20.0 -25.2422130858 1.0
81.0 -25.2864781457 1.0
0.0 -25.2967025072 1.0
object 53	1.0:0.5 -6.19326941284:0.5
134.0 1.0349738405 0.0
141.0 -6.27894587747 1.0
19.0 0.962626535067 0.0
133.0 1.01059777335 0.0
122.0 -6.19839997551 1.0
43.0 1.04465220304 0.0
30.0 0.9737870751 0.0
118.0 0.974812184197 0.0
111.0 1.07969847117 0.0
143.0 -6.19331605877 1.0
112.0 0.948853207691 0.0
1.0 1.02336079487 0.0
55.0 -6.21479449359 1.0
49.0 -6.16762653802 1.0
199.0 5.25685359638 0.0
136.0 -6.15865781113 1.0
132.0 1.11874305116 0.0
37.0 1.09579261053 0.0
120.0 -6.20309501107 1.0
167.0 1.2351322237 0.0
64.0 1.00022775824 0.0
192.0 -9.06251455296 1.0
58.0 -6.25032677668 1.0
73.0 0.992930380693 0.0
67.0 -6.1166430755 1.0
object 54	1.0:0.5 -5.51656985347:0.5
186.0 -0.260951217607 0.0
116.0 -5.53809967844 1.0
146.0 1.05327476534 0.0
190.0 -0.485779371643 0.0
176.0 -6.76112441569 1.0
17.0 1.04622297346 0.0
78.0 1.0524538203 0.0
131.0 1.04984804132 0.0
43.0 0.961147218223 0.0
144.0 0.965456572204 0.0
18.0 -5.4946502444 1.0
155.0 -5.59118754213 1.0
114.0 1.05244013528 0.0
150.0 -5.49504292328 1.0
110.0 -5.50498739381 1.0
73.0 0.923156297658 0.0
object 55	1.0:0.5 15.7002384323:0.5
32.0 1.01175237765 0.0
46.0 1.00154187508 0.0
117.0 1.01937102153 0.0
18.0 1.0053834753 0.0
51.0 15.703602168 1.0
172.0 15.7839476748 1.0
186.0 4.09415387985 0.0
83.0 15.6508352929 1.0
113.0 0.953106398043 0.0
4.0 0.980509969787 0.0
100.0 0.96685123449 0.0
53.0 15.7668467349 1.0
159.0 0.978259192912 0.0
5.0 15.7447348206 1.0
189.0 0.800766879957 0.0
12.0 15.7605213629 1.0
6.0 15.6646347722 1.0
56.0 0.91987380003 0.0
70.0 15.7242292889 1.0
69.0 15.7326088351 1.0
106.0 1.02396604963 0.0
64.0 0.934137293702 0.0
173.0 15.8923239694 1.0
object 56	1.0:0.5 -8.99150972242:0.5
109.0 -9.01474547061 1.0
196.0 -3.26254807 1.0
16.0 -8.9751544322 1.0
182.0 -11.0828647332 0.0
107.0 0.907936389442 0.0
74.0 1.01587894846 0.0
101.0 -8.95007497062 1.0
133.0 -9.08111024364 1.0
143.0 -8.95078230212 1.0
80.0 -8.9662416735 1.0
40.0 1.01931979916 0.0
0.0 -8.9520211405 1.0
186.0 1.7321980085 0.0
32.0 0.945738071654 0.0
43.0 1.08666372943 0.0
45.0 -9.04349577864 1.0
24.0 1.16308913831 0.0
114.0 1.001716598 0.0
177.0 -10.62859552 1.0
object 57	1.0:0.5 14.3327295126:0.5
145.0 14.3326757902 1.0
189.0 13.9261009003 1.0
30.0 14.3320129203 1.0
121.0 1.01192960716 0.0
18.0 14.348826626 1.0
177.0 12.2962798583 1.0
65.0 0.956384814513 0.0
154.0 0.981739549702 0.0
131.0 14.3184345752 1.0
143.0 1.05042486753 0.0
92.0 0.8914041555 0.0
187.0 1.20540801381 0.0
10.0 1.03212072517 0.0
88.0 0.965038900256 0.0
185.0 12.6704497425 1.0
71.0 0.969291673672 0.0
84.0 0.929459920695 0.0
52.0 14.3164542798 1.0
object 58	1.0:0.5 -16.0899533046:0.5
101.0 0.973700126742 0.0
118.0 -16.1301319947 1.0
32.0 1.05907461411 0.0
199.0 -18.5339066958 1.0
39.0 -16.0296558228 1.0
41.0 0.915897173872 0.0
74.0 0.922860427418 0.0
114.0 0.971039202512 0.0
18.0 1.05011393612 0.0
96.0 -16.0978654146 1.0
2.0 -16.0498377526 1.0
99.0 -16.0552982799 1.0
34.0 1.02216696436 0.0
139.0 -16.0712999449 1.0
61.0 -15.9926114782 1.0
92.0 1.04678535195 0.0
194.0 -4.46188179764 0.0
95.0 -16.0437268974 1.0
198.0 -11.7429604126 1.0
155.0 -16.1230308301 1.0
16.0 -16.0895854709 1.0
90.0 1.01629284732 0.0
143.0 -16.0611096272 1.0
9.0 0.981075117334 0.0
113.0 0.982927239796 0.0
193.0 1.29824174263 0.0
77.0 -16.0936800888 1.0
152.0 -16.1668904187 1.0
21.0 -16.0211698088 1.0
object 59	1.0:0.5 3.45644120451:0.5
180.0 1.63516925357 1.0
166.0 8.02878333513 1.0
167.0 1.10263528358 0.0
87.0 3.46297683575 1.0
100.0 3.48360485613 1.0
146.0 1.03257695632 0.0
68.0 0.993151303084 0.0
123.0 0.989798031934 0.0
92.0 0.947249034749 0.0
114.0 3.41670135539 1.0
72.0 3.38675467655 1.0
9.0 3.52848758511 1.0
134.0 0.985145967607 0.0
52.0 3.52042282044 1.0
182.0 2.6606572199 0.0
60.0 3.45417600778 1.0
49.0 0.991704008617 0.0
197.0 12.9096187933 1.0
70.0 1.08921251511 0.0
189.0 1.80125920372 0.0
177.0 5.41896135596 1.0
26.0 0.890260142316 0.0
6.0 1.07559450062 0.0
158.0 1.05354627987 0.0
58.0 3.44285286188 1.0
159.0 3.43910804686 1.0
object 60	1.0:0.5 1.16925645496:0.5
77.0 1.0038426337 0.0
93.0 1.19687745516 1.0
188.0 7.74518382096 1.0
173.0 -1.45747530533 1.0
68.0 0.934714844362 0.0
115.0 1.00087766567 0.0
31.0 1.2534702637 1.0
96.0 0.960349256953 0.0
130.0 1.07908968479 1.0
177.0 -1.17429406431 0.0
111.0 0.953646452326 0.0
132.0 1.18063872677 1.0
134.0 1.10825917073 0.0
30.0 0.910615526275 0.0
15.0 1.20400925616 1.0
176.0 -0.778045144802 1.0
97.0 0.952551156969 0.0
70.0 1.22322185188 1.0
49.0 1.18903168988 1.0
123.0 1.03840781662 0.0
61.0 1.22618169618 1.0
87.0 1.00237117663 0.0
27.0 1.22705812585 1.0
76.0 1.023404127 0.0
80.0 1.01707025515 0.0
10.0 1.17573068257 1.0
118.0 1.02139050601 0.0
65.0 1.00544036098 0.0
148.0 0.961150648779 0.0
186.0 7.12585678424 0.0
object 61	1.0:0.5 -20.970234639:0.5
135.0 -20.9968526618 1.0
181.0 -22.8282655758 1.0
65.0 -20.9056059456 1.0
97.0 0.965771824968 0.0
91.0 0.99122538026 0.0
21.0 0.940955266162 0.0
22.0 0.882750231935 0.0
178.0 0.445437497733 0.0
29.0 -21.0201356015 1.0
179.0 -1.36494875457 0.0
148.0 -20.8920150325 1.0
93.0 -20.9930632886 1.0
132.0 0.97890075103 0.0
94.0 -20.9917992661 1.0
107.0 0.875544243277 0.0
159.0 -20.9338288378 1.0
96.0 -20.9906119854 1.0
64.0 1.06647133911 0.0
10.0 -20.9657126294 1.0
185.0 7.39641035463 0.0
43.0 -21.04009976 1.0
133.0 1.02075164951 0.0
151.0 -20.9397942342 1.0
189.0 -20.7765287077 1.0
190.0 -26.2171156685 1.0
144.0 -20.9190856613 1.0
150.0 -20.9232699964 1.0
object 62	1.0:0.5 -1.76185171347:0.5
44.0 -1.70759270659 1.0
151.0 -1.74796165103 1.0
148.0 0.934375476277 0.0
162.0 4.20041373727 0.0
20.0 1.06288451253 0.0
147.0 1.05416670954 0.0
3.0 0.93040775253 0.0
119.0 1.02603259273 0.0
184.0 -2.67174637401 1.0
142.0 0.977489244389 0.0
41.0 -1.70953875563 1.0
91.0 -1.80339298635 1.0
109.0 -1.77268121646 1.0
145.0 0.962928567772 0.0
197.0 2.94114993048 0.0
52.0 0.925928911793 0.0
139.0 -1.76000256953 1.0
192.0 4.95044086332 0.0
48.0 1.06594871413 0.0
23.0 -1.74100563132 1.0
12.0 0.975018211018 0.0
180.0 -1.85115110704 0.0
143.0 0.958383131756 0.0
173.0 4.76445434785 0.0
57.0 1.03268687062 0.0
object 63	1.0:0.5 -2.83024682426:0.5
179.0 2.71751720875 0.0
155.0 1.029264147 0.0
61.0 -2.93048545407 1.0
93.0 0.9480030654 0.0
28.0 -2.82233151093 1.0
89.0 0.942820477651 0.0
24.0 0.957868788709 0.0
48.0 -2.90466976528 1.0
173.0 2.51208611224 0.0
90.0 1.07886622678 0.0
69.0 -2.85087723483 1.0
1.0 -2.82169703858 1.0
57.0 1.01380192421 0.0
53.0 -2.80084266281 1.0
27.0 -2.84182925745 1.0
103.0 0.966296852716 0.0
51.0 -2.82420199255 1.0
9.0 0.996666694899 0.0
159.0 1.05296637439 0.0
190.0 -2.94898251493 0.0
153.0 -2.83123072358 1.0
120.0 -2.97127237056 1.0
14.0 1.06724087001 0.0
102.0 -2.85062335132 1.0
101.0 -2.86228935812 1.0
10.0 -2.80049592619 1.0
72.0 -2.87106685682 1.0
107.0 1.03881670191 0.0
62.0 1.03399446015 0.0
94.0 0.949986986514 0.0
object 64	1.0:0.5 3.23538104421:0.5
153.0 0.981644239392 0.0
193.0 3.96822419394 1.0
43.0 0.971352161394 0.0
96.0 3.26442173152 1.0
162.0 5.57429610536 1.0
84.0 0.989157538333 0.0
24.0 3.21395451881 1.0
156.0 3.18242810766 1.0
15.0 0.962057391506 0.0
50.0 3.2694194056 1.0
123.0 1.00077304204 0.0
112.0 3.22483993121 1.0
140.0 3.210000551 1.0
121.0 3.28386802974 1.0
159.0 0.964806202254 0.0
189.0 3.04475668383 0.0
90.0 1.04428149029 0.0
14.0 1.03004664411 0.0
35.0 0.965459868471 0.0
199.0 -0.764678548613 0.0
12.0 0.964272125781 0.0
4.0 3.22058487534 1.0
120.0 3.20071216883 1.0
102.0 3.16242895687 1.0
173.0 -1.48270123089 1.0
object 65	1.0:0.5 9.89372958499:0.5
123.0 9.82740947718 1.0
73.0 0.991861589197 0.0
181.0 0.534603810632 0.0
79.0 1.11528601958 0.0
66.0 9.94029192836 1.0
17.0 9.93129065886 1.0
155.0 0.938085380715 0.0
38.0 9.99086955864 1.0
166.0 7.68357956404 1.0
134.0 9.92715655384 1.0
76.0 9.91064629845 1.0
60.0 1.02888152146 0.0
141.0 9.91757906293 1.0
9.0 0.979202472833 0.0
100.0 1.05189856125 0.0
64.0 0.978828940549 0.0
164.0 7.95051087549 0.0
197.0 16.2247432195 1.0
72.0 9.81642163339 1.0
194.0 14.9197382582 1.0
121.0 9.89850552211 1.0
184.0 12.1844782227 1.0
122.0 0.986158867613 0.0
162.0 0.780319166176 0.0
object 66	1.0:0.5 15.8709273381:0.5
14.0 15.7652898433 1.0
166.0 0.777698003478 0.0
199.0 14.1718423943 1.0
16.0 15.8907917746 1.0
108.0 0.970694208117 0.0
191.0 14.4734552106 1.0
106.0 0.933145059205 0.0
143.0 0.938566593397 0.0
44.0 15.9484008405 1.0
48.0 0.997550521785 0.0
195.0 1.04380339564 0.0
105.0 15.8530611205 1.0
193.0 12.2226942918 1.0
111.0 15.8761837134 1.0
109.0 0.985657837031 0.0
145.0 1.04710018803 0.0
15.0 0.956865543964 0.0
49.0 0.983655474839 0.0
110.0 1.07365267758 0.0
53.0 15.9318611552 1.0
190.0 9.24666288729 0.0
96.0 15.876416917 1.0
object 67	1.0:0.5 -6.7053985342:0.5
157.0 -6.75952543968 1.0
80.0 -6.76715819399 1.0
92.0 1.01348078624 0.0
168.0 -1.65052319378 0.0
43.0 1.00979813841 0.0
177.0 -7.42670282168 1.0
191.0 -10.8613171966 1.0
74.0 -6.68067578616 1.0
54.0 -6.70321368718 1.0
115.0 1.03183967615 0.0
42.0 -6.67541224579 1.0
152.0 1.01725561553 0.0
72.0 1.06613688923 0.0
188.0 -11.3405293152 1.0
86.0 1.00752982323 0.0
8.0 -6.78847800617 1.0
29.0 0.986630426798 0.0
118.0 1.03097672727 0.0
62.0 1.03965638731 0.0
52.0 1.00134031021 0.0
84.0 1.01506433387 0.0
100.0 0.989908140204 0.0
192.0 2.36537624347 0.0
71.0 -6.65386094161 1.0
object 68	1.0:0.5 23.8027924583:0.5
19.0 0.997655482249 0.0
80.0 1.04502511915 0.0
61.0 1.0395993985 0.0
102.0 0.984144277498 0.0
149.0 23.8345704407 1.0
24.0 23.7881887564 1.0
4.0 1.08041619169 0.0
6.0 1.00750273874 0.0
28.0 0.987419549504 0.0
47.0 0.967131266902 0.0
169.0 2.37102578944 0.0
113.0 23.7038885351 1.0
5.0 23.8244253966 1.0
125.0 0.98149103934 0.0
145.0 0.988551347038 0.0
164.0 -6.30401609094 0.0
20.0 23.7198147432 1.0
43.0 23.83321297 1.0
183.0 -0.508597631326 0.0
120.0 23.7976460455 1.0
185.0 3.68392613487 0.0
59.0 23.839918051 1.0
32.0 23.8434457946 1.0
64.0 1.0340514323 0.0
27.0 23.706504571 1.0
52.0 0.980550398054 0.0
60.0 1.09588430918 0.0
114.0 0.92121674051 0.0
191.0 -5.85443152156 0.0
153.0 1.04567231371 0.0
object 69	1.0:0.5 -1.12466879714:0.5
32.0 -1.19853379635 1.0
131.0 -1.17242871278 1.0
152.0 -1.12699184184 1.0
75.0 -1.17896361787 1.0
97.0 -1.15788071797 1.0
199.0 1.96829934188 0.0
93.0 -1.06804818567 1.0
149.0 -1.12402287024 1.0
196.0 -1.68071817666 0.0
1.0 0.938673792787 0.0
52.0 1.06276266753 0.0
84.0 0.967924463758 0.0
117.0 -1.18728240116 1.0
76.0 -1.13519614425 1.0
30.0 1.06471657841 0.0
55.0 1.01499659659 0.0
121.0 0.962595398725 0.0
12.0 1.11634809345 0.0
160.0 0.652737131347 1.0
74.0 -1.16047069758 1.0
object 70	1.0:0.5 4.29887506721:0.5
3.0 0.96572721491 0.0
151.0 0.970426598222 0.0
168.0 -4.91167228407 0.0
50.0 4.23109735006 1.0
194.0 3.77668209526 1.0
180.0 4.92835075753 1.0
144.0 4.28945194639 1.0
174.0 5.76627945805 1.0
154.0 4.25290927412 1.0
192.0 9.32070973351 0.0
19.0 1.02080388598 0.0
48.0 0.951763168211 0.0
57.0 4.26627636231 1.0
195.0 4.90070707244 1.0
76.0 4.2586057453 1.0
58.0 4.23491842253 1.0
18.0 4.35746391869 1.0
189.0 0.307290564699 0.0
59.0 4.27105182339 1.0
163.0 0.337143689168 0.0
110.0 0.994856762927 0.0
102.0 1.06158243115 0.0
23.0 1.02831459204 0.0
117.0 0.981099436834 0.0
24.0 0.950551062465 0.0
176.0 -1.12614026122 0.0
object 71	1.0:0.5 -11.9038577084:0.5
106.0 1.11974513289 0.0
14.0 -11.8842402091 1.0
146.0 -11.8124051629 1.0
97.0 1.08257878544 0.0
139.0 -11.859842252 1.0
179.0 -15.0075985306 1.0
167.0 3.2007826732 0.0
20.0 -11.9520286725 1.0
77.0 1.0880404847 0.0
120.0 -11.8996151613 1.0
145.0 0.962617138402 0.0
154.0 -11.8805369118 1.0
136.0 0.944840529353 0.0
18.0 -11.8765830497 1.0
9.0 1.02926537633 0.0
81.0 1.01414453769 0.0
3.0 1.0201514178 0.0
157.0 -11.8418998734 1.0
55.0 0.981668143448 0.0
39.0 0.991891369832 0.0
102.0 -11.9700064559 1.0
13.0 -11.8849008293 1.0
122.0 0.992211750373 0.0
64.0 -11.8471281996 1.0
117.0 -11.9086169442 1.0
169.0 1.82431953246 0.0
190.0 1.64147468055 0.0
186.0 2.37245961626 0.0
150.0 1.02918884242 0.0
176.0 -11.1203218083 1.0
63.0 -11.8793012568 1.0
92.0 0.982537651225 0.0
108.0 -11.8254065556 1.0
38.0 -11.9213490398 1.0
87.0 1.03862039533 0.0
93.0 -11.852508383 1.0
74.0 0.987714833115 0.0
183.0 10.0346431057 0.0
90.0 0.964657765 0.0
197.0 -3.42852427378 0.0
object 72	1.0:0.5 -0.321803691275:0.5
27.0 0.949422160311 0.0
41.0 1.0561767084 0.0
3.0 0.871501874212 0.0
32.0 0.942689294973 0.0
173.0 3.59521266289 0.0
107.0 -0.325013901459 1.0
66.0 -0.253545552873 1.0
19.0 -0.357131220069 1.0
78.0 -0.334213825744 1.0
81.0 0.962238760487 0.0
82.0 -0.436548859854 1.0
89.0 0.994679008243 0.0
68.0 -0.298281379006 1.0
50.0 -0.299353181041 1.0
69.0 1.07476998803 0.0
17.0 -0.316331243806 1.0
24.0 0.921297008263 0.0
136.0 1.00344717889 0.0
131.0 0.929451489096 0.0
64.0 -0.389012638621 1.0
39.0 1.15834907567 0.0
199.0 1.12302754987 1.0
124.0 0.977001497421 0.0
7.0 1.02031597204 0.0
object 73	1.0:0.5 4.67836451191:0.5
155.0 0.948151613412 0.0
150.0 4.71689932303 1.0
105.0 4.63014166575 1.0
165.0 13.5962555271 1.0
166.0 6.6447689178 1.0
3.0 4.62665262609 1.0
186.0 10.02486659 1.0
115.0 1.02043046597 0.0
59.0 4.73353846253 1.0
71.0 4.65318883219 1.0
169.0 1.69163482832 0.0
119.0 4.56890649678 1.0
104.0 1.03166736248 0.0
172.0 1.9560073785 0.0
176.0 3.82548081551 1.0
193.0 0.108217739627 0.0
9.0 4.53740314165 1.0
134.0 0.978735192127 0.0
133.0 1.01112408657 0.0
30.0 1.07170265765 0.0
184.0 4.21408855762 1.0
50.0 4.64443153126 1.0
102.0 4.6831076869 1.0
62.0 0.986104621212 0.0
25.0 4.66950690743 1.0
41.0 1.0346156921 0.0
7.0 4.67074691792 1.0
69.0 1.00440757378 0.0
126.0 4.69449518855 1.0
167.0 3.56518168531 0.0
107.0 4.72203514696 1.0
175.0 2.64895244769 0.0
108.0 4.65543001029 1.0
object 74	1.0:0.5 -4.25561676062:0.5
42.0 -4.2671185368 1.0
109.0 0.931601136702 0.0
133.0 1.06615801652 0.0
166.0 1.31204226657 0.0
3.0 0.968030931741 0.0
91.0 -4.23730651217 1.0
186.0 -6.04491206419 1.0
14.0 1.0023509479 0.0
183.0 -10.1996323136 1.0
27.0 0.908437402493 0.0
194.0 -8.8817634273 1.0
146.0 0.93366865567 0.0
137.0 1.00589097995 0.0
134.0 -4.20363029778 1.0
97.0 -4.28204833933 1.0
108.0 -4.22360052965 1.0
49.0 0.905699474491 0.0
142.0 -4.24735416816 1.0
64.0 -4.28580924655 1.0
33.0 -4.23030420179 1.0
58.0 -4.26903101781 1.0
23.0 -4.24756603209 1.0
28.0 -4.26881722404 1.0
object 75	1.0:0.5 -3.21668593094:0.5
121.0 1.01125373316 0.0
50.0 0.982675407046 0.0
19.0 -3.25337455611 1.0
5.0 1.01322155703 0.0
150.0 -3.23139136903 1.0
11.0 0.950104025767 0.0
154.0 0.950757107894 0.0
12.0 -3.35481449005 1.0
16.0 -3.22301809388 1.0
94.0 1.05942893944 0.0
119.0 1.00798729503 0.0
39.0 -3.17017906512 1.0
177.0 -4.27627346845 1.0
122.0 -3.24439901472 1.0
166.0 -6.97131872098 1.0
158.0 0.972789578954 0.0
63.0 1.00868246724 0.0
61.0 0.978136404729 0.0
131.0 1.00908624915 0.0
127.0 1.00595147508 0.0
18.0 0.950312342432 0.0
162.0 -1.50187805666 1.0
102.0 0.987402141213 0.0
116.0 1.00283836893 0.0
71.0 -3.24823633375 1.0
178.0 3.87279570423 0.0
199.0 3.39493375234 0.0
8.0 1.05739934248 0.0
object 76	1.0:0.5 -11.1203593488:0.5
107.0 -11.1347135632 1.0
141.0 -11.1787203901 1.0
0.0 -11.1237685549 1.0
85.0 0.957304529379 0.0
161.0 2.24608374417 0.0
177.0 -9.68944070696 1.0
112.0 1.05356744568 0.0
88.0 -11.1188475326 1.0
37.0 1.02765130028 0.0
151.0 0.998009432519 0.0
179.0 -6.5871790655 1.0
35.0 1.03632946245 0.0
41.0 1.10634109205 0.0
173.0 -0.927220487087 0.0
19.0 -11.1372072644 1.0
76.0 1.01398632309 0.0
59.0 -11.0817481646 1.0
105.0 1.04069494353 0.0
65.0 -11.1298788824 1.0
97.0 0.98696880734 0.0
154.0 -11.1071822006 1.0
129.0 0.998120441058 0.0
object 77	1.0:0.5 22.1914435406:0.5
18.0 22.2665459832 1.0
111.0 22.1363066983 1.0
25.0 22.2295356232 1.0
126.0 1.03932849244 0.0
6.0 22.1975789764 1.0
4.0 22.1914162063 1.0
158.0 22.2244222653 1.0
16.0 22.2574624985 1.0
54.0 0.998734066747 0.0
114.0 22.1974988671 1.0
47.0 0.998954026904 0.0
145.0 0.988666301527 0.0
23.0 22.2339641021 1.0
103.0 22.1848848743 1.0
156.0 0.993865318602 0.0
1.0 22.2593511271 1.0
171.0 20.0931481144 1.0
151.0 1.067715792 0.0
164.0 3.25091985265 0.0
63.0 1.07798153023 0.0
106.0 22.1873246203 1.0
102.0 22.2663249587 1.0
109.0 22.103320576 1.0
0.0 22.1912739546 1.0
77.0 0.936531703984 0.0
188.0 18.3008390575 1.0
181.0 -0.00113947652941 0.0
150.0 1.00246118721 0.0
169.0 22.6276669018 1.0
26.0 22.1563522176 1.0
140.0 22.166992752 1.0
174.0 22.3847487685 1.0
184.0 2.52558099639 0.0
object 78	1.0:0.5 -13.1113934814:0.5
144.0 0.981390226653 0.0
86.0 0.991361342902 0.0
150.0 -13.1254004504 1.0
190.0 -8.41010102215 1.0
197.0 1.35187848514 0.0
123.0 -13.0523276522 1.0
38.0 0.97197946356 0.0
148.0 -13.105811084 1.0
176.0 0.307365031523 0.0
85.0 -13.0311166695 1.0
182.0 10.3670974902 0.0
139.0 -13.119787779 1.0
141.0 -13.1771265262 1.0
151.0 -13.0310028746 1.0
119.0 1.0489494716 0.0
16.0 1.01562218062 0.0
33.0 1.04340265159 0.0
49.0 1.04267115019 0.0
25.0 0.959362955568 0.0
154.0 0.934236683685 0.0
153.0 -13.0883098108 1.0
134.0 0.987067248172 0.0
177.0 -14.5754717631 1.0
50.0 0.9647075571 0.0
187.0 -0.652057796315 0.0
object 79	1.0:0.5 -1.33118775148:0.5
62.0 0.886809383718 0.0
104.0 -1.41162035755 1.0
138.0 -1.30526475466 1.0
173.0 6.61532075809 0.0
136.0 0.902936451248 0.0
51.0 -1.38936971863 1.0
101.0 1.01040236904 0.0
4.0 -1.27379324259 1.0
60.0 -1.40917767057 1.0
120.0 -1.40212426152 1.0
85.0 0.990455430997 0.0
189.0 0.0747347969728 0.0
124.0 1.00728695302 0.0
194.0 1.00608845219 1.0
5.0 -1.28678421351 1.0
150.0 1.02413559113 0.0
11.0 1.02218551689 0.0
199.0 0.514000622202 1.0
23.0 -1.35216180797 1.0
88.0 -1.36785408289 1.0
184.0 0.00429861534252 1.0
object 80	1.0:0.5 17.9855961466:0.5
85.0 0.976669393882 0.0
63.0 17.9870042747 1.0
110.0 18.0598268024 1.0
157.0 18.0045707155 1.0
9.0 17.9156846734 1.0
195.0 1.81137978505 0.0
179.0 3.88098852666 0.0
159.0 18.0541637342 1.0
108.0 17.9560989427 1.0
11.0 0.943884221774 0.0
21.0 17.9513952902 1.0
73.0 17.946707101 1.0
196.0 1.60937744798 0.0
32.0 1.04123700526 0.0
162.0 17.0042720986 1.0
152.0 0.951311061454 0.0
93.0 17.977393542 1.0
119.0 17.9629543674 1.0
128.0 0.931857488556 0.0
17.0 1.08128649358 0.0
121.0 17.9231982875 1.0
192.0 12.7234871125 1.0
137.0 0.993728643561 0.0
84.0 1.06543114954 0.0
object 81	1.0:0.5 -10.0798094893:0.5
98.0 1.04223975964 0.0
171.0 1.18100736542 0.0
49.0 0.970203212123 0.0
153.0 0.958562136245 0.0
92.0 -10.1139163291 1.0
59.0 -10.0220159711 1.0
81.0 0.945137002229 0.0
76.0 1.02708214355 0.0
75.0 1.06775601405 0.0
154.0 1.01715299431 0.0
15.0 1.00663047852 0.0
176.0 -10.1461114293 1.0
27.0 -10.1409290979 1.0
130.0 -10.1918094651 1.0
179.0 -6.12549153456 1.0
86.0 1.02308363685 0.0
104.0 0.966752406217 0.0
84.0 1.09628691347 0.0
36.0 -10.0973733139 1.0
161.0 3.47931301605 0.0
196.0 -10.7977055332 1.0
object 82	1.0:0.5 2.27454114531:0.5
50.0 2.27442836196 1.0
57.0 1.0272250492 0.0
61.0 0.936852044443 0.0
25.0 0.941247622292 0.0
125.0 1.02387162178 0.0
131.0 1.06150264513 0.0
195.0 -0.0389626429482 0.0
75.0 2.32168732775 1.0
68.0 2.29379075401 1.0
45.0 0.992365078575 0.0
143.0 1.05445289582 0.0
136.0 2.30968301835 1.0
194.0 6.17052100797 0.0
172.0 2.3031785754 1.0
159.0 0.880922892751 0.0
152.0 2.3925953637 1.0
167.0 2.33288588592 1.0
86.0 2.28227409092 1.0
165.0 4.53352475713 1.0
163.0 1.14647968975 1.0
124.0 2.15972357682 1.0
164.0 -5.72130250594 0.0
168.0 1.11658388612 1.0
157.0 1.12599421411 0.0
84.0 0.928995919098 0.0
object 83	1.0:0.5 2.4455994979:0.5
92.0 2.5458798153 1.0
110.0 0.967287620349 0.0
81.0 0.971703024347 0.0
171.0 2.23721976294 1.0
186.0 -0.128142854914 0.0
10.0 1.06126306094 0.0
143.0 1.01106777359 0.0
139.0 2.4025150114 1.0
69.0 2.42772170815 1.0
141.0 1.00248085539 0.0
183.0 6.06664683319 1.0
131.0 0.954111297404 0.0
9.0 2.43718932646 1.0
27.0 2.55614868217 1.0
198.0 -13.9179745134 0.0
101.0 0.94900998177 0.0
167.0 1.58458300999 1.0
49.0 2.35758805273 1.0
object 84	1.0:0.5 -12.4564211764:0.5
25.0 -12.4630601447 1.0
150.0 -12.4216623451 1.0
82.0 -12.4509793854 1.0
115.0 0.98538901969 0.0
145.0 0.999975869622 0.0
18.0 -12.3745585291 1.0
149.0 1.20603334821 0.0
91.0 -12.3897264473 1.0
30.0 -12.4414926124 1.0
28.0 0.934646707787 0.0
108.0 1.03473754794 0.0
97.0 1.01807093354 0.0
31.0 0.95885871692 0.0
141.0 -12.452994337 1.0
6.0 -12.4446829695 1.0
147.0 -12.3580111887 1.0
167.0 -13.1170956885 1.0
163.0 2.59192737017 0.0
83.0 1.04404021424 0.0
109.0 -12.4668601342 1.0
184.0 -9.93714704975 1.0
158.0 1.0452320739 0.0
72.0 1.03608996488 0.0
53.0 -12.4041285176 1.0
86.0 -12.4369626293 1.0
51.0 -12.5054990683 1.0
103.0 -12.472667293 1.0
24.0 1.05042243816 0.0
190.0 -4.47147764616 1.0
121.0 -12.4127918313 1.0
122.0 -12.4822813918 1.0
161.0 2.1832672397 0.0
195.0 -10.6907953683 1.0
object 85	1.0:0.5 1.16692660356:0.5
7.0 1.13025689037 1.0
51.0 1.15274015154 1.0
110.0 1.02728754164 0.0
85.0 1.12671622121 1.0
10.0 1.13423151891 1.0
135.0 0.919390655961 0.0
74.0 0.912291739475 0.0
28.0 1.20927732938 1.0
23.0 0.97111720591 0.0
72.0 1.14064580032 1.0
5.0 1.1945563418 1.0
31.0 0.982287056559 0.0
155.0 0.980796783423 0.0
194.0 -0.0397424626423 1.0
195.0 -0.81951507128 1.0
128.0 1.19018356237 1.0
193.0 1.36069170536 1.0
188.0 2.01992062723 1.0
21.0 1.01886749917 0.0
151.0 0.99697783358 0.0
132.0 1.16419085759 1.0
39.0 1.19713093934 1.0
114.0 1.10692940448 1.0
34.0 0.846261224701 0.0
161.0 0.010576128431 1.0
0.0 1.24421627994 1.0
object 86	1.0:0.5 -6.19246882428:0.5
22.0 -6.18081182163 1.0
117.0 -6.18183941688 1.0
176.0 3.06530652671 0.0
199.0 -8.41378430739 1.0
9.0 0.949538305644 0.0
116.0 1.14896029635 0.0
65.0 1.05465351916 0.0
1.0 -6.15350251028 1.0
85.0 1.00287132483 0.0
88.0 0.97470541261 0.0
101.0 -6.12401563443 1.0
2.0 -6.14888274526 1.0
170.0 -3.98487542246 0.0
66.0 0.97622320669 0.0
121.0 -6.1538405809 1.0
161.0 -0.113180993953 0.0
41.0 0.961222295554 0.0
78.0 -6.22272835397 1.0
197.0 0.480525467706 0.0
54.0 0.941740124836 0.0
181.0 -3.05766084937 1.0
86.0 1.03262406072 0.0
154.0 -6.24512282146 1.0
89.0 0.96317099494 0.0
135.0 -6.08823216064 1.0
29.0 1.01171535589 0.0
145.0 -6.1562051559 1.0
115.0 -6.12179476711 1.0
4.0 1.01045277758 0.0
112.0 -6.16700904141 1.0
object 87	1.0:0.5 14.3209630717:0.5
195.0 13.3752510005 1.0
81.0 0.953316602074 0.0
178.0 13.7812695193 1.0
187.0 3.37705889117 0.0
89.0 14.3777822292 1.0
61.0 14.290859231 1.0
70.0 0.907262768046 0.0
55.0 14.401841172 1.0
172.0 3.09091025879 0.0
106.0 1.02493199085 0.0
189.0 14.0452428513 1.0
196.0 4.49205716528 0.0
74.0 0.953510976814 0.0
146.0 1.04588259765 0.0
103.0 14.2881046766 1.0
82.0 0.986526244766 0.0
95.0 0.975405391205 0.0
147.0 14.3608910181 1.0
141.0 14.2826287998 1.0
79.0 0.962880772302 0.0
112.0 14.3529220739 1.0
177.0 0.281583475021 0.0
144.0 1.02915918123 0.0
161.0 12.000413028 1.0
190.0 9.11649797901 0.0
180.0 5.02665687225 0.0
188.0 13.9952120114 1.0
156.0 0.932519637996 0.0
object 88	1.0:0.5 -5.3411423126:0.5
95.0 -5.29947603885 1.0
57.0 -5.31224286083 1.0
188.0 -3.71868510809 1.0
182.0 -2.99645786065 1.0
6.0 -5.31417657565 1.0
92.0 -5.36317958438 1.0
34.0 0.891661356703 0.0
64.0 -5.28925464569 1.0
166.0 5.25780646553 0.0
158.0 -5.40206465284 1.0
65.0 0.939273244411 0.0
11.0 -5.33088407295 1.0
143.0 -5.36837849624 1.0
151.0 -5.25011624515 1.0
154.0 -5.27055458705 1.0
71.0 0.992050834091 0.0
161.0 3.14755817873 0.0
138.0 -5.3272966253 1.0
89.0 -5.4168634039 1.0
108.0 0.937202073251 0.0
122.0 0.976770061961 0.0
194.0 0.801856700858 1.0
176.0 -5.28690714959 1.0
object 89	1.0:0.5 1.45907529201:0.5
192.0 11.1780218677 1.0
51.0 1.33866519369 1.0
64.0 1.42421457582 1.0
174.0 -1.14852882494 0.0
86.0 1.47067925327 1.0
47.0 1.44661850561 1.0
159.0 1.03862519604 0.0
166.0 5.60486578693 0.0
84.0 0.979748071293 0.0
65.0 0.919589047414 0.0
139.0 0.97801219525 0.0
151.0 1.07666983941 0.0
40.0 0.984664987109 0.0
0.0 0.94309157193 0.0
186.0 4.80253361519 0.0
168.0 1.05342229015 1.0
3.0 1.03594275816 0.0
100.0 1.39443893698 1.0
23.0 1.49319070553 1.0
105.0 1.43770967439 1.0
71.0 0.986537913019 0.0
93.0 0.994119286205 0.0
72.0 1.53755170581 1.0
59.0 1.12989664569 0.0
object 90	1.0:0.5 2.83195149687:0.5
191.0 -0.130847199072 1.0
6.0 2.76813660654 1.0
34.0 2.88563021982 1.0
93.0 0.985544073356 0.0
30.0 1.02290869234 0.0
123.0 2.77869350577 1.0
161.0 3.33567915838 1.0
94.0 1.08515337876 0.0
99.0 2.82034877919 1.0
13.0 1.04184484835 0.0
47.0 2.83442565758 1.0
38.0 0.986818029185 0.0
97.0 2.84878557271 1.0
111.0 2.85013407041 1.0
8.0 0.982825517784 0.0
67.0 0.966530920545 0.0
28.0 0.923032083905 0.0
75.0 0.934528763678 0.0
25.0 2.80651919328 1.0
138.0 0.962092302956 0.0
134.0 0.994087521974 0.0
71.0 1.07713976253 0.0
68.0 0.947453418401 0.0
157.0 0.980950277437 0.0
125.0 2.86229511271 1.0
object 91	1.0:0.5 5.68226798971:0.5
24.0 0.969286485288 0.0
155.0 5.74183287982 1.0
45.0 0.991779213341 0.0
97.0 5.73062803547 1.0
108.0 1.02248448658 0.0
113.0 1.03672990418 0.0
116.0 0.983162739692 0.0
110.0 5.66438312607 1.0
88.0 5.72037003728 1.0
36.0 5.68031947209 1.0
53.0 1.05196309166 0.0
135.0 0.977193922143 0.0
84.0 5.6395951398 1.0
55.0 1.02974434459 0.0
72.0 5.6577353041 1.0
98.0 5.74960155717 1.0
65.0 1.09513198449 0.0
168.0 6.0805338373 1.0
189.0 5.59029222095 1.0
167.0 1.09346576858 0.0
0.0 0.932264183102 0.0
194.0 -0.647088849144 0.0
176.0 2.69274026192 0.0
90.0 1.05576924613 0.0
object 92	1.0:0.5 20.7580098866:0.5
81.0 20.6889508559 1.0
164.0 26.5874244403 1.0
138.0 20.7333143143 1.0
176.0 0.305761986808 0.0
66.0 1.02017543857 0.0
118.0 0.978483592634 0.0
31.0 0.952026882192 0.0
71.0 20.7333529035 1.0
10.0 1.02669915131 0.0
116.0 20.7157767967 1.0
96.0 1.05797559127 0.0
14.0 0.946169490539 0.0
147.0 0.991681621256 0.0
145.0 1.00098892922 0.0
78.0 20.7029214359 1.0
124.0 0.982865042095 0.0
92.0 0.983679433165 0.0
156.0 20.7768995992 1.0
189.0 19.6670631699 1.0
182.0 -1.73728181462 0.0
132.0 20.8270010796 1.0
object 93	1.0:0.5 -2.72529390936:0.5
101.0 0.956700121724 0.0
159.0 1.05184589173 0.0
97.0 0.986052110165 0.0
199.0 -0.943590830721 0.0
184.0 -0.821831307147 1.0
51.0 1.0241178518 0.0
121.0 -2.68843352905 1.0
86.0 -2.69127249353 1.0
155.0 -2.72842410662 1.0
13.0 -2.67542070238 1.0
126.0 -2.63381957067 1.0
140.0 -2.68512121445 1.0
180.0 0.54510373868 0.0
36.0 0.954188735766 0.0
32.0 0.929934217183 0.0
106.0 0.936003134984 0.0
188.0 -5.65526531411 1.0
object 94	1.0:0.5 -4.4203840197:0.5
192.0 2.58028334266 1.0
69.0 0.97075639586 0.0
175.0 -7.75784514537 1.0
20.0 0.987783576178 0.0
50.0 0.877838779416 0.0
71.0 -4.43801801776 1.0
82.0 1.03757651338 0.0
91.0 0.970009933524 0.0
121.0 -4.43995596247 1.0
37.0 -4.46477743484 1.0
48.0 0.994963324169 0.0
16.0 -4.40114754535 1.0
196.0 0.673954105113 0.0
152.0 0.941793298716 0.0
63.0 -4.51376215499 1.0
38.0 1.00376519707 0.0
66.0 -4.44160418686 1.0
147.0 0.934378587218 0.0
157.0 -4.45526817103 1.0
183.0 1.18733380041 1.0
125.0 -4.46668886048 1.0
62.0 0.985953350444 0.0
object 95	1.0:0.5 4.57284182289:0.5
19.0 4.55891140414 1.0
55.0 1.15119223746 0.0
176.0 1.44821773562 1.0
147.0 0.983543144427 0.0
36.0 4.55061945481 1.0
121.0 0.985792692842 0.0
180.0 3.86780957089 1.0
143.0 0.978663276049 0.0
91.0 1.09752799427 0.0
114.0 4.6373202785 1.0
45.0 4.53469151385 1.0
17.0 1.03901712406 0.0
193.0 -1.55710883791 0.0
1.0 0.966145809655 0.0
160.0 0.27299689767 0.0
13.0 4.56187525227 1.0
87.0 4.58891547087 1.0
126.0 4.62215547317 1.0
object 96	1.0:0.5 8.93127637021:0.5
68.0 8.86262105924 1.0
132.0 9.00003705441 1.0
53.0 8.98004023629 1.0
5.0 8.94667487485 1.0
102.0 8.93557683218 1.0
33.0 8.94814468649 1.0
90.0 8.94715468906 1.0
135.0 8.92408263996 1.0
24.0 8.89356009878 1.0
106.0 0.935391177748 0.0
171.0 0.826417709646 0.0
91.0 0.955507956059 0.0
187.0 1.73452552488 0.0
81.0 0.98565026782 0.0
162.0 8.37119671437 1.0
88.0 8.87312793034 1.0
67.0 0.938112863533 0.0
66.0 1.02530994425 0.0
168.0 4.94970275574 0.0
136.0 1.01105084026 0.0
35.0 8.99870072939 1.0
178.0 7.59063497818 1.0
181.0 2.94117986757 0.0
4.0 1.05104884486 0.0
108.0 8.95294007616 1.0
156.0 8.8627456133 1.0
116.0 8.8890683597 1.0
143.0 1.03707851584 0.0
119.0 8.97619492625 1.0
object 97	1.0:0.5 0.858605208687:0.5
141.0 0.786797816958 1.0
28.0 0.856903338459 1.0
51.0 0.791797766062 1.0
109.0 0.84852751991 1.0
140.0 0.782538326485 1.0
73.0 1.00190074215 0.0
55.0 0.979408686703 0.0
155.0 1.15626202341 0.0
172.0 3.4684819723 0.0
199.0 0.612893653871 1.0
113.0 0.774390466833 1.0
80.0 0.967136649461 1.0
24.0 0.792508822624 1.0
197.0 3.91281981713 0.0
126.0 1.02028482819 0.0
95.0 0.877846939944 1.0
59.0 0.984977589921 0.0
164.0 -0.374110745311 0.0
9.0 0.81626482468 1.0
50.0 1.02508735604 0.0
96.0 1.06105846955 0.0
144.0 0.765878518556 1.0
89.0 1.02737544219 0.0
0.0 1.03207150264 0.0
object 98	1.0:0.5 -0.178379592132:0.5
17.0 1.01014765414 0.0
138.0 -0.178682581793 1.0
6.0 0.905758159478 0.0
57.0 1.08856570343 0.0
188.0 2.46096314789 1.0
189.0 1.05290681604 0.0
20.0 -0.176534437549 1.0
104.0 -0.184574234692 1.0
80.0 -0.186117529908 1.0
13.0 0.965392688831 0.0
71.0 -0.105862948276 1.0
39.0 -0.209541391959 1.0
178.0 -2.40514650051 0.0
24.0 0.985012482568 0.0
88.0 -0.0634939069282 1.0
152.0 1.07527582505 0.0
171.0 -2.33278653925 0.0
114.0 0.949629870917 0.0
44.0 -0.176424814641 1.0
148.0 0.911082128081 0.0
111.0 -0.139336564155 1.0
165.0 -0.871672277257 1.0
27.0 1.00904355795 0.0
11.0 -0.189466593308 1.0
173.0 2.05922714855 1.0
199.0 3.59016892928 1.0
96.0 -0.192271160654 1.0
92.0 1.08484555598 0.0
42.0 1.0415256275 0.0
50.0 -0.232352229485 1.0
5.0 -0.134396310351 1.0
55.0 -0.205677968001 1.0
198.0 -0.563859478832 0.0
131.0 1.1091595674 0.0
object 99	1.0:0.5 0.52440423663:0.5
63.0 1.04449262586 0.0
42.0 0.617985701188 1.0
129.0 1.04757761035 0.0
29.0 0.977614644857 0.0
101.0 0.932975758822 0.0
196.0 2.76580824524 1.0
147.0 0.972559079032 0.0
127.0 0.59376212734 1.0
34.0 0.480922882649 1.0
158.0 0.456974902703 1.0
30.0 1.0003198157 0.0
102.0 0.460368113806 1.0
56.0 0.570007929922 1.0
174.0 -2.0909497695 1.0
163.0 -0.996261208402 1.0
