object 0	1.0:1.0
155.0 1.02453336004 1.0
90.0 0.992803406454 1.0
97.0 0.988841009894 1.0
189.0 -0.82121544406 1.0
12.0 0.985980803469 1.0
object 1	1.0:1.0
21.0 1.02474440619 1.0
85.0 1.04639135714 1.0
108.0 1.03417621982 1.0
157.0 0.953692507956 1.0
115.0 1.01395785851 1.0
30.0 1.01378245022 1.0
3.0 0.98365009013 1.0
10.0 1.11701959353 1.0
197.0 -0.282350948271 1.0
121.0 1.03397678599 1.0
object 2	1.0:1.0
40.0 0.914386915726 1.0
48.0 0.94935366578 1.0
173.0 1.02921562677 1.0
52.0 1.00843488457 1.0
object 3	1.0:1.0
147.0 0.92392940302 1.0
146.0 1.00272836608 1.0
154.0 1.0159381335 1.0
127.0 0.981651136447 1.0
38.0 1.04220655224 1.0
105.0 0.990495257371 1.0
object 4	1.0:1.0
166.0 0.990994407648 1.0
151.0 1.00648746629 1.0
178.0 1.04370899794 1.0
16.0 0.968729702397 1.0
108.0 1.07549150935 1.0
66.0 0.955566072913 1.0
object 5	1.0:1.0
36.0 0.991344670909 1.0
187.0 2.18365904274 1.0
77.0 1.03635441254 1.0
31.0 1.00861424052 1.0
156.0 0.963812043628 1.0
object 6	1.0:1.0
1.0 1.00928473132 1.0
64.0 1.00627045686 1.0
85.0 0.982097250066 1.0
object 7	1.0:1.0
89.0 1.00140092818 1.0
66.0 0.992490732166 1.0
148.0 1.00007253826 1.0
object 8	1.0:1.0
27.0 1.00930531245 1.0
157.0 1.02189685239 1.0
45.0 1.04578875345 1.0
object 9	1.0:1.0
168.0 1.0204311434 1.0
116.0 0.998675112321 1.0
42.0 0.930362229519 1.0
8.0 0.992358367681 1.0
object 10	1.0:1.0
72.0 0.993113075861 1.0
117.0 1.0237971699 1.0
57.0 1.0155654074 1.0
99.0 0.914898821432 1.0
11.0 0.989454797929 1.0
85.0 1.01472646152 1.0
object 11	1.0:1.0
16.0 0.922058685078 1.0
33.0 0.995011066484 1.0
151.0 1.01647441492 1.0
192.0 -1.00019710287 1.0
108.0 1.11071763794 1.0
43.0 1.06313500514 1.0
object 12	1.0:1.0
89.0 1.01090468684 1.0
72.0 1.00615685548 1.0
122.0 1.0001881828 1.0
64.0 1.0134974367 1.0
134.0 1.0172840268 1.0
object 13	1.0:1.0
112.0 1.01645275223 1.0
70.0 1.01845039041 1.0
21.0 0.974220078114 1.0
158.0 0.968265173315 1.0
171.0 0.98590630567 1.0
146.0 0.985413977439 1.0
77.0 1.01324460247 1.0
object 14	1.0:1.0
146.0 1.01771795349 1.0
42.0 0.998992586388 1.0
57.0 0.983604642398 1.0
173.0 1.00540323407 1.0
75.0 0.992642901551 1.0
object 15	1.0:1.0
187.0 4.96909926022 1.0
178.0 1.0111973808 1.0
184.0 -0.00857885491086 1.0
14.0 0.983991129398 1.0
74.0 1.04820776366 1.0
109.0 0.962431198881 1.0
object 16	1.0:1.0
117.0 0.996366850763 1.0
28.0 0.983389660754 1.0
197.0 3.26200892533 1.0
19.0 1.00589839715 1.0
155.0 1.04050735018 1.0
186.0 4.15502769504 1.0
10.0 1.08772736385 1.0
5.0 1.10952897728 1.0
object 17	1.0:1.0
125.0 0.997798355518 1.0
142.0 0.995399588908 1.0
64.0 1.01972338212 1.0
166.0 0.984815527317 1.0
154.0 1.00480121081 1.0
11.0 1.01404897853 1.0
object 18	1.0:1.0
166.0 0.990338753874 1.0
198.0 -1.11280034291 1.0
97.0 1.01465005535 1.0
99.0 1.01231803971 1.0
38.0 1.0116298401 1.0
object 19	1.0:1.0
152.0 1.06060129726 1.0
68.0 1.00979576169 1.0
161.0 1.00118683098 1.0
199.0 -2.30543094734 1.0
object 20	1.0:1.0
139.0 0.992721319847 1.0
23.0 0.958983738137 1.0
29.0 1.03521401977 1.0
174.0 1.05426238926 1.0
48.0 0.981775495312 1.0
176.0 0.992370177875 1.0
183.0 3.39781685753 1.0
object 21	1.0:1.0
153.0 0.981593672491 1.0
56.0 0.997071941644 1.0
146.0 1.0077623634 1.0
173.0 0.970400965051 1.0
199.0 1.82436349321 1.0
152.0 1.01247117752 1.0
9.0 0.972066977675 1.0
object 22	1.0:1.0
19.0 1.02900682492 1.0
115.0 1.0071090655 1.0
172.0 1.02725665879 1.0
108.0 0.978921348246 1.0
112.0 0.982638819725 1.0
object 23	1.0:1.0
178.0 1.04391330235 1.0
15.0 1.01676133449 1.0
33.0 1.05778885495 1.0
object 24	1.0:1.0
122.0 0.968289962493 1.0
132.0 1.02614016725 1.0
174.0 0.976577369632 1.0
182.0 -6.00244841378 1.0
7.0 0.90544838496 1.0
object 25	1.0:1.0
110.0 0.995539684841 1.0
158.0 1.02566514943 1.0
120.0 0.994986996139 1.0
object 26	1.0:1.0
112.0 1.0134914342 1.0
102.0 1.08619868626 1.0
98.0 1.06143695214 1.0
46.0 1.0391320591 1.0
115.0 0.999117657418 1.0
124.0 1.02454929799 1.0
23.0 1.00032267873 1.0
172.0 1.03202289463 1.0
object 27	1.0:1.0
68.0 0.969119529078 1.0
0.0 0.979751372218 1.0
186.0 6.17236521563 1.0
140.0 0.957850358984 1.0
105.0 1.0193048616 1.0
82.0 1.00710155719 1.0
74.0 1.01070151158 1.0
48.0 0.924199057627 1.0
object 28	1.0:1.0
78.0 0.964543508907 1.0
162.0 1.00335465292 1.0
72.0 0.988428049694 1.0
156.0 0.998522449422 1.0
177.0 0.964800055662 1.0
object 29	1.0:1.0
179.0 0.94540013711 1.0
17.0 0.972115083061 1.0
176.0 1.04573809207 1.0
74.0 0.959798845142 1.0
70.0 0.980735332981 1.0
102.0 0.919627112162 1.0
111.0 0.988612653757 1.0
167.0 1.05626564537 1.0
42.0 1.06146766338 1.0
object 30	1.0:1.0
59.0 0.958647679979 1.0
103.0 0.992573602741 1.0
75.0 0.969094277881 1.0
object 31	1.0:1.0
48.0 1.02017215539 1.0
190.0 -2.23657524331 1.0
25.0 0.933522947056 1.0
126.0 1.04601838489 1.0
129.0 0.953746115441 1.0
101.0 0.962381168681 1.0
27.0 0.992237068125 1.0
object 32	1.0:1.0
192.0 3.15754772696 1.0
174.0 0.94071593926 1.0
98.0 0.943527876258 1.0
129.0 0.976617739315 1.0
object 33	1.0:1.0
177.0 1.07500958951 1.0
62.0 0.990270405987 1.0
82.0 0.971876887045 1.0
0.0 0.981690226846 1.0
45.0 0.970386247309 1.0
142.0 1.02345583851 1.0
object 34	1.0:1.0
62.0 0.996878177492 1.0
98.0 1.02455165526 1.0
object 35	1.0:1.0
55.0 1.08405582616 1.0
108.0 1.04737668352 1.0
10.0 0.970547633498 1.0
66.0 1.00983750126 1.0
178.0 0.983154636417 1.0
146.0 1.02608182427 1.0
187.0 -0.702041401293 1.0
112.0 0.997732413462 1.0
object 36	1.0:1.0
168.0 0.972154821575 1.0
136.0 1.03583832522 1.0
60.0 0.998865862446 1.0
10.0 0.984927595945 1.0
102.0 0.959841261922 1.0
117.0 0.992373709727 1.0
9.0 1.01973556925 1.0
159.0 0.962404868185 1.0
73.0 0.975805307731 1.0
27.0 0.9935385026 1.0
object 37	1.0:1.0
39.0 1.00101051657 1.0
192.0 3.82784968644 1.0
132.0 1.00042325642 1.0
60.0 0.994259891639 1.0
176.0 1.01298459132 1.0
86.0 0.981381446864 1.0
object 38	1.0:1.0
188.0 4.00850656242 1.0
117.0 0.992105424602 1.0
35.0 1.00126657431 1.0
object 39	1.0:1.0
44.0 1.07612019636 1.0
184.0 4.59066906705 1.0
101.0 1.0173535732 1.0
8.0 0.989173649913 1.0
object 40	1.0:1.0
148.0 1.02238999111 1.0
45.0 0.956292110352 1.0
74.0 0.994470229242 1.0
97.0 1.02394772189 1.0
96.0 1.00605344977 1.0
125.0 0.994261205706 1.0
object 41	1.0:1.0
149.0 0.995848608357 1.0
127.0 0.992385943225 1.0
43.0 0.959465790583 1.0
47.0 0.987075835566 1.0
74.0 1.00258549822 1.0
object 42	1.0:1.0
4.0 1.01755443879 1.0
168.0 1.01561625124 1.0
object 43	1.0:1.0
176.0 0.944703936543 1.0
142.0 0.98084757823 1.0
62.0 0.993880226558 1.0
173.0 1.00055628212 1.0
21.0 0.99030888563 1.0
object 44	1.0:1.0
44.0 0.960812311467 1.0
42.0 0.995763128394 1.0
174.0 0.990769313994 1.0
167.0 0.983814886014 1.0
155.0 1.01146741859 1.0
71.0 1.01565314873 1.0
70.0 0.934883700247 1.0
11.0 0.991783236444 1.0
object 45	1.0:1.0
47.0 1.02343002175 1.0
178.0 1.01501421291 1.0
32.0 1.00214622634 1.0
120.0 1.01783014094 1.0
object 46	1.0:1.0
181.0 2.86782605883 1.0
57.0 0.940474119849 1.0
88.0 1.01718417453 1.0
70.0 0.9828919816 1.0
91.0 1.03972327831 1.0
object 47	1.0:1.0
4.0 1.03413308961 1.0
123.0 1.00196110492 1.0
20.0 1.06984711038 1.0
80.0 1.01489711219 1.0
163.0 1.00601308669 1.0
object 48	1.0:1.0
56.0 0.988004927731 1.0
71.0 1.00407816316 1.0
109.0 0.991210111723 1.0
83.0 0.969401035403 1.0
115.0 1.0171972491 1.0
object 49	1.0:1.0
94.0 1.01277297767 1.0
121.0 0.98773193708 1.0
194.0 1.98209355708 1.0
52.0 1.01547886458 1.0
object 50	1.0:1.0
69.0 1.03066474816 1.0
94.0 0.975155051078 1.0
81.0 0.976779684301 1.0
15.0 1.0028860467 1.0
61.0 0.973735735392 1.0
110.0 0.99877022393 1.0
20.0 1.07132688309 1.0
179.0 1.00988513091 1.0
164.0 0.960697207477 1.0
166.0 1.01298102626 1.0
object 51	1.0:1.0
182.0 -1.24927609408 1.0
123.0 0.97627815715 1.0
129.0 0.99718137546 1.0
196.0 -2.52562796637 1.0
154.0 0.988432820399 1.0
109.0 0.96652093114 1.0
8.0 0.985736327032 1.0
181.0 -4.43093184042 1.0
object 52	1.0:1.0
197.0 1.6035426953 1.0
8.0 1.01040957635 1.0
74.0 0.96893769444 1.0
190.0 -4.67443403626 1.0
118.0 0.991835550795 1.0
object 53	1.0:1.0
90.0 0.986025696234 1.0
100.0 0.928210977669 1.0
53.0 1.04813789851 1.0
80.0 0.99358785397 1.0
37.0 1.03944165787 1.0
54.0 0.992194805138 1.0
50.0 0.971968675067 1.0
123.0 0.977115104177 1.0
147.0 0.944453005003 1.0
149.0 1.00387716597 1.0
object 54	1.0:1.0
86.0 0.963810265255 1.0
193.0 0.297461784239 1.0
45.0 1.03719297945 1.0
135.0 0.987143167849 1.0
92.0 0.937681834053 1.0
object 55	1.0:1.0
118.0 0.989105500877 1.0
177.0 1.0415004207 1.0
19.0 1.01733753972 1.0
178.0 0.983289779304 1.0
183.0 -5.6181188782 1.0
121.0 1.0179342029 1.0
26.0 0.98445385867 1.0
43.0 1.0645609237 1.0
object 56	1.0:1.0
169.0 1.07037918963 1.0
47.0 1.01636799859 1.0
89.0 0.98646679095 1.0
199.0 2.05433743641 1.0
59.0 0.980423142867 1.0
104.0 0.980947628615 1.0
object 57	1.0:1.0
27.0 0.994000534897 1.0
125.0 1.00667922089 1.0
166.0 0.981577554916 1.0
48.0 0.945931586641 1.0
187.0 1.59638952618 1.0
object 58	1.0:1.0
50.0 0.946757246085 1.0
152.0 0.916547270384 1.0
192.0 -2.10005928772 1.0
98.0 0.912724131051 1.0
object 59	1.0:1.0
180.0 -0.509577217325 1.0
35.0 1.01194587187 1.0
42.0 1.01093842694 1.0
161.0 0.952133024216 1.0
174.0 0.953211044967 1.0
148.0 1.00898310825 1.0
160.0 0.965084333852 1.0
100.0 0.972702051549 1.0
23.0 0.916193518471 1.0
object 60	1.0:1.0
14.0 0.985541753578 1.0
22.0 0.901487965921 1.0
112.0 1.01110696769 1.0
20.0 0.992096826481 1.0
object 61	1.0:1.0
80.0 1.00832416729 1.0
15.0 0.974041136249 1.0
31.0 1.00722152549 1.0
129.0 0.974135812388 1.0
70.0 0.995399701233 1.0
7.0 0.973596561811 1.0
88.0 1.00309406168 1.0
36.0 1.02109637068 1.0
75.0 1.00105064168 1.0
63.0 0.977366088208 1.0
object 62	1.0:1.0
184.0 11.8746680348 1.0
80.0 1.02308587821 1.0
28.0 0.980373183509 1.0
object 63	1.0:1.0
42.0 0.905548858635 1.0
161.0 0.983891564732 1.0
45.0 0.992634987005 1.0
103.0 0.974702410628 1.0
object 64	1.0:1.0
187.0 -0.107496308347 1.0
47.0 0.995441809668 1.0
7.0 0.972804072337 1.0
170.0 0.957209010185 1.0
186.0 3.93087686288 1.0
26.0 0.968668003227 1.0
62.0 0.98760995702 1.0
object 65	1.0:1.0
153.0 1.03042380247 1.0
130.0 1.04010526155 1.0
120.0 0.951486984055 1.0
123.0 1.00755856405 1.0
149.0 1.00619265465 1.0
191.0 3.21107758547 1.0
148.0 0.977163119615 1.0
4.0 1.00157505686 1.0
object 66	1.0:1.0
118.0 0.999805543593 1.0
169.0 1.03364576594 1.0
38.0 0.983416595239 1.0
103.0 0.992303601531 1.0
94.0 0.984909223889 1.0
object 67	1.0:1.0
11.0 0.991472718535 1.0
81.0 1.03120242201 1.0
150.0 0.931853501889 1.0
28.0 1.00713168559 1.0
170.0 1.02047784898 1.0
object 68	1.0:1.0
68.0 1.04487665345 1.0
38.0 0.991091282024 1.0
28.0 1.01809967632 1.0
object 69	1.0:1.0
99.0 1.03282542804 1.0
3.0 0.981343334466 1.0
76.0 1.02899119034 1.0
109.0 1.03656180697 1.0
142.0 1.00917016408 1.0
18.0 1.02221664618 1.0
object 70	1.0:1.0
117.0 1.00958321406 1.0
181.0 -2.82419184906 1.0
56.0 1.01838986703 1.0
7.0 0.978597158174 1.0
96.0 1.01169260397 1.0
object 71	1.0:1.0
53.0 1.03352831948 1.0
52.0 0.992890859899 1.0
82.0 0.999963721743 1.0
5.0 1.0288766995 1.0
135.0 0.989242289841 1.0
123.0 1.02387961657 1.0
object 72	1.0:1.0
169.0 0.9775210851 1.0
153.0 1.04393394987 1.0
162.0 0.990086184683 1.0
119.0 1.02570078355 1.0
72.0 0.989527014499 1.0
8.0 0.989363782331 1.0
object 73	1.0:1.0
53.0 0.939307485859 1.0
14.0 1.02292282774 1.0
19.0 0.981165033607 1.0
object 74	1.0:1.0
34.0 0.923710483614 1.0
38.0 1.10240946947 1.0
155.0 0.95752745814 1.0
object 75	1.0:1.0
22.0 0.944200149666 1.0
143.0 1.03779951714 1.0
102.0 1.00792794784 1.0
54.0 1.01365478105 1.0
147.0 1.01599178473 1.0
114.0 1.04304554946 1.0
11.0 0.995857407982 1.0
object 76	1.0:1.0
65.0 1.02162312081 1.0
134.0 0.986132092919 1.0
object 77	1.0:1.0
162.0 1.02341715056 1.0
151.0 0.948099052222 1.0
161.0 0.999559638388 1.0
object 78	1.0:1.0
51.0 1.02357043081 1.0
116.0 1.02528250605 1.0
128.0 1.00231199127 1.0
9.0 0.968701738873 1.0
object 79	1.0:1.0
37.0 0.986572870605 1.0
99.0 1.00366875621 1.0
100.0 0.931132272291 1.0
object 80	1.0:1.0
147.0 1.02748979261 1.0
159.0 0.976773176694 1.0
75.0 0.967945582751 1.0
object 81	1.0:1.0
168.0 0.959363526429 1.0
107.0 1.00404019262 1.0
186.0 0.739824024383 1.0
110.0 1.00236158612 1.0
83.0 0.987516017833 1.0
90.0 0.982005157751 1.0
object 82	1.0:1.0
154.0 0.986549898836 1.0
10.0 0.998936877049 1.0
136.0 0.95505696836 1.0
object 83	1.0:1.0
44.0 1.06550386046 1.0
55.0 0.962506275161 1.0
127.0 0.979403152171 1.0
object 84	1.0:1.0
167.0 0.998773256557 1.0
189.0 3.56918533459 1.0
98.0 0.973369352304 1.0
79.0 1.00583130776 1.0
177.0 1.00527024457 1.0
72.0 0.99982091943 1.0
object 85	1.0:1.0
171.0 0.994999173822 1.0
114.0 0.991030056174 1.0
148.0 1.01148502504 1.0
53.0 0.975524217751 1.0
87.0 1.02495803926 1.0
181.0 -4.78249580262 1.0
8.0 1.01545013242 1.0
object 86	1.0:1.0
81.0 0.988874039674 1.0
16.0 0.995836718593 1.0
object 87	1.0:1.0
172.0 1.00904898385 1.0
1.0 0.98647990204 1.0
175.0 0.982470343325 1.0
84.0 1.01075501649 1.0
157.0 1.05154495684 1.0
156.0 0.981053171298 1.0
124.0 1.00840821955 1.0
object 88	1.0:1.0
79.0 0.976370005641 1.0
25.0 1.03747873333 1.0
32.0 0.996430294307 1.0
54.0 1.00679677954 1.0
135.0 0.993441574647 1.0
object 89	1.0:1.0
174.0 0.993992264549 1.0
152.0 1.02537954175 1.0
object 90	1.0:1.0
131.0 0.957701019012 1.0
183.0 -0.486266138128 1.0
object 91	1.0:1.0
83.0 0.982848266011 1.0
160.0 0.962461674628 1.0
120.0 0.962440590362 1.0
34.0 0.969685684418 1.0
object 92	1.0:1.0
149.0 0.996543365277 1.0
170.0 1.00245505182 1.0
65.0 1.00848740806 1.0
60.0 0.996867364433 1.0
159.0 0.967637169569 1.0
116.0 0.976448343534 1.0
object 93	1.0:1.0
39.0 0.977459892239 1.0
164.0 1.02629903056 1.0
163.0 0.994584703506 1.0
8.0 1.01897623309 1.0
192.0 1.13058750209 1.0
108.0 0.999152926456 1.0
object 94	1.0:1.0
140.0 1.00625132653 1.0
11.0 0.967392350063 1.0
143.0 1.01290552765 1.0
115.0 0.992711842819 1.0
160.0 1.01500728713 1.0
object 95	1.0:1.0
122.0 1.02929532876 1.0
35.0 1.0162187841 1.0
3.0 1.02282832235 1.0
164.0 1.00007066301 1.0
189.0 -2.08935030639 1.0
68.0 0.994362635856 1.0
97.0 1.02046632701 1.0
58.0 1.04613681132 1.0
51.0 1.03096903244 1.0
object 96	1.0:1.0
2.0 0.972407652889 1.0
41.0 1.00043509373 1.0
166.0 1.01984881689 1.0
29.0 1.00316191773 1.0
120.0 0.959082831793 1.0
object 97	1.0:1.0
191.0 -2.07718348441 1.0
26.0 1.04161755752 1.0
object 98	1.0:1.0
152.0 0.979731584357 1.0
100.0 0.959405739399 1.0
61.0 0.999271970557 1.0
123.0 0.943223637943 1.0
176.0 0.988628909231 1.0
39.0 1.09634001429 1.0
178.0 1.01489504836 1.0
34.0 0.971474708775 1.0
70.0 0.993170749508 1.0
object 99	1.0:1.0
177.0 1.04025319147 1.0
54.0 1.00233687854 1.0
28.0 0.955342675106 1.0
92.0 1.00923743243 1.0
153.0 1.03644781144 1.0
174.0 0.973540801073 1.0
137.0 1.0224101065 1.0
184.0 -4.037334391 1.0
