object 0	1.0:1.0
26.0 0.912519119918 1.0
112.0 1.00060097116 1.0
125.0 1.01235855064 1.0
195.0 2.40399137865 1.0
74.0 1.01470388992 1.0
166.0 0.975891943474 1.0
object 1	1.0:1.0
115.0 0.986719704662 1.0
28.0 1.02876583007 1.0
120.0 1.04753611476 1.0
152.0 1.00637020622 1.0
150.0 0.987834805563 1.0
67.0 0.997911102408 1.0
object 2	1.0:1.0
130.0 0.950999276168 1.0
112.0 1.01998083592 1.0
126.0 0.963818085404 1.0
2.0 1.00458348206 1.0
80.0 0.986644060361 1.0
object 3	1.0:1.0
115.0 0.982321480976 1.0
186.0 -1.70732363769 1.0
169.0 1.01372913303 1.0
51.0 0.988716675152 1.0
92.0 0.997287462208 1.0
76.0 1.00007688332 1.0
object 4	1.0:1.0
197.0 5.14293362163 1.0
180.0 0.903037662428 1.0
58.0 0.963772754505 1.0
179.0 0.984395425328 1.0
object 5	1.0:1.0
188.0 1.82420169411 1.0
168.0 1.01489169408 1.0
23.0 1.0102814752 1.0
131.0 0.989837705343 1.0
184.0 -0.0124653570999 1.0
102.0 0.99423734203 1.0
119.0 1.05035368587 1.0
object 6	1.0:1.0
53.0 0.972490940282 1.0
62.0 0.948478672016 1.0
98.0 0.957969868297 1.0
96.0 1.00732756778 1.0
89.0 1.11397297392 1.0
158.0 1.01896160836 1.0
172.0 0.962862403143 1.0
34.0 1.00111253905 1.0
63.0 0.978762134849 1.0
166.0 0.986475470138 1.0
object 7	1.0:1.0
181.0 1.75993485128 1.0
3.0 1.06131748348 1.0
132.0 1.00424263047 1.0
148.0 0.945836806568 1.0
59.0 1.03828364363 1.0
91.0 1.04873660766 1.0
139.0 1.00249067743 1.0
object 8	1.0:1.0
75.0 0.988190359969 1.0
167.0 1.00938450314 1.0
78.0 1.01870568901 1.0
179.0 1.01211144835 1.0
13.0 0.956652725326 1.0
81.0 1.07461675466 1.0
194.0 0.655323121911 1.0
139.0 1.01589161181 1.0
object 9	1.0:1.0
157.0 1.05327115133 1.0
40.0 0.974447743523 1.0
6.0 1.00272308068 1.0
90.0 0.991884528444 1.0
63.0 1.02770271195 1.0
33.0 1.00315566898 1.0
165.0 0.992573089983 1.0
145.0 0.994170097038 1.0
object 10	1.0:1.0
116.0 1.02152463668 1.0
134.0 0.984797843467 1.0
68.0 0.992170278331 1.0
95.0 0.994310471642 1.0
49.0 1.00894938254 1.0
60.0 1.0430550762 1.0
115.0 1.00218400307 1.0
73.0 1.01843100269 1.0
object 11	1.0:1.0
153.0 0.977714116616 1.0
132.0 0.985219673004 1.0
196.0 1.96187093823 1.0
69.0 0.995020854513 1.0
34.0 1.01504072868 1.0
86.0 1.07366524787 1.0
object 12	1.0:1.0
72.0 1.01295242683 1.0
7.0 1.010637153 1.0
object 13	1.0:1.0
181.0 2.10038920862 1.0
105.0 0.984711775912 1.0
object 14	1.0:1.0
95.0 0.994047863596 1.0
76.0 1.00406547825 1.0
54.0 0.990278622604 1.0
141.0 1.01376238392 1.0
168.0 1.02378606935 1.0
87.0 1.04957207209 1.0
170.0 0.988212431564 1.0
object 15	1.0:1.0
154.0 1.00652485241 1.0
35.0 1.01263904591 1.0
163.0 1.04927149797 1.0
173.0 0.995881916073 1.0
64.0 0.987067907256 1.0
123.0 1.03398622103 1.0
155.0 0.992554952138 1.0
28.0 0.97599798622 1.0
84.0 0.999952887757 1.0
object 16	1.0:1.0
101.0 1.00193478179 1.0
54.0 1.00924772561 1.0
186.0 3.57482184771 1.0
177.0 1.00231537306 1.0
167.0 1.01623527513 1.0
7.0 1.00945006467 1.0
46.0 0.964551209924 1.0
115.0 0.996227109671 1.0
object 17	1.0:1.0
117.0 0.991129787094 1.0
119.0 1.00205502865 1.0
82.0 1.02785156568 1.0
84.0 0.999731225047 1.0
78.0 0.906473668918 1.0
157.0 0.982169087133 1.0
14.0 1.04178645005 1.0
58.0 1.00171193308 1.0
object 18	1.0:1.0
41.0 0.969222538568 1.0
136.0 0.981163829287 1.0
144.0 0.948115079242 1.0
165.0 0.974683357387 1.0
58.0 1.0258166673 1.0
object 19	1.0:1.0
137.0 0.984516798295 1.0
91.0 1.00750823677 1.0
49.0 0.957949483171 1.0
24.0 0.997163039563 1.0
45.0 0.992982317861 1.0
120.0 0.949960777748 1.0
62.0 1.02191539236 1.0
171.0 0.961557187834 1.0
195.0 4.53321477467 1.0
157.0 0.974011911668 1.0
124.0 0.955915557923 1.0
object 20	1.0:1.0
71.0 0.923684463151 1.0
42.0 0.95203221962 1.0
25.0 0.99362426795 1.0
object 21	1.0:1.0
189.0 -0.797413708615 1.0
137.0 1.01000291742 1.0
117.0 0.963057177052 1.0
130.0 1.08170450234 1.0
94.0 1.02141960412 1.0
152.0 0.999762736134 1.0
133.0 1.00629638666 1.0
164.0 1.0466016979 1.0
107.0 1.02662391282 1.0
object 22	1.0:1.0
111.0 1.02357433975 1.0
113.0 1.01996033608 1.0
190.0 1.5104711759 1.0
123.0 0.961467985962 1.0
13.0 1.06693865175 1.0
29.0 0.997579870715 1.0
25.0 1.02050646653 1.0
object 23	1.0:1.0
41.0 1.0597143743 1.0
9.0 0.968328236718 1.0
39.0 1.00486867777 1.0
70.0 1.02269359419 1.0
33.0 0.969345063539 1.0
82.0 1.00120367998 1.0
157.0 1.03777659015 1.0
138.0 0.9984759667 1.0
49.0 0.958536022153 1.0
104.0 1.00773270349 1.0
object 24	1.0:1.0
160.0 0.982504686298 1.0
164.0 1.04372089593 1.0
22.0 0.979132973802 1.0
47.0 0.983688823687 1.0
89.0 1.02088121465 1.0
181.0 -0.0208691288325 1.0
159.0 1.00795021768 1.0
65.0 0.964201077801 1.0
142.0 1.03337171227 1.0
12.0 1.02911054462 1.0
93.0 0.99609073794 1.0
38.0 1.02562643017 1.0
object 25	1.0:1.0
136.0 0.968031534246 1.0
110.0 1.018360285 1.0
45.0 1.0024014826 1.0
60.0 0.996285903083 1.0
object 26	1.0:1.0
49.0 1.0212730245 1.0
0.0 0.997368910821 1.0
103.0 1.00373789335 1.0
33.0 1.04229759354 1.0
199.0 3.3445468646 1.0
123.0 1.0158721901 1.0
57.0 1.00708380094 1.0
188.0 -2.33424410255 1.0
161.0 1.00637218203 1.0
object 27	1.0:1.0
190.0 1.81661469273 1.0
145.0 1.00363201152 1.0
63.0 1.00198197182 1.0
85.0 1.01778563665 1.0
106.0 0.975472796142 1.0
object 28	1.0:1.0
101.0 0.993037127713 1.0
157.0 0.99710843672 1.0
object 29	1.0:1.0
59.0 0.961687749124 1.0
124.0 0.971901010229 1.0
89.0 1.05088467864 1.0
object 30	1.0:1.0
140.0 0.992800082635 1.0
86.0 0.872132289301 1.0
69.0 0.984082061528 1.0
23.0 0.997593167593 1.0
31.0 0.973787644737 1.0
36.0 0.996349959975 1.0
119.0 0.953400924179 1.0
121.0 0.976883056031 1.0
80.0 1.00498891473 1.0
44.0 0.999179180587 1.0
124.0 0.995272859754 1.0
object 31	1.0:1.0
164.0 0.947027971972 1.0
81.0 1.01704101527 1.0
55.0 0.987644447471 1.0
51.0 0.924548525898 1.0
13.0 0.969054683523 1.0
76.0 0.94417671217 1.0
118.0 1.00697652272 1.0
165.0 1.00389337074 1.0
145.0 1.00737675458 1.0
154.0 0.980463313092 1.0
object 32	1.0:1.0
104.0 0.997157232725 1.0
107.0 1.0365672188 1.0
40.0 1.02443756443 1.0
100.0 0.931267804182 1.0
24.0 1.00615328925 1.0
19.0 0.997688941611 1.0
7.0 1.00542723363 1.0
object 33	1.0:1.0
131.0 0.966035150528 1.0
23.0 1.01498361981 1.0
130.0 0.982364757582 1.0
175.0 0.984085289858 1.0
32.0 1.01028679505 1.0
169.0 0.981933667856 1.0
object 34	1.0:1.0
183.0 1.15580931746 1.0
71.0 1.04240218719 1.0
128.0 0.917066953779 1.0
68.0 1.00294138017 1.0
172.0 0.996029671679 1.0
130.0 0.990759930044 1.0
184.0 10.6066048889 1.0
100.0 1.00646976323 1.0
115.0 1.01664425265 1.0
112.0 0.957634246731 1.0
38.0 0.947803998969 1.0
146.0 1.01029075326 1.0
18.0 0.926329429687 1.0
object 35	1.0:1.0
93.0 0.98398831318 1.0
94.0 0.96571296659 1.0
105.0 0.975516314713 1.0
87.0 0.962784635034 1.0
186.0 0.452392315052 1.0
160.0 0.99195498883 1.0
152.0 1.03002549141 1.0
object 36	1.0:1.0
175.0 0.986172993906 1.0
124.0 0.99153378714 1.0
145.0 0.994516631652 1.0
112.0 1.02985119325 1.0
162.0 0.966802262942 1.0
111.0 1.03953114586 1.0
144.0 1.03116208742 1.0
130.0 0.974967267628 1.0
22.0 0.943494491401 1.0
179.0 1.01342576801 1.0
105.0 1.00007073208 1.0
15.0 1.00371771274 1.0
9.0 1.07477629848 1.0
object 37	1.0:1.0
171.0 0.95829597961 1.0
98.0 1.03099456467 1.0
18.0 0.987502198949 1.0
69.0 0.985527284417 1.0
41.0 0.973468838762 1.0
195.0 -0.219497675781 1.0
object 38	1.0:1.0
113.0 0.982496801326 1.0
52.0 0.989053025563 1.0
183.0 3.25865439267 1.0
119.0 0.977559670454 1.0
163.0 0.998845465894 1.0
132.0 0.973978605969 1.0
24.0 1.05743292108 1.0
121.0 1.06278431007 1.0
165.0 1.03063360473 1.0
object 39	1.0:1.0
30.0 1.00044197869 1.0
16.0 1.02117998903 1.0
129.0 1.00386770878 1.0
151.0 1.00108656969 1.0
object 40	1.0:1.0
11.0 1.00869315063 1.0
71.0 0.997585646233 1.0
95.0 1.0077158305 1.0
39.0 0.968816538448 1.0
23.0 0.969161305212 1.0
13.0 1.08665597516 1.0
object 41	1.0:1.0
162.0 1.02013922153 1.0
21.0 1.01956134381 1.0
125.0 1.02084524504 1.0
54.0 0.97332322484 1.0
object 42	1.0:1.0
167.0 1.00300602857 1.0
107.0 0.93058195081 1.0
72.0 1.0018824689 1.0
160.0 1.0166949821 1.0
149.0 0.98652920239 1.0
186.0 4.9565895313 1.0
61.0 1.01287798241 1.0
object 43	1.0:1.0
192.0 -1.06785203261 1.0
80.0 0.963300997147 1.0
177.0 0.998244767056 1.0
79.0 0.989228390752 1.0
109.0 0.982771246916 1.0
183.0 1.00040785123 1.0
182.0 2.75238705902 1.0
24.0 1.03678023085 1.0
object 44	1.0:1.0
57.0 0.96882990558 1.0
124.0 0.981518187024 1.0
169.0 1.01276454313 1.0
196.0 -0.263113254036 1.0
120.0 0.896549054241 1.0
98.0 1.05180851785 1.0
object 45	1.0:1.0
85.0 0.949741682441 1.0
129.0 0.985965428292 1.0
152.0 0.981662610372 1.0
57.0 0.989170218805 1.0
137.0 1.00708535524 1.0
179.0 1.01393091384 1.0
121.0 0.969472238525 1.0
2.0 1.03033190303 1.0
142.0 0.991136050752 1.0
object 46	1.0:1.0
22.0 0.992357466486 1.0
131.0 0.971969867848 1.0
107.0 0.923001231016 1.0
object 47	1.0:1.0
58.0 0.982903274738 1.0
81.0 1.03272819278 1.0
104.0 0.919483261383 1.0
67.0 0.994334741871 1.0
106.0 1.03131102633 1.0
39.0 1.01160085899 1.0
object 48	1.0:1.0
135.0 0.904150587405 1.0
38.0 0.952949544359 1.0
10.0 0.978654457476 1.0
92.0 1.00402673575 1.0
167.0 0.985585106569 1.0
113.0 0.978020677161 1.0
169.0 1.00348381698 1.0
126.0 1.03124723286 1.0
33.0 1.04216472955 1.0
145.0 0.994597908895 1.0
object 49	1.0:1.0
197.0 -3.18456834425 1.0
120.0 0.985920073842 1.0
3.0 0.934935763834 1.0
139.0 0.93091423848 1.0
170.0 0.991148377538 1.0
object 50	1.0:1.0
196.0 1.54595058883 1.0
15.0 1.04154447979 1.0
130.0 0.970934323594 1.0
72.0 0.990789739454 1.0
100.0 0.988814907339 1.0
25.0 1.01675323714 1.0
object 51	1.0:1.0
19.0 0.983025525914 1.0
101.0 1.01000493984 1.0
130.0 0.972189363733 1.0
166.0 0.995091469762 1.0
52.0 0.998216617421 1.0
41.0 0.986507941582 1.0
173.0 0.961263252662 1.0
175.0 1.02438178505 1.0
5.0 0.993613545797 1.0
116.0 0.995851077392 1.0
160.0 0.99932292399 1.0
object 52	1.0:1.0
107.0 1.00918091254 1.0
77.0 1.05707807914 1.0
59.0 0.990448039133 1.0
106.0 0.992956607632 1.0
75.0 0.996964516428 1.0
159.0 0.983001268031 1.0
153.0 0.96304989086 1.0
187.0 0.739638791484 1.0
object 53	1.0:1.0
88.0 0.924466448633 1.0
156.0 1.01793362038 1.0
189.0 4.6722928271 1.0
64.0 0.983168761555 1.0
170.0 1.00666643906 1.0
22.0 1.00238903107 1.0
197.0 3.63701787839 1.0
20.0 0.97412719655 1.0
32.0 0.987376403252 1.0
181.0 2.69445115797 1.0
93.0 0.997339677678 1.0
object 54	1.0:1.0
6.0 1.02418576289 1.0
192.0 2.93988959558 1.0
107.0 0.951343203529 1.0
187.0 0.683100604818 1.0
120.0 1.06052580223 1.0
object 55	1.0:1.0
110.0 1.00657166174 1.0
191.0 6.0183035082 1.0
196.0 1.59281764063 1.0
19.0 1.00522875202 1.0
172.0 0.986672477667 1.0
83.0 1.0775184086 1.0
object 56	1.0:1.0
77.0 0.99973624797 1.0
121.0 0.994305733835 1.0
195.0 1.03466437813 1.0
122.0 1.02629402764 1.0
14.0 1.03708918746 1.0
170.0 0.997113029853 1.0
object 57	1.0:1.0
14.0 0.979327714481 1.0
191.0 -0.528066923397 1.0
141.0 1.00033195517 1.0
16.0 0.999475541036 1.0
6.0 1.04828220132 1.0
84.0 1.00024037178 1.0
object 58	1.0:1.0
33.0 1.00078758687 1.0
139.0 1.02746513849 1.0
174.0 0.994463457191 1.0
138.0 0.984832905669 1.0
164.0 1.0336728322 1.0
object 59	1.0:1.0
163.0 1.00755092087 1.0
197.0 -2.45686812659 1.0
99.0 1.02598787666 1.0
20.0 0.955719807353 1.0
7.0 0.991379892907 1.0
184.0 11.1741825035 1.0
164.0 1.03125166455 1.0
100.0 0.985565873407 1.0
object 60	1.0:1.0
65.0 1.03559479811 1.0
118.0 0.991754699926 1.0
162.0 0.98828746115 1.0
124.0 0.992859741209 1.0
155.0 0.99678962204 1.0
143.0 0.983467222382 1.0
61.0 0.975319697843 1.0
23.0 1.0042376845 1.0
39.0 0.982896120488 1.0
142.0 1.02934410989 1.0
object 61	1.0:1.0
190.0 1.45345023072 1.0
87.0 1.07588687037 1.0
49.0 0.972079896034 1.0
24.0 0.948378785375 1.0
102.0 1.04482341322 1.0
132.0 0.972455876591 1.0
42.0 0.961490007886 1.0
object 62	1.0:1.0
188.0 7.97507268521 1.0
160.0 1.00852416384 1.0
125.0 0.994044897568 1.0
156.0 1.01479460842 1.0
132.0 1.04934642943 1.0
141.0 1.01929245392 1.0
154.0 1.00085205872 1.0
object 63	1.0:1.0
30.0 1.00421540299 1.0
154.0 1.01599677772 1.0
0.0 0.998027088975 1.0
117.0 1.00871193797 1.0
49.0 0.983833252002 1.0
object 64	1.0:1.0
158.0 0.957430096847 1.0
179.0 0.994198137104 1.0
189.0 0.933759924272 1.0
197.0 4.28353041053 1.0
116.0 0.993506631987 1.0
164.0 0.993292234956 1.0
191.0 6.85791784565 1.0
object 65	1.0:1.0
58.0 1.01215910102 1.0
35.0 1.07068997371 1.0
93.0 0.974500914091 1.0
164.0 1.00408775744 1.0
31.0 0.958067698439 1.0
181.0 2.05994554545 1.0
143.0 0.993057293671 1.0
object 66	1.0:1.0
119.0 0.986552397738 1.0
54.0 0.998476285419 1.0
177.0 0.995840884862 1.0
178.0 0.94670263222 1.0
116.0 1.01176451827 1.0
72.0 1.00682306954 1.0
112.0 0.945100475499 1.0
83.0 0.940112961025 1.0
10.0 0.985275296846 1.0
141.0 1.01169052414 1.0
7.0 1.01004514333 1.0
object 67	1.0:1.0
101.0 0.977025662567 1.0
55.0 1.00440434846 1.0
80.0 0.960275293611 1.0
108.0 1.00256818135 1.0
53.0 0.98433601356 1.0
3.0 0.971685684718 1.0
object 68	1.0:1.0
92.0 1.00772470084 1.0
164.0 1.02091079013 1.0
101.0 1.00301859353 1.0
56.0 0.999206220126 1.0
29.0 1.00760779745 1.0
11.0 1.00128719894 1.0
138.0 1.01191711978 1.0
28.0 1.01739808682 1.0
97.0 0.994814940218 1.0
object 69	1.0:1.0
47.0 0.988561924363 1.0
60.0 1.0513284546 1.0
107.0 1.01220103539 1.0
58.0 0.997192853341 1.0
5.0 0.99819244726 1.0
116.0 1.0287653183 1.0
36.0 1.04712545545 1.0
141.0 0.966209874313 1.0
163.0 1.01231815108 1.0
34.0 0.982732882962 1.0
object 70	1.0:1.0
42.0 0.996320816564 1.0
128.0 0.983190407708 1.0
112.0 1.00370004206 1.0
82.0 0.970691545091 1.0
130.0 0.980510347392 1.0
20.0 1.02415846003 1.0
163.0 1.02447698422 1.0
195.0 0.675956640737 1.0
object 71	1.0:1.0
31.0 0.983035198554 1.0
123.0 1.00519137632 1.0
19.0 0.995239044344 1.0
15.0 0.960078253397 1.0
99.0 0.994090984295 1.0
155.0 0.986561021918 1.0
132.0 0.990726492429 1.0
object 72	1.0:1.0
113.0 0.986581320344 1.0
87.0 1.04169225279 1.0
190.0 2.94403522936 1.0
109.0 0.954673656851 1.0
156.0 0.985489811312 1.0
116.0 1.00094552103 1.0
76.0 1.013871475 1.0
37.0 0.97717525048 1.0
59.0 0.987328379097 1.0
141.0 0.987140057785 1.0
object 73	1.0:1.0
55.0 1.00014045411 1.0
197.0 1.9475827554 1.0
object 74	1.0:1.0
8.0 1.00525543372 1.0
173.0 1.01412238014 1.0
41.0 1.01532078458 1.0
13.0 0.959064923566 1.0
123.0 0.988202721958 1.0
193.0 -0.567830177712 1.0
102.0 0.971044351917 1.0
116.0 0.993936503325 1.0
99.0 1.00890355756 1.0
129.0 0.995495318035 1.0
74.0 0.970438135036 1.0
object 75	1.0:1.0
39.0 0.939819308904 1.0
88.0 1.0884196725 1.0
84.0 1.03022362123 1.0
117.0 0.989337867055 1.0
65.0 0.888492532213 1.0
190.0 1.44230551064 1.0
116.0 1.01293774899 1.0
110.0 0.995392144627 1.0
58.0 0.970177998573 1.0
40.0 0.994704936097 1.0
194.0 0.413003391927 1.0
object 76	1.0:1.0
178.0 1.03514046595 1.0
162.0 0.975972429853 1.0
71.0 1.06475162797 1.0
63.0 1.04608836704 1.0
111.0 0.953808188207 1.0
62.0 1.03648336613 1.0
84.0 1.00172746483 1.0
object 77	1.0:1.0
155.0 1.01735922555 1.0
59.0 1.00987042516 1.0
32.0 1.01228555397 1.0
156.0 0.99656405671 1.0
21.0 1.02267770938 1.0
67.0 0.989385180882 1.0
168.0 1.02119768059 1.0
object 78	1.0:1.0
38.0 0.996295967004 1.0
182.0 1.23446470412 1.0
52.0 1.00187638306 1.0
170.0 1.02630636814 1.0
object 79	1.0:1.0
140.0 1.04289976878 1.0
12.0 0.914776627038 1.0
23.0 1.00044441153 1.0
4.0 1.04341731924 1.0
object 80	1.0:1.0
136.0 0.981801057702 1.0
135.0 1.02293906155 1.0
20.0 1.01004667881 1.0
76.0 1.01523705588 1.0
125.0 0.956191944326 1.0
88.0 0.968879438126 1.0
57.0 0.968788567554 1.0
21.0 0.947410381412 1.0
132.0 1.05998827951 1.0
object 81	1.0:1.0
91.0 0.985829915801 1.0
92.0 0.991164288542 1.0
89.0 1.01121264862 1.0
103.0 1.00603437765 1.0
object 82	1.0:1.0
150.0 1.02558024845 1.0
99.0 1.03039234626 1.0
48.0 1.01559971283 1.0
157.0 1.03536584914 1.0
167.0 1.00240735837 1.0
21.0 0.997052222405 1.0
198.0 5.5877633256 1.0
35.0 0.995824045713 1.0
object 83	1.0:1.0
71.0 0.990385164764 1.0
75.0 1.00458787729 1.0
127.0 1.01822784438 1.0
41.0 0.985600786356 1.0
120.0 1.04074935702 1.0
23.0 1.01514691704 1.0
object 84	1.0:1.0
87.0 1.03340084465 1.0
99.0 1.0241976052 1.0
50.0 1.01098132823 1.0
72.0 1.03489763221 1.0
195.0 2.33407317998 1.0
21.0 0.982423399064 1.0
190.0 0.528550194466 1.0
55.0 1.00892373244 1.0
69.0 0.993386527719 1.0
object 85	1.0:1.0
199.0 4.27524488409 1.0
157.0 1.06311830606 1.0
118.0 0.98766371634 1.0
36.0 0.959721755703 1.0
140.0 0.995938047496 1.0
135.0 1.0171564356 1.0
object 86	1.0:1.0
19.0 1.00530220446 1.0
194.0 1.65867534784 1.0
108.0 1.01329360754 1.0
195.0 1.95855667208 1.0
14.0 1.13392561971 1.0
66.0 0.966403357452 1.0
object 87	1.0:1.0
182.0 1.52110240166 1.0
58.0 1.00596627964 1.0
86.0 1.04859936116 1.0
46.0 0.948638292603 1.0
153.0 0.96782528795 1.0
5.0 0.989160252562 1.0
186.0 0.411307261991 1.0
112.0 1.08044992093 1.0
16.0 0.973434630051 1.0
177.0 0.980471739052 1.0
1.0 1.00394061381 1.0
151.0 1.00597746606 1.0
object 88	1.0:1.0
25.0 0.962325280998 1.0
132.0 0.977950605973 1.0
37.0 1.01000093526 1.0
98.0 1.01305904894 1.0
9.0 1.01055890643 1.0
190.0 2.3834063786 1.0
83.0 1.042679841 1.0
object 89	1.0:1.0
53.0 1.0643161476 1.0
137.0 0.986581155518 1.0
15.0 0.977609273359 1.0
66.0 1.00401452809 1.0
14.0 1.00822375067 1.0
120.0 0.993524188894 1.0
object 90	1.0:1.0
150.0 0.99332683197 1.0
51.0 0.934691526116 1.0
5.0 1.02554127211 1.0
170.0 1.01548687404 1.0
131.0 0.998482964133 1.0
9.0 1.00555727784 1.0
106.0 1.05766445869 1.0
2.0 0.928233772124 1.0
object 91	1.0:1.0
132.0 1.0304542012 1.0
75.0 1.00526264878 1.0
196.0 3.07172851334 1.0
117.0 1.00187088262 1.0
object 92	1.0:1.0
20.0 0.973747085525 1.0
40.0 1.00532111423 1.0
124.0 0.991097930879 1.0
140.0 0.973697284522 1.0
115.0 1.01909852358 1.0
39.0 0.972301122324 1.0
61.0 0.932979342706 1.0
object 93	1.0:1.0
22.0 0.984465449404 1.0
133.0 1.0064503818 1.0
162.0 1.02229600739 1.0
107.0 0.998527723008 1.0
104.0 0.957763687735 1.0
145.0 1.01024589053 1.0
54.0 1.05548033308 1.0
object 94	1.0:1.0
129.0 0.978118179649 1.0
131.0 0.966359267757 1.0
10.0 0.999111662933 1.0
183.0 -0.000813505612912 1.0
178.0 1.02945924778 1.0
163.0 0.995661776929 1.0
19.0 1.00058716197 1.0
150.0 0.974984059284 1.0
object 95	1.0:1.0
66.0 1.01897598958 1.0
29.0 1.00422951257 1.0
32.0 0.996579808894 1.0
112.0 1.05409511654 1.0
117.0 1.03014952413 1.0
48.0 1.00810802303 1.0
90.0 1.03174896412 1.0
97.0 1.02887790467 1.0
175.0 1.01672046464 1.0
64.0 0.986516603703 1.0
141.0 1.03879779281 1.0
145.0 1.00867194861 1.0
8.0 0.978666960275 1.0
object 96	1.0:1.0
143.0 1.01727871658 1.0
61.0 0.949553419044 1.0
132.0 0.974621166526 1.0
190.0 0.363280471766 1.0
84.0 1.01986390677 1.0
162.0 0.999194121091 1.0
182.0 3.00210707816 1.0
71.0 1.00916093022 1.0
138.0 1.00415643422 1.0
object 97	1.0:1.0
6.0 0.970950337069 1.0
25.0 1.03345881975 1.0
1.0 0.998117897008 1.0
114.0 0.966621622 1.0
192.0 4.39338575035 1.0
45.0 0.999625686014 1.0
102.0 0.999452887883 1.0
56.0 0.985163633841 1.0
object 98	1.0:1.0
199.0 -0.549413154413 1.0
127.0 0.996114448128 1.0
198.0 1.97244875741 1.0
103.0 0.987663643068 1.0
76.0 1.01199768591 1.0
40.0 1.0039496162 1.0
117.0 0.94672947096 1.0
47.0 1.00799901771 1.0
116.0 1.01546335081 1.0
162.0 0.994483090345 1.0
object 99	1.0:1.0
51.0 0.963261003996 1.0
185.0 0.102013182992 1.0
4.0 0.995866458892 1.0
130.0 0.987290491709 1.0
158.0 1.00382737342 1.0
90.0 0.995096161804 1.0
186.0 5.89876363024 1.0
25.0 0.99035819514 1.0
