object 0	1.0:1.0
156.0 1.01136792733 1.0
101.0 0.999848505168 1.0
object 1	1.0:1.0
79.0 0.952059924871 1.0
51.0 0.985576962748 1.0
106.0 0.96040421077 1.0
object 2	1.0:1.0
7.0 1.0269348103 1.0
58.0 0.964814245801 1.0
object 3	1.0:1.0
85.0 1.01147291439 1.0
108.0 1.00462235285 1.0
object 4	1.0:1.0
38.0 1.00446904844 1.0
94.0 0.995004481717 1.0
114.0 1.02909545543 1.0
52.0 0.952989633796 1.0
object 5	1.0:1.0
156.0 0.959188366624 1.0
43.0 0.94296625281 1.0
66.0 1.06086603096 1.0
155.0 1.0117625684 1.0
object 6	1.0:1.0
62.0 0.998542726441 1.0
108.0 1.00126414684 1.0
10.0 1.02881176815 1.0
159.0 1.03561692439 1.0
object 7	1.0:1.0
84.0 0.960006903081 1.0
96.0 1.02838685186 1.0
23.0 0.994346352409 1.0
object 8	1.0:1.0
86.0 1.00318587537 1.0
64.0 1.00696652919 1.0
object 9	1.0:1.0
66.0 0.988373255771 1.0
45.0 0.951803804604 1.0
object 10	1.0:1.0
151.0 0.998254212026 1.0
75.0 0.901902913135 1.0
object 11	1.0:1.0
36.0 0.999611545186 1.0
97.0 0.999821089899 1.0
object 12	1.0:1.0
66.0 0.984089521522 1.0
158.0 0.957497187699 1.0
object 13	1.0:1.0
3.0 0.996657205715 1.0
179.0 5.35006649519 1.0
113.0 0.981567945746 1.0
25.0 0.984526040225 1.0
144.0 1.00411180331 1.0
101.0 0.992233378415 1.0
object 14	1.0:1.0
86.0 0.98354220449 1.0
115.0 1.01460351882 1.0
object 15	1.0:1.0
56.0 0.984836277009 1.0
178.0 -0.843110358291 1.0
object 16	1.0:1.0
137.0 0.991469048753 1.0
129.0 0.939132681251 1.0
107.0 1.00108720706 1.0
66.0 1.005874048 1.0
136.0 0.986322542481 1.0
object 17	1.0:1.0
115.0 0.964116425036 1.0
88.0 0.997296059258 1.0
object 18	1.0:1.0
117.0 0.98042995035 1.0
109.0 0.984287494473 1.0
object 19	1.0:1.0
131.0 1.01457488406 1.0
36.0 1.02361807561 1.0
object 20	1.0:1.0
7.0 0.982587276498 1.0
77.0 0.994198073448 1.0
object 21	1.0:1.0
116.0 1.06661064076 1.0
73.0 1.01026172213 1.0
75.0 1.05087950567 1.0
44.0 1.00891697363 1.0
60.0 1.03551132769 1.0
82.0 1.00765168819 1.0
192.0 -1.15822620861 1.0
object 22	1.0:1.0
181.0 -0.0778851251128 1.0
54.0 1.00657043526 1.0
37.0 0.966393256179 1.0
53.0 0.984774321132 1.0
149.0 1.05133380967 1.0
33.0 1.00985184489 1.0
object 23	1.0:1.0
163.0 3.9649622052 1.0
182.0 2.19536640757 1.0
17.0 0.996541094114 1.0
146.0 0.990763208916 1.0
object 24	1.0:1.0
105.0 1.01752411352 1.0
85.0 0.93798003629 1.0
174.0 2.8388902995 1.0
172.0 1.0977143765 1.0
object 25	1.0:1.0
57.0 0.983275841233 1.0
152.0 1.00318535988 1.0
object 26	1.0:1.0
22.0 0.979954132868 1.0
57.0 1.03041167791 1.0
object 27	1.0:1.0
46.0 1.00484492519 1.0
98.0 0.976519183794 1.0
89.0 1.03944317571 1.0
22.0 0.9523789822 1.0
87.0 0.974137477889 1.0
object 28	1.0:1.0
175.0 10.0931109509 1.0
195.0 1.93399748448 1.0
30.0 0.955933576255 1.0
object 29	1.0:1.0
42.0 1.03269659238 1.0
13.0 1.00326424404 1.0
object 30	1.0:1.0
42.0 1.01039389411 1.0
17.0 0.991827037701 1.0
object 31	1.0:1.0
56.0 1.02212974338 1.0
165.0 8.55070977285 1.0
object 32	1.0:1.0
153.0 0.992699543788 1.0
140.0 0.955288282999 1.0
57.0 0.998493583559 1.0
2.0 1.09101861878 1.0
143.0 1.0545050696 1.0
object 33	1.0:1.0
178.0 -1.32937910381 1.0
163.0 -0.630828350434 1.0
82.0 1.07118200004 1.0
136.0 0.97780132783 1.0
object 34	1.0:1.0
40.0 1.01858014914 1.0
199.0 -3.46782397953 1.0
object 35	1.0:1.0
96.0 1.00493503271 1.0
115.0 1.00978479013 1.0
29.0 1.00103132774 1.0
180.0 -0.75033992948 1.0
163.0 0.760725591562 1.0
object 36	1.0:1.0
189.0 7.17497688837 1.0
150.0 0.988043000722 1.0
object 37	1.0:1.0
196.0 -0.466729812469 1.0
154.0 1.05372039065 1.0
92.0 0.973900432087 1.0
81.0 0.956207323287 1.0
object 38	1.0:1.0
117.0 1.00005754632 1.0
9.0 1.01820349086 1.0
181.0 0.987360414514 1.0
183.0 0.680217088445 1.0
object 39	1.0:1.0
97.0 0.987965543714 1.0
158.0 0.995861817547 1.0
object 40	1.0:1.0
85.0 1.03875316799 1.0
160.0 6.4501225421 1.0
114.0 1.03506656374 1.0
10.0 0.964426162743 1.0
object 41	1.0:1.0
79.0 1.08885488213 1.0
38.0 0.993709113493 1.0
135.0 1.00166834384 1.0
11.0 0.995746541765 1.0
144.0 1.01971726584 1.0
object 42	1.0:1.0
13.0 0.972295768896 1.0
116.0 0.990554560632 1.0
35.0 0.981542000328 1.0
59.0 0.978687333408 1.0
141.0 1.00644528247 1.0
object 43	1.0:1.0
193.0 7.09260649187 1.0
37.0 1.0249549925 1.0
158.0 1.00174472339 1.0
77.0 0.983532967292 1.0
object 44	1.0:1.0
98.0 0.981184841887 1.0
83.0 1.01864697259 1.0
25.0 1.0080372992 1.0
object 45	1.0:1.0
165.0 2.48158918468 1.0
150.0 1.03086410244 1.0
object 46	1.0:1.0
26.0 1.0193305854 1.0
1.0 1.016612623 1.0
object 47	1.0:1.0
94.0 0.995626406375 1.0
49.0 1.07619007299 1.0
30.0 1.02394230616 1.0
object 48	1.0:1.0
134.0 1.00286747 1.0
133.0 1.03483821428 1.0
object 49	1.0:1.0
17.0 0.970756076148 1.0
168.0 0.94721866779 1.0
145.0 1.00040265308 1.0
27.0 0.990628234311 1.0
97.0 0.983723479655 1.0
object 50	1.0:1.0
37.0 0.963079284778 1.0
136.0 1.03814842259 1.0
145.0 0.994069650581 1.0
47.0 1.02810837342 1.0
object 51	1.0:1.0
22.0 0.97916457932 1.0
189.0 2.37142460632 1.0
109.0 1.04087345773 1.0
object 52	1.0:1.0
184.0 -5.76172353515 1.0
116.0 0.982433749993 1.0
object 53	1.0:1.0
124.0 1.02151901582 1.0
186.0 1.27362330525 1.0
79.0 1.01848765131 1.0
117.0 1.00967068457 1.0
object 54	1.0:1.0
181.0 -1.07223844605 1.0
175.0 6.214978351 1.0
147.0 0.934406677929 1.0
59.0 1.00733905874 1.0
object 55	1.0:1.0
90.0 0.918124524287 1.0
14.0 1.02887282238 1.0
object 56	1.0:1.0
176.0 -0.657415472552 1.0
108.0 0.973173830495 1.0
object 57	1.0:1.0
180.0 0.157527297474 1.0
113.0 0.979566740738 1.0
object 58	1.0:1.0
175.0 7.50658395215 1.0
58.0 0.980539490458 1.0
object 59	1.0:1.0
185.0 4.60393176417 1.0
85.0 0.971117641837 1.0
object 60	1.0:1.0
123.0 1.0423833257 1.0
66.0 0.973589581336 1.0
object 61	1.0:1.0
49.0 1.13067388333 1.0
110.0 1.02567610607 1.0
object 62	1.0:1.0
38.0 0.980214074995 1.0
79.0 0.999621339207 1.0
81.0 1.00079031627 1.0
object 63	1.0:1.0
16.0 1.00296747549 1.0
126.0 0.915081888992 1.0
object 64	1.0:1.0
99.0 1.01051480506 1.0
58.0 1.01947113023 1.0
object 65	1.0:1.0
174.0 4.74911832139 1.0
81.0 1.04800582948 1.0
object 66	1.0:1.0
21.0 1.02114396112 1.0
136.0 0.993199183244 1.0
148.0 0.986642952622 1.0
16.0 1.11316119196 1.0
109.0 1.01876148114 1.0
object 67	1.0:1.0
175.0 3.69249865099 1.0
163.0 2.73071844427 1.0
object 68	1.0:1.0
50.0 1.00015260212 1.0
70.0 0.958409281652 1.0
object 69	1.0:1.0
95.0 0.975437955335 1.0
51.0 0.991151770249 1.0
object 70	1.0:1.0
16.0 0.961810393433 1.0
75.0 0.949121810583 1.0
139.0 1.04218023619 1.0
object 71	1.0:1.0
4.0 1.04444405207 1.0
20.0 0.985070708289 1.0
33.0 0.998804320049 1.0
166.0 1.16243087107 1.0
object 72	1.0:1.0
149.0 0.972399443037 1.0
4.0 0.979395850808 1.0
135.0 0.990504862513 1.0
167.0 2.59459638241 1.0
15.0 1.01026761583 1.0
object 73	1.0:1.0
105.0 1.02524931441 1.0
154.0 1.03335314825 1.0
100.0 1.01865752069 1.0
30.0 1.02869240868 1.0
object 74	1.0:1.0
199.0 4.26220190112 1.0
189.0 4.53720038738 1.0
77.0 0.99169001596 1.0
object 75	1.0:1.0
145.0 1.10449174551 1.0
11.0 0.982264993371 1.0
15.0 1.07951407342 1.0
object 76	1.0:1.0
167.0 -0.81141402851 1.0
68.0 1.01027363004 1.0
object 77	1.0:1.0
133.0 0.999940229083 1.0
177.0 -0.527267451695 1.0
104.0 0.984580930151 1.0
100.0 1.03553050898 1.0
114.0 1.07378836504 1.0
object 78	1.0:1.0
199.0 -0.503128750623 1.0
58.0 0.989315186528 1.0
106.0 1.04954369782 1.0
object 79	1.0:1.0
114.0 0.968633099202 1.0
48.0 0.97102475921 1.0
103.0 1.01726827405 1.0
188.0 -2.13031564359 1.0
object 80	1.0:1.0
136.0 1.01057681577 1.0
53.0 0.976348848491 1.0
object 81	1.0:1.0
181.0 0.889298333747 1.0
83.0 0.985674423163 1.0
object 82	1.0:1.0
94.0 1.0168514126 1.0
46.0 0.982803674306 1.0
14.0 0.996508153178 1.0
68.0 0.986287094156 1.0
object 83	1.0:1.0
122.0 0.997990568815 1.0
61.0 1.00134237474 1.0
63.0 0.996061154014 1.0
object 84	1.0:1.0
81.0 1.05209510156 1.0
92.0 0.969083589783 1.0
object 85	1.0:1.0
196.0 2.66055849184 1.0
163.0 6.17141401524 1.0
97.0 1.00329107099 1.0
object 86	1.0:1.0
0.0 1.05090519308 1.0
46.0 0.989742141634 1.0
33.0 1.02197116954 1.0
94.0 1.00493319621 1.0
134.0 0.996869225242 1.0
187.0 0.036154972147 1.0
115.0 0.969065601005 1.0
object 87	1.0:1.0
185.0 2.28590440229 1.0
54.0 1.00124142284 1.0
167.0 -2.10924665538 1.0
object 88	1.0:1.0
106.0 0.985680683964 1.0
131.0 0.997072989419 1.0
127.0 1.01993884153 1.0
116.0 0.941925428636 1.0
12.0 0.977601890426 1.0
20.0 1.03072945634 1.0
65.0 0.991241662065 1.0
object 89	1.0:1.0
69.0 1.04393018315 1.0
104.0 1.01193963217 1.0
63.0 0.944722465837 1.0
object 90	1.0:1.0
159.0 1.03210574033 1.0
26.0 1.01150081748 1.0
87.0 0.994770900414 1.0
103.0 0.999527939741 1.0
113.0 0.954446400418 1.0
53.0 0.989873113224 1.0
177.0 3.35777106629 1.0
58.0 0.985706420815 1.0
object 91	1.0:1.0
21.0 1.08325320091 1.0
103.0 0.989247473054 1.0
object 92	1.0:1.0
50.0 0.923191472526 1.0
12.0 1.00016892794 1.0
165.0 -3.38416005746 1.0
object 93	1.0:1.0
18.0 0.989563753191 1.0
3.0 1.02118159557 1.0
83.0 0.992202384314 1.0
191.0 5.67810432516 1.0
27.0 1.06390576431 1.0
138.0 0.972419663849 1.0
object 94	1.0:1.0
97.0 1.00443720657 1.0
19.0 1.00800793135 1.0
24.0 0.997487401458 1.0
167.0 2.48412112329 1.0
43.0 0.983622594075 1.0
object 95	1.0:1.0
39.0 1.05628706727 1.0
17.0 0.997410330825 1.0
object 96	1.0:1.0
4.0 1.02016123864 1.0
53.0 1.01136151407 1.0
127.0 1.00048536252 1.0
object 97	1.0:1.0
31.0 0.999299833928 1.0
41.0 1.02832537697 1.0
161.0 -1.45294246969 1.0
148.0 0.944777156403 1.0
object 98	1.0:1.0
36.0 1.01996352129 1.0
40.0 1.03187192183 1.0
164.0 -0.962121456538 1.0
17.0 1.00925516824 1.0
object 99	1.0:1.0
103.0 1.01781058779 1.0
185.0 -0.445113936612 1.0
72.0 0.987574818579 1.0
