object 0	1.0:1.0
144.0 2.83579951464 1.0
43.0 0.953127639786 1.0
6.0 1.01946401167 1.0
125.0 0.999768576803 1.0
object 1	1.0:1.0
20.0 0.975924690886 1.0
192.0 0.319650699955 1.0
118.0 0.968174113248 1.0
object 2	1.0:1.0
43.0 1.02550613482 1.0
121.0 0.985145323215 1.0
object 3	1.0:1.0
129.0 1.00429939535 1.0
157.0 1.93847933696 1.0
71.0 1.02644816273 1.0
133.0 0.99514706198 1.0
object 4	1.0:1.0
183.0 6.00049160945 1.0
194.0 3.7360385084 1.0
132.0 0.993028208568 1.0
object 5	1.0:1.0
161.0 8.53409489635 1.0
163.0 2.10186554763 1.0
object 6	1.0:1.0
39.0 0.985915638513 1.0
42.0 1.00243044586 1.0
object 7	1.0:1.0
61.0 1.01941499752 1.0
90.0 1.03855476146 1.0
133.0 1.00341081955 1.0
190.0 1.73264161354 1.0
158.0 1.36558739677 1.0
object 8	1.0:1.0
153.0 2.45911177075 1.0
182.0 -0.171652864861 1.0
34.0 1.00786808673 1.0
191.0 1.97857598029 1.0
7.0 1.00828710079 1.0
89.0 1.0128662385 1.0
51.0 0.928913656486 1.0
object 9	1.0:1.0
120.0 0.991359091735 1.0
124.0 1.03913666819 1.0
117.0 1.00859514731 1.0
26.0 1.00969962098 1.0
47.0 0.974887393527 1.0
object 10	1.0:1.0
140.0 5.53602899331 1.0
114.0 0.997324552412 1.0
object 11	1.0:1.0
27.0 1.04725778774 1.0
197.0 3.4001765462 1.0
143.0 1.62047873257 1.0
98.0 0.993266191611 1.0
object 12	1.0:1.0
74.0 0.960104914985 1.0
2.0 0.986096127785 1.0
136.0 0.981832065834 1.0
object 13	1.0:1.0
65.0 1.08926514528 1.0
143.0 -1.28087688805 1.0
196.0 0.0534149991657 1.0
16.0 0.998155890114 1.0
188.0 -0.273573990944 1.0
56.0 0.992909955363 1.0
object 14	1.0:1.0
132.0 0.981193360424 1.0
73.0 1.00134415677 1.0
object 15	1.0:1.0
56.0 1.00905131914 1.0
24.0 1.03107890938 1.0
164.0 5.33662056642 1.0
object 16	1.0:1.0
111.0 0.949038061157 1.0
9.0 1.01797693918 1.0
object 17	1.0:1.0
123.0 0.997636194916 1.0
49.0 0.993197640832 1.0
41.0 0.94614239429 1.0
85.0 0.96997828874 1.0
object 18	1.0:1.0
148.0 1.37451426382 1.0
84.0 1.02426590639 1.0
56.0 0.975471687407 1.0
object 19	1.0:1.0
57.0 0.98485286073 1.0
159.0 -4.63260350886 1.0
object 20	1.0:1.0
187.0 -1.43044181257 1.0
75.0 1.01004292353 1.0
object 21	1.0:1.0
93.0 1.02894603441 1.0
3.0 0.932260276919 1.0
113.0 0.996221355624 1.0
79.0 1.00692024872 1.0
object 22	1.0:1.0
145.0 1.90255612101 1.0
9.0 1.01813476004 1.0
137.0 0.964916611557 1.0
object 23	1.0:1.0
99.0 1.01019140823 1.0
173.0 1.62983410531 1.0
object 24	1.0:1.0
102.0 1.04558875762 1.0
178.0 -1.46462549288 1.0
124.0 0.980018628413 1.0
object 25	1.0:1.0
161.0 4.70602064405 1.0
112.0 1.05290674838 1.0
18.0 0.99168417155 1.0
192.0 1.6582516217 1.0
21.0 1.02451563418 1.0
object 26	1.0:1.0
195.0 -0.0701383426094 1.0
161.0 0.271417587738 1.0
object 27	1.0:1.0
155.0 3.22201154842 1.0
78.0 1.06400627697 1.0
10.0 0.983529150274 1.0
20.0 1.013525235 1.0
object 28	1.0:1.0
89.0 1.01674174029 1.0
54.0 0.984711990575 1.0
137.0 1.00072271855 1.0
object 29	1.0:1.0
133.0 0.982699060181 1.0
76.0 1.03180536807 1.0
object 30	1.0:1.0
117.0 1.01726178251 1.0
116.0 0.984027437746 1.0
object 31	1.0:1.0
45.0 0.966822726708 1.0
54.0 1.00176396346 1.0
158.0 1.92247650257 1.0
143.0 -0.191854225256 1.0
object 32	1.0:1.0
46.0 0.992555925228 1.0
94.0 0.950054043389 1.0
object 33	1.0:1.0
170.0 1.15472620215 1.0
100.0 1.0108351498 1.0
object 34	1.0:1.0
72.0 0.894319876588 1.0
183.0 2.739539245 1.0
25.0 1.03548032019 1.0
143.0 -0.0626694662115 1.0
6.0 1.02595083603 1.0
object 35	1.0:1.0
105.0 1.01119790463 1.0
104.0 1.02595093341 1.0
object 36	1.0:1.0
35.0 0.969672249273 1.0
65.0 0.952035928592 1.0
object 37	1.0:1.0
195.0 -1.78896240689 1.0
93.0 1.0528297941 1.0
object 38	1.0:1.0
68.0 0.991871719189 1.0
197.0 3.46412595005 1.0
132.0 1.04202381796 1.0
190.0 -2.81387922339 1.0
109.0 0.916280794976 1.0
object 39	1.0:1.0
139.0 0.977203895991 1.0
71.0 1.06357413421 1.0
object 40	1.0:1.0
177.0 -0.276396837715 1.0
159.0 2.99175742309 1.0
object 41	1.0:1.0
90.0 1.01895909029 1.0
126.0 1.04781625785 1.0
179.0 2.21496096378 1.0
18.0 0.981427194254 1.0
object 42	1.0:1.0
89.0 0.997150810561 1.0
98.0 1.03166166113 1.0
134.0 1.03542551219 1.0
object 43	1.0:1.0
7.0 1.00151991102 1.0
109.0 1.00460300244 1.0
object 44	1.0:1.0
24.0 1.02646694427 1.0
76.0 0.993408604628 1.0
135.0 1.00734521762 1.0
object 45	1.0:1.0
98.0 0.961878345109 1.0
79.0 0.961401676816 1.0
165.0 1.90121921166 1.0
object 46	1.0:1.0
196.0 -0.894013393239 1.0
21.0 0.963010743288 1.0
object 47	1.0:1.0
100.0 0.996607573709 1.0
86.0 1.04184837525 1.0
object 48	1.0:1.0
168.0 -0.338706523995 1.0
143.0 0.45013091817 1.0
object 49	1.0:1.0
174.0 3.25285669602 1.0
76.0 1.00885714322 1.0
object 50	1.0:1.0
101.0 0.987416931031 1.0
0.0 0.963503455613 1.0
136.0 1.02220755674 1.0
object 51	1.0:1.0
91.0 1.02427594978 1.0
187.0 3.1418662036 1.0
139.0 0.953213215425 1.0
object 52	1.0:1.0
186.0 1.30570115576 1.0
121.0 1.00245989479 1.0
object 53	1.0:1.0
131.0 0.972877657163 1.0
157.0 -1.00061078352 1.0
90.0 0.980680506472 1.0
89.0 0.954620029357 1.0
object 54	1.0:1.0
170.0 2.67291386053 1.0
154.0 6.97921987655 1.0
175.0 -1.94291609514 1.0
70.0 1.00308028329 1.0
193.0 6.29799833234 1.0
object 55	1.0:1.0
6.0 1.00288201122 1.0
141.0 2.90721220092 1.0
61.0 0.997832186456 1.0
28.0 0.983963408631 1.0
object 56	1.0:1.0
83.0 1.02132563676 1.0
71.0 1.06368230111 1.0
188.0 6.30364762132 1.0
object 57	1.0:1.0
162.0 4.75141860719 1.0
54.0 1.01035083824 1.0
191.0 1.56252871088 1.0
object 58	1.0:1.0
191.0 5.6065555453 1.0
112.0 1.06468268993 1.0
object 59	1.0:1.0
190.0 1.8278831786 1.0
178.0 4.74078379376 1.0
object 60	1.0:1.0
150.0 -5.38203531033 1.0
79.0 1.02278562659 1.0
object 61	1.0:1.0
175.0 4.25885021339 1.0
59.0 1.00554824077 1.0
88.0 1.03494518754 1.0
174.0 3.10345812782 1.0
object 62	1.0:1.0
76.0 0.974476103591 1.0
14.0 1.00366494908 1.0
143.0 -0.951901166735 1.0
73.0 0.992699413984 1.0
object 63	1.0:1.0
124.0 1.02228237867 1.0
122.0 0.929396991346 1.0
object 64	1.0:1.0
113.0 1.01472054625 1.0
130.0 0.984044471967 1.0
47.0 0.992670674995 1.0
object 65	1.0:1.0
139.0 0.991678125256 1.0
149.0 1.21920653105 1.0
48.0 1.00452241333 1.0
196.0 3.09174981877 1.0
42.0 1.06981560317 1.0
object 66	1.0:1.0
59.0 1.00834467592 1.0
125.0 1.01382868645 1.0
6.0 1.00622915245 1.0
139.0 0.967023064124 1.0
object 67	1.0:1.0
45.0 0.999446487532 1.0
167.0 3.96483491933 1.0
104.0 0.992958861873 1.0
60.0 0.989339814404 1.0
object 68	1.0:1.0
44.0 0.954402880286 1.0
59.0 0.975494575544 1.0
object 69	1.0:1.0
66.0 1.00224326006 1.0
118.0 1.020841636 1.0
97.0 0.932043072242 1.0
object 70	1.0:1.0
70.0 1.03293281007 1.0
72.0 0.996258655441 1.0
object 71	1.0:1.0
189.0 0.58448060371 1.0
4.0 1.0311935425 1.0
172.0 6.07889007593 1.0
149.0 6.32130666546 1.0
object 72	1.0:1.0
194.0 -4.26497835116 1.0
198.0 5.44665646387 1.0
object 73	1.0:1.0
68.0 1.03333079621 1.0
41.0 0.945689005041 1.0
object 74	1.0:1.0
27.0 0.963385674807 1.0
13.0 1.00500016962 1.0
41.0 1.06128761306 1.0
22.0 1.01165875637 1.0
112.0 1.03600295585 1.0
142.0 1.67783413838 1.0
object 75	1.0:1.0
85.0 1.09117105631 1.0
24.0 0.983586914579 1.0
187.0 2.14605022248 1.0
175.0 1.11793316102 1.0
object 76	1.0:1.0
93.0 0.981455685378 1.0
116.0 1.01605835579 1.0
133.0 0.99360089338 1.0
107.0 0.976603673573 1.0
object 77	1.0:1.0
152.0 5.63426935707 1.0
167.0 -0.260176939732 1.0
137.0 0.986753491537 1.0
118.0 1.0358748229 1.0
object 78	1.0:1.0
10.0 1.00617516498 1.0
185.0 -0.13992564709 1.0
33.0 0.982819288985 1.0
object 79	1.0:1.0
82.0 1.01417746334 1.0
141.0 0.773983227178 1.0
89.0 0.967968214294 1.0
object 80	1.0:1.0
123.0 1.01371301577 1.0
26.0 0.997102329244 1.0
object 81	1.0:1.0
39.0 0.991885967683 1.0
143.0 1.24879898447 1.0
object 82	1.0:1.0
83.0 1.00337529086 1.0
31.0 0.966158081618 1.0
17.0 0.989515944887 1.0
184.0 3.10146757006 1.0
62.0 1.00982254479 1.0
object 83	1.0:1.0
133.0 0.987593610031 1.0
141.0 1.14440750804 1.0
object 84	1.0:1.0
164.0 0.811008851109 1.0
50.0 0.993736842211 1.0
195.0 2.41790401162 1.0
33.0 1.04382941747 1.0
168.0 4.32725607884 1.0
object 85	1.0:1.0
9.0 1.04232211746 1.0
7.0 1.0079787718 1.0
object 86	1.0:1.0
64.0 1.01744510957 1.0
116.0 1.0053829156 1.0
object 87	1.0:1.0
69.0 1.02296856385 1.0
100.0 0.971435396872 1.0
37.0 1.03084960217 1.0
object 88	1.0:1.0
77.0 1.00150048052 1.0
156.0 -0.0759552650678 1.0
40.0 1.00178490443 1.0
object 89	1.0:1.0
69.0 0.885446003674 1.0
48.0 1.00141004353 1.0
138.0 0.984331286661 1.0
94.0 1.02264796566 1.0
139.0 0.991148624853 1.0
126.0 1.00837179262 1.0
53.0 1.04208683363 1.0
151.0 -5.14904047173 1.0
193.0 -3.12297085304 1.0
object 90	1.0:1.0
136.0 1.01481136056 1.0
18.0 1.02849410625 1.0
57.0 1.00393904065 1.0
161.0 1.2194758046 1.0
object 91	1.0:1.0
157.0 -1.4185737464 1.0
30.0 1.0188917026 1.0
9.0 1.0216183152 1.0
object 92	1.0:1.0
64.0 1.02585436129 1.0
72.0 0.986309108858 1.0
193.0 4.76142746736 1.0
object 93	1.0:1.0
2.0 1.03246014567 1.0
64.0 1.00403479625 1.0
object 94	1.0:1.0
23.0 1.00368219658 1.0
171.0 0.281690531002 1.0
138.0 1.0439155403 1.0
22.0 1.00265678496 1.0
121.0 0.986977729268 1.0
116.0 1.01095600283 1.0
object 95	1.0:1.0
156.0 3.16348635403 1.0
142.0 -1.93676249986 1.0
object 96	1.0:1.0
93.0 0.998903089789 1.0
160.0 5.25153020817 1.0
object 97	1.0:1.0
102.0 0.993633978294 1.0
140.0 -0.692635555405 1.0
32.0 0.980702192795 1.0
68.0 1.00755752414 1.0
30.0 0.999427583495 1.0
81.0 0.998177566712 1.0
object 98	1.0:1.0
182.0 -1.40372055035 1.0
110.0 0.989335078859 1.0
10.0 0.995392125505 1.0
72.0 0.913974048762 1.0
144.0 3.18198878217 1.0
object 99	1.0:1.0
130.0 0.988630642539 1.0
181.0 2.38632671991 1.0
145.0 1.37814606385 1.0
114.0 0.991017676213 1.0
