object 0	1.0:1.0
141.0 -0.157520256564 1.0
33.0 1.01484643706 1.0
157.0 3.18690974098 1.0
93.0 1.00814383695 1.0
132.0 1.01504956947 1.0
74.0 0.951497945292 1.0
72.0 0.964164099603 1.0
106.0 1.01191680805 1.0
83.0 1.00152039807 1.0
118.0 1.00982810349 1.0
71.0 0.902759888276 1.0
154.0 -6.93281077569 1.0
21.0 1.03306872128 1.0
112.0 0.903825898403 1.0
150.0 -0.394457964766 1.0
173.0 1.06145933149 1.0
87.0 0.961994285648 1.0
117.0 1.02275096293 1.0
65.0 1.00283117002 1.0
object 1	1.0:1.0
185.0 3.53845169935 1.0
33.0 1.00391064663 1.0
153.0 -0.379998388702 1.0
48.0 0.976923264033 1.0
4.0 0.970963420766 1.0
148.0 0.793378191852 1.0
194.0 -3.47198971473 1.0
134.0 1.01805811905 1.0
object 2	1.0:1.0
72.0 1.02542408758 1.0
105.0 0.975082176428 1.0
198.0 1.35997289087 1.0
11.0 0.994888460564 1.0
110.0 1.00627172102 1.0
158.0 -1.11607153436 1.0
162.0 3.02129827045 1.0
156.0 2.34394993459 1.0
46.0 0.939110778434 1.0
9.0 1.01107518664 1.0
object 3	1.0:1.0
181.0 7.37328547911 1.0
142.0 9.77270662611 1.0
64.0 0.937649348359 1.0
76.0 0.990677440292 1.0
51.0 0.987649597233 1.0
8.0 1.03631570106 1.0
132.0 0.989785486372 1.0
103.0 1.00236880904 1.0
124.0 1.01157304696 1.0
188.0 0.511238115693 1.0
88.0 1.02339341656 1.0
81.0 0.962324937426 1.0
object 4	1.0:1.0
8.0 1.00372188409 1.0
88.0 1.02452344291 1.0
100.0 1.00180384588 1.0
141.0 2.0467039192 1.0
134.0 1.00819947798 1.0
120.0 0.987679862515 1.0
170.0 2.10825193978 1.0
61.0 0.995747071092 1.0
30.0 0.940599302278 1.0
object 5	1.0:1.0
117.0 0.991104964729 1.0
104.0 0.980311812007 1.0
198.0 3.60179875831 1.0
108.0 0.988713529586 1.0
67.0 1.02398170853 1.0
64.0 0.931499977887 1.0
109.0 1.01670994281 1.0
159.0 0.620506571488 1.0
134.0 0.982573117465 1.0
119.0 0.978979459325 1.0
120.0 0.985152885094 1.0
124.0 0.983977996453 1.0
152.0 -2.16283008574 1.0
object 6	1.0:1.0
102.0 1.07476437552 1.0
22.0 1.04446142036 1.0
193.0 -1.8032083609 1.0
81.0 1.0456402476 1.0
61.0 1.06025944733 1.0
188.0 3.99764678569 1.0
115.0 0.980511746041 1.0
71.0 0.990647003923 1.0
165.0 -0.171071853864 1.0
147.0 3.40506216685 1.0
object 7	1.0:1.0
6.0 0.964252852 1.0
152.0 3.1186550671 1.0
116.0 1.00232242779 1.0
74.0 0.992833498454 1.0
170.0 -1.07459977483 1.0
60.0 0.957209361767 1.0
67.0 0.928968985364 1.0
27.0 1.02832798933 1.0
183.0 1.15949308234 1.0
object 8	1.0:1.0
1.0 1.02318459628 1.0
117.0 1.01478133991 1.0
110.0 1.01625928213 1.0
120.0 1.00356158316 1.0
116.0 0.954020506567 1.0
104.0 0.976907971866 1.0
74.0 0.998170086636 1.0
object 9	1.0:1.0
108.0 0.993446936932 1.0
82.0 0.973105007601 1.0
197.0 1.07571061993 1.0
70.0 1.00840266795 1.0
129.0 1.0012963507 1.0
47.0 1.00905900582 1.0
38.0 0.979101743557 1.0
93.0 0.983437408484 1.0
158.0 3.7119345099 1.0
113.0 1.0168221823 1.0
object 10	1.0:1.0
82.0 1.03463272675 1.0
87.0 1.01672978539 1.0
162.0 3.09301160286 1.0
170.0 1.01836308292 1.0
9.0 0.974485464051 1.0
36.0 1.01112628964 1.0
96.0 1.01733245482 1.0
26.0 0.989732582289 1.0
107.0 1.0155620205 1.0
78.0 0.996302428801 1.0
100.0 1.00095652645 1.0
61.0 1.00985481944 1.0
193.0 -0.25947511712 1.0
104.0 1.02425093251 1.0
169.0 0.364692057352 1.0
8.0 0.982630963396 1.0
object 11	1.0:1.0
56.0 1.01294610531 1.0
36.0 0.997569439299 1.0
128.0 0.9749384266 1.0
150.0 5.43226070417 1.0
153.0 2.29269132416 1.0
4.0 0.994860921691 1.0
44.0 0.978681959096 1.0
112.0 0.960389954675 1.0
1.0 0.956653759497 1.0
142.0 4.64494212777 1.0
72.0 1.01416954534 1.0
115.0 0.996766090206 1.0
104.0 1.01494750114 1.0
object 12	1.0:1.0
180.0 1.75864879529 1.0
97.0 0.981863778836 1.0
121.0 1.01492558602 1.0
88.0 1.0164970207 1.0
171.0 2.3437880071 1.0
28.0 0.996097129968 1.0
71.0 1.02800032945 1.0
107.0 0.967922902039 1.0
118.0 0.99744350653 1.0
24.0 1.01618081301 1.0
23.0 1.04130821037 1.0
110.0 0.993594147177 1.0
object 13	1.0:1.0
132.0 1.04364627371 1.0
71.0 1.11601786609 1.0
12.0 0.934350853314 1.0
90.0 1.01062387645 1.0
52.0 0.998849604866 1.0
94.0 1.01925010118 1.0
187.0 0.609335747264 1.0
120.0 1.01166765694 1.0
111.0 1.01338964356 1.0
object 14	1.0:1.0
163.0 4.02650714893 1.0
5.0 1.06565248272 1.0
113.0 1.01067560699 1.0
195.0 -1.34474574056 1.0
104.0 0.964467469531 1.0
41.0 1.01154379385 1.0
30.0 1.01696304878 1.0
10.0 1.03357352854 1.0
26.0 0.990180614018 1.0
46.0 1.01554530104 1.0
69.0 1.00680965145 1.0
65.0 0.996832662706 1.0
object 15	1.0:1.0
139.0 0.991060427161 1.0
103.0 1.03490951171 1.0
28.0 0.991235545037 1.0
180.0 1.75591884848 1.0
191.0 -1.39573124484 1.0
64.0 1.00634983278 1.0
11.0 0.871763590627 1.0
42.0 1.00908298352 1.0
149.0 2.75433694495 1.0
157.0 6.96278583038 1.0
107.0 0.970879121642 1.0
116.0 1.04934382634 1.0
object 16	1.0:1.0
162.0 4.06176287877 1.0
42.0 0.974445520343 1.0
167.0 1.45481190059 1.0
14.0 1.05268039642 1.0
29.0 0.928717415907 1.0
127.0 1.0725890302 1.0
104.0 0.999968988212 1.0
115.0 1.00422549795 1.0
27.0 0.960642085253 1.0
119.0 1.00665765298 1.0
8.0 0.976502587107 1.0
182.0 3.85825041698 1.0
36.0 1.01667463939 1.0
74.0 0.9296201615 1.0
151.0 0.879062370448 1.0
object 17	1.0:1.0
103.0 1.0701492598 1.0
175.0 4.65975638685 1.0
64.0 0.992352713069 1.0
182.0 -0.291394820095 1.0
31.0 0.995469814607 1.0
160.0 -1.36313042994 1.0
44.0 0.992547144825 1.0
106.0 1.05896324227 1.0
53.0 1.00214795086 1.0
159.0 0.559564761354 1.0
165.0 -0.52043511647 1.0
24.0 1.01766865445 1.0
object 18	1.0:1.0
19.0 1.03176961897 1.0
44.0 1.00509107273 1.0
104.0 0.976065943641 1.0
140.0 0.61624595441 1.0
185.0 5.0671157578 1.0
174.0 3.08130313139 1.0
105.0 0.968512114321 1.0
83.0 1.05586294266 1.0
135.0 0.997189978681 1.0
137.0 0.967500756705 1.0
object 19	1.0:1.0
76.0 1.01980711764 1.0
138.0 0.965710757361 1.0
198.0 -0.298907041755 1.0
111.0 1.0059976738 1.0
86.0 1.00032528819 1.0
10.0 0.963382760437 1.0
12.0 1.01980157016 1.0
74.0 0.967020896592 1.0
68.0 0.981654404276 1.0
44.0 0.966570704554 1.0
120.0 0.988444345532 1.0
98.0 0.970461869683 1.0
165.0 0.956593377391 1.0
object 20	1.0:1.0
24.0 0.991344298372 1.0
51.0 0.992489064273 1.0
119.0 0.956241475358 1.0
11.0 0.972647621145 1.0
86.0 0.98615230247 1.0
39.0 1.02400517631 1.0
155.0 3.92310882435 1.0
18.0 1.01505596664 1.0
98.0 0.991653477683 1.0
163.0 3.4697653797 1.0
22.0 0.995682235359 1.0
46.0 0.973018039605 1.0
176.0 2.33461499689 1.0
object 21	1.0:1.0
119.0 0.992091530934 1.0
127.0 0.977408493492 1.0
90.0 0.980886859217 1.0
95.0 1.0225834012 1.0
104.0 1.01441296262 1.0
185.0 1.16857323938 1.0
131.0 0.929546370546 1.0
46.0 1.05920000095 1.0
61.0 1.0400480228 1.0
68.0 1.01449574678 1.0
99.0 1.00813640165 1.0
79.0 0.916201470732 1.0
50.0 1.0241257894 1.0
object 22	1.0:1.0
113.0 1.00151136007 1.0
78.0 0.94429741815 1.0
6.0 1.01310071008 1.0
73.0 1.01939156804 1.0
59.0 1.00040160086 1.0
100.0 1.00472222424 1.0
175.0 0.246211236802 1.0
48.0 0.918360493649 1.0
32.0 1.01951256154 1.0
101.0 1.0174902857 1.0
object 23	1.0:1.0
164.0 1.97774688607 1.0
72.0 1.02006223289 1.0
175.0 6.14685830815 1.0
166.0 0.901385481262 1.0
145.0 -0.113136042412 1.0
54.0 1.02873310778 1.0
171.0 7.95157916549 1.0
102.0 0.988233746542 1.0
object 24	1.0:1.0
22.0 0.915920711277 1.0
117.0 1.00782237011 1.0
166.0 -1.17155804652 1.0
130.0 1.0009009178 1.0
157.0 2.00197813353 1.0
53.0 1.0077919938 1.0
80.0 0.995325717725 1.0
84.0 0.950374240707 1.0
108.0 0.991909264422 1.0
68.0 1.0324454606 1.0
object 25	1.0:1.0
7.0 1.07501138284 1.0
79.0 1.00470180379 1.0
49.0 1.02957972693 1.0
158.0 1.33754728967 1.0
81.0 1.00795006428 1.0
60.0 1.00819902889 1.0
108.0 0.990962329823 1.0
191.0 1.28137787674 1.0
114.0 1.02460174943 1.0
195.0 2.25628942438 1.0
19.0 1.03589999198 1.0
69.0 0.991186451079 1.0
object 26	1.0:1.0
79.0 1.04061631902 1.0
1.0 1.0317540991 1.0
173.0 0.505395858591 1.0
194.0 5.17256339192 1.0
164.0 4.47837046719 1.0
74.0 0.978627109905 1.0
196.0 1.9562400143 1.0
135.0 0.880332999016 1.0
object 27	1.0:1.0
135.0 1.03061737454 1.0
94.0 0.981004230239 1.0
198.0 1.87181996814 1.0
78.0 1.0273614548 1.0
87.0 0.991401906751 1.0
172.0 1.90997566396 1.0
6.0 1.03300783726 1.0
47.0 0.980029873667 1.0
158.0 1.59803492278 1.0
108.0 1.00655731639 1.0
131.0 1.00981745933 1.0
object 28	1.0:1.0
76.0 1.03359239001 1.0
172.0 -0.262303877112 1.0
72.0 0.954149643264 1.0
11.0 1.01454209543 1.0
188.0 -0.946035326218 1.0
134.0 1.0203713952 1.0
40.0 1.026865655 1.0
object 29	1.0:1.0
162.0 -0.323269249546 1.0
153.0 -3.51388664078 1.0
135.0 1.00997780643 1.0
55.0 1.00146237629 1.0
44.0 1.01060245099 1.0
189.0 4.44761972355 1.0
object 30	1.0:1.0
71.0 1.07056679265 1.0
27.0 0.980633295971 1.0
114.0 1.00866979862 1.0
155.0 -3.44756283493 1.0
81.0 1.03885632799 1.0
70.0 1.00815680152 1.0
2.0 1.05601308128 1.0
85.0 1.00026319901 1.0
189.0 -8.60826453871 1.0
192.0 2.94452503112 1.0
object 31	1.0:1.0
91.0 1.00173288493 1.0
19.0 0.972226180417 1.0
88.0 1.05166436729 1.0
69.0 0.995407033252 1.0
136.0 0.993476959766 1.0
8.0 1.00748561467 1.0
75.0 0.997185127255 1.0
9.0 1.08028770993 1.0
object 32	1.0:1.0
176.0 -2.26951828141 1.0
184.0 1.40626665291 1.0
116.0 0.976315597001 1.0
60.0 0.993686903093 1.0
70.0 1.08997699537 1.0
126.0 0.99399022696 1.0
178.0 1.19022782672 1.0
53.0 1.01231533815 1.0
87.0 0.98792766595 1.0
28.0 1.06203228834 1.0
189.0 2.55954901638 1.0
198.0 0.938068417384 1.0
195.0 -0.36007318056 1.0
113.0 1.01499064061 1.0
object 33	1.0:1.0
47.0 0.997234760044 1.0
13.0 0.960588911181 1.0
114.0 0.980182007332 1.0
131.0 0.988426047626 1.0
2.0 1.04338593626 1.0
object 34	1.0:1.0
161.0 2.64966169668 1.0
197.0 -0.122549850388 1.0
51.0 0.991697074936 1.0
3.0 0.98979465065 1.0
118.0 1.0001134197 1.0
94.0 0.989407618399 1.0
95.0 0.957880684674 1.0
55.0 1.0461329542 1.0
91.0 0.982505401946 1.0
object 35	1.0:1.0
189.0 -4.92653320963 1.0
12.0 1.03553381146 1.0
4.0 1.01669874751 1.0
43.0 0.977595331558 1.0
object 36	1.0:1.0
49.0 0.961438051931 1.0
92.0 0.935704456912 1.0
87.0 1.03378657918 1.0
22.0 1.01147176145 1.0
190.0 -0.0928947179878 1.0
141.0 2.18599330048 1.0
143.0 3.14357398309 1.0
57.0 0.973836635421 1.0
124.0 0.997132938916 1.0
90.0 0.968695690915 1.0
89.0 0.915935050027 1.0
68.0 1.02533401774 1.0
object 37	1.0:1.0
101.0 0.987033035976 1.0
140.0 -0.731875426484 1.0
139.0 0.99770087305 1.0
172.0 -0.82506550986 1.0
82.0 0.984203995342 1.0
121.0 1.01856502048 1.0
150.0 5.53658711995 1.0
23.0 1.00355696857 1.0
63.0 1.00113490616 1.0
61.0 1.0123539347 1.0
6.0 0.968960457078 1.0
134.0 1.03323619943 1.0
184.0 -5.07628785315 1.0
58.0 1.01611867028 1.0
126.0 0.986220325738 1.0
152.0 2.33448850592 1.0
76.0 0.987160546796 1.0
object 38	1.0:1.0
140.0 4.12200250553 1.0
148.0 1.27676084096 1.0
18.0 0.997901805413 1.0
81.0 0.94989983043 1.0
117.0 1.00393321473 1.0
object 39	1.0:1.0
59.0 0.941997357446 1.0
16.0 1.01549130901 1.0
98.0 0.986172272776 1.0
158.0 2.00388537081 1.0
104.0 1.00933947903 1.0
155.0 -0.940855277862 1.0
94.0 1.00014057449 1.0
143.0 -5.16172497658 1.0
73.0 0.960949514955 1.0
object 40	1.0:1.0
62.0 0.978904808462 1.0
177.0 0.566716477224 1.0
85.0 0.984627128441 1.0
94.0 0.996024637231 1.0
164.0 2.9937724044 1.0
192.0 -0.196898484471 1.0
98.0 1.02746526299 1.0
52.0 1.00218981691 1.0
36.0 0.990781657073 1.0
24.0 0.968374847274 1.0
111.0 1.02982536833 1.0
object 41	1.0:1.0
94.0 0.961661333781 1.0
130.0 1.03657335597 1.0
21.0 0.973313509192 1.0
172.0 0.117718113297 1.0
181.0 -1.48667768047 1.0
122.0 1.01665496517 1.0
98.0 0.987717041731 1.0
object 42	1.0:1.0
98.0 0.972897206188 1.0
9.0 0.926677908423 1.0
172.0 1.59004193342 1.0
147.0 2.24100932101 1.0
122.0 1.00485506872 1.0
55.0 0.920269300873 1.0
125.0 1.09584336684 1.0
154.0 6.06478901197 1.0
112.0 1.02714631478 1.0
object 43	1.0:1.0
100.0 1.00597808608 1.0
89.0 0.980166259471 1.0
122.0 1.04203342225 1.0
75.0 0.981862840215 1.0
39.0 0.982176007443 1.0
20.0 0.999138293238 1.0
178.0 1.32572310093 1.0
12.0 0.978224910773 1.0
170.0 -0.000598162632919 1.0
30.0 1.02090618962 1.0
object 44	1.0:1.0
108.0 1.02089610724 1.0
26.0 1.03107247126 1.0
89.0 1.05544656791 1.0
78.0 0.999272025177 1.0
16.0 1.00591532419 1.0
124.0 1.03462460546 1.0
169.0 1.52643911425 1.0
46.0 1.03304166971 1.0
110.0 0.987937747623 1.0
178.0 0.825293062789 1.0
20.0 0.999894611253 1.0
81.0 0.951474808089 1.0
177.0 -3.95352555421 1.0
object 45	1.0:1.0
119.0 1.00321266566 1.0
147.0 2.4577590127 1.0
113.0 1.02456772989 1.0
160.0 1.38460365335 1.0
24.0 0.994975012967 1.0
45.0 1.00163293405 1.0
54.0 0.93323781428 1.0
108.0 0.981136700195 1.0
140.0 6.29162234622 1.0
94.0 0.994523250589 1.0
182.0 0.287842292451 1.0
36.0 0.997292158867 1.0
129.0 0.989295499784 1.0
118.0 1.01026441596 1.0
object 46	1.0:1.0
80.0 0.992492808232 1.0
24.0 1.01459108566 1.0
141.0 2.28224355665 1.0
55.0 0.965001408067 1.0
148.0 0.916494075231 1.0
174.0 4.00436186091 1.0
29.0 1.0033293567 1.0
object 47	1.0:1.0
137.0 1.05760095949 1.0
193.0 1.7245785755 1.0
163.0 0.135176175811 1.0
object 48	1.0:1.0
19.0 0.988093389829 1.0
87.0 1.03307248325 1.0
8.0 0.969430478505 1.0
169.0 2.34783359887 1.0
141.0 -1.5600355978 1.0
101.0 0.997931613513 1.0
127.0 1.02692100714 1.0
171.0 -4.13633717176 1.0
28.0 1.00331737142 1.0
113.0 1.01066646587 1.0
2.0 0.978471918384 1.0
130.0 0.983724196662 1.0
66.0 0.995676870633 1.0
95.0 0.995023716642 1.0
50.0 0.994283849818 1.0
94.0 1.00685516322 1.0
20.0 0.975599691946 1.0
object 49	1.0:1.0
85.0 1.00602831182 1.0
18.0 1.00150420448 1.0
13.0 0.943320172977 1.0
73.0 1.05758191788 1.0
21.0 0.973652732356 1.0
138.0 1.04515810123 1.0
123.0 0.995483182454 1.0
97.0 0.992653926394 1.0
148.0 1.13358372202 1.0
51.0 1.0059363189 1.0
101.0 1.02934388998 1.0
180.0 1.83254778611 1.0
186.0 0.59974396416 1.0
object 50	1.0:0.5 5.14092060491:0.5
106.0 1.01043095637 0.0
21.0 1.03643140407 0.0
16.0 5.16121116894 1.0
47.0 5.13057638173 1.0
65.0 5.10218682422 1.0
154.0 -0.272638558418 0.0
185.0 3.98248032246 1.0
177.0 -3.88212194565 0.0
113.0 5.12163972357 1.0
192.0 1.48329485557 0.0
69.0 5.21897325008 1.0
172.0 5.86474427175 1.0
187.0 4.23668573027 0.0
52.0 0.989214684274 0.0
object 51	1.0:0.5 14.3733052197:0.5
157.0 13.844449723 1.0
103.0 0.896579133334 0.0
122.0 14.3018596552 1.0
90.0 14.3145354686 1.0
14.0 14.3641952827 1.0
object 52	1.0:0.5 -8.7741816641:0.5
2.0 -8.81747011572 1.0
20.0 1.06391400241 0.0
76.0 1.06226760984 0.0
97.0 -8.83043280792 1.0
146.0 -10.682632172 1.0
193.0 2.60864624634 0.0
40.0 0.991354793979 0.0
54.0 0.935256940597 0.0
53.0 0.978761482499 0.0
object 53	1.0:0.5 -2.72233726089:0.5
53.0 1.03483632671 0.0
124.0 -2.71056045392 1.0
132.0 0.975761906534 0.0
184.0 0.233065105653 1.0
object 54	1.0:0.5 4.39725268713:0.5
25.0 4.47453119256 1.0
12.0 4.46158787972 1.0
170.0 -0.954947159324 0.0
145.0 3.99379942948 0.0
181.0 -0.103050869396 0.0
135.0 1.00344813723 0.0
11.0 4.36873485938 1.0
35.0 4.41360603028 1.0
object 55	1.0:0.5 4.66904886742:0.5
147.0 9.06205997011 1.0
21.0 0.991555269457 0.0
177.0 5.98634494095 0.0
172.0 -2.34489833951 0.0
141.0 -1.70043377649 0.0
132.0 4.73869874116 1.0
135.0 4.65172141173 1.0
6.0 4.7002296947 1.0
18.0 4.59288754494 1.0
45.0 4.54117423091 1.0
object 56	1.0:0.5 23.92159643:0.5
64.0 0.890287667545 0.0
98.0 23.8887259643 1.0
6.0 0.942937639297 0.0
118.0 23.8724233734 1.0
object 57	1.0:0.5 17.4179414816:0.5
93.0 0.96003914533 0.0
147.0 18.2834503768 1.0
4.0 17.3991651194 1.0
149.0 19.6718036146 1.0
104.0 0.968183157213 0.0
40.0 0.99513876009 0.0
73.0 17.3776262219 1.0
125.0 17.4190654344 1.0
51.0 1.0551273829 0.0
195.0 17.8040672754 1.0
96.0 17.4035176497 1.0
49.0 1.0603337852 0.0
12.0 17.4315093473 1.0
22.0 17.4628671918 1.0
object 58	1.0:0.5 10.8883705479:0.5
37.0 1.06718704331 0.0
175.0 2.06508549472 0.0
1.0 10.8475860108 1.0
9.0 1.00954257008 0.0
79.0 11.0113462357 1.0
137.0 10.9667044545 1.0
57.0 10.9036384521 1.0
199.0 3.36441145711 0.0
188.0 13.2423390514 1.0
187.0 11.4727413588 1.0
object 59	1.0:0.5 -0.202312745979:0.5
150.0 -3.04161922603 1.0
74.0 0.913853424625 0.0
64.0 0.98806956411 0.0
70.0 1.00401653433 0.0
144.0 -5.9978460945 1.0
63.0 -0.218592233727 1.0
114.0 0.987625183717 0.0
object 60	1.0:0.5 4.45463288285:0.5
150.0 2.95328599442 0.0
173.0 5.05607477641 1.0
167.0 1.09010901262 0.0
188.0 1.56752586358 0.0
145.0 6.77706783781 1.0
55.0 1.03093233339 0.0
47.0 1.02685017146 0.0
object 61	1.0:0.5 22.1090592586:0.5
183.0 24.784614076 1.0
104.0 0.995731620382 0.0
80.0 22.178781902 1.0
105.0 1.05129238052 0.0
5.0 1.05586624874 0.0
161.0 -3.21249926902 0.0
39.0 22.1616537488 1.0
119.0 22.0846630703 1.0
93.0 1.00101026718 0.0
159.0 20.6559401683 1.0
object 62	1.0:0.5 15.3447138851:0.5
45.0 1.06821778306 0.0
20.0 15.3817711969 1.0
88.0 0.990386733404 0.0
19.0 15.3285635501 1.0
81.0 1.00668679026 0.0
object 63	1.0:0.5 0.222816471419:0.5
65.0 0.162715799526 1.0
63.0 0.161283613753 1.0
162.0 4.71744093586 1.0
77.0 0.242149378563 1.0
9.0 0.220172509205 1.0
78.0 0.218163572635 1.0
56.0 0.239822553903 1.0
177.0 1.45770684461 1.0
59.0 0.174218666573 1.0
object 64	1.0:0.5 12.7200805526:0.5
127.0 12.7539751962 1.0
161.0 19.1320320906 1.0
119.0 12.747509159 1.0
77.0 0.978371035493 0.0
84.0 12.6862460332 1.0
129.0 12.7741777175 1.0
159.0 2.94085923163 0.0
164.0 9.3827636165 0.0
3.0 1.06147594969 0.0
object 65	1.0:0.5 6.98255617127:0.5
178.0 10.6293204544 0.0
192.0 4.35964501207 0.0
113.0 1.11729454573 0.0
196.0 2.34422427304 0.0
90.0 0.890240240497 0.0
object 66	1.0:0.5 -12.1609351094:0.5
182.0 0.0177443117507 0.0
53.0 -12.2082317071 1.0
73.0 -12.2660047846 1.0
115.0 -12.0967760745 1.0
128.0 -12.1442587356 1.0
149.0 -13.7641996896 1.0
29.0 1.05668791464 0.0
59.0 1.04816065385 0.0
165.0 -12.7842584993 1.0
177.0 -5.50615382565 0.0
172.0 1.45789683186 0.0
174.0 1.56505048347 0.0
24.0 -12.1752398299 1.0
142.0 -13.3442763981 1.0
12.0 -12.0676385234 1.0
112.0 1.0289090959 0.0
103.0 1.09109384736 0.0
184.0 0.0250586321219 0.0
44.0 -12.1546091759 1.0
object 67	1.0:0.5 -9.16627935754:0.5
88.0 -9.22599616481 1.0
10.0 0.921144110519 0.0
76.0 -9.19130369304 1.0
98.0 0.948005813946 0.0
136.0 1.04529472475 0.0
176.0 -10.1600170472 1.0
71.0 -9.15660103988 1.0
27.0 0.919982130948 0.0
54.0 1.05592325342 0.0
167.0 -9.43225146929 1.0
38.0 -9.22598929578 1.0
166.0 -1.68179175918 0.0
object 68	1.0:0.5 0.840739572816:0.5
12.0 1.03257791806 0.0
84.0 0.926005918144 1.0
102.0 0.881780524718 1.0
146.0 3.45764218448 0.0
131.0 1.08743881774 0.0
128.0 1.02141092496 0.0
95.0 0.798759663954 1.0
52.0 1.03561428353 0.0
194.0 -0.478965171697 0.0
6.0 1.08096871773 0.0
120.0 0.87345664884 0.0
object 69	1.0:0.5 7.04987663593:0.5
199.0 2.65334462018 1.0
197.0 7.32182339725 0.0
121.0 7.07634299557 1.0
25.0 1.04668058852 0.0
195.0 7.48876102695 1.0
108.0 7.11697555614 1.0
71.0 0.976784890895 0.0
object 70	1.0:0.5 -13.7249002034:0.5
9.0 -13.6965810538 1.0
131.0 0.973732015974 0.0
33.0 -13.729912949 1.0
42.0 1.06644187102 0.0
180.0 -1.31943957456 0.0
150.0 -14.3971341541 1.0
187.0 -1.62633371838 0.0
174.0 0.952023166948 0.0
object 71	1.0:0.5 -7.90555189005:0.5
165.0 1.73788051753 0.0
199.0 2.17353253023 0.0
104.0 0.937243420032 0.0
95.0 1.00376847052 0.0
23.0 -7.8278497154 1.0
20.0 -7.95937118319 1.0
177.0 -10.0036367393 1.0
18.0 -7.89362147743 1.0
98.0 -7.82530101893 1.0
138.0 -7.92343704376 1.0
143.0 -8.04854287183 1.0
51.0 -7.92580320653 1.0
2.0 1.00536261374 0.0
object 72	1.0:0.5 -0.153160677018:0.5
59.0 -0.08832390936 1.0
172.0 0.629253587164 1.0
103.0 -0.113521658726 1.0
174.0 -0.423448554571 1.0
69.0 -0.0828247744089 1.0
120.0 1.02431857874 0.0
70.0 -0.179381036509 1.0
object 73	1.0:0.5 19.1929989257:0.5
157.0 19.2035056362 1.0
182.0 -0.0561586065665 0.0
9.0 0.980042642393 0.0
20.0 0.945936796504 0.0
99.0 19.1774328929 1.0
12.0 19.2166341643 1.0
191.0 0.602186242048 0.0
144.0 18.6333524312 1.0
126.0 19.1556599507 1.0
68.0 19.211548903 1.0
71.0 0.923246563185 0.0
3.0 19.2706049251 1.0
86.0 19.2146896412 1.0
138.0 19.2579186405 1.0
102.0 19.242264296 1.0
114.0 0.935628613315 0.0
6.0 0.987782720396 0.0
object 74	1.0:0.5 -4.91197758904:0.5
14.0 -4.8962013317 1.0
186.0 -0.353503053298 0.0
17.0 -4.92137850659 1.0
96.0 -4.93160400093 1.0
object 75	1.0:0.5 9.54691085028:0.5
100.0 1.0247416962 0.0
37.0 9.52036113909 1.0
5.0 1.02659729395 0.0
142.0 9.71784459143 1.0
98.0 1.06788192081 0.0
168.0 1.02475979755 0.0
130.0 0.977078118865 0.0
84.0 1.04452177784 0.0
object 76	1.0:0.5 2.55613427279:0.5
133.0 2.43515557843 1.0
145.0 4.13559029045 0.0
160.0 3.04206753451 1.0
65.0 2.44593565255 1.0
69.0 2.59582156972 1.0
86.0 0.992640940008 0.0
188.0 1.98759459616 1.0
125.0 2.56601468515 1.0
94.0 2.51089838349 1.0
51.0 2.59062310885 1.0
16.0 2.57678184727 1.0
146.0 2.59659266366 0.0
object 77	1.0:0.5 9.35653213264:0.5
5.0 9.39567051267 1.0
51.0 9.41320817321 1.0
125.0 0.958186540137 0.0
78.0 1.00279913511 0.0
134.0 9.33178656841 1.0
173.0 9.65492901207 1.0
object 78	1.0:0.5 5.03684187273:0.5
199.0 -1.88766769264 0.0
40.0 1.08857180257 0.0
33.0 4.99717994186 1.0
182.0 2.00980997149 0.0
81.0 0.962458854998 0.0
30.0 4.99090415162 1.0
173.0 -0.268643573208 0.0
61.0 5.08598598543 1.0
13.0 5.078895431 1.0
object 79	1.0:0.5 -19.1450141776:0.5
0.0 -19.1888413251 1.0
64.0 1.01696214509 0.0
81.0 0.993634351535 0.0
113.0 -19.255541532 1.0
68.0 -19.0983411803 1.0
167.0 1.00414233991 0.0
192.0 -14.7571126162 1.0
155.0 -0.189403486001 0.0
object 80	1.0:0.5 -5.22153760472:0.5
170.0 -1.13038296582 0.0
70.0 -5.17521228678 1.0
101.0 1.00371155483 0.0
149.0 -0.774326943904 1.0
136.0 0.958059341722 0.0
38.0 -5.21909478802 1.0
68.0 0.981697913051 0.0
26.0 1.0056414805 0.0
113.0 1.01587023607 0.0
91.0 -5.22065186184 1.0
object 81	1.0:0.5 -0.968854542947:0.5
86.0 1.02379086463 0.0
9.0 1.00527387441 0.0
38.0 0.95161917572 0.0
101.0 -0.921502925974 1.0
56.0 -1.08361423109 1.0
1.0 0.952984500848 0.0
143.0 3.05364510784 0.0
92.0 1.05454612675 0.0
163.0 -2.81506452051 0.0
object 82	1.0:0.5 -16.8438420775:0.5
79.0 -16.8878845523 1.0
188.0 -18.4246540555 1.0
164.0 3.69331359439 0.0
32.0 1.03169697401 0.0
111.0 -16.7729151206 1.0
83.0 -16.8416177517 1.0
175.0 -15.522906345 1.0
179.0 -6.09435633252 0.0
122.0 -16.8807358302 1.0
127.0 -16.8948653455 1.0
195.0 0.559855532465 0.0
object 83	1.0:0.5 -16.5014104594:0.5
116.0 0.99258598721 0.0
30.0 -16.4636660365 1.0
45.0 -16.5193562898 1.0
13.0 -16.5193859818 1.0
10.0 0.951043925119 0.0
105.0 -16.4928636054 1.0
144.0 -11.7257213627 1.0
48.0 0.93186625875 0.0
object 84	1.0:0.5 -4.50056337851:0.5
103.0 1.04239112896 0.0
4.0 -4.41515831619 1.0
105.0 -4.56556849343 1.0
66.0 0.99459788985 0.0
74.0 -4.49870977817 1.0
53.0 0.985282331287 0.0
153.0 1.57592636198 0.0
199.0 -0.908669948293 0.0
150.0 1.18172561372 0.0
137.0 1.05960516343 0.0
10.0 -4.57399559406 1.0
47.0 -4.45570519508 1.0
104.0 1.06931248068 0.0
32.0 0.962922476006 0.0
object 85	1.0:0.5 -7.17233476935:0.5
169.0 2.13325339291 0.0
22.0 -7.24139690434 1.0
152.0 -6.65209338963 1.0
187.0 0.05929213212 0.0
128.0 -7.1374696898 1.0
14.0 -7.19460113233 1.0
90.0 -7.10134082095 1.0
100.0 -7.17309343715 1.0
198.0 -3.48468089632 1.0
108.0 0.916483894696 0.0
166.0 -7.6678135757 1.0
196.0 -7.7979926795 1.0
170.0 -11.5128551699 1.0
92.0 -7.15874157446 1.0
object 86	1.0:0.5 22.4362292661:0.5
63.0 22.5181117868 1.0
51.0 1.05710941654 0.0
133.0 22.5022135474 1.0
118.0 22.421278403 1.0
47.0 22.4537001322 1.0
object 87	1.0:0.5 14.0363258415:0.5
169.0 14.7993734396 1.0
14.0 0.99887557188 0.0
170.0 13.8199710369 1.0
115.0 13.9630381441 1.0
184.0 17.5282664709 1.0
150.0 -4.88861708987 0.0
94.0 1.02392312664 0.0
70.0 14.0280556314 1.0
98.0 0.969918454669 0.0
60.0 14.0092255007 1.0
191.0 9.74266954089 1.0
81.0 14.0650061076 1.0
80.0 1.0580504986 0.0
56.0 0.987022205627 0.0
187.0 4.91606580924 0.0
164.0 5.94857347984 0.0
object 88	1.0:0.5 -16.5760915834:0.5
44.0 0.984561201172 0.0
10.0 -16.6326301475 1.0
103.0 -16.6477561457 1.0
40.0 -16.5640617371 1.0
146.0 -17.8036282011 1.0
72.0 -16.5933708555 1.0
28.0 1.06626032675 0.0
61.0 0.913633585442 0.0
95.0 -16.5091405851 1.0
43.0 -16.6575191601 1.0
187.0 -1.21200134032 0.0
130.0 1.02756113447 0.0
186.0 -16.0372520188 1.0
124.0 -16.5422803894 1.0
83.0 -16.5337094 1.0
object 89	1.0:0.5 1.30223450862:0.5
70.0 1.36558970655 1.0
56.0 1.39405054486 1.0
6.0 1.20171360949 1.0
49.0 0.951228231913 0.0
35.0 1.25402410392 1.0
179.0 -1.62371977161 0.0
147.0 1.61314936423 0.0
153.0 -4.09949245184 1.0
21.0 1.0444847448 0.0
142.0 2.57141862607 1.0
181.0 -4.37788291143 0.0
103.0 0.91869694941 0.0
15.0 0.992305624984 0.0
169.0 1.34028749401 1.0
object 90	1.0:0.5 -9.29339262915:0.5
183.0 2.80052735824 0.0
125.0 1.01070011048 0.0
193.0 2.37143479198 0.0
8.0 1.07783810389 0.0
26.0 1.0077200375 0.0
54.0 -9.38276452264 1.0
161.0 -8.39452518375 1.0
18.0 0.908719183108 0.0
170.0 5.1899741916 0.0
46.0 -9.25334752959 1.0
156.0 -18.8074117878 1.0
181.0 -11.1004420344 1.0
187.0 -7.98664216914 1.0
object 91	1.0:0.5 18.1523420733:0.5
40.0 0.981567751509 0.0
4.0 0.928817988134 0.0
35.0 18.138344057 1.0
165.0 1.50551762313 0.0
52.0 0.924546106057 0.0
30.0 1.0369935595 0.0
97.0 18.1108212697 1.0
129.0 0.96426526176 0.0
100.0 0.963198382932 0.0
145.0 20.5420856952 1.0
object 92	1.0:0.5 -4.35698902845:0.5
88.0 -4.34189523159 1.0
148.0 -5.71980741443 1.0
53.0 -4.35864627179 1.0
54.0 -4.36580451124 1.0
51.0 -4.33721548839 1.0
56.0 -4.37923915552 1.0
object 93	1.0:0.5 14.1378925361:0.5
69.0 1.01584328444 0.0
153.0 3.99480032356 0.0
29.0 14.1445340778 1.0
122.0 14.1360086132 1.0
50.0 14.0822912716 1.0
163.0 11.1107586084 1.0
135.0 14.2171512108 1.0
156.0 10.8666385005 1.0
67.0 14.1071906854 1.0
199.0 -1.47957498676 0.0
100.0 14.1692353491 1.0
37.0 14.1214740043 1.0
object 94	1.0:0.5 1.40034040443:0.5
115.0 1.33147768021 1.0
137.0 1.35022378719 1.0
151.0 -0.716593717806 1.0
117.0 1.37090228958 1.0
47.0 1.45346668243 1.0
142.0 2.45280034451 1.0
92.0 0.995482090826 0.0
189.0 1.19233942196 1.0
3.0 1.0363667872 0.0
127.0 1.35781973185 1.0
66.0 1.4674526087 1.0
147.0 2.33461144154 0.0
object 95	1.0:0.5 13.5247775955:0.5
58.0 13.5197259167 1.0
112.0 0.977980980215 0.0
86.0 0.973086809091 0.0
153.0 5.71486076867 0.0
73.0 1.0233548104 0.0
137.0 0.929092026456 0.0
38.0 0.993913140557 0.0
162.0 17.8154524461 1.0
173.0 11.200417232 1.0
object 96	1.0:0.5 3.38053806169:0.5
29.0 1.05013172106 0.0
117.0 3.36529425459 1.0
68.0 1.03843146636 0.0
48.0 1.02200448582 0.0
42.0 1.0061238616 0.0
80.0 0.993130832035 0.0
179.0 0.31119655245 0.0
106.0 3.33615570395 1.0
85.0 0.967612215132 0.0
135.0 3.28950110533 1.0
74.0 0.927999347469 0.0
122.0 0.88373175103 0.0
143.0 -6.05436621741 0.0
32.0 3.36929892406 1.0
16.0 0.900171521444 0.0
object 97	1.0:0.5 -3.71238159052:0.5
21.0 1.00261926696 0.0
169.0 -1.98807287219 1.0
126.0 -3.74262912871 1.0
154.0 -5.52477884759 1.0
69.0 -3.68869713582 1.0
122.0 -3.73282842082 1.0
96.0 0.976278653967 0.0
90.0 -3.747945453 1.0
67.0 -3.74443400507 1.0
object 98	1.0:0.5 -5.99118637398:0.5
104.0 -6.02886708128 1.0
4.0 0.973075704229 0.0
100.0 -5.97150978369 1.0
125.0 1.08280467515 0.0
170.0 -7.54182629253 1.0
155.0 -6.33666307817 1.0
66.0 -5.98940731301 1.0
29.0 0.987432197918 0.0
195.0 -4.11901516962 1.0
object 99	1.0:0.5 1.11393944271:0.5
9.0 1.17601527832 1.0
49.0 1.08826283992 1.0
137.0 1.0058299896 0.0
198.0 -0.304927733773 0.0
128.0 1.07986575795 1.0
141.0 5.80388168615 0.0
26.0 1.16794530333 1.0
111.0 0.996121894554 0.0
140.0 -4.36299182497 0.0
98.0 0.95770532113 0.0
