object 0	1.0:1.0
137.0 0.915670060303 1.0
55.0 0.972989164822 1.0
149.0 2.23881471466 1.0
35.0 0.973010842247 1.0
199.0 -2.277045784 1.0
0.0 0.943603510372 1.0
194.0 -1.34770082516 1.0
49.0 0.984113613176 1.0
159.0 4.63062647479 1.0
173.0 -2.12521992043 1.0
25.0 1.0142029852 1.0
object 1	1.0:1.0
172.0 1.91282076594 1.0
69.0 1.00664936172 1.0
126.0 1.02241377758 1.0
166.0 2.69855319144 1.0
96.0 0.999021745942 1.0
192.0 2.03586523808 1.0
57.0 0.985085886864 1.0
1.0 1.02374288076 1.0
98.0 1.01634835833 1.0
object 2	1.0:1.0
21.0 0.971448372505 1.0
59.0 0.998520944702 1.0
23.0 0.983758588771 1.0
61.0 1.03952944245 1.0
129.0 1.00364492095 1.0
84.0 0.886694033271 1.0
object 3	1.0:1.0
179.0 6.33183389513 1.0
189.0 3.13351350595 1.0
100.0 0.976762893052 1.0
58.0 0.984930471533 1.0
140.0 2.27183783277 1.0
33.0 1.00243239041 1.0
125.0 0.996067976981 1.0
102.0 0.961753784344 1.0
184.0 0.454342436517 1.0
object 4	1.0:1.0
62.0 1.0217284007 1.0
45.0 1.02813468117 1.0
47.0 1.03263904489 1.0
102.0 0.993832849831 1.0
144.0 1.72990651935 1.0
65.0 0.939164264363 1.0
41.0 0.996587809828 1.0
73.0 0.986347450416 1.0
182.0 6.04409704764 1.0
128.0 0.964040648757 1.0
75.0 0.997845492649 1.0
object 5	1.0:1.0
35.0 1.0641260839 1.0
155.0 4.81141271802 1.0
120.0 0.976522111452 1.0
130.0 0.935149022014 1.0
113.0 0.949966937647 1.0
84.0 0.922186306907 1.0
18.0 0.864248365048 1.0
165.0 0.424652832139 1.0
20.0 0.965543850073 1.0
94.0 1.01296895325 1.0
object 6	1.0:1.0
21.0 0.962810609576 1.0
43.0 0.979119818714 1.0
186.0 1.6931816365 1.0
104.0 0.976333735771 1.0
120.0 1.00619643724 1.0
147.0 6.03604545328 1.0
155.0 -3.12148811025 1.0
6.0 1.00099479136 1.0
139.0 1.00944585804 1.0
object 7	1.0:1.0
55.0 1.01383432015 1.0
199.0 -1.12512919773 1.0
27.0 0.973839708299 1.0
184.0 -0.0785084899584 1.0
105.0 1.03584481506 1.0
7.0 0.989818266519 1.0
161.0 2.32725542563 1.0
192.0 -0.0484431906792 1.0
172.0 0.15228865845 1.0
49.0 0.983279615466 1.0
25.0 0.932180678507 1.0
120.0 0.992014743378 1.0
object 8	1.0:1.0
83.0 1.02837996646 1.0
37.0 1.00425418128 1.0
160.0 -6.16957132695 1.0
136.0 1.02264785027 1.0
60.0 0.969330342082 1.0
103.0 0.967167584399 1.0
6.0 0.993896945963 1.0
67.0 1.02987030187 1.0
33.0 0.959281285358 1.0
object 9	1.0:1.0
192.0 -4.85819269494 1.0
103.0 1.00756443733 1.0
56.0 0.966420028247 1.0
190.0 -1.35551407666 1.0
28.0 0.995913390701 1.0
8.0 0.973220429801 1.0
65.0 0.998705231378 1.0
object 10	1.0:1.0
173.0 -3.61996721564 1.0
83.0 1.01321878626 1.0
116.0 1.03167614198 1.0
73.0 1.01122503419 1.0
80.0 1.03531296188 1.0
149.0 -0.0211619330067 1.0
13.0 0.946073233018 1.0
140.0 2.97701418054 1.0
30.0 1.02797637571 1.0
104.0 0.980927190684 1.0
object 11	1.0:1.0
78.0 1.01551756888 1.0
139.0 0.982001922559 1.0
7.0 0.984278454595 1.0
169.0 0.973097587971 1.0
194.0 -1.08417266917 1.0
96.0 0.958990323374 1.0
72.0 0.985174794959 1.0
object 12	1.0:1.0
187.0 7.71567050205 1.0
57.0 1.01623663609 1.0
11.0 1.00520751513 1.0
161.0 3.23144267605 1.0
73.0 0.98307283072 1.0
31.0 0.985369653209 1.0
object 13	1.0:1.0
178.0 5.12457746743 1.0
39.0 1.03405511161 1.0
64.0 1.02069637538 1.0
185.0 1.42062608589 1.0
156.0 2.21048722785 1.0
21.0 1.01009063623 1.0
79.0 0.951696797328 1.0
114.0 0.993591932954 1.0
object 14	1.0:1.0
35.0 1.00697186957 1.0
73.0 1.0202346081 1.0
130.0 0.965579057643 1.0
144.0 0.619054306733 1.0
122.0 1.04247031062 1.0
29.0 1.00555671683 1.0
174.0 1.21854886776 1.0
97.0 0.988348094403 1.0
object 15	1.0:1.0
124.0 0.997176718911 1.0
88.0 1.08738613948 1.0
52.0 1.01811495306 1.0
40.0 1.00572156632 1.0
136.0 1.02845301135 1.0
129.0 1.0085321979 1.0
85.0 1.0148235466 1.0
62.0 0.959353119342 1.0
140.0 -0.382450105404 1.0
106.0 1.02341050583 1.0
object 16	1.0:1.0
44.0 0.998798770299 1.0
188.0 1.65657031009 1.0
171.0 8.15900234665 1.0
79.0 0.978285969523 1.0
174.0 -3.63882718489 1.0
object 17	1.0:1.0
128.0 0.978349622857 1.0
171.0 0.786464751019 1.0
195.0 0.525197248469 1.0
78.0 1.01511876386 1.0
99.0 1.00104148778 1.0
object 18	1.0:1.0
180.0 -5.08035447797 1.0
175.0 3.52608780851 1.0
183.0 4.94149090865 1.0
76.0 0.995224034204 1.0
20.0 0.950857044128 1.0
159.0 2.18990766387 1.0
60.0 0.998471979696 1.0
158.0 10.2709289595 1.0
57.0 0.998960493369 1.0
39.0 1.01285210078 1.0
143.0 2.2898876204 1.0
object 19	1.0:1.0
197.0 7.45849599144 1.0
57.0 0.99200452975 1.0
42.0 1.02121696118 1.0
196.0 8.32456022667 1.0
100.0 1.00979735711 1.0
129.0 1.00076581829 1.0
162.0 -8.66692808186 1.0
84.0 0.865903307382 1.0
96.0 0.952903454637 1.0
object 20	1.0:1.0
193.0 -5.79018909143 1.0
109.0 1.03738945004 1.0
61.0 0.965564747797 1.0
55.0 0.982225114672 1.0
91.0 0.983299848225 1.0
103.0 1.04993946017 1.0
object 21	1.0:1.0
195.0 -1.37987013573 1.0
171.0 -3.9161640156 1.0
27.0 1.02568540194 1.0
170.0 -1.65202202667 1.0
136.0 0.96268684695 1.0
object 22	1.0:1.0
75.0 1.01532310951 1.0
5.0 1.04711722353 1.0
190.0 3.2527883642 1.0
158.0 5.6828131314 1.0
78.0 0.968165027881 1.0
142.0 -1.32635289527 1.0
43.0 0.972615490559 1.0
56.0 1.06795758599 1.0
68.0 0.979142245314 1.0
59.0 1.00194746404 1.0
object 23	1.0:1.0
28.0 0.99278395191 1.0
19.0 1.10144693608 1.0
66.0 1.03261645785 1.0
125.0 0.917749488248 1.0
166.0 1.53114145254 1.0
42.0 1.00110811548 1.0
10.0 1.02262412838 1.0
159.0 0.880278971477 1.0
68.0 1.01796413939 1.0
object 24	1.0:1.0
182.0 -0.602148084159 1.0
122.0 1.00832753949 1.0
94.0 0.993320608254 1.0
158.0 -0.408840063578 1.0
11.0 1.00575970573 1.0
107.0 0.957790065636 1.0
145.0 -0.626562983015 1.0
21.0 1.01326413848 1.0
object 25	1.0:1.0
34.0 0.979228638794 1.0
132.0 1.01315725403 1.0
173.0 2.83754125411 1.0
144.0 -0.503704284746 1.0
140.0 0.542474635144 1.0
106.0 0.976961732852 1.0
object 26	1.0:1.0
3.0 0.978811715266 1.0
154.0 -1.83941355301 1.0
167.0 2.31607613207 1.0
94.0 1.01121185646 1.0
175.0 -2.32416118543 1.0
111.0 0.983190731525 1.0
68.0 0.969021882407 1.0
28.0 0.990284450668 1.0
90.0 0.963978832469 1.0
34.0 1.06934244003 1.0
116.0 1.01375410119 1.0
object 27	1.0:1.0
97.0 1.02744840994 1.0
197.0 12.4122091395 1.0
127.0 0.999835535043 1.0
85.0 1.03454703134 1.0
182.0 5.50098427109 1.0
111.0 1.04121010343 1.0
20.0 0.998162336434 1.0
129.0 1.00973434077 1.0
object 28	1.0:1.0
57.0 1.0019035804 1.0
184.0 1.4183070591 1.0
99.0 0.999639688178 1.0
140.0 1.40246084502 1.0
7.0 1.02154233335 1.0
34.0 1.10506689405 1.0
12.0 1.01568407963 1.0
198.0 -1.86441747168 1.0
object 29	1.0:1.0
120.0 1.00140726248 1.0
56.0 1.0385686404 1.0
92.0 1.00418211553 1.0
125.0 1.01337591386 1.0
13.0 1.0426129561 1.0
197.0 -2.08771597235 1.0
47.0 0.9891019042 1.0
object 30	1.0:1.0
128.0 1.00313284147 1.0
26.0 1.00578690747 1.0
31.0 1.01259124349 1.0
60.0 1.01720008674 1.0
10.0 1.01249664327 1.0
59.0 0.999639778941 1.0
183.0 -1.20830635067 1.0
136.0 1.00657095865 1.0
object 31	1.0:1.0
11.0 1.00906204231 1.0
32.0 1.04356524001 1.0
145.0 -1.54267150258 1.0
176.0 -5.55559472493 1.0
92.0 1.01293331525 1.0
53.0 0.960543005099 1.0
166.0 3.51930068253 1.0
68.0 0.980756267237 1.0
object 32	1.0:1.0
92.0 1.00116912983 1.0
2.0 0.974551234622 1.0
172.0 -0.518523364741 1.0
111.0 0.969573275474 1.0
49.0 0.999571613434 1.0
101.0 0.961636269984 1.0
1.0 1.06162720013 1.0
86.0 0.979197925621 1.0
18.0 1.07969465151 1.0
112.0 0.940202780201 1.0
160.0 2.44541428783 1.0
73.0 0.979642845131 1.0
141.0 -3.78658541914 1.0
object 33	1.0:1.0
183.0 1.89840026811 1.0
23.0 1.03197965867 1.0
8.0 1.01132572869 1.0
119.0 0.924741263368 1.0
149.0 7.0083662176 1.0
175.0 0.274226963036 1.0
75.0 1.00258844397 1.0
54.0 0.980619329516 1.0
92.0 0.939698013357 1.0
29.0 1.01989358838 1.0
object 34	1.0:1.0
66.0 1.015586108 1.0
2.0 1.04199510177 1.0
163.0 6.05447872759 1.0
124.0 1.0039731145 1.0
157.0 3.28368728008 1.0
106.0 0.978479037377 1.0
161.0 1.98884604206 1.0
146.0 0.478292381532 1.0
30.0 1.00698644703 1.0
object 35	1.0:1.0
100.0 0.99603416351 1.0
63.0 1.04087585241 1.0
187.0 0.491868497557 1.0
46.0 0.999853176851 1.0
41.0 1.00531041493 1.0
157.0 3.90532123401 1.0
166.0 1.8175782292 1.0
180.0 -5.04660034427 1.0
10.0 1.01319070777 1.0
4.0 1.0720701588 1.0
101.0 0.978251019235 1.0
object 36	1.0:1.0
179.0 5.8519029368 1.0
145.0 0.1854261944 1.0
93.0 1.04494555792 1.0
49.0 1.02239750314 1.0
77.0 0.995013582939 1.0
11.0 1.00007985057 1.0
117.0 1.01645928163 1.0
137.0 0.958363529483 1.0
186.0 0.938269767879 1.0
122.0 1.04310349062 1.0
197.0 1.89734722815 1.0
object 37	1.0:1.0
44.0 1.01073136149 1.0
34.0 1.02631417372 1.0
97.0 0.990270173828 1.0
68.0 0.999134706256 1.0
32.0 0.994669998846 1.0
172.0 0.423654952746 1.0
168.0 0.791278217896 1.0
object 38	1.0:1.0
118.0 1.0003764124 1.0
33.0 0.994771196615 1.0
139.0 1.03040504475 1.0
78.0 1.00732815771 1.0
22.0 1.01818519058 1.0
57.0 1.01799341355 1.0
173.0 -3.77896061764 1.0
75.0 0.990891832703 1.0
198.0 3.72865109047 1.0
25.0 0.967521278738 1.0
62.0 1.04794694304 1.0
195.0 1.23882220725 1.0
81.0 0.998650634597 1.0
10.0 0.979965096028 1.0
object 39	1.0:1.0
53.0 1.00329406338 1.0
171.0 2.22176743693 1.0
127.0 1.00133105148 1.0
87.0 1.00794951055 1.0
178.0 -3.24583231858 1.0
45.0 1.00183153743 1.0
object 40	1.0:1.0
192.0 -1.05942705515 1.0
183.0 1.53829618857 1.0
84.0 0.970365102701 1.0
88.0 1.05283193568 1.0
187.0 -6.87093504638 1.0
25.0 1.02737395396 1.0
46.0 1.03639693956 1.0
68.0 1.05182212062 1.0
116.0 0.932779635588 1.0
41.0 0.99043316198 1.0
21.0 1.00290182851 1.0
102.0 0.985850527613 1.0
object 41	1.0:1.0
19.0 1.06103961816 1.0
115.0 1.01407224987 1.0
146.0 7.69746714429 1.0
64.0 1.00289918718 1.0
123.0 1.02675689469 1.0
193.0 -7.578970362 1.0
181.0 0.107390676506 1.0
163.0 -6.09238568364 1.0
73.0 1.0051158563 1.0
168.0 1.62897319919 1.0
object 42	1.0:1.0
73.0 0.983689144635 1.0
25.0 1.03988588805 1.0
64.0 1.00208544682 1.0
62.0 1.07164829376 1.0
87.0 0.977542972769 1.0
147.0 -3.22495281168 1.0
60.0 1.00633027914 1.0
14.0 1.01317648396 1.0
135.0 0.993144333411 1.0
95.0 0.989471238256 1.0
object 43	1.0:1.0
185.0 -1.62415460439 1.0
76.0 0.989867482721 1.0
109.0 1.03417960187 1.0
125.0 1.03597906884 1.0
156.0 2.65015364259 1.0
14.0 1.02726935652 1.0
180.0 1.45798431232 1.0
190.0 -5.38254890816 1.0
object 44	1.0:1.0
30.0 1.00637782657 1.0
75.0 1.01304190803 1.0
70.0 1.03022945932 1.0
105.0 1.0128191493 1.0
47.0 1.01376413317 1.0
122.0 0.924063469678 1.0
140.0 0.272410889466 1.0
67.0 0.968760645425 1.0
180.0 -0.364745802183 1.0
172.0 1.08294176333 1.0
187.0 0.790589217255 1.0
object 45	1.0:1.0
77.0 1.00212358204 1.0
61.0 1.02068009001 1.0
164.0 1.87690210171 1.0
35.0 1.03913261063 1.0
75.0 0.993040858368 1.0
176.0 1.4467400625 1.0
15.0 1.01629501525 1.0
140.0 -1.17515225075 1.0
object 46	1.0:1.0
52.0 1.02510064691 1.0
13.0 0.995255996042 1.0
87.0 0.960736479984 1.0
74.0 1.0216782439 1.0
65.0 0.984615468665 1.0
102.0 1.03079087875 1.0
152.0 -0.119693006128 1.0
43.0 0.963516410904 1.0
6.0 1.01147832327 1.0
46.0 0.978556888161 1.0
70.0 1.0038029208 1.0
15.0 1.00901906071 1.0
153.0 0.549580719471 1.0
object 47	1.0:1.0
193.0 1.83104085919 1.0
89.0 1.02818893817 1.0
90.0 0.966614335953 1.0
122.0 0.996951237177 1.0
120.0 0.982325786995 1.0
object 48	1.0:1.0
69.0 0.981232964724 1.0
2.0 0.959629703292 1.0
160.0 0.0411190535401 1.0
128.0 0.986090380525 1.0
82.0 0.963700993232 1.0
198.0 1.55044948724 1.0
36.0 0.983634748631 1.0
48.0 1.01615308694 1.0
186.0 -2.07868461774 1.0
67.0 0.971859417507 1.0
176.0 -0.42277769158 1.0
object 49	1.0:1.0
140.0 2.3208758308 1.0
161.0 -0.124848112501 1.0
150.0 -2.3094066408 1.0
158.0 2.10607017089 1.0
object 50	1.0:1.0
194.0 -0.272937733067 1.0
180.0 -2.81133017045 1.0
14.0 1.01172179085 1.0
92.0 1.09276585104 1.0
object 51	1.0:1.0
110.0 1.02622003425 1.0
63.0 1.03831475646 1.0
94.0 1.00095048162 1.0
21.0 1.03228246784 1.0
180.0 1.06307487404 1.0
146.0 2.48137101742 1.0
12.0 1.01783313134 1.0
39.0 0.984740957793 1.0
153.0 1.29249180384 1.0
object 52	1.0:1.0
82.0 1.00039623037 1.0
196.0 5.70099954123 1.0
66.0 1.1093105349 1.0
157.0 4.78558082741 1.0
101.0 1.06294756491 1.0
12.0 1.02824975529 1.0
107.0 0.937046789386 1.0
18.0 0.962777519842 1.0
102.0 1.03249458817 1.0
75.0 0.998145071608 1.0
59.0 0.995179632032 1.0
object 53	1.0:1.0
37.0 1.00131875396 1.0
190.0 5.25919058439 1.0
40.0 1.06221306666 1.0
39.0 0.994394702424 1.0
135.0 0.997723959896 1.0
172.0 -0.17834191992 1.0
object 54	1.0:1.0
101.0 0.993875494388 1.0
167.0 1.77846228617 1.0
5.0 1.01715342367 1.0
146.0 -5.80333233495 1.0
18.0 1.02967142476 1.0
187.0 -1.91351936767 1.0
object 55	1.0:1.0
125.0 0.966499448816 1.0
38.0 0.990388216558 1.0
132.0 0.977848319315 1.0
114.0 1.01723162033 1.0
195.0 4.21023896511 1.0
86.0 1.01399551914 1.0
90.0 0.973681931212 1.0
44.0 0.981656870536 1.0
object 56	1.0:1.0
71.0 1.06470482152 1.0
105.0 0.955041618745 1.0
183.0 -3.70693238038 1.0
118.0 1.02187291758 1.0
67.0 1.03498379946 1.0
70.0 1.03036636535 1.0
112.0 0.888830986295 1.0
142.0 2.61682510412 1.0
149.0 -2.59212335275 1.0
object 57	1.0:1.0
26.0 0.980653041133 1.0
188.0 2.01537047719 1.0
172.0 -0.356871091405 1.0
125.0 0.943432016337 1.0
19.0 0.977217072314 1.0
149.0 -3.37392888048 1.0
31.0 1.04242244784 1.0
20.0 1.01428550519 1.0
83.0 1.01472319683 1.0
122.0 1.02052248885 1.0
155.0 -4.72262573403 1.0
object 58	1.0:1.0
144.0 -0.00476756217942 1.0
63.0 1.00522136865 1.0
122.0 1.02365761553 1.0
78.0 0.942684903679 1.0
184.0 1.02981288379 1.0
22.0 1.02711758378 1.0
object 59	1.0:1.0
49.0 0.969159019422 1.0
76.0 0.931896355688 1.0
53.0 1.00847184014 1.0
73.0 0.999250277399 1.0
9.0 0.999630162473 1.0
54.0 1.02033858978 1.0
71.0 0.988540279179 1.0
88.0 0.964866772889 1.0
24.0 0.993073317266 1.0
61.0 0.993253243262 1.0
94.0 1.01577782433 1.0
object 60	1.0:1.0
133.0 1.00604389839 1.0
147.0 -11.800160835 1.0
149.0 -0.269351598738 1.0
199.0 -2.48931524677 1.0
74.0 0.997840021944 1.0
85.0 1.00381034362 1.0
110.0 0.944762099432 1.0
109.0 0.985965718465 1.0
22.0 0.989521516467 1.0
57.0 1.01403456133 1.0
object 61	1.0:1.0
149.0 5.78872418537 1.0
170.0 3.26061557163 1.0
109.0 1.01224461726 1.0
47.0 0.960610293037 1.0
100.0 1.00895677017 1.0
28.0 1.01766313491 1.0
122.0 1.03210876755 1.0
172.0 2.71673078813 1.0
object 62	1.0:1.0
51.0 0.977583616795 1.0
22.0 1.00082052306 1.0
68.0 0.968583420864 1.0
132.0 0.993070988862 1.0
53.0 1.04272869725 1.0
183.0 0.414563773184 1.0
166.0 0.897924531548 1.0
86.0 1.0151401936 1.0
126.0 1.01180395541 1.0
90.0 1.01773881162 1.0
object 63	1.0:1.0
29.0 1.01961228642 1.0
78.0 1.017592353 1.0
108.0 1.00745682382 1.0
60.0 1.03901000106 1.0
9.0 0.999240763427 1.0
193.0 5.11176507902 1.0
196.0 -0.978608918474 1.0
36.0 0.978405135963 1.0
170.0 8.04054559318 1.0
120.0 0.964213083028 1.0
126.0 1.00546265809 1.0
object 64	1.0:1.0
194.0 4.37012461224 1.0
28.0 1.01012610121 1.0
141.0 12.3538037619 1.0
2.0 1.02220596964 1.0
111.0 1.00755471888 1.0
145.0 1.09191546574 1.0
142.0 3.82668199172 1.0
115.0 0.980724143887 1.0
162.0 0.432865082853 1.0
121.0 1.00520404561 1.0
135.0 1.01463332395 1.0
object 65	1.0:1.0
44.0 0.998460167469 1.0
139.0 1.00606528244 1.0
188.0 0.954461082755 1.0
50.0 1.01433419586 1.0
113.0 0.995648626422 1.0
95.0 1.02334506101 1.0
88.0 1.02391110037 1.0
123.0 1.05293268233 1.0
14.0 1.00280298568 1.0
166.0 -0.195777498819 1.0
11.0 0.994642705019 1.0
84.0 0.946906606384 1.0
190.0 6.3619119702 1.0
36.0 1.00769669356 1.0
object 66	1.0:1.0
30.0 1.04271484892 1.0
47.0 0.99711757615 1.0
107.0 0.976872342677 1.0
32.0 0.980942854312 1.0
196.0 -1.67043904515 1.0
37.0 0.968656519675 1.0
81.0 1.00332256474 1.0
17.0 1.03868679245 1.0
96.0 0.996807581508 1.0
44.0 0.990283897846 1.0
55.0 0.976906267323 1.0
179.0 3.30545795096 1.0
46.0 0.999457210723 1.0
170.0 3.73620100272 1.0
object 67	1.0:1.0
138.0 0.980503031739 1.0
8.0 0.9795267409 1.0
33.0 0.98177991051 1.0
172.0 2.49311751896 1.0
81.0 0.943794494398 1.0
23.0 0.964509262891 1.0
26.0 0.999461761128 1.0
133.0 0.926392848626 1.0
61.0 1.08381325589 1.0
126.0 1.02516906617 1.0
15.0 1.01531240125 1.0
72.0 0.9538106185 1.0
182.0 -0.621883069098 1.0
object 68	1.0:1.0
102.0 1.01132195035 1.0
70.0 1.02985348207 1.0
3.0 1.02008605094 1.0
198.0 -1.17660379881 1.0
80.0 1.03763670928 1.0
62.0 1.05194491997 1.0
8.0 1.01426308846 1.0
36.0 1.00274246486 1.0
190.0 1.61581316956 1.0
object 69	1.0:1.0
12.0 0.988258935701 1.0
172.0 2.05681923129 1.0
158.0 2.43556584527 1.0
143.0 4.23183884974 1.0
25.0 1.00140425751 1.0
16.0 1.0139358855 1.0
3.0 0.995637249699 1.0
181.0 2.56531540866 1.0
object 70	1.0:1.0
14.0 1.02320994361 1.0
66.0 0.977652612757 1.0
95.0 0.945638459113 1.0
140.0 1.99804876664 1.0
152.0 2.56708842251 1.0
130.0 0.985327032882 1.0
69.0 0.947392836197 1.0
127.0 1.00316261004 1.0
149.0 -0.0968291331731 1.0
object 71	1.0:1.0
71.0 1.06747527284 1.0
150.0 -1.49360619785 1.0
82.0 1.01559730803 1.0
151.0 1.71114993337 1.0
122.0 0.959251690728 1.0
53.0 1.03123641805 1.0
64.0 0.988560246746 1.0
180.0 1.03604241579 1.0
79.0 1.01137445899 1.0
9.0 1.01039435604 1.0
5.0 0.976874290624 1.0
57.0 1.0023920706 1.0
object 72	1.0:1.0
186.0 0.56357402248 1.0
19.0 1.04174902932 1.0
163.0 0.834523979746 1.0
11.0 1.01024905077 1.0
97.0 1.0027092305 1.0
78.0 1.02248330715 1.0
object 73	1.0:1.0
45.0 0.999144593978 1.0
198.0 -0.1444060501 1.0
40.0 1.02835196893 1.0
6.0 1.00869994179 1.0
23.0 0.991289421491 1.0
68.0 1.01784640364 1.0
27.0 0.978359694373 1.0
59.0 1.00782028096 1.0
81.0 1.05769611892 1.0
36.0 1.00041586875 1.0
object 74	1.0:1.0
129.0 0.982567984055 1.0
68.0 1.03069056127 1.0
89.0 1.0448472029 1.0
7.0 1.04906891274 1.0
24.0 1.00559125489 1.0
17.0 0.992656573498 1.0
102.0 1.03733779041 1.0
object 75	1.0:1.0
179.0 4.57822257101 1.0
34.0 0.990312881411 1.0
78.0 1.01100819153 1.0
74.0 0.994911665272 1.0
23.0 0.974470470661 1.0
56.0 0.932278297427 1.0
37.0 1.00132359643 1.0
64.0 0.986919758004 1.0
87.0 0.997507161008 1.0
18.0 1.01901066303 1.0
142.0 -0.892998254629 1.0
43.0 0.963482127992 1.0
69.0 0.917391360353 1.0
object 76	1.0:1.0
127.0 1.00262021543 1.0
51.0 0.974004545067 1.0
4.0 0.912846863294 1.0
96.0 0.970149375576 1.0
93.0 0.97838736973 1.0
178.0 0.289737765011 1.0
30.0 1.00792957779 1.0
144.0 2.30132777465 1.0
16.0 0.967337688162 1.0
object 77	1.0:1.0
131.0 0.983312192846 1.0
112.0 1.06947291644 1.0
183.0 -0.101354257883 1.0
185.0 3.94103495062 1.0
76.0 0.970007483978 1.0
7.0 0.996940124595 1.0
190.0 -4.59107477752 1.0
149.0 0.466496961329 1.0
189.0 2.33116473194 1.0
127.0 0.982670216125 1.0
103.0 0.984632049349 1.0
object 78	1.0:1.0
194.0 3.17836729651 1.0
115.0 0.983038374151 1.0
0.0 1.01178028651 1.0
159.0 -0.286664978921 1.0
151.0 1.80698218782 1.0
153.0 2.48516923941 1.0
167.0 4.20165915322 1.0
85.0 0.992922256856 1.0
110.0 0.932726272715 1.0
156.0 1.17134200842 1.0
128.0 0.992367631137 1.0
92.0 1.03564475299 1.0
120.0 1.03225786768 1.0
object 79	1.0:1.0
72.0 1.02428211562 1.0
151.0 0.732640701534 1.0
148.0 11.7632979842 1.0
198.0 -2.26313947256 1.0
14.0 0.995635923152 1.0
154.0 5.23735478983 1.0
114.0 0.984848027393 1.0
120.0 1.01247381255 1.0
31.0 1.01076537274 1.0
object 80	1.0:1.0
194.0 5.21041019833 1.0
105.0 0.986073297603 1.0
28.0 0.994941025626 1.0
199.0 -2.80033769311 1.0
93.0 1.01167630471 1.0
21.0 0.996378978692 1.0
156.0 4.87915775342 1.0
116.0 0.982943766479 1.0
47.0 1.00850797943 1.0
101.0 0.96220210284 1.0
64.0 0.953778091807 1.0
187.0 2.15244351613 1.0
object 81	1.0:1.0
167.0 1.8483997423 1.0
62.0 0.951844219488 1.0
88.0 1.0690571183 1.0
101.0 0.971492753156 1.0
12.0 1.00063521793 1.0
44.0 0.995579437593 1.0
143.0 -1.02523917298 1.0
72.0 0.993652198514 1.0
object 82	1.0:1.0
189.0 -1.05375148456 1.0
60.0 1.05304742343 1.0
154.0 4.22338161606 1.0
18.0 0.964829739868 1.0
175.0 1.77718150623 1.0
134.0 1.00192244822 1.0
72.0 0.961483249178 1.0
object 83	1.0:1.0
41.0 1.02351745725 1.0
198.0 -0.0522200895035 1.0
1.0 1.01545889429 1.0
104.0 0.997244844873 1.0
object 84	1.0:1.0
133.0 1.00643069208 1.0
49.0 0.992664427801 1.0
104.0 1.05699177268 1.0
46.0 1.03278514627 1.0
136.0 1.07049492672 1.0
5.0 1.01850440209 1.0
object 85	1.0:1.0
121.0 1.01034904336 1.0
32.0 1.01635114483 1.0
27.0 0.963916975754 1.0
112.0 0.951841347911 1.0
151.0 -0.373497415653 1.0
110.0 1.0917587966 1.0
63.0 0.976828863528 1.0
141.0 -2.87489208705 1.0
object 86	1.0:1.0
7.0 1.02014465686 1.0
143.0 -4.47864173395 1.0
26.0 0.993765992789 1.0
126.0 0.992537585338 1.0
153.0 2.0756894264 1.0
10.0 1.04063914373 1.0
162.0 3.08661258764 1.0
95.0 0.994225246365 1.0
72.0 0.96841259007 1.0
62.0 0.940511835732 1.0
104.0 0.985073968443 1.0
181.0 1.67221249427 1.0
33.0 0.995460946978 1.0
80.0 1.02097959678 1.0
109.0 1.02975512342 1.0
object 87	1.0:1.0
94.0 0.982317061153 1.0
143.0 0.0948493203888 1.0
58.0 1.01196148075 1.0
193.0 5.69315345266 1.0
149.0 -2.09940212135 1.0
132.0 1.00347783118 1.0
153.0 0.141324154983 1.0
161.0 0.492404266186 1.0
189.0 1.00937763434 1.0
object 88	1.0:1.0
103.0 0.987823789724 1.0
28.0 0.990010551531 1.0
77.0 0.990813182212 1.0
162.0 -2.05516024626 1.0
33.0 0.998187217531 1.0
30.0 0.993592630655 1.0
149.0 -0.683174624082 1.0
99.0 1.00858415992 1.0
31.0 0.992537745205 1.0
object 89	1.0:1.0
76.0 0.968133081814 1.0
167.0 2.55642682857 1.0
165.0 -5.39912013682 1.0
195.0 3.14572154576 1.0
99.0 0.98655096647 1.0
184.0 -0.432286120718 1.0
24.0 1.00061434708 1.0
106.0 1.04009877947 1.0
object 90	1.0:1.0
120.0 0.99448607945 1.0
114.0 0.977266700472 1.0
152.0 0.74224287807 1.0
91.0 1.00886254841 1.0
103.0 1.04087733805 1.0
36.0 0.977777463555 1.0
50.0 0.973094189622 1.0
97.0 1.0058844962 1.0
84.0 1.05052776722 1.0
27.0 1.0371751966 1.0
129.0 1.00523237304 1.0
18.0 0.953730802739 1.0
140.0 0.389720134398 1.0
object 91	1.0:1.0
175.0 0.912699375257 1.0
116.0 0.97399813671 1.0
71.0 1.01873545874 1.0
179.0 0.456438476298 1.0
164.0 -4.28872320567 1.0
132.0 1.00501681311 1.0
188.0 1.65996521959 1.0
50.0 1.01083936676 1.0
134.0 0.98533441352 1.0
136.0 0.956343680485 1.0
object 92	1.0:1.0
183.0 2.63780164704 1.0
194.0 1.19967595934 1.0
120.0 1.02535091852 1.0
80.0 0.965335577957 1.0
object 93	1.0:1.0
108.0 0.992959588289 1.0
129.0 0.989331423339 1.0
189.0 -2.34853011155 1.0
111.0 1.01108810243 1.0
40.0 0.955985581556 1.0
127.0 1.01440324029 1.0
60.0 1.02915424417 1.0
163.0 17.1980312522 1.0
object 94	1.0:1.0
119.0 1.04761564369 1.0
157.0 1.03467958285 1.0
116.0 0.994850638504 1.0
168.0 3.70945830268 1.0
1.0 0.994161140639 1.0
131.0 1.00244362065 1.0
149.0 -0.252177474876 1.0
135.0 0.989211664954 1.0
object 95	1.0:1.0
71.0 0.949008926061 1.0
122.0 0.973716367951 1.0
94.0 0.995610007016 1.0
146.0 11.7301077029 1.0
109.0 1.00716944281 1.0
177.0 -0.390020304497 1.0
14.0 0.975921705772 1.0
1.0 1.04939670036 1.0
148.0 3.31151527729 1.0
75.0 0.991283629077 1.0
150.0 2.89174052301 1.0
43.0 1.08778993922 1.0
105.0 1.01975920971 1.0
63.0 0.964401883999 1.0
object 96	1.0:1.0
0.0 1.00609354972 1.0
179.0 1.38659274254 1.0
170.0 4.840237918 1.0
187.0 2.99043331588 1.0
134.0 1.02318491869 1.0
object 97	1.0:1.0
1.0 1.0618585626 1.0
151.0 -0.0176398702219 1.0
152.0 0.364670639556 1.0
69.0 0.983887676475 1.0
176.0 -2.74776807822 1.0
6.0 0.992777377755 1.0
38.0 1.00829375008 1.0
109.0 1.0346323378 1.0
162.0 1.29074807607 1.0
82.0 0.965543423196 1.0
73.0 0.988906294516 1.0
161.0 1.31125082679 1.0
58.0 1.02474594028 1.0
41.0 1.00815881357 1.0
object 98	1.0:1.0
98.0 1.02346120987 1.0
132.0 0.985851597432 1.0
70.0 0.984193824025 1.0
20.0 0.981577968416 1.0
122.0 1.02892539691 1.0
169.0 -0.14603889838 1.0
131.0 0.981510289299 1.0
118.0 1.05980869501 1.0
19.0 1.08420314702 1.0
164.0 3.19506256355 1.0
43.0 1.07970138562 1.0
79.0 0.982135361724 1.0
54.0 1.00120711365 1.0
82.0 0.961012261583 1.0
1.0 1.05737605345 1.0
object 99	1.0:1.0
94.0 0.967229658307 1.0
96.0 1.00596616097 1.0
161.0 -1.62862917101 1.0
183.0 1.45064783888 1.0
46.0 1.00732802681 1.0
139.0 1.00727125907 1.0
