object 0	1.0:1.0
71.0 0.979958360112 1.0
142.0 0.992890538685 1.0
object 1	1.0:1.0
3.0 1.01330764886 1.0
174.0 0.981343661518 1.0
object 2	1.0:1.0
163.0 0.989103325506 1.0
194.0 -1.65465576483 1.0
object 3	1.0:1.0
43.0 0.998148304837 1.0
139.0 1.0804476223 1.0
92.0 0.99677849774 1.0
object 4	1.0:1.0
144.0 0.963539077578 1.0
150.0 0.946878868501 1.0
object 5	1.0:1.0
110.0 0.952535813451 1.0
40.0 1.01067222665 1.0
183.0 -1.22401241161 1.0
object 6	1.0:1.0
45.0 1.04796978212 1.0
197.0 1.95148329679 1.0
object 7	1.0:1.0
187.0 -0.481475852121 1.0
59.0 1.02738032309 1.0
object 8	1.0:1.0
14.0 1.01244165134 1.0
154.0 0.97308019468 1.0
object 9	1.0:1.0
20.0 1.01926496453 1.0
178.0 1.00743957877 1.0
object 10	1.0:1.0
8.0 1.00992667497 1.0
0.0 0.999265545635 1.0
object 11	1.0:1.0
23.0 1.01277298682 1.0
48.0 1.03002716445 1.0
object 12	1.0:1.0
49.0 0.975305706805 1.0
156.0 0.931165912538 1.0
23.0 1.03075020766 1.0
26.0 1.01214242421 1.0
object 13	1.0:1.0
170.0 1.00374439275 1.0
3.0 1.00558337957 1.0
object 14	1.0:1.0
79.0 0.97878914902 1.0
37.0 0.983969442027 1.0
112.0 1.00503470229 1.0
object 15	1.0:1.0
147.0 0.982969998214 1.0
1.0 0.996720552652 1.0
object 16	1.0:1.0
156.0 0.995244612844 1.0
120.0 1.04021682322 1.0
object 17	1.0:1.0
72.0 0.9554536335 1.0
47.0 0.980239700319 1.0
object 18	1.0:1.0
126.0 1.00714342527 1.0
62.0 1.02661056854 1.0
21.0 1.00646458757 1.0
15.0 0.970472986978 1.0
142.0 0.954503249751 1.0
object 19	1.0:1.0
75.0 1.01962774741 1.0
29.0 0.941677943138 1.0
38.0 0.999419419553 1.0
149.0 0.997715539046 1.0
146.0 1.0128378945 1.0
113.0 0.990879669424 1.0
object 20	1.0:1.0
163.0 1.01806826237 1.0
43.0 0.996384641413 1.0
102.0 0.987666522904 1.0
62.0 0.999292735789 1.0
67.0 1.02335045804 1.0
16.0 1.01304053724 1.0
object 21	1.0:1.0
82.0 1.02702282778 1.0
78.0 1.09564745964 1.0
62.0 1.024956318 1.0
object 22	1.0:1.0
150.0 0.997055851211 1.0
13.0 1.00025823756 1.0
8.0 0.998499012019 1.0
object 23	1.0:1.0
75.0 0.990630972227 1.0
196.0 -2.70120008104 1.0
object 24	1.0:1.0
195.0 8.23636724382 1.0
31.0 1.0908769282 1.0
object 25	1.0:1.0
44.0 0.978197259454 1.0
54.0 1.00687702028 1.0
93.0 0.985544024905 1.0
object 26	1.0:1.0
56.0 1.00367215248 1.0
39.0 1.01659977405 1.0
79.0 0.993520457939 1.0
object 27	1.0:1.0
48.0 1.0161430362 1.0
37.0 0.967708700808 1.0
object 28	1.0:1.0
193.0 2.52431465525 1.0
186.0 -0.62039907149 1.0
77.0 0.983885299475 1.0
object 29	1.0:1.0
42.0 0.983464917718 1.0
69.0 1.04613606994 1.0
64.0 0.985410013461 1.0
153.0 0.936148962629 1.0
object 30	1.0:1.0
137.0 0.931741516637 1.0
68.0 0.996831508779 1.0
31.0 0.997602084761 1.0
object 31	1.0:1.0
28.0 0.985087175948 1.0
75.0 1.00038900754 1.0
174.0 0.992401199142 1.0
object 32	1.0:1.0
63.0 0.990951484125 1.0
143.0 1.01855642874 1.0
22.0 0.954201054733 1.0
object 33	1.0:1.0
185.0 2.20164203262 1.0
16.0 0.959757358412 1.0
180.0 -5.81983518365 1.0
object 34	1.0:1.0
89.0 0.971802201108 1.0
62.0 0.924893315546 1.0
119.0 1.01041954938 1.0
object 35	1.0:1.0
142.0 1.02120619412 1.0
157.0 0.990424240761 1.0
63.0 0.971300852828 1.0
60.0 1.00233495713 1.0
object 36	1.0:1.0
50.0 0.983176000239 1.0
163.0 1.04928274279 1.0
object 37	1.0:1.0
191.0 -6.89806588221 1.0
193.0 -5.26054305707 1.0
35.0 0.962131838289 1.0
object 38	1.0:1.0
82.0 0.957024163202 1.0
169.0 0.954875973819 1.0
133.0 0.987025713665 1.0
156.0 1.00044999574 1.0
120.0 0.98024826331 1.0
189.0 3.11293295402 1.0
object 39	1.0:1.0
120.0 0.966836470522 1.0
50.0 0.996158959835 1.0
object 40	1.0:1.0
5.0 1.01105218789 1.0
180.0 2.14131920812 1.0
57.0 0.998453176099 1.0
object 41	1.0:1.0
192.0 2.24192486999 1.0
85.0 1.00798829223 1.0
134.0 0.997150863149 1.0
133.0 1.01748629709 1.0
157.0 1.06142392665 1.0
object 42	1.0:1.0
132.0 1.0097096761 1.0
159.0 0.971524870649 1.0
object 43	1.0:1.0
15.0 0.998442026536 1.0
108.0 0.959610216461 1.0
object 44	1.0:1.0
64.0 1.07040435133 1.0
152.0 0.999471440194 1.0
159.0 0.987616170299 1.0
108.0 1.04874177082 1.0
186.0 0.500720287182 1.0
object 45	1.0:1.0
1.0 0.93541657289 1.0
124.0 1.01704039879 1.0
70.0 1.0160176916 1.0
object 46	1.0:1.0
39.0 0.91322424326 1.0
159.0 1.03035939377 1.0
object 47	1.0:1.0
60.0 1.02936654577 1.0
23.0 1.02357040353 1.0
object 48	1.0:1.0
151.0 0.966202621986 1.0
197.0 0.95700541398 1.0
object 49	1.0:1.0
189.0 0.996778879991 1.0
155.0 1.00883627492 1.0
object 50	1.0:1.0
13.0 1.01702994325 1.0
1.0 1.02857660286 1.0
object 51	1.0:1.0
173.0 1.05104740736 1.0
171.0 1.01720872759 1.0
142.0 1.03319576337 1.0
93.0 1.05990469583 1.0
85.0 1.03549165635 1.0
object 52	1.0:1.0
56.0 0.999708623315 1.0
132.0 1.04441409528 1.0
3.0 0.995783539029 1.0
83.0 1.00037671337 1.0
71.0 0.993107900836 1.0
181.0 0.697414827316 1.0
object 53	1.0:1.0
50.0 1.03545671313 1.0
135.0 1.00164157448 1.0
object 54	1.0:1.0
54.0 1.01188879715 1.0
73.0 1.00556660603 1.0
object 55	1.0:1.0
105.0 1.01232399817 1.0
16.0 0.993358121445 1.0
199.0 0.0573800701664 1.0
160.0 1.01415183488 1.0
89.0 0.996067573683 1.0
object 56	1.0:1.0
150.0 1.0220875898 1.0
126.0 1.00955733032 1.0
object 57	1.0:1.0
189.0 3.41840168917 1.0
52.0 1.05075126625 1.0
16.0 1.00388056396 1.0
object 58	1.0:1.0
76.0 0.9863166414 1.0
155.0 1.15906938606 1.0
53.0 1.00047811568 1.0
170.0 0.996547585624 1.0
187.0 3.67456776185 1.0
70.0 0.954675330918 1.0
67.0 0.971919985193 1.0
73.0 0.997191082171 1.0
115.0 1.03767722959 1.0
185.0 -0.610784677319 1.0
object 59	1.0:1.0
44.0 1.03230511368 1.0
98.0 1.0087969571 1.0
object 60	1.0:1.0
119.0 0.989817877215 1.0
142.0 1.02239674478 1.0
object 61	1.0:1.0
45.0 0.93578907456 1.0
108.0 1.05217238038 1.0
77.0 0.992156593775 1.0
176.0 0.969931591955 1.0
72.0 0.985590578932 1.0
129.0 0.993241873138 1.0
object 62	1.0:1.0
130.0 0.944823752107 1.0
82.0 1.06980390823 1.0
165.0 0.960546222064 1.0
object 63	1.0:1.0
154.0 1.01418053264 1.0
114.0 1.00821758783 1.0
178.0 0.991508498051 1.0
159.0 0.972678939897 1.0
object 64	1.0:1.0
68.0 0.987148206007 1.0
111.0 0.992364879509 1.0
object 65	1.0:1.0
179.0 1.00144622488 1.0
87.0 1.03303670395 1.0
object 66	1.0:1.0
51.0 1.02270786633 1.0
193.0 -0.544944589104 1.0
171.0 1.03394333384 1.0
object 67	1.0:1.0
69.0 0.97703572847 1.0
5.0 0.960225755356 1.0
43.0 0.987687000881 1.0
118.0 1.03172475895 1.0
object 68	1.0:1.0
70.0 0.963980486044 1.0
130.0 0.969333940622 1.0
36.0 1.05970928448 1.0
138.0 0.988441436056 1.0
192.0 2.61318554945 1.0
53.0 1.01477376601 1.0
149.0 1.01053204033 1.0
69.0 0.999623104156 1.0
object 69	1.0:1.0
192.0 3.08989223842 1.0
104.0 0.987332001205 1.0
138.0 1.02155859608 1.0
52.0 1.02132322815 1.0
66.0 1.04510784133 1.0
object 70	1.0:1.0
167.0 1.01657256528 1.0
35.0 0.970659279713 1.0
168.0 1.01398178905 1.0
116.0 0.995905230499 1.0
86.0 1.0066377563 1.0
object 71	1.0:1.0
9.0 0.955778018753 1.0
185.0 -0.239066058022 1.0
object 72	1.0:1.0
118.0 0.984344233932 1.0
41.0 1.07802707157 1.0
54.0 1.00777452548 1.0
object 73	1.0:1.0
178.0 0.995000298802 1.0
147.0 0.998610049914 1.0
16.0 0.926034259686 1.0
object 74	1.0:1.0
100.0 1.0202779026 1.0
20.0 0.990900915264 1.0
6.0 0.965941504606 1.0
63.0 0.998130835343 1.0
61.0 1.01852383324 1.0
object 75	1.0:1.0
30.0 1.04277013206 1.0
147.0 0.995769071242 1.0
182.0 0.87006723417 1.0
object 76	1.0:1.0
24.0 0.985767318591 1.0
185.0 -0.21861412111 1.0
103.0 0.997424185426 1.0
object 77	1.0:1.0
172.0 1.02029293939 1.0
13.0 1.01392037993 1.0
object 78	1.0:1.0
42.0 1.05161910306 1.0
16.0 0.967518108849 1.0
165.0 1.02600457113 1.0
152.0 0.958838626177 1.0
object 79	1.0:1.0
167.0 0.985469127835 1.0
90.0 0.955927955799 1.0
object 80	1.0:1.0
171.0 1.03301030123 1.0
148.0 1.02098055409 1.0
object 81	1.0:1.0
76.0 0.969025070375 1.0
31.0 0.994421238989 1.0
39.0 1.03558013854 1.0
152.0 0.984508691271 1.0
9.0 1.02727225049 1.0
object 82	1.0:1.0
38.0 1.04556688868 1.0
70.0 1.00703885381 1.0
27.0 0.989774656594 1.0
9.0 0.991501543782 1.0
112.0 0.963260112584 1.0
object 83	1.0:1.0
58.0 0.976928929581 1.0
122.0 1.00513122297 1.0
125.0 0.947708415636 1.0
object 84	1.0:1.0
195.0 -1.15529803643 1.0
74.0 0.983707684916 1.0
object 85	1.0:1.0
27.0 0.964601022592 1.0
138.0 0.982241421154 1.0
136.0 0.98986730032 1.0
140.0 1.00223417295 1.0
55.0 0.996980506168 1.0
object 86	1.0:1.0
163.0 1.0483530181 1.0
14.0 1.00163885852 1.0
object 87	1.0:1.0
23.0 1.05413362079 1.0
163.0 0.981271058191 1.0
111.0 1.03474454005 1.0
54.0 0.985958787916 1.0
104.0 0.982522495067 1.0
object 88	1.0:1.0
44.0 1.00478592818 1.0
45.0 0.954558401125 1.0
9.0 1.02494782266 1.0
26.0 0.980668430394 1.0
object 89	1.0:1.0
140.0 0.99574255979 1.0
74.0 1.01084047317 1.0
object 90	1.0:1.0
99.0 1.02180311345 1.0
163.0 1.01703309304 1.0
object 91	1.0:1.0
118.0 0.977377001146 1.0
199.0 5.67176632871 1.0
object 92	1.0:1.0
21.0 0.952167692456 1.0
10.0 0.938476212207 1.0
155.0 0.992052735159 1.0
161.0 1.00530271528 1.0
object 93	1.0:1.0
126.0 1.00493844479 1.0
8.0 1.01098790727 1.0
119.0 1.0827574274 1.0
object 94	1.0:1.0
190.0 1.05360505457 1.0
142.0 0.989285756345 1.0
152.0 0.936601285829 1.0
object 95	1.0:1.0
127.0 1.06239908903 1.0
93.0 1.01692871364 1.0
2.0 1.01351878608 1.0
154.0 1.04514980799 1.0
148.0 1.08139143015 1.0
object 96	1.0:1.0
199.0 2.62422247542 1.0
155.0 0.987187828873 1.0
196.0 -1.21549965053 1.0
object 97	1.0:1.0
25.0 0.959867380204 1.0
142.0 0.977541564041 1.0
174.0 0.989848739633 1.0
40.0 1.0180063788 1.0
object 98	1.0:1.0
23.0 1.00362522852 1.0
159.0 1.02565472451 1.0
object 99	1.0:1.0
45.0 1.08516214937 1.0
51.0 1.02625279988 1.0
77.0 0.998285290799 1.0
162.0 0.992082180124 1.0
