object 0	1.0:1.0
20.0 0.945462401133 1.0
54.0 1.03448226301 1.0
166.0 0.9998867725 1.0
27.0 1.0002739366 1.0
106.0 1.07886018628 1.0
28.0 1.00744113345 1.0
34.0 0.974514716282 1.0
91.0 1.0243932464 1.0
object 1	1.0:1.0
172.0 0.968136918529 1.0
13.0 0.986021832278 1.0
3.0 1.00770963734 1.0
179.0 0.986758644349 1.0
4.0 1.00045529812 1.0
object 2	1.0:1.0
48.0 0.962395286416 1.0
76.0 0.9773270713 1.0
157.0 0.942174813725 1.0
196.0 -3.20298094544 1.0
113.0 1.01571858626 1.0
112.0 1.00763499307 1.0
40.0 0.963286719361 1.0
56.0 0.980449547565 1.0
111.0 0.984964067513 1.0
35.0 1.03864572418 1.0
116.0 1.00922620743 1.0
161.0 1.01378790671 1.0
object 3	1.0:1.0
113.0 1.02876683254 1.0
103.0 0.987764547506 1.0
99.0 0.999680719482 1.0
199.0 3.37801136109 1.0
52.0 0.965035053922 1.0
152.0 0.990165138387 1.0
48.0 1.02509137164 1.0
56.0 0.947982074398 1.0
115.0 0.986632257846 1.0
164.0 1.03166015387 1.0
131.0 1.03509619774 1.0
object 4	1.0:1.0
66.0 1.04607273055 1.0
138.0 0.960511011352 1.0
103.0 0.978346028589 1.0
165.0 1.00604892638 1.0
63.0 0.9974931981 1.0
187.0 -0.0770683330357 1.0
95.0 0.978265972137 1.0
99.0 0.984135539963 1.0
190.0 2.27266826274 1.0
11.0 0.95270486253 1.0
32.0 0.953289931462 1.0
object 5	1.0:1.0
169.0 0.990682599295 1.0
20.0 1.03161272426 1.0
149.0 1.00377172319 1.0
153.0 1.00356845512 1.0
64.0 0.991854580723 1.0
66.0 1.11964911414 1.0
191.0 3.53522032442 1.0
192.0 -2.00364123269 1.0
2.0 1.01338469578 1.0
24.0 1.05180295376 1.0
112.0 1.00137744376 1.0
object 6	1.0:1.0
136.0 1.06262046132 1.0
11.0 1.00099742235 1.0
197.0 1.48691260671 1.0
158.0 1.00388914586 1.0
182.0 -4.06251307194 1.0
114.0 0.986486548239 1.0
135.0 0.994622088692 1.0
94.0 1.02100567017 1.0
171.0 1.01334992283 1.0
101.0 0.989244152607 1.0
198.0 1.23789290445 1.0
50.0 0.975020345151 1.0
object 7	1.0:1.0
6.0 1.05365393857 1.0
77.0 0.953778419773 1.0
173.0 0.998245311393 1.0
16.0 0.986380157401 1.0
197.0 3.0942102793 1.0
45.0 1.0111871695 1.0
9.0 0.989678577928 1.0
50.0 1.00632824541 1.0
27.0 1.01191734029 1.0
88.0 0.994350033211 1.0
100.0 1.00048818365 1.0
object 8	1.0:1.0
16.0 0.981957817576 1.0
59.0 1.00826184037 1.0
142.0 0.959381066016 1.0
179.0 0.986543146767 1.0
86.0 1.04267659821 1.0
186.0 1.8562596095 1.0
27.0 1.02277052392 1.0
155.0 1.07365296095 1.0
10.0 1.00113893289 1.0
52.0 0.987747248659 1.0
149.0 1.01899258062 1.0
96.0 1.00953435071 1.0
35.0 0.958075912817 1.0
129.0 1.00686383724 1.0
131.0 0.954363203093 1.0
22.0 1.00481891584 1.0
74.0 1.00133809355 1.0
110.0 0.999471586449 1.0
object 9	1.0:1.0
116.0 1.02818325309 1.0
33.0 0.976643264546 1.0
128.0 1.02302483261 1.0
84.0 1.02940593955 1.0
178.0 0.976460068278 1.0
111.0 0.99070457544 1.0
176.0 0.999962885291 1.0
36.0 0.993109393553 1.0
object 10	1.0:1.0
176.0 0.99830723886 1.0
116.0 1.02027863835 1.0
188.0 4.75176823816 1.0
170.0 0.993335006342 1.0
15.0 0.993877889826 1.0
135.0 1.001574159 1.0
17.0 1.01668268025 1.0
78.0 1.02181354532 1.0
123.0 0.993997412089 1.0
41.0 0.968592757238 1.0
27.0 0.988007847102 1.0
80.0 1.09384622697 1.0
object 11	1.0:1.0
139.0 0.994529200988 1.0
188.0 -1.13447265291 1.0
156.0 1.003976409 1.0
27.0 1.03991428413 1.0
7.0 1.04169017393 1.0
108.0 1.01061613816 1.0
66.0 1.00448663501 1.0
62.0 1.00070911496 1.0
197.0 1.74423127818 1.0
173.0 1.0121733512 1.0
174.0 1.00157510222 1.0
object 12	1.0:1.0
105.0 0.991860377295 1.0
176.0 0.984072619213 1.0
35.0 1.00819162962 1.0
191.0 -1.43613894251 1.0
15.0 1.01285204058 1.0
193.0 3.15677000371 1.0
101.0 1.01086803461 1.0
179.0 1.01758069019 1.0
68.0 1.0255149003 1.0
110.0 1.01825594958 1.0
object 13	1.0:1.0
4.0 0.996572847989 1.0
8.0 1.09043154258 1.0
145.0 1.01222044539 1.0
42.0 0.985919147743 1.0
171.0 0.979843343224 1.0
3.0 0.987630451173 1.0
88.0 0.983452489638 1.0
158.0 1.01103409905 1.0
107.0 1.06794562622 1.0
object 14	1.0:1.0
151.0 0.990295829276 1.0
49.0 0.999346339868 1.0
86.0 0.968503882144 1.0
118.0 1.02101155373 1.0
184.0 -1.45938992518 1.0
98.0 0.960375566871 1.0
61.0 0.950729556119 1.0
8.0 1.09489078522 1.0
179.0 1.00266360704 1.0
21.0 1.00875111941 1.0
146.0 0.991351284046 1.0
105.0 1.00054791951 1.0
object 15	1.0:1.0
165.0 0.977835658037 1.0
44.0 1.00205876651 1.0
29.0 1.02278800896 1.0
106.0 0.938685034673 1.0
101.0 0.987267107824 1.0
18.0 1.01060300944 1.0
185.0 0.197720245361 1.0
123.0 1.00898273945 1.0
16.0 1.02016496442 1.0
191.0 2.23897966527 1.0
object 16	1.0:1.0
42.0 0.994243321639 1.0
77.0 0.992919124775 1.0
116.0 1.04503163073 1.0
151.0 0.965089225742 1.0
84.0 1.04584324449 1.0
24.0 0.970410185399 1.0
127.0 1.02490870497 1.0
177.0 0.965652344971 1.0
109.0 1.03004544645 1.0
61.0 0.989097833956 1.0
19.0 1.00120056967 1.0
25.0 0.990726960819 1.0
178.0 1.01125837248 1.0
7.0 1.02473776488 1.0
23.0 0.976793797299 1.0
object 17	1.0:1.0
146.0 0.986799328646 1.0
108.0 0.995857837389 1.0
82.0 0.988570525021 1.0
188.0 6.60567123062 1.0
159.0 1.00982503915 1.0
57.0 0.9971427568 1.0
36.0 0.993476525457 1.0
149.0 0.976048983826 1.0
135.0 0.993787188058 1.0
124.0 1.0143178509 1.0
69.0 1.00910163405 1.0
174.0 1.01568306279 1.0
35.0 1.00858324474 1.0
6.0 1.00758839012 1.0
44.0 1.02432521933 1.0
object 18	1.0:1.0
145.0 1.01631330954 1.0
118.0 1.00443701334 1.0
175.0 0.983614663752 1.0
185.0 -5.47189232616 1.0
148.0 0.966366985613 1.0
50.0 0.962354530496 1.0
17.0 1.01945665805 1.0
196.0 -5.96331687864 1.0
119.0 0.965253861995 1.0
171.0 0.955988114642 1.0
142.0 1.02132091205 1.0
object 19	1.0:1.0
14.0 1.01271074635 1.0
2.0 0.986642672166 1.0
157.0 1.01009098874 1.0
179.0 1.02484188503 1.0
63.0 0.999608718025 1.0
160.0 0.934616967045 1.0
141.0 0.979538455766 1.0
object 20	1.0:1.0
14.0 1.0052073721 1.0
46.0 0.983160354228 1.0
106.0 0.958265571056 1.0
92.0 1.04832766013 1.0
176.0 0.9949896644 1.0
197.0 -0.811308352817 1.0
21.0 1.02296807286 1.0
113.0 0.922330626859 1.0
77.0 0.956760938783 1.0
162.0 0.909134340912 1.0
127.0 0.962997787523 1.0
179.0 0.996422950676 1.0
146.0 1.02450975895 1.0
6.0 0.982886674343 1.0
154.0 0.99960071191 1.0
object 21	1.0:1.0
25.0 1.02446276573 1.0
190.0 0.127006017662 1.0
61.0 1.07761961916 1.0
4.0 0.989179438457 1.0
130.0 0.982493383057 1.0
object 22	1.0:1.0
94.0 0.979272480848 1.0
84.0 1.00219714235 1.0
62.0 0.959561324962 1.0
47.0 0.985002398725 1.0
197.0 1.77434148806 1.0
123.0 1.01651558963 1.0
43.0 1.02003051873 1.0
99.0 1.05574122631 1.0
14.0 0.984505186405 1.0
149.0 1.01672213082 1.0
122.0 0.990339524516 1.0
26.0 1.01718988293 1.0
17.0 0.982258988656 1.0
152.0 0.986136456959 1.0
93.0 1.0045978107 1.0
object 23	1.0:1.0
86.0 1.03016512613 1.0
193.0 2.68535175503 1.0
23.0 1.01052220953 1.0
99.0 1.04378451498 1.0
30.0 1.04024386766 1.0
166.0 1.00813398116 1.0
object 24	1.0:1.0
6.0 1.00551259309 1.0
53.0 1.05021036402 1.0
140.0 1.00111302397 1.0
189.0 1.33950167566 1.0
195.0 1.9318960764 1.0
92.0 1.00249432182 1.0
199.0 -1.86942205398 1.0
13.0 0.98222323832 1.0
99.0 0.98194900539 1.0
131.0 0.952647359635 1.0
81.0 0.977515504383 1.0
96.0 0.984670231193 1.0
38.0 0.998996965956 1.0
185.0 -2.22914527892 1.0
181.0 -0.822896181268 1.0
61.0 1.07483146632 1.0
178.0 1.11773953479 1.0
138.0 0.999051256724 1.0
141.0 0.996351779566 1.0
171.0 1.01925648705 1.0
object 25	1.0:1.0
67.0 1.07915147108 1.0
107.0 1.02648630534 1.0
193.0 1.94544815705 1.0
116.0 1.02977595023 1.0
101.0 1.03160786271 1.0
44.0 1.02470456878 1.0
89.0 1.01310622128 1.0
23.0 1.02837701219 1.0
186.0 0.160804998674 1.0
152.0 0.99778803301 1.0
48.0 0.983901616232 1.0
71.0 1.00898243772 1.0
113.0 0.922488948299 1.0
object 26	1.0:1.0
189.0 2.0903924261 1.0
17.0 0.904542417132 1.0
70.0 1.00662846031 1.0
182.0 5.73383336526 1.0
198.0 2.647063656 1.0
78.0 0.985808360133 1.0
175.0 0.98660818889 1.0
164.0 0.972307957838 1.0
169.0 1.00253676952 1.0
84.0 0.989050392097 1.0
26.0 0.998359881955 1.0
150.0 0.956965477355 1.0
object 27	1.0:1.0
4.0 1.0030251167 1.0
157.0 1.00618384793 1.0
114.0 0.961985079613 1.0
30.0 0.977927806686 1.0
138.0 0.979065587737 1.0
52.0 0.992296391928 1.0
183.0 -3.11185927792 1.0
111.0 0.997338188127 1.0
16.0 1.01616855286 1.0
173.0 0.95253877185 1.0
89.0 0.990553962174 1.0
1.0 1.00210702034 1.0
93.0 1.02589170661 1.0
199.0 2.62464160481 1.0
object 28	1.0:1.0
55.0 1.00439898166 1.0
132.0 0.97604061316 1.0
149.0 0.874785798507 1.0
168.0 1.0039735728 1.0
94.0 0.976164144431 1.0
26.0 1.03041714978 1.0
127.0 0.96610223506 1.0
111.0 1.0149455414 1.0
106.0 0.948926549033 1.0
146.0 0.991229760296 1.0
32.0 1.0454576502 1.0
48.0 0.983242960954 1.0
114.0 0.928003580906 1.0
47.0 0.960562130988 1.0
122.0 1.05550154761 1.0
71.0 1.00058897686 1.0
8.0 1.03029722539 1.0
object 29	1.0:1.0
101.0 0.93718037319 1.0
152.0 1.05561426942 1.0
6.0 1.02908484779 1.0
43.0 0.984712800279 1.0
35.0 0.983731613642 1.0
156.0 1.00906162746 1.0
76.0 0.997202417978 1.0
44.0 0.993380626716 1.0
object 30	1.0:1.0
79.0 0.954370954638 1.0
162.0 1.02570104942 1.0
98.0 0.995418892603 1.0
56.0 0.97406786309 1.0
164.0 0.974483034077 1.0
119.0 1.0325438576 1.0
object 31	1.0:1.0
176.0 1.02010873246 1.0
28.0 1.0571055603 1.0
65.0 1.01036550632 1.0
196.0 3.51225016529 1.0
151.0 0.9949402474 1.0
99.0 0.944849212525 1.0
164.0 0.94196765711 1.0
110.0 1.02605581043 1.0
169.0 1.01731027027 1.0
object 32	1.0:1.0
198.0 -4.35427044118 1.0
86.0 1.00657221647 1.0
140.0 1.00960517697 1.0
178.0 1.06166775432 1.0
145.0 0.997496021815 1.0
28.0 1.0063893599 1.0
98.0 1.02535480279 1.0
122.0 1.0253367859 1.0
19.0 1.00932363614 1.0
66.0 1.02094821111 1.0
object 33	1.0:1.0
18.0 1.06011063022 1.0
47.0 1.04172689641 1.0
68.0 1.0092204837 1.0
49.0 1.01754414706 1.0
71.0 0.989469927607 1.0
34.0 1.01101922787 1.0
139.0 0.992312076883 1.0
72.0 0.97316812637 1.0
122.0 0.976352386891 1.0
21.0 0.994788104022 1.0
9.0 1.00708649142 1.0
object 34	1.0:1.0
34.0 0.996431484106 1.0
196.0 1.52490772929 1.0
90.0 1.02970048029 1.0
21.0 1.00303911037 1.0
23.0 1.02897641536 1.0
170.0 1.00616634054 1.0
58.0 0.981886896738 1.0
180.0 0.574845269758 1.0
20.0 0.985479701847 1.0
148.0 1.0091316784 1.0
46.0 1.00950207608 1.0
object 35	1.0:1.0
15.0 0.9708700695 1.0
195.0 0.442975116711 1.0
154.0 0.982968694983 1.0
133.0 1.03555897763 1.0
91.0 1.01376306396 1.0
object 36	1.0:1.0
82.0 1.0368737767 1.0
143.0 0.986075144056 1.0
122.0 0.969018730808 1.0
181.0 2.59382243353 1.0
151.0 1.0032004182 1.0
183.0 0.06268202272 1.0
170.0 1.00282833784 1.0
158.0 1.00660951324 1.0
132.0 1.0035836855 1.0
128.0 0.995611745831 1.0
28.0 1.02736344358 1.0
object 37	1.0:1.0
140.0 0.996977009496 1.0
5.0 1.03030743425 1.0
34.0 1.01523004931 1.0
33.0 1.00755911343 1.0
object 38	1.0:1.0
170.0 0.995548465272 1.0
64.0 1.02479891492 1.0
23.0 1.05664707147 1.0
86.0 0.941781751421 1.0
147.0 1.01565918365 1.0
77.0 0.972819289953 1.0
156.0 0.984854628274 1.0
object 39	1.0:1.0
18.0 0.995990202049 1.0
140.0 1.00685250872 1.0
121.0 1.00296728704 1.0
23.0 1.04957114743 1.0
181.0 1.9990301587 1.0
172.0 0.957973598536 1.0
136.0 1.02375603567 1.0
73.0 1.00218878305 1.0
object 40	1.0:1.0
35.0 1.00265783593 1.0
21.0 0.970132192979 1.0
138.0 0.956684377921 1.0
102.0 0.988410227303 1.0
24.0 0.969523963337 1.0
126.0 1.00756417436 1.0
190.0 0.739218714351 1.0
104.0 1.0542695391 1.0
object 41	1.0:1.0
150.0 0.970644560695 1.0
139.0 1.00786848655 1.0
76.0 0.977380751997 1.0
135.0 0.981851884174 1.0
1.0 1.0382528586 1.0
127.0 1.01215356673 1.0
20.0 1.00228819641 1.0
object 42	1.0:1.0
36.0 0.986964344186 1.0
168.0 1.02692445567 1.0
107.0 1.00106936272 1.0
61.0 0.975542294615 1.0
89.0 1.01256935076 1.0
179.0 0.984376068742 1.0
183.0 1.51262516796 1.0
83.0 0.965395697026 1.0
56.0 1.00138886757 1.0
object 43	1.0:1.0
59.0 0.946108377364 1.0
122.0 1.02713929386 1.0
58.0 1.03376302108 1.0
146.0 0.99164738648 1.0
155.0 0.908400827286 1.0
92.0 1.07949706309 1.0
134.0 1.08260639543 1.0
152.0 0.97971004137 1.0
5.0 1.02563356593 1.0
139.0 1.01245269397 1.0
124.0 0.97345761584 1.0
195.0 1.95527121631 1.0
33.0 0.998197962002 1.0
object 44	1.0:1.0
97.0 0.959429054334 1.0
60.0 0.991495374159 1.0
95.0 1.06932521879 1.0
73.0 0.985689663686 1.0
20.0 1.05461913672 1.0
157.0 1.0248927913 1.0
52.0 1.01749698643 1.0
67.0 0.986431088229 1.0
28.0 0.972247749628 1.0
49.0 0.973819471513 1.0
object 45	1.0:1.0
193.0 -0.65637747793 1.0
176.0 1.00358109046 1.0
61.0 0.864193355525 1.0
135.0 0.990783875616 1.0
48.0 1.03075493558 1.0
149.0 1.0012724551 1.0
70.0 1.00657607181 1.0
60.0 0.959830914532 1.0
object 46	1.0:1.0
16.0 0.991141080044 1.0
145.0 1.01044918792 1.0
141.0 1.01041819715 1.0
106.0 0.969582141593 1.0
127.0 1.03801358761 1.0
82.0 1.03240063256 1.0
10.0 0.988903523216 1.0
72.0 1.00947697405 1.0
83.0 1.00803735855 1.0
object 47	1.0:1.0
14.0 1.01416962659 1.0
155.0 0.931912391781 1.0
133.0 1.04004628776 1.0
179.0 1.02954364887 1.0
104.0 1.01540003969 1.0
171.0 1.0201806939 1.0
69.0 1.00281520588 1.0
47.0 0.965629826578 1.0
103.0 1.02214971247 1.0
129.0 0.958104846867 1.0
79.0 0.95848683441 1.0
object 48	1.0:1.0
119.0 0.969342896868 1.0
175.0 1.01050328721 1.0
8.0 1.0303923127 1.0
179.0 0.983535234747 1.0
56.0 1.02689175135 1.0
26.0 1.0017226033 1.0
99.0 0.947269495578 1.0
138.0 1.04011744122 1.0
73.0 1.08069949564 1.0
178.0 1.05379827351 1.0
189.0 2.76058858782 1.0
139.0 1.000999967 1.0
33.0 0.996820149829 1.0
86.0 0.968836916817 1.0
23.0 1.03409325911 1.0
9.0 1.00580028123 1.0
150.0 1.01240383494 1.0
11.0 0.917066550022 1.0
object 49	1.0:1.0
47.0 0.966436510738 1.0
61.0 0.993700625897 1.0
139.0 0.993955129555 1.0
19.0 1.02061969091 1.0
54.0 1.02379545825 1.0
181.0 1.56775020597 1.0
149.0 0.970669085596 1.0
120.0 1.01238306328 1.0
147.0 1.00695930487 1.0
199.0 -0.778255024124 1.0
170.0 0.993852103964 1.0
57.0 1.01161619397 1.0
15.0 0.994789061452 1.0
165.0 1.03379840733 1.0
object 50	1.0:0.5 0.413684056031:0.5
154.0 1.03338186389 0.0
112.0 0.354938857944 1.0
183.0 -0.776627748582 0.0
76.0 1.02393654309 0.0
107.0 0.964176055686 0.0
191.0 1.52834424854 0.0
142.0 0.392737647564 1.0
22.0 0.425278226914 1.0
object 51	1.0:0.5 14.2610204654:0.5
85.0 14.1924836483 1.0
12.0 14.3504587499 1.0
82.0 14.2092913985 1.0
134.0 1.03231458436 0.0
36.0 14.2777976622 1.0
170.0 1.0123150722 0.0
198.0 16.1061240357 1.0
157.0 0.960299874017 0.0
27.0 14.2597990505 1.0
22.0 0.954828837404 0.0
112.0 1.05840759912 0.0
147.0 14.2117206637 1.0
167.0 1.0379107274 0.0
object 52	1.0:0.5 9.88751980995:0.5
148.0 0.976228926535 0.0
129.0 9.817407695 1.0
133.0 9.89263506913 1.0
106.0 9.9144213536 1.0
97.0 0.943921786523 0.0
83.0 9.84198531641 1.0
38.0 9.85009023528 1.0
object 53	1.0:0.5 -7.10349281567:0.5
67.0 -7.01641959136 1.0
170.0 1.00312743547 0.0
91.0 -7.0220157983 1.0
60.0 -7.09033881754 1.0
93.0 -7.03609221307 1.0
44.0 -7.15363262524 1.0
181.0 1.24973752137 1.0
110.0 -6.97548375786 1.0
150.0 0.976239858872 0.0
143.0 -7.15494402589 1.0
66.0 -7.0265590359 1.0
147.0 -7.0872993062 1.0
81.0 -7.12740147052 1.0
object 54	1.0:0.5 -11.2968433203:0.5
41.0 -11.2555945111 1.0
14.0 -11.2316069215 1.0
131.0 -11.2993516845 1.0
26.0 0.926883027075 0.0
29.0 0.947649738178 0.0
185.0 -14.197918504 1.0
87.0 -11.3171539716 1.0
181.0 -0.797362961078 0.0
189.0 -13.8131538015 1.0
86.0 1.03872078568 0.0
111.0 0.943478584437 0.0
194.0 -1.34912927411 0.0
38.0 0.999209626611 0.0
119.0 1.05010635348 0.0
104.0 -11.321730534 1.0
object 55	1.0:0.5 0.200301148175:0.5
162.0 0.205461956123 1.0
151.0 0.272423321323 1.0
140.0 0.190404404793 1.0
161.0 1.02662479651 0.0
132.0 1.0389749354 0.0
135.0 1.10387472722 0.0
171.0 0.226572740042 1.0
object 56	1.0:0.5 14.1838503534:0.5
7.0 0.870259253837 0.0
35.0 1.0049345655 0.0
177.0 0.977144295279 0.0
133.0 0.944866239789 0.0
98.0 0.99694193378 0.0
186.0 2.17088772408 0.0
170.0 0.968689052991 0.0
object 57	1.0:0.5 -0.421127789557:0.5
139.0 -0.386706990276 1.0
6.0 -0.420106007738 1.0
51.0 1.0812025562 0.0
100.0 -0.421937360262 1.0
object 58	1.0:0.5 7.83033344456:0.5
153.0 7.82328047092 1.0
134.0 1.08240973719 0.0
37.0 1.07002005741 0.0
80.0 1.01797011487 0.0
41.0 7.81411797449 1.0
96.0 1.02323884633 0.0
135.0 7.86593028823 1.0
195.0 11.1501539557 1.0
object 59	1.0:0.5 8.70868951611:0.5
52.0 8.73951664596 1.0
196.0 -1.08262662028 0.0
65.0 0.969554789691 0.0
105.0 0.973695392578 0.0
110.0 1.0109436891 0.0
86.0 0.924675473641 0.0
17.0 1.00458313812 0.0
79.0 1.03583398395 0.0
87.0 0.994706436893 0.0
102.0 8.69818416537 1.0
object 60	1.0:0.5 -12.127733477:0.5
29.0 -12.1102913393 1.0
53.0 -12.1613495145 1.0
62.0 0.997137236078 0.0
157.0 -12.1895871179 1.0
object 61	1.0:0.5 -17.5035122693:0.5
123.0 -17.5711261631 1.0
18.0 0.97517269657 0.0
163.0 -17.5656292071 1.0
189.0 2.08771605193 0.0
140.0 -17.530665333 1.0
167.0 -17.5875444132 1.0
183.0 -20.0300057137 1.0
147.0 1.02218248405 0.0
48.0 0.949075364802 0.0
124.0 -17.54001475 1.0
105.0 1.04893741595 0.0
50.0 0.979092488786 0.0
object 62	1.0:0.5 -6.5829265738:0.5
109.0 -6.57782496399 1.0
180.0 3.13089361208 0.0
185.0 -0.773558204227 1.0
36.0 -6.63914523972 1.0
144.0 -6.57152447413 1.0
164.0 -6.59659742327 1.0
105.0 -6.60315289674 1.0
23.0 -6.54320790695 1.0
object 63	1.0:0.5 -17.3924960662:0.5
141.0 0.940968149342 0.0
92.0 -17.4493098599 1.0
61.0 1.06679504477 0.0
166.0 1.0413649603 0.0
194.0 -16.0215026842 1.0
182.0 -19.739724662 1.0
148.0 -17.3645813475 1.0
142.0 -17.3739866392 1.0
198.0 -11.5456695913 1.0
39.0 -17.3419792748 1.0
132.0 -17.3650485655 1.0
150.0 -17.3983317926 1.0
67.0 0.96916700144 0.0
object 64	1.0:0.5 -14.0830581515:0.5
124.0 1.05340366847 0.0
130.0 0.914096497737 0.0
68.0 0.921885037276 0.0
104.0 1.08974358586 0.0
156.0 -14.1277946839 1.0
198.0 -7.74934380063 0.0
196.0 0.682960730316 0.0
151.0 0.990484156941 0.0
76.0 1.03574358619 0.0
105.0 0.94376545372 0.0
86.0 -14.1297736311 1.0
26.0 1.0581048238 0.0
46.0 -13.9975342311 1.0
object 65	1.0:0.5 -22.6927517342:0.5
36.0 -22.73545977 1.0
135.0 0.964022984614 0.0
138.0 0.948846095379 0.0
158.0 0.968647915639 0.0
104.0 0.921698750363 0.0
48.0 -22.7367444904 1.0
89.0 0.95458097014 0.0
25.0 0.990578940769 0.0
127.0 -22.6577532732 1.0
object 66	1.0:0.5 8.33006300336:0.5
168.0 1.00146165262 0.0
42.0 1.0480068313 0.0
146.0 8.30948347493 1.0
170.0 1.07830610537 0.0
158.0 8.32880996582 1.0
74.0 0.957203864181 0.0
192.0 11.7501777243 1.0
61.0 1.02797487843 0.0
96.0 8.29929545658 1.0
193.0 0.761197174989 0.0
28.0 8.40720470037 1.0
62.0 8.27734532069 1.0
11.0 8.39122310558 1.0
21.0 8.35757537035 1.0
115.0 0.96976802902 0.0
89.0 0.98344495328 0.0
object 67	1.0:0.5 8.17453811213:0.5
51.0 8.1728895547 1.0
44.0 8.14010316413 1.0
89.0 8.15355554213 1.0
0.0 0.980460134641 0.0
43.0 8.19390160484 1.0
86.0 1.03465970077 0.0
130.0 8.15979905329 1.0
2.0 8.18947100912 1.0
77.0 0.99392635292 0.0
167.0 8.14164141139 1.0
90.0 8.15436578222 1.0
162.0 8.0694310428 1.0
80.0 1.07307421611 0.0
187.0 -1.3159827648 0.0
108.0 1.04298981014 0.0
82.0 8.22894141229 1.0
object 68	1.0:0.5 2.2708762873:0.5
57.0 0.919617625938 0.0
165.0 2.2487099171 1.0
104.0 2.21254099531 1.0
153.0 2.3105048985 1.0
186.0 -1.36100031929 1.0
190.0 2.1028209336 1.0
23.0 1.02563805682 0.0
103.0 1.08250157275 0.0
object 69	1.0:0.5 14.8098144345:0.5
112.0 1.07214081076 0.0
138.0 1.03870835437 0.0
20.0 1.06782270591 0.0
25.0 14.8495297626 1.0
196.0 -1.58984605785 0.0
170.0 1.03492947269 0.0
1.0 14.8269438479 1.0
50.0 14.7757927242 1.0
13.0 14.8442620016 1.0
180.0 3.80404924877 0.0
181.0 -0.678292386921 0.0
182.0 -1.38505885546 0.0
5.0 14.7933187109 1.0
10.0 14.82162767 1.0
object 70	1.0:0.5 1.67161548738:0.5
11.0 1.6123651356 1.0
187.0 2.62941379661 1.0
54.0 1.70463163618 1.0
109.0 0.932334739614 0.0
115.0 1.61407018642 1.0
175.0 1.00202257615 0.0
125.0 0.957063960579 0.0
172.0 1.60013170644 1.0
123.0 1.06320338563 0.0
85.0 1.64944263601 1.0
object 71	1.0:0.5 7.31970542801:0.5
166.0 1.06587906309 0.0
125.0 0.932470250429 0.0
15.0 1.0467118173 0.0
98.0 7.2756920513 1.0
51.0 7.36631909116 1.0
69.0 0.954713962606 0.0
52.0 0.946567239479 0.0
73.0 7.37112120005 1.0
191.0 6.62352017455 0.0
59.0 7.36913477578 1.0
object 72	1.0:0.5 3.97201478883:0.5
23.0 3.86065308292 1.0
44.0 3.96877537377 1.0
57.0 3.86803733881 1.0
81.0 3.99789912527 1.0
30.0 0.948049268237 0.0
102.0 0.998477533182 0.0
5.0 1.06434289741 0.0
61.0 3.93464657892 1.0
191.0 1.7815583907 1.0
43.0 0.96682329254 0.0
object 73	1.0:0.5 2.9138485685:0.5
111.0 1.04539431873 0.0
27.0 2.85205069183 1.0
165.0 0.945931120347 0.0
147.0 3.07806449618 1.0
61.0 2.97928544401 1.0
171.0 1.00480595057 0.0
180.0 5.26353189925 0.0
192.0 -0.513293000449 1.0
49.0 2.8649780141 1.0
157.0 2.85927029902 1.0
object 74	1.0:0.5 -3.9614748778:0.5
69.0 -3.96458840555 1.0
178.0 1.01543819548 0.0
50.0 -4.01061258987 1.0
155.0 -3.92243026838 1.0
85.0 1.04982342224 0.0
object 75	1.0:0.5 4.26946220685:0.5
15.0 0.96811482576 0.0
117.0 1.01649022965 0.0
49.0 0.961911897138 0.0
43.0 4.28647249623 1.0
7.0 1.01592408596 0.0
147.0 4.29872260219 1.0
146.0 4.30854559259 1.0
165.0 0.969418054101 0.0
object 76	1.0:0.5 -5.84032164809:0.5
171.0 0.924855483043 0.0
173.0 1.02789244846 0.0
187.0 -1.48327970047 0.0
18.0 -5.83382723472 1.0
126.0 -5.77679672689 1.0
27.0 1.02439975629 0.0
144.0 -5.86684162908 1.0
38.0 1.00842783489 0.0
object 77	1.0:0.5 16.9200468118:0.5
14.0 16.97890747 1.0
52.0 1.06697870434 0.0
33.0 1.04040776045 0.0
1.0 16.9924810145 1.0
157.0 0.933973720415 0.0
40.0 1.00852524053 0.0
193.0 17.2481075153 1.0
92.0 0.961546033182 0.0
42.0 0.952282448682 0.0
object 78	1.0:0.5 -4.93235307058:0.5
130.0 -4.90902531681 1.0
151.0 -4.89453199984 1.0
object 79	1.0:0.5 15.2977824582:0.5
45.0 1.0371164733 0.0
100.0 15.2833021573 1.0
77.0 1.03649591879 0.0
84.0 0.943805939265 0.0
81.0 0.977378409619 0.0
107.0 0.987850783885 0.0
4.0 0.987341233234 0.0
129.0 15.3011919626 1.0
24.0 0.986183345877 0.0
82.0 1.09788918847 0.0
13.0 15.20016264 1.0
128.0 15.2524916693 1.0
75.0 15.3129726677 1.0
object 80	1.0:0.5 3.37723308276:0.5
98.0 3.35470185441 1.0
103.0 0.997176215682 0.0
121.0 1.11043197715 0.0
142.0 3.31889506662 1.0
64.0 3.3303580616 1.0
109.0 0.952199629458 0.0
105.0 0.904069501288 0.0
197.0 1.75527911776 0.0
80.0 3.39550350465 1.0
28.0 3.32188446796 1.0
1.0 0.962707736048 0.0
45.0 3.3914600703 1.0
122.0 3.36811521655 1.0
106.0 0.977859595939 0.0
188.0 1.59471622642 0.0
81.0 0.998819256877 0.0
9.0 0.997826162521 0.0
138.0 1.07079792397 0.0
object 81	1.0:0.5 7.8251826875:0.5
5.0 7.77994748654 1.0
175.0 7.82250809233 1.0
187.0 8.32578182702 1.0
143.0 1.02302598039 0.0
53.0 7.84436081787 1.0
161.0 1.04472616474 0.0
142.0 7.87275460577 1.0
129.0 0.98069469384 0.0
156.0 0.912732666923 0.0
object 82	1.0:0.5 4.88105229321:0.5
80.0 1.01466042628 0.0
189.0 0.719608468193 1.0
12.0 1.07480736876 0.0
14.0 4.94366652848 1.0
86.0 4.83729391381 1.0
50.0 4.78022590511 1.0
172.0 4.94396999976 1.0
15.0 1.05430705017 0.0
4.0 1.02457201049 0.0
object 83	1.0:0.5 10.6981279151:0.5
41.0 10.6550141469 1.0
61.0 10.7411723206 1.0
193.0 12.3248477474 1.0
38.0 10.7389451745 1.0
18.0 0.964993641225 0.0
188.0 17.9529195324 1.0
0.0 10.6256456262 1.0
53.0 0.977639695697 0.0
58.0 10.7584243327 1.0
34.0 1.06938522534 0.0
139.0 10.6343282659 1.0
109.0 10.6570756168 1.0
object 84	1.0:0.5 -11.7655600791:0.5
138.0 0.98279788624 0.0
109.0 -11.7864039274 1.0
87.0 -11.8964595977 1.0
175.0 1.02936272292 0.0
94.0 -11.7415472029 1.0
22.0 -11.7043448684 1.0
14.0 -11.7156362502 1.0
149.0 0.959292112204 0.0
58.0 -11.8587172456 1.0
199.0 4.44008816205 0.0
object 85	1.0:0.5 9.46282572807:0.5
97.0 0.965917751377 0.0
163.0 9.44324462256 1.0
149.0 9.45010289468 1.0
198.0 -2.56609560328 0.0
183.0 -0.027614730778 0.0
8.0 1.01695815838 0.0
70.0 1.07470431529 0.0
105.0 9.45279267047 1.0
120.0 1.07305229745 0.0
101.0 9.37323535466 1.0
161.0 1.01676501734 0.0
object 86	1.0:0.5 -5.50621967026:0.5
55.0 -5.49833987071 1.0
138.0 0.993481498566 0.0
79.0 -5.55471195292 1.0
17.0 0.994278658461 0.0
153.0 -5.53428939479 1.0
35.0 -5.488653035 1.0
101.0 -5.504079548 1.0
199.0 -4.32733699842 1.0
object 87	1.0:0.5 23.0809420342:0.5
59.0 0.957362687511 0.0
163.0 0.998595235723 0.0
176.0 23.0640329552 1.0
84.0 23.1452951168 1.0
18.0 0.954734914695 0.0
object 88	1.0:0.5 16.0366314617:0.5
93.0 1.07340111013 0.0
68.0 15.9736182549 1.0
109.0 1.00084959299 0.0
25.0 15.9794493186 1.0
103.0 1.02476708224 0.0
39.0 16.046370047 1.0
115.0 15.999297827 1.0
9.0 16.0433840176 1.0
8.0 1.03353233047 0.0
195.0 -4.53336417984 0.0
object 89	1.0:0.5 0.107791822171:0.5
192.0 2.21245679187 1.0
39.0 0.120115998188 1.0
104.0 0.243845610001 1.0
78.0 1.04567951047 0.0
5.0 0.076637387636 1.0
64.0 0.123801580004 1.0
137.0 0.98875742725 0.0
object 90	1.0:0.5 -1.28997647319:0.5
24.0 -1.37988585665 1.0
178.0 1.03864788529 0.0
94.0 -1.25024411895 1.0
112.0 -1.27767854442 1.0
115.0 1.02198071631 0.0
164.0 -1.41304470824 1.0
100.0 0.95315869102 0.0
86.0 1.03749411077 0.0
object 91	1.0:0.5 -5.11531115169:0.5
136.0 0.981232741732 0.0
170.0 -5.05410685565 1.0
140.0 1.01287232128 0.0
50.0 1.00894940246 0.0
197.0 -3.33626327937 1.0
191.0 0.0132860021734 1.0
163.0 0.993178384045 0.0
86.0 1.04235336695 0.0
38.0 -5.03864665656 1.0
8.0 0.990117024317 0.0
143.0 0.968736752794 0.0
object 92	1.0:0.5 -1.81652928863:0.5
75.0 1.01817294087 0.0
163.0 -1.83845574143 1.0
159.0 1.03649616977 0.0
28.0 -1.81311933493 1.0
4.0 -1.82323842159 1.0
193.0 -3.62285186578 1.0
57.0 0.974160762621 0.0
27.0 0.856984029121 0.0
123.0 -1.76812250437 1.0
object 93	1.0:0.5 9.83861974623:0.5
132.0 9.82621657048 1.0
25.0 9.83058644617 1.0
50.0 1.02346306318 0.0
148.0 0.967924301647 0.0
52.0 9.9044240514 1.0
135.0 9.83051708136 1.0
172.0 9.88465899357 1.0
78.0 0.86171713355 0.0
101.0 9.81135457956 1.0
67.0 1.01171487428 0.0
86.0 9.77882287272 1.0
object 94	1.0:0.5 3.38880782588:0.5
176.0 3.35721894686 1.0
184.0 3.83196054309 1.0
64.0 3.32724677025 1.0
90.0 3.41357836169 1.0
134.0 3.34560321417 1.0
139.0 1.03047333516 0.0
object 95	1.0:0.5 -0.850090733064:0.5
103.0 -0.800346640007 1.0
20.0 -0.934369020752 1.0
170.0 -0.860257606297 1.0
27.0 1.02342054269 0.0
166.0 -0.831714177595 1.0
195.0 2.16176840128 1.0
object 96	1.0:0.5 11.6836372955:0.5
40.0 0.939363377806 0.0
149.0 0.915036150101 0.0
58.0 0.992703319681 0.0
14.0 11.630185685 1.0
188.0 4.10816515933 0.0
178.0 1.04063836193 0.0
36.0 11.6852125676 1.0
8.0 1.02708419921 0.0
object 97	1.0:0.5 -10.6400503831:0.5
48.0 -10.6338038351 1.0
140.0 -10.6234058993 1.0
85.0 1.02341448034 0.0
160.0 -10.6749107762 1.0
14.0 -10.6480024102 1.0
134.0 -10.5907733118 1.0
65.0 -10.6872642548 1.0
61.0 0.96429760959 0.0
15.0 -10.680525885 1.0
176.0 -10.6738351053 1.0
object 98	1.0:0.5 -6.99266534828:0.5
19.0 0.962246978418 0.0
143.0 1.01872369272 0.0
56.0 -7.00185225537 1.0
164.0 0.968135168957 0.0
163.0 -6.9199864357 1.0
29.0 -6.95600007263 1.0
182.0 0.148321658267 1.0
44.0 -6.99622814228 1.0
40.0 0.918914442908 0.0
167.0 1.03902030224 0.0
198.0 -0.299235298572 0.0
170.0 -6.96214148059 1.0
33.0 -7.03351838811 1.0
186.0 -3.43067019907 0.0
160.0 -6.87952707479 1.0
object 99	1.0:0.5 0.632227085673:0.5
9.0 0.637639577674 1.0
92.0 0.986801738681 0.0
181.0 -7.89664332785 1.0
162.0 1.06705200069 0.0
105.0 0.953095877686 0.0
52.0 0.946366821258 0.0
190.0 1.99167753465 1.0
20.0 0.60155789323 1.0
23.0 1.03711642616 0.0
122.0 1.09082106417 0.0
