object 0	1.0:1.0
150.0 3.79564581972 1.0
142.0 -0.561905806858 1.0
73.0 1.05439028304 1.0
163.0 0.722907860429 1.0
81.0 0.99323337357 1.0
117.0 1.03003072511 1.0
107.0 0.984611506408 1.0
49.0 1.01722452839 1.0
154.0 2.08793296336 1.0
140.0 -1.38802457981 1.0
80.0 1.01373920328 1.0
59.0 0.986172839003 1.0
131.0 0.930982297795 1.0
70.0 1.00443865372 1.0
196.0 -1.98194486758 1.0
193.0 -4.9433732628 1.0
197.0 0.830999668917 1.0
102.0 1.01585422599 1.0
35.0 0.994227072538 1.0
17.0 0.946069943618 1.0
51.0 0.925939077228 1.0
50.0 0.980864830597 1.0
177.0 1.1217475118 1.0
171.0 2.87282057298 1.0
175.0 -3.29936196587 1.0
77.0 1.01211898374 1.0
138.0 0.879239056497 1.0
26.0 0.995391163916 1.0
185.0 1.22517022118 1.0
83.0 1.00312882632 1.0
32.0 0.998686082735 1.0
55.0 0.97677464786 1.0
47.0 1.00605785516 1.0
object 1	1.0:1.0
75.0 1.02174176504 1.0
50.0 1.00993099971 1.0
67.0 1.03814492532 1.0
113.0 1.01591466395 1.0
76.0 0.966515005397 1.0
84.0 1.02030947961 1.0
195.0 0.254971484316 1.0
142.0 -0.759695189197 1.0
165.0 2.31821359343 1.0
94.0 0.969205256514 1.0
7.0 0.970431846746 1.0
20.0 0.974992921216 1.0
179.0 1.3436856005 1.0
30.0 0.992224732373 1.0
22.0 1.0067045668 1.0
4.0 1.05445470935 1.0
197.0 -2.4804425768 1.0
12.0 1.01717560333 1.0
160.0 -5.0077588805 1.0
115.0 1.10258739387 1.0
119.0 0.970182846787 1.0
59.0 0.938707416979 1.0
95.0 1.01347654773 1.0
175.0 9.19504457758 1.0
73.0 1.02879489176 1.0
8.0 1.00709586777 1.0
72.0 1.01036900057 1.0
92.0 1.03362514733 1.0
176.0 -0.464132826672 1.0
52.0 1.00777325625 1.0
170.0 0.953276126295 1.0
174.0 -0.191387332507 1.0
177.0 -2.7200354839 1.0
57.0 0.983407611409 1.0
object 2	1.0:1.0
19.0 0.983170090315 1.0
73.0 1.01987499024 1.0
30.0 0.990901319847 1.0
120.0 0.987207647122 1.0
107.0 1.0027204621 1.0
17.0 1.01998184713 1.0
116.0 0.997311463033 1.0
109.0 1.05639345615 1.0
35.0 0.990241528794 1.0
122.0 1.01851990523 1.0
53.0 1.02209319125 1.0
189.0 -2.82483081182 1.0
2.0 1.0153880823 1.0
50.0 0.971634791589 1.0
54.0 0.964170374632 1.0
185.0 1.32990479735 1.0
132.0 1.01669520826 1.0
18.0 1.03447523807 1.0
16.0 0.974597280948 1.0
81.0 1.04451483403 1.0
198.0 1.70606698775 1.0
110.0 1.02083344713 1.0
63.0 1.02791243299 1.0
79.0 0.962019972655 1.0
49.0 1.05322424428 1.0
object 3	1.0:1.0
126.0 0.984944840965 1.0
160.0 -3.62280505181 1.0
111.0 1.00062141744 1.0
30.0 1.01520512851 1.0
58.0 1.00790820131 1.0
114.0 1.05984566501 1.0
154.0 1.00984574466 1.0
74.0 0.881793181056 1.0
194.0 -5.74353655011 1.0
107.0 0.99428009668 1.0
187.0 2.67914306856 1.0
142.0 1.1255916923 1.0
178.0 6.13952500011 1.0
66.0 0.984959749637 1.0
21.0 1.03571411444 1.0
62.0 0.936457079669 1.0
120.0 1.10574657778 1.0
77.0 1.05475621637 1.0
35.0 0.97400212628 1.0
33.0 1.00615921346 1.0
184.0 4.50117841974 1.0
168.0 6.19865431089 1.0
90.0 1.02360729149 1.0
145.0 -1.73368751043 1.0
64.0 0.977081860018 1.0
67.0 1.07301254229 1.0
105.0 1.00631373696 1.0
11.0 1.02143511873 1.0
179.0 0.969284420906 1.0
88.0 1.03710504852 1.0
85.0 1.06972207085 1.0
object 4	1.0:1.0
3.0 0.999044415558 1.0
72.0 1.00072761367 1.0
62.0 1.00043157842 1.0
103.0 0.995456928231 1.0
102.0 1.01255613161 1.0
58.0 0.997992088255 1.0
149.0 4.08065203064 1.0
189.0 -8.57361685338 1.0
50.0 1.02153712039 1.0
64.0 1.05619041853 1.0
138.0 1.05310461593 1.0
52.0 0.985711213366 1.0
68.0 0.959116160396 1.0
192.0 -0.560460274966 1.0
156.0 0.891276040898 1.0
43.0 1.0118576704 1.0
18.0 1.03812514687 1.0
10.0 0.992407648026 1.0
54.0 0.953206859378 1.0
116.0 1.02471122287 1.0
158.0 3.0899279688 1.0
120.0 1.09264751254 1.0
163.0 2.01357498453 1.0
85.0 0.919709535977 1.0
51.0 0.918213760163 1.0
76.0 1.00441390445 1.0
111.0 0.998607834389 1.0
14.0 0.979860991911 1.0
122.0 1.00340552097 1.0
20.0 1.01267272984 1.0
180.0 9.26023928122 1.0
object 5	1.0:1.0
169.0 3.54886698226 1.0
1.0 0.910644236041 1.0
161.0 11.3266085453 1.0
71.0 0.978670999987 1.0
96.0 1.00310917591 1.0
16.0 1.00558667933 1.0
56.0 0.953332631286 1.0
0.0 0.960465055672 1.0
46.0 0.998684969355 1.0
84.0 0.986907891015 1.0
110.0 0.989276777477 1.0
193.0 -2.73543235849 1.0
25.0 0.998301342585 1.0
32.0 0.945802451208 1.0
57.0 1.02254048746 1.0
95.0 0.977030255748 1.0
173.0 0.757650524538 1.0
14.0 1.03907258121 1.0
159.0 1.09985325117 1.0
77.0 1.02647915858 1.0
64.0 1.00999626702 1.0
149.0 7.4064479271 1.0
114.0 0.989469875027 1.0
117.0 0.990918514826 1.0
187.0 1.39038782907 1.0
55.0 1.00326487612 1.0
97.0 1.00223817721 1.0
89.0 0.936086083088 1.0
object 6	1.0:1.0
101.0 0.981111540811 1.0
197.0 1.01203420163 1.0
111.0 1.0051264705 1.0
139.0 1.00777856555 1.0
68.0 0.980768667819 1.0
56.0 1.04195054391 1.0
16.0 0.987865443962 1.0
148.0 -2.97677646026 1.0
192.0 0.461227470148 1.0
81.0 1.00006615085 1.0
184.0 -3.63734083265 1.0
162.0 2.98824187527 1.0
131.0 0.94682678034 1.0
9.0 0.959224596064 1.0
22.0 0.959580469289 1.0
70.0 1.03068289602 1.0
10.0 1.00267373846 1.0
29.0 1.0173326379 1.0
73.0 1.03848407845 1.0
179.0 1.18392402471 1.0
156.0 -0.761086496795 1.0
2.0 1.00385880895 1.0
85.0 0.971988818855 1.0
129.0 1.01157816626 1.0
78.0 1.027615889 1.0
152.0 -8.88216459935 1.0
150.0 1.95765535812 1.0
34.0 1.0386607127 1.0
0.0 1.02469270719 1.0
5.0 1.0142218896 1.0
116.0 1.02833641765 1.0
99.0 0.991901974348 1.0
86.0 1.02789592977 1.0
69.0 0.976901482607 1.0
object 7	1.0:1.0
121.0 0.997516643631 1.0
169.0 6.82446314472 1.0
85.0 1.03471892528 1.0
38.0 0.977540922047 1.0
162.0 2.25741250659 1.0
184.0 7.17732429352 1.0
172.0 2.89492099399 1.0
31.0 0.985581899552 1.0
126.0 1.00676457615 1.0
154.0 2.67810266705 1.0
76.0 1.02243152245 1.0
57.0 0.962364066158 1.0
144.0 -0.142777545876 1.0
158.0 4.49523512862 1.0
13.0 0.984570759513 1.0
30.0 1.01151703304 1.0
175.0 3.16200240673 1.0
195.0 -2.41153665247 1.0
103.0 0.993813339331 1.0
196.0 6.88506926219 1.0
168.0 -6.32438063677 1.0
75.0 1.00923208647 1.0
90.0 1.00909557831 1.0
165.0 -0.894265787999 1.0
3.0 1.03067030069 1.0
15.0 0.96398751924 1.0
105.0 1.0203328224 1.0
object 8	1.0:1.0
81.0 0.988076987935 1.0
71.0 1.00039517897 1.0
176.0 2.53702198256 1.0
101.0 0.996350142543 1.0
29.0 0.996434907823 1.0
124.0 0.995597874001 1.0
195.0 0.757818927371 1.0
41.0 1.00412823876 1.0
25.0 0.990187324635 1.0
177.0 -2.31757805708 1.0
161.0 4.12129483978 1.0
185.0 1.22456613635 1.0
163.0 2.24649671075 1.0
11.0 0.979995142812 1.0
129.0 1.03312596149 1.0
12.0 1.05561103036 1.0
126.0 1.01169871612 1.0
15.0 1.00335332368 1.0
113.0 0.992114809704 1.0
141.0 1.77547290458 1.0
131.0 1.0253275994 1.0
8.0 0.953234315999 1.0
6.0 0.987420046487 1.0
18.0 1.02201875302 1.0
120.0 1.03032423497 1.0
178.0 0.803368219908 1.0
117.0 1.01033825895 1.0
108.0 0.988104999689 1.0
47.0 0.974795766108 1.0
object 9	1.0:1.0
160.0 7.67279234618 1.0
198.0 4.6655349337 1.0
125.0 1.02529379906 1.0
72.0 1.01508083321 1.0
182.0 10.9014556559 1.0
122.0 1.05257764845 1.0
37.0 0.956239457816 1.0
173.0 -2.20436489039 1.0
0.0 0.959853401689 1.0
143.0 1.16478441765 1.0
179.0 -0.628456729664 1.0
51.0 0.986321531659 1.0
30.0 1.04139849406 1.0
87.0 0.947022910583 1.0
93.0 0.996287175359 1.0
108.0 1.00609491752 1.0
26.0 0.994039610375 1.0
32.0 0.972432687924 1.0
89.0 0.988958151393 1.0
88.0 0.994748242625 1.0
137.0 1.00068040298 1.0
41.0 0.997972714888 1.0
35.0 0.990292545364 1.0
139.0 0.995137782409 1.0
17.0 1.02231951359 1.0
150.0 1.1702892216 1.0
55.0 1.01550537598 1.0
27.0 0.93844001853 1.0
48.0 1.00679657469 1.0
181.0 0.500151638969 1.0
84.0 0.972301048783 1.0
46.0 0.994220586491 1.0
159.0 -1.71902680988 1.0
65.0 0.986237189818 1.0
object 10	1.0:1.0
52.0 0.994893163661 1.0
25.0 1.00082717388 1.0
54.0 1.0546670397 1.0
95.0 1.03226371647 1.0
148.0 -2.89271370666 1.0
103.0 1.01750620226 1.0
47.0 1.01541266115 1.0
39.0 0.990744245152 1.0
192.0 -0.625642551718 1.0
69.0 1.07011743708 1.0
129.0 1.00350354408 1.0
75.0 0.992375823802 1.0
117.0 0.990519120966 1.0
140.0 -1.2890583833 1.0
128.0 1.00964685093 1.0
12.0 1.05229753174 1.0
73.0 0.933577950577 1.0
121.0 1.00731533166 1.0
15.0 0.997484430749 1.0
29.0 1.01374784725 1.0
147.0 3.80033172319 1.0
135.0 1.0229451086 1.0
138.0 1.05215721077 1.0
object 11	1.0:1.0
85.0 0.960460086876 1.0
190.0 0.272851602654 1.0
155.0 2.37504933501 1.0
151.0 -0.0795857528764 1.0
68.0 0.971700603746 1.0
170.0 0.373891247456 1.0
104.0 0.955521848974 1.0
138.0 0.952132430834 1.0
40.0 0.972570273133 1.0
48.0 0.967505641101 1.0
95.0 0.991016243431 1.0
126.0 0.993153877227 1.0
124.0 0.978964471973 1.0
143.0 -4.68693425125 1.0
121.0 1.05190434279 1.0
180.0 -8.53979900835 1.0
93.0 0.998345277172 1.0
183.0 -2.49975275144 1.0
108.0 1.02887313709 1.0
102.0 1.00241909336 1.0
65.0 1.04289169771 1.0
168.0 4.37033258651 1.0
41.0 0.973807034498 1.0
128.0 1.00820924856 1.0
22.0 1.02338845234 1.0
162.0 3.81696207444 1.0
113.0 0.993405061573 1.0
96.0 0.998439014436 1.0
167.0 0.755022663488 1.0
21.0 1.02982275843 1.0
125.0 0.956306141518 1.0
34.0 0.994238486703 1.0
object 12	1.0:1.0
163.0 0.206294657718 1.0
48.0 1.00613954678 1.0
133.0 0.995891278968 1.0
189.0 1.44243095257 1.0
30.0 1.01861734828 1.0
71.0 1.08574900256 1.0
83.0 0.976358949456 1.0
124.0 1.01850990501 1.0
105.0 1.05008323633 1.0
85.0 0.994084515714 1.0
37.0 1.00886878731 1.0
115.0 1.02182817263 1.0
140.0 0.973409757705 1.0
63.0 0.994490946484 1.0
88.0 1.02300173091 1.0
61.0 0.983482968675 1.0
138.0 1.02625916576 1.0
38.0 0.981888962847 1.0
151.0 -0.63792650711 1.0
80.0 1.02954107707 1.0
60.0 1.02949096315 1.0
107.0 0.991731736724 1.0
52.0 0.989027425056 1.0
172.0 4.01211212015 1.0
57.0 1.01814178288 1.0
188.0 -0.100592434719 1.0
174.0 -2.08598804062 1.0
165.0 2.38555759983 1.0
185.0 2.43074283922 1.0
1.0 1.02878663475 1.0
2.0 1.00629138218 1.0
118.0 1.06121238318 1.0
152.0 4.86354701947 1.0
31.0 1.03627001132 1.0
197.0 5.41882347557 1.0
55.0 0.974950926451 1.0
120.0 0.94601055641 1.0
object 13	1.0:1.0
133.0 0.956886167444 1.0
50.0 1.02404935423 1.0
22.0 1.00093808218 1.0
46.0 1.00279545435 1.0
117.0 0.971816034459 1.0
41.0 0.95427759344 1.0
186.0 6.08577227044 1.0
7.0 1.05720274599 1.0
39.0 1.0156620195 1.0
34.0 1.00011983962 1.0
81.0 1.02515250877 1.0
147.0 3.43110134821 1.0
134.0 0.94640082669 1.0
146.0 2.40373475533 1.0
94.0 0.978264698141 1.0
54.0 0.999273503541 1.0
144.0 5.01803490658 1.0
174.0 1.52237377636 1.0
141.0 -2.28409765993 1.0
35.0 0.96888643247 1.0
109.0 0.999765445872 1.0
156.0 1.35077969886 1.0
96.0 1.05060754917 1.0
143.0 -3.44271713192 1.0
131.0 1.05144772737 1.0
158.0 -0.883538639542 1.0
23.0 1.04525138327 1.0
84.0 0.938223940549 1.0
127.0 1.01714588487 1.0
53.0 0.947806593006 1.0
45.0 0.991449243569 1.0
object 14	1.0:1.0
37.0 0.988281709737 1.0
196.0 -2.4827007166 1.0
162.0 5.34531928543 1.0
125.0 1.0167046217 1.0
85.0 0.963038964292 1.0
40.0 0.912013181354 1.0
195.0 1.45925437222 1.0
95.0 1.00728348844 1.0
16.0 1.01065458331 1.0
146.0 6.18674529523 1.0
25.0 0.990510368129 1.0
135.0 1.00662516343 1.0
52.0 0.980885361451 1.0
183.0 -3.58166587729 1.0
3.0 0.973807564433 1.0
94.0 0.993752318379 1.0
20.0 0.956526521261 1.0
62.0 1.03390031727 1.0
34.0 0.993048341118 1.0
44.0 1.00214928224 1.0
35.0 1.00444142385 1.0
21.0 0.97203224118 1.0
31.0 0.975812919596 1.0
133.0 0.979393488338 1.0
18.0 0.998585623941 1.0
12.0 1.06879025513 1.0
168.0 0.454606185185 1.0
106.0 0.96368295278 1.0
112.0 1.06983757585 1.0
65.0 0.972490119466 1.0
38.0 0.981732925761 1.0
object 15	1.0:1.0
40.0 0.980583736218 1.0
155.0 0.129318898569 1.0
76.0 0.978232606053 1.0
54.0 1.00963817601 1.0
85.0 0.970551220728 1.0
100.0 0.972197089254 1.0
117.0 0.984331867247 1.0
107.0 1.0037219358 1.0
56.0 0.98638491074 1.0
94.0 0.971950550189 1.0
125.0 1.01437233093 1.0
90.0 0.968084382255 1.0
104.0 0.99119553712 1.0
26.0 1.00112994134 1.0
87.0 0.884801690974 1.0
23.0 0.972665935271 1.0
6.0 0.983664876078 1.0
146.0 2.66776107568 1.0
192.0 2.30417331362 1.0
11.0 1.0940176077 1.0
110.0 1.04060319914 1.0
164.0 -0.678177422772 1.0
113.0 1.0231269524 1.0
0.0 0.967728642795 1.0
199.0 -1.27554297114 1.0
7.0 0.96626132972 1.0
142.0 1.61061573023 1.0
148.0 0.564844240449 1.0
43.0 0.996649524536 1.0
78.0 1.02554999542 1.0
4.0 1.00015741304 1.0
105.0 0.980443890431 1.0
133.0 1.0185831027 1.0
69.0 1.00286827102 1.0
190.0 0.47434265461 1.0
object 16	1.0:1.0
163.0 0.0149642442555 1.0
130.0 1.01865718632 1.0
5.0 1.04845581085 1.0
40.0 1.00522827214 1.0
23.0 1.04284070509 1.0
4.0 1.00249786806 1.0
74.0 0.992427797938 1.0
34.0 0.980118567913 1.0
153.0 -1.88318857368 1.0
19.0 0.991127604416 1.0
21.0 0.988120130098 1.0
176.0 2.01282538426 1.0
53.0 0.963610283501 1.0
114.0 0.992035243075 1.0
54.0 1.00821301404 1.0
17.0 0.977699637494 1.0
39.0 0.996681901871 1.0
140.0 0.622814846701 1.0
174.0 1.3304566572 1.0
148.0 1.42881280059 1.0
38.0 1.05503737819 1.0
143.0 0.651873479108 1.0
68.0 1.03096326184 1.0
75.0 0.961222836254 1.0
object 17	1.0:1.0
42.0 0.996252798712 1.0
150.0 2.06710104917 1.0
169.0 4.55893485051 1.0
25.0 1.00472824475 1.0
54.0 1.0101950256 1.0
9.0 0.970399018583 1.0
87.0 1.01702137531 1.0
14.0 1.03248460414 1.0
49.0 0.967854527321 1.0
136.0 1.01565949897 1.0
83.0 1.02709502142 1.0
177.0 -0.994079778616 1.0
2.0 1.00620320386 1.0
155.0 -0.354269507643 1.0
165.0 5.67868597907 1.0
28.0 0.974498614791 1.0
181.0 3.31539471413 1.0
198.0 -0.71002020357 1.0
144.0 -2.93189130221 1.0
197.0 -3.54731774132 1.0
102.0 1.01788551455 1.0
37.0 1.01259422594 1.0
82.0 0.992996202998 1.0
object 18	1.0:1.0
119.0 0.923524239315 1.0
175.0 1.3941709762 1.0
169.0 -5.61781726518 1.0
138.0 0.965800339829 1.0
142.0 0.868109361342 1.0
109.0 1.09122285629 1.0
10.0 0.940714465341 1.0
108.0 1.02948124962 1.0
89.0 1.02319922792 1.0
177.0 0.335604179635 1.0
98.0 1.03672799549 1.0
83.0 1.04351990151 1.0
26.0 1.00211050871 1.0
156.0 2.47583949688 1.0
5.0 0.946980959255 1.0
64.0 0.964904850965 1.0
17.0 1.05062103738 1.0
90.0 1.00329361236 1.0
93.0 0.995636340792 1.0
179.0 0.0917216360512 1.0
44.0 1.00915460693 1.0
36.0 0.96555725003 1.0
120.0 0.955771975177 1.0
42.0 1.01089490604 1.0
23.0 0.986112371664 1.0
193.0 -3.51488785493 1.0
27.0 1.0272689759 1.0
35.0 0.977514393533 1.0
178.0 3.30489197271 1.0
123.0 1.02165962333 1.0
137.0 0.992104032769 1.0
190.0 2.58591721923 1.0
78.0 1.06339528466 1.0
76.0 0.980746239664 1.0
63.0 1.00732216272 1.0
object 19	1.0:1.0
85.0 0.991575382504 1.0
46.0 0.970532897224 1.0
197.0 -0.67849478168 1.0
84.0 1.05798938778 1.0
158.0 -0.954330207326 1.0
136.0 1.0248470365 1.0
75.0 1.0143593801 1.0
8.0 0.984683481287 1.0
39.0 1.0100925932 1.0
157.0 0.353723820906 1.0
67.0 1.02048528664 1.0
2.0 0.99562107993 1.0
0.0 1.03129270885 1.0
121.0 1.03015656742 1.0
99.0 0.970273218766 1.0
88.0 1.01947527301 1.0
13.0 0.97296112357 1.0
86.0 0.969184635998 1.0
24.0 0.998556907121 1.0
162.0 -2.02395299633 1.0
object 20	1.0:1.0
21.0 0.974242507045 1.0
162.0 4.57822608599 1.0
24.0 0.99109341243 1.0
107.0 0.98039352584 1.0
199.0 0.273133996944 1.0
178.0 9.13173388834 1.0
66.0 0.985006195591 1.0
30.0 1.00590033345 1.0
14.0 0.965755903871 1.0
110.0 0.973167471055 1.0
158.0 -4.02649604198 1.0
87.0 0.932753104593 1.0
134.0 1.01137702189 1.0
97.0 1.04382134747 1.0
74.0 0.962475831093 1.0
103.0 0.987154741333 1.0
2.0 1.00122557166 1.0
193.0 2.351656613 1.0
4.0 1.02299318373 1.0
53.0 0.981027260234 1.0
51.0 1.02158501678 1.0
54.0 1.03455562268 1.0
32.0 0.947529844108 1.0
135.0 1.01943228637 1.0
113.0 1.00761409263 1.0
22.0 0.972836044877 1.0
3.0 0.996832994475 1.0
191.0 -0.298754003385 1.0
object 21	1.0:1.0
57.0 1.00646209035 1.0
131.0 0.939308292204 1.0
101.0 1.02914264669 1.0
8.0 1.00706089194 1.0
67.0 1.02070748454 1.0
135.0 1.0279463635 1.0
178.0 -2.11676232299 1.0
89.0 0.932470019855 1.0
62.0 1.05422537342 1.0
115.0 1.04765238851 1.0
75.0 1.00757882336 1.0
114.0 0.97032457164 1.0
193.0 -2.63133132878 1.0
111.0 0.986574231848 1.0
122.0 1.00174070155 1.0
81.0 0.975372687495 1.0
108.0 0.986866974243 1.0
93.0 1.02421603312 1.0
3.0 1.00582892408 1.0
37.0 1.06500166645 1.0
39.0 0.994087708453 1.0
148.0 -3.39143728861 1.0
164.0 -1.92480737379 1.0
59.0 0.953954459942 1.0
98.0 1.02165871958 1.0
162.0 0.937462967207 1.0
192.0 -0.53423229572 1.0
165.0 -5.05192096314 1.0
88.0 1.00947629977 1.0
90.0 0.988458484461 1.0
107.0 0.975034397322 1.0
139.0 1.00097356194 1.0
196.0 -2.30616885754 1.0
182.0 -3.67537012557 1.0
163.0 3.56036821952 1.0
120.0 1.02292839765 1.0
14.0 0.944542169475 1.0
object 22	1.0:1.0
128.0 0.986270019027 1.0
44.0 0.98079237416 1.0
78.0 0.95994178422 1.0
24.0 0.99975511275 1.0
186.0 3.91672125529 1.0
91.0 1.02112155786 1.0
124.0 1.00748832924 1.0
88.0 0.966661402838 1.0
179.0 0.937940151503 1.0
2.0 1.01574601567 1.0
96.0 1.03502308137 1.0
37.0 1.05104586007 1.0
38.0 0.958829920281 1.0
4.0 1.04213421277 1.0
68.0 0.994159323771 1.0
76.0 1.03178988951 1.0
148.0 5.59640818324 1.0
58.0 1.00406871466 1.0
197.0 -0.231874132591 1.0
21.0 0.938481138948 1.0
79.0 1.04057225119 1.0
18.0 1.01734518068 1.0
104.0 0.943361045693 1.0
17.0 1.02873275883 1.0
107.0 1.01326758268 1.0
65.0 1.00980137665 1.0
169.0 -1.40581852262 1.0
51.0 1.02865973946 1.0
object 23	1.0:1.0
109.0 0.988691688475 1.0
94.0 0.993750186149 1.0
138.0 1.00209366672 1.0
178.0 3.60205485091 1.0
127.0 1.00913657984 1.0
194.0 0.368381815681 1.0
136.0 1.0291945327 1.0
159.0 -0.0216628428739 1.0
50.0 0.973529524186 1.0
19.0 0.993316493798 1.0
113.0 1.01417154391 1.0
96.0 0.985036927203 1.0
169.0 4.40705631972 1.0
89.0 1.04712889114 1.0
84.0 0.971907830241 1.0
195.0 2.26553081333 1.0
39.0 0.995471696837 1.0
111.0 1.01535007242 1.0
155.0 1.72850143798 1.0
8.0 1.01682212448 1.0
179.0 1.58445378489 1.0
object 24	1.0:1.0
54.0 0.985671899252 1.0
25.0 1.00973004113 1.0
39.0 0.997140639907 1.0
194.0 -3.40811419693 1.0
77.0 1.01591533846 1.0
26.0 1.01384713364 1.0
100.0 1.02112896331 1.0
195.0 3.69190837398 1.0
110.0 1.02323627503 1.0
123.0 0.990453846377 1.0
170.0 1.06943438994 1.0
199.0 1.54753376607 1.0
3.0 1.01411255538 1.0
163.0 2.52789877251 1.0
129.0 1.01581360523 1.0
162.0 2.08854270428 1.0
99.0 0.987940949911 1.0
155.0 1.28076674206 1.0
40.0 0.949610829812 1.0
104.0 1.04273429076 1.0
93.0 1.03735375466 1.0
50.0 1.00391695376 1.0
48.0 1.05181660631 1.0
32.0 0.98279900117 1.0
64.0 1.09972972207 1.0
24.0 1.03790906359 1.0
94.0 0.976607980306 1.0
83.0 1.02000965293 1.0
142.0 2.07931595846 1.0
10.0 0.958749425366 1.0
34.0 1.02498410184 1.0
object 25	1.0:1.0
160.0 3.64243884479 1.0
121.0 0.971125144131 1.0
26.0 0.980441912356 1.0
83.0 1.01769856977 1.0
66.0 0.956853883753 1.0
4.0 1.03614916355 1.0
12.0 1.03290486655 1.0
100.0 1.01129778774 1.0
142.0 1.94770835888 1.0
14.0 0.985786607227 1.0
176.0 -1.08459753798 1.0
149.0 -1.13853175228 1.0
23.0 0.986243704608 1.0
99.0 1.02620787877 1.0
2.0 1.00181854034 1.0
193.0 6.16670795501 1.0
143.0 7.72778380537 1.0
13.0 1.01251917923 1.0
89.0 1.06389055887 1.0
56.0 1.04252005572 1.0
36.0 1.01234586418 1.0
173.0 1.15803075553 1.0
81.0 0.980020057332 1.0
159.0 3.36379283699 1.0
180.0 -3.71739287961 1.0
25.0 0.987692159469 1.0
187.0 2.11163077173 1.0
28.0 0.988729563301 1.0
34.0 0.997751158692 1.0
object 26	1.0:1.0
67.0 1.00627975079 1.0
160.0 3.02293343406 1.0
59.0 0.957827062652 1.0
62.0 1.04100566263 1.0
52.0 1.00562269656 1.0
31.0 0.970125347521 1.0
92.0 1.06216833553 1.0
32.0 0.973960121263 1.0
61.0 0.992237800104 1.0
3.0 0.990486889156 1.0
73.0 0.994908899392 1.0
27.0 0.979423817139 1.0
71.0 0.969149779428 1.0
64.0 1.01848878526 1.0
191.0 3.99352837896 1.0
144.0 2.4622280653 1.0
109.0 0.995840341302 1.0
118.0 0.966383021808 1.0
8.0 0.984156785765 1.0
86.0 0.981745088355 1.0
190.0 -0.382534103427 1.0
142.0 -0.440520497522 1.0
104.0 0.966363065115 1.0
53.0 0.887618490215 1.0
147.0 3.94439521773 1.0
0.0 0.913237552832 1.0
130.0 1.00679098961 1.0
object 27	1.0:1.0
114.0 0.985937029062 1.0
18.0 1.0197118194 1.0
44.0 0.988618431073 1.0
173.0 2.11142481038 1.0
83.0 1.02767350327 1.0
58.0 1.01199022987 1.0
56.0 0.924777967519 1.0
51.0 0.93292119428 1.0
126.0 1.01284145076 1.0
168.0 4.76488040319 1.0
145.0 5.97482825714 1.0
113.0 1.03481063561 1.0
172.0 2.20062993568 1.0
16.0 1.02525825145 1.0
183.0 2.66508160338 1.0
163.0 0.806274709771 1.0
148.0 1.80698083285 1.0
93.0 0.945804969812 1.0
169.0 0.439181808659 1.0
112.0 1.03062873773 1.0
117.0 0.992486912388 1.0
4.0 1.00889879842 1.0
192.0 -1.37089535859 1.0
141.0 -0.180296832026 1.0
136.0 1.02445264057 1.0
179.0 0.0913047794769 1.0
180.0 -2.366311974 1.0
28.0 0.989672038507 1.0
43.0 1.00670036729 1.0
84.0 0.989602226154 1.0
49.0 0.983350869951 1.0
131.0 1.03378886444 1.0
154.0 2.35021895268 1.0
42.0 0.98676118806 1.0
72.0 1.01229619526 1.0
120.0 0.972360847379 1.0
object 28	1.0:1.0
72.0 0.986225567227 1.0
37.0 1.03176035659 1.0
102.0 0.987532451167 1.0
33.0 1.01999794044 1.0
18.0 1.00266689444 1.0
38.0 0.973052972195 1.0
179.0 1.42744859769 1.0
41.0 0.982112922692 1.0
182.0 -8.63261504516 1.0
8.0 1.01683402609 1.0
94.0 0.949377872349 1.0
75.0 1.0176653754 1.0
26.0 0.989894439334 1.0
127.0 1.04098680151 1.0
110.0 1.04641376491 1.0
52.0 1.00142429455 1.0
132.0 1.03491742326 1.0
36.0 1.02105291108 1.0
133.0 0.98565019072 1.0
186.0 -0.0921778846272 1.0
3.0 0.99170554136 1.0
object 29	1.0:1.0
140.0 -0.457900850478 1.0
56.0 0.995282778231 1.0
193.0 -2.85137981257 1.0
83.0 0.98076575101 1.0
187.0 0.785587170623 1.0
162.0 1.13311349736 1.0
192.0 -0.0709071721227 1.0
61.0 0.971947767933 1.0
181.0 1.02555614207 1.0
114.0 0.946323332362 1.0
153.0 1.0184197746 1.0
91.0 1.02080642034 1.0
177.0 -1.46264523494 1.0
70.0 1.04237753061 1.0
170.0 2.65999686756 1.0
16.0 1.00383790179 1.0
79.0 0.964625148957 1.0
12.0 1.05217849995 1.0
50.0 1.00170091461 1.0
125.0 1.00152236725 1.0
111.0 0.998858580011 1.0
164.0 1.60827086023 1.0
188.0 -2.00396256692 1.0
190.0 0.437367860865 1.0
157.0 3.25383749798 1.0
71.0 1.04790507613 1.0
155.0 1.38587392027 1.0
52.0 1.01180333767 1.0
73.0 0.993867906845 1.0
42.0 0.996620681451 1.0
161.0 -1.11481855647 1.0
object 30	1.0:1.0
142.0 -0.662313654379 1.0
38.0 1.0809833043 1.0
122.0 1.03150500386 1.0
168.0 8.68498127163 1.0
186.0 -6.34537677534 1.0
119.0 1.0027929183 1.0
97.0 1.01286600809 1.0
149.0 5.97067737416 1.0
141.0 3.04701067115 1.0
52.0 1.01085933061 1.0
62.0 0.98587288665 1.0
39.0 0.996178479987 1.0
197.0 4.39725392369 1.0
28.0 1.04016775522 1.0
102.0 1.01159361985 1.0
46.0 0.994611494898 1.0
113.0 0.971725871797 1.0
160.0 -5.50377666 1.0
32.0 1.04653854968 1.0
30.0 0.996026110864 1.0
115.0 0.991065147191 1.0
8.0 0.998367152924 1.0
2.0 1.01099723383 1.0
158.0 -2.85204918997 1.0
176.0 2.26717753673 1.0
154.0 0.406687945627 1.0
150.0 2.45445406999 1.0
128.0 1.02323526166 1.0
10.0 0.956792633067 1.0
136.0 1.04505603662 1.0
94.0 0.99677511441 1.0
68.0 0.972599928759 1.0
81.0 0.981427613084 1.0
83.0 0.943355877072 1.0
195.0 0.553316578711 1.0
16.0 0.975449338782 1.0
54.0 0.984446988813 1.0
object 31	1.0:1.0
54.0 1.03066102346 1.0
11.0 1.03555492007 1.0
173.0 2.44653279984 1.0
111.0 1.03581208611 1.0
49.0 0.957074435417 1.0
168.0 1.2398970511 1.0
62.0 1.00324507811 1.0
194.0 3.91799760976 1.0
125.0 0.997235606215 1.0
16.0 0.996498176258 1.0
41.0 1.03949075465 1.0
119.0 0.986550403441 1.0
108.0 1.04115769652 1.0
87.0 1.11879104625 1.0
154.0 0.621047277697 1.0
85.0 0.993493029574 1.0
63.0 1.0336043012 1.0
80.0 0.951713899212 1.0
130.0 1.01148197387 1.0
180.0 -2.97867560104 1.0
151.0 -0.0994616963871 1.0
77.0 1.00449154347 1.0
181.0 1.79029818036 1.0
196.0 -1.53967678264 1.0
121.0 0.970212345179 1.0
127.0 0.986525790584 1.0
74.0 1.01947275036 1.0
95.0 0.994650047982 1.0
192.0 -1.14225099442 1.0
103.0 0.996733447796 1.0
117.0 1.01823307653 1.0
53.0 1.0295914684 1.0
113.0 0.968401040428 1.0
169.0 0.11889641642 1.0
37.0 0.950453631694 1.0
105.0 0.959691921948 1.0
object 32	1.0:1.0
8.0 0.945889931873 1.0
154.0 7.41555911352 1.0
104.0 1.03030898495 1.0
56.0 0.927045136773 1.0
128.0 1.0132016378 1.0
71.0 1.00566425059 1.0
174.0 1.78421283188 1.0
160.0 -7.99771820064 1.0
26.0 1.0269793753 1.0
143.0 -0.261192029879 1.0
37.0 1.06139324971 1.0
25.0 1.00513039626 1.0
125.0 1.01812952225 1.0
65.0 0.993919684023 1.0
7.0 0.95015653997 1.0
113.0 0.980041332843 1.0
45.0 0.988012315752 1.0
183.0 1.5507834956 1.0
55.0 0.989410546532 1.0
145.0 3.71223036313 1.0
48.0 0.940351492652 1.0
44.0 1.04583240759 1.0
43.0 0.9907194283 1.0
17.0 1.00481380905 1.0
132.0 0.974566257531 1.0
150.0 4.86043887243 1.0
57.0 0.992931683543 1.0
object 33	1.0:1.0
139.0 0.986993571032 1.0
71.0 1.0372473771 1.0
2.0 1.01098937343 1.0
91.0 1.02679605107 1.0
180.0 2.2702889412 1.0
199.0 3.4006115911 1.0
10.0 0.980661335859 1.0
164.0 1.70517912687 1.0
62.0 0.976735781006 1.0
163.0 0.643333839312 1.0
166.0 1.5165191605 1.0
47.0 0.999314600771 1.0
168.0 3.64194686892 1.0
107.0 0.972473121483 1.0
94.0 1.04503308198 1.0
132.0 0.978711285527 1.0
124.0 1.02038689617 1.0
146.0 -1.99886860083 1.0
52.0 0.987698843134 1.0
195.0 1.03082587652 1.0
174.0 0.626144652688 1.0
97.0 1.03419497237 1.0
181.0 4.14797554167 1.0
11.0 0.903037415382 1.0
177.0 1.56879694396 1.0
156.0 -1.31407084366 1.0
6.0 0.998564790296 1.0
68.0 0.96232827354 1.0
138.0 0.968784543429 1.0
object 34	1.0:1.0
155.0 2.86055631402 1.0
171.0 -1.22399139027 1.0
108.0 1.03005779232 1.0
119.0 1.01173387994 1.0
27.0 0.965364462666 1.0
173.0 0.469215674619 1.0
12.0 1.00741482898 1.0
103.0 1.00061130309 1.0
51.0 0.957637223341 1.0
74.0 0.973185680669 1.0
198.0 1.23796969429 1.0
50.0 1.04941625425 1.0
2.0 0.997632433925 1.0
101.0 1.02242663788 1.0
129.0 1.02244431924 1.0
144.0 -0.67172047832 1.0
112.0 0.924778977461 1.0
190.0 -0.661549725885 1.0
64.0 0.975863083194 1.0
133.0 1.00638771465 1.0
48.0 0.986255031984 1.0
59.0 1.0394953899 1.0
152.0 -1.94616287233 1.0
7.0 0.990039251376 1.0
81.0 1.03571348798 1.0
126.0 1.01719625966 1.0
52.0 0.98876172086 1.0
55.0 1.06746865049 1.0
24.0 1.00063344878 1.0
111.0 1.00698104166 1.0
141.0 -0.451451348613 1.0
26.0 0.978391128677 1.0
159.0 0.717863634586 1.0
194.0 5.64615428347 1.0
150.0 0.866087550195 1.0
121.0 1.00545060169 1.0
120.0 1.01004830971 1.0
58.0 1.03075078691 1.0
135.0 0.951353352401 1.0
158.0 4.23283555836 1.0
object 35	1.0:1.0
94.0 1.04338108189 1.0
145.0 4.42320445341 1.0
51.0 1.01399621749 1.0
41.0 0.978234006517 1.0
175.0 4.25135741177 1.0
4.0 1.02835705781 1.0
79.0 1.01843248423 1.0
18.0 0.976545611515 1.0
126.0 1.02910462599 1.0
135.0 1.021359268 1.0
91.0 1.05482570234 1.0
142.0 1.19258998459 1.0
132.0 0.974149002567 1.0
141.0 -0.122421318729 1.0
139.0 1.00895791785 1.0
77.0 1.05338270398 1.0
63.0 1.01249893952 1.0
39.0 1.02190875948 1.0
55.0 1.15056529799 1.0
113.0 0.988724333755 1.0
133.0 0.982269649511 1.0
187.0 0.359301653512 1.0
168.0 -6.1467795959 1.0
144.0 0.837798310938 1.0
111.0 0.994756537953 1.0
5.0 1.0375786056 1.0
165.0 8.90555979759 1.0
109.0 0.892478125593 1.0
object 36	1.0:1.0
13.0 0.92743551691 1.0
16.0 0.972730235478 1.0
66.0 0.978954601454 1.0
11.0 0.902722249883 1.0
168.0 0.806265271731 1.0
142.0 1.77624872787 1.0
45.0 1.05259222927 1.0
9.0 1.00839315767 1.0
124.0 1.02012605879 1.0
96.0 0.954008472143 1.0
104.0 1.01728267807 1.0
56.0 1.04755329204 1.0
169.0 -4.67552272498 1.0
34.0 1.01941480841 1.0
98.0 0.969043988366 1.0
134.0 0.972193431608 1.0
111.0 0.982240603487 1.0
24.0 1.01393856068 1.0
20.0 1.00046490348 1.0
67.0 1.01052540157 1.0
83.0 0.964711330067 1.0
195.0 3.04739168642 1.0
86.0 0.970726061701 1.0
196.0 -2.32488744166 1.0
115.0 0.929200431709 1.0
123.0 1.00603959346 1.0
14.0 0.97846776798 1.0
160.0 1.3829801971 1.0
90.0 1.00960164957 1.0
75.0 0.982990821549 1.0
21.0 0.980856801641 1.0
object 37	1.0:1.0
48.0 0.974291864452 1.0
84.0 0.930328638498 1.0
79.0 1.0216142166 1.0
53.0 0.998270727644 1.0
157.0 -3.64436756684 1.0
5.0 1.01083356245 1.0
70.0 1.01430625049 1.0
73.0 0.909192085568 1.0
1.0 0.953125073536 1.0
156.0 0.158676449225 1.0
179.0 0.772206749085 1.0
131.0 0.965477491825 1.0
181.0 -0.110633055619 1.0
176.0 -1.44046016403 1.0
27.0 1.02841370579 1.0
142.0 -3.3574202937 1.0
186.0 -0.907673164127 1.0
65.0 1.03728632074 1.0
178.0 -1.37890139218 1.0
4.0 0.955101061897 1.0
164.0 -3.63458120792 1.0
192.0 0.957354247992 1.0
object 38	1.0:1.0
104.0 0.950818253462 1.0
93.0 0.982892787833 1.0
46.0 1.03575094227 1.0
94.0 0.981481172314 1.0
132.0 0.945096882699 1.0
149.0 4.83426645841 1.0
117.0 1.03733267184 1.0
69.0 1.04169032554 1.0
3.0 1.01745454731 1.0
97.0 1.02633304257 1.0
130.0 1.00592421868 1.0
84.0 0.945277304408 1.0
40.0 1.01606591775 1.0
192.0 -1.12954172539 1.0
142.0 -0.155137754934 1.0
141.0 1.04137908497 1.0
27.0 1.00483759062 1.0
179.0 -1.51837289234 1.0
196.0 1.8938055122 1.0
183.0 2.76276652595 1.0
156.0 2.97091575611 1.0
195.0 0.216436655251 1.0
129.0 1.01069923817 1.0
51.0 1.0457632713 1.0
182.0 -1.44049286869 1.0
114.0 0.976235222205 1.0
172.0 1.87034697643 1.0
61.0 0.975425275144 1.0
1.0 0.962327365974 1.0
object 39	1.0:1.0
21.0 0.99872677997 1.0
130.0 1.03978322614 1.0
115.0 0.991356907666 1.0
112.0 1.01197619738 1.0
69.0 0.990982015631 1.0
140.0 -0.123129604425 1.0
78.0 0.933421433199 1.0
33.0 1.04708299987 1.0
106.0 1.02243442158 1.0
172.0 2.89129544456 1.0
185.0 3.20801513509 1.0
178.0 1.48235435229 1.0
34.0 1.03809613036 1.0
43.0 0.984366254034 1.0
36.0 0.959847634952 1.0
77.0 0.996748068403 1.0
149.0 -3.37931972355 1.0
62.0 1.03539329027 1.0
58.0 1.00457761916 1.0
195.0 3.64331145703 1.0
5.0 1.04484785684 1.0
184.0 -4.09172400821 1.0
object 40	1.0:1.0
173.0 -5.5610742091 1.0
106.0 0.976185929379 1.0
159.0 -0.568024336652 1.0
179.0 1.39136785642 1.0
175.0 7.72443289537 1.0
116.0 1.02516869883 1.0
128.0 1.00201209465 1.0
90.0 0.976039327113 1.0
79.0 0.997963035014 1.0
183.0 1.5493722735 1.0
174.0 1.65390631535 1.0
94.0 1.01167102709 1.0
61.0 1.014004788 1.0
44.0 0.994415548022 1.0
169.0 2.68558116441 1.0
4.0 0.996645265543 1.0
122.0 1.00042216796 1.0
23.0 1.04979266095 1.0
81.0 0.950489885833 1.0
3.0 1.02240055314 1.0
129.0 0.998639454387 1.0
140.0 1.6845168733 1.0
22.0 1.01398707435 1.0
95.0 0.98721922722 1.0
198.0 -0.68797813624 1.0
object 41	1.0:1.0
102.0 0.98876672903 1.0
63.0 0.975676221818 1.0
28.0 0.995403768685 1.0
53.0 1.03790925917 1.0
13.0 0.993931973001 1.0
2.0 1.00633018934 1.0
92.0 1.06314234735 1.0
118.0 1.00520539574 1.0
83.0 0.98882083912 1.0
21.0 0.985893839722 1.0
27.0 1.02580525306 1.0
130.0 0.938951570494 1.0
51.0 1.00485173164 1.0
object 42	1.0:1.0
147.0 0.520904629912 1.0
14.0 1.00467923813 1.0
23.0 1.01958703034 1.0
175.0 3.99270964069 1.0
49.0 0.992726426553 1.0
164.0 -2.30294920144 1.0
30.0 0.976986020841 1.0
155.0 -0.00322871924493 1.0
35.0 1.03191634839 1.0
9.0 0.982333499994 1.0
11.0 0.896705614967 1.0
169.0 10.6363300762 1.0
80.0 0.986847278692 1.0
91.0 1.01372249056 1.0
90.0 1.00045871218 1.0
100.0 0.99709302871 1.0
108.0 1.0028226654 1.0
38.0 0.99776231634 1.0
82.0 0.961243268272 1.0
160.0 1.5315429303 1.0
136.0 0.95615444752 1.0
21.0 0.942962106427 1.0
196.0 -0.805824333457 1.0
57.0 1.06802334171 1.0
20.0 0.937718549544 1.0
43.0 1.01688703049 1.0
88.0 1.01964246295 1.0
28.0 0.994841274064 1.0
111.0 1.03565775976 1.0
192.0 1.59837095763 1.0
70.0 1.0137837966 1.0
92.0 1.02228252167 1.0
171.0 4.33585592554 1.0
167.0 0.624136061168 1.0
129.0 0.979338987932 1.0
140.0 -0.173726059004 1.0
144.0 1.31352369709 1.0
object 43	1.0:1.0
188.0 0.477973344408 1.0
3.0 0.998616954048 1.0
39.0 0.995984187368 1.0
18.0 1.04791345567 1.0
128.0 0.983154292905 1.0
35.0 0.986164716592 1.0
152.0 2.30820197938 1.0
73.0 0.958851047447 1.0
12.0 0.966880461467 1.0
11.0 0.982064184991 1.0
141.0 0.404526975519 1.0
30.0 0.996928009385 1.0
112.0 1.01728140783 1.0
63.0 0.970319351655 1.0
149.0 -1.0645300955 1.0
156.0 2.35368663175 1.0
92.0 1.02520298714 1.0
170.0 -0.29050208967 1.0
65.0 1.05314486512 1.0
9.0 1.01940133997 1.0
6.0 1.00331596962 1.0
94.0 0.993072208754 1.0
38.0 0.993038389902 1.0
55.0 1.08247841104 1.0
106.0 1.09976936147 1.0
8.0 1.0021285693 1.0
19.0 1.01196730145 1.0
object 44	1.0:1.0
188.0 3.43970463242 1.0
7.0 0.969414750264 1.0
108.0 1.00054983226 1.0
129.0 1.02287030403 1.0
146.0 3.9777085932 1.0
128.0 0.982533791635 1.0
177.0 -0.113340366728 1.0
150.0 3.57279792844 1.0
153.0 1.50300934552 1.0
36.0 1.03172527853 1.0
13.0 0.946426855771 1.0
43.0 1.00029705655 1.0
135.0 0.949578288127 1.0
87.0 1.00839456476 1.0
113.0 1.02421100474 1.0
130.0 1.01276524381 1.0
54.0 0.990760647478 1.0
189.0 -0.821645346728 1.0
78.0 1.00677339542 1.0
157.0 5.64361854478 1.0
59.0 1.10041092345 1.0
105.0 0.992560437193 1.0
27.0 0.985284151095 1.0
158.0 2.84605897671 1.0
38.0 0.910975579537 1.0
196.0 0.54893856597 1.0
91.0 1.01051079804 1.0
16.0 1.04605458432 1.0
81.0 1.0289139128 1.0
167.0 0.9252744917 1.0
32.0 0.957619284653 1.0
83.0 1.00956582568 1.0
42.0 0.981008177457 1.0
161.0 -2.93248740922 1.0
186.0 7.80573409699 1.0
131.0 0.961066684303 1.0
3.0 1.00513413789 1.0
object 45	1.0:1.0
42.0 1.01745055244 1.0
170.0 -0.339899631313 1.0
81.0 0.9770644207 1.0
60.0 1.04499280125 1.0
76.0 0.988682148076 1.0
11.0 0.967588069568 1.0
58.0 0.994193731527 1.0
43.0 1.00861186015 1.0
171.0 0.609828209608 1.0
194.0 5.25338806546 1.0
16.0 0.965779720613 1.0
186.0 0.626222761291 1.0
167.0 -0.00773854342633 1.0
192.0 0.362308929102 1.0
64.0 1.02478108258 1.0
57.0 0.982074817314 1.0
95.0 1.0059561623 1.0
149.0 2.57753366214 1.0
119.0 0.99424016449 1.0
8.0 1.01705725963 1.0
158.0 1.66123118178 1.0
17.0 0.985582130561 1.0
188.0 3.5889672856 1.0
93.0 1.07166784252 1.0
object 46	1.0:1.0
9.0 0.952441478927 1.0
89.0 0.999034356323 1.0
33.0 1.01177060368 1.0
93.0 0.978529945372 1.0
76.0 0.999170188754 1.0
137.0 1.01904784238 1.0
74.0 1.01704331851 1.0
192.0 2.70997220985 1.0
95.0 1.01283789259 1.0
54.0 1.02643491044 1.0
117.0 0.992546979102 1.0
16.0 0.927812311373 1.0
168.0 -3.00696487387 1.0
72.0 1.00118912144 1.0
0.0 0.994103315871 1.0
97.0 1.03679849132 1.0
75.0 1.07998549119 1.0
196.0 2.13724190873 1.0
28.0 0.990534254924 1.0
151.0 -1.5106547805 1.0
91.0 0.985867040373 1.0
152.0 1.62281826341 1.0
172.0 0.480237360228 1.0
170.0 1.3259430966 1.0
object 47	1.0:1.0
67.0 0.983432932889 1.0
110.0 0.984153938161 1.0
57.0 0.939823550033 1.0
172.0 1.2192469146 1.0
19.0 1.00146939618 1.0
91.0 1.02458719821 1.0
9.0 1.0121565655 1.0
1.0 1.01933686097 1.0
130.0 1.01388870288 1.0
161.0 6.06999097577 1.0
154.0 3.57960872864 1.0
93.0 0.911286966973 1.0
181.0 2.94692616365 1.0
148.0 4.72470814161 1.0
47.0 1.01592504385 1.0
183.0 2.17604958529 1.0
69.0 1.00536014571 1.0
188.0 1.63910388431 1.0
167.0 2.30648033554 1.0
108.0 0.994418651925 1.0
30.0 1.02892478617 1.0
100.0 1.09991236515 1.0
138.0 1.01215553865 1.0
151.0 1.76508773937 1.0
119.0 1.02456856671 1.0
78.0 0.985107356136 1.0
155.0 0.592504608436 1.0
12.0 0.99660768812 1.0
117.0 1.01883522223 1.0
63.0 1.01921061575 1.0
0.0 0.949087791265 1.0
127.0 1.01208249645 1.0
object 48	1.0:1.0
146.0 4.70097584452 1.0
69.0 1.03678076859 1.0
111.0 0.99733998064 1.0
23.0 0.970554524586 1.0
192.0 -0.631811926724 1.0
122.0 1.07207003357 1.0
63.0 1.02679488657 1.0
199.0 3.63545716867 1.0
183.0 -3.41341147811 1.0
133.0 0.983624062505 1.0
16.0 0.98034312283 1.0
27.0 0.984510885085 1.0
57.0 0.973724403227 1.0
139.0 1.03181467741 1.0
0.0 0.986895016216 1.0
164.0 7.36438962245 1.0
62.0 0.982559139 1.0
166.0 2.87658410057 1.0
137.0 0.987465126463 1.0
174.0 -0.325606187428 1.0
151.0 0.253412334859 1.0
126.0 0.997663885137 1.0
object 49	1.0:1.0
102.0 0.999623377697 1.0
82.0 0.980234123162 1.0
186.0 4.37740167392 1.0
3.0 0.965817145165 1.0
38.0 1.00023004554 1.0
84.0 1.02507922572 1.0
182.0 1.78411194797 1.0
63.0 1.00657853514 1.0
194.0 1.19265229461 1.0
179.0 1.77265536809 1.0
81.0 1.02986312402 1.0
197.0 4.61668626035 1.0
86.0 1.02100261061 1.0
101.0 1.0221759484 1.0
65.0 1.02185271449 1.0
76.0 1.00807600361 1.0
50.0 0.924234448141 1.0
152.0 1.07609879213 1.0
116.0 0.986310435469 1.0
177.0 4.66643051992 1.0
153.0 -1.69317665411 1.0
28.0 1.01081801788 1.0
88.0 0.99884300821 1.0
77.0 0.982514650235 1.0
45.0 0.991094905469 1.0
0.0 1.0981574496 1.0
19.0 0.980014916485 1.0
67.0 0.986702821119 1.0
40.0 1.00073681668 1.0
53.0 0.899687212776 1.0
114.0 0.973124913435 1.0
105.0 1.06051727854 1.0
90.0 1.00118232057 1.0
96.0 0.94529458771 1.0
189.0 -2.05228288706 1.0
176.0 -3.05348420894 1.0
155.0 -0.771522624718 1.0
object 50	1.0:0.5 7.08790533673:0.5
19.0 7.16443283904 1.0
199.0 8.113665356 1.0
77.0 7.12534846518 1.0
134.0 7.17082706553 1.0
97.0 7.07908316631 1.0
84.0 7.10507752854 1.0
190.0 10.1506021371 1.0
181.0 8.38593655458 1.0
66.0 1.02926896012 0.0
35.0 0.998458336005 0.0
171.0 10.7013938104 1.0
82.0 1.01891836928 0.0
80.0 0.896697293863 0.0
32.0 7.14054176432 1.0
114.0 1.0376062859 0.0
102.0 1.02568267139 0.0
56.0 0.994733259721 0.0
115.0 7.06972752824 1.0
131.0 7.14760336296 1.0
155.0 4.55131104616 1.0
145.0 6.35374232729 0.0
193.0 0.523809220169 0.0
141.0 3.94870728227 0.0
124.0 7.07556833272 1.0
10.0 7.12059646826 1.0
107.0 7.02493885166 1.0
101.0 0.926491225414 0.0
156.0 -1.4235636789 0.0
18.0 1.08534913979 0.0
1.0 1.00664319961 0.0
130.0 7.09666588295 1.0
105.0 0.992659650977 0.0
68.0 0.970780675849 0.0
176.0 8.68182429349 1.0
135.0 7.04954049037 1.0
object 51	1.0:0.5 -9.42289486346:0.5
117.0 0.908780956846 0.0
99.0 1.0189604788 0.0
7.0 -9.35874990652 1.0
106.0 -9.43616385762 1.0
105.0 -9.40398970708 1.0
176.0 3.32116509431 0.0
26.0 -9.38894184568 1.0
134.0 -9.42236585814 1.0
195.0 -8.60893020341 1.0
149.0 2.70004108992 0.0
191.0 8.86934034348 0.0
120.0 -9.315428457 1.0
44.0 -9.39309109612 1.0
189.0 -7.64181862118 1.0
175.0 -9.47061292159 1.0
142.0 0.477189106604 0.0
100.0 -9.34813817648 1.0
86.0 -9.39821761879 1.0
93.0 -9.39914825252 1.0
50.0 -9.38806626955 1.0
172.0 -11.8693779271 1.0
17.0 1.02649637713 0.0
75.0 0.925365729523 0.0
173.0 -5.70327585985 0.0
3.0 -9.35840048859 1.0
object 52	1.0:0.5 2.39392942779:0.5
179.0 1.07778765856 0.0
56.0 1.07466158287 0.0
188.0 -1.09234225194 1.0
63.0 0.998921907864 0.0
8.0 2.44570844913 1.0
7.0 2.35919532492 1.0
30.0 0.985633210726 0.0
168.0 3.53034696959 0.0
157.0 -7.5536069053 0.0
178.0 0.948350319149 1.0
189.0 7.2182197243 1.0
170.0 2.0803832164 1.0
38.0 2.35713377252 1.0
187.0 0.446150941797 0.0
180.0 -1.10517247111 0.0
62.0 0.964406357053 0.0
73.0 1.09043803921 0.0
116.0 2.43911481647 1.0
25.0 1.02082599595 0.0
19.0 0.968984217188 0.0
166.0 0.485727644555 0.0
89.0 0.990317465816 0.0
12.0 2.34911716204 1.0
74.0 1.00996579806 0.0
183.0 -3.1693501993 0.0
81.0 1.00129271647 0.0
71.0 0.990764012538 0.0
153.0 4.0000075831 1.0
64.0 2.39130445446 1.0
176.0 0.541275395242 1.0
58.0 0.94622702268 0.0
68.0 2.44914065444 1.0
152.0 2.73983705985 1.0
45.0 1.02442441869 0.0
39.0 0.952337974715 0.0
110.0 1.02172610106 0.0
object 53	1.0:0.5 -6.4397941113:0.5
128.0 0.979746570245 0.0
67.0 1.02738713072 0.0
193.0 -6.66273276852 1.0
30.0 0.957706668027 0.0
195.0 3.17772473585 0.0
0.0 0.995607816363 0.0
117.0 -6.43262753909 1.0
40.0 1.03721767646 0.0
46.0 0.995299454003 0.0
19.0 0.990130132171 0.0
159.0 -5.02855594823 1.0
14.0 0.956498233909 0.0
174.0 -11.1857085295 1.0
130.0 -6.40635162489 1.0
124.0 -6.46076715815 1.0
15.0 0.993003973322 0.0
75.0 1.01651927216 0.0
134.0 -6.45602466509 1.0
173.0 -9.34147342597 1.0
169.0 0.755555755379 0.0
22.0 0.945085198915 0.0
197.0 -8.69255364967 1.0
125.0 1.07037645122 0.0
25.0 -6.50286670301 1.0
33.0 -6.50405268388 1.0
198.0 -3.70270363769 0.0
199.0 2.11212987081 0.0
7.0 -6.4231917079 1.0
79.0 -6.41375433664 1.0
92.0 -6.50465519956 1.0
object 54	1.0:0.5 -3.40874598077:0.5
72.0 -3.33215363564 1.0
118.0 -3.47681236225 1.0
28.0 -3.37923967327 1.0
106.0 -3.47300464701 1.0
68.0 1.05372270954 0.0
81.0 -3.45794012719 1.0
146.0 1.91232384053 0.0
7.0 0.944863175571 0.0
82.0 -3.35342753634 1.0
131.0 0.941336026314 0.0
172.0 1.57173583712 1.0
198.0 -2.93656428754 1.0
199.0 -4.23358516449 1.0
115.0 -3.42305591813 1.0
58.0 1.11472137317 0.0
62.0 1.01802788994 0.0
27.0 -3.35917276022 1.0
194.0 -3.34824839359 1.0
67.0 -3.45262688489 1.0
174.0 1.14569492182 0.0
13.0 -3.35880214494 1.0
97.0 -3.24661492839 1.0
11.0 1.08799253796 0.0
96.0 0.998662932703 0.0
112.0 0.918602961023 0.0
170.0 -1.17035992678 1.0
154.0 -5.7493982629 1.0
63.0 1.01732690842 0.0
45.0 0.933479202265 0.0
176.0 5.7859354141 0.0
51.0 -3.38428729013 1.0
43.0 0.916713906225 0.0
object 55	1.0:0.5 2.24867070979:0.5
0.0 1.07196061576 0.0
130.0 2.26633635165 1.0
159.0 3.92306366261 0.0
22.0 1.03924777003 0.0
134.0 2.25244790065 1.0
181.0 3.64795542251 1.0
148.0 0.187796993702 1.0
183.0 -6.17295287762 0.0
135.0 1.00680608647 0.0
40.0 2.38302473821 1.0
139.0 1.02815405829 0.0
120.0 2.33243299024 1.0
53.0 2.28322157611 1.0
155.0 4.97869148604 1.0
55.0 1.0581824372 0.0
163.0 3.7156949933 1.0
197.0 -2.11825677949 1.0
100.0 1.02040398676 0.0
3.0 1.02992254761 0.0
184.0 1.61559885418 0.0
143.0 2.23261564467 1.0
119.0 2.33002463694 1.0
object 56	1.0:0.5 21.1954378516:0.5
152.0 17.2832724304 1.0
41.0 21.2062509385 1.0
133.0 0.910630202947 0.0
84.0 1.00956450415 0.0
150.0 21.6700110012 1.0
186.0 2.48452721487 0.0
102.0 21.229845876 1.0
128.0 21.1580847797 1.0
63.0 21.1495665052 1.0
183.0 -3.68854365202 0.0
100.0 0.958432078254 0.0
117.0 21.1095726697 1.0
62.0 21.1522974993 1.0
161.0 -3.09878285762 0.0
99.0 0.973031195706 0.0
116.0 1.00397432191 0.0
58.0 21.1969560188 1.0
118.0 21.1887866552 1.0
3.0 21.1471522355 1.0
78.0 0.999525177532 0.0
175.0 24.9815625708 1.0
7.0 21.2044964096 1.0
33.0 0.911565519355 0.0
68.0 1.07627503628 0.0
77.0 1.0681581189 0.0
76.0 0.96007937242 0.0
2.0 0.986326795388 0.0
139.0 21.1363590295 1.0
122.0 1.06011927021 0.0
4.0 21.1553084378 1.0
21.0 0.983549938862 0.0
155.0 15.8765675941 1.0
51.0 21.3083259945 1.0
98.0 21.212770918 1.0
54.0 1.04087083529 0.0
object 57	1.0:0.5 7.19212849679:0.5
154.0 12.2671144895 1.0
29.0 7.21390766992 1.0
76.0 0.874786271204 0.0
50.0 7.08055007698 1.0
153.0 -1.74528830583 0.0
23.0 1.06855037103 0.0
57.0 1.0684309061 0.0
118.0 7.24761608025 1.0
151.0 4.09367737151 0.0
119.0 7.18998958599 1.0
92.0 0.95418500648 0.0
142.0 1.06418001877 0.0
143.0 1.10645563146 0.0
21.0 0.919792064304 0.0
117.0 0.932974602543 0.0
172.0 2.60510943385 1.0
176.0 3.05997937561 0.0
64.0 7.1919042409 1.0
27.0 7.15074211536 1.0
152.0 2.4362983406 1.0
83.0 7.16321513939 1.0
116.0 7.14651198139 1.0
134.0 7.15618786733 1.0
90.0 7.12168128379 1.0
object 58	1.0:0.5 0.139463610845:0.5
40.0 0.0525577015045 1.0
192.0 -5.63302432146 1.0
167.0 -3.03737855858 0.0
52.0 1.01512266247 0.0
94.0 0.0403937437918 1.0
67.0 0.155687530566 1.0
20.0 0.168389457926 1.0
168.0 2.80852698812 0.0
130.0 0.971487420813 0.0
12.0 0.987022026889 0.0
19.0 0.929900716105 0.0
159.0 1.7573763572 0.0
113.0 0.199332417686 1.0
128.0 0.882698518467 0.0
146.0 -1.53018792576 1.0
140.0 -4.23644768645 1.0
21.0 0.160896467009 1.0
114.0 0.175119806547 1.0
88.0 0.181686283513 1.0
176.0 -1.60332497511 0.0
188.0 8.2092947238 1.0
111.0 1.02062856188 0.0
162.0 -2.52409894769 1.0
24.0 0.971087677497 0.0
31.0 1.05134622252 0.0
55.0 1.04908501569 0.0
87.0 1.02165368634 0.0
139.0 0.149922880956 1.0
120.0 0.165142585423 1.0
195.0 -7.96065588665 1.0
96.0 0.146182997911 1.0
62.0 0.218203169144 1.0
198.0 5.42086442108 1.0
46.0 0.22094050182 1.0
object 59	1.0:0.5 -5.26564658913:0.5
0.0 1.07530235835 0.0
150.0 -3.34062858714 1.0
147.0 2.06094649752 0.0
197.0 3.59187657055 0.0
63.0 -5.3287398091 1.0
126.0 0.908507107128 0.0
128.0 1.04566926107 0.0
114.0 1.02738555406 0.0
124.0 -5.36461847166 1.0
155.0 -5.26491452682 1.0
148.0 0.975830001543 0.0
102.0 -5.27496368033 1.0
173.0 -4.58059943927 1.0
54.0 -5.24174678602 1.0
178.0 -2.38337791872 0.0
56.0 -5.2198784508 1.0
101.0 -5.31227850946 1.0
162.0 -7.56245191392 1.0
5.0 0.993531180133 0.0
26.0 -5.21009437065 1.0
86.0 0.99458197744 0.0
163.0 1.74257964148 0.0
62.0 -5.2082556656 1.0
189.0 -4.42604035615 1.0
175.0 3.71274121339 0.0
43.0 -5.25186960211 1.0
104.0 -5.29956847782 1.0
object 60	1.0:0.5 21.5602717714:0.5
68.0 21.6075320576 1.0
65.0 21.6501143019 1.0
163.0 21.816613803 1.0
196.0 19.4854744997 1.0
49.0 1.04453270009 0.0
82.0 21.5882511064 1.0
145.0 22.7431887879 1.0
86.0 21.4939508597 1.0
23.0 1.0089318166 0.0
109.0 1.00899055843 0.0
61.0 1.06474032217 0.0
31.0 1.05835352618 0.0
154.0 -1.15676227062 0.0
190.0 4.64048658415 0.0
56.0 0.896512552316 0.0
14.0 21.5757723394 1.0
135.0 21.5693138101 1.0
70.0 21.571670854 1.0
12.0 1.00475763787 0.0
0.0 0.922875810476 0.0
64.0 0.899849929038 0.0
36.0 0.954698123097 0.0
18.0 0.990975830702 0.0
169.0 1.48639291796 0.0
15.0 0.954898579028 0.0
198.0 -1.12479546947 0.0
85.0 21.4593156314 1.0
43.0 1.06777029121 0.0
115.0 21.5951944313 1.0
object 61	1.0:0.5 2.84810544582:0.5
86.0 2.86423769778 1.0
104.0 0.952719212204 0.0
126.0 2.76137995323 1.0
15.0 2.86737141935 1.0
27.0 1.03963474583 0.0
87.0 2.89629607294 1.0
173.0 2.04390343422 1.0
177.0 8.0214770325 1.0
21.0 1.02244004882 0.0
171.0 1.84916543363 0.0
113.0 0.999090339801 0.0
13.0 0.973042689605 0.0
119.0 2.86175740887 1.0
183.0 7.91030647866 1.0
74.0 2.79898058198 1.0
128.0 2.84926688692 1.0
117.0 1.04186753981 0.0
156.0 3.185181027 1.0
75.0 0.958129083249 0.0
44.0 1.01796263989 0.0
2.0 2.86369015069 1.0
178.0 9.12586127417 1.0
94.0 0.978734405328 0.0
45.0 0.992039050375 0.0
30.0 2.81953898761 1.0
76.0 0.993489324691 0.0
35.0 2.83688081658 1.0
120.0 2.71255782482 1.0
155.0 2.58168813131 1.0
116.0 0.965866368131 0.0
99.0 0.934727339635 0.0
24.0 1.05187087338 0.0
172.0 0.117933586469 0.0
object 62	1.0:0.5 3.27287552604:0.5
8.0 1.05693748934 0.0
150.0 5.20424830834 1.0
166.0 5.87520189619 1.0
157.0 -0.740535942765 0.0
168.0 1.04075324098 1.0
60.0 0.981689165643 0.0
133.0 1.07135934469 0.0
31.0 0.993807048601 0.0
154.0 0.508187947959 0.0
175.0 -3.68064270546 0.0
176.0 3.55748545572 0.0
87.0 0.947593109581 0.0
199.0 4.14427567087 1.0
123.0 3.38614854101 1.0
163.0 4.18233747046 1.0
117.0 0.958917441367 0.0
121.0 0.932442482794 0.0
25.0 3.20623016302 1.0
9.0 1.00290719371 0.0
132.0 3.22664143404 1.0
134.0 0.95199587435 0.0
52.0 3.22454062295 1.0
29.0 3.25349493547 1.0
94.0 1.06251808899 0.0
102.0 3.31451618832 1.0
159.0 1.56494026604 1.0
97.0 1.10674086415 0.0
object 63	1.0:0.5 -0.645317015856:0.5
164.0 -3.12438171767 1.0
129.0 1.02479246941 0.0
11.0 1.00553719842 0.0
167.0 -0.359756915422 0.0
20.0 1.00121674299 0.0
143.0 -3.9853291272 1.0
63.0 -0.631565926466 1.0
100.0 1.07324594279 0.0
94.0 -0.599788630347 1.0
92.0 -0.61556254707 1.0
27.0 -0.641188077872 1.0
169.0 -2.08772561207 1.0
47.0 -0.629775663402 1.0
189.0 1.48853457077 0.0
74.0 0.95306906363 0.0
196.0 2.96439956427 0.0
168.0 3.77223097309 0.0
10.0 -0.613134746811 1.0
18.0 1.01835361152 0.0
52.0 0.996335825035 0.0
150.0 0.538014617931 1.0
26.0 -0.624798420275 1.0
176.0 0.57954242061 1.0
9.0 0.965183612579 0.0
62.0 1.02197035827 0.0
137.0 1.01661810713 0.0
111.0 0.962077391233 0.0
object 64	1.0:0.5 -4.28087735155:0.5
18.0 0.971077957423 0.0
115.0 -4.45712982515 1.0
67.0 -4.31718103605 1.0
198.0 -2.61423594945 0.0
33.0 0.982665243791 0.0
107.0 -4.33444567615 1.0
22.0 -4.33044718385 1.0
83.0 -4.23074448018 1.0
32.0 -4.23373227614 1.0
165.0 -2.35814823547 1.0
39.0 -4.25891934984 1.0
136.0 -4.30335804671 1.0
109.0 -4.33668862956 1.0
25.0 -4.27240193183 1.0
192.0 -3.25523588817 0.0
169.0 -2.37108400346 0.0
196.0 -2.53625265427 1.0
6.0 -4.33173169916 1.0
193.0 -10.0249847551 1.0
176.0 -6.54396088394 1.0
62.0 0.972523273426 0.0
131.0 0.958161292345 0.0
121.0 1.00870311702 0.0
78.0 0.979127558839 0.0
194.0 -0.827145167552 0.0
object 65	1.0:0.5 -2.9251365209:0.5
175.0 -5.76599163129 0.0
53.0 0.993560660237 0.0
43.0 -2.90972570942 1.0
61.0 0.97146737932 0.0
124.0 -2.91906198234 1.0
153.0 0.244204928882 1.0
24.0 0.959777275991 0.0
59.0 -2.94135813639 1.0
170.0 2.27679729446 0.0
55.0 -2.99035173466 1.0
80.0 -2.91737537513 1.0
162.0 -1.34304543727 0.0
99.0 -2.95519071971 1.0
177.0 -4.92021742189 1.0
11.0 0.987849654825 0.0
115.0 1.03733741696 0.0
126.0 -2.96001529285 1.0
100.0 0.99853211285 0.0
103.0 -2.86829893221 1.0
195.0 -2.61092906215 1.0
109.0 -2.88852099397 1.0
138.0 -2.96208859339 1.0
169.0 -3.60348670846 1.0
21.0 -2.9221287821 1.0
20.0 0.997898614767 0.0
object 66	1.0:0.5 -0.140402139388:0.5
10.0 -0.181524932571 1.0
191.0 1.70334436006 1.0
97.0 1.01282490625 0.0
195.0 5.533362993 0.0
19.0 -0.0564335935284 1.0
29.0 1.03696482342 0.0
170.0 5.12671366539 0.0
85.0 -0.139559564388 1.0
27.0 1.07213642553 0.0
160.0 1.09503186217 1.0
192.0 -3.46456753461 1.0
28.0 1.0446860999 0.0
4.0 -0.0737356512191 1.0
175.0 -8.97438310597 0.0
148.0 3.45827263473 1.0
104.0 1.10021032876 0.0
21.0 -0.187893926047 1.0
108.0 -0.0720404784796 1.0
101.0 1.04760865025 0.0
155.0 -2.05526369054 1.0
62.0 1.00839283191 0.0
153.0 -3.58420567875 0.0
188.0 -4.0832679191 0.0
1.0 -0.159205720815 1.0
object 67	1.0:0.5 21.6548999305:0.5
40.0 1.01387303527 0.0
54.0 21.6530921321 1.0
64.0 21.6595986121 1.0
71.0 21.5938911165 1.0
63.0 0.993442936077 0.0
25.0 1.05377878704 0.0
120.0 0.977172281579 0.0
149.0 4.30512081142 0.0
24.0 0.935885313789 0.0
39.0 0.884010307119 0.0
193.0 20.6213286471 1.0
46.0 1.02302872814 0.0
50.0 1.01514210526 0.0
117.0 21.5406019013 1.0
181.0 1.40597335694 0.0
130.0 21.6816064741 1.0
109.0 21.7105013093 1.0
162.0 -1.77763542735 0.0
86.0 21.5735634545 1.0
168.0 25.0280776102 1.0
3.0 21.6197144203 1.0
144.0 21.3566849695 1.0
110.0 1.00575014639 0.0
9.0 1.07688727007 0.0
116.0 0.979859589086 0.0
153.0 17.8639713796 1.0
137.0 21.6472281643 1.0
object 68	1.0:0.5 -16.4014196045:0.5
36.0 1.00175818136 0.0
29.0 -16.3617538196 1.0
60.0 0.945421423535 0.0
24.0 -16.4149220596 1.0
114.0 -16.4136715355 1.0
18.0 -16.4557515373 1.0
78.0 1.05808760268 0.0
17.0 1.04467635914 0.0
61.0 -16.4356236103 1.0
110.0 0.972450285031 0.0
191.0 -15.4165012024 1.0
149.0 -14.9583850449 1.0
198.0 -17.9194580043 1.0
185.0 -11.8886954422 1.0
84.0 0.959657505828 0.0
95.0 -16.3787256878 1.0
69.0 0.983159775161 0.0
6.0 1.02899194845 0.0
92.0 -16.3648887627 1.0
128.0 -16.40178315 1.0
113.0 0.956835091191 0.0
35.0 -16.3956871618 1.0
9.0 0.991853000445 0.0
153.0 4.0922483097 0.0
199.0 -3.61073175898 0.0
131.0 -16.4663637963 1.0
180.0 -10.2037870429 0.0
object 69	1.0:0.5 2.36286268728:0.5
36.0 1.03398067126 0.0
131.0 1.06658324731 0.0
9.0 0.918899046706 0.0
3.0 0.951351452111 0.0
170.0 0.906790192136 1.0
133.0 1.05973227742 0.0
190.0 1.85316902006 0.0
75.0 2.41936748707 1.0
153.0 -2.40313244869 0.0
176.0 -2.35094255023 0.0
98.0 0.989678973805 0.0
61.0 1.03910699765 0.0
81.0 2.29471984671 1.0
165.0 8.85563868422 1.0
22.0 0.952758388929 0.0
77.0 2.35408519396 1.0
123.0 1.08619462891 0.0
105.0 1.0319149313 0.0
137.0 1.00358196597 0.0
143.0 3.97501539455 1.0
161.0 2.49680701413 0.0
11.0 1.02135691825 0.0
87.0 0.997250497329 0.0
13.0 2.35952714107 1.0
18.0 1.1025952526 0.0
82.0 2.40318235606 1.0
135.0 0.973342134342 0.0
195.0 -8.90847430404 0.0
39.0 2.33502291796 1.0
142.0 2.59505409853 1.0
object 70	1.0:0.5 -8.54514011135:0.5
154.0 0.643971676975 0.0
112.0 -8.51516544685 1.0
126.0 0.970196346498 0.0
92.0 -8.51098846013 1.0
132.0 -8.56272729515 1.0
37.0 0.986725823787 0.0
90.0 -8.57080145408 1.0
109.0 -8.5679738071 1.0
76.0 -8.5322798577 1.0
120.0 -8.50294933924 1.0
91.0 -8.49052158097 1.0
187.0 -8.12264140817 1.0
49.0 0.985634275763 0.0
60.0 -8.68274914866 1.0
86.0 -8.49861655588 1.0
39.0 -8.47612427735 1.0
176.0 -1.03492576213 0.0
42.0 -8.46744892302 1.0
144.0 1.91951398693 0.0
107.0 -8.54532198394 1.0
137.0 -8.61370323711 1.0
74.0 -8.50406198875 1.0
93.0 -8.55328130828 1.0
136.0 1.01190701437 0.0
97.0 -8.58925868813 1.0
130.0 -8.49878355821 1.0
85.0 0.948760788994 0.0
35.0 -8.43995882779 1.0
88.0 1.03509737639 0.0
1.0 -8.55678592019 1.0
object 71	1.0:0.5 -1.89621507359:0.5
142.0 2.53883761655 0.0
80.0 -1.86617131093 1.0
173.0 -0.757823787891 1.0
193.0 -1.71647172004 1.0
143.0 1.86238877333 0.0
108.0 -1.88378992555 1.0
182.0 5.30265487046 1.0
34.0 -1.98754190992 1.0
19.0 0.961600113445 0.0
126.0 0.989905179361 0.0
36.0 -1.90295587183 1.0
183.0 0.0294789600197 0.0
56.0 1.05283623908 0.0
174.0 -2.8092448855 1.0
181.0 -9.45545145926 1.0
84.0 -1.90729553656 1.0
196.0 -3.21831439223 1.0
146.0 1.41180144038 0.0
112.0 -1.93039460883 1.0
195.0 -6.77687349351 0.0
113.0 0.97251803176 0.0
169.0 -3.3999681758 1.0
59.0 0.971399731832 0.0
79.0 -1.89522693762 1.0
136.0 -1.81653212743 1.0
33.0 0.990694723116 0.0
9.0 1.11018766209 0.0
97.0 -1.8527886352 1.0
45.0 -1.91623935084 1.0
32.0 0.966705830301 0.0
119.0 -1.88763410356 1.0
176.0 -4.50847626546 1.0
object 72	1.0:0.5 6.75837779545:0.5
60.0 0.939161030953 0.0
183.0 3.05635493813 1.0
168.0 6.47245278593 1.0
152.0 3.81854964618 0.0
56.0 1.04123630958 0.0
195.0 12.1394699951 1.0
178.0 8.67983249343 1.0
59.0 6.71407577931 1.0
189.0 0.106789069963 0.0
14.0 0.995289322743 0.0
80.0 1.05119216296 0.0
101.0 6.78932043544 1.0
26.0 0.901619453729 0.0
186.0 -0.543932482222 0.0
93.0 1.09994160046 0.0
127.0 6.68728673931 1.0
32.0 6.79219984255 1.0
156.0 5.50485015821 1.0
95.0 1.09303428454 0.0
77.0 6.69019575285 1.0
155.0 3.31840998078 0.0
153.0 6.71415678782 1.0
132.0 6.76068202678 1.0
74.0 0.96524337409 0.0
65.0 6.77258403714 1.0
41.0 6.82540957663 1.0
86.0 1.0199037124 0.0
71.0 0.973369316352 0.0
81.0 6.79418969915 1.0
79.0 6.81351573106 1.0
63.0 6.80017384257 1.0
197.0 2.19912013665 1.0
3.0 1.12063177526 0.0
149.0 -0.0652475993293 0.0
54.0 1.01900765378 0.0
131.0 0.981236356631 0.0
159.0 8.63473178091 1.0
object 73	1.0:0.5 -5.63671225889:0.5
57.0 -5.60533099169 1.0
87.0 -5.60011502315 1.0
102.0 -5.60969996692 1.0
191.0 1.59134561873 0.0
145.0 -7.60903721292 1.0
114.0 -5.55306099429 1.0
165.0 -5.91356098264 1.0
20.0 0.991542676166 0.0
46.0 0.976528901764 0.0
197.0 4.92000456917 0.0
172.0 -4.81644731526 1.0
129.0 -5.67466029382 1.0
75.0 -5.68816251107 1.0
24.0 1.03033531349 0.0
62.0 1.0491308279 0.0
153.0 -4.03127850361 1.0
28.0 1.05835388622 0.0
84.0 1.06426725466 0.0
185.0 1.99815111356 0.0
17.0 -5.64688607445 1.0
160.0 -5.32386879052 1.0
149.0 3.14938764694 0.0
33.0 0.93250273618 0.0
82.0 -5.66097008985 1.0
93.0 -5.70112280625 1.0
123.0 1.08232727592 0.0
72.0 1.1070509694 0.0
54.0 -5.60389155048 1.0
43.0 1.03894074945 0.0
168.0 1.2054959378 1.0
29.0 -5.66245430283 1.0
object 74	1.0:0.5 1.12338003616:0.5
159.0 3.45662787352 1.0
77.0 1.03558490136 0.0
149.0 2.36879003569 0.0
107.0 0.997838486296 0.0
30.0 1.10290160508 1.0
127.0 1.05846459104 0.0
147.0 -3.33920043458 0.0
106.0 0.982654509361 0.0
61.0 1.08268816854 1.0
35.0 1.01098313309 0.0
22.0 1.05654272279 0.0
9.0 1.15564146306 1.0
125.0 1.01300614029 0.0
66.0 1.08771499743 1.0
115.0 1.03927207648 1.0
180.0 3.04830330183 0.0
139.0 1.06723123803 0.0
152.0 1.55102945388 1.0
141.0 -1.77713778896 1.0
165.0 3.33119513702 1.0
183.0 4.99302417463 0.0
155.0 0.669016226034 0.0
144.0 -0.723040778359 1.0
191.0 2.75744089743 0.0
186.0 2.37196714487 1.0
134.0 0.852234340396 0.0
140.0 2.87815671494 1.0
59.0 1.1509753169 1.0
92.0 1.16782478597 1.0
67.0 1.11961885622 1.0
39.0 1.09608720238 1.0
41.0 0.987376600994 0.0
object 75	1.0:0.5 1.09322549624:0.5
14.0 1.06098033179 0.0
143.0 2.44596205235 0.0
192.0 2.98837295337 0.0
149.0 2.21724746574 0.0
7.0 0.965416859976 0.0
160.0 2.69273584908 0.0
68.0 1.10275183061 1.0
9.0 1.02736759675 0.0
185.0 -3.21523137866 1.0
41.0 1.07132243828 0.0
153.0 1.74266828012 0.0
28.0 0.923646845634 0.0
145.0 1.8106432774 1.0
164.0 0.725202295819 0.0
25.0 1.15378647194 1.0
12.0 0.924338025901 0.0
22.0 0.962788319895 0.0
59.0 1.10321497272 1.0
174.0 3.50875858528 0.0
79.0 1.06260993054 1.0
173.0 2.49431881796 1.0
133.0 1.07068925853 1.0
128.0 0.935193792793 0.0
165.0 -0.311527578734 1.0
58.0 0.995166607426 0.0
66.0 1.07125249966 1.0
object 76	1.0:0.5 -19.1864145297:0.5
196.0 -18.4421887377 1.0
123.0 -19.2664196729 1.0
170.0 -16.1857000349 1.0
147.0 2.81840041708 0.0
66.0 1.06776739119 0.0
186.0 -19.4259951919 1.0
60.0 -19.2622988432 1.0
41.0 0.973854883649 0.0
169.0 -17.9206938427 1.0
58.0 0.95817371579 0.0
157.0 -11.3480445937 1.0
102.0 -19.2485351662 1.0
97.0 1.05045679235 0.0
107.0 1.03090831262 0.0
185.0 0.750952067657 0.0
168.0 -19.3754986954 1.0
93.0 1.09324091701 0.0
103.0 -19.210397803 1.0
4.0 0.95958347108 0.0
139.0 -19.1937273286 1.0
167.0 -1.61144939097 0.0
166.0 -18.556906868 1.0
75.0 -19.263699131 1.0
184.0 -18.2257815678 1.0
99.0 -19.1615173912 1.0
object 77	1.0:0.5 -7.37275890319:0.5
64.0 0.977075425813 0.0
110.0 -7.38717827707 1.0
72.0 -7.36647826129 1.0
32.0 1.00832154947 0.0
7.0 0.970027572585 0.0
162.0 -8.80539441193 1.0
155.0 -11.4021789615 1.0
174.0 -8.77824734078 1.0
10.0 -7.40946454616 1.0
91.0 0.960528805608 0.0
27.0 1.01554731432 0.0
9.0 -7.43771431762 1.0
177.0 -0.543764132386 0.0
81.0 -7.3358761644 1.0
150.0 2.58138473471 0.0
75.0 -7.2916229589 1.0
1.0 -7.30625858297 1.0
166.0 -6.82556259494 1.0
129.0 -7.34858088901 1.0
118.0 -7.47093023822 1.0
115.0 -7.42787467426 1.0
61.0 1.03434232319 0.0
45.0 -7.31424497125 1.0
152.0 -9.23262670926 1.0
111.0 -7.35731819796 1.0
158.0 -9.09541414128 1.0
34.0 -7.37242409208 1.0
11.0 -7.2960500377 1.0
196.0 4.20716479935 0.0
119.0 1.06491936359 0.0
131.0 1.06247710265 0.0
8.0 0.94176826474 0.0
99.0 1.04226668023 0.0
191.0 1.96057422226 0.0
object 78	1.0:0.5 16.4941478076:0.5
137.0 16.5858751646 1.0
135.0 0.977418369947 0.0
16.0 16.4900467442 1.0
82.0 1.00524245584 0.0
172.0 -4.74240566287 0.0
133.0 16.523268114 1.0
24.0 0.983339649185 0.0
141.0 11.702051255 1.0
144.0 1.88054115729 0.0
179.0 16.7512704387 1.0
165.0 4.24051946701 0.0
188.0 10.3603187623 1.0
189.0 3.34919703664 0.0
26.0 0.987288636092 0.0
40.0 16.5282387704 1.0
77.0 1.04765728243 0.0
117.0 1.04626799429 0.0
15.0 16.4545779745 1.0
174.0 19.5274976308 1.0
194.0 14.847378626 1.0
object 79	1.0:0.5 4.80131092656:0.5
176.0 6.03532115583 1.0
18.0 1.01756955253 0.0
77.0 0.981386393804 0.0
165.0 -5.17761590166 0.0
26.0 4.83528951546 1.0
65.0 4.81906418624 1.0
144.0 0.479714362212 0.0
32.0 0.980363653663 0.0
60.0 4.86131648119 1.0
54.0 1.00188538914 0.0
159.0 0.544161886373 0.0
79.0 0.968082514322 0.0
3.0 0.964201911906 0.0
135.0 4.7827283427 1.0
163.0 0.728966240902 0.0
58.0 4.81474618545 1.0
100.0 0.917606839249 0.0
196.0 6.15419785003 1.0
91.0 4.82060781605 1.0
116.0 1.00059116417 0.0
87.0 4.77638142589 1.0
78.0 0.951079698696 0.0
13.0 0.995497372859 0.0
68.0 4.78029580777 1.0
0.0 1.02106297529 0.0
76.0 4.7424787855 1.0
object 80	1.0:0.5 7.02367312305:0.5
199.0 9.4687218419 1.0
131.0 7.11316946793 1.0
87.0 0.950072411976 0.0
129.0 6.95445766068 1.0
52.0 0.925849683818 0.0
102.0 0.983938753627 0.0
92.0 1.01803345203 0.0
39.0 6.98259856375 1.0
108.0 7.025725666 1.0
196.0 3.16871976403 0.0
155.0 8.24183733454 1.0
94.0 7.03202000416 1.0
173.0 -3.54914363378 0.0
139.0 1.08832944445 0.0
6.0 0.958077448858 0.0
175.0 -2.86178086213 1.0
43.0 7.10771398154 1.0
14.0 7.03268902909 1.0
15.0 1.04861783077 0.0
137.0 6.98009825316 1.0
99.0 7.00729315745 1.0
127.0 7.06880542191 1.0
170.0 -1.619315952 0.0
34.0 7.08267307147 1.0
49.0 6.9722685644 1.0
187.0 1.00256339446 0.0
31.0 7.04846092603 1.0
125.0 1.03197863023 0.0
84.0 0.972260948202 0.0
179.0 5.47166606821 1.0
object 81	1.0:0.5 -2.03155900132:0.5
188.0 -1.52416812037 1.0
61.0 1.02050789674 0.0
24.0 0.952519410477 0.0
93.0 0.96895232061 0.0
199.0 -3.72588258413 1.0
13.0 1.0444273927 0.0
38.0 -2.05907640896 1.0
12.0 0.968870630659 0.0
133.0 0.976633549085 0.0
185.0 -4.19974218949 1.0
75.0 -1.98716987729 1.0
147.0 0.523155135815 1.0
68.0 0.999720142609 0.0
146.0 0.0762665007517 0.0
103.0 -2.00982563074 1.0
117.0 1.0604250118 0.0
73.0 0.955747209359 0.0
158.0 2.7692760308 0.0
0.0 1.06279275278 0.0
67.0 -2.05207875715 1.0
167.0 6.20297888813 0.0
176.0 1.04377508863 0.0
57.0 0.973937327898 0.0
192.0 -2.61259943009 1.0
object 82	1.0:0.5 15.0181773168:0.5
101.0 0.961963791618 0.0
22.0 14.9484154642 1.0
174.0 1.97129099092 0.0
37.0 15.0848967952 1.0
98.0 0.939450019777 0.0
92.0 14.9755361616 1.0
88.0 1.0499176769 0.0
24.0 1.06594019131 0.0
121.0 15.0453615766 1.0
5.0 0.958514761125 0.0
196.0 2.9852940146 0.0
117.0 0.981545192215 0.0
160.0 23.9382647183 1.0
93.0 15.0637350447 1.0
44.0 15.0835550994 1.0
178.0 0.570299071855 0.0
2.0 0.9825808754 0.0
20.0 14.988549352 1.0
139.0 14.9391657178 1.0
189.0 11.9251580753 1.0
23.0 1.01798182674 0.0
165.0 11.8154460364 0.0
52.0 15.0134069712 1.0
96.0 1.05404628824 0.0
149.0 15.3654183684 1.0
39.0 15.0743499129 1.0
74.0 15.0530284701 1.0
86.0 0.993432096513 0.0
object 83	1.0:0.5 7.22959183766:0.5
64.0 1.03285281477 0.0
198.0 10.7099161275 1.0
134.0 0.932072062866 0.0
124.0 7.25994326866 1.0
187.0 4.9280038787 1.0
86.0 0.974340421017 0.0
183.0 9.84501886348 1.0
107.0 0.975381576817 0.0
97.0 1.01873156071 0.0
140.0 1.00144214777 0.0
51.0 1.00709634229 0.0
38.0 7.08669310683 1.0
57.0 7.24943356164 1.0
190.0 0.986211484096 0.0
130.0 7.2806281381 1.0
196.0 5.86034180272 1.0
138.0 0.992937667483 0.0
71.0 0.908521283744 0.0
142.0 7.38080537274 1.0
185.0 2.21995860132 0.0
160.0 4.21024927397 0.0
141.0 0.847020999099 0.0
26.0 0.997252889786 0.0
135.0 0.930997432321 0.0
85.0 7.26626048757 1.0
29.0 1.06400474671 0.0
150.0 -1.88698334679 0.0
120.0 1.07159456898 0.0
123.0 7.27754147784 1.0
188.0 11.9175794737 1.0
34.0 0.962603790913 0.0
7.0 0.974593700229 0.0
object 84	1.0:0.5 11.8944295023:0.5
9.0 11.8721701607 1.0
14.0 0.989053420876 0.0
185.0 8.0788036106 0.0
76.0 1.02166680525 0.0
104.0 11.9344632143 1.0
107.0 11.9123079677 1.0
0.0 1.0260516558 0.0
119.0 11.9371239544 1.0
73.0 11.8720231208 1.0
113.0 11.9712329136 1.0
81.0 0.994101144386 0.0
47.0 0.972101470248 0.0
18.0 1.11213277584 0.0
64.0 0.997488138254 0.0
91.0 0.980241465229 0.0
137.0 0.871618644154 0.0
181.0 -6.50123547133 0.0
15.0 11.8724545541 1.0
17.0 1.01415234044 0.0
178.0 3.40126881721 0.0
90.0 0.911936185981 0.0
144.0 1.28840731473 0.0
71.0 11.9292564171 1.0
199.0 0.618570489182 0.0
158.0 5.10021773536 0.0
21.0 11.9242917362 1.0
184.0 3.01202725339 0.0
117.0 1.04348574206 0.0
6.0 11.8548106024 1.0
153.0 1.75740558285 0.0
65.0 0.991251893917 0.0
49.0 11.9201526756 1.0
59.0 0.975348497279 0.0
93.0 11.8244780821 1.0
46.0 11.9643758392 1.0
111.0 11.9302662952 1.0
object 85	1.0:0.5 -2.05246400124:0.5
164.0 2.86797220295 0.0
72.0 0.906626845731 0.0
93.0 -2.07845046908 1.0
76.0 -2.0516300953 1.0
2.0 1.04317398039 0.0
69.0 -2.09835268485 1.0
128.0 -2.02790395889 1.0
155.0 -4.77392890099 1.0
97.0 -2.00508561176 1.0
25.0 1.04800435175 0.0
144.0 1.29484779556 0.0
150.0 -4.8828345476 1.0
112.0 -2.04259531083 1.0
126.0 0.973977118165 0.0
89.0 -2.04641943681 1.0
132.0 -1.99122518004 1.0
77.0 1.00005516582 0.0
18.0 -1.9883588712 1.0
15.0 1.03923664446 0.0
166.0 -1.43824713698 1.0
16.0 1.05626424908 0.0
36.0 0.952848503987 0.0
131.0 -2.06151955334 1.0
50.0 -2.12730602444 1.0
67.0 1.05794944882 0.0
61.0 0.925563999818 0.0
98.0 -2.14120095688 1.0
9.0 1.05620918828 0.0
142.0 1.58370786553 0.0
193.0 1.04150822145 0.0
107.0 1.02988590331 0.0
179.0 -2.51247417664 1.0
49.0 -2.09759926515 1.0
122.0 -2.05816700859 1.0
62.0 1.01858727441 0.0
object 86	1.0:0.5 -23.1437215898:0.5
90.0 -23.1008808971 1.0
136.0 -23.202168453 1.0
181.0 -30.6843429529 1.0
89.0 -23.1862907253 1.0
153.0 -2.98270932794 0.0
20.0 0.989821587882 0.0
91.0 -23.1605976365 1.0
95.0 0.950819785483 0.0
106.0 0.969663188351 0.0
30.0 -23.1005874968 1.0
183.0 -30.6769660082 1.0
134.0 1.01268125642 0.0
102.0 0.978895517374 0.0
184.0 -3.42698544264 0.0
195.0 -24.5329410288 1.0
122.0 -23.0632879196 1.0
144.0 4.01016643963 0.0
197.0 -19.6185453271 1.0
116.0 0.999070261613 0.0
156.0 -23.3930294667 1.0
129.0 1.06705697495 0.0
146.0 -23.5349067319 1.0
147.0 1.05529147653 0.0
128.0 -23.0699121205 1.0
171.0 -24.8385321694 1.0
173.0 -6.20523008619 0.0
186.0 -23.4166656592 1.0
194.0 1.93907197695 0.0
object 87	1.0:0.5 4.28970300702:0.5
32.0 0.980365591436 0.0
184.0 6.77180427251 1.0
166.0 2.0598062468 0.0
20.0 4.26858702534 1.0
186.0 -0.377998723543 0.0
149.0 5.68622200919 1.0
30.0 0.992371017653 0.0
76.0 1.03126538508 0.0
182.0 4.11657055442 1.0
3.0 4.21304244244 1.0
155.0 3.53523149303 0.0
6.0 4.27558133409 1.0
68.0 1.01794186907 0.0
163.0 1.32014549295 0.0
41.0 1.14026321126 0.0
122.0 1.05812210359 0.0
24.0 4.31504622727 1.0
5.0 0.983533561548 0.0
154.0 3.57681313971 0.0
150.0 -1.53224829282 0.0
14.0 4.2015217702 1.0
178.0 -3.79218325023 0.0
117.0 4.290351574 1.0
85.0 0.996709907175 0.0
18.0 0.998183890411 0.0
82.0 4.30339970158 1.0
199.0 4.53932602851 1.0
193.0 0.6199602782 0.0
71.0 1.02591934063 0.0
170.0 6.43348705342 0.0
159.0 6.03083332708 1.0
98.0 1.05104769242 0.0
176.0 4.6974595286 1.0
64.0 4.28477270333 1.0
11.0 4.29736084634 1.0
135.0 4.34398495202 1.0
171.0 2.65046818765 0.0
38.0 0.973342195996 0.0
object 88	1.0:0.5 -5.67399073176:0.5
140.0 -8.47524041811 1.0
69.0 -5.68414451476 1.0
71.0 0.93785597615 0.0
103.0 1.00399760169 0.0
61.0 0.999044100754 0.0
145.0 4.84140253116 0.0
118.0 -5.70261829832 1.0
89.0 -5.71470257282 1.0
2.0 0.852614402759 0.0
58.0 -5.70164848913 1.0
51.0 0.963205931311 0.0
171.0 -1.48696737299 0.0
167.0 -2.65119630725 0.0
198.0 -5.6649921182 1.0
11.0 0.971334659082 0.0
19.0 -5.70418475575 1.0
191.0 -0.924000399634 0.0
78.0 1.00410780979 0.0
108.0 0.974033671323 0.0
156.0 3.49669097815 0.0
25.0 0.925908705348 0.0
0.0 -5.61228803265 1.0
161.0 0.0266369840819 0.0
179.0 -6.92295163408 1.0
166.0 4.2023923981 0.0
80.0 -5.68186915263 1.0
59.0 -5.77358809791 1.0
43.0 -5.58373138917 1.0
34.0 1.01441344247 0.0
162.0 -4.17573160054 0.0
158.0 2.09407712089 0.0
16.0 1.05173904836 0.0
91.0 -5.62703172674 1.0
133.0 -5.66749253359 1.0
17.0 -5.59937850974 1.0
122.0 -5.73157883418 1.0
27.0 0.949992445973 0.0
67.0 -5.63740251689 1.0
125.0 0.953411685115 0.0
21.0 -5.65683897146 1.0
37.0 1.04105548678 0.0
object 89	1.0:0.5 11.1407999084:0.5
37.0 0.925203625436 0.0
192.0 12.3459079206 1.0
64.0 11.1110974193 1.0
147.0 13.1614391444 1.0
195.0 7.94153996862 1.0
118.0 1.04199824161 0.0
42.0 11.1175260787 1.0
47.0 11.0939069878 1.0
166.0 9.1971324795 1.0
186.0 0.493791394033 0.0
82.0 0.929730004325 0.0
126.0 11.0633397717 1.0
25.0 11.0713666809 1.0
40.0 0.936425050487 0.0
142.0 10.4296854657 1.0
156.0 4.80905991884 1.0
20.0 1.04444420547 0.0
44.0 11.1710403595 1.0
61.0 11.1173528477 1.0
155.0 16.8012007061 1.0
152.0 -4.54602563713 0.0
122.0 11.0356064897 1.0
85.0 0.990795026252 0.0
object 90	1.0:0.5 -3.37974296461:0.5
141.0 -6.03584967003 0.0
100.0 -3.41277114748 1.0
93.0 1.02843750389 0.0
139.0 -3.40747780782 1.0
184.0 0.873908120301 0.0
143.0 -3.84151975224 1.0
104.0 -3.45554676618 1.0
133.0 -3.36467574564 1.0
180.0 9.9538962041 0.0
176.0 2.85616858231 0.0
198.0 -0.917804820177 0.0
10.0 -3.32755048184 1.0
87.0 1.03605003516 0.0
127.0 1.00316856247 0.0
18.0 -3.38244383646 1.0
45.0 -3.35492438284 1.0
19.0 -3.38207227175 1.0
62.0 -3.49129445776 1.0
88.0 -3.3741253943 1.0
116.0 0.947858847792 0.0
54.0 -3.35001874526 1.0
117.0 -3.4598092209 1.0
165.0 -2.26060409203 1.0
126.0 1.05169586601 0.0
151.0 -2.55830988037 1.0
80.0 0.981852743746 0.0
124.0 -3.41861351688 1.0
object 91	1.0:0.5 -3.25102480504:0.5
182.0 -3.00465038143 0.0
97.0 -3.168689783 1.0
95.0 -3.22441289776 1.0
128.0 -3.32548983859 1.0
38.0 0.848506393607 0.0
55.0 -3.25033464511 1.0
53.0 -3.23050952636 1.0
70.0 -3.2231189186 1.0
177.0 3.02455597054 0.0
49.0 -3.23897035827 1.0
104.0 0.918625472976 0.0
86.0 0.985271280491 0.0
91.0 -3.27248376327 1.0
27.0 -3.27254159377 1.0
47.0 0.99831634704 0.0
7.0 0.990184930253 0.0
137.0 1.04454591763 0.0
162.0 -7.72675550621 1.0
62.0 0.966510291698 0.0
197.0 4.22361636703 0.0
156.0 2.93774761567 0.0
134.0 -3.2203110243 1.0
32.0 0.998110307701 0.0
98.0 -3.17119388934 1.0
102.0 -3.2920869049 1.0
36.0 1.02007638577 0.0
9.0 -3.22013117299 1.0
object 92	1.0:0.5 5.92599940669:0.5
84.0 5.86042144423 1.0
149.0 6.4042298816 1.0
63.0 5.90938113612 1.0
136.0 0.988250888772 0.0
20.0 5.89291881586 1.0
75.0 0.968098410584 0.0
69.0 5.95326397303 1.0
184.0 1.02084358514 0.0
116.0 5.96303311475 1.0
70.0 0.967668248504 0.0
141.0 -0.264727004786 0.0
78.0 5.91926392152 1.0
121.0 1.04017591028 0.0
190.0 -1.08574883713 0.0
61.0 1.04624448659 0.0
189.0 2.76286584697 1.0
59.0 6.01072140887 1.0
36.0 5.87890403021 1.0
25.0 6.00547362753 1.0
119.0 5.88917494378 1.0
54.0 5.8688930935 1.0
131.0 0.979906777973 0.0
176.0 2.0088323726 0.0
98.0 5.86732139687 1.0
57.0 1.00254336633 0.0
193.0 8.52955886028 1.0
177.0 -2.43704269765 0.0
object 93	1.0:0.5 6.0888143301:0.5
92.0 1.01003974094 0.0
69.0 6.09837934054 1.0
70.0 0.998024280161 0.0
144.0 5.80766538771 1.0
15.0 6.07750414571 1.0
181.0 1.90724414021 1.0
127.0 6.18485305 1.0
74.0 6.13268577001 1.0
3.0 0.917160871861 0.0
128.0 1.04777927411 0.0
56.0 1.04965615457 0.0
140.0 4.68924079809 1.0
55.0 1.11864462214 0.0
193.0 3.47022167701 1.0
94.0 1.02783165672 0.0
142.0 6.40632769982 1.0
148.0 -6.37651108919 0.0
73.0 1.01006357359 0.0
143.0 5.10810780009 1.0
189.0 -0.561362579989 0.0
75.0 1.0223584995 0.0
87.0 6.06423179643 1.0
22.0 6.08304819609 1.0
18.0 0.982198522966 0.0
115.0 6.13963493026 1.0
199.0 3.7369538056 1.0
45.0 0.970621922988 0.0
101.0 6.14675817921 1.0
54.0 1.09680887317 0.0
179.0 5.7154161017 1.0
125.0 6.08829706128 1.0
157.0 12.831041219 1.0
88.0 1.06693991594 0.0
103.0 6.09162580765 1.0
78.0 6.09696237416 1.0
43.0 6.09613386835 1.0
132.0 0.983992200029 0.0
152.0 6.3577593049 1.0
object 94	1.0:0.5 -5.67682583472:0.5
37.0 0.892108299766 0.0
112.0 -5.73116906034 1.0
1.0 -5.62796488847 1.0
43.0 0.948203334136 0.0
12.0 -5.70629487636 1.0
160.0 -13.9201038352 1.0
13.0 -5.73003931017 1.0
105.0 -5.71851201099 1.0
88.0 0.865817866367 0.0
10.0 1.04250253323 0.0
84.0 1.0606990382 0.0
26.0 0.977629548665 0.0
61.0 0.969897929767 0.0
74.0 -5.74745189589 1.0
167.0 -7.6251079636 0.0
53.0 -5.72259330774 1.0
28.0 -5.7596302349 1.0
58.0 -5.6705849734 1.0
25.0 0.999837887418 0.0
157.0 5.98146867627 0.0
188.0 0.028963009663 1.0
82.0 0.967286923343 0.0
27.0 -5.65822228138 1.0
29.0 -5.63272517256 1.0
51.0 -5.67309310309 1.0
40.0 -5.69946824229 1.0
92.0 -5.66308728257 1.0
18.0 0.965060094589 0.0
183.0 4.83786065923 0.0
94.0 1.01248178933 0.0
129.0 0.989160218294 0.0
165.0 1.10717553191 1.0
3.0 0.99692857226 0.0
6.0 -5.71643055136 1.0
64.0 -5.68661144515 1.0
54.0 -5.57702784661 1.0
90.0 -5.71494345251 1.0
19.0 0.924875514792 0.0
118.0 0.932191826346 0.0
143.0 -2.66387225658 1.0
52.0 0.933589025853 0.0
object 95	1.0:0.5 3.08469739768:0.5
36.0 3.04265590064 1.0
113.0 1.02675069349 0.0
130.0 3.0938382833 1.0
9.0 3.08863425103 1.0
124.0 3.03984480708 1.0
128.0 3.07902883277 1.0
139.0 0.983290169693 0.0
159.0 4.02015236117 1.0
195.0 16.8093161226 0.0
5.0 1.05073483784 0.0
52.0 1.07788332533 0.0
39.0 0.972249411677 0.0
149.0 -0.759575866036 0.0
56.0 3.08284598056 1.0
170.0 0.463925895776 0.0
175.0 4.50010028226 1.0
168.0 5.86640408269 0.0
31.0 3.10754995466 1.0
59.0 3.01819703966 1.0
109.0 3.15094143367 1.0
111.0 0.99878494395 0.0
196.0 3.98357816975 1.0
169.0 -1.64960164416 0.0
48.0 0.912347796887 0.0
153.0 -0.0414242461878 0.0
171.0 -0.934497494201 0.0
96.0 0.938167715554 0.0
55.0 0.997961168616 0.0
object 96	1.0:0.5 -17.5321599897:0.5
132.0 -17.5593450396 1.0
53.0 0.977927407033 0.0
57.0 0.954716837256 0.0
148.0 -16.777301073 1.0
73.0 1.02130802492 0.0
126.0 -17.5843591142 1.0
17.0 1.06229483436 0.0
159.0 4.00862507902 0.0
160.0 -0.482212273449 0.0
190.0 -14.2873974644 1.0
189.0 -16.0104975945 1.0
157.0 -1.0698311442 0.0
106.0 1.00138213317 0.0
83.0 -17.4622817968 1.0
153.0 1.44735212506 0.0
68.0 -17.6840369607 1.0
10.0 0.918322457132 0.0
4.0 1.02949788975 0.0
150.0 1.5863985362 0.0
123.0 1.02634002939 0.0
44.0 0.996197412598 0.0
178.0 0.672725243249 0.0
59.0 -17.5887878892 1.0
32.0 1.08330652052 0.0
29.0 -17.5705449733 1.0
185.0 5.48516463515 0.0
75.0 -17.5146863319 1.0
97.0 -17.5104833869 1.0
182.0 -11.0138123686 1.0
21.0 1.00762067989 0.0
172.0 -15.5884515951 1.0
62.0 1.06049927667 0.0
82.0 0.957088299815 0.0
113.0 0.962554648701 0.0
71.0 0.960546308718 0.0
105.0 -17.5240385126 1.0
169.0 2.31367057437 0.0
94.0 -17.4635426597 1.0
49.0 1.00202758892 0.0
78.0 -17.5513192522 1.0
13.0 0.945925571847 0.0
object 97	1.0:0.5 -3.77402149864:0.5
54.0 0.937455509858 0.0
81.0 -3.81854135862 1.0
82.0 -3.73016474454 1.0
44.0 1.02493843767 0.0
168.0 -0.527443255793 1.0
22.0 1.00603453034 0.0
173.0 5.11933244633 0.0
132.0 -3.69436997834 1.0
127.0 0.99069179044 0.0
136.0 -3.87679539256 1.0
113.0 0.98426223921 0.0
18.0 -3.7675360827 1.0
195.0 -4.86424411761 1.0
70.0 -3.78939567416 1.0
90.0 -3.71124500559 1.0
153.0 -1.24030897478 0.0
79.0 0.957878540756 0.0
126.0 1.08677478013 0.0
123.0 1.04098332673 0.0
124.0 -3.87573123226 1.0
120.0 -3.87501033749 1.0
162.0 2.81808777297 0.0
194.0 2.01547358873 0.0
42.0 -3.73384081261 1.0
40.0 -3.82038217836 1.0
106.0 -3.71399634741 1.0
143.0 -4.55302445441 0.0
23.0 -3.80075170571 1.0
119.0 -3.84951630946 1.0
97.0 0.988251417896 0.0
69.0 0.988728238005 0.0
object 98	1.0:0.5 5.80711165126:0.5
4.0 0.970751855617 0.0
65.0 5.80367698259 1.0
70.0 0.992285349976 0.0
54.0 0.938683896439 0.0
88.0 1.03851322301 0.0
3.0 0.994745398134 0.0
128.0 0.981339979554 0.0
127.0 5.80738164493 1.0
12.0 5.75300019524 1.0
120.0 5.74364373092 1.0
81.0 1.00862649732 0.0
198.0 3.38894954721 0.0
118.0 5.90195451241 1.0
126.0 5.83855818492 1.0
150.0 1.86801351057 1.0
19.0 0.983993317935 0.0
140.0 13.0335706074 1.0
82.0 5.765022412 1.0
114.0 5.82531310067 1.0
98.0 5.88346799096 1.0
15.0 5.79887901657 1.0
178.0 6.49556182738 0.0
185.0 5.33306754673 1.0
72.0 1.10352835808 0.0
object 99	1.0:0.5 11.4242779723:0.5
141.0 6.53666485585 1.0
92.0 11.4684797134 1.0
61.0 11.3438769202 1.0
56.0 11.4144436505 1.0
175.0 7.65036790145 1.0
157.0 -4.22005680695 0.0
62.0 11.4418635518 1.0
153.0 1.15731557231 0.0
107.0 1.03349417654 0.0
77.0 11.4338564608 1.0
89.0 11.4065901858 1.0
24.0 1.03248760326 0.0
168.0 18.1707693065 1.0
195.0 7.4443333158 1.0
51.0 0.981742434075 0.0
143.0 9.30308100226 1.0
85.0 11.4587252786 1.0
190.0 -1.64110017255 0.0
163.0 13.2384792604 1.0
126.0 0.978723662418 0.0
96.0 1.06655997068 0.0
50.0 0.958180172194 0.0
149.0 0.804153834833 0.0
76.0 11.4363257417 1.0
197.0 1.4198487012 0.0
26.0 0.954251195183 0.0
137.0 0.98150225825 0.0
