object 0	1.0:1.0
193.0 1.62267512489 1.0
96.0 1.00020525751 1.0
61.0 0.99410465927 1.0
197.0 3.07658836046 1.0
191.0 5.43356544349 1.0
107.0 1.0098185394 1.0
128.0 1.0474019865 1.0
44.0 0.985037755814 1.0
object 1	1.0:1.0
97.0 1.01859072736 1.0
113.0 0.99135064299 1.0
5.0 0.984456991612 1.0
84.0 1.01199182813 1.0
76.0 0.99769188254 1.0
73.0 1.02443099221 1.0
176.0 1.02159843701 1.0
120.0 1.01874858909 1.0
13.0 1.00005702906 1.0
object 2	1.0:1.0
108.0 0.986925739882 1.0
63.0 0.964988827773 1.0
167.0 1.02378303263 1.0
6.0 1.009804136 1.0
102.0 1.05141254843 1.0
135.0 0.920226395262 1.0
0.0 1.00654987536 1.0
133.0 0.951443207628 1.0
12.0 0.985682070093 1.0
object 3	1.0:1.0
116.0 0.977885463658 1.0
90.0 1.0247166614 1.0
125.0 0.921114650328 1.0
object 4	1.0:1.0
11.0 1.04437547966 1.0
71.0 1.09921053432 1.0
164.0 0.94818253362 1.0
72.0 1.03896216606 1.0
193.0 2.92597383685 1.0
135.0 0.982710322939 1.0
99.0 1.01228482724 1.0
79.0 1.02758913794 1.0
155.0 1.0179109578 1.0
153.0 1.01521646127 1.0
17.0 0.994740498314 1.0
object 5	1.0:1.0
0.0 1.05096742448 1.0
111.0 1.00116341033 1.0
17.0 0.977179176546 1.0
16.0 1.00693666544 1.0
object 6	1.0:1.0
88.0 1.01682412835 1.0
165.0 1.00197525256 1.0
123.0 1.04455307729 1.0
17.0 0.983494387496 1.0
178.0 1.03704735636 1.0
133.0 0.977762753685 1.0
101.0 1.03043269706 1.0
181.0 3.26812060543 1.0
98.0 1.01872870276 1.0
object 7	1.0:1.0
62.0 1.02994033854 1.0
101.0 1.01233622965 1.0
6.0 0.972001609868 1.0
179.0 0.948936067357 1.0
88.0 0.975576589235 1.0
131.0 0.994712549637 1.0
195.0 1.66618844397 1.0
object 8	1.0:1.0
89.0 1.01112746146 1.0
186.0 1.27280685155 1.0
3.0 0.982303148626 1.0
47.0 1.05800515785 1.0
35.0 0.991837854138 1.0
181.0 -1.51385754515 1.0
45.0 1.01953712638 1.0
object 9	1.0:1.0
189.0 -2.01891480353 1.0
56.0 1.02103746748 1.0
25.0 0.993724801109 1.0
66.0 1.02856424155 1.0
103.0 0.945546289424 1.0
110.0 1.02384605743 1.0
object 10	1.0:1.0
184.0 -1.33319536474 1.0
195.0 -0.48507090989 1.0
63.0 0.922673935113 1.0
object 11	1.0:1.0
84.0 0.975382883026 1.0
52.0 0.966132343341 1.0
139.0 1.0145425022 1.0
188.0 -3.13934427798 1.0
184.0 -1.36752846093 1.0
object 12	1.0:1.0
70.0 0.926923895308 1.0
86.0 0.982792592429 1.0
40.0 1.03017400153 1.0
165.0 1.01904080791 1.0
object 13	1.0:1.0
103.0 0.962714418286 1.0
195.0 4.677832255 1.0
15.0 0.972659287492 1.0
54.0 0.988633153887 1.0
52.0 1.01813557002 1.0
131.0 1.01155396136 1.0
116.0 1.01314011254 1.0
95.0 1.06145580896 1.0
object 14	1.0:1.0
149.0 1.00656114062 1.0
194.0 2.89464129312 1.0
133.0 1.00387721789 1.0
27.0 1.02968512215 1.0
object 15	1.0:1.0
146.0 1.0232151532 1.0
65.0 1.02020913849 1.0
152.0 0.981815460176 1.0
196.0 3.4033969251 1.0
179.0 0.998474789027 1.0
87.0 0.99961312449 1.0
10.0 1.04381440142 1.0
31.0 1.04121366968 1.0
24.0 0.978518201447 1.0
object 16	1.0:1.0
13.0 0.979326382176 1.0
1.0 0.875737287656 1.0
21.0 1.05095025948 1.0
154.0 0.964274616516 1.0
93.0 1.03220159709 1.0
8.0 1.00996649822 1.0
106.0 0.98511802776 1.0
89.0 1.00413833287 1.0
73.0 0.983679781996 1.0
131.0 0.984819662515 1.0
object 17	1.0:1.0
61.0 1.02658404831 1.0
11.0 1.01371751185 1.0
97.0 1.01320590681 1.0
191.0 4.57865880787 1.0
84.0 0.989466617339 1.0
object 18	1.0:1.0
159.0 1.00806711303 1.0
78.0 0.972877993214 1.0
139.0 1.04079877369 1.0
43.0 0.979429059614 1.0
141.0 0.92883602153 1.0
192.0 -1.12219136578 1.0
33.0 0.974877929071 1.0
102.0 1.00090265888 1.0
148.0 1.00513759832 1.0
48.0 0.967361024587 1.0
object 19	1.0:1.0
174.0 1.01078458433 1.0
152.0 0.983293346382 1.0
86.0 0.987841740743 1.0
111.0 1.03086796342 1.0
139.0 0.985874526818 1.0
190.0 0.362634898332 1.0
object 20	1.0:1.0
31.0 1.04557922277 1.0
46.0 1.01661531391 1.0
4.0 1.01850615798 1.0
149.0 1.06446671513 1.0
57.0 1.00290113195 1.0
object 21	1.0:1.0
121.0 1.10949236848 1.0
28.0 1.08050104738 1.0
45.0 0.976692591464 1.0
108.0 1.0395072197 1.0
164.0 1.02732275294 1.0
object 22	1.0:1.0
32.0 1.02284220448 1.0
45.0 1.02612263255 1.0
58.0 0.986392335396 1.0
180.0 0.556213775217 1.0
158.0 1.02247320402 1.0
83.0 0.969118523884 1.0
object 23	1.0:1.0
108.0 0.981045294292 1.0
130.0 1.00317217096 1.0
39.0 1.01892420811 1.0
107.0 1.0014791056 1.0
126.0 0.971015208529 1.0
object 24	1.0:1.0
185.0 3.5511543764 1.0
48.0 1.02359382211 1.0
186.0 -0.292583885735 1.0
13.0 0.974137999371 1.0
15.0 0.997733774813 1.0
112.0 1.01243534388 1.0
1.0 1.03193494645 1.0
182.0 8.22373739896 1.0
43.0 1.04380725962 1.0
19.0 1.03249360552 1.0
object 25	1.0:1.0
72.0 1.00792056141 1.0
133.0 0.963146000688 1.0
112.0 0.99492024598 1.0
55.0 0.925985638872 1.0
79.0 1.05198672504 1.0
182.0 -2.20859233463 1.0
object 26	1.0:1.0
147.0 0.984364906285 1.0
102.0 0.979390946554 1.0
109.0 0.988806090721 1.0
135.0 0.98011764286 1.0
88.0 0.9713365414 1.0
155.0 1.01567078533 1.0
25.0 1.00571699831 1.0
59.0 1.00985315786 1.0
106.0 0.954568942953 1.0
53.0 0.916592940492 1.0
object 27	1.0:1.0
105.0 0.947071711049 1.0
63.0 0.943840030677 1.0
164.0 1.05419675447 1.0
183.0 5.58783034166 1.0
158.0 0.966824277153 1.0
136.0 1.02082549334 1.0
object 28	1.0:1.0
184.0 -3.20466042417 1.0
55.0 0.956242581818 1.0
129.0 0.96007987055 1.0
168.0 1.0039712178 1.0
11.0 1.00116003917 1.0
173.0 1.00890526846 1.0
0.0 1.03859647961 1.0
83.0 0.998211735073 1.0
object 29	1.0:1.0
152.0 1.016629011 1.0
158.0 1.0136217819 1.0
67.0 1.00761185157 1.0
42.0 0.965749452861 1.0
76.0 1.03853425685 1.0
84.0 1.07583594512 1.0
176.0 0.973199929118 1.0
22.0 1.01302741099 1.0
80.0 0.96343883451 1.0
23.0 1.00782891704 1.0
object 30	1.0:1.0
166.0 0.965694123205 1.0
136.0 0.973861743138 1.0
181.0 -1.96986313816 1.0
124.0 0.953557976482 1.0
65.0 1.0104542213 1.0
object 31	1.0:1.0
191.0 -3.87557238045 1.0
98.0 0.974689886769 1.0
44.0 1.00496463625 1.0
53.0 1.03956694023 1.0
46.0 0.950557234665 1.0
77.0 1.03677222179 1.0
62.0 0.986461823635 1.0
105.0 1.01116510594 1.0
187.0 0.440966568181 1.0
object 32	1.0:1.0
9.0 1.01178734945 1.0
52.0 1.01580281814 1.0
13.0 0.999340830004 1.0
17.0 0.922100858005 1.0
189.0 0.0251208588934 1.0
131.0 0.973950150568 1.0
object 33	1.0:1.0
107.0 0.996843973109 1.0
160.0 1.02486999467 1.0
53.0 1.05590371295 1.0
71.0 0.980586668835 1.0
162.0 0.925735110541 1.0
181.0 -2.13737083538 1.0
88.0 1.01794306548 1.0
39.0 0.979570026233 1.0
161.0 0.95350306158 1.0
object 34	1.0:1.0
186.0 4.54109363498 1.0
193.0 -2.20601850006 1.0
97.0 0.993174146398 1.0
17.0 0.985908648967 1.0
139.0 1.00085773475 1.0
object 35	1.0:1.0
33.0 0.988629057388 1.0
194.0 -3.08888038025 1.0
90.0 1.02205896919 1.0
140.0 0.930736568375 1.0
30.0 0.950982744881 1.0
118.0 0.967266514573 1.0
105.0 0.995606472057 1.0
161.0 1.00901385092 1.0
0.0 1.03954033492 1.0
object 36	1.0:1.0
184.0 3.99226610438 1.0
106.0 1.08047929813 1.0
115.0 0.963410300855 1.0
105.0 1.02013176918 1.0
195.0 1.11040661758 1.0
object 37	1.0:1.0
85.0 0.998262352764 1.0
109.0 0.959492122474 1.0
156.0 0.997452036569 1.0
object 38	1.0:1.0
125.0 0.975049308023 1.0
92.0 1.00153642369 1.0
8.0 0.986472556747 1.0
67.0 1.02776807857 1.0
189.0 2.59203748138 1.0
object 39	1.0:1.0
64.0 1.05343994834 1.0
159.0 1.01478618589 1.0
65.0 1.02870218738 1.0
86.0 1.01420905203 1.0
158.0 0.944282063155 1.0
128.0 1.00803870318 1.0
object 40	1.0:1.0
82.0 0.967649162656 1.0
93.0 1.01834225623 1.0
19.0 1.01663021495 1.0
46.0 0.993820421052 1.0
109.0 1.0038326524 1.0
195.0 -0.627988830677 1.0
24.0 1.01423824086 1.0
69.0 0.92373747657 1.0
141.0 1.01336029743 1.0
75.0 0.965089942031 1.0
59.0 0.986419433921 1.0
object 41	1.0:1.0
136.0 0.94973959216 1.0
10.0 0.999549315764 1.0
22.0 0.991280885567 1.0
168.0 1.026279585 1.0
151.0 1.01978168698 1.0
13.0 1.0096223265 1.0
166.0 1.0385885784 1.0
25.0 1.00111416595 1.0
138.0 1.00918950015 1.0
77.0 0.965712678215 1.0
96.0 0.992670359305 1.0
53.0 1.03484893409 1.0
object 42	1.0:1.0
124.0 0.990925694081 1.0
94.0 0.96695629761 1.0
110.0 0.955206355484 1.0
182.0 -4.28959994704 1.0
171.0 1.0093270143 1.0
133.0 0.974989019769 1.0
44.0 0.975758679016 1.0
object 43	1.0:1.0
90.0 1.02880820566 1.0
51.0 0.979096738777 1.0
12.0 1.0389125673 1.0
151.0 1.01567152914 1.0
82.0 1.03481451581 1.0
119.0 1.02029160516 1.0
object 44	1.0:1.0
19.0 0.977506544125 1.0
113.0 0.958417273473 1.0
161.0 0.967561013051 1.0
10.0 0.974843587748 1.0
81.0 1.04449566096 1.0
66.0 1.01998599374 1.0
197.0 4.94439653725 1.0
67.0 0.984962477664 1.0
6.0 0.960668631478 1.0
object 45	1.0:1.0
190.0 1.10291322782 1.0
148.0 0.993866189411 1.0
141.0 0.955217942062 1.0
122.0 1.05211868506 1.0
72.0 0.965254591703 1.0
70.0 1.00680064743 1.0
199.0 0.785725090549 1.0
110.0 1.03383029012 1.0
66.0 0.974510965194 1.0
68.0 1.00402673561 1.0
184.0 2.03264771034 1.0
164.0 0.957254573635 1.0
2.0 1.00622202629 1.0
0.0 1.03384146041 1.0
52.0 0.992661599894 1.0
75.0 0.929173545476 1.0
57.0 0.996044988625 1.0
object 46	1.0:1.0
84.0 0.984047038579 1.0
92.0 1.00184135607 1.0
34.0 0.98713761429 1.0
51.0 0.965437785955 1.0
24.0 0.959003988577 1.0
72.0 1.01424101288 1.0
99.0 0.992030551152 1.0
62.0 0.977686012225 1.0
object 47	1.0:1.0
73.0 1.00200490813 1.0
74.0 0.980035383194 1.0
174.0 0.998793795859 1.0
116.0 1.01043327217 1.0
184.0 -3.47536130964 1.0
111.0 0.996019268361 1.0
26.0 0.979952571835 1.0
180.0 1.05622688142 1.0
object 48	1.0:1.0
3.0 1.02005815418 1.0
90.0 1.02306784591 1.0
117.0 0.95065028256 1.0
18.0 0.995441107549 1.0
69.0 0.990152351337 1.0
52.0 0.952474726148 1.0
58.0 0.951706854999 1.0
object 49	1.0:1.0
159.0 1.00939161416 1.0
24.0 0.977488374336 1.0
194.0 6.67724233754 1.0
179.0 0.89446492884 1.0
object 50	1.0:1.0
91.0 0.981857289144 1.0
62.0 0.985984657021 1.0
3.0 0.993674625673 1.0
119.0 0.990550298599 1.0
object 51	1.0:1.0
90.0 1.03717300909 1.0
75.0 1.02082801835 1.0
64.0 0.993195011582 1.0
56.0 0.990611377893 1.0
12.0 0.989698591986 1.0
41.0 0.996975605096 1.0
81.0 1.058102814 1.0
145.0 0.987893810563 1.0
127.0 1.02568591368 1.0
47.0 1.04693311298 1.0
object 52	1.0:1.0
139.0 0.95492219678 1.0
177.0 0.977355285257 1.0
145.0 0.966301879961 1.0
1.0 0.97804219954 1.0
92.0 0.996615116092 1.0
87.0 1.00162297183 1.0
object 53	1.0:1.0
179.0 0.999473166021 1.0
78.0 0.996434474535 1.0
198.0 -3.48706011347 1.0
108.0 1.00966953521 1.0
88.0 1.02224143732 1.0
object 54	1.0:1.0
183.0 6.06790298217 1.0
192.0 1.34090241293 1.0
45.0 1.0060858283 1.0
191.0 -0.25335116808 1.0
56.0 0.976137344401 1.0
20.0 1.02556914638 1.0
89.0 1.00821678903 1.0
0.0 1.03019512052 1.0
object 55	1.0:1.0
119.0 0.994490851161 1.0
0.0 1.06001937779 1.0
152.0 0.974212100747 1.0
5.0 0.92727155339 1.0
189.0 -3.24270837661 1.0
7.0 1.02181936337 1.0
90.0 0.993751979724 1.0
11.0 1.03407499105 1.0
136.0 0.983722861178 1.0
132.0 0.906109008412 1.0
object 56	1.0:1.0
51.0 0.971097272609 1.0
33.0 0.99899623954 1.0
26.0 0.989698841422 1.0
109.0 1.0750113611 1.0
116.0 1.011057629 1.0
object 57	1.0:1.0
182.0 0.320593086983 1.0
198.0 8.10382108373 1.0
130.0 0.998836817234 1.0
93.0 1.01106890797 1.0
112.0 0.983918980247 1.0
28.0 1.0442721304 1.0
153.0 1.01221274817 1.0
194.0 -4.17370425433 1.0
31.0 1.00297228153 1.0
object 58	1.0:1.0
38.0 0.978293660329 1.0
154.0 1.03169492814 1.0
43.0 0.968643651661 1.0
77.0 0.984902237899 1.0
140.0 0.976615700199 1.0
143.0 1.05799879564 1.0
object 59	1.0:1.0
32.0 0.961664749931 1.0
65.0 1.00266065119 1.0
31.0 0.965627447814 1.0
107.0 1.0143722603 1.0
68.0 1.01484596098 1.0
153.0 1.03188191215 1.0
34.0 0.910595781847 1.0
41.0 1.01991416552 1.0
6.0 1.0013144716 1.0
102.0 0.959785878818 1.0
165.0 0.990879537907 1.0
129.0 0.998615437011 1.0
object 60	1.0:1.0
17.0 0.98027831652 1.0
53.0 0.948497693011 1.0
93.0 1.05156996211 1.0
45.0 1.03063299834 1.0
42.0 0.959341275961 1.0
26.0 1.0301711759 1.0
95.0 0.932717102638 1.0
object 61	1.0:1.0
80.0 0.979110532899 1.0
10.0 0.964474690048 1.0
175.0 0.989408439807 1.0
38.0 1.03225271483 1.0
122.0 0.96829245481 1.0
12.0 1.10074243486 1.0
object 62	1.0:1.0
126.0 1.01345835496 1.0
41.0 1.00508325706 1.0
146.0 0.991990197092 1.0
50.0 0.996716477838 1.0
138.0 0.993604751562 1.0
135.0 0.994108875976 1.0
object 63	1.0:1.0
13.0 0.987932915833 1.0
11.0 1.01566594911 1.0
89.0 0.995828591804 1.0
128.0 0.934455330545 1.0
66.0 1.00408832456 1.0
199.0 1.81059800395 1.0
95.0 1.0450582399 1.0
object 64	1.0:1.0
148.0 0.991257818174 1.0
169.0 0.973721821574 1.0
115.0 0.965992572601 1.0
28.0 1.02600523654 1.0
44.0 1.02315982524 1.0
38.0 1.00806814687 1.0
object 65	1.0:1.0
11.0 1.03537385457 1.0
122.0 1.07925418939 1.0
126.0 0.994435015947 1.0
113.0 1.04549832126 1.0
4.0 1.0198872448 1.0
object 66	1.0:1.0
3.0 1.01811457986 1.0
155.0 1.03643241572 1.0
127.0 0.993913895147 1.0
49.0 0.959567275007 1.0
52.0 0.965767850683 1.0
171.0 1.00748062272 1.0
object 67	1.0:1.0
85.0 0.971284353319 1.0
193.0 2.39885295753 1.0
94.0 1.00339161434 1.0
71.0 0.998804799867 1.0
15.0 0.99912909118 1.0
42.0 1.02334129002 1.0
43.0 0.945962461929 1.0
83.0 0.996176532771 1.0
179.0 1.03853103573 1.0
133.0 0.982616452187 1.0
189.0 0.582656251201 1.0
object 68	1.0:1.0
130.0 0.889476937064 1.0
116.0 1.00343220281 1.0
105.0 0.987586445659 1.0
21.0 1.04983547524 1.0
197.0 4.75312007445 1.0
5.0 0.984080829403 1.0
194.0 0.343626042953 1.0
143.0 1.0200461801 1.0
81.0 0.955557947109 1.0
object 69	1.0:1.0
130.0 1.05335744771 1.0
102.0 0.937370286701 1.0
83.0 1.00656190807 1.0
98.0 1.01546712001 1.0
132.0 0.932212361157 1.0
178.0 0.935023380086 1.0
125.0 0.986916717063 1.0
44.0 1.00836366762 1.0
73.0 0.984852387303 1.0
119.0 1.01714026491 1.0
18.0 1.01069520296 1.0
object 70	1.0:1.0
7.0 0.951772683475 1.0
39.0 1.00866918188 1.0
23.0 0.99777870456 1.0
127.0 0.996760236759 1.0
189.0 -0.693153250685 1.0
196.0 3.13127725987 1.0
197.0 2.18155363558 1.0
object 71	1.0:1.0
106.0 0.964674578236 1.0
176.0 0.97436614078 1.0
155.0 1.01590923588 1.0
35.0 0.989893082325 1.0
75.0 0.989058601537 1.0
object 72	1.0:1.0
148.0 1.00077068133 1.0
44.0 0.998835827096 1.0
object 73	1.0:1.0
13.0 0.991420395916 1.0
39.0 1.06425788304 1.0
139.0 1.01417308432 1.0
80.0 0.937552346642 1.0
object 74	1.0:1.0
145.0 0.969750306059 1.0
141.0 1.00802378916 1.0
16.0 0.992115293895 1.0
62.0 1.03336648136 1.0
24.0 0.996326608082 1.0
195.0 0.714306718218 1.0
119.0 1.00813276731 1.0
129.0 1.00150626707 1.0
120.0 0.95561061436 1.0
26.0 0.998997561668 1.0
103.0 1.03354486553 1.0
18.0 1.0075424898 1.0
51.0 1.01978381783 1.0
object 75	1.0:1.0
109.0 0.982999696541 1.0
11.0 0.99126845553 1.0
16.0 1.04885138368 1.0
26.0 1.01154512892 1.0
92.0 1.00678087543 1.0
168.0 0.99516935279 1.0
5.0 1.00365256473 1.0
39.0 1.00835240915 1.0
object 76	1.0:1.0
39.0 1.08052470111 1.0
161.0 1.02331118837 1.0
160.0 0.964624790072 1.0
65.0 1.0405192676 1.0
object 77	1.0:1.0
113.0 0.970109502977 1.0
8.0 1.01117316277 1.0
63.0 0.946920802804 1.0
159.0 0.995968492156 1.0
173.0 1.01466462722 1.0
110.0 0.977827506574 1.0
26.0 1.0320293107 1.0
107.0 1.01530535208 1.0
object 78	1.0:1.0
135.0 1.01723626114 1.0
120.0 1.03254271447 1.0
62.0 0.997193282882 1.0
87.0 0.991701480692 1.0
179.0 1.0033542341 1.0
170.0 0.970759602562 1.0
192.0 -8.91617002331 1.0
166.0 0.979459360976 1.0
object 79	1.0:1.0
108.0 1.00371374413 1.0
14.0 0.941128542397 1.0
8.0 0.974159736462 1.0
76.0 1.03026309117 1.0
139.0 1.07987051542 1.0
object 80	1.0:1.0
131.0 1.00837739392 1.0
103.0 1.00246807312 1.0
85.0 0.999000887902 1.0
129.0 1.01332119224 1.0
22.0 1.00359612006 1.0
object 81	1.0:1.0
161.0 0.982083475487 1.0
172.0 1.0064001633 1.0
35.0 0.96732862067 1.0
100.0 0.975227385306 1.0
104.0 1.06098648683 1.0
59.0 0.98494694212 1.0
61.0 1.00763535289 1.0
15.0 1.00197225371 1.0
147.0 0.973464824766 1.0
106.0 1.07758600848 1.0
43.0 0.99698946639 1.0
object 82	1.0:1.0
30.0 0.976741223487 1.0
155.0 1.00244992565 1.0
107.0 1.00199314275 1.0
174.0 1.00975860972 1.0
object 83	1.0:1.0
137.0 0.958246868055 1.0
93.0 1.02343673436 1.0
189.0 -0.945138525561 1.0
20.0 1.00632701414 1.0
155.0 1.0192157471 1.0
184.0 1.67356908619 1.0
164.0 0.943995281557 1.0
object 84	1.0:1.0
150.0 0.956444280192 1.0
157.0 1.03495765882 1.0
48.0 0.968809461391 1.0
194.0 5.78089248701 1.0
127.0 1.01548453232 1.0
42.0 0.966103221176 1.0
38.0 1.0005628145 1.0
62.0 0.954632298061 1.0
21.0 1.00539414523 1.0
91.0 0.99809649041 1.0
56.0 1.00644220624 1.0
object 85	1.0:1.0
69.0 0.984157591781 1.0
102.0 0.982619541243 1.0
24.0 0.985229610507 1.0
175.0 0.984413574487 1.0
192.0 -2.92465835721 1.0
169.0 0.958190737319 1.0
object 86	1.0:1.0
173.0 0.988487280305 1.0
60.0 1.00137985237 1.0
186.0 -12.6833251625 1.0
8.0 1.01755307949 1.0
187.0 1.12394939528 1.0
123.0 1.09812679779 1.0
189.0 -0.332857096766 1.0
128.0 0.974074308868 1.0
135.0 0.927184311573 1.0
44.0 0.976050353624 1.0
object 87	1.0:1.0
34.0 1.05167678014 1.0
159.0 1.00084059296 1.0
181.0 -5.93726229542 1.0
130.0 1.008917257 1.0
131.0 0.973177907846 1.0
135.0 0.980076780897 1.0
object 88	1.0:1.0
118.0 0.953210266797 1.0
159.0 1.00146503522 1.0
17.0 0.993215252562 1.0
134.0 0.987019989166 1.0
18.0 0.964728634742 1.0
138.0 0.999918411103 1.0
109.0 1.00789470639 1.0
103.0 0.960270357129 1.0
132.0 1.0082324075 1.0
object 89	1.0:1.0
168.0 1.00509369156 1.0
140.0 0.997881429913 1.0
172.0 0.989579533372 1.0
193.0 -0.252731778412 1.0
36.0 0.94032240884 1.0
object 90	1.0:1.0
134.0 1.01998466516 1.0
160.0 0.994413456122 1.0
26.0 0.979797115358 1.0
63.0 0.99684135353 1.0
82.0 0.992479530673 1.0
object 91	1.0:1.0
59.0 1.01465163344 1.0
171.0 1.00474572674 1.0
150.0 1.02335118068 1.0
103.0 1.02604750292 1.0
66.0 0.985114764611 1.0
128.0 1.03269385716 1.0
173.0 0.981063211188 1.0
147.0 0.996064662142 1.0
79.0 1.00828112612 1.0
96.0 1.00660939841 1.0
object 92	1.0:1.0
177.0 1.01126268453 1.0
10.0 0.974877378719 1.0
116.0 1.00073090923 1.0
22.0 0.987920459524 1.0
61.0 1.02035841471 1.0
67.0 1.01872033221 1.0
42.0 1.00350687775 1.0
83.0 1.0142146245 1.0
object 93	1.0:1.0
143.0 0.999139247976 1.0
70.0 0.999480535695 1.0
89.0 1.00830539846 1.0
183.0 1.99492140483 1.0
111.0 1.0056970598 1.0
132.0 0.972367069231 1.0
108.0 1.01628210346 1.0
4.0 0.97252970384 1.0
72.0 1.00500138938 1.0
82.0 1.08212393537 1.0
object 94	1.0:1.0
153.0 1.00193649296 1.0
183.0 -3.57496277812 1.0
126.0 0.980318049695 1.0
198.0 5.83924391647 1.0
14.0 0.954843310072 1.0
151.0 0.974633007158 1.0
8.0 1.03810663518 1.0
117.0 0.980388544165 1.0
30.0 0.884386854906 1.0
191.0 0.0074530595474 1.0
object 95	1.0:1.0
108.0 0.976953703414 1.0
176.0 0.970181126264 1.0
112.0 0.990171718839 1.0
object 96	1.0:1.0
87.0 0.993139176497 1.0
29.0 0.988910424739 1.0
165.0 1.02870404275 1.0
139.0 1.01033828923 1.0
15.0 1.00612808157 1.0
object 97	1.0:1.0
40.0 0.98030060072 1.0
55.0 1.06272649119 1.0
162.0 0.902904680948 1.0
object 98	1.0:1.0
184.0 -4.40966083273 1.0
17.0 1.02629799654 1.0
2.0 0.997853383324 1.0
4.0 0.979445403903 1.0
22.0 1.00872323317 1.0
12.0 0.988538172034 1.0
134.0 0.98221082297 1.0
10.0 0.941225318179 1.0
object 99	1.0:1.0
63.0 1.06909965659 1.0
156.0 0.936169420926 1.0
76.0 0.940672848339 1.0
17.0 0.967734903237 1.0
