object 0	1.0:1.0
1.0 1.00298379736 1.0
92.0 0.990290927813 1.0
170.0 -2.24951880778 1.0
114.0 0.989271001305 1.0
5.0 0.966664409385 1.0
42.0 0.984802589805 1.0
20.0 0.967659848201 1.0
15.0 1.0191811544 1.0
182.0 0.18702358661 1.0
194.0 -4.01614706551 1.0
111.0 1.0078221505 1.0
123.0 1.00846167168 1.0
160.0 2.85787057491 1.0
159.0 1.02634940826 1.0
167.0 -3.73187719176 1.0
118.0 0.974118990579 1.0
object 1	1.0:1.0
143.0 0.970118054487 1.0
37.0 0.978408167772 1.0
65.0 0.988457164118 1.0
80.0 1.01114049514 1.0
74.0 1.02667778708 1.0
179.0 5.42044013622 1.0
92.0 0.981331054369 1.0
152.0 1.02866072555 1.0
190.0 5.29201513919 1.0
133.0 0.958774737811 1.0
95.0 0.971991811668 1.0
76.0 1.03576197355 1.0
16.0 1.01509932552 1.0
105.0 0.985699569102 1.0
26.0 1.01642265031 1.0
object 2	1.0:1.0
160.0 0.156380845955 1.0
9.0 0.99260123404 1.0
11.0 1.0221991507 1.0
52.0 1.00468010431 1.0
64.0 0.979602803059 1.0
163.0 -0.119179716658 1.0
42.0 0.98873784999 1.0
24.0 1.01679453913 1.0
147.0 1.00356601662 1.0
48.0 1.02207776855 1.0
62.0 1.05595459095 1.0
120.0 1.03255336781 1.0
172.0 7.44135364059 1.0
88.0 0.991224854735 1.0
21.0 1.03148578582 1.0
46.0 0.983868509996 1.0
object 3	1.0:1.0
56.0 1.01979446329 1.0
74.0 1.03701084178 1.0
108.0 1.01404957299 1.0
150.0 1.00982841686 1.0
23.0 1.01291579893 1.0
84.0 0.980180442092 1.0
38.0 0.994866544384 1.0
object 4	1.0:1.0
80.0 1.02625708862 1.0
176.0 0.939771989795 1.0
25.0 1.00762826046 1.0
149.0 1.02546118389 1.0
148.0 0.978170365243 1.0
167.0 6.62483866707 1.0
42.0 1.04535148845 1.0
184.0 4.57198792711 1.0
2.0 0.971766041364 1.0
35.0 1.03572181063 1.0
133.0 1.04700696325 1.0
36.0 1.02639572881 1.0
24.0 0.981824778742 1.0
195.0 4.9880591104 1.0
object 5	1.0:1.0
52.0 1.02855813378 1.0
191.0 6.05806308827 1.0
123.0 1.12905942349 1.0
7.0 0.998431144196 1.0
88.0 1.01189262795 1.0
194.0 4.46778981517 1.0
176.0 -0.955388269056 1.0
166.0 2.29387847164 1.0
171.0 -2.06595809894 1.0
151.0 1.02424587382 1.0
22.0 0.946896408664 1.0
9.0 1.01272769594 1.0
39.0 1.01204685413 1.0
142.0 1.03085177351 1.0
196.0 1.56518702466 1.0
147.0 0.994292630814 1.0
object 6	1.0:1.0
92.0 1.00501583156 1.0
171.0 0.465841291657 1.0
43.0 1.00705579897 1.0
85.0 0.978352830308 1.0
150.0 1.02899459957 1.0
191.0 0.783990797524 1.0
143.0 1.03430779798 1.0
59.0 1.04239160751 1.0
155.0 0.992980466908 1.0
2.0 0.985350975275 1.0
object 7	1.0:1.0
21.0 1.00150552575 1.0
176.0 3.84257666531 1.0
115.0 0.943663801004 1.0
132.0 1.0111207069 1.0
67.0 0.973396732426 1.0
2.0 1.01105401166 1.0
107.0 1.10026444869 1.0
73.0 1.01483349722 1.0
23.0 1.01818610198 1.0
117.0 1.0252467743 1.0
145.0 0.999099784979 1.0
110.0 1.0235284407 1.0
75.0 0.989681293162 1.0
30.0 1.01318205478 1.0
119.0 0.972155960944 1.0
172.0 1.09119891765 1.0
18.0 1.04123457111 1.0
81.0 1.01962303984 1.0
181.0 -1.10217633881 1.0
174.0 -7.18349142029 1.0
51.0 1.02850394069 1.0
62.0 1.01955464081 1.0
14.0 1.02621709005 1.0
object 8	1.0:1.0
175.0 1.54910452659 1.0
22.0 1.05158867796 1.0
51.0 0.996295976357 1.0
62.0 1.02774135807 1.0
192.0 2.60744391639 1.0
168.0 3.00099097849 1.0
99.0 0.987578522724 1.0
133.0 1.02319836322 1.0
92.0 1.03255127099 1.0
object 9	1.0:1.0
156.0 0.999134129926 1.0
112.0 1.00947911227 1.0
97.0 0.955643396536 1.0
137.0 0.941130168782 1.0
129.0 1.0024722546 1.0
10.0 1.01861607416 1.0
37.0 1.00898425585 1.0
119.0 0.999464665953 1.0
110.0 1.02001362052 1.0
146.0 1.00443175544 1.0
2.0 0.977312707162 1.0
95.0 0.972980729829 1.0
135.0 0.963353299743 1.0
159.0 1.0125870765 1.0
84.0 1.0119131074 1.0
192.0 1.69455014253 1.0
object 10	1.0:1.0
61.0 1.00823460005 1.0
58.0 0.989985131505 1.0
21.0 1.01561294864 1.0
101.0 0.951004752393 1.0
42.0 0.991725000238 1.0
34.0 1.01474548811 1.0
72.0 1.00465222312 1.0
38.0 0.986407371887 1.0
118.0 0.999772935318 1.0
179.0 3.67655369498 1.0
157.0 0.985974519839 1.0
168.0 -2.53063850205 1.0
13.0 1.01721690447 1.0
62.0 0.998707077479 1.0
196.0 6.83416179646 1.0
159.0 1.01171501347 1.0
174.0 3.55288068191 1.0
150.0 0.999654141605 1.0
7.0 0.993575899364 1.0
149.0 1.00801073831 1.0
182.0 0.13606680995 1.0
91.0 0.994991795797 1.0
object 11	1.0:1.0
196.0 0.481845104757 1.0
121.0 0.959924288325 1.0
48.0 0.978478823613 1.0
198.0 -4.18286893033 1.0
92.0 0.9932389824 1.0
120.0 0.975924029748 1.0
25.0 1.0038860695 1.0
46.0 0.99738603643 1.0
32.0 1.02706775293 1.0
61.0 0.986893087381 1.0
30.0 1.01417199534 1.0
118.0 0.978114634175 1.0
176.0 5.17095247285 1.0
143.0 0.989038050537 1.0
object 12	1.0:1.0
39.0 1.01865858381 1.0
142.0 0.987149254954 1.0
58.0 1.03983527656 1.0
144.0 1.04630138864 1.0
31.0 0.994864204815 1.0
168.0 5.9056476906 1.0
44.0 0.960945702187 1.0
53.0 1.01364026221 1.0
121.0 0.971269063835 1.0
50.0 1.03728965328 1.0
194.0 3.46712375757 1.0
189.0 2.40050664596 1.0
146.0 1.00131409665 1.0
46.0 1.02111203949 1.0
69.0 0.999783970258 1.0
157.0 1.00156559651 1.0
119.0 1.00725519096 1.0
131.0 0.995890432621 1.0
object 13	1.0:1.0
140.0 0.967127828517 1.0
32.0 1.03596769248 1.0
26.0 1.03210389784 1.0
150.0 1.04582455095 1.0
20.0 1.03733355527 1.0
180.0 -1.14518400555 1.0
95.0 1.00140776924 1.0
190.0 4.96853766225 1.0
object 14	1.0:1.0
177.0 4.24516542986 1.0
185.0 -0.850414017883 1.0
102.0 0.945270414206 1.0
121.0 1.04878788478 1.0
182.0 -1.8595251802 1.0
127.0 0.996938263645 1.0
90.0 1.00816533201 1.0
107.0 0.939426656443 1.0
75.0 1.02334219479 1.0
197.0 3.59480586111 1.0
104.0 1.01265059664 1.0
65.0 1.00637564073 1.0
165.0 1.71962604428 1.0
31.0 1.0076728584 1.0
68.0 0.9793326078 1.0
183.0 1.27199662849 1.0
16.0 0.980659565154 1.0
object 15	1.0:1.0
100.0 0.95889361239 1.0
124.0 1.01208600952 1.0
95.0 0.996238502407 1.0
114.0 1.0142546889 1.0
86.0 0.995115480328 1.0
75.0 0.981230042478 1.0
67.0 1.01736064039 1.0
81.0 1.01204007973 1.0
41.0 1.06024803951 1.0
object 16	1.0:1.0
65.0 1.02380320115 1.0
145.0 1.01002266018 1.0
172.0 1.67912990221 1.0
49.0 1.03355574069 1.0
117.0 1.00123984434 1.0
194.0 0.55712575965 1.0
183.0 2.61034658417 1.0
181.0 1.55057926885 1.0
79.0 1.04440761068 1.0
157.0 1.00649808305 1.0
95.0 0.992435277439 1.0
84.0 0.91407608467 1.0
56.0 0.999334450684 1.0
163.0 0.454817209204 1.0
162.0 -2.21290973759 1.0
109.0 1.0454346333 1.0
7.0 1.01752469664 1.0
object 17	1.0:1.0
58.0 1.06507081753 1.0
179.0 -0.249177402764 1.0
172.0 1.63825493886 1.0
0.0 0.996795491543 1.0
184.0 0.899977341017 1.0
74.0 1.02254942931 1.0
98.0 0.988567757915 1.0
162.0 6.32691037302 1.0
3.0 0.940243065785 1.0
159.0 1.00286309416 1.0
146.0 1.00439233019 1.0
139.0 1.03208968772 1.0
object 18	1.0:1.0
94.0 0.970176280516 1.0
106.0 0.996733281463 1.0
66.0 0.993538459355 1.0
195.0 -0.964010320086 1.0
100.0 0.982459230373 1.0
73.0 0.967342638871 1.0
45.0 1.03167771328 1.0
117.0 1.06505838292 1.0
118.0 0.982092574676 1.0
4.0 0.991423592502 1.0
132.0 1.00506409864 1.0
193.0 -0.0833439948905 1.0
169.0 2.22764438423 1.0
20.0 1.08028308999 1.0
19.0 1.01125462146 1.0
194.0 -0.91043356829 1.0
197.0 -0.275216367559 1.0
13.0 0.96735687234 1.0
83.0 0.977603741533 1.0
175.0 2.07349377315 1.0
object 19	1.0:1.0
138.0 1.01518260505 1.0
37.0 1.02276473826 1.0
114.0 1.05314527776 1.0
167.0 0.697260724153 1.0
7.0 0.994590615082 1.0
99.0 0.97252438563 1.0
36.0 0.997492635851 1.0
179.0 -5.10645555329 1.0
1.0 0.985682471049 1.0
187.0 6.68044796384 1.0
165.0 0.489554888964 1.0
6.0 0.984904189571 1.0
107.0 0.908370552525 1.0
64.0 1.04514131257 1.0
130.0 1.03287610472 1.0
157.0 1.00294810191 1.0
192.0 0.0481368278626 1.0
83.0 0.988587321837 1.0
63.0 0.920127706389 1.0
object 20	1.0:1.0
132.0 1.02815909482 1.0
13.0 1.0324239596 1.0
88.0 1.02669872631 1.0
96.0 0.982509254712 1.0
136.0 0.991702199379 1.0
32.0 0.975541599473 1.0
91.0 0.988917543584 1.0
145.0 1.01320611022 1.0
65.0 1.04024201348 1.0
9.0 1.01687171695 1.0
7.0 1.02775095262 1.0
61.0 1.01205380838 1.0
191.0 4.96975886838 1.0
16.0 0.980417731565 1.0
87.0 1.01377042007 1.0
79.0 1.02407093331 1.0
183.0 0.267148338906 1.0
155.0 0.989109235005 1.0
80.0 0.949674724277 1.0
object 21	1.0:1.0
182.0 1.18146728167 1.0
180.0 1.37838210896 1.0
45.0 0.944102753799 1.0
1.0 1.01853591586 1.0
113.0 0.996873509746 1.0
165.0 1.45816966516 1.0
37.0 1.0065292362 1.0
166.0 4.41977502848 1.0
27.0 1.03124883913 1.0
95.0 1.04733218562 1.0
186.0 3.22272373149 1.0
6.0 1.01785623286 1.0
103.0 0.998280761918 1.0
152.0 0.978242028383 1.0
181.0 -0.0213224550476 1.0
75.0 0.962753049147 1.0
109.0 1.03886041489 1.0
object 22	1.0:1.0
113.0 1.05177640889 1.0
169.0 -4.35376141918 1.0
6.0 1.00674344137 1.0
164.0 -2.71870642777 1.0
152.0 0.945131158729 1.0
126.0 1.01131064718 1.0
122.0 0.986827437508 1.0
165.0 1.39335396581 1.0
161.0 0.625623379262 1.0
74.0 0.940139959935 1.0
94.0 1.0329390478 1.0
78.0 1.01018447644 1.0
object 23	1.0:1.0
123.0 1.01989855836 1.0
30.0 1.00320196125 1.0
60.0 0.996814074475 1.0
9.0 0.997467405903 1.0
81.0 0.986298329781 1.0
113.0 0.972800809125 1.0
97.0 0.998149481087 1.0
41.0 0.992401141269 1.0
object 24	1.0:1.0
172.0 -4.42025441074 1.0
0.0 1.01739472724 1.0
164.0 -1.35637333813 1.0
27.0 0.993510450574 1.0
64.0 0.939237001984 1.0
87.0 1.00293003164 1.0
75.0 1.01863788831 1.0
185.0 0.749539533076 1.0
6.0 0.974385405939 1.0
47.0 1.02807045097 1.0
120.0 0.991116296074 1.0
41.0 0.957259674036 1.0
object 25	1.0:1.0
178.0 1.51480384768 1.0
114.0 1.01764166618 1.0
24.0 1.00363170204 1.0
127.0 0.988404137584 1.0
46.0 0.967272701346 1.0
13.0 0.976305004737 1.0
197.0 7.78142735808 1.0
4.0 0.99703424083 1.0
86.0 1.00055901785 1.0
50.0 0.921049451555 1.0
154.0 1.06024637646 1.0
172.0 2.01774022376 1.0
9.0 0.997354307992 1.0
130.0 0.964120983411 1.0
186.0 3.57006250328 1.0
12.0 1.05090913029 1.0
object 26	1.0:1.0
95.0 0.977895644553 1.0
97.0 1.00634330741 1.0
8.0 0.990131040072 1.0
86.0 1.00129702158 1.0
16.0 0.97330381767 1.0
108.0 1.05213440278 1.0
136.0 0.969741816587 1.0
152.0 0.999632433017 1.0
37.0 1.01252502056 1.0
18.0 0.945537949207 1.0
102.0 1.03772269842 1.0
168.0 1.97690187402 1.0
10.0 1.01955182738 1.0
28.0 1.05816405815 1.0
87.0 1.00017370109 1.0
123.0 1.0006087832 1.0
object 27	1.0:1.0
140.0 1.03831597734 1.0
3.0 0.943515570047 1.0
99.0 1.02752330221 1.0
166.0 -0.112614307137 1.0
163.0 1.02663625311 1.0
42.0 1.00859959726 1.0
191.0 5.58298652082 1.0
157.0 1.01358055554 1.0
148.0 1.00467196272 1.0
128.0 1.01119297299 1.0
95.0 1.01412662302 1.0
124.0 0.885530521174 1.0
105.0 1.00242269833 1.0
184.0 5.63672921337 1.0
144.0 0.976680468248 1.0
object 28	1.0:1.0
81.0 0.97494441222 1.0
20.0 0.975092752911 1.0
179.0 -5.30836309 1.0
124.0 0.98490741218 1.0
75.0 0.964145840893 1.0
178.0 -0.0758808344825 1.0
49.0 0.999336182207 1.0
192.0 0.368950598235 1.0
196.0 -5.08984167024 1.0
15.0 0.927524689792 1.0
36.0 0.992204660496 1.0
105.0 1.01157418134 1.0
157.0 1.01665048436 1.0
4.0 0.942168915436 1.0
168.0 -1.41515056361 1.0
133.0 0.98641219552 1.0
object 29	1.0:1.0
157.0 1.03053404594 1.0
79.0 0.951520226367 1.0
31.0 1.00425116998 1.0
38.0 0.972208834826 1.0
189.0 0.109981230014 1.0
167.0 0.107541726628 1.0
74.0 1.00395714316 1.0
129.0 0.983661426865 1.0
110.0 1.01254857616 1.0
37.0 1.01893907313 1.0
176.0 3.8607015242 1.0
158.0 1.02360402986 1.0
28.0 1.00781205713 1.0
124.0 1.07384674877 1.0
45.0 0.975546560794 1.0
81.0 1.03052661418 1.0
108.0 1.10163523782 1.0
105.0 1.00920744063 1.0
object 30	1.0:1.0
131.0 1.00318869174 1.0
198.0 -1.73001824303 1.0
68.0 1.02296464634 1.0
137.0 1.04183567987 1.0
141.0 0.991138441833 1.0
157.0 1.00689715721 1.0
73.0 0.968467013324 1.0
34.0 0.979973581716 1.0
112.0 1.00575778709 1.0
104.0 0.975256004853 1.0
33.0 0.984550221253 1.0
130.0 0.962647065209 1.0
118.0 1.02610947392 1.0
43.0 1.00038343256 1.0
25.0 1.00022540009 1.0
5.0 0.983343972683 1.0
96.0 1.001027275 1.0
object 31	1.0:1.0
133.0 1.04274250927 1.0
46.0 0.954564770542 1.0
161.0 0.993902983719 1.0
129.0 0.987905908918 1.0
16.0 0.996330548764 1.0
182.0 0.290344751561 1.0
178.0 2.87867998018 1.0
31.0 0.986535203234 1.0
57.0 0.971657194607 1.0
99.0 1.01614192743 1.0
164.0 -3.14138200985 1.0
92.0 1.02133731037 1.0
40.0 1.05102140291 1.0
134.0 0.989195994381 1.0
91.0 1.00417861664 1.0
object 32	1.0:1.0
164.0 5.68248832953 1.0
31.0 0.990571049417 1.0
51.0 1.00047889202 1.0
71.0 1.00565993514 1.0
179.0 12.2069553515 1.0
147.0 1.0059753137 1.0
125.0 1.00369837381 1.0
50.0 0.937419031457 1.0
105.0 1.04924676283 1.0
198.0 -4.18606807685 1.0
object 33	1.0:1.0
3.0 0.996321190278 1.0
144.0 1.01231954223 1.0
119.0 1.01468602444 1.0
154.0 0.919739422141 1.0
76.0 1.02018367085 1.0
191.0 3.23481671582 1.0
69.0 1.07647171069 1.0
148.0 1.02180764117 1.0
18.0 0.976361979189 1.0
169.0 -1.34112932384 1.0
99.0 1.01533698377 1.0
162.0 -4.1499103616 1.0
145.0 1.01714630866 1.0
34.0 0.952119871711 1.0
106.0 0.969350551621 1.0
79.0 0.980378722061 1.0
53.0 0.996473805845 1.0
object 34	1.0:1.0
29.0 1.02694876619 1.0
57.0 0.963681939492 1.0
183.0 1.23850889287 1.0
40.0 1.00613131685 1.0
175.0 1.17206091659 1.0
159.0 1.02471889229 1.0
83.0 1.01842864012 1.0
169.0 -9.33275795316 1.0
98.0 1.02747252073 1.0
112.0 0.996566049616 1.0
174.0 -0.769460935918 1.0
136.0 0.993094617919 1.0
object 35	1.0:1.0
198.0 -7.13975081501 1.0
14.0 0.982427518382 1.0
90.0 0.968719095007 1.0
67.0 0.985351890035 1.0
23.0 1.01865908546 1.0
116.0 1.00942048774 1.0
164.0 3.79271693568 1.0
87.0 0.982473945337 1.0
105.0 1.00286271413 1.0
40.0 1.02266206934 1.0
157.0 1.00975420391 1.0
22.0 0.946200213263 1.0
141.0 1.03148711102 1.0
60.0 1.02176981656 1.0
188.0 0.447466848504 1.0
117.0 0.998683905074 1.0
35.0 0.99245120099 1.0
119.0 0.985351007731 1.0
object 36	1.0:1.0
71.0 0.944564696042 1.0
31.0 1.00634806946 1.0
53.0 0.946554963834 1.0
91.0 1.01851988535 1.0
166.0 0.912541372298 1.0
147.0 1.00355962579 1.0
196.0 0.0491179024294 1.0
108.0 1.01748278487 1.0
object 37	1.0:1.0
108.0 1.01869533384 1.0
80.0 1.02983131523 1.0
70.0 0.996513040736 1.0
95.0 0.984019818299 1.0
86.0 1.00698457436 1.0
52.0 0.993320100194 1.0
126.0 1.03568574926 1.0
0.0 0.957922337462 1.0
46.0 0.986403938477 1.0
174.0 0.730643538446 1.0
25.0 1.02165257153 1.0
39.0 1.00263516224 1.0
139.0 0.985496712824 1.0
69.0 1.0283648245 1.0
93.0 1.03091607722 1.0
object 38	1.0:1.0
154.0 1.0044477518 1.0
4.0 1.03514103804 1.0
71.0 0.982040969105 1.0
128.0 0.996167270615 1.0
173.0 -0.985670264301 1.0
82.0 0.992093570256 1.0
139.0 0.989215575732 1.0
49.0 1.01301828617 1.0
192.0 0.0137768166296 1.0
68.0 0.997380928749 1.0
195.0 -9.7547913651 1.0
102.0 0.972110681194 1.0
object 39	1.0:1.0
42.0 1.0229126761 1.0
87.0 0.978850052837 1.0
35.0 1.02765282438 1.0
19.0 1.01959351419 1.0
191.0 1.00284359072 1.0
190.0 -2.34456757285 1.0
67.0 1.015799016 1.0
49.0 0.977180229004 1.0
195.0 4.26591177817 1.0
1.0 0.991792281208 1.0
135.0 1.03423960245 1.0
194.0 2.04553217198 1.0
150.0 0.987399046532 1.0
152.0 1.021669166 1.0
101.0 1.01088553189 1.0
61.0 1.0129324118 1.0
79.0 1.02380758182 1.0
27.0 1.01883296836 1.0
106.0 0.930188967178 1.0
51.0 1.00312315677 1.0
169.0 -0.177912949612 1.0
object 40	1.0:1.0
182.0 1.74525685212 1.0
185.0 2.86919778253 1.0
117.0 0.933114400145 1.0
193.0 0.0145555659773 1.0
160.0 -2.30542951794 1.0
71.0 0.928622336493 1.0
163.0 1.07541340294 1.0
89.0 1.03358070527 1.0
17.0 0.962772990331 1.0
136.0 0.932134956789 1.0
81.0 0.998309402408 1.0
103.0 0.996090082758 1.0
38.0 0.999602342591 1.0
142.0 1.02848646228 1.0
134.0 1.0063566098 1.0
object 41	1.0:1.0
84.0 0.956469996148 1.0
9.0 0.985973375603 1.0
15.0 1.02406898883 1.0
129.0 1.02418686018 1.0
11.0 1.03470841857 1.0
29.0 0.999355247883 1.0
154.0 1.00616345398 1.0
18.0 1.07696084226 1.0
109.0 0.971135499019 1.0
175.0 1.30544669754 1.0
101.0 0.989476785441 1.0
181.0 4.06685458626 1.0
object 42	1.0:1.0
2.0 0.995199207242 1.0
115.0 0.964658605099 1.0
15.0 0.980089692101 1.0
184.0 -4.87113842841 1.0
111.0 1.05129260527 1.0
29.0 0.965749370342 1.0
108.0 0.939214357911 1.0
23.0 0.976986143895 1.0
40.0 1.01610018697 1.0
object 43	1.0:1.0
50.0 0.943392303143 1.0
132.0 0.988917323453 1.0
52.0 1.01052217945 1.0
22.0 0.989471965725 1.0
65.0 1.02471699421 1.0
86.0 0.984242001656 1.0
81.0 1.00520788691 1.0
70.0 1.00677665814 1.0
110.0 1.02996723293 1.0
42.0 1.01890414975 1.0
112.0 1.00022352575 1.0
92.0 0.997523168054 1.0
187.0 -0.951995279266 1.0
object 44	1.0:1.0
25.0 0.99215169682 1.0
74.0 1.03754621811 1.0
138.0 1.00653588551 1.0
167.0 -1.37505159007 1.0
85.0 1.01663214923 1.0
130.0 0.995796924248 1.0
21.0 1.01607546338 1.0
37.0 0.998291143482 1.0
187.0 -4.81097916206 1.0
141.0 0.952801083938 1.0
171.0 -3.21088445703 1.0
193.0 -0.875846069845 1.0
object 45	1.0:1.0
57.0 0.969588175409 1.0
64.0 1.00881475493 1.0
28.0 1.02481864258 1.0
83.0 1.01317117167 1.0
66.0 1.02651312739 1.0
119.0 1.00111699665 1.0
130.0 1.04254018003 1.0
92.0 0.993403271517 1.0
98.0 0.991143143621 1.0
88.0 1.00339504092 1.0
197.0 -0.460586756642 1.0
121.0 0.994203355512 1.0
3.0 0.975153338198 1.0
2.0 0.989964280618 1.0
109.0 0.973676412022 1.0
173.0 2.72746775934 1.0
object 46	1.0:1.0
82.0 1.04779851511 1.0
194.0 2.23991490406 1.0
10.0 0.979357724024 1.0
77.0 1.04875425931 1.0
16.0 1.00435016109 1.0
147.0 0.995440305264 1.0
68.0 0.99771969583 1.0
83.0 0.996583170146 1.0
198.0 -0.254577852942 1.0
7.0 0.98943624148 1.0
37.0 0.973985376193 1.0
180.0 -2.01289406778 1.0
34.0 0.969997981209 1.0
141.0 1.03561502839 1.0
128.0 1.01604029363 1.0
object 47	1.0:1.0
170.0 -1.6898499436 1.0
96.0 0.976171131554 1.0
55.0 1.01030497747 1.0
187.0 -0.5200735191 1.0
150.0 0.99553879201 1.0
176.0 1.0235506059 1.0
188.0 3.38636642194 1.0
108.0 0.991275434987 1.0
41.0 0.960312149189 1.0
199.0 13.1816159526 1.0
181.0 -4.18740684273 1.0
59.0 0.968808166459 1.0
114.0 1.02464739128 1.0
object 48	1.0:1.0
178.0 1.46914815503 1.0
95.0 0.983396181883 1.0
164.0 -0.262044594284 1.0
181.0 2.56255427481 1.0
39.0 0.983842852283 1.0
75.0 0.980648884183 1.0
32.0 1.02278191119 1.0
37.0 0.998691671393 1.0
83.0 1.01636728202 1.0
151.0 0.991912100998 1.0
65.0 0.950752835748 1.0
113.0 1.02149014846 1.0
30.0 0.994915443456 1.0
63.0 1.01012024277 1.0
40.0 1.01214889118 1.0
124.0 1.05712812852 1.0
171.0 -1.12993931629 1.0
136.0 1.01822125346 1.0
36.0 0.997498754139 1.0
138.0 1.01835813728 1.0
92.0 0.973519206232 1.0
105.0 1.00539068722 1.0
197.0 -5.85996550908 1.0
115.0 0.959609383531 1.0
153.0 1.00369957842 1.0
103.0 1.06354703351 1.0
156.0 0.991289977887 1.0
76.0 0.947398771845 1.0
object 49	1.0:1.0
184.0 3.08654155841 1.0
87.0 1.00560680413 1.0
47.0 0.992107098347 1.0
50.0 0.999973916046 1.0
198.0 -5.39658366599 1.0
13.0 0.95874599897 1.0
179.0 -3.83611737395 1.0
145.0 1.00747231947 1.0
173.0 0.1269270599 1.0
189.0 -0.99718121944 1.0
7.0 0.95974549409 1.0
1.0 1.01959307351 1.0
11.0 1.01273102955 1.0
194.0 -1.0056069284 1.0
105.0 1.00305390339 1.0
object 50	1.0:0.5 4.31430544511:0.5
3.0 4.23838362263 1.0
95.0 1.0365322203 0.0
74.0 1.06415500861 0.0
60.0 4.33013208678 1.0
26.0 0.932401214638 0.0
113.0 4.31695461393 1.0
41.0 1.01968387296 0.0
154.0 0.991876354611 0.0
133.0 1.01331928635 0.0
195.0 -0.723364580612 0.0
107.0 1.05295777291 0.0
135.0 1.00962017176 0.0
80.0 4.32319881872 1.0
145.0 4.26835366267 1.0
object 51	1.0:0.5 3.77495378409:0.5
47.0 3.77086176686 1.0
109.0 3.78515388543 1.0
131.0 1.03272522105 0.0
108.0 3.73262861656 1.0
155.0 3.77042502536 1.0
159.0 3.75960744836 1.0
174.0 4.54122937407 0.0
198.0 3.84186068037 1.0
50.0 1.04691936709 0.0
133.0 3.76627589936 1.0
42.0 0.973447642011 0.0
7.0 3.73847548583 1.0
71.0 0.964309254914 0.0
178.0 1.5007934965 0.0
object 52	1.0:0.5 6.00727660601:0.5
97.0 6.07851477737 1.0
137.0 5.99288844002 1.0
180.0 4.87685756528 1.0
8.0 0.999682746421 0.0
112.0 6.00784457366 1.0
59.0 5.98186416799 1.0
90.0 5.9818118146 1.0
16.0 0.987101496602 0.0
165.0 6.38967132376 1.0
143.0 0.955778186169 0.0
135.0 6.00374447978 1.0
94.0 0.982396026778 0.0
41.0 1.00653640722 0.0
113.0 6.02622105356 1.0
86.0 5.99848081696 1.0
63.0 6.02904486181 1.0
107.0 5.98530868534 1.0
75.0 1.00078135567 0.0
object 53	1.0:0.5 8.1866324366:0.5
114.0 0.999785033717 0.0
91.0 1.00220149744 0.0
41.0 8.11710455605 1.0
131.0 8.27801398723 1.0
15.0 8.09267536369 1.0
56.0 1.01067897562 0.0
101.0 8.20948838661 1.0
45.0 0.948796209898 0.0
87.0 0.988240404031 0.0
121.0 8.20431779018 1.0
0.0 1.01524771313 0.0
98.0 0.952239846653 0.0
165.0 0.16056330107 0.0
126.0 1.08253244355 0.0
84.0 1.01019919465 0.0
object 54	1.0:0.5 -2.93669369677:0.5
64.0 -2.89196545565 1.0
177.0 -0.763134360654 1.0
192.0 -3.95441845049 1.0
3.0 0.947997973295 0.0
9.0 1.0465363773 0.0
174.0 -2.50062525835 1.0
2.0 0.969787948093 0.0
75.0 -2.93343097496 1.0
169.0 4.09996755148 0.0
0.0 0.963353244471 0.0
21.0 1.03071118982 0.0
63.0 -2.81645019071 1.0
179.0 -0.353673258954 1.0
143.0 -2.9953211804 1.0
116.0 -2.91613696823 1.0
150.0 -2.90183790386 1.0
71.0 -3.00311109769 1.0
object 55	1.0:0.5 14.4921209904:0.5
41.0 14.5211934363 1.0
183.0 0.409253655997 0.0
141.0 1.11280554299 0.0
170.0 16.0229439466 1.0
119.0 1.11475050677 0.0
33.0 14.4523038242 1.0
61.0 14.4128734012 1.0
87.0 1.04354821564 0.0
44.0 14.4667282718 1.0
102.0 1.02021604526 0.0
179.0 0.147066474803 0.0
144.0 14.5085368025 1.0
107.0 14.4189443623 1.0
object 56	1.0:0.5 11.1428865797:0.5
42.0 11.1650267402 1.0
50.0 1.0381630747 0.0
2.0 11.1920852815 1.0
57.0 0.998245714672 0.0
35.0 11.1643080713 1.0
157.0 11.1039206559 1.0
15.0 11.1562922171 1.0
153.0 11.1258266028 1.0
66.0 11.1033677184 1.0
152.0 1.12407624753 0.0
198.0 17.5901728316 1.0
159.0 0.949913886436 0.0
158.0 1.01940717314 0.0
181.0 -0.694029363475 0.0
165.0 1.50990281949 0.0
112.0 11.1356390247 1.0
92.0 11.0801492091 1.0
object 57	1.0:0.5 11.1196476592:0.5
137.0 0.985580674889 0.0
125.0 11.096435158 1.0
172.0 9.391279956 1.0
86.0 11.1267132094 1.0
127.0 11.1122147361 1.0
170.0 -1.98613205826 0.0
113.0 0.994959507005 0.0
121.0 11.1864019917 1.0
39.0 1.07296287414 0.0
158.0 0.918360125732 0.0
8.0 11.2049769757 1.0
object 58	1.0:0.5 11.4914981257:0.5
24.0 11.4564612105 1.0
99.0 11.5026235119 1.0
4.0 11.377754753 1.0
119.0 1.05428546415 0.0
143.0 1.06992498636 0.0
137.0 0.949933909396 0.0
14.0 0.91412171486 0.0
120.0 1.03709278463 0.0
object 59	1.0:0.5 -9.73798729593:0.5
85.0 -9.7548629421 1.0
123.0 -9.70107771794 1.0
125.0 1.06278436914 0.0
139.0 -9.79277055653 1.0
149.0 -9.73436815366 1.0
147.0 -9.64035593833 1.0
16.0 -9.67365538905 1.0
165.0 -10.9453936167 1.0
192.0 0.465741675767 0.0
67.0 -9.83929337968 1.0
154.0 1.03171117781 0.0
102.0 0.99085552622 0.0
146.0 1.03202060583 0.0
180.0 -9.70810503521 1.0
object 60	1.0:0.5 -16.1394511731:0.5
2.0 -16.0938487229 1.0
189.0 2.2715883426 0.0
139.0 -16.1014706707 1.0
75.0 0.964473227376 0.0
170.0 -17.1545837987 1.0
156.0 -16.2066362282 1.0
104.0 0.95396831633 0.0
101.0 -16.2697522421 1.0
31.0 1.09278075527 0.0
63.0 -16.1660800667 1.0
187.0 8.45069400777 0.0
191.0 2.31694832117 0.0
48.0 0.952040841982 0.0
object 61	1.0:0.5 -10.9498889667:0.5
160.0 0.545891909242 0.0
35.0 0.924787634894 0.0
186.0 -13.426691787 1.0
65.0 0.978963215988 0.0
28.0 1.01420022526 0.0
49.0 -10.8888302647 1.0
69.0 1.00515983653 0.0
95.0 0.968038849101 0.0
98.0 0.953298435052 0.0
151.0 -10.9798137128 1.0
25.0 -10.9472480441 1.0
113.0 1.01176549962 0.0
object 62	1.0:0.5 1.97123747171:0.5
79.0 0.959774060659 0.0
35.0 0.997130742845 0.0
171.0 -1.00509692226 0.0
49.0 0.939784655611 0.0
196.0 1.53338996309 1.0
169.0 6.25988045484 1.0
141.0 2.02815041438 1.0
4.0 1.94755955463 1.0
91.0 1.02790606618 0.0
191.0 1.53598983897 0.0
99.0 1.95351251163 1.0
26.0 1.02331010586 0.0
87.0 1.92896650569 1.0
37.0 0.976884965878 0.0
185.0 1.94423008024 1.0
114.0 2.00398526116 1.0
152.0 0.972479073945 0.0
64.0 1.01181453114 0.0
2.0 1.0189902449 0.0
153.0 2.04428008994 1.0
object 63	1.0:0.5 2.39957669754:0.5
131.0 2.39103181164 1.0
166.0 -3.26406456903 0.0
168.0 3.9762075935 1.0
188.0 0.395751394292 0.0
137.0 0.927126038919 0.0
189.0 3.31777005281 0.0
91.0 2.33009791024 1.0
112.0 1.02629583145 0.0
162.0 -1.01303494249 1.0
11.0 1.00720561367 0.0
119.0 0.924387791357 0.0
35.0 2.47078195633 1.0
149.0 0.999497716021 0.0
107.0 2.43126717452 1.0
object 64	1.0:0.5 12.2544389802:0.5
28.0 12.2986446059 1.0
137.0 12.2240825776 1.0
7.0 1.05126203162 0.0
60.0 12.3051204816 1.0
185.0 2.75665518617 0.0
11.0 0.935780109011 0.0
190.0 13.3908957643 1.0
168.0 -1.53896749261 0.0
90.0 12.1871299489 1.0
160.0 1.94560478565 0.0
132.0 1.04406540714 0.0
135.0 0.937981033698 0.0
189.0 -0.370016629205 0.0
54.0 12.239569768 1.0
object 65	1.0:0.5 -7.74282431483:0.5
106.0 -7.72683812087 1.0
152.0 -7.74762709815 1.0
190.0 0.768711631565 0.0
41.0 -7.82068992892 1.0
91.0 1.02512367705 0.0
89.0 0.919762044 0.0
153.0 0.889569770433 0.0
54.0 1.08371853152 0.0
86.0 -7.7800999392 1.0
65.0 1.03972288526 0.0
104.0 1.04923511652 0.0
object 66	1.0:0.5 -15.1144692427:0.5
103.0 1.05324165828 0.0
177.0 -12.0556277785 1.0
16.0 1.03010560219 0.0
156.0 0.953814648725 0.0
95.0 0.971181117314 0.0
118.0 1.02017321338 0.0
4.0 -15.0710659403 1.0
123.0 1.14481103008 0.0
98.0 0.981881051996 0.0
154.0 -15.2188552842 1.0
82.0 -15.1225407873 1.0
191.0 0.389611534056 0.0
65.0 -15.2041516881 1.0
75.0 1.01420282992 0.0
196.0 3.12252965344 0.0
46.0 -15.1142036615 1.0
192.0 -0.445987594522 0.0
161.0 2.34302464252 0.0
80.0 0.98510489309 0.0
174.0 -11.7694316594 1.0
134.0 -15.1132735813 1.0
object 67	1.0:0.5 12.6040690714:0.5
88.0 0.968669244838 0.0
36.0 12.7090149938 1.0
187.0 5.69137704448 0.0
191.0 3.23313292803 0.0
132.0 12.5202608382 1.0
154.0 12.5954615298 1.0
45.0 12.5979919352 1.0
175.0 2.85488134794 0.0
92.0 1.10868312395 0.0
153.0 12.6475314815 1.0
95.0 1.05080248768 0.0
7.0 0.962528539239 0.0
78.0 1.02120090333 0.0
6.0 1.068991148 0.0
119.0 12.6133174549 1.0
176.0 3.4339759745 0.0
56.0 0.991418993295 0.0
12.0 1.01084886254 0.0
54.0 0.982973561649 0.0
189.0 0.949225712696 0.0
145.0 12.6161180899 1.0
91.0 12.6110635618 1.0
object 68	1.0:0.5 5.24393492496:0.5
154.0 5.20273760424 1.0
166.0 -7.22799142989 0.0
183.0 0.694695570961 0.0
48.0 5.19939301044 1.0
113.0 0.952991597606 0.0
184.0 4.45611908586 1.0
139.0 1.00759911748 0.0
133.0 5.21768845495 1.0
103.0 5.29227290332 1.0
104.0 5.37192033513 1.0
36.0 5.31139497029 1.0
125.0 5.15107272141 1.0
61.0 5.21435403898 1.0
67.0 5.26817642595 1.0
13.0 0.99714332783 0.0
162.0 0.0268183727677 0.0
158.0 1.10337778482 0.0
object 69	1.0:0.5 -4.76084802325:0.5
37.0 -4.67523538659 1.0
88.0 -4.81191188444 1.0
80.0 -4.79133409728 1.0
48.0 -4.78892701036 1.0
49.0 -4.80230154377 1.0
81.0 -4.78223578874 1.0
113.0 -4.77146620697 1.0
183.0 -2.99201055717 1.0
147.0 1.00747398101 0.0
object 70	1.0:0.5 5.30517047617:0.5
114.0 5.31054247999 1.0
147.0 1.09589271987 0.0
36.0 5.31346577171 1.0
146.0 5.32780899739 1.0
43.0 0.982896123355 0.0
77.0 5.30716779291 1.0
68.0 0.988764640337 0.0
79.0 5.27483902217 1.0
139.0 5.36110075044 1.0
156.0 5.2573182029 1.0
113.0 0.986302157294 0.0
31.0 5.24769130442 1.0
86.0 0.976715526269 0.0
17.0 5.32464617689 1.0
118.0 0.875997646988 0.0
object 71	1.0:0.5 0.708200888921:0.5
52.0 0.739455804665 1.0
82.0 0.992273007446 0.0
45.0 0.718831526215 1.0
12.0 0.948828284036 0.0
147.0 0.737446632773 1.0
54.0 1.07835543762 0.0
126.0 1.02694242258 0.0
5.0 0.728719399348 1.0
190.0 2.48345784203 0.0
48.0 1.0054490235 0.0
161.0 0.485287026144 0.0
78.0 0.966355027774 0.0
148.0 0.969444514601 0.0
68.0 1.02272676969 0.0
73.0 0.593384241687 1.0
object 72	1.0:0.5 4.4640723282:0.5
166.0 8.5470843894 1.0
154.0 1.07993025616 0.0
144.0 0.988287279955 0.0
94.0 1.10804860924 0.0
167.0 3.75918439938 1.0
78.0 0.933330395594 0.0
54.0 1.09712719819 0.0
1.0 4.38808605106 1.0
134.0 0.951222820016 0.0
138.0 4.41276234218 1.0
178.0 1.55238484689 1.0
object 73	1.0:0.5 0.229886084821:0.5
182.0 2.32432910963 0.0
186.0 1.54590037064 0.0
127.0 0.311802699041 1.0
9.0 0.234910598555 1.0
48.0 0.283031437286 1.0
95.0 1.11699843427 0.0
71.0 1.07846743548 0.0
152.0 0.24064500857 1.0
120.0 1.04532536115 0.0
169.0 3.75191230473 1.0
55.0 0.240597640234 1.0
148.0 1.03395669133 0.0
0.0 0.990477633656 0.0
80.0 0.221152911659 1.0
46.0 0.191138865534 1.0
129.0 1.00155431409 0.0
object 74	1.0:0.5 -6.46976911512:0.5
167.0 -5.21818552388 1.0
82.0 0.999764099974 0.0
172.0 -5.47685612688 0.0
84.0 -6.50373831466 1.0
112.0 1.02982506103 0.0
7.0 1.01254291649 0.0
150.0 0.935944943853 0.0
156.0 0.925087995801 0.0
94.0 0.901452241592 0.0
188.0 -3.02039691634 0.0
78.0 -6.47467376505 1.0
184.0 -1.58640292008 0.0
171.0 9.61927354418 0.0
121.0 0.986112366964 0.0
object 75	1.0:0.5 8.32208115588:0.5
132.0 8.31141468687 1.0
51.0 1.02167840771 0.0
12.0 0.953257089186 0.0
37.0 8.32043370952 1.0
87.0 8.26671103002 1.0
133.0 8.3017184331 1.0
192.0 0.402499793558 0.0
81.0 8.2478876362 1.0
80.0 0.999254121825 0.0
20.0 0.974656089916 0.0
119.0 1.00423362289 0.0
86.0 8.28854634423 1.0
88.0 8.28227577478 1.0
121.0 8.3344571843 1.0
104.0 1.04036692538 0.0
42.0 8.35135743783 1.0
63.0 8.30141977672 1.0
object 76	1.0:0.5 0.661673917988:0.5
132.0 0.612194712911 1.0
144.0 0.670921857271 1.0
176.0 -1.54955015838 1.0
12.0 1.05024511147 0.0
100.0 0.67655508953 1.0
71.0 0.98397562817 0.0
192.0 1.50038982303 0.0
175.0 -0.468878412288 0.0
56.0 0.656920629122 1.0
8.0 0.651066849266 1.0
137.0 0.567791044997 1.0
151.0 1.08268981961 0.0
130.0 0.982323415491 0.0
0.0 1.01549907209 0.0
111.0 0.647241845512 1.0
44.0 0.947650151386 0.0
39.0 0.713243816656 1.0
object 77	1.0:0.5 3.18443236541:0.5
164.0 2.38241279121 0.0
56.0 3.09276721593 1.0
31.0 3.15149666021 1.0
198.0 7.58621783278 1.0
93.0 3.19126730199 1.0
138.0 1.00568240051 0.0
174.0 3.16087530328 0.0
84.0 1.02188775597 0.0
85.0 3.22314737272 1.0
object 78	1.0:0.5 13.5311735495:0.5
87.0 1.00098942534 0.0
152.0 1.01913993019 0.0
127.0 13.5356503199 1.0
8.0 13.5426539163 1.0
66.0 0.986336752571 0.0
52.0 0.935997985498 0.0
47.0 13.5031503052 1.0
154.0 0.963175319565 0.0
16.0 13.4464404404 1.0
32.0 1.06562314916 0.0
56.0 1.02689058462 0.0
78.0 13.403856728 1.0
113.0 1.03878436254 0.0
108.0 0.884691874799 0.0
73.0 13.5229417074 1.0
54.0 13.5901927678 1.0
88.0 13.5124824928 1.0
100.0 1.04319076992 0.0
object 79	1.0:0.5 -10.9872634059:0.5
81.0 1.00639415525 0.0
41.0 1.0084877668 0.0
169.0 -0.247668272301 0.0
66.0 -10.9788941968 1.0
122.0 0.884295457084 0.0
158.0 0.999016961967 0.0
196.0 -9.39390091043 1.0
192.0 -10.8831298409 1.0
58.0 -10.9514766334 1.0
76.0 -11.0574839356 1.0
28.0 -10.9277221663 1.0
168.0 1.14525757544 0.0
20.0 1.10201232619 0.0
object 80	1.0:0.5 -3.29461280259:0.5
75.0 -3.20891463254 1.0
55.0 -3.34085830505 1.0
178.0 -5.27333602935 1.0
71.0 -3.30922097883 1.0
31.0 1.01145408509 0.0
185.0 -4.81956136161 1.0
155.0 0.996576233547 0.0
34.0 1.06819639053 0.0
96.0 -3.27239194606 1.0
110.0 1.0097246125 0.0
192.0 -4.74515993177 1.0
object 81	1.0:0.5 7.03073237523:0.5
157.0 6.99486277589 1.0
63.0 7.08167522023 1.0
175.0 5.40506545156 1.0
185.0 8.86411798223 1.0
80.0 1.02052060802 0.0
85.0 0.982068084187 0.0
77.0 0.972382056018 0.0
42.0 0.944360664498 0.0
132.0 7.02828450517 1.0
127.0 7.0838175676 1.0
152.0 7.01353565227 1.0
82.0 6.94384339815 1.0
129.0 7.06560171254 1.0
78.0 7.01452707243 1.0
object 82	1.0:0.5 5.95313544087:0.5
33.0 0.998200704855 0.0
107.0 5.98010388886 1.0
156.0 1.10058333172 0.0
108.0 5.87359149706 1.0
62.0 6.0089774748 1.0
20.0 1.04376151361 0.0
80.0 0.984039208816 0.0
115.0 1.01893215412 0.0
137.0 5.91097142864 1.0
81.0 1.03870306694 0.0
173.0 10.2746303714 1.0
110.0 1.11264456776 0.0
158.0 5.97766995474 1.0
41.0 1.00377227308 0.0
object 83	1.0:0.5 10.9915803339:0.5
134.0 10.9003563391 1.0
159.0 10.9360978341 1.0
40.0 0.936655546996 0.0
3.0 11.047760033 1.0
148.0 0.959982593775 0.0
60.0 10.9984017389 1.0
116.0 11.0665727846 1.0
68.0 11.003175998 1.0
30.0 1.00145928129 0.0
5.0 10.9674156465 1.0
135.0 0.962128289235 0.0
43.0 11.0271454654 1.0
41.0 11.0137864921 1.0
51.0 11.037853351 1.0
98.0 11.0103804501 1.0
0.0 11.0068206011 1.0
149.0 11.016823796 1.0
24.0 11.0601992383 1.0
object 84	1.0:0.5 -12.7018595044:0.5
174.0 -14.0899986033 1.0
44.0 -12.7240561177 1.0
144.0 0.997742731097 0.0
20.0 -12.6643853591 1.0
95.0 -12.7676378662 1.0
38.0 0.928104119365 0.0
4.0 0.977328994569 0.0
69.0 -12.6843713396 1.0
21.0 -12.7272510736 1.0
181.0 -18.0112418377 1.0
74.0 -12.6741659151 1.0
121.0 -12.711664338 1.0
164.0 -16.444748617 1.0
object 85	1.0:0.5 18.2098950017:0.5
136.0 18.2239275434 1.0
105.0 18.2723209533 1.0
160.0 1.56175787014 0.0
147.0 0.972515033786 0.0
50.0 0.953105074608 0.0
198.0 6.28139233362 0.0
189.0 21.770054222 1.0
106.0 18.1082328837 1.0
197.0 17.8008429738 1.0
107.0 18.1753054985 1.0
82.0 18.2310766903 1.0
83.0 0.91015925767 0.0
142.0 18.1505505276 1.0
63.0 0.992884727519 0.0
6.0 18.2131132343 1.0
184.0 17.6122535004 1.0
36.0 18.2671988322 1.0
object 86	1.0:0.5 -7.18892103772:0.5
24.0 1.0560448501 0.0
148.0 -7.21172389914 1.0
62.0 -7.23310037441 1.0
81.0 0.933317799346 0.0
113.0 1.07188192155 0.0
151.0 1.02286994427 0.0
91.0 1.04521431288 0.0
22.0 0.984543601006 0.0
180.0 -7.91096543404 1.0
49.0 0.99704939894 0.0
182.0 -5.47520506543 1.0
11.0 0.905272630654 0.0
6.0 -7.20579918786 1.0
104.0 -7.14754814205 1.0
47.0 -7.1906469341 1.0
163.0 -4.84651381766 0.0
object 87	1.0:0.5 -11.0275203498:0.5
79.0 1.01944663503 0.0
164.0 -1.17325722592 0.0
135.0 0.953718253302 0.0
146.0 0.957430233506 0.0
34.0 -10.9633034619 1.0
196.0 -11.65734744 1.0
128.0 1.00778449935 0.0
152.0 0.992218518212 0.0
143.0 1.02007377061 0.0
114.0 -10.973717432 1.0
169.0 3.51444967928 0.0
66.0 1.0257825965 0.0
162.0 1.52636806966 0.0
156.0 -10.9478026544 1.0
9.0 1.0373568091 0.0
57.0 -10.9223229964 1.0
25.0 -11.0015903482 1.0
182.0 -11.2719216619 1.0
138.0 -10.9885452038 1.0
54.0 1.07152536817 0.0
object 88	1.0:0.5 17.0407521526:0.5
37.0 0.97620619184 0.0
64.0 16.9858812425 1.0
135.0 0.949328011993 0.0
156.0 0.981619037639 0.0
198.0 21.504669121 1.0
15.0 1.02476356768 0.0
40.0 1.01846008409 0.0
object 89	1.0:0.5 18.8139628116:0.5
174.0 1.82661743797 0.0
188.0 2.58214455421 0.0
65.0 0.993282849783 0.0
33.0 18.8067857352 1.0
144.0 18.8513678103 1.0
63.0 18.7788315762 1.0
101.0 0.96475092985 0.0
141.0 18.8028179803 1.0
107.0 0.895780572997 0.0
147.0 18.7667947424 1.0
151.0 0.966505154255 0.0
90.0 1.01013767722 0.0
122.0 18.9391450614 1.0
146.0 18.7908583384 1.0
object 90	1.0:0.5 1.42706955677:0.5
50.0 0.981904054354 0.0
58.0 1.00428021878 0.0
43.0 0.982173212191 0.0
180.0 1.74973868523 1.0
83.0 1.42567719918 1.0
92.0 0.958255040125 0.0
155.0 0.996197504936 0.0
100.0 1.41679494295 1.0
28.0 1.40909521076 1.0
78.0 1.12108836529 0.0
167.0 1.19520791457 0.0
106.0 1.00741079428 0.0
33.0 0.961478799161 0.0
object 91	1.0:0.5 2.19137952515:0.5
151.0 2.20345773109 1.0
76.0 0.990670608896 0.0
138.0 2.18596469348 1.0
14.0 2.1403782957 1.0
134.0 2.14404089086 1.0
19.0 2.17646589498 1.0
28.0 1.01197180255 0.0
122.0 2.14949118952 1.0
123.0 2.19689366941 1.0
105.0 2.14255145496 1.0
56.0 0.907908191963 0.0
184.0 2.11840428815 0.0
54.0 1.03528692212 0.0
198.0 1.55630452632 1.0
99.0 0.998027399108 0.0
132.0 0.958114459189 0.0
95.0 2.20246080447 1.0
43.0 2.19756402358 1.0
199.0 3.40519335218 1.0
176.0 0.570897847846 0.0
object 92	1.0:0.5 -2.92178207136:0.5
128.0 -2.91550188248 1.0
129.0 -2.8814664799 1.0
65.0 -2.91041683573 1.0
1.0 0.958030732089 0.0
123.0 -2.87109217991 1.0
141.0 0.959970964156 0.0
23.0 -2.84149554829 1.0
110.0 1.04741805564 0.0
73.0 -2.9051594681 1.0
66.0 -2.89084388639 1.0
169.0 -1.94370204879 1.0
172.0 -1.92596610059 1.0
88.0 0.988462757219 0.0
object 93	1.0:0.5 1.77864390231:0.5
44.0 1.03274140666 0.0
29.0 1.77476700213 1.0
158.0 0.929182894729 0.0
25.0 1.7298219644 1.0
92.0 0.994071051452 0.0
175.0 1.21326785191 0.0
109.0 0.990041991034 0.0
120.0 1.69604054299 1.0
127.0 1.05793088162 0.0
157.0 1.8161149712 1.0
43.0 1.79131128234 1.0
object 94	1.0:0.5 -4.18431819911:0.5
32.0 1.10904639749 0.0
191.0 2.50564475707 0.0
89.0 -4.13497172335 1.0
74.0 -4.21551730718 1.0
97.0 0.897311919684 0.0
123.0 -4.1661488947 1.0
187.0 3.37400400998 0.0
92.0 -4.16678106745 1.0
75.0 0.973065021535 0.0
198.0 2.34876063052 0.0
23.0 0.977923862895 0.0
118.0 -4.22779872348 1.0
107.0 -4.25445641034 1.0
object 95	1.0:0.5 -3.31402361632:0.5
46.0 -3.39261090971 1.0
28.0 1.02603174569 0.0
32.0 -3.32386485272 1.0
57.0 0.965695930733 0.0
192.0 3.75072692842 0.0
50.0 -3.2336802006 1.0
31.0 0.994733008719 0.0
35.0 1.03299295637 0.0
171.0 1.60808983424 0.0
55.0 -3.17814418496 1.0
188.0 3.96844018763 0.0
75.0 -3.27167262024 1.0
43.0 0.952577237303 0.0
181.0 -1.20716722647 1.0
25.0 -3.30381262358 1.0
125.0 1.01746710675 0.0
160.0 -2.50054456139 1.0
object 96	1.0:0.5 -14.6612718257:0.5
77.0 0.979005564418 0.0
37.0 -14.7184387894 1.0
126.0 1.02048554407 0.0
158.0 1.00404016091 0.0
65.0 -14.6277271542 1.0
119.0 0.982753689459 0.0
21.0 1.00522903713 0.0
22.0 -14.6736193486 1.0
object 97	1.0:0.5 6.34306974003:0.5
179.0 8.55283015591 1.0
44.0 1.03227876321 0.0
149.0 1.02880475199 0.0
81.0 0.950939315749 0.0
56.0 1.00826122918 0.0
62.0 1.04765264361 0.0
168.0 -4.05030008384 0.0
112.0 6.28764309411 1.0
196.0 6.35956540622 1.0
8.0 6.35432594907 1.0
195.0 -2.31504915353 0.0
33.0 6.32821302231 1.0
94.0 6.26297502418 1.0
61.0 6.33743039611 1.0
72.0 6.29639470552 1.0
93.0 1.0049974016 0.0
105.0 6.29924317507 1.0
123.0 6.39575884767 1.0
140.0 6.23657454701 1.0
13.0 6.35575252365 1.0
object 98	1.0:0.5 -13.2976472432:0.5
89.0 -13.2677963255 1.0
92.0 1.01402778327 0.0
146.0 -13.3032339888 1.0
142.0 -13.3227770928 1.0
147.0 -13.3163373386 1.0
135.0 1.05205435503 0.0
159.0 0.979119200291 0.0
93.0 -13.3150204188 1.0
108.0 0.981390293652 0.0
96.0 -13.3220179705 1.0
17.0 -13.2850568044 1.0
53.0 -13.3490406359 1.0
116.0 1.04571554219 0.0
46.0 -13.2590668548 1.0
84.0 -13.3552372473 1.0
52.0 1.0624408199 0.0
39.0 0.953717485127 0.0
152.0 0.942456758867 0.0
179.0 -9.44370331964 1.0
180.0 2.31547338345 0.0
2.0 1.00521804196 0.0
object 99	1.0:0.5 -3.44964325705:0.5
59.0 0.97756335413 0.0
99.0 -3.46368297596 1.0
2.0 -3.46849176096 1.0
81.0 1.01386255404 0.0
50.0 -3.48271512296 1.0
153.0 -3.42132886688 1.0
82.0 -3.40967060452 1.0
58.0 0.966573872909 0.0
104.0 0.890040058007 0.0
1.0 1.00074881352 0.0
162.0 8.02160798618 0.0
54.0 -3.4490863105 1.0
15.0 -3.43923191581 1.0
11.0 -3.42143520412 1.0
94.0 -3.44568147313 1.0
