object 0	1.0:1.0
27.0 1.04036347532 1.0
10.0 0.992628447184 1.0
88.0 1.01087106628 1.0
115.0 1.01332550183 1.0
52.0 0.994883478622 1.0
140.0 -2.09431201233 1.0
132.0 1.02581446416 1.0
17.0 0.96518946154 1.0
173.0 5.93199117376 1.0
70.0 1.00543880364 1.0
164.0 -3.3859912275 1.0
54.0 1.00351516862 1.0
178.0 5.45604232573 1.0
189.0 5.97091156148 1.0
176.0 8.90577307872 1.0
29.0 0.980057661426 1.0
190.0 -4.77384362101 1.0
127.0 1.09155066803 1.0
184.0 -4.13831215005 1.0
91.0 0.997921870078 1.0
155.0 3.54915002852 1.0
14.0 1.00888015631 1.0
38.0 1.01456121523 1.0
object 1	1.0:1.0
88.0 0.974924456964 1.0
164.0 -1.76394615939 1.0
141.0 -1.84818638771 1.0
4.0 0.995240276498 1.0
139.0 1.00070940485 1.0
124.0 1.02419269699 1.0
47.0 1.04081593839 1.0
123.0 1.02386458734 1.0
133.0 0.968213353211 1.0
object 2	1.0:1.0
15.0 0.9666109098 1.0
94.0 1.02274478707 1.0
183.0 -1.90909871113 1.0
57.0 1.01423322971 1.0
187.0 -0.430423740977 1.0
135.0 0.946152556133 1.0
130.0 1.00854686054 1.0
113.0 0.961444174132 1.0
100.0 0.934974708084 1.0
81.0 1.00504847952 1.0
98.0 0.9763848928 1.0
42.0 1.00779371241 1.0
18.0 0.943698259301 1.0
23.0 1.01799204897 1.0
82.0 1.02028861212 1.0
115.0 0.950617300917 1.0
185.0 1.47779198771 1.0
119.0 0.99173047082 1.0
67.0 1.02230545349 1.0
object 3	1.0:1.0
165.0 4.95283435544 1.0
49.0 1.01224658486 1.0
7.0 1.03667495201 1.0
150.0 2.63448493275 1.0
189.0 -2.30719717712 1.0
62.0 1.01109796408 1.0
0.0 0.963313119527 1.0
186.0 -0.0284879384993 1.0
63.0 1.01542005273 1.0
192.0 -4.84837900043 1.0
70.0 0.999872037687 1.0
101.0 0.953996500261 1.0
25.0 0.983992196206 1.0
135.0 1.03805755242 1.0
142.0 -4.57980990007 1.0
84.0 1.01795731599 1.0
108.0 0.950988674735 1.0
object 4	1.0:1.0
189.0 -1.20326200669 1.0
71.0 0.995009194706 1.0
191.0 -4.03341369928 1.0
152.0 -1.4321668665 1.0
188.0 0.0654924003448 1.0
148.0 2.67793615571 1.0
8.0 0.981498831711 1.0
142.0 3.94035209525 1.0
137.0 0.881418772364 1.0
149.0 0.452913133045 1.0
174.0 0.682285769505 1.0
153.0 3.19781311716 1.0
155.0 -1.06685907471 1.0
11.0 0.982821926685 1.0
140.0 -0.604585621467 1.0
120.0 1.00090273162 1.0
55.0 1.0392297666 1.0
50.0 1.04789509029 1.0
105.0 1.05678635378 1.0
129.0 0.971003927582 1.0
46.0 0.997545424922 1.0
111.0 0.993753953457 1.0
object 5	1.0:1.0
133.0 0.999631133666 1.0
32.0 1.0700197591 1.0
20.0 1.01061138546 1.0
145.0 -1.42567908236 1.0
17.0 0.984391207861 1.0
120.0 0.979888887092 1.0
182.0 5.58663048265 1.0
167.0 5.7179418006 1.0
108.0 1.00870054355 1.0
111.0 0.990093646516 1.0
159.0 0.775694717741 1.0
73.0 1.0366931832 1.0
177.0 -5.7782354206 1.0
40.0 0.92998832066 1.0
70.0 0.941654112169 1.0
157.0 1.11199559659 1.0
151.0 0.71427845285 1.0
18.0 1.01101931725 1.0
139.0 0.965721740778 1.0
87.0 0.983513449981 1.0
83.0 1.00664488987 1.0
190.0 -3.36870566777 1.0
object 6	1.0:1.0
118.0 0.995822740284 1.0
165.0 -2.93349120145 1.0
58.0 1.00615234224 1.0
178.0 -0.459372391161 1.0
199.0 1.29550645909 1.0
160.0 1.68873079391 1.0
55.0 0.987566067947 1.0
65.0 0.945449785447 1.0
135.0 0.977443990899 1.0
56.0 0.924653232978 1.0
object 7	1.0:1.0
43.0 1.007843337 1.0
160.0 3.04126189753 1.0
2.0 0.916209556564 1.0
194.0 -2.29627527802 1.0
159.0 -2.63419616769 1.0
85.0 1.00383877428 1.0
163.0 -0.103171379376 1.0
44.0 1.04903656823 1.0
196.0 2.15432755766 1.0
78.0 0.983495512231 1.0
86.0 0.982380474627 1.0
50.0 1.01217303971 1.0
75.0 0.998206511739 1.0
6.0 1.00733195415 1.0
106.0 0.990411705482 1.0
142.0 2.54794620262 1.0
112.0 1.02405960321 1.0
23.0 1.00114285856 1.0
object 8	1.0:1.0
69.0 0.97808892088 1.0
87.0 0.998669086994 1.0
164.0 -0.712027755563 1.0
189.0 1.53405541288 1.0
2.0 0.949723442631 1.0
160.0 3.87478035769 1.0
196.0 -2.07169755941 1.0
178.0 2.61995919462 1.0
68.0 0.97700293401 1.0
129.0 1.01712035522 1.0
97.0 1.01597165195 1.0
60.0 0.975064906122 1.0
object 9	1.0:1.0
27.0 0.997962944975 1.0
52.0 1.00658636528 1.0
168.0 -8.43920810434 1.0
84.0 0.98226932247 1.0
114.0 0.98892917533 1.0
57.0 1.01412065495 1.0
34.0 1.00514633603 1.0
100.0 1.03149123498 1.0
6.0 0.994397700293 1.0
98.0 0.974426422932 1.0
68.0 0.980327253197 1.0
object 10	1.0:1.0
162.0 -0.382528218422 1.0
109.0 0.998544955741 1.0
99.0 1.01941759512 1.0
18.0 1.06899546204 1.0
63.0 0.980902540834 1.0
96.0 1.01238183713 1.0
32.0 1.01134606372 1.0
28.0 0.973997656403 1.0
12.0 1.03809421246 1.0
124.0 1.02779160774 1.0
37.0 0.978227944274 1.0
80.0 1.01565091494 1.0
object 11	1.0:1.0
64.0 0.976210379625 1.0
169.0 -0.0633643968028 1.0
50.0 1.02037129591 1.0
30.0 0.971926166993 1.0
120.0 1.01878270088 1.0
56.0 0.95104327663 1.0
107.0 0.998729517981 1.0
109.0 0.984513946485 1.0
82.0 1.01227876152 1.0
140.0 3.8240440399 1.0
124.0 0.997926548286 1.0
69.0 0.992893160317 1.0
177.0 0.374615249178 1.0
object 12	1.0:1.0
183.0 1.14244518357 1.0
108.0 1.01384102718 1.0
105.0 0.971613882168 1.0
143.0 0.138138476596 1.0
172.0 1.03124322411 1.0
23.0 1.00876431352 1.0
120.0 1.01044580171 1.0
163.0 0.658803621571 1.0
154.0 8.78148841813 1.0
95.0 1.00838120032 1.0
96.0 1.01434790956 1.0
83.0 0.91792714553 1.0
89.0 0.972852597357 1.0
123.0 0.987190467579 1.0
object 13	1.0:1.0
103.0 1.01933894711 1.0
22.0 0.971039180165 1.0
83.0 0.994189979078 1.0
142.0 -1.00463131519 1.0
158.0 2.88059729722 1.0
85.0 1.03376548261 1.0
154.0 4.74645705753 1.0
29.0 0.937575258933 1.0
72.0 1.0218955509 1.0
143.0 1.26196763646 1.0
152.0 -1.24325046653 1.0
156.0 4.26209264327 1.0
96.0 1.0099739108 1.0
185.0 0.110195923447 1.0
107.0 1.01711912305 1.0
object 14	1.0:1.0
178.0 0.648589158798 1.0
50.0 1.00743852648 1.0
184.0 -0.762137160477 1.0
39.0 1.00048107245 1.0
158.0 7.56032060716 1.0
31.0 0.981584836223 1.0
20.0 1.01431880855 1.0
173.0 -3.59724400912 1.0
172.0 -5.28535035122 1.0
91.0 0.980050130066 1.0
89.0 0.999902683326 1.0
object 15	1.0:1.0
120.0 0.948219427233 1.0
0.0 0.997184532811 1.0
69.0 1.01297351005 1.0
138.0 1.01865872052 1.0
10.0 0.984082225531 1.0
136.0 1.02097973471 1.0
152.0 1.90009295062 1.0
171.0 1.27524903001 1.0
165.0 0.680206078269 1.0
122.0 0.999304598829 1.0
object 16	1.0:1.0
79.0 1.13731515952 1.0
165.0 0.747035647909 1.0
70.0 0.986885095879 1.0
66.0 1.00082114942 1.0
152.0 0.32177610244 1.0
45.0 1.01452152706 1.0
119.0 1.02036816376 1.0
81.0 1.02707417846 1.0
30.0 1.0201099189 1.0
74.0 0.999734139506 1.0
135.0 1.00767417146 1.0
9.0 0.999417706243 1.0
162.0 0.547005188717 1.0
115.0 0.90069614401 1.0
34.0 0.982948354317 1.0
96.0 0.993262971388 1.0
100.0 1.03956636035 1.0
77.0 1.01363819264 1.0
25.0 0.97772128786 1.0
object 17	1.0:1.0
167.0 -0.451054059947 1.0
69.0 0.983514831194 1.0
93.0 1.01824081072 1.0
189.0 0.700259969195 1.0
156.0 -0.211034670118 1.0
148.0 -3.75823806371 1.0
24.0 0.979885382805 1.0
65.0 1.03136281771 1.0
145.0 -5.56336061757 1.0
105.0 0.99911726817 1.0
138.0 1.06537018585 1.0
100.0 1.0131952675 1.0
58.0 0.924414632997 1.0
43.0 1.00297238723 1.0
31.0 0.990933720601 1.0
79.0 1.01191922666 1.0
object 18	1.0:1.0
118.0 1.04798156506 1.0
170.0 -8.44709587905 1.0
11.0 1.02739034445 1.0
10.0 0.996078008702 1.0
136.0 1.0159105716 1.0
53.0 0.964600132553 1.0
54.0 1.01384755684 1.0
74.0 0.999716971492 1.0
156.0 1.79548403646 1.0
36.0 1.03637059518 1.0
143.0 2.23404336239 1.0
71.0 1.02146405294 1.0
107.0 0.995795556607 1.0
28.0 1.05385945586 1.0
99.0 1.03047992301 1.0
192.0 4.72863984385 1.0
168.0 -8.00852077711 1.0
object 19	1.0:1.0
129.0 1.01731611458 1.0
127.0 1.00381476302 1.0
0.0 0.998869983925 1.0
145.0 4.38839690905 1.0
49.0 1.00426497531 1.0
2.0 1.05531693633 1.0
10.0 1.00016600492 1.0
92.0 1.02766980061 1.0
162.0 -1.16875810915 1.0
33.0 0.982080110551 1.0
180.0 3.45430083744 1.0
101.0 0.954744063598 1.0
194.0 0.940831502724 1.0
object 20	1.0:1.0
155.0 2.46615507041 1.0
92.0 1.0035092593 1.0
130.0 1.03627948635 1.0
61.0 1.05288216075 1.0
117.0 0.966435367969 1.0
190.0 -1.36017145393 1.0
135.0 0.966574650795 1.0
123.0 0.986845612463 1.0
171.0 0.132285023501 1.0
104.0 1.02008193488 1.0
199.0 0.852300981873 1.0
20.0 1.02400719371 1.0
22.0 0.974656079277 1.0
134.0 1.00394679181 1.0
93.0 0.946619707199 1.0
96.0 1.01831247631 1.0
145.0 3.90541076654 1.0
62.0 1.0030820368 1.0
object 21	1.0:1.0
173.0 -1.41591017302 1.0
137.0 0.963143617451 1.0
132.0 1.03928964043 1.0
79.0 1.07974936492 1.0
38.0 1.01724008252 1.0
169.0 1.54078951887 1.0
156.0 1.78677003121 1.0
126.0 1.00016257624 1.0
89.0 1.01806093027 1.0
54.0 1.00983473406 1.0
101.0 1.00149957468 1.0
55.0 1.07658641309 1.0
29.0 1.07368767698 1.0
118.0 0.992708432506 1.0
69.0 1.0850235008 1.0
64.0 1.02405515746 1.0
object 22	1.0:1.0
167.0 2.49072982952 1.0
46.0 1.00530884626 1.0
142.0 3.7272784208 1.0
100.0 0.985691251112 1.0
20.0 1.02569820921 1.0
133.0 1.03069553327 1.0
193.0 -0.784561380368 1.0
128.0 1.10125143121 1.0
89.0 0.988233390789 1.0
47.0 0.996249910834 1.0
32.0 0.963374181406 1.0
39.0 1.00305953844 1.0
158.0 4.39679583756 1.0
159.0 -0.188510827221 1.0
136.0 1.01043197716 1.0
108.0 1.00591466445 1.0
74.0 0.982648270877 1.0
70.0 1.06890473377 1.0
36.0 1.01430956257 1.0
140.0 2.79448420941 1.0
34.0 1.03588147237 1.0
object 23	1.0:1.0
123.0 1.0025112458 1.0
176.0 -1.15683639652 1.0
81.0 1.00668976901 1.0
111.0 1.0104586977 1.0
11.0 1.021784292 1.0
8.0 0.999177958783 1.0
88.0 0.9850455808 1.0
199.0 -2.84139669899 1.0
61.0 0.95512608466 1.0
object 24	1.0:1.0
42.0 0.991004933786 1.0
132.0 1.00131628985 1.0
192.0 6.90943602612 1.0
3.0 1.01349153558 1.0
59.0 1.01946482337 1.0
126.0 1.01826263124 1.0
56.0 0.968664130283 1.0
0.0 0.985646598322 1.0
102.0 1.00583008546 1.0
118.0 0.991758717478 1.0
50.0 1.0123403174 1.0
92.0 0.951125656154 1.0
161.0 0.348903449604 1.0
142.0 1.82736925671 1.0
object 25	1.0:1.0
113.0 0.984125806872 1.0
111.0 1.0170423 1.0
6.0 1.00875312279 1.0
62.0 1.0065769128 1.0
137.0 1.01655852368 1.0
163.0 0.419815482443 1.0
147.0 -4.31705244941 1.0
195.0 4.96617666831 1.0
192.0 7.76182994367 1.0
176.0 -2.25326478601 1.0
117.0 0.978304666898 1.0
108.0 0.982226158909 1.0
77.0 0.99627693456 1.0
41.0 1.04732537284 1.0
67.0 1.03088669823 1.0
65.0 0.973139835178 1.0
61.0 0.999117696043 1.0
127.0 1.06004324799 1.0
30.0 0.931115160041 1.0
object 26	1.0:1.0
186.0 4.93095867435 1.0
174.0 1.94402391811 1.0
61.0 1.04662443351 1.0
66.0 1.01155931896 1.0
39.0 1.02130996404 1.0
155.0 -3.39059627637 1.0
108.0 1.00312656673 1.0
133.0 1.00317761913 1.0
0.0 0.949425911991 1.0
150.0 3.50612793885 1.0
1.0 1.01113263568 1.0
122.0 1.00790285185 1.0
131.0 0.993623856657 1.0
49.0 0.996571278584 1.0
145.0 -0.762421745926 1.0
35.0 1.03760646792 1.0
33.0 1.00916887345 1.0
80.0 1.01322068885 1.0
object 27	1.0:1.0
175.0 -0.369654013427 1.0
162.0 2.57734954168 1.0
176.0 3.13563993637 1.0
119.0 0.970079624772 1.0
92.0 0.996404689906 1.0
83.0 0.990735581931 1.0
75.0 0.986900132676 1.0
17.0 0.978368592142 1.0
107.0 0.984655323167 1.0
161.0 1.51910059791 1.0
54.0 1.07277608108 1.0
115.0 0.954219945731 1.0
109.0 1.04280625436 1.0
object 28	1.0:1.0
106.0 0.981085515933 1.0
75.0 1.01882087053 1.0
8.0 1.01517428557 1.0
137.0 1.11196521987 1.0
30.0 1.03888306829 1.0
165.0 3.3058780543 1.0
18.0 0.986447826578 1.0
171.0 1.4053919922 1.0
193.0 4.02640374531 1.0
73.0 1.11012471404 1.0
142.0 -0.466192800072 1.0
119.0 0.991458448014 1.0
175.0 2.23650503593 1.0
object 29	1.0:1.0
22.0 0.969804787437 1.0
83.0 1.04111158564 1.0
169.0 4.27435116242 1.0
179.0 -0.609515796936 1.0
96.0 1.03435675095 1.0
192.0 1.8094896598 1.0
45.0 0.997831951651 1.0
100.0 1.07944397742 1.0
174.0 0.334046970248 1.0
162.0 2.48086915452 1.0
3.0 1.03191472294 1.0
105.0 1.01738241787 1.0
190.0 2.09110956262 1.0
77.0 0.998831917266 1.0
21.0 1.0206277833 1.0
71.0 1.00223557467 1.0
172.0 1.33922430792 1.0
75.0 1.00129217455 1.0
116.0 1.02337624526 1.0
object 30	1.0:1.0
136.0 1.04536569675 1.0
64.0 0.974708576847 1.0
159.0 3.71150891934 1.0
4.0 1.01666959904 1.0
163.0 1.57196839735 1.0
137.0 0.990865525542 1.0
179.0 0.123480539345 1.0
51.0 1.0248771821 1.0
70.0 0.983674599999 1.0
44.0 0.998983416045 1.0
150.0 -1.58709245741 1.0
194.0 4.90530957824 1.0
132.0 1.02330455258 1.0
140.0 8.16161834391 1.0
71.0 0.994846597497 1.0
195.0 1.44185085316 1.0
166.0 1.88903933395 1.0
107.0 0.987899549556 1.0
24.0 1.08232153133 1.0
35.0 0.987537892697 1.0
object 31	1.0:1.0
65.0 1.01642223824 1.0
116.0 1.02203877244 1.0
121.0 0.970309909657 1.0
84.0 1.03680595244 1.0
90.0 1.00108770125 1.0
115.0 1.02125690224 1.0
40.0 0.99361308052 1.0
78.0 1.02901030928 1.0
150.0 0.137490496285 1.0
159.0 3.92122864039 1.0
171.0 1.37905431701 1.0
140.0 9.93752699096 1.0
24.0 1.09481361631 1.0
153.0 1.76538617011 1.0
127.0 0.942772077728 1.0
3.0 1.03598002647 1.0
166.0 1.87628770391 1.0
94.0 0.989520319511 1.0
object 32	1.0:1.0
155.0 1.03191336077 1.0
186.0 2.63421891527 1.0
126.0 0.963466935318 1.0
36.0 1.02915683785 1.0
44.0 1.08953868584 1.0
192.0 5.99829216144 1.0
59.0 1.01894830744 1.0
111.0 1.01721403875 1.0
91.0 0.985227179045 1.0
69.0 0.988752187414 1.0
89.0 0.966843403612 1.0
85.0 0.905595593439 1.0
124.0 1.000598825 1.0
58.0 0.969884167554 1.0
123.0 0.9904802683 1.0
object 33	1.0:1.0
135.0 0.984375582954 1.0
103.0 1.00355520953 1.0
34.0 1.02637344761 1.0
113.0 0.997909308386 1.0
156.0 4.86645889217 1.0
101.0 1.08277961772 1.0
109.0 0.932254344599 1.0
121.0 1.00397731234 1.0
147.0 2.27043301127 1.0
48.0 0.998795131786 1.0
194.0 1.48555995985 1.0
37.0 0.990549061518 1.0
75.0 0.992626155941 1.0
44.0 0.940076300255 1.0
39.0 0.992764472143 1.0
object 34	1.0:1.0
145.0 2.39780720368 1.0
42.0 0.978104473562 1.0
151.0 -0.591147181447 1.0
102.0 0.990689370955 1.0
139.0 1.01189731599 1.0
79.0 0.942843409216 1.0
13.0 0.935456433398 1.0
122.0 1.03011474477 1.0
40.0 0.957719497811 1.0
64.0 0.996235566209 1.0
86.0 1.01865361817 1.0
111.0 1.02398503208 1.0
36.0 0.970898312206 1.0
83.0 0.952983039832 1.0
181.0 0.849389085582 1.0
153.0 -0.211067274483 1.0
71.0 1.03132526466 1.0
object 35	1.0:1.0
129.0 1.01049007074 1.0
9.0 0.990436441227 1.0
70.0 0.965672746227 1.0
146.0 -5.57678836652 1.0
122.0 1.00685918923 1.0
76.0 1.01636906884 1.0
188.0 -0.830813855109 1.0
111.0 1.01892647321 1.0
98.0 0.988214722623 1.0
32.0 0.992029551315 1.0
177.0 -1.45587413668 1.0
143.0 -2.22546505719 1.0
30.0 1.03431953603 1.0
42.0 0.965280568316 1.0
22.0 1.01956929316 1.0
13.0 0.999214037845 1.0
71.0 1.01422533847 1.0
1.0 0.962656881197 1.0
object 36	1.0:1.0
87.0 0.987721890756 1.0
57.0 1.0287088582 1.0
183.0 -0.96366280814 1.0
61.0 1.07719465113 1.0
138.0 1.06290708972 1.0
20.0 1.01494185357 1.0
188.0 0.706887581508 1.0
81.0 1.01613197452 1.0
173.0 -10.715363154 1.0
92.0 0.996145747468 1.0
163.0 1.28726081423 1.0
140.0 -1.4785049315 1.0
199.0 -0.140512212387 1.0
128.0 1.02843801358 1.0
object 37	1.0:1.0
113.0 0.995495452697 1.0
133.0 0.991457602635 1.0
150.0 3.36981277192 1.0
0.0 0.976131902487 1.0
78.0 0.990195046046 1.0
10.0 1.02752819961 1.0
122.0 1.02701373381 1.0
115.0 1.026835079 1.0
112.0 0.977564081983 1.0
81.0 0.968694532124 1.0
144.0 -2.50844987438 1.0
44.0 1.01239787238 1.0
196.0 1.64828197763 1.0
object 38	1.0:1.0
183.0 0.318625423589 1.0
4.0 0.971932883672 1.0
94.0 1.02206965645 1.0
181.0 0.125063886488 1.0
195.0 -0.141479398995 1.0
6.0 1.00401734445 1.0
186.0 0.436616339587 1.0
116.0 0.99845300625 1.0
101.0 1.00974533852 1.0
58.0 1.03816259623 1.0
178.0 0.424620050353 1.0
187.0 -0.527313103389 1.0
126.0 1.02815991421 1.0
object 39	1.0:1.0
63.0 0.984767553257 1.0
150.0 2.22493057337 1.0
93.0 1.03533872961 1.0
64.0 1.02180230563 1.0
68.0 1.01209531431 1.0
30.0 0.988505003048 1.0
95.0 1.00530048976 1.0
69.0 0.983089452404 1.0
2.0 0.992235859243 1.0
195.0 -1.23984222353 1.0
94.0 0.965901123815 1.0
106.0 1.00751710259 1.0
object 40	1.0:1.0
107.0 1.00383141012 1.0
93.0 1.03509828183 1.0
75.0 0.991091611464 1.0
112.0 1.01181670223 1.0
38.0 0.975054370768 1.0
67.0 0.888033986826 1.0
50.0 0.965463636874 1.0
26.0 0.986640030521 1.0
22.0 1.10992232805 1.0
16.0 1.0055591684 1.0
180.0 -1.00710529226 1.0
object 41	1.0:1.0
126.0 1.01470652285 1.0
92.0 1.01949775373 1.0
140.0 6.42181825312 1.0
181.0 -0.762236726905 1.0
111.0 1.00368149376 1.0
56.0 0.981433854438 1.0
189.0 -5.27405882496 1.0
48.0 0.99774487115 1.0
74.0 0.974061138573 1.0
188.0 0.50101441762 1.0
object 42	1.0:1.0
84.0 1.01883292351 1.0
47.0 0.962801638179 1.0
42.0 0.993186206356 1.0
121.0 0.989566745554 1.0
74.0 1.00282122868 1.0
170.0 0.783588456267 1.0
160.0 0.455376821976 1.0
48.0 0.981524552995 1.0
83.0 1.00304527446 1.0
156.0 -7.56965937467 1.0
34.0 1.00740300348 1.0
122.0 1.01202130359 1.0
134.0 1.01374313425 1.0
143.0 0.951813464064 1.0
75.0 0.965133189781 1.0
8.0 0.981470362916 1.0
128.0 1.01807002749 1.0
object 43	1.0:1.0
115.0 0.958752968776 1.0
71.0 0.986958509486 1.0
5.0 1.00635357148 1.0
129.0 0.998496540788 1.0
95.0 0.994059578971 1.0
11.0 0.995521491013 1.0
66.0 1.02281928764 1.0
15.0 1.02544613222 1.0
135.0 0.995323741005 1.0
24.0 0.990451387156 1.0
68.0 1.00452169951 1.0
82.0 0.985357021753 1.0
179.0 1.01760297704 1.0
69.0 0.994492141458 1.0
object 44	1.0:1.0
172.0 6.87818022625 1.0
13.0 1.01493677982 1.0
159.0 -0.304946308947 1.0
49.0 1.00424242071 1.0
79.0 1.03836979382 1.0
190.0 -2.18988750367 1.0
142.0 1.15174707274 1.0
112.0 0.98319790467 1.0
42.0 0.972099268199 1.0
11.0 0.952896865639 1.0
81.0 1.02262451457 1.0
6.0 1.00924423072 1.0
124.0 1.02370902545 1.0
37.0 0.98170745346 1.0
180.0 0.923137336967 1.0
object 45	1.0:1.0
109.0 1.05089468865 1.0
177.0 0.294395677131 1.0
181.0 0.876120152686 1.0
195.0 8.23493608378 1.0
10.0 1.0198909232 1.0
199.0 0.0557034781606 1.0
13.0 0.966944661101 1.0
182.0 5.08716740216 1.0
64.0 0.995836833366 1.0
28.0 1.01269201527 1.0
60.0 1.00970667095 1.0
4.0 1.05179684148 1.0
170.0 2.24736295323 1.0
138.0 1.05378463043 1.0
151.0 3.17416199971 1.0
154.0 2.68456129614 1.0
object 46	1.0:1.0
47.0 0.985428165503 1.0
65.0 1.01366192801 1.0
172.0 -3.38110649836 1.0
133.0 1.00347871289 1.0
122.0 0.977601299174 1.0
33.0 0.98519336049 1.0
43.0 0.985660855714 1.0
56.0 1.06117697903 1.0
object 47	1.0:1.0
68.0 1.03345064872 1.0
30.0 1.05976221224 1.0
123.0 1.02319127764 1.0
150.0 -4.90048471785 1.0
39.0 1.00123710983 1.0
180.0 1.72518003288 1.0
23.0 0.995522971017 1.0
185.0 0.148465687343 1.0
129.0 1.0095034479 1.0
71.0 0.996069669988 1.0
4.0 1.02401798471 1.0
63.0 0.991313133536 1.0
77.0 1.01418960976 1.0
139.0 0.969722490771 1.0
174.0 0.905278696264 1.0
25.0 1.01146968995 1.0
object 48	1.0:1.0
134.0 1.0201731589 1.0
84.0 0.974862986514 1.0
16.0 1.01588325962 1.0
62.0 0.996310991108 1.0
152.0 -1.11811676902 1.0
97.0 0.978866332033 1.0
138.0 0.943356529994 1.0
73.0 0.951390259932 1.0
78.0 1.00215033704 1.0
198.0 2.33261094104 1.0
46.0 0.979040962795 1.0
22.0 1.02465459139 1.0
55.0 1.03233740619 1.0
147.0 -5.24341451542 1.0
61.0 1.03107856311 1.0
81.0 0.979180323601 1.0
103.0 0.973350374505 1.0
object 49	1.0:1.0
157.0 2.72410536692 1.0
71.0 0.993141231336 1.0
3.0 0.98855474571 1.0
14.0 0.980030869918 1.0
101.0 0.962953339342 1.0
147.0 5.27839088398 1.0
128.0 0.953697658149 1.0
48.0 1.03874492492 1.0
80.0 0.998170056637 1.0
0.0 0.948398988646 1.0
18.0 0.950546984411 1.0
object 50	1.0:0.5 4.35833498665:0.5
88.0 1.00382086414 0.0
109.0 4.46713997717 1.0
170.0 -3.7123387084 0.0
84.0 4.41977327398 1.0
24.0 4.34705431617 1.0
56.0 4.37667225858 1.0
45.0 0.97833713758 0.0
17.0 0.970310373514 0.0
101.0 4.38168457925 1.0
object 51	1.0:0.5 -15.0717261402:0.5
154.0 -10.1138719743 1.0
172.0 0.426180489729 0.0
109.0 0.946764953874 0.0
125.0 -15.1102074547 1.0
96.0 1.03034793494 0.0
186.0 -0.202526342879 0.0
71.0 1.04546513349 0.0
76.0 -15.0334831754 1.0
51.0 -15.0789465435 1.0
144.0 -6.21911006727 0.0
42.0 0.960092692387 0.0
139.0 1.01169834968 0.0
94.0 1.01313271609 0.0
65.0 -15.0124390761 1.0
136.0 -15.027611195 1.0
170.0 -15.5777770952 1.0
78.0 0.932469766229 0.0
141.0 -15.6510279681 1.0
object 52	1.0:0.5 -13.2718888136:0.5
132.0 -13.274364435 1.0
57.0 -13.2488980274 1.0
28.0 1.04628854034 0.0
83.0 -13.2707305941 1.0
111.0 -13.3155581144 1.0
16.0 -13.2785924091 1.0
6.0 0.952739486622 0.0
123.0 1.01950653344 0.0
89.0 -13.2224403422 1.0
32.0 1.09224964821 0.0
80.0 -13.2511675401 1.0
4.0 -13.3553321064 1.0
168.0 -10.4024022369 1.0
81.0 0.910178234881 0.0
101.0 0.965159779751 0.0
117.0 -13.2694573697 1.0
187.0 2.44646808799 0.0
69.0 0.986569724686 0.0
177.0 -17.8919133973 1.0
95.0 1.06780262297 0.0
object 53	1.0:0.5 0.572122507243:0.5
91.0 0.566122251106 1.0
34.0 0.593386703459 1.0
147.0 -3.03749920076 0.0
73.0 1.08983727656 0.0
83.0 0.916012916367 0.0
46.0 0.999048108612 0.0
169.0 2.40184314727 1.0
99.0 0.623608514062 1.0
128.0 1.03688946616 0.0
object 54	1.0:0.5 -22.612591005:0.5
81.0 0.9679577224 0.0
127.0 0.956673597512 0.0
130.0 0.978001699807 0.0
49.0 -22.5614012642 1.0
195.0 3.92192121734 0.0
35.0 -22.5774339825 1.0
159.0 3.44480708762 0.0
168.0 1.83430036524 0.0
199.0 -23.4512958172 1.0
175.0 -20.6298183403 1.0
198.0 -1.80922257288 0.0
71.0 0.989481704291 0.0
147.0 -16.7882902832 1.0
162.0 -22.2117209238 1.0
70.0 -22.6302956989 1.0
11.0 -22.664750658 1.0
185.0 -23.1400366838 1.0
102.0 -22.6234828447 1.0
140.0 -22.0248770633 1.0
101.0 -22.6577893923 1.0
13.0 0.989995311284 0.0
131.0 -22.5679337651 1.0
object 55	1.0:0.5 -5.22418657098:0.5
112.0 -5.23367359835 1.0
76.0 1.03637922323 0.0
79.0 1.00308007995 0.0
109.0 1.00571836905 0.0
108.0 -5.26359019199 1.0
70.0 -5.25043202817 1.0
81.0 1.01410952248 0.0
151.0 -5.2415217575 0.0
132.0 -5.2920779085 1.0
86.0 -5.18460992498 1.0
121.0 1.0346998419 0.0
37.0 -5.22003510821 1.0
35.0 1.04625051929 0.0
object 56	1.0:0.5 -8.29433925359:0.5
43.0 0.987217318931 0.0
88.0 1.00873948658 0.0
108.0 0.946980448049 0.0
194.0 -2.90833739269 0.0
37.0 -8.33174368469 1.0
116.0 0.946657363329 0.0
23.0 -8.31023639241 1.0
87.0 0.947070392919 0.0
163.0 1.85083045686 0.0
31.0 -8.20809232712 1.0
2.0 -8.2271666358 1.0
75.0 -8.32298954752 1.0
197.0 1.78650841925 0.0
object 57	1.0:0.5 -4.51573986194:0.5
115.0 0.98491942928 0.0
177.0 -2.50558784623 1.0
152.0 -2.36624325088 0.0
157.0 0.467317310847 0.0
125.0 0.940536307158 0.0
31.0 1.11861775006 0.0
8.0 -4.43610078304 1.0
82.0 0.951024117077 0.0
145.0 -1.77253859296 1.0
52.0 1.08494927057 0.0
62.0 -4.51950872482 1.0
106.0 1.07639352917 0.0
113.0 0.939824073478 0.0
124.0 -4.50463231821 1.0
135.0 1.08850720424 0.0
51.0 -4.59215681522 1.0
object 58	1.0:0.5 -5.40034894977:0.5
100.0 1.04243474784 0.0
130.0 1.01517472829 0.0
24.0 -5.34229472993 1.0
134.0 0.96108610166 0.0
165.0 -2.17904996434 1.0
61.0 1.02173758508 0.0
58.0 1.07910878949 0.0
94.0 0.976041628803 0.0
70.0 1.02917306776 0.0
111.0 1.00986790079 0.0
50.0 1.01020395316 0.0
190.0 -10.666375292 1.0
17.0 0.938929532884 0.0
object 59	1.0:0.5 11.6671792405:0.5
120.0 11.6790643478 1.0
117.0 1.04214214506 0.0
99.0 0.991437717736 0.0
94.0 0.931918489612 0.0
64.0 11.6657796799 1.0
17.0 1.00399657358 0.0
43.0 11.6397776273 1.0
61.0 11.6030534236 1.0
32.0 1.01812316979 0.0
194.0 6.53555884355 0.0
0.0 11.7044538641 1.0
139.0 11.7295000863 1.0
60.0 0.973877970029 0.0
object 60	1.0:0.5 -1.87108799454:0.5
75.0 1.00224577437 0.0
121.0 1.04947683759 0.0
49.0 0.948294381183 0.0
63.0 1.05096989818 0.0
85.0 1.06205914531 0.0
6.0 1.02837625234 0.0
32.0 1.0291180176 0.0
181.0 -1.82557330745 1.0
30.0 -1.9509222083 1.0
150.0 -5.40670024207 1.0
22.0 0.998545781656 0.0
185.0 -2.60808779634 1.0
179.0 -2.13977705177 1.0
object 61	1.0:0.5 -0.10600171712:0.5
43.0 1.05357030276 0.0
170.0 -0.113387550908 0.0
158.0 -5.89145118158 1.0
77.0 0.980253766759 0.0
183.0 1.58136820582 0.0
197.0 1.30106869305 0.0
51.0 -0.0492188923945 1.0
122.0 1.0358746818 0.0
184.0 1.92560506804 1.0
78.0 1.01381791886 0.0
73.0 0.994211700173 0.0
110.0 1.04639456379 0.0
82.0 -0.172688239788 1.0
40.0 0.981142752073 0.0
56.0 0.994434476565 0.0
121.0 0.955014846629 0.0
44.0 -0.128317297801 1.0
107.0 -0.119934870249 1.0
190.0 -1.90674272969 0.0
object 62	1.0:0.5 8.19861887879:0.5
70.0 8.26418302344 1.0
149.0 8.56274228062 1.0
127.0 8.17344050353 1.0
130.0 1.03349976005 0.0
39.0 0.948295331828 0.0
156.0 2.58853562573 1.0
124.0 1.0608915353 0.0
90.0 0.960488481998 0.0
146.0 0.209282598428 0.0
79.0 0.932597502134 0.0
172.0 11.5886925798 1.0
77.0 8.15227240868 1.0
189.0 -1.95807254629 0.0
138.0 0.968749380177 0.0
25.0 0.958428936002 0.0
112.0 1.05294273107 0.0
136.0 8.26892640375 1.0
123.0 0.93725113825 0.0
object 63	1.0:0.5 -23.135657855:0.5
66.0 0.930742839892 0.0
135.0 1.03061698422 0.0
24.0 -23.0744846641 1.0
47.0 -23.1862519489 1.0
81.0 0.950428146537 0.0
30.0 -23.1975859453 1.0
52.0 0.936307340138 0.0
28.0 0.922552061197 0.0
175.0 -26.8897079773 1.0
41.0 0.940930767322 0.0
93.0 -23.114056318 1.0
114.0 -23.1472595508 1.0
95.0 0.92277981204 0.0
151.0 -24.6332244934 1.0
7.0 -23.1706294244 1.0
14.0 1.05216859712 0.0
29.0 -23.1512584622 1.0
17.0 1.14368425313 0.0
126.0 -23.0752518984 1.0
70.0 1.08073937134 0.0
35.0 -23.1489622245 1.0
164.0 -4.18040129123 0.0
103.0 1.05038370882 0.0
object 64	1.0:0.5 -5.80186028319:0.5
109.0 1.01676938344 0.0
173.0 2.67469530883 0.0
34.0 -5.71694802641 1.0
102.0 1.03961262371 0.0
149.0 -6.01253063566 1.0
197.0 -8.67648765035 1.0
179.0 -9.43937922959 1.0
169.0 3.17280532315 0.0
136.0 -5.81299772665 1.0
90.0 1.0151631131 0.0
15.0 1.03666173117 0.0
116.0 0.931641123483 0.0
8.0 1.02916139938 0.0
object 65	1.0:0.5 4.04708386294:0.5
196.0 -0.726016124378 0.0
56.0 4.08546149749 1.0
19.0 3.96594083976 1.0
184.0 3.91915648121 1.0
16.0 4.08677504792 1.0
21.0 4.0496854761 1.0
175.0 2.91298527904 0.0
63.0 4.11487621296 1.0
135.0 0.930305128086 0.0
156.0 9.95350601687 1.0
164.0 -0.595893859169 0.0
47.0 1.13408267201 0.0
112.0 0.951268975376 0.0
183.0 1.48019116791 0.0
41.0 4.0691341723 1.0
139.0 4.08698274515 1.0
95.0 0.931899067827 0.0
object 66	1.0:0.5 -4.73570307993:0.5
118.0 0.882238666964 0.0
40.0 -4.71199462337 1.0
5.0 -4.71218059029 1.0
75.0 -4.75375920243 1.0
90.0 0.932174838019 0.0
131.0 -4.76412432176 1.0
9.0 0.992380306189 0.0
166.0 4.40700403911 0.0
179.0 3.64042455021 0.0
34.0 1.05051043471 0.0
51.0 -4.67545326464 1.0
195.0 -2.75812421158 1.0
105.0 -4.73664005284 1.0
29.0 0.992498561482 0.0
68.0 0.952190867424 0.0
24.0 0.973851299372 0.0
6.0 0.91599584446 0.0
146.0 3.36752121923 0.0
46.0 -4.76777874853 1.0
object 67	1.0:0.5 8.18402446915:0.5
26.0 8.13445979817 1.0
113.0 1.01334105125 0.0
22.0 1.02791512817 0.0
144.0 -0.577279506179 0.0
188.0 -0.223107629024 0.0
185.0 0.890545419756 0.0
15.0 8.14681571442 1.0
117.0 1.04459478921 0.0
107.0 8.20421190813 1.0
16.0 8.21920200949 1.0
146.0 2.12714319045 0.0
106.0 8.16998060615 1.0
125.0 8.1609140399 1.0
186.0 8.56096394512 1.0
120.0 8.18699365571 1.0
23.0 8.10358836906 1.0
object 68	1.0:0.5 -7.89667433875:0.5
64.0 -7.84208153283 1.0
95.0 -7.91310652944 1.0
14.0 -7.87802052635 1.0
77.0 -7.9022302718 1.0
145.0 -11.9205055965 1.0
0.0 -7.88864009706 1.0
13.0 -7.72498823975 1.0
131.0 -7.91333078088 1.0
81.0 -8.00919642959 1.0
74.0 1.07319538231 0.0
150.0 -6.87819500044 1.0
32.0 -7.776052742 1.0
116.0 -7.91675490921 1.0
190.0 -9.05281599372 1.0
121.0 1.05117798194 0.0
139.0 1.1064135405 0.0
39.0 1.07690322332 0.0
34.0 -7.84486566787 1.0
191.0 0.63097443472 0.0
54.0 -7.94723457744 1.0
object 69	1.0:0.5 3.13093187149:0.5
46.0 3.13968390461 1.0
128.0 0.955230122452 0.0
84.0 3.21080801393 1.0
121.0 0.983416785188 0.0
34.0 1.03715813829 0.0
182.0 -6.80241621393 0.0
127.0 3.06214662674 1.0
129.0 1.08537999592 0.0
93.0 3.15035270839 1.0
140.0 2.14210281648 1.0
125.0 1.03813853105 0.0
105.0 1.00097517181 0.0
95.0 1.00651109728 0.0
198.0 -0.880659240456 0.0
object 70	1.0:0.5 -2.71319345887:0.5
133.0 -2.72928267773 1.0
63.0 0.96346017876 0.0
54.0 -2.7049938326 1.0
48.0 0.931530490321 0.0
7.0 -2.77252611033 1.0
149.0 2.8016635053 1.0
3.0 -2.6377549912 1.0
119.0 1.13523478763 0.0
21.0 -2.75144971046 1.0
186.0 1.72050152585 0.0
198.0 -4.32898483251 1.0
19.0 1.06708003134 0.0
122.0 0.938443449548 0.0
33.0 -2.72339290505 1.0
184.0 -0.538565400567 1.0
object 71	1.0:0.5 8.03643279752:0.5
157.0 -0.17043938106 0.0
197.0 10.6440001283 1.0
87.0 7.98371153994 1.0
70.0 8.08372345411 1.0
192.0 8.36793636588 1.0
196.0 4.18084123008 1.0
120.0 8.01394114151 1.0
138.0 8.03475970122 1.0
176.0 1.41785065455 1.0
143.0 1.6228355257 0.0
109.0 0.948876417759 0.0
199.0 13.2033052068 1.0
object 72	1.0:0.5 7.99464170722:0.5
78.0 7.96062169191 1.0
164.0 10.0999384922 1.0
113.0 8.08063820273 1.0
153.0 0.327935504625 0.0
22.0 7.98714915551 1.0
2.0 8.10108746108 1.0
90.0 1.01345576237 0.0
180.0 9.48878962273 1.0
43.0 1.0337052467 0.0
16.0 7.94226175815 1.0
50.0 7.99946636366 1.0
73.0 8.01826098741 1.0
34.0 0.893433848866 0.0
100.0 1.04823752361 0.0
154.0 8.66665928504 1.0
object 73	1.0:0.5 -1.4322280768:0.5
99.0 1.01387774336 0.0
118.0 -1.42184408146 1.0
73.0 0.928028101804 0.0
88.0 1.00570123881 0.0
35.0 -1.38612503841 1.0
157.0 1.30052253573 0.0
138.0 0.92364448681 0.0
194.0 -5.05660105798 0.0
185.0 0.0845636746681 0.0
171.0 0.581163098473 0.0
152.0 -0.0281557954059 0.0
190.0 2.07584273552 0.0
32.0 -1.49524726025 1.0
159.0 -9.22854834757 1.0
6.0 0.999678283299 0.0
object 74	1.0:0.5 10.5281866182:0.5
128.0 0.916137247291 0.0
45.0 10.5330487499 1.0
122.0 10.5105127414 1.0
126.0 10.4906545722 1.0
23.0 0.945250189156 0.0
86.0 1.00828253209 0.0
118.0 10.4833141338 1.0
78.0 10.5391440172 1.0
92.0 10.5356399843 1.0
133.0 1.01210934463 0.0
44.0 1.0037238042 0.0
192.0 -2.35005399158 0.0
196.0 10.9417636475 1.0
object 75	1.0:0.5 -0.93227279708:0.5
168.0 -6.04179653955 1.0
172.0 3.44427503444 1.0
98.0 -0.881932267533 1.0
31.0 -0.881428181714 1.0
197.0 1.26391936832 0.0
185.0 1.11650846964 0.0
119.0 -0.9519124098 1.0
173.0 2.85036655718 0.0
61.0 -0.869871288249 1.0
128.0 1.08563027241 0.0
19.0 -0.917337312462 1.0
94.0 0.964079723125 0.0
object 76	1.0:0.5 -1.59857144568:0.5
188.0 -0.0603591326515 0.0
31.0 -1.56564707397 1.0
147.0 3.89211936093 0.0
134.0 1.02322034547 0.0
160.0 -1.67024396046 1.0
178.0 2.86632498935 0.0
145.0 1.53869670311 0.0
36.0 -1.54140707603 1.0
23.0 -1.5549378439 1.0
61.0 1.03516835717 0.0
object 77	1.0:0.5 5.3702355314:0.5
87.0 1.05377929858 0.0
48.0 5.33516916559 1.0
175.0 4.90476021575 1.0
143.0 2.63759280637 0.0
71.0 5.36913436893 1.0
31.0 1.04553416342 0.0
151.0 1.63370227518 1.0
4.0 5.44230467764 1.0
171.0 -1.00799986365 0.0
179.0 1.53763122725 0.0
131.0 5.35482170516 1.0
170.0 3.75147446717 1.0
92.0 5.44025698753 1.0
100.0 5.35984189034 1.0
29.0 1.03489712086 0.0
85.0 5.33758565678 1.0
15.0 5.37337953017 1.0
object 78	1.0:0.5 5.43539365746:0.5
74.0 0.991693900357 0.0
30.0 1.04801109172 0.0
132.0 1.06485388169 0.0
196.0 -0.293506065621 0.0
164.0 4.78660722053 1.0
76.0 5.39521266255 1.0
37.0 0.964614483228 0.0
11.0 5.47451979892 1.0
170.0 -5.97160872114 0.0
72.0 5.44635132655 1.0
26.0 0.987744898194 0.0
49.0 1.05389546645 0.0
138.0 5.40171704868 1.0
23.0 0.981834806522 0.0
161.0 2.33633829961 0.0
object 79	1.0:0.5 -0.120072988985:0.5
156.0 -6.31798398218 1.0
6.0 -0.178618926103 1.0
55.0 -0.112316714461 1.0
33.0 -0.0215608142538 1.0
52.0 1.05358634302 0.0
78.0 -0.127727493999 1.0
35.0 0.965667477864 0.0
104.0 1.07824523372 0.0
59.0 0.953032377276 0.0
134.0 -0.0799063096121 1.0
38.0 -0.169192059554 1.0
145.0 1.38690959594 0.0
8.0 -0.100405313324 1.0
32.0 0.969868500592 0.0
117.0 1.00074020566 0.0
180.0 1.69903714523 0.0
118.0 -0.0459803963072 1.0
17.0 -0.14607205044 1.0
66.0 -0.12126321262 1.0
133.0 -0.0756008069426 1.0
15.0 -0.151763417874 1.0
12.0 0.978855013243 0.0
56.0 -0.1244141785 1.0
139.0 0.916677739668 0.0
object 80	1.0:0.5 -9.89358175591:0.5
63.0 1.01555874424 0.0
50.0 0.929317350417 0.0
132.0 0.96849341884 0.0
89.0 1.00670129203 0.0
171.0 -10.7896921358 1.0
166.0 -9.85941923715 1.0
16.0 -9.86234911436 1.0
195.0 -4.14591924394 1.0
81.0 -9.9529193936 1.0
19.0 -9.84251532441 1.0
35.0 0.985288214271 0.0
53.0 0.998282480288 0.0
object 81	1.0:0.5 -7.9856236962:0.5
172.0 -12.6694016602 1.0
132.0 -7.94959270572 1.0
93.0 -7.95791486434 1.0
122.0 0.965432913622 0.0
112.0 -8.0206068166 1.0
47.0 -7.98751886367 1.0
52.0 -7.92106673849 1.0
104.0 0.993463738791 0.0
192.0 -8.33458343748 1.0
161.0 -8.69296893703 1.0
12.0 -7.9002960113 1.0
83.0 -8.06661902889 1.0
97.0 1.04385479271 0.0
181.0 -4.84357464172 1.0
object 82	1.0:0.5 9.03972535505:0.5
70.0 9.02463726014 1.0
12.0 8.98602406034 1.0
136.0 0.995160341396 0.0
166.0 7.12402185284 1.0
100.0 9.01118363646 1.0
74.0 9.06730389265 1.0
89.0 9.0288359212 1.0
135.0 9.09682552981 1.0
17.0 1.01747829348 0.0
105.0 0.936189766259 0.0
120.0 1.04555807777 0.0
80.0 9.00739164201 1.0
171.0 8.20733834597 1.0
101.0 9.07067449351 1.0
object 83	1.0:0.5 6.92979027166:0.5
139.0 1.03858640601 0.0
188.0 -2.77357257239 0.0
97.0 0.925438310257 0.0
140.0 3.25777460489 1.0
71.0 1.0121027829 0.0
93.0 0.962965416804 0.0
44.0 0.974442746749 0.0
30.0 1.03193224097 0.0
80.0 6.92171161193 1.0
143.0 8.80836129382 1.0
176.0 16.7075519258 1.0
object 84	1.0:0.5 14.2184745326:0.5
164.0 15.4838255794 1.0
110.0 14.2472552738 1.0
78.0 14.2313985013 1.0
150.0 4.98908692575 0.0
7.0 14.2127964432 1.0
71.0 14.2281844491 1.0
157.0 0.585774620078 0.0
147.0 5.5822056771 0.0
93.0 14.2449240982 1.0
129.0 0.971658424701 0.0
97.0 14.3274986954 1.0
141.0 -1.01237377235 0.0
27.0 14.238137116 1.0
159.0 11.1858221864 1.0
object 85	1.0:0.5 6.4227288094:0.5
103.0 6.3675323052 1.0
109.0 6.40847537622 1.0
145.0 3.78186329792 1.0
123.0 6.47948367916 1.0
2.0 1.01867232029 0.0
162.0 -2.37784940851 0.0
154.0 0.968776197189 0.0
40.0 6.36053601788 1.0
117.0 6.37716838338 1.0
8.0 6.49679504763 1.0
32.0 1.0190099003 0.0
72.0 0.916136803486 0.0
object 86	1.0:0.5 -18.0787911471:0.5
122.0 0.954387646154 0.0
159.0 -19.5252940387 1.0
175.0 0.544076829153 0.0
158.0 3.14401968053 0.0
37.0 0.984355023847 0.0
102.0 -18.110029641 1.0
161.0 3.00379191381 0.0
22.0 -18.041585565 1.0
60.0 -18.0811671065 1.0
142.0 -25.7179552847 1.0
83.0 -18.0702071747 1.0
197.0 -10.8150482685 1.0
141.0 0.605136494687 0.0
84.0 -18.1167722571 1.0
object 87	1.0:0.5 -5.92761573442:0.5
29.0 -5.95852720778 1.0
130.0 1.00586498477 0.0
144.0 3.87017290452 0.0
65.0 0.978948622525 0.0
143.0 -0.166185878674 1.0
172.0 -10.4928266462 1.0
189.0 -8.1665894338 1.0
170.0 4.28369255985 0.0
object 88	1.0:0.5 -8.73310484286:0.5
119.0 -8.76267040887 1.0
73.0 1.01131406714 0.0
56.0 -8.64168067378 1.0
170.0 -3.57576021292 1.0
10.0 1.01365681424 0.0
172.0 3.6207851266 0.0
106.0 1.01164479296 0.0
182.0 -0.694544183784 0.0
object 89	1.0:0.5 21.1857799247:0.5
149.0 -3.04208333173 0.0
129.0 1.00355915269 0.0
93.0 21.1385283036 1.0
189.0 -1.19965997518 0.0
83.0 21.1433883153 1.0
2.0 21.1592376159 1.0
50.0 1.07091951215 0.0
174.0 1.33206954833 0.0
146.0 20.4177138151 1.0
191.0 21.5861670563 1.0
79.0 21.1313164125 1.0
110.0 21.2362067165 1.0
40.0 0.92226679908 0.0
122.0 21.2384794066 1.0
117.0 1.000385107 0.0
161.0 22.0496153528 1.0
57.0 21.2760552262 1.0
object 90	1.0:0.5 7.84246625197:0.5
130.0 0.989133688994 0.0
117.0 7.8366415985 1.0
17.0 1.06555566986 0.0
128.0 1.06386806658 0.0
192.0 9.56308454721 1.0
67.0 1.0010877327 0.0
96.0 7.80783236316 1.0
12.0 1.04388535718 0.0
9.0 7.85063756619 1.0
22.0 7.88059150217 1.0
122.0 7.85085785777 1.0
77.0 7.90278902563 1.0
153.0 7.87288019546 1.0
81.0 7.77990992292 1.0
120.0 0.987513967178 0.0
62.0 0.954506320433 0.0
105.0 7.82985994064 1.0
165.0 7.93865085665 1.0
object 91	1.0:0.5 1.42697180542:0.5
13.0 1.42778273853 1.0
94.0 1.44705596499 1.0
86.0 1.03305598219 0.0
194.0 -5.37449142013 0.0
87.0 1.44627436614 1.0
23.0 1.49604161555 1.0
173.0 1.98709296925 1.0
33.0 0.990873862805 0.0
123.0 1.45771390517 1.0
59.0 1.03997843136 0.0
163.0 1.64883298876 0.0
198.0 1.18900640656 1.0
178.0 -0.360968644493 0.0
6.0 0.949398702561 0.0
30.0 0.999343993108 0.0
55.0 1.05835418119 0.0
51.0 1.47019706183 1.0
67.0 0.94757866757 0.0
object 92	1.0:0.5 -6.48119349252:0.5
14.0 0.981418431864 0.0
75.0 -6.64591628771 1.0
134.0 0.993034201141 0.0
13.0 1.01152598159 0.0
95.0 0.97500029655 0.0
41.0 -6.5533198937 1.0
84.0 1.05993332729 0.0
22.0 1.00504992998 0.0
96.0 -6.45762234626 1.0
111.0 -6.41124258794 1.0
128.0 -6.54359614868 1.0
168.0 -3.69176966883 0.0
133.0 1.01833471286 0.0
131.0 -6.54593815479 1.0
166.0 -8.88030716888 1.0
115.0 0.943955256121 0.0
5.0 0.973567405095 0.0
104.0 -6.46948769398 1.0
object 93	1.0:0.5 -13.04249108:0.5
47.0 0.983883990408 0.0
127.0 -13.036600597 1.0
133.0 -13.0102044771 1.0
7.0 -13.0892937713 1.0
134.0 -13.0210596767 1.0
153.0 -13.8148377848 1.0
9.0 0.960160594601 0.0
123.0 1.07812279843 0.0
48.0 -13.1061401611 1.0
58.0 -13.0660989222 1.0
150.0 -1.65072970858 0.0
103.0 -13.0716143888 1.0
object 94	1.0:0.5 -4.45572656508:0.5
141.0 3.62641947617 0.0
57.0 1.02143178858 0.0
162.0 -5.50345080382 1.0
49.0 1.01336888108 0.0
125.0 1.00538117337 0.0
45.0 -4.42100289475 1.0
139.0 -4.51633899649 1.0
35.0 -4.39028961896 1.0
87.0 -4.43145090764 1.0
140.0 0.732810767336 0.0
166.0 3.60731030823 0.0
94.0 -4.49351345842 1.0
182.0 0.696945305992 0.0
156.0 -1.18807793154 1.0
object 95	1.0:0.5 0.656193704138:0.5
111.0 0.642078325627 1.0
22.0 0.63011894359 1.0
51.0 0.619436219076 1.0
155.0 0.995835022337 0.0
144.0 7.70778200971 0.0
161.0 -0.023683316041 1.0
177.0 3.18339820187 1.0
196.0 2.65424240159 1.0
76.0 1.05095470416 0.0
141.0 -0.465260210163 0.0
68.0 1.01766439149 0.0
170.0 5.63432528095 0.0
179.0 7.08106815748 0.0
175.0 1.15955842343 1.0
object 96	1.0:0.5 1.20530935612:0.5
185.0 0.449613620064 0.0
108.0 1.14572221595 1.0
40.0 1.18569487257 1.0
46.0 1.14195769133 1.0
90.0 1.27167752451 1.0
174.0 -0.602173653707 0.0
127.0 1.02387527968 0.0
60.0 0.999136171882 0.0
168.0 4.08450876115 1.0
191.0 1.83622375019 0.0
115.0 1.30121855388 1.0
54.0 1.23904576706 1.0
20.0 1.08436341584 0.0
110.0 0.97730317441 0.0
188.0 4.14484770973 1.0
146.0 3.07535801021 1.0
6.0 1.20558926384 1.0
object 97	1.0:0.5 10.1125191247:0.5
13.0 0.934012890642 0.0
26.0 10.1007935348 1.0
38.0 10.1086496186 1.0
74.0 1.00677354089 0.0
109.0 1.0156759136 0.0
185.0 8.60264036017 1.0
179.0 1.54300579667 0.0
82.0 1.04793802874 0.0
150.0 9.98800595324 1.0
2.0 10.0285965231 1.0
148.0 -2.29265626261 0.0
192.0 11.8470503614 1.0
129.0 0.984438643503 0.0
object 98	1.0:0.5 -5.15074489186:0.5
197.0 -1.85801047278 1.0
151.0 -5.38247304751 0.0
108.0 -5.13591162492 1.0
188.0 -5.86631947663 1.0
23.0 1.05383983726 0.0
178.0 -2.04747343111 0.0
94.0 1.0066410167 0.0
86.0 0.981385809483 0.0
73.0 1.10131463645 0.0
163.0 -0.678324731876 0.0
6.0 1.0400468122 0.0
103.0 -5.20013373686 1.0
31.0 -5.14232329882 1.0
2.0 1.0308681476 0.0
125.0 -5.18760012745 1.0
49.0 1.00965120081 0.0
153.0 -1.10357548542 1.0
32.0 1.00634909297 0.0
17.0 -5.15911339409 1.0
15.0 -5.12773100372 1.0
object 99	1.0:0.5 15.6719534119:0.5
49.0 1.00420094701 0.0
82.0 15.7757300715 1.0
172.0 0.543801673875 0.0
91.0 15.6993551431 1.0
42.0 1.01638214422 0.0
31.0 1.02490738563 0.0
100.0 0.935810782847 0.0
92.0 15.6101715889 1.0
131.0 15.677608746 1.0
184.0 16.4871191701 1.0
74.0 0.942033483748 0.0
197.0 -3.79223213528 0.0
