object 0	1.0:1.0
141.0 0.992803729466 1.0
156.0 1.01880042688 1.0
183.0 -0.198831575381 1.0
199.0 -1.59089175347 1.0
73.0 0.976889873021 1.0
22.0 1.0233462302 1.0
72.0 1.00919218258 1.0
object 1	1.0:1.0
28.0 0.998091493641 1.0
167.0 0.991478457771 1.0
object 2	1.0:1.0
19.0 1.031912414 1.0
24.0 1.04121498344 1.0
106.0 1.03765285095 1.0
130.0 1.00601005529 1.0
object 3	1.0:1.0
60.0 1.01187904433 1.0
146.0 1.03362347537 1.0
67.0 1.03345988921 1.0
190.0 2.96652914114 1.0
169.0 0.961997635706 1.0
object 4	1.0:1.0
131.0 0.989121337477 1.0
116.0 0.987088039254 1.0
object 5	1.0:1.0
188.0 -3.27354398642 1.0
155.0 0.993525948386 1.0
110.0 0.988886840977 1.0
19.0 0.983973087609 1.0
4.0 1.01178140348 1.0
192.0 0.0626689447379 1.0
object 6	1.0:1.0
129.0 1.02775249851 1.0
184.0 2.7762468087 1.0
110.0 1.0093925173 1.0
108.0 0.966434893238 1.0
181.0 0.0800081955117 1.0
14.0 0.906248626708 1.0
object 7	1.0:1.0
198.0 3.07142694048 1.0
181.0 5.79032682926 1.0
188.0 -5.69696145608 1.0
180.0 -3.28964176984 1.0
object 8	1.0:1.0
5.0 0.964183691183 1.0
127.0 1.00743431832 1.0
79.0 1.05255850979 1.0
31.0 0.965169256012 1.0
69.0 1.01786437834 1.0
159.0 1.02273869929 1.0
152.0 0.987527075134 1.0
51.0 0.990139598836 1.0
72.0 0.981220889547 1.0
77.0 1.0289344727 1.0
64.0 0.956822075318 1.0
67.0 0.986580379278 1.0
object 9	1.0:1.0
113.0 0.987714073872 1.0
85.0 1.03967841537 1.0
165.0 1.00081167486 1.0
38.0 0.988209319915 1.0
138.0 1.05427157895 1.0
4.0 1.00740004639 1.0
16.0 0.987015566886 1.0
67.0 0.99713383478 1.0
object 10	1.0:1.0
121.0 1.01978209219 1.0
1.0 0.983547280153 1.0
29.0 0.959729194381 1.0
192.0 3.03429190841 1.0
78.0 1.01226082306 1.0
70.0 0.986951809706 1.0
8.0 0.940680817444 1.0
object 11	1.0:1.0
162.0 0.977631226469 1.0
122.0 1.07313887981 1.0
121.0 0.983713161033 1.0
115.0 1.02475478108 1.0
126.0 0.984356364584 1.0
146.0 0.966078002622 1.0
53.0 0.966379083484 1.0
object 12	1.0:1.0
137.0 1.0343109969 1.0
0.0 1.01128640267 1.0
135.0 0.995943080328 1.0
16.0 0.999011244515 1.0
object 13	1.0:1.0
5.0 1.01520221574 1.0
95.0 0.980317074298 1.0
17.0 1.0605739946 1.0
13.0 0.984375731389 1.0
object 14	1.0:1.0
193.0 4.78511670851 1.0
101.0 0.993294374623 1.0
object 15	1.0:1.0
84.0 1.00323358384 1.0
148.0 0.997624610672 1.0
82.0 0.943158068968 1.0
136.0 0.983232384031 1.0
18.0 0.998068637451 1.0
188.0 0.865603052078 1.0
object 16	1.0:1.0
64.0 1.00145121116 1.0
93.0 0.985664551253 1.0
122.0 0.92816413461 1.0
28.0 0.988781239223 1.0
100.0 1.0382009836 1.0
91.0 1.0205447999 1.0
object 17	1.0:1.0
58.0 0.964630478693 1.0
7.0 1.00680518771 1.0
27.0 0.980871499121 1.0
30.0 1.00618097589 1.0
37.0 1.00614537735 1.0
48.0 0.921861480408 1.0
38.0 1.0069166803 1.0
object 18	1.0:1.0
162.0 0.971239339047 1.0
73.0 1.00300853344 1.0
190.0 -0.645140060942 1.0
187.0 5.61214448023 1.0
122.0 1.00290438301 1.0
object 19	1.0:1.0
185.0 4.41659442005 1.0
83.0 1.03609001059 1.0
147.0 1.02679229433 1.0
31.0 0.924264523179 1.0
151.0 0.926049871301 1.0
object 20	1.0:1.0
55.0 1.00575214968 1.0
36.0 0.970191381802 1.0
175.0 0.961398494355 1.0
144.0 0.948434338758 1.0
150.0 0.952831272997 1.0
178.0 1.02976836142 1.0
object 21	1.0:1.0
174.0 0.981486004893 1.0
199.0 0.68734284505 1.0
object 22	1.0:1.0
66.0 0.994358613867 1.0
49.0 1.00623707721 1.0
42.0 1.01290065288 1.0
153.0 1.0125993005 1.0
168.0 0.963902562349 1.0
33.0 0.998173715597 1.0
object 23	1.0:1.0
100.0 0.999861467711 1.0
194.0 0.923971062594 1.0
172.0 1.01175294351 1.0
101.0 1.04248719602 1.0
134.0 1.05283356396 1.0
object 24	1.0:1.0
9.0 0.975874064491 1.0
173.0 0.982593815087 1.0
88.0 0.994580606411 1.0
10.0 1.02248468182 1.0
43.0 1.04293464636 1.0
112.0 0.988658012868 1.0
136.0 0.993219553202 1.0
47.0 0.92903306622 1.0
32.0 1.00913037855 1.0
object 25	1.0:1.0
92.0 0.976908038531 1.0
24.0 1.02889618271 1.0
197.0 0.203357201748 1.0
135.0 1.00578412545 1.0
object 26	1.0:1.0
63.0 1.01537070261 1.0
116.0 1.0411559281 1.0
122.0 1.00559615516 1.0
29.0 1.03231817993 1.0
132.0 0.989105486914 1.0
123.0 0.999184821373 1.0
object 27	1.0:1.0
113.0 0.994448296593 1.0
178.0 1.02537719595 1.0
object 28	1.0:1.0
131.0 0.957141298939 1.0
149.0 1.01150150828 1.0
42.0 1.00543300327 1.0
180.0 4.27108327945 1.0
74.0 1.01640716732 1.0
67.0 0.9649763015 1.0
object 29	1.0:1.0
49.0 1.01982602839 1.0
23.0 1.03075965439 1.0
165.0 1.00244195959 1.0
166.0 1.0028133257 1.0
73.0 1.01413220676 1.0
127.0 0.991936322512 1.0
72.0 0.994906389743 1.0
161.0 0.998001476468 1.0
15.0 0.969983724031 1.0
object 30	1.0:1.0
157.0 0.974771004295 1.0
80.0 0.996151950717 1.0
159.0 1.00331758932 1.0
40.0 0.981767397882 1.0
87.0 1.01571515925 1.0
49.0 0.990625321222 1.0
object 31	1.0:1.0
105.0 0.982838335653 1.0
13.0 0.971628786457 1.0
91.0 1.03330288622 1.0
124.0 0.974852997702 1.0
34.0 1.01573224201 1.0
object 32	1.0:1.0
118.0 0.984072630259 1.0
137.0 0.998408552248 1.0
68.0 1.00050826099 1.0
105.0 0.984447177957 1.0
54.0 0.907184127476 1.0
166.0 0.9891473335 1.0
53.0 1.00879711831 1.0
146.0 1.13690784188 1.0
object 33	1.0:1.0
156.0 0.99510135255 1.0
182.0 -1.35982471156 1.0
64.0 1.02617995162 1.0
47.0 0.945143935741 1.0
42.0 0.97927221427 1.0
69.0 1.00838568134 1.0
83.0 0.973865918435 1.0
81.0 0.992866234092 1.0
object 34	1.0:1.0
113.0 1.04734938806 1.0
83.0 1.00653250296 1.0
122.0 1.04139941873 1.0
object 35	1.0:1.0
63.0 1.00613093487 1.0
59.0 1.0011849826 1.0
85.0 1.02074434947 1.0
object 36	1.0:1.0
186.0 4.91391843274 1.0
142.0 0.984982491617 1.0
123.0 0.992364443716 1.0
92.0 0.932826082503 1.0
object 37	1.0:1.0
12.0 1.03030314617 1.0
189.0 0.229641674993 1.0
172.0 0.973606971726 1.0
135.0 0.996677652654 1.0
object 38	1.0:1.0
53.0 1.00319036387 1.0
112.0 1.00132868393 1.0
76.0 1.05174714337 1.0
195.0 3.16564333058 1.0
73.0 1.00231147384 1.0
192.0 3.2222968053 1.0
1.0 0.988831828243 1.0
object 39	1.0:1.0
37.0 1.01016263983 1.0
88.0 1.00496598207 1.0
50.0 0.948911011854 1.0
145.0 1.03618101981 1.0
139.0 1.00883089074 1.0
object 40	1.0:1.0
79.0 1.07015053538 1.0
43.0 0.973967397588 1.0
58.0 0.945396049715 1.0
92.0 1.03862148434 1.0
object 41	1.0:1.0
186.0 1.33967775222 1.0
149.0 0.992464946209 1.0
36.0 1.00699260279 1.0
158.0 0.962661574037 1.0
58.0 1.01380680316 1.0
94.0 1.02891376668 1.0
98.0 1.00232373165 1.0
47.0 0.988745725668 1.0
object 42	1.0:1.0
89.0 0.972559072375 1.0
26.0 1.00129118464 1.0
12.0 1.03713935638 1.0
116.0 1.00712211335 1.0
object 43	1.0:1.0
38.0 1.01330693037 1.0
1.0 0.999605290136 1.0
108.0 1.00734839771 1.0
24.0 0.977649031505 1.0
164.0 0.955832774228 1.0
object 44	1.0:1.0
190.0 -4.86282642715 1.0
143.0 1.00565156205 1.0
106.0 0.961841610948 1.0
68.0 1.00998282029 1.0
95.0 0.974522545382 1.0
81.0 0.98707358604 1.0
object 45	1.0:1.0
182.0 -0.715038091933 1.0
92.0 0.985082384434 1.0
object 46	1.0:1.0
28.0 0.97295136337 1.0
10.0 1.03212665582 1.0
140.0 1.02361956797 1.0
84.0 0.969986676747 1.0
52.0 1.00633134735 1.0
object 47	1.0:1.0
130.0 1.01466064341 1.0
116.0 1.02492655696 1.0
43.0 1.03434701922 1.0
92.0 1.03191476286 1.0
58.0 1.01788567078 1.0
106.0 0.996545268188 1.0
object 48	1.0:1.0
24.0 0.98626225907 1.0
132.0 1.03871130957 1.0
112.0 1.00167749874 1.0
89.0 1.00910116947 1.0
151.0 0.972042006767 1.0
103.0 0.95936419756 1.0
86.0 1.02010920331 1.0
object 49	1.0:1.0
58.0 1.0019874663 1.0
116.0 1.00705762655 1.0
111.0 1.0545608031 1.0
108.0 0.98599660986 1.0
122.0 0.977324757604 1.0
object 50	1.0:1.0
127.0 0.990036858963 1.0
114.0 0.992912672583 1.0
90.0 0.945540091827 1.0
object 51	1.0:1.0
171.0 1.00918290981 1.0
161.0 0.986038497697 1.0
124.0 0.992326636111 1.0
50.0 1.02225517553 1.0
object 52	1.0:1.0
162.0 0.957005823648 1.0
104.0 0.988193050146 1.0
35.0 1.00821394016 1.0
2.0 0.91874580097 1.0
object 53	1.0:1.0
172.0 0.994239285154 1.0
102.0 0.961873838278 1.0
0.0 1.00676330842 1.0
122.0 0.957770835825 1.0
118.0 0.982741671825 1.0
76.0 0.994485660382 1.0
9.0 0.940054394688 1.0
48.0 1.1477550538 1.0
object 54	1.0:1.0
32.0 0.984207768931 1.0
129.0 1.02653308942 1.0
174.0 0.999492853811 1.0
object 55	1.0:1.0
139.0 0.968646301366 1.0
174.0 0.994579885851 1.0
75.0 0.929175908586 1.0
143.0 1.01007951599 1.0
23.0 0.96380804507 1.0
171.0 0.987503218663 1.0
object 56	1.0:1.0
18.0 0.99710981322 1.0
122.0 0.981214355489 1.0
194.0 -4.76863663812 1.0
89.0 1.04940773806 1.0
64.0 0.974522493104 1.0
109.0 0.997099193736 1.0
121.0 0.944369114556 1.0
38.0 0.992238778767 1.0
62.0 1.04582979615 1.0
136.0 1.01268390973 1.0
object 57	1.0:1.0
132.0 0.968023926534 1.0
195.0 1.79370215389 1.0
174.0 0.988155274457 1.0
object 58	1.0:1.0
187.0 0.0252350950539 1.0
51.0 1.015084927 1.0
3.0 0.993080697851 1.0
193.0 0.983892538169 1.0
69.0 1.01020206129 1.0
133.0 0.997913131225 1.0
object 59	1.0:1.0
65.0 1.01039507001 1.0
14.0 1.06233538799 1.0
44.0 0.99125489898 1.0
136.0 1.01280099361 1.0
116.0 1.0299074036 1.0
55.0 1.0320781991 1.0
object 60	1.0:1.0
17.0 0.994224173046 1.0
40.0 0.929961734856 1.0
object 61	1.0:1.0
55.0 1.01667925797 1.0
38.0 0.986708102679 1.0
67.0 0.998350417453 1.0
5.0 0.97642962294 1.0
79.0 0.975714430469 1.0
129.0 1.04944669632 1.0
57.0 1.00014896193 1.0
195.0 0.897956645827 1.0
74.0 1.05828353655 1.0
11.0 1.04550754615 1.0
78.0 1.01197729607 1.0
object 62	1.0:1.0
23.0 0.986399820674 1.0
188.0 0.889322084042 1.0
61.0 0.997909098384 1.0
36.0 1.02030292177 1.0
object 63	1.0:1.0
36.0 0.926154703723 1.0
60.0 0.993941803673 1.0
157.0 1.06149049117 1.0
52.0 0.985853436632 1.0
object 64	1.0:1.0
50.0 1.0074953622 1.0
137.0 0.978015933882 1.0
140.0 1.01117665112 1.0
131.0 1.01706995614 1.0
71.0 0.987095543667 1.0
119.0 1.04099860281 1.0
23.0 0.966593051383 1.0
30.0 0.999667146141 1.0
object 65	1.0:1.0
11.0 1.06396294668 1.0
192.0 0.710888870899 1.0
5.0 0.959726966629 1.0
146.0 1.03210783082 1.0
162.0 1.00513906032 1.0
55.0 1.01241637346 1.0
object 66	1.0:1.0
197.0 5.65433701369 1.0
134.0 1.00200650722 1.0
174.0 1.01992640516 1.0
41.0 1.04759281191 1.0
153.0 1.01382335379 1.0
189.0 -0.0317922069212 1.0
96.0 1.00187364949 1.0
object 67	1.0:1.0
178.0 1.04735308823 1.0
179.0 1.01815888236 1.0
103.0 0.980337353073 1.0
28.0 0.998117620839 1.0
60.0 1.01016777015 1.0
182.0 -2.94479738826 1.0
77.0 1.04170479957 1.0
32.0 1.03327607007 1.0
object 68	1.0:1.0
153.0 0.952467600829 1.0
114.0 1.01253126449 1.0
object 69	1.0:1.0
74.0 1.01480589341 1.0
77.0 0.956626167657 1.0
object 70	1.0:1.0
185.0 4.35984519744 1.0
95.0 1.01587608452 1.0
object 71	1.0:1.0
159.0 1.00239283454 1.0
157.0 0.983445053494 1.0
106.0 0.99940075582 1.0
35.0 0.986697857309 1.0
53.0 1.02843715338 1.0
object 72	1.0:1.0
45.0 1.02169529001 1.0
114.0 1.0645505676 1.0
74.0 1.00305618442 1.0
110.0 0.954887427452 1.0
22.0 0.999872211327 1.0
38.0 0.986382970631 1.0
object 73	1.0:1.0
141.0 1.02495546667 1.0
52.0 0.981313935191 1.0
87.0 0.960144636549 1.0
143.0 0.948678005051 1.0
199.0 4.28095304458 1.0
196.0 5.75868184603 1.0
23.0 1.01888226438 1.0
object 74	1.0:1.0
107.0 0.979477082144 1.0
69.0 1.01384064952 1.0
59.0 1.06579970461 1.0
7.0 1.03097656909 1.0
object 75	1.0:1.0
162.0 1.02757732611 1.0
132.0 0.992752647646 1.0
161.0 1.0176630884 1.0
54.0 1.07383790121 1.0
157.0 1.03709223684 1.0
197.0 -3.88217132647 1.0
28.0 1.00505241788 1.0
134.0 0.968143284652 1.0
object 76	1.0:1.0
30.0 1.01046540129 1.0
19.0 0.945464564957 1.0
153.0 1.00437796735 1.0
151.0 0.966493474823 1.0
22.0 1.03651081075 1.0
14.0 0.940480996425 1.0
34.0 1.01987220838 1.0
object 77	1.0:1.0
86.0 1.03862031583 1.0
83.0 1.01366893257 1.0
65.0 0.981322854206 1.0
58.0 0.971457144091 1.0
173.0 1.02213216834 1.0
object 78	1.0:1.0
135.0 1.00106551901 1.0
48.0 1.04512382213 1.0
66.0 1.01638864654 1.0
70.0 0.958507750971 1.0
9.0 1.02582533408 1.0
37.0 0.955001746047 1.0
object 79	1.0:1.0
102.0 0.988148758068 1.0
114.0 1.01861157745 1.0
145.0 0.956546565634 1.0
179.0 0.973421865955 1.0
182.0 -0.471213574624 1.0
123.0 1.02121430657 1.0
object 80	1.0:1.0
157.0 0.936329024472 1.0
137.0 0.995726824564 1.0
13.0 0.994767773315 1.0
189.0 3.28261947414 1.0
12.0 1.01417976696 1.0
77.0 0.966804898649 1.0
35.0 0.997833796843 1.0
object 81	1.0:1.0
179.0 1.01406533869 1.0
144.0 0.980225191396 1.0
29.0 0.992647699119 1.0
10.0 0.99470695411 1.0
102.0 1.03394413245 1.0
13.0 1.03859502896 1.0
142.0 0.987312252828 1.0
46.0 0.946126432799 1.0
60.0 0.982466025008 1.0
object 82	1.0:1.0
182.0 -1.36030580525 1.0
44.0 1.00377105955 1.0
188.0 -2.82832716359 1.0
object 83	1.0:1.0
154.0 0.993027588894 1.0
156.0 0.978040721677 1.0
97.0 1.00134590958 1.0
122.0 0.989203080879 1.0
102.0 1.00473025733 1.0
189.0 3.93330897298 1.0
166.0 0.977555578092 1.0
39.0 0.999492732552 1.0
109.0 1.01057942813 1.0
object 84	1.0:1.0
7.0 1.00749596593 1.0
92.0 1.00464884106 1.0
19.0 0.998374502138 1.0
59.0 0.98689031219 1.0
93.0 1.01219214651 1.0
object 85	1.0:1.0
116.0 1.00692178277 1.0
161.0 0.986794492428 1.0
111.0 1.02695587454 1.0
172.0 0.960544781727 1.0
54.0 1.06385981835 1.0
132.0 1.00929769024 1.0
114.0 0.980554252717 1.0
197.0 -4.26983833631 1.0
object 86	1.0:1.0
13.0 0.936573930768 1.0
86.0 0.951288224823 1.0
159.0 1.02712210471 1.0
131.0 1.04145731166 1.0
174.0 1.0276598314 1.0
142.0 0.985348328821 1.0
object 87	1.0:1.0
54.0 1.06928103201 1.0
43.0 0.946612996378 1.0
100.0 0.998317923753 1.0
147.0 0.958411487245 1.0
object 88	1.0:1.0
162.0 0.946673605762 1.0
183.0 0.544393115279 1.0
43.0 1.0116380182 1.0
157.0 1.02751635078 1.0
192.0 1.74696699896 1.0
1.0 1.00768528504 1.0
object 89	1.0:1.0
48.0 1.01300291815 1.0
186.0 6.35117353991 1.0
80.0 0.945533294659 1.0
64.0 1.00979460551 1.0
127.0 0.967730895693 1.0
object 90	1.0:1.0
9.0 0.985825687186 1.0
57.0 1.00578370567 1.0
159.0 0.995715002626 1.0
object 91	1.0:1.0
84.0 0.994146175179 1.0
148.0 0.971892590098 1.0
30.0 1.01461601463 1.0
4.0 0.983541141162 1.0
object 92	1.0:1.0
110.0 0.945226604568 1.0
151.0 0.954038895941 1.0
object 93	1.0:1.0
102.0 0.977856019374 1.0
92.0 0.963874291179 1.0
115.0 1.00767631535 1.0
89.0 0.976416742565 1.0
61.0 1.04487746282 1.0
188.0 -2.9856379771 1.0
object 94	1.0:1.0
32.0 0.982612847109 1.0
25.0 0.994071618451 1.0
72.0 1.00544333311 1.0
91.0 0.993656019141 1.0
61.0 1.01432706841 1.0
object 95	1.0:1.0
188.0 4.94321318082 1.0
198.0 1.59645182242 1.0
196.0 2.42929830695 1.0
35.0 0.984687212446 1.0
91.0 1.06312831234 1.0
43.0 1.0481356499 1.0
134.0 1.03436604498 1.0
60.0 1.00273845076 1.0
157.0 1.00867412816 1.0
object 96	1.0:1.0
125.0 1.00336496731 1.0
54.0 0.999214869199 1.0
35.0 1.01891404957 1.0
141.0 0.979211701404 1.0
76.0 1.01318801339 1.0
object 97	1.0:1.0
165.0 1.00081337142 1.0
108.0 1.05439817065 1.0
98.0 1.01538444237 1.0
object 98	1.0:1.0
26.0 0.998626701054 1.0
168.0 1.0439409341 1.0
object 99	1.0:1.0
92.0 0.944171642907 1.0
114.0 1.01298512315 1.0
11.0 1.00155819941 1.0
169.0 0.955324981242 1.0
24.0 0.98980349686 1.0
62.0 1.0020841464 1.0
