object 0	1.0:1.0
198.0 2.63967738273 1.0
13.0 0.980233558153 1.0
184.0 2.28681571465 1.0
86.0 0.96865692149 1.0
159.0 -0.00465654278346 1.0
96.0 1.02762024729 1.0
41.0 0.981988029003 1.0
186.0 1.44084303492 1.0
object 1	1.0:1.0
151.0 -3.73834444916 1.0
193.0 1.09958900097 1.0
138.0 1.04181387616 1.0
135.0 1.00161019569 1.0
115.0 0.981409230277 1.0
142.0 3.97408611855 1.0
object 2	1.0:1.0
110.0 0.995701679907 1.0
39.0 0.996718157832 1.0
48.0 1.03293315087 1.0
76.0 0.918989856395 1.0
101.0 1.05007337996 1.0
124.0 1.00847247154 1.0
23.0 1.03020704714 1.0
72.0 1.01995476526 1.0
123.0 0.953808499218 1.0
15.0 1.04172540411 1.0
50.0 1.01581886901 1.0
96.0 1.02545293295 1.0
object 3	1.0:1.0
41.0 1.01713467428 1.0
59.0 0.973870765443 1.0
15.0 1.04832354875 1.0
object 4	1.0:1.0
27.0 0.972989539566 1.0
175.0 2.95527923854 1.0
34.0 0.996112839453 1.0
82.0 1.02294499898 1.0
197.0 -0.36560815945 1.0
object 5	1.0:1.0
11.0 1.01743503477 1.0
143.0 3.8647000039 1.0
111.0 1.03895272157 1.0
128.0 1.05643543946 1.0
124.0 0.979488410235 1.0
object 6	1.0:1.0
150.0 -1.42434296159 1.0
177.0 1.20325477259 1.0
153.0 -3.00965467186 1.0
169.0 2.01443469933 1.0
82.0 0.985419366483 1.0
70.0 1.04002079721 1.0
object 7	1.0:1.0
103.0 1.00027382869 1.0
137.0 0.973985543763 1.0
68.0 0.975773047308 1.0
5.0 1.01812213591 1.0
46.0 0.962765350563 1.0
195.0 6.13085611215 1.0
object 8	1.0:1.0
26.0 1.03515859951 1.0
72.0 0.951844170403 1.0
153.0 -1.66012553796 1.0
object 9	1.0:1.0
40.0 1.06413864767 1.0
32.0 0.974173412959 1.0
7.0 0.993781646087 1.0
139.0 0.998917372366 1.0
169.0 -0.787456464232 1.0
object 10	1.0:1.0
106.0 1.08710951984 1.0
144.0 -7.12047480745 1.0
1.0 0.986298407559 1.0
5.0 0.999849348886 1.0
8.0 0.992479217258 1.0
24.0 0.96855538431 1.0
162.0 -1.27247941046 1.0
object 11	1.0:1.0
170.0 -0.408333851284 1.0
44.0 0.980792374775 1.0
134.0 1.05635058112 1.0
1.0 1.00343220518 1.0
113.0 0.975342269314 1.0
156.0 -3.93532653433 1.0
147.0 2.0695364007 1.0
42.0 0.985604645812 1.0
157.0 -2.27518975738 1.0
object 12	1.0:1.0
65.0 0.974629147174 1.0
194.0 -0.723932125001 1.0
137.0 1.00962557893 1.0
149.0 1.95911015199 1.0
178.0 4.12462830141 1.0
98.0 0.959788131912 1.0
193.0 1.60683069549 1.0
object 13	1.0:1.0
151.0 1.89213024214 1.0
77.0 0.997604330505 1.0
92.0 1.00459003807 1.0
90.0 0.997846820691 1.0
51.0 1.02300144899 1.0
132.0 1.01935900547 1.0
124.0 1.00109770712 1.0
46.0 1.0067542095 1.0
object 14	1.0:1.0
195.0 -4.74787267323 1.0
43.0 1.02498499468 1.0
91.0 1.00863898151 1.0
69.0 1.01227676691 1.0
73.0 1.01677691382 1.0
object 15	1.0:1.0
8.0 1.00463407576 1.0
150.0 2.45478555384 1.0
132.0 1.01270486043 1.0
79.0 0.999587864531 1.0
23.0 0.956206787348 1.0
141.0 1.74342778802 1.0
object 16	1.0:1.0
87.0 1.03746608463 1.0
125.0 0.996136199258 1.0
80.0 1.06371762735 1.0
78.0 1.01745805406 1.0
98.0 0.972725426524 1.0
object 17	1.0:1.0
182.0 -1.05641676453 1.0
57.0 0.999371796066 1.0
33.0 1.00938559038 1.0
103.0 1.01239253857 1.0
145.0 1.92883608782 1.0
149.0 -1.00544622694 1.0
98.0 1.03167081931 1.0
159.0 0.0440439536117 1.0
105.0 0.978455517136 1.0
object 18	1.0:1.0
13.0 0.963754441445 1.0
148.0 4.7236290517 1.0
object 19	1.0:1.0
129.0 0.995992313317 1.0
176.0 1.46185398588 1.0
158.0 10.6629791494 1.0
198.0 3.12271783143 1.0
187.0 -6.76217617905 1.0
117.0 1.01651454128 1.0
132.0 0.958764929828 1.0
87.0 1.00966393981 1.0
12.0 1.01240853203 1.0
157.0 -2.81308409529 1.0
object 20	1.0:1.0
65.0 0.952714085369 1.0
10.0 0.992082184873 1.0
128.0 0.999772471538 1.0
104.0 1.08151001804 1.0
55.0 0.979527223692 1.0
18.0 0.954107935167 1.0
74.0 0.985167727412 1.0
188.0 0.552658769633 1.0
30.0 0.989858118189 1.0
object 21	1.0:1.0
54.0 0.959242644248 1.0
151.0 4.13531023611 1.0
28.0 1.01276219079 1.0
object 22	1.0:1.0
13.0 0.986805395215 1.0
186.0 -1.97818032682 1.0
184.0 8.709686476 1.0
70.0 1.02375559928 1.0
80.0 1.01852430068 1.0
168.0 -3.06616843877 1.0
121.0 0.997564116459 1.0
49.0 0.960794258071 1.0
object 23	1.0:1.0
66.0 0.980013824568 1.0
64.0 0.985351055423 1.0
184.0 3.22192418716 1.0
2.0 1.00723410288 1.0
70.0 1.03755286435 1.0
92.0 1.02345243219 1.0
123.0 1.0142418663 1.0
75.0 1.01287640959 1.0
object 24	1.0:1.0
78.0 1.00328491353 1.0
194.0 1.88796583482 1.0
141.0 0.0348434678793 1.0
1.0 0.967818770108 1.0
101.0 0.999975800664 1.0
object 25	1.0:1.0
49.0 0.918333860274 1.0
13.0 0.98475794105 1.0
4.0 1.03167451474 1.0
170.0 4.09577363061 1.0
24.0 0.933717727615 1.0
35.0 1.06016910606 1.0
115.0 0.993343637954 1.0
object 26	1.0:1.0
117.0 1.01432111578 1.0
0.0 1.01548836652 1.0
52.0 0.967608161618 1.0
3.0 1.02145944824 1.0
141.0 1.63118809273 1.0
8.0 0.988832805413 1.0
77.0 0.994005117239 1.0
186.0 1.17890333002 1.0
object 27	1.0:1.0
149.0 3.2067364708 1.0
163.0 -0.495088105917 1.0
45.0 1.03078284085 1.0
91.0 1.00776798365 1.0
152.0 -5.18470941227 1.0
115.0 0.964012450894 1.0
121.0 0.976380408742 1.0
35.0 0.971255360916 1.0
82.0 1.00086252912 1.0
198.0 1.12214425594 1.0
84.0 0.988538744949 1.0
object 28	1.0:1.0
47.0 1.02683045508 1.0
81.0 1.00616036885 1.0
155.0 0.248273805028 1.0
31.0 0.963912792458 1.0
68.0 1.01731880942 1.0
137.0 1.01198912532 1.0
160.0 1.5920510103 1.0
2.0 0.974651091164 1.0
object 29	1.0:1.0
128.0 1.01106796238 1.0
71.0 0.961273552979 1.0
132.0 0.979961725125 1.0
111.0 0.994184319892 1.0
102.0 0.984943708164 1.0
164.0 0.507647086173 1.0
60.0 1.0218171607 1.0
93.0 1.00918454735 1.0
116.0 1.00115287093 1.0
85.0 0.987472773647 1.0
69.0 1.00972662669 1.0
54.0 1.04986159718 1.0
118.0 0.95797542054 1.0
19.0 0.9903278097 1.0
object 30	1.0:1.0
27.0 1.03933822157 1.0
199.0 2.77410940418 1.0
107.0 1.02921897122 1.0
81.0 1.00284040123 1.0
55.0 0.965559433452 1.0
54.0 1.0276245859 1.0
object 31	1.0:1.0
11.0 0.998966439304 1.0
94.0 1.013891862 1.0
140.0 -0.794104376617 1.0
177.0 0.463554490787 1.0
197.0 0.468710527256 1.0
127.0 0.981593438343 1.0
163.0 1.89133114013 1.0
97.0 0.967587615493 1.0
object 32	1.0:1.0
58.0 0.999538185101 1.0
4.0 1.05496275736 1.0
5.0 0.995219778618 1.0
59.0 0.994994540306 1.0
136.0 0.975857247469 1.0
131.0 1.02081196041 1.0
41.0 1.00203856342 1.0
object 33	1.0:1.0
92.0 1.02085277967 1.0
35.0 1.00255812748 1.0
109.0 1.00711146002 1.0
object 34	1.0:1.0
68.0 0.995043539429 1.0
193.0 3.09550169138 1.0
172.0 3.01940523368 1.0
object 35	1.0:1.0
92.0 1.02839467033 1.0
115.0 0.955575903128 1.0
49.0 1.0801991449 1.0
34.0 1.01133760456 1.0
object 36	1.0:1.0
35.0 1.01749560416 1.0
92.0 1.01830489732 1.0
119.0 1.00041101113 1.0
168.0 2.91120085746 1.0
139.0 0.986998163101 1.0
object 37	1.0:1.0
190.0 2.0230283305 1.0
21.0 0.966828993032 1.0
118.0 1.00667339578 1.0
14.0 1.06747718243 1.0
110.0 1.02274089657 1.0
170.0 5.18682420136 1.0
178.0 0.204120402245 1.0
object 38	1.0:1.0
133.0 0.944643170777 1.0
168.0 -0.597124976273 1.0
1.0 1.01958654348 1.0
120.0 0.987804016383 1.0
130.0 1.00096262713 1.0
174.0 0.900900374584 1.0
39.0 0.961026127428 1.0
object 39	1.0:1.0
134.0 1.00044482022 1.0
8.0 1.00426865469 1.0
5.0 0.978595216099 1.0
4.0 1.03027823122 1.0
92.0 0.991412551689 1.0
object 40	1.0:1.0
115.0 0.993964961054 1.0
47.0 0.9858494074 1.0
90.0 1.01323712936 1.0
51.0 1.00177013574 1.0
object 41	1.0:1.0
18.0 0.998114806752 1.0
94.0 0.98551280864 1.0
114.0 0.977603009064 1.0
1.0 0.94634224496 1.0
99.0 0.993912270921 1.0
object 42	1.0:1.0
174.0 5.64639669588 1.0
71.0 0.981275981487 1.0
85.0 1.02261281731 1.0
167.0 1.27526929171 1.0
122.0 0.978093481005 1.0
165.0 3.21281739303 1.0
127.0 1.00716749051 1.0
41.0 0.987276077072 1.0
object 43	1.0:1.0
83.0 1.03750904069 1.0
42.0 1.02004870006 1.0
186.0 2.23346213451 1.0
32.0 0.949699140948 1.0
126.0 0.989976559171 1.0
37.0 0.972022258084 1.0
3.0 0.986636738284 1.0
150.0 3.70296942564 1.0
object 44	1.0:1.0
147.0 -2.23931768124 1.0
107.0 1.02226440688 1.0
109.0 0.974889815168 1.0
191.0 -0.280471304522 1.0
79.0 1.01921051986 1.0
object 45	1.0:1.0
42.0 0.989258608994 1.0
130.0 0.998516675751 1.0
69.0 0.971871201975 1.0
0.0 1.00767462375 1.0
object 46	1.0:1.0
70.0 1.02208003302 1.0
39.0 0.988109456945 1.0
13.0 0.998062974804 1.0
178.0 -0.356901103149 1.0
182.0 8.59543942375 1.0
object 47	1.0:1.0
131.0 0.990421162584 1.0
50.0 0.986697176137 1.0
192.0 -2.07591684762 1.0
33.0 0.944392975588 1.0
139.0 1.09722691119 1.0
37.0 0.979274098132 1.0
object 48	1.0:1.0
190.0 -0.437284508374 1.0
198.0 9.14936483935 1.0
97.0 0.950861388421 1.0
23.0 0.9607201314 1.0
77.0 1.00609271777 1.0
64.0 0.981126882793 1.0
object 49	1.0:1.0
32.0 1.02597918047 1.0
93.0 0.998374375584 1.0
103.0 0.984783548123 1.0
115.0 1.01133655505 1.0
157.0 -6.10838255754 1.0
107.0 1.03532343784 1.0
181.0 7.59986131961 1.0
15.0 1.00783667236 1.0
object 50	1.0:1.0
141.0 0.613957423292 1.0
130.0 1.00156315947 1.0
149.0 8.59978698457 1.0
41.0 1.07260574598 1.0
191.0 1.30208160846 1.0
13.0 1.01251773358 1.0
108.0 0.97370970045 1.0
181.0 2.94513128543 1.0
23.0 0.993305312825 1.0
47.0 1.00667278934 1.0
object 51	1.0:1.0
192.0 2.06327248618 1.0
79.0 0.98889876744 1.0
57.0 0.994110239499 1.0
82.0 0.999837231088 1.0
187.0 2.66626182612 1.0
196.0 -2.57587180401 1.0
106.0 0.959580330517 1.0
191.0 1.34958635303 1.0
143.0 0.967436647463 1.0
81.0 0.968061826421 1.0
object 52	1.0:1.0
26.0 0.985509458691 1.0
86.0 0.990219500553 1.0
95.0 1.02297965796 1.0
85.0 1.0182338246 1.0
13.0 1.02475238919 1.0
189.0 3.03507526994 1.0
23.0 0.973392525833 1.0
object 53	1.0:1.0
53.0 1.03452002331 1.0
195.0 0.638548693422 1.0
1.0 1.09444574435 1.0
165.0 -4.84914663501 1.0
178.0 0.295905976813 1.0
78.0 0.996213551305 1.0
183.0 0.644019381592 1.0
object 54	1.0:1.0
2.0 1.02889120092 1.0
149.0 -5.74244656101 1.0
58.0 0.953580804119 1.0
142.0 2.30368653823 1.0
188.0 0.511963842682 1.0
87.0 1.03061035758 1.0
29.0 0.979964943682 1.0
6.0 0.94705302934 1.0
object 55	1.0:1.0
170.0 -1.35788383103 1.0
8.0 1.01110344664 1.0
28.0 1.05871600051 1.0
40.0 1.00697060953 1.0
109.0 1.07164343891 1.0
50.0 0.968045659989 1.0
131.0 1.02370986868 1.0
73.0 0.962482245091 1.0
180.0 7.91830732752 1.0
object 56	1.0:1.0
37.0 1.01854951768 1.0
96.0 0.988566041423 1.0
36.0 0.982485386146 1.0
192.0 -2.06045736452 1.0
194.0 0.469101680754 1.0
object 57	1.0:1.0
110.0 1.00465590419 1.0
154.0 2.05914562789 1.0
197.0 8.84001962748 1.0
58.0 1.04720120666 1.0
37.0 1.04036056472 1.0
16.0 1.02369663071 1.0
object 58	1.0:1.0
18.0 0.999584566068 1.0
126.0 1.0161677842 1.0
57.0 0.986827896705 1.0
78.0 1.01245422044 1.0
152.0 1.50632049648 1.0
64.0 1.01702480955 1.0
object 59	1.0:1.0
159.0 1.20800353867 1.0
49.0 1.02869117499 1.0
41.0 1.03144724421 1.0
106.0 1.01097754768 1.0
196.0 0.581258429478 1.0
62.0 1.01581940157 1.0
43.0 1.10257679282 1.0
16.0 1.03119497623 1.0
57.0 0.996028332277 1.0
object 60	1.0:1.0
27.0 0.988389718745 1.0
183.0 1.64322592868 1.0
5.0 0.992445668532 1.0
18.0 0.990691860997 1.0
135.0 1.01986093867 1.0
90.0 1.00736583597 1.0
object 61	1.0:1.0
162.0 1.34706253177 1.0
59.0 1.0383360346 1.0
34.0 1.00514310559 1.0
104.0 1.03447267812 1.0
object 62	1.0:1.0
123.0 1.02685526157 1.0
81.0 0.979621212491 1.0
33.0 1.05851170083 1.0
112.0 0.947848475904 1.0
186.0 1.26405670246 1.0
105.0 0.964476651696 1.0
36.0 1.01919224664 1.0
96.0 0.984409262857 1.0
object 63	1.0:1.0
82.0 0.972464700135 1.0
158.0 3.37659065292 1.0
44.0 1.04385493913 1.0
184.0 -1.75907610748 1.0
136.0 1.01964861371 1.0
40.0 0.992205003901 1.0
10.0 0.983552533985 1.0
197.0 -1.54258657669 1.0
39.0 0.993130422464 1.0
53.0 0.985004565471 1.0
58.0 1.00329720657 1.0
103.0 0.977831370505 1.0
55.0 1.00646953468 1.0
object 64	1.0:1.0
99.0 1.02086709839 1.0
137.0 0.980076810569 1.0
190.0 0.891789572345 1.0
198.0 2.5773890456 1.0
87.0 0.887677139324 1.0
151.0 0.418639851027 1.0
32.0 0.972206959927 1.0
181.0 6.61035589593 1.0
object 65	1.0:1.0
6.0 1.0039930896 1.0
10.0 1.02282724854 1.0
184.0 -4.26135098407 1.0
106.0 0.926114415926 1.0
92.0 0.986482553218 1.0
177.0 0.25206316302 1.0
object 66	1.0:1.0
26.0 0.979292397632 1.0
105.0 0.988845422307 1.0
176.0 0.436104813899 1.0
object 67	1.0:1.0
66.0 0.995067407503 1.0
168.0 5.015529118 1.0
87.0 0.994003501603 1.0
70.0 1.02774861997 1.0
106.0 0.995284050753 1.0
22.0 1.00255582624 1.0
16.0 1.01301910183 1.0
object 68	1.0:1.0
104.0 1.02438494892 1.0
145.0 -1.87773687855 1.0
45.0 1.02721869951 1.0
98.0 1.01890904901 1.0
89.0 1.00495152139 1.0
37.0 0.989268931119 1.0
1.0 1.03714339326 1.0
5.0 1.0051035158 1.0
91.0 0.999466242388 1.0
object 69	1.0:1.0
161.0 6.80307606206 1.0
126.0 0.986786948482 1.0
157.0 -3.79840009792 1.0
89.0 1.02512586408 1.0
189.0 1.97982360391 1.0
object 70	1.0:1.0
150.0 4.06687018951 1.0
57.0 0.969086639185 1.0
60.0 1.02924634214 1.0
65.0 1.04197332476 1.0
182.0 -0.243498043068 1.0
object 71	1.0:1.0
28.0 1.01199579739 1.0
177.0 -0.0899178135768 1.0
169.0 -2.6985421688 1.0
49.0 1.00045490517 1.0
171.0 6.90872725332 1.0
106.0 1.03535482253 1.0
4.0 0.977093276916 1.0
57.0 1.00578420893 1.0
object 72	1.0:1.0
27.0 0.994728099626 1.0
32.0 0.984492629794 1.0
31.0 0.903891815323 1.0
object 73	1.0:1.0
75.0 0.996558080938 1.0
77.0 1.00096466763 1.0
128.0 0.981027832648 1.0
156.0 -1.50547123568 1.0
88.0 1.03794205538 1.0
86.0 0.990430815574 1.0
146.0 -0.796840926579 1.0
172.0 4.33397226767 1.0
object 74	1.0:1.0
82.0 0.977437894984 1.0
146.0 -1.16371902345 1.0
23.0 0.973581987405 1.0
62.0 0.953628978237 1.0
191.0 1.77052869805 1.0
192.0 -1.60445446899 1.0
54.0 0.998690547948 1.0
object 75	1.0:1.0
117.0 1.0051304022 1.0
77.0 0.9980461496 1.0
90.0 0.985349144038 1.0
119.0 1.07118242908 1.0
113.0 1.00510530217 1.0
30.0 0.946770924344 1.0
object 76	1.0:1.0
108.0 1.02880860995 1.0
158.0 7.52050284153 1.0
16.0 1.00829033916 1.0
156.0 1.05908204862 1.0
80.0 0.966200095819 1.0
132.0 1.01258852537 1.0
object 77	1.0:1.0
65.0 0.907598315226 1.0
26.0 0.99879607855 1.0
118.0 1.05159314344 1.0
75.0 0.985461362206 1.0
55.0 0.991273609959 1.0
object 78	1.0:1.0
192.0 4.37052601228 1.0
120.0 1.00963909794 1.0
182.0 -2.11345827622 1.0
102.0 1.00436951129 1.0
163.0 -0.0433132674215 1.0
157.0 3.22897782141 1.0
2.0 1.0158338968 1.0
93.0 1.00899852812 1.0
152.0 0.676815669161 1.0
148.0 -2.06409907968 1.0
object 79	1.0:1.0
50.0 1.04122138736 1.0
144.0 5.74317612281 1.0
159.0 0.0618130014092 1.0
66.0 0.973793108726 1.0
53.0 0.983980771628 1.0
17.0 0.972362870813 1.0
180.0 0.489148645937 1.0
object 80	1.0:1.0
55.0 1.04042203909 1.0
58.0 0.977171686691 1.0
78.0 1.00441450254 1.0
46.0 1.00533267339 1.0
167.0 2.46140076531 1.0
188.0 1.15374293266 1.0
119.0 1.02651611045 1.0
74.0 1.00036612727 1.0
189.0 3.09876591085 1.0
138.0 1.02176495034 1.0
126.0 1.04485367943 1.0
135.0 0.996188773067 1.0
object 81	1.0:1.0
69.0 1.04774546833 1.0
191.0 -0.821610439186 1.0
object 82	1.0:1.0
50.0 0.944800352819 1.0
79.0 0.960332202479 1.0
27.0 0.980369002696 1.0
157.0 -0.600306660345 1.0
180.0 0.368068599005 1.0
26.0 0.982163944741 1.0
30.0 0.982317512357 1.0
18.0 1.01397427306 1.0
178.0 0.913669400248 1.0
174.0 3.81158506211 1.0
object 83	1.0:1.0
168.0 3.55805543157 1.0
39.0 0.96735251102 1.0
188.0 1.37287612575 1.0
136.0 1.00251970246 1.0
145.0 3.43291656959 1.0
61.0 1.02161818804 1.0
23.0 1.03879607797 1.0
185.0 1.53395830157 1.0
object 84	1.0:1.0
39.0 1.02313529748 1.0
163.0 0.462073540566 1.0
26.0 0.991229593384 1.0
13.0 1.02543286684 1.0
object 85	1.0:1.0
160.0 -0.822762630779 1.0
112.0 1.00628690542 1.0
134.0 0.985740290658 1.0
131.0 0.986050018247 1.0
object 86	1.0:1.0
126.0 1.00625866895 1.0
82.0 0.963484315949 1.0
53.0 1.03383910239 1.0
194.0 -0.0910812559935 1.0
25.0 0.910754188258 1.0
191.0 1.49962715777 1.0
object 87	1.0:1.0
154.0 -0.169558454444 1.0
105.0 0.934716145442 1.0
56.0 1.00893038158 1.0
111.0 0.976438980232 1.0
24.0 1.0772743733 1.0
64.0 0.971155467624 1.0
183.0 3.28391233972 1.0
object 88	1.0:1.0
180.0 5.14528544022 1.0
157.0 5.36544003187 1.0
171.0 -6.03470910034 1.0
84.0 1.00340477342 1.0
58.0 0.955179132908 1.0
10.0 0.983021054685 1.0
23.0 0.975562778732 1.0
65.0 0.939938504959 1.0
168.0 4.0906394633 1.0
27.0 0.97280921477 1.0
object 89	1.0:1.0
116.0 0.973897746595 1.0
168.0 4.41127622515 1.0
34.0 1.00259092898 1.0
44.0 0.992649868896 1.0
object 90	1.0:1.0
30.0 1.0593179642 1.0
47.0 0.995366402579 1.0
52.0 0.966310334502 1.0
61.0 0.965726388694 1.0
99.0 0.999060250681 1.0
object 91	1.0:1.0
40.0 0.956126942343 1.0
159.0 -1.95360747407 1.0
48.0 1.03356344572 1.0
27.0 1.00127969044 1.0
176.0 -0.276327073194 1.0
183.0 2.41497241611 1.0
25.0 0.941684471783 1.0
199.0 0.71781689793 1.0
122.0 1.04084009406 1.0
18.0 0.966822078092 1.0
object 92	1.0:1.0
190.0 1.37281816567 1.0
114.0 1.02130933221 1.0
179.0 -3.0096117104 1.0
137.0 0.999640843591 1.0
177.0 2.78771494071 1.0
31.0 0.999838796413 1.0
object 93	1.0:1.0
22.0 1.02555389406 1.0
146.0 -0.659353608543 1.0
198.0 5.03269643594 1.0
50.0 1.04980046779 1.0
23.0 1.02515248705 1.0
object 94	1.0:1.0
111.0 1.04153410162 1.0
79.0 0.998150037908 1.0
86.0 1.02173980188 1.0
109.0 0.963948334826 1.0
55.0 1.00403526275 1.0
177.0 4.64374176092 1.0
25.0 1.08034825746 1.0
159.0 1.82548782731 1.0
object 95	1.0:1.0
62.0 0.961823931753 1.0
176.0 -0.238966979382 1.0
189.0 1.41170720882 1.0
141.0 1.8387267698 1.0
6.0 1.09534830649 1.0
149.0 -4.13977553996 1.0
137.0 0.988668785392 1.0
53.0 1.00494605374 1.0
object 96	1.0:1.0
23.0 1.03587037558 1.0
183.0 -1.72245497044 1.0
140.0 1.53503477796 1.0
188.0 3.84207250347 1.0
83.0 1.02444354407 1.0
194.0 2.1833440645 1.0
72.0 0.954480611688 1.0
138.0 0.940768512525 1.0
55.0 0.997293905412 1.0
180.0 5.34245619519 1.0
128.0 0.995319237474 1.0
object 97	1.0:1.0
32.0 1.03135082571 1.0
36.0 1.00607322793 1.0
99.0 1.01708617799 1.0
76.0 0.990376798813 1.0
30.0 1.02962716107 1.0
object 98	1.0:1.0
35.0 0.974940301182 1.0
185.0 1.59161843642 1.0
120.0 0.996979762881 1.0
192.0 -1.0465138345 1.0
177.0 3.01367311134 1.0
object 99	1.0:1.0
185.0 0.525865340142 1.0
140.0 -0.767210953239 1.0
