object 0	1.0:1.0
171.0 -0.668397924938 1.0
133.0 0.986609332665 1.0
90.0 1.02957167214 1.0
126.0 1.01475555404 1.0
111.0 0.991783421704 1.0
94.0 0.989121068794 1.0
0.0 0.996665591359 1.0
13.0 0.997022361377 1.0
153.0 1.02195807673 1.0
181.0 5.49075859449 1.0
object 1	1.0:1.0
139.0 0.993846901179 1.0
56.0 0.987701501639 1.0
127.0 1.0314499648 1.0
object 2	1.0:1.0
111.0 1.01817112678 1.0
9.0 0.964386264554 1.0
0.0 1.04405450152 1.0
144.0 0.988657987177 1.0
155.0 1.01970727489 1.0
138.0 0.953730694429 1.0
121.0 1.07557254927 1.0
55.0 1.03712254139 1.0
object 3	1.0:1.0
82.0 0.98554973552 1.0
64.0 1.03677056875 1.0
130.0 0.989196588964 1.0
56.0 1.02885173256 1.0
26.0 0.981166178621 1.0
33.0 1.04433091431 1.0
44.0 0.99884708938 1.0
172.0 2.59345105657 1.0
object 4	1.0:1.0
101.0 0.997472529022 1.0
125.0 1.00363433471 1.0
137.0 1.09113859651 1.0
72.0 0.980851627679 1.0
26.0 0.994413468811 1.0
54.0 0.930561720618 1.0
126.0 1.06880866508 1.0
object 5	1.0:1.0
22.0 0.919477130284 1.0
196.0 4.75516660569 1.0
114.0 0.964849600589 1.0
33.0 0.963251080158 1.0
107.0 1.00930850038 1.0
101.0 1.0300428271 1.0
156.0 1.02287133962 1.0
87.0 1.02334892119 1.0
194.0 1.54134296862 1.0
105.0 1.00223358347 1.0
124.0 0.986004485638 1.0
object 6	1.0:1.0
33.0 1.03330897603 1.0
62.0 0.93144286824 1.0
40.0 1.06161582536 1.0
76.0 1.00919731549 1.0
117.0 0.994425575583 1.0
170.0 4.09320866151 1.0
26.0 1.00394076623 1.0
151.0 0.996493186182 1.0
115.0 1.02870523732 1.0
105.0 1.00560936713 1.0
197.0 -1.25314162185 1.0
object 7	1.0:1.0
125.0 1.00533096139 1.0
124.0 1.04077322869 1.0
43.0 0.984087074997 1.0
177.0 3.01353195493 1.0
189.0 1.49626973083 1.0
182.0 5.59637846161 1.0
157.0 1.00430096191 1.0
44.0 0.99384238915 1.0
66.0 0.989313817578 1.0
object 8	1.0:1.0
81.0 1.07183699233 1.0
60.0 1.03738026041 1.0
80.0 0.995428672546 1.0
159.0 0.999390528576 1.0
45.0 0.986782355643 1.0
144.0 0.998980565892 1.0
110.0 0.982491335497 1.0
object 9	1.0:1.0
159.0 1.01408390585 1.0
100.0 1.03766349117 1.0
47.0 0.9843700224 1.0
98.0 1.01260122608 1.0
178.0 3.93640789425 1.0
object 10	1.0:1.0
73.0 1.00369527162 1.0
83.0 0.980122546583 1.0
159.0 1.02340619828 1.0
5.0 1.04373767959 1.0
64.0 1.02612516758 1.0
156.0 0.969666353332 1.0
42.0 1.00737840107 1.0
127.0 0.974081293454 1.0
object 11	1.0:1.0
74.0 0.98239346478 1.0
188.0 3.74211534432 1.0
96.0 1.01569602489 1.0
object 12	1.0:1.0
127.0 0.975451737648 1.0
33.0 0.947889882398 1.0
191.0 -1.54732127309 1.0
81.0 1.02871482541 1.0
79.0 0.966657623118 1.0
87.0 1.0628091756 1.0
119.0 1.04247440661 1.0
98.0 0.958415397771 1.0
91.0 0.975695448724 1.0
65.0 1.00326310877 1.0
181.0 -1.14653914097 1.0
37.0 1.01016921917 1.0
21.0 0.948722475571 1.0
object 13	1.0:1.0
44.0 1.00459739958 1.0
114.0 1.05524003514 1.0
7.0 1.00834001874 1.0
23.0 1.04484703088 1.0
146.0 0.940985999575 1.0
29.0 0.95352717264 1.0
66.0 1.02299212489 1.0
150.0 1.01082562608 1.0
79.0 1.0144115589 1.0
8.0 0.993568385855 1.0
16.0 1.00196105409 1.0
31.0 0.992194906444 1.0
120.0 1.02538296209 1.0
195.0 1.37950960015 1.0
object 14	1.0:1.0
58.0 0.934072429337 1.0
97.0 1.02168050424 1.0
69.0 1.02689964382 1.0
173.0 -0.241159575251 1.0
149.0 1.01263134634 1.0
33.0 1.02150751262 1.0
71.0 0.992064524673 1.0
70.0 1.00361651464 1.0
100.0 1.02733712945 1.0
object 15	1.0:1.0
77.0 1.00855374199 1.0
119.0 1.07160209719 1.0
188.0 -2.78784883166 1.0
118.0 1.03810964856 1.0
124.0 1.05027723482 1.0
112.0 0.996693684109 1.0
185.0 0.39915143646 1.0
object 16	1.0:1.0
175.0 7.58524781765 1.0
126.0 0.902775903589 1.0
65.0 0.97886102511 1.0
102.0 0.997099303867 1.0
76.0 1.05184749569 1.0
99.0 0.965083531163 1.0
19.0 0.986420535898 1.0
163.0 -6.3796808193 1.0
69.0 1.0154730589 1.0
190.0 1.56816383519 1.0
object 17	1.0:1.0
110.0 0.986935794469 1.0
68.0 1.00756117351 1.0
1.0 0.990822409989 1.0
154.0 0.984705647452 1.0
170.0 2.84947232994 1.0
175.0 -3.79473030598 1.0
152.0 1.04178421538 1.0
16.0 0.97295060623 1.0
object 18	1.0:1.0
34.0 1.016948769 1.0
19.0 0.96585757999 1.0
179.0 1.34516943006 1.0
80.0 1.00768526374 1.0
160.0 3.11649644311 1.0
97.0 0.994346960222 1.0
162.0 -0.398566109367 1.0
199.0 5.31324375562 1.0
65.0 1.02585265339 1.0
175.0 -0.102636555947 1.0
32.0 1.02321159041 1.0
object 19	1.0:1.0
164.0 3.89839573815 1.0
62.0 0.91567582716 1.0
160.0 5.25103106762 1.0
192.0 -0.137140052135 1.0
43.0 0.944285600478 1.0
155.0 0.993303058467 1.0
132.0 0.989579801505 1.0
object 20	1.0:1.0
152.0 1.02867270119 1.0
101.0 0.989181654324 1.0
118.0 1.00928241656 1.0
10.0 0.991908111397 1.0
179.0 1.44636747091 1.0
84.0 0.991109020024 1.0
116.0 1.02045312758 1.0
111.0 0.995197838735 1.0
object 21	1.0:1.0
63.0 1.03228754818 1.0
198.0 2.36230659974 1.0
185.0 4.2311634246 1.0
88.0 0.998017477465 1.0
57.0 1.00260414727 1.0
91.0 1.04366921156 1.0
49.0 0.978188526732 1.0
16.0 1.01026036987 1.0
26.0 0.99001653283 1.0
70.0 1.03240604432 1.0
object 22	1.0:1.0
110.0 0.980638838206 1.0
29.0 0.945368950994 1.0
27.0 0.984242671831 1.0
52.0 0.925509317973 1.0
106.0 1.00481272568 1.0
11.0 0.899496156995 1.0
133.0 0.98941662505 1.0
159.0 1.00637087392 1.0
46.0 0.989623128744 1.0
object 23	1.0:1.0
126.0 1.01463166234 1.0
14.0 1.00457132798 1.0
31.0 0.995937814229 1.0
64.0 1.01750035478 1.0
101.0 1.00423862199 1.0
object 24	1.0:1.0
182.0 1.27426626991 1.0
183.0 -0.163410977328 1.0
118.0 1.01677437158 1.0
73.0 1.01449647834 1.0
6.0 0.99238977049 1.0
object 25	1.0:1.0
168.0 2.93518682346 1.0
160.0 1.81672679776 1.0
84.0 1.00011151012 1.0
127.0 1.02809201484 1.0
32.0 1.00257799461 1.0
34.0 0.987044307277 1.0
155.0 1.00481214045 1.0
2.0 0.994370066134 1.0
68.0 0.997726254509 1.0
194.0 -0.569026626241 1.0
6.0 1.03685118199 1.0
144.0 1.03397661684 1.0
object 26	1.0:1.0
74.0 1.04178849123 1.0
28.0 0.990650689105 1.0
92.0 1.01265706402 1.0
63.0 0.982563923103 1.0
10.0 1.00536807787 1.0
128.0 0.922213587192 1.0
21.0 1.04166267767 1.0
15.0 1.00410429679 1.0
11.0 0.979661006755 1.0
154.0 0.953163335217 1.0
165.0 -1.04866687615 1.0
7.0 1.00544323767 1.0
object 27	1.0:1.0
20.0 0.940341040551 1.0
0.0 0.97177294904 1.0
17.0 1.01382281777 1.0
151.0 1.03303199496 1.0
78.0 0.961100389089 1.0
24.0 0.960471454096 1.0
55.0 0.937256445436 1.0
110.0 0.999368013109 1.0
93.0 1.01021442376 1.0
object 28	1.0:1.0
23.0 0.949695286003 1.0
4.0 1.02045656466 1.0
25.0 0.970793804386 1.0
115.0 0.927757977604 1.0
164.0 -1.2061318874 1.0
29.0 1.07434231556 1.0
111.0 1.02713995443 1.0
102.0 0.989914478557 1.0
57.0 1.05866812666 1.0
181.0 3.87229665622 1.0
113.0 1.05751746657 1.0
51.0 1.00637341635 1.0
83.0 1.00960843314 1.0
8.0 0.961014911334 1.0
112.0 1.02831911485 1.0
object 29	1.0:1.0
65.0 0.979593124415 1.0
169.0 3.1342990743 1.0
89.0 1.0001991024 1.0
114.0 0.964327849817 1.0
120.0 0.995756972233 1.0
98.0 0.975490225448 1.0
171.0 1.02288791232 1.0
102.0 0.962646620963 1.0
67.0 0.980029497746 1.0
object 30	1.0:1.0
58.0 0.987521043837 1.0
52.0 0.988579709095 1.0
23.0 0.996797897088 1.0
object 31	1.0:1.0
34.0 0.995341262932 1.0
192.0 2.82465036248 1.0
186.0 -0.479904779997 1.0
47.0 0.993405106295 1.0
115.0 1.01613769092 1.0
object 32	1.0:1.0
168.0 0.768888187366 1.0
81.0 0.953403899344 1.0
10.0 1.00546986651 1.0
171.0 2.74598459387 1.0
object 33	1.0:1.0
165.0 3.70847784737 1.0
191.0 -1.7300501338 1.0
124.0 1.02194619618 1.0
167.0 -0.0460269528482 1.0
object 34	1.0:1.0
94.0 1.01064649004 1.0
62.0 1.01609717583 1.0
23.0 0.996066044124 1.0
39.0 0.997176064187 1.0
28.0 1.01184414835 1.0
69.0 0.984149686836 1.0
89.0 0.976089878093 1.0
13.0 0.999617046683 1.0
object 35	1.0:1.0
40.0 1.04125124904 1.0
4.0 1.03149840532 1.0
37.0 0.977096181409 1.0
182.0 -0.954025635625 1.0
158.0 1.06025951512 1.0
45.0 0.994570340023 1.0
100.0 0.977708246979 1.0
66.0 1.00179967149 1.0
76.0 1.017298098 1.0
186.0 2.34287016567 1.0
171.0 -0.977766915697 1.0
160.0 2.62280509667 1.0
43.0 1.01339725834 1.0
object 36	1.0:1.0
114.0 0.981074637772 1.0
150.0 0.979224493928 1.0
31.0 0.998013123207 1.0
43.0 1.04528846443 1.0
179.0 0.399593422289 1.0
78.0 0.991596161181 1.0
85.0 1.01501197153 1.0
object 37	1.0:1.0
20.0 1.04593139751 1.0
178.0 2.40654467967 1.0
44.0 0.994122209942 1.0
21.0 0.932345870744 1.0
124.0 1.02630197458 1.0
139.0 1.01054654835 1.0
50.0 1.01036962622 1.0
92.0 1.01597805628 1.0
181.0 2.13359262773 1.0
147.0 1.06628919856 1.0
143.0 1.00629066644 1.0
169.0 3.97463969001 1.0
80.0 1.01431705443 1.0
object 38	1.0:1.0
159.0 1.0031413438 1.0
2.0 0.998772193344 1.0
130.0 1.02413056136 1.0
117.0 0.995431959329 1.0
156.0 1.00758466331 1.0
14.0 0.993905229009 1.0
104.0 0.904190519422 1.0
object 39	1.0:1.0
20.0 0.991432330277 1.0
54.0 0.998190428109 1.0
118.0 0.961923110371 1.0
27.0 1.0128949316 1.0
146.0 1.04991305227 1.0
139.0 1.03625590702 1.0
35.0 1.00934197366 1.0
30.0 1.02004155371 1.0
24.0 1.0875316163 1.0
object 40	1.0:1.0
160.0 5.42880831836 1.0
107.0 0.971811106152 1.0
42.0 0.971088158794 1.0
46.0 1.01042844879 1.0
102.0 0.992988892766 1.0
118.0 0.984453001131 1.0
158.0 1.03186949363 1.0
36.0 1.03460689095 1.0
84.0 0.993602407807 1.0
object 41	1.0:1.0
59.0 0.989773547478 1.0
6.0 0.964437804991 1.0
117.0 1.00096343323 1.0
5.0 1.02446883189 1.0
11.0 1.01454523 1.0
111.0 1.00675859009 1.0
190.0 1.71978916939 1.0
195.0 -0.308664710664 1.0
object 42	1.0:1.0
123.0 1.0300661821 1.0
139.0 1.00473195336 1.0
37.0 1.0382019902 1.0
151.0 1.03432121669 1.0
179.0 -2.58920304227 1.0
object 43	1.0:1.0
168.0 1.5483200174 1.0
67.0 0.994256514151 1.0
106.0 0.973942729497 1.0
59.0 0.981473990682 1.0
16.0 1.01667427171 1.0
17.0 0.976744085356 1.0
110.0 1.04655256383 1.0
142.0 1.05102239342 1.0
object 44	1.0:1.0
61.0 0.999689828995 1.0
111.0 0.970919249626 1.0
177.0 2.95599400784 1.0
189.0 0.217166171411 1.0
171.0 0.0580376786069 1.0
180.0 2.24673889284 1.0
101.0 0.978546662701 1.0
object 45	1.0:1.0
68.0 1.05237278565 1.0
183.0 -2.55102093586 1.0
21.0 0.96602732942 1.0
3.0 1.00321225359 1.0
140.0 0.995936592311 1.0
120.0 1.00801154004 1.0
185.0 -2.62389652451 1.0
97.0 0.954155190548 1.0
195.0 -0.417994388378 1.0
object 46	1.0:1.0
164.0 -2.86334682169 1.0
148.0 0.99877955338 1.0
113.0 0.897341021102 1.0
100.0 1.0191803525 1.0
168.0 2.09825193912 1.0
142.0 1.01133754097 1.0
37.0 0.969434817825 1.0
137.0 1.01254421628 1.0
58.0 0.948135187856 1.0
141.0 1.00971006494 1.0
object 47	1.0:1.0
47.0 0.98346563986 1.0
161.0 -6.9420239755 1.0
174.0 -3.23384471962 1.0
2.0 0.976586973486 1.0
59.0 0.990369005082 1.0
104.0 1.01716039155 1.0
6.0 1.0051988879 1.0
133.0 1.01725445094 1.0
32.0 0.982966438062 1.0
object 48	1.0:1.0
86.0 0.91076644685 1.0
165.0 -0.724552996266 1.0
96.0 0.979202278405 1.0
102.0 1.00983641883 1.0
95.0 1.00113817963 1.0
112.0 0.980422743994 1.0
40.0 0.935543449314 1.0
167.0 -0.219346000864 1.0
object 49	1.0:1.0
87.0 1.00069412806 1.0
30.0 1.00564246317 1.0
168.0 0.261605994246 1.0
169.0 2.65625544784 1.0
33.0 1.03927986246 1.0
53.0 0.990748130455 1.0
79.0 0.948439844336 1.0
31.0 0.997033036036 1.0
60.0 0.942987803646 1.0
175.0 0.678261119807 1.0
object 50	1.0:1.0
88.0 1.00712328339 1.0
12.0 1.0065965302 1.0
180.0 3.75670146066 1.0
6.0 1.04515461387 1.0
122.0 0.989630288333 1.0
133.0 0.972413810903 1.0
162.0 2.05681213259 1.0
object 51	1.0:1.0
43.0 0.986326956488 1.0
108.0 0.899485005456 1.0
138.0 1.06050709829 1.0
166.0 4.09223997652 1.0
83.0 0.976577286507 1.0
120.0 0.998880878798 1.0
123.0 0.915878590871 1.0
133.0 0.944583025978 1.0
32.0 1.03478315985 1.0
46.0 1.03883066103 1.0
197.0 10.2966661565 1.0
80.0 1.01516042076 1.0
13.0 0.980008981956 1.0
27.0 0.971162602601 1.0
23.0 1.0078082168 1.0
162.0 -2.84644911872 1.0
122.0 1.00148195259 1.0
object 52	1.0:1.0
113.0 0.995480637596 1.0
31.0 0.99430221877 1.0
149.0 0.993975057806 1.0
42.0 0.945861985554 1.0
88.0 0.997839101258 1.0
156.0 1.02074157266 1.0
180.0 -0.576303268017 1.0
100.0 1.0496681607 1.0
object 53	1.0:1.0
24.0 0.997336341136 1.0
175.0 0.24951573127 1.0
109.0 1.00148482549 1.0
84.0 0.971978401969 1.0
110.0 0.975718329302 1.0
32.0 1.00909211107 1.0
3.0 0.941176865746 1.0
79.0 0.995282570972 1.0
85.0 1.0272924834 1.0
object 54	1.0:1.0
162.0 -1.39975848592 1.0
18.0 0.941032021064 1.0
173.0 3.35144063344 1.0
122.0 1.01319901229 1.0
52.0 1.07000136842 1.0
116.0 1.02667132137 1.0
189.0 0.358424679196 1.0
7.0 0.933733871741 1.0
object 55	1.0:1.0
31.0 1.00463501064 1.0
72.0 1.00755946205 1.0
3.0 0.989759916822 1.0
181.0 -3.70043463303 1.0
68.0 1.03417048898 1.0
82.0 0.92702773206 1.0
103.0 0.977746994825 1.0
144.0 0.973150842468 1.0
25.0 0.920677104767 1.0
32.0 0.999263008991 1.0
96.0 0.961406167261 1.0
83.0 0.986966234961 1.0
193.0 1.4303011115 1.0
53.0 1.02161106458 1.0
185.0 0.507858615318 1.0
object 56	1.0:1.0
32.0 1.03479662139 1.0
187.0 -0.5325899175 1.0
120.0 1.00624679019 1.0
69.0 0.998079115335 1.0
41.0 1.03694691231 1.0
188.0 1.92158470888 1.0
192.0 0.62507312407 1.0
11.0 1.00848918629 1.0
162.0 3.20957386952 1.0
object 57	1.0:1.0
81.0 0.975615962511 1.0
109.0 0.931988857175 1.0
170.0 0.945524046643 1.0
178.0 3.98002506491 1.0
2.0 0.980278738218 1.0
100.0 1.03094473506 1.0
18.0 0.998503885298 1.0
58.0 0.978626254123 1.0
70.0 0.930656285893 1.0
180.0 1.72877543909 1.0
object 58	1.0:1.0
105.0 1.03677917374 1.0
95.0 1.0210573885 1.0
54.0 0.97719021947 1.0
112.0 0.975648933801 1.0
189.0 0.308693849393 1.0
139.0 0.971953074556 1.0
158.0 1.0128333748 1.0
object 59	1.0:1.0
139.0 0.988646921693 1.0
80.0 1.02436982855 1.0
110.0 1.01333655652 1.0
131.0 0.995130177505 1.0
67.0 1.02033387101 1.0
object 60	1.0:1.0
6.0 0.950318714398 1.0
86.0 0.976388851091 1.0
object 61	1.0:1.0
42.0 0.972335912912 1.0
90.0 0.990256360642 1.0
77.0 0.993086527008 1.0
175.0 3.94608797141 1.0
151.0 1.01188687142 1.0
81.0 0.988123420644 1.0
16.0 0.96569104557 1.0
12.0 1.00116911268 1.0
1.0 1.02408365661 1.0
113.0 1.08638593426 1.0
object 62	1.0:1.0
59.0 1.00293008294 1.0
163.0 -1.74657877303 1.0
192.0 0.662017813896 1.0
19.0 0.966474987514 1.0
158.0 1.01276890915 1.0
28.0 1.00028601554 1.0
77.0 1.01049364721 1.0
128.0 0.964035073869 1.0
153.0 0.993257561003 1.0
151.0 0.9926657275 1.0
object 63	1.0:1.0
73.0 1.03929377948 1.0
192.0 -3.61112559709 1.0
64.0 0.992684440526 1.0
84.0 1.02103090525 1.0
179.0 0.690244514901 1.0
114.0 0.964877382205 1.0
115.0 1.00247890075 1.0
75.0 0.965466347815 1.0
89.0 1.00682524425 1.0
119.0 1.01987591196 1.0
40.0 0.987092697357 1.0
74.0 1.00561893066 1.0
193.0 0.185342209267 1.0
144.0 1.09637244129 1.0
46.0 0.964513875916 1.0
31.0 0.994027825156 1.0
156.0 0.98939850161 1.0
27.0 0.98056166967 1.0
32.0 1.01852509664 1.0
33.0 0.967224059581 1.0
object 64	1.0:1.0
72.0 1.02148465868 1.0
185.0 -4.50467590396 1.0
76.0 1.00400210658 1.0
171.0 2.74152350554 1.0
151.0 0.965375217582 1.0
46.0 0.933171806462 1.0
object 65	1.0:1.0
138.0 0.981104276776 1.0
143.0 1.00739959919 1.0
142.0 0.936995014123 1.0
182.0 1.37871948803 1.0
116.0 1.02543752386 1.0
155.0 1.01485639969 1.0
97.0 1.02946844618 1.0
193.0 6.78811732804 1.0
7.0 0.936893165253 1.0
73.0 0.985041761174 1.0
object 66	1.0:1.0
168.0 2.45917120641 1.0
107.0 1.010257984 1.0
166.0 -0.608296064803 1.0
67.0 1.05008387325 1.0
10.0 0.987235420995 1.0
6.0 0.994148917164 1.0
19.0 0.992977112972 1.0
75.0 0.945780589649 1.0
87.0 1.0190320788 1.0
132.0 1.00669386648 1.0
153.0 0.978729969769 1.0
9.0 1.00013319374 1.0
object 67	1.0:1.0
96.0 0.999822435506 1.0
42.0 0.976973461441 1.0
6.0 0.931484814457 1.0
82.0 1.00555027846 1.0
188.0 -0.125603225324 1.0
1.0 0.996283288139 1.0
61.0 0.94464390012 1.0
84.0 1.01647028336 1.0
object 68	1.0:1.0
31.0 0.999047492411 1.0
19.0 1.00682284559 1.0
15.0 1.00228296645 1.0
178.0 3.5460085147 1.0
125.0 0.993380247135 1.0
10.0 0.998067806679 1.0
109.0 0.975723011275 1.0
173.0 0.820459977335 1.0
18.0 0.96323732924 1.0
133.0 0.976202828274 1.0
62.0 1.00383534039 1.0
166.0 3.27744289199 1.0
object 69	1.0:1.0
96.0 1.03749188106 1.0
52.0 1.04973569376 1.0
127.0 1.02111293458 1.0
188.0 -1.95828350784 1.0
28.0 1.01666841616 1.0
171.0 4.45854273466 1.0
61.0 0.966371678058 1.0
115.0 1.0319852797 1.0
87.0 0.982138144006 1.0
57.0 1.03631533227 1.0
123.0 1.0229952882 1.0
object 70	1.0:1.0
185.0 -4.70748941863 1.0
187.0 -0.892847636631 1.0
186.0 0.732511206447 1.0
156.0 0.980602469866 1.0
108.0 1.07797270828 1.0
object 71	1.0:1.0
175.0 2.5503935473 1.0
189.0 1.74183411495 1.0
85.0 1.04697852802 1.0
145.0 1.05507201297 1.0
181.0 3.44395089952 1.0
158.0 1.04183721311 1.0
41.0 1.02426063325 1.0
109.0 1.04474843124 1.0
134.0 0.962961086896 1.0
95.0 1.03945380065 1.0
32.0 1.00133867553 1.0
object 72	1.0:1.0
37.0 0.975738522579 1.0
185.0 -2.8028514183 1.0
43.0 0.919863919664 1.0
56.0 0.9817985703 1.0
116.0 0.990189426362 1.0
69.0 0.974080555885 1.0
21.0 0.948906984923 1.0
112.0 0.996997494368 1.0
object 73	1.0:1.0
61.0 0.987824508313 1.0
144.0 0.963996323632 1.0
76.0 0.992398530467 1.0
99.0 1.0055684353 1.0
23.0 1.03750696415 1.0
155.0 1.02580367183 1.0
162.0 5.52192016324 1.0
7.0 0.964618602358 1.0
124.0 0.936276069729 1.0
object 74	1.0:1.0
15.0 0.98150685437 1.0
199.0 9.44791166296 1.0
54.0 1.02008047838 1.0
63.0 0.975379873154 1.0
43.0 0.989478382325 1.0
52.0 1.03632789257 1.0
151.0 0.979214835522 1.0
153.0 0.994525035407 1.0
71.0 0.9815039853 1.0
110.0 1.0272989208 1.0
94.0 1.03274174807 1.0
3.0 1.02701702031 1.0
object 75	1.0:1.0
51.0 0.954732704667 1.0
8.0 0.994261449535 1.0
195.0 2.80550896721 1.0
172.0 2.50653527598 1.0
184.0 3.60304392681 1.0
163.0 1.76183494645 1.0
57.0 0.979624209308 1.0
111.0 0.99465252027 1.0
141.0 0.990394331931 1.0
object 76	1.0:1.0
85.0 0.997559528488 1.0
180.0 3.97766947268 1.0
95.0 1.02533541935 1.0
191.0 -0.309186228937 1.0
114.0 1.00372292553 1.0
38.0 1.03238433828 1.0
10.0 1.01921535899 1.0
162.0 0.567814713159 1.0
1.0 1.00000651603 1.0
118.0 0.994071762711 1.0
82.0 1.00688396621 1.0
185.0 1.44272963589 1.0
object 77	1.0:1.0
49.0 1.02647404492 1.0
2.0 0.95214113092 1.0
121.0 0.932353403394 1.0
29.0 1.02979815941 1.0
148.0 1.07463679558 1.0
61.0 0.981976626692 1.0
32.0 0.997223330415 1.0
4.0 1.00620477589 1.0
124.0 0.996643281581 1.0
24.0 1.02824937687 1.0
72.0 1.00055403523 1.0
162.0 -4.07303629442 1.0
45.0 0.985825666917 1.0
object 78	1.0:1.0
105.0 1.01182750187 1.0
148.0 0.976092552565 1.0
140.0 0.995037428717 1.0
124.0 1.03189384663 1.0
122.0 0.997663265506 1.0
167.0 0.568737022881 1.0
147.0 0.927864818005 1.0
139.0 1.01075643946 1.0
166.0 4.92177644477 1.0
156.0 1.0093382152 1.0
144.0 0.983987737105 1.0
34.0 0.995035836078 1.0
52.0 1.0357194133 1.0
object 79	1.0:1.0
86.0 0.931496774232 1.0
164.0 -3.96293823469 1.0
149.0 0.991958824675 1.0
151.0 0.954868481256 1.0
6.0 1.02059198923 1.0
10.0 0.999522161547 1.0
object 80	1.0:1.0
187.0 6.57612878775 1.0
128.0 1.0261483901 1.0
194.0 2.42345370553 1.0
63.0 1.00080996376 1.0
100.0 0.996926689623 1.0
140.0 1.00676520104 1.0
153.0 0.987477393747 1.0
59.0 0.961380084011 1.0
object 81	1.0:1.0
31.0 0.995667315791 1.0
191.0 1.80930223365 1.0
164.0 0.258030948624 1.0
150.0 1.02931234116 1.0
5.0 1.00904106027 1.0
139.0 0.970798546918 1.0
115.0 1.02783612689 1.0
172.0 -0.409506510542 1.0
94.0 0.976142775865 1.0
111.0 0.964624998217 1.0
object 82	1.0:1.0
63.0 1.00510511859 1.0
129.0 1.01092499549 1.0
163.0 1.31224974273 1.0
170.0 3.57869856723 1.0
192.0 1.24713742969 1.0
82.0 0.97962061714 1.0
85.0 1.03758205838 1.0
168.0 2.06103102086 1.0
188.0 -0.999832675771 1.0
102.0 1.01426890136 1.0
181.0 1.20580414173 1.0
object 83	1.0:1.0
130.0 1.02246981957 1.0
3.0 1.00637551714 1.0
122.0 1.00899759201 1.0
162.0 8.5293643031 1.0
180.0 -0.279615433878 1.0
95.0 1.02411863198 1.0
144.0 0.955901098345 1.0
65.0 1.00307786488 1.0
194.0 2.45790935362 1.0
187.0 6.63422584179 1.0
53.0 0.969431500392 1.0
37.0 0.987093844611 1.0
32.0 0.992172319899 1.0
89.0 1.02651955394 1.0
90.0 0.985255496616 1.0
object 84	1.0:1.0
39.0 0.960373811832 1.0
49.0 0.957320105008 1.0
177.0 4.24160127758 1.0
152.0 1.01849892092 1.0
134.0 0.973235380143 1.0
184.0 1.02258949446 1.0
149.0 0.991414362487 1.0
27.0 1.06720885597 1.0
object 85	1.0:1.0
14.0 1.02739151465 1.0
25.0 0.990393478153 1.0
76.0 1.01012521816 1.0
93.0 0.982176384587 1.0
5.0 0.978026860814 1.0
125.0 0.981696967582 1.0
92.0 0.997247457708 1.0
94.0 0.971782083987 1.0
object 86	1.0:1.0
0.0 0.983212265526 1.0
49.0 0.930392361088 1.0
196.0 4.93571213225 1.0
52.0 1.01685862745 1.0
93.0 1.00934833182 1.0
117.0 0.990427043177 1.0
37.0 0.986295830737 1.0
object 87	1.0:1.0
20.0 1.04613043177 1.0
103.0 1.02366712345 1.0
2.0 1.07034379413 1.0
191.0 0.0849732836794 1.0
158.0 1.01201316277 1.0
37.0 1.00830271548 1.0
108.0 0.960488666802 1.0
object 88	1.0:1.0
25.0 1.05061050498 1.0
77.0 1.0026629101 1.0
99.0 1.00296281503 1.0
176.0 -4.72408776993 1.0
107.0 1.01171095632 1.0
15.0 1.00639656789 1.0
49.0 1.06223078784 1.0
object 89	1.0:1.0
175.0 4.08897033528 1.0
28.0 0.99671921876 1.0
18.0 0.97464578886 1.0
150.0 0.987969017892 1.0
20.0 1.0245350568 1.0
object 90	1.0:1.0
71.0 1.00167624281 1.0
74.0 1.0178931028 1.0
128.0 0.979225948986 1.0
88.0 0.99718167137 1.0
35.0 0.987615459064 1.0
15.0 0.981500970133 1.0
25.0 0.977883495557 1.0
47.0 0.998360157792 1.0
28.0 0.994145158049 1.0
5.0 1.09028495861 1.0
160.0 0.892348739881 1.0
19.0 1.00484832555 1.0
111.0 1.03752036872 1.0
object 91	1.0:1.0
8.0 0.999835261816 1.0
129.0 1.01766062506 1.0
154.0 1.01133291868 1.0
109.0 0.989206095564 1.0
125.0 0.97847617644 1.0
67.0 1.01838725197 1.0
182.0 -4.02654595285 1.0
33.0 1.03103187809 1.0
91.0 1.0636222006 1.0
172.0 2.17989139452 1.0
object 92	1.0:1.0
51.0 0.992270785695 1.0
27.0 0.995301758351 1.0
175.0 1.73333778726 1.0
165.0 -0.166934860389 1.0
114.0 1.05799104216 1.0
3.0 0.987939943519 1.0
57.0 0.978796688528 1.0
object 93	1.0:1.0
151.0 1.01069749298 1.0
93.0 1.0090462788 1.0
22.0 0.960714196095 1.0
80.0 1.03351599939 1.0
6.0 0.990003018231 1.0
177.0 2.12849689584 1.0
185.0 3.71404624507 1.0
105.0 0.995657257383 1.0
147.0 1.00949797687 1.0
object 94	1.0:1.0
196.0 7.36199051147 1.0
86.0 0.9593377192 1.0
130.0 1.00798083164 1.0
99.0 0.988816046014 1.0
100.0 0.996095533624 1.0
object 95	1.0:1.0
1.0 1.01586933819 1.0
63.0 1.00707567499 1.0
159.0 1.01443988528 1.0
11.0 0.97233029546 1.0
106.0 0.980816663728 1.0
5.0 1.07553421947 1.0
16.0 1.01621789086 1.0
41.0 1.01404596446 1.0
143.0 0.968638930979 1.0
18.0 1.02429067383 1.0
151.0 1.00719428839 1.0
object 96	1.0:1.0
157.0 1.02366133756 1.0
77.0 1.01049865927 1.0
197.0 -2.11769805859 1.0
94.0 1.00691960686 1.0
192.0 -1.07936661145 1.0
18.0 0.983440262217 1.0
64.0 1.02894909135 1.0
57.0 0.966999363231 1.0
166.0 9.32871272536 1.0
14.0 0.996392701715 1.0
21.0 1.01870207358 1.0
171.0 -1.21103678795 1.0
121.0 1.05555832626 1.0
176.0 0.641867431035 1.0
123.0 0.938886717821 1.0
object 97	1.0:1.0
156.0 1.00227525923 1.0
62.0 0.983671301908 1.0
60.0 0.976883340009 1.0
173.0 -0.907702409881 1.0
18.0 0.979643400619 1.0
101.0 0.985363563177 1.0
0.0 0.954156465212 1.0
34.0 1.00943854606 1.0
51.0 0.982658517267 1.0
140.0 0.955297828699 1.0
119.0 1.02905989455 1.0
object 98	1.0:1.0
179.0 1.33308843524 1.0
12.0 0.998588556601 1.0
159.0 1.01297801116 1.0
104.0 0.979503913687 1.0
185.0 3.7374112906 1.0
57.0 1.01855534628 1.0
22.0 1.01550605121 1.0
105.0 0.99145984669 1.0
92.0 0.995508348597 1.0
15.0 0.989875929816 1.0
object 99	1.0:1.0
196.0 -4.14103655426 1.0
194.0 1.79765568699 1.0
86.0 1.02790812214 1.0
120.0 1.02033844753 1.0
143.0 0.983270050524 1.0
127.0 1.00249240644 1.0
48.0 1.03731453774 1.0
152.0 1.0197913746 1.0
87.0 0.992492794978 1.0
