object 0	1.0:1.0
56.0 1.06565722815 1.0
110.0 0.964878282098 1.0
98.0 0.99235735647 1.0
132.0 1.02467856802 1.0
19.0 0.978046333907 1.0
60.0 1.01211612358 1.0
141.0 0.979139407896 1.0
76.0 0.951615473156 1.0
10.0 0.970734093363 1.0
0.0 1.04383182328 1.0
90.0 1.00502413755 1.0
59.0 1.00271573928 1.0
170.0 1.54103904285 1.0
107.0 0.997100315015 1.0
8.0 0.991640081418 1.0
7.0 0.981952102201 1.0
115.0 1.01459901903 1.0
93.0 0.997080840023 1.0
191.0 -0.981323293021 1.0
37.0 0.998395653933 1.0
77.0 0.999122640041 1.0
65.0 1.00645878479 1.0
40.0 1.02104839101 1.0
109.0 1.06183483238 1.0
167.0 1.13856451602 1.0
78.0 0.927929252233 1.0
122.0 0.932222000732 1.0
34.0 0.987118432353 1.0
35.0 0.924908791218 1.0
189.0 0.343970447051 1.0
54.0 0.971970353404 1.0
42.0 1.01277535137 1.0
43.0 1.01909125617 1.0
108.0 1.02162425742 1.0
168.0 -0.874608690237 1.0
121.0 0.977780275592 1.0
object 1	1.0:1.0
22.0 0.934136028283 1.0
171.0 1.16618311462 1.0
20.0 0.979897703355 1.0
28.0 0.974861071967 1.0
106.0 1.02427509255 1.0
179.0 3.00158753087 1.0
120.0 0.993286689684 1.0
194.0 0.571348742612 1.0
183.0 -2.89008896869 1.0
177.0 -1.08167671843 1.0
81.0 1.01591629466 1.0
13.0 0.997423673712 1.0
25.0 1.01887282895 1.0
87.0 0.993161612364 1.0
55.0 0.994821250043 1.0
65.0 1.04506421148 1.0
77.0 0.966344418598 1.0
105.0 1.02522812645 1.0
131.0 0.999755816652 1.0
32.0 0.985696818962 1.0
111.0 0.92167166742 1.0
17.0 1.00569110168 1.0
190.0 -1.23603812628 1.0
70.0 1.03883301735 1.0
54.0 1.00565294029 1.0
163.0 2.64041759596 1.0
189.0 -6.49371177364 1.0
110.0 1.04382399828 1.0
95.0 1.01253904524 1.0
109.0 1.03984703852 1.0
185.0 -0.107656450619 1.0
62.0 1.01194855066 1.0
121.0 1.00495295065 1.0
138.0 0.984454262295 1.0
object 2	1.0:1.0
170.0 -0.962750731458 1.0
5.0 1.03603069171 1.0
124.0 0.973861297543 1.0
2.0 0.999187262313 1.0
164.0 -2.33205031036 1.0
161.0 1.62659274832 1.0
135.0 1.00764411269 1.0
46.0 0.997093960983 1.0
109.0 0.970390988632 1.0
105.0 0.996337631804 1.0
131.0 1.03676976022 1.0
138.0 1.00697096737 1.0
70.0 0.958300672345 1.0
122.0 1.0352108702 1.0
76.0 0.995180418963 1.0
180.0 1.56056415767 1.0
21.0 1.04883210927 1.0
101.0 0.990303373524 1.0
157.0 0.988104873106 1.0
163.0 -5.91627489985 1.0
197.0 0.511418087245 1.0
166.0 -1.79401743984 1.0
142.0 1.0050611774 1.0
object 3	1.0:1.0
51.0 1.01900187587 1.0
121.0 0.952105584752 1.0
19.0 1.00713922934 1.0
11.0 0.9994956709 1.0
129.0 0.990950663378 1.0
185.0 -0.307297756895 1.0
14.0 1.00728112649 1.0
40.0 1.01572694352 1.0
165.0 5.38619317932 1.0
178.0 2.55511776272 1.0
115.0 0.988113846622 1.0
66.0 1.02759847459 1.0
37.0 1.00682444053 1.0
31.0 1.04727087153 1.0
52.0 0.984330674309 1.0
59.0 0.998605730867 1.0
48.0 1.0174171754 1.0
58.0 0.962780264266 1.0
35.0 0.980439705417 1.0
object 4	1.0:1.0
1.0 1.00321000616 1.0
16.0 1.00336262919 1.0
172.0 1.90212820244 1.0
19.0 0.987971491455 1.0
69.0 1.04516871998 1.0
73.0 0.980487293367 1.0
151.0 0.988548526424 1.0
82.0 0.976520823195 1.0
175.0 -12.4076402379 1.0
55.0 1.02025360876 1.0
181.0 7.75399544784 1.0
31.0 1.02723701918 1.0
18.0 0.961389519072 1.0
183.0 7.10027685588 1.0
106.0 1.0315418645 1.0
168.0 -1.90190903036 1.0
182.0 -1.43114090674 1.0
154.0 1.01649895184 1.0
131.0 0.992935287867 1.0
122.0 0.982090024264 1.0
93.0 1.03167437199 1.0
195.0 -5.62827239279 1.0
46.0 1.00701068054 1.0
27.0 1.00396928094 1.0
77.0 0.962321155355 1.0
142.0 0.966381860506 1.0
56.0 0.992064177814 1.0
147.0 1.0196319338 1.0
149.0 1.00413100554 1.0
164.0 1.81033097832 1.0
117.0 1.02138121339 1.0
0.0 0.940330492614 1.0
12.0 0.979510750515 1.0
object 5	1.0:1.0
0.0 0.992787174317 1.0
111.0 1.05007462455 1.0
115.0 0.973423557334 1.0
86.0 1.10607939896 1.0
73.0 1.02179034059 1.0
169.0 3.80747847505 1.0
178.0 0.918633415218 1.0
15.0 0.984075259269 1.0
195.0 0.0419396622416 1.0
147.0 1.01283087665 1.0
112.0 0.981833889555 1.0
110.0 1.02966666187 1.0
30.0 0.990342651273 1.0
59.0 1.02599369618 1.0
70.0 1.0507891067 1.0
1.0 1.00074899416 1.0
20.0 1.048061261 1.0
157.0 0.985404937041 1.0
196.0 1.07741529514 1.0
78.0 1.02679425193 1.0
42.0 1.02024764089 1.0
199.0 1.65908949813 1.0
61.0 0.976753773475 1.0
188.0 0.708703930105 1.0
168.0 5.05486507015 1.0
131.0 1.03218953774 1.0
14.0 0.964929630911 1.0
129.0 1.0039433007 1.0
125.0 0.992368302573 1.0
60.0 1.02854799212 1.0
object 6	1.0:1.0
132.0 0.987918964021 1.0
45.0 1.00484815615 1.0
80.0 1.00661124668 1.0
3.0 1.00179032875 1.0
195.0 3.19002639005 1.0
26.0 1.01823541738 1.0
175.0 3.73497570747 1.0
108.0 0.992610077569 1.0
161.0 -0.49176236975 1.0
50.0 0.984653337675 1.0
116.0 0.96977666232 1.0
79.0 0.992698866419 1.0
10.0 0.988289688914 1.0
163.0 0.134418841107 1.0
194.0 -1.45700929597 1.0
168.0 -2.34026342698 1.0
148.0 1.03124853617 1.0
97.0 1.03101680563 1.0
135.0 0.963096103244 1.0
93.0 1.02258702953 1.0
74.0 1.00033982986 1.0
140.0 0.988597533571 1.0
199.0 1.18242702601 1.0
object 7	1.0:1.0
194.0 -0.809013565233 1.0
0.0 1.04574440045 1.0
29.0 0.999393924822 1.0
79.0 1.01600265945 1.0
44.0 0.973462987058 1.0
173.0 2.77041004491 1.0
31.0 1.00232220959 1.0
193.0 0.24870407217 1.0
181.0 8.6213399329 1.0
196.0 3.97043073904 1.0
9.0 0.978938772013 1.0
97.0 1.02795358404 1.0
107.0 0.993539835424 1.0
83.0 0.974704980343 1.0
125.0 1.00829052923 1.0
184.0 0.996882557789 1.0
70.0 1.02053016853 1.0
116.0 1.0074873416 1.0
63.0 0.974589000614 1.0
95.0 1.00154083319 1.0
3.0 1.03254330062 1.0
48.0 1.01293206058 1.0
100.0 0.971107883898 1.0
2.0 0.982832894654 1.0
104.0 1.01207379572 1.0
115.0 1.00666320645 1.0
157.0 0.982051656676 1.0
186.0 0.862487015634 1.0
82.0 1.01018409661 1.0
42.0 0.974276892065 1.0
5.0 0.989851359602 1.0
59.0 1.00340013481 1.0
127.0 1.08065859402 1.0
object 8	1.0:1.0
44.0 0.987558866721 1.0
199.0 2.4035888401 1.0
144.0 0.975394505637 1.0
88.0 0.994458103591 1.0
18.0 0.950540775326 1.0
68.0 0.970296769388 1.0
10.0 1.00545048049 1.0
35.0 1.1023646377 1.0
124.0 0.936719182065 1.0
130.0 0.979228489628 1.0
56.0 0.995518128071 1.0
105.0 1.04393676945 1.0
58.0 0.989821234277 1.0
74.0 0.989216721556 1.0
165.0 -2.37467554712 1.0
33.0 0.973225429023 1.0
117.0 1.02815316818 1.0
69.0 1.05126746287 1.0
78.0 1.02016257599 1.0
26.0 1.00471804882 1.0
83.0 1.05250793626 1.0
85.0 1.02331146672 1.0
94.0 0.990437751009 1.0
71.0 1.0165746429 1.0
32.0 1.04024503252 1.0
object 9	1.0:1.0
199.0 1.99822535685 1.0
74.0 0.972704932473 1.0
49.0 1.00291053041 1.0
187.0 1.33278457165 1.0
160.0 1.20573244703 1.0
1.0 1.00703329483 1.0
168.0 0.430376519271 1.0
38.0 0.982943616177 1.0
188.0 2.68205765435 1.0
120.0 0.969460563808 1.0
154.0 0.973156910518 1.0
161.0 1.90554084135 1.0
149.0 1.07768311527 1.0
181.0 5.49737655216 1.0
40.0 1.0894113631 1.0
0.0 1.06385123884 1.0
197.0 -2.27585648996 1.0
127.0 1.0128351411 1.0
56.0 1.00583704158 1.0
172.0 1.04779896979 1.0
162.0 0.929432286247 1.0
object 10	1.0:1.0
81.0 1.00560466514 1.0
92.0 0.957250229942 1.0
79.0 1.02654042447 1.0
42.0 1.0343128253 1.0
69.0 1.00497465561 1.0
41.0 1.00507997985 1.0
36.0 0.983021653714 1.0
61.0 1.01672629399 1.0
87.0 1.02368190076 1.0
14.0 1.06751569704 1.0
148.0 0.938720019286 1.0
119.0 1.0038610538 1.0
116.0 0.950911196789 1.0
56.0 1.01407680058 1.0
20.0 0.992441415772 1.0
142.0 1.06187867492 1.0
89.0 1.05121147131 1.0
48.0 1.01593156255 1.0
118.0 0.925838212531 1.0
132.0 1.00164120107 1.0
13.0 0.988650670406 1.0
55.0 0.976338096597 1.0
7.0 1.05495878049 1.0
object 11	1.0:1.0
48.0 1.02812512026 1.0
117.0 1.02493832557 1.0
110.0 1.06461394802 1.0
41.0 0.985319480069 1.0
176.0 4.41586762952 1.0
129.0 0.916362608515 1.0
66.0 0.962091574922 1.0
60.0 1.03190378471 1.0
6.0 0.997204818054 1.0
68.0 1.05169505366 1.0
84.0 1.01899936327 1.0
103.0 1.00370610417 1.0
42.0 0.994915063608 1.0
98.0 1.00063773999 1.0
130.0 0.991957505244 1.0
11.0 1.00166077172 1.0
31.0 0.908691784717 1.0
181.0 2.54641276583 1.0
175.0 -0.282710654428 1.0
23.0 0.990412758973 1.0
77.0 0.978718623228 1.0
92.0 0.965459704642 1.0
178.0 1.65762996704 1.0
152.0 1.03466184978 1.0
131.0 1.06477118248 1.0
173.0 6.66171915733 1.0
44.0 0.979261695379 1.0
101.0 0.993572743439 1.0
121.0 1.01464894548 1.0
5.0 0.990237191522 1.0
199.0 2.65581705601 1.0
118.0 1.05541348037 1.0
object 12	1.0:1.0
61.0 0.982620062661 1.0
132.0 1.03054973399 1.0
1.0 1.02152629347 1.0
27.0 1.014559566 1.0
66.0 1.06255752854 1.0
176.0 3.21253590961 1.0
95.0 1.00335573003 1.0
154.0 1.02071731081 1.0
182.0 -0.555026322393 1.0
57.0 0.985267114917 1.0
20.0 1.03204278217 1.0
137.0 0.998218694658 1.0
81.0 1.01199107433 1.0
194.0 -1.17914830489 1.0
72.0 0.983658349527 1.0
191.0 3.79729284706 1.0
127.0 1.06072808587 1.0
169.0 0.832053562559 1.0
69.0 0.929507412046 1.0
74.0 0.962547422205 1.0
7.0 0.9784640692 1.0
129.0 0.971511488568 1.0
47.0 1.03322992721 1.0
object 13	1.0:1.0
38.0 1.00384626544 1.0
132.0 0.966372108163 1.0
19.0 1.02165974989 1.0
128.0 0.97490969631 1.0
186.0 0.984292472072 1.0
175.0 -4.2033881481 1.0
121.0 0.997021056215 1.0
67.0 0.990543815202 1.0
24.0 1.02912458884 1.0
11.0 0.964538995099 1.0
36.0 1.02998311595 1.0
25.0 0.994789943933 1.0
12.0 0.969273452361 1.0
144.0 0.999043830828 1.0
13.0 0.96674452701 1.0
191.0 0.326673901991 1.0
77.0 1.07499694908 1.0
185.0 0.918141528709 1.0
197.0 0.846191413748 1.0
3.0 0.964455728625 1.0
15.0 0.974913581033 1.0
20.0 1.09829673367 1.0
75.0 1.01489807415 1.0
147.0 1.03831942781 1.0
137.0 1.00490010432 1.0
172.0 -0.136075007822 1.0
87.0 1.03994243366 1.0
114.0 0.995778103685 1.0
82.0 1.01793416457 1.0
57.0 0.931379210662 1.0
106.0 0.893451234991 1.0
101.0 0.990722429112 1.0
object 14	1.0:1.0
91.0 1.03114534817 1.0
31.0 0.983525404569 1.0
110.0 0.994036403137 1.0
42.0 1.05478510885 1.0
127.0 1.04793195485 1.0
197.0 -1.0369044112 1.0
18.0 1.04667420075 1.0
166.0 4.23834335822 1.0
184.0 1.01776991365 1.0
24.0 1.00359443581 1.0
20.0 0.967981204654 1.0
76.0 0.983135046578 1.0
162.0 1.32002988452 1.0
97.0 1.02273300133 1.0
174.0 3.90097515277 1.0
189.0 -1.16368178499 1.0
149.0 1.00973157247 1.0
77.0 1.04295659373 1.0
object 15	1.0:1.0
57.0 1.03359929091 1.0
11.0 1.02528159674 1.0
51.0 1.04288325194 1.0
189.0 -2.74065513074 1.0
109.0 1.04893572719 1.0
113.0 0.986478609913 1.0
29.0 1.01680956282 1.0
174.0 5.00625822486 1.0
129.0 1.016609357 1.0
69.0 1.01331853815 1.0
185.0 -0.563371694765 1.0
19.0 1.00705355865 1.0
85.0 1.02545547563 1.0
21.0 0.982624021861 1.0
118.0 0.940036992075 1.0
198.0 2.96274678089 1.0
156.0 0.999323770594 1.0
158.0 1.01874403206 1.0
162.0 0.537934646064 1.0
97.0 1.03897307041 1.0
60.0 1.00668916285 1.0
70.0 0.946787118089 1.0
177.0 -0.983671022762 1.0
175.0 3.17825867964 1.0
62.0 1.01602655654 1.0
object 16	1.0:1.0
90.0 1.01828567116 1.0
73.0 1.0400444977 1.0
174.0 -0.145062139797 1.0
15.0 0.955919489096 1.0
70.0 0.998440616036 1.0
192.0 0.667735629396 1.0
166.0 0.935531292221 1.0
191.0 -0.530903373907 1.0
24.0 1.00031342371 1.0
32.0 1.05521059541 1.0
88.0 1.02166147006 1.0
39.0 1.09400645054 1.0
143.0 0.994196507101 1.0
81.0 1.02023117023 1.0
49.0 0.995370817392 1.0
64.0 0.999942177529 1.0
30.0 0.97932561019 1.0
170.0 1.41821780179 1.0
139.0 1.01852500679 1.0
89.0 0.994889731534 1.0
31.0 0.991635343676 1.0
51.0 1.03935366395 1.0
199.0 0.140600214231 1.0
93.0 0.991146671399 1.0
91.0 0.957671601042 1.0
147.0 1.03054488965 1.0
object 17	1.0:1.0
88.0 0.970285400091 1.0
175.0 5.92896178393 1.0
77.0 1.02336245502 1.0
179.0 1.63301510566 1.0
132.0 0.994519703217 1.0
193.0 -2.88551431941 1.0
158.0 0.996189056115 1.0
159.0 0.980497184191 1.0
13.0 1.00280811554 1.0
29.0 1.00965937594 1.0
44.0 1.03760848953 1.0
97.0 0.984489730107 1.0
42.0 0.982442920049 1.0
109.0 1.00482623303 1.0
126.0 0.988291778579 1.0
166.0 -5.0887072963 1.0
112.0 0.986237575247 1.0
40.0 1.08724334419 1.0
31.0 0.995603314423 1.0
185.0 1.70476383692 1.0
73.0 1.00535506108 1.0
89.0 0.934848921629 1.0
26.0 1.01045485445 1.0
90.0 1.01488374272 1.0
object 18	1.0:1.0
45.0 0.976619884745 1.0
146.0 0.981930050861 1.0
34.0 1.07671911948 1.0
184.0 1.68298413894 1.0
172.0 -0.241920511532 1.0
35.0 0.99780435676 1.0
16.0 0.955210285145 1.0
151.0 0.976820563863 1.0
170.0 0.705317644824 1.0
117.0 1.05434469903 1.0
70.0 0.925215482405 1.0
194.0 0.744039078146 1.0
43.0 1.01532885824 1.0
21.0 1.04515776642 1.0
106.0 0.969630570678 1.0
88.0 0.987342303122 1.0
144.0 1.01877661716 1.0
98.0 0.991561863333 1.0
159.0 0.991389522312 1.0
42.0 1.02661803829 1.0
120.0 1.03162072155 1.0
13.0 1.01767987772 1.0
183.0 8.16025694745 1.0
56.0 1.00235032585 1.0
73.0 1.01470596818 1.0
8.0 1.020837611 1.0
object 19	1.0:1.0
173.0 0.0555727928012 1.0
40.0 0.943972646 1.0
87.0 0.97541761622 1.0
133.0 1.08352604415 1.0
154.0 0.995132518909 1.0
28.0 1.07857607565 1.0
89.0 1.06214403335 1.0
145.0 1.00314851823 1.0
51.0 0.976317988315 1.0
97.0 0.988341865226 1.0
144.0 0.970640024434 1.0
88.0 0.992411827199 1.0
195.0 -3.78304839664 1.0
19.0 0.985784515134 1.0
31.0 1.03924900667 1.0
object 20	1.0:1.0
22.0 0.994219936178 1.0
15.0 1.05727468812 1.0
31.0 0.977358007732 1.0
40.0 0.997439322402 1.0
143.0 0.905949720589 1.0
177.0 1.81987498482 1.0
170.0 0.385290775341 1.0
138.0 0.966291409653 1.0
180.0 2.07198342819 1.0
87.0 0.948612787459 1.0
197.0 -0.803118386141 1.0
101.0 0.992966989695 1.0
127.0 0.945341210862 1.0
10.0 1.05237787389 1.0
147.0 1.04632470575 1.0
24.0 1.06903393881 1.0
28.0 0.971665578735 1.0
object 21	1.0:1.0
79.0 1.05873273495 1.0
35.0 0.918485505094 1.0
28.0 0.94826783338 1.0
162.0 0.994174503069 1.0
98.0 0.997826604893 1.0
87.0 0.994158925451 1.0
71.0 1.02527364658 1.0
44.0 0.998154491114 1.0
106.0 1.02323591377 1.0
18.0 1.03247245427 1.0
29.0 0.940785711194 1.0
42.0 0.962181192743 1.0
179.0 -0.00307766209624 1.0
83.0 0.965828610242 1.0
10.0 0.941927703184 1.0
178.0 2.37373485131 1.0
72.0 1.00015185437 1.0
33.0 1.02360537299 1.0
3.0 0.988849352871 1.0
143.0 0.955039551452 1.0
199.0 -2.28770862632 1.0
57.0 1.01422318371 1.0
13.0 1.03015188687 1.0
155.0 0.979511614617 1.0
7.0 1.04217549229 1.0
27.0 0.962467734731 1.0
23.0 0.977645854079 1.0
170.0 2.83223619552 1.0
object 22	1.0:1.0
52.0 0.977140989126 1.0
127.0 0.98165398846 1.0
180.0 -0.53195137592 1.0
169.0 4.90480087042 1.0
74.0 0.92082846724 1.0
164.0 6.59952017678 1.0
85.0 1.01219617071 1.0
133.0 0.943117582966 1.0
71.0 0.946175556385 1.0
54.0 1.00588565173 1.0
177.0 -3.07784360183 1.0
124.0 1.03262620484 1.0
192.0 0.919098077651 1.0
49.0 0.983828414617 1.0
167.0 1.1698629254 1.0
122.0 0.965208844043 1.0
47.0 0.99266579917 1.0
181.0 2.97891263041 1.0
6.0 1.04175782343 1.0
190.0 3.04595991411 1.0
159.0 0.977316980379 1.0
138.0 0.972495721204 1.0
117.0 1.05108286807 1.0
79.0 1.05841334439 1.0
173.0 1.06412988968 1.0
135.0 1.03229432636 1.0
2.0 0.980711334877 1.0
76.0 0.969647370692 1.0
58.0 1.04809798375 1.0
172.0 -0.979813065513 1.0
143.0 0.994407665807 1.0
object 23	1.0:1.0
60.0 1.04481019544 1.0
147.0 1.04691615972 1.0
120.0 1.04188126971 1.0
191.0 -3.69501368068 1.0
110.0 0.949571978219 1.0
9.0 1.00723985726 1.0
79.0 0.992989700502 1.0
58.0 0.994720035611 1.0
166.0 -4.3627906109 1.0
89.0 0.991379353185 1.0
111.0 1.02061585817 1.0
187.0 3.82582987313 1.0
146.0 0.997099970859 1.0
108.0 0.974410989066 1.0
194.0 -1.03038851484 1.0
161.0 0.241404850254 1.0
199.0 1.82495730814 1.0
122.0 0.98309461657 1.0
99.0 1.00354623863 1.0
188.0 1.92381420697 1.0
44.0 1.04398787927 1.0
157.0 1.00888472827 1.0
176.0 1.47959713133 1.0
87.0 0.958415581207 1.0
95.0 0.998743859897 1.0
139.0 0.999874244832 1.0
20.0 1.00374102527 1.0
46.0 0.984550650522 1.0
16.0 1.01083447275 1.0
136.0 1.00251490969 1.0
object 24	1.0:1.0
106.0 0.960031095731 1.0
27.0 1.01174381121 1.0
179.0 -0.843283999997 1.0
2.0 1.0177803264 1.0
116.0 0.984450123612 1.0
167.0 1.16232752233 1.0
63.0 1.03088683902 1.0
89.0 0.982621645084 1.0
188.0 4.75122565258 1.0
95.0 0.999445438687 1.0
103.0 0.983559938266 1.0
140.0 0.961295751118 1.0
129.0 1.0213302673 1.0
58.0 1.05602376659 1.0
26.0 0.9381955264 1.0
75.0 0.925104561898 1.0
128.0 0.967469261545 1.0
9.0 0.968033549776 1.0
194.0 -1.73320710781 1.0
object 25	1.0:1.0
107.0 1.05080999263 1.0
194.0 4.01803844132 1.0
33.0 1.01209807302 1.0
161.0 0.899441326827 1.0
7.0 0.961592159914 1.0
50.0 0.959594373261 1.0
20.0 0.958026111276 1.0
106.0 1.01675161227 1.0
89.0 0.957373830769 1.0
144.0 1.02590932865 1.0
3.0 0.974404520751 1.0
158.0 1.0042807056 1.0
162.0 1.71734472154 1.0
196.0 2.67547071443 1.0
41.0 1.06557988675 1.0
5.0 1.00020834946 1.0
81.0 1.00593808186 1.0
138.0 0.985281475854 1.0
187.0 -1.82499679187 1.0
39.0 0.953545560275 1.0
119.0 1.02661135309 1.0
135.0 1.04346988408 1.0
130.0 0.946377833118 1.0
96.0 0.986009313859 1.0
14.0 1.03817440327 1.0
32.0 0.976006353534 1.0
76.0 0.982732691188 1.0
123.0 0.980281203239 1.0
125.0 1.05064498853 1.0
126.0 1.01086507841 1.0
84.0 0.988658308183 1.0
object 26	1.0:1.0
93.0 1.02707501231 1.0
70.0 0.992559316991 1.0
42.0 1.00130900178 1.0
150.0 0.994129254824 1.0
84.0 0.929178397943 1.0
142.0 0.914677328413 1.0
49.0 0.994597119369 1.0
148.0 1.03882423724 1.0
71.0 1.02179451339 1.0
75.0 0.985103205876 1.0
43.0 0.977485954967 1.0
86.0 1.00553495566 1.0
35.0 0.986831711776 1.0
12.0 1.03931250805 1.0
182.0 -0.267508916148 1.0
80.0 1.01166681739 1.0
44.0 0.966674229713 1.0
140.0 1.00140136631 1.0
61.0 1.00929286731 1.0
152.0 1.00964137853 1.0
46.0 1.01159160118 1.0
125.0 0.978771954336 1.0
183.0 1.26617179618 1.0
31.0 1.00992084955 1.0
28.0 1.00325338052 1.0
83.0 0.946238900636 1.0
object 27	1.0:1.0
31.0 1.0679044322 1.0
111.0 1.02939944128 1.0
140.0 1.0264269983 1.0
98.0 1.03068483886 1.0
95.0 1.01129653675 1.0
182.0 -5.96661632257 1.0
127.0 0.972516715651 1.0
85.0 0.995625546016 1.0
190.0 -4.4471720936 1.0
119.0 1.06154498133 1.0
145.0 1.00223018034 1.0
76.0 0.979358508061 1.0
131.0 0.922722472095 1.0
42.0 1.01497385241 1.0
22.0 0.974545501116 1.0
44.0 1.02997520575 1.0
87.0 1.00620857874 1.0
195.0 1.1199682963 1.0
37.0 0.989213706835 1.0
186.0 -1.96441310229 1.0
55.0 1.06319235054 1.0
174.0 1.39777989744 1.0
56.0 0.951812552441 1.0
198.0 2.25157673472 1.0
45.0 1.00204814207 1.0
object 28	1.0:1.0
172.0 -4.66289499586 1.0
33.0 1.02896956809 1.0
160.0 1.04157772752 1.0
79.0 0.994618044366 1.0
124.0 1.00724496094 1.0
5.0 0.973196102924 1.0
50.0 1.00717352935 1.0
142.0 0.950231571599 1.0
143.0 1.03255660915 1.0
43.0 0.97477320175 1.0
135.0 1.05386667407 1.0
195.0 -2.34507425718 1.0
95.0 1.01558353277 1.0
150.0 0.975905362154 1.0
145.0 0.951378656273 1.0
147.0 0.958043948802 1.0
119.0 0.96611999337 1.0
118.0 0.984286490236 1.0
15.0 1.04120122771 1.0
168.0 2.63471974884 1.0
134.0 0.975185026816 1.0
190.0 5.84158254305 1.0
125.0 0.996581734868 1.0
54.0 0.988536560966 1.0
105.0 0.979008491659 1.0
58.0 1.07023052687 1.0
106.0 0.998082250911 1.0
82.0 0.965108698466 1.0
object 29	1.0:1.0
181.0 -0.493085562443 1.0
102.0 0.99589250389 1.0
73.0 1.04255224583 1.0
188.0 2.6870007658 1.0
175.0 3.52085231916 1.0
69.0 0.92336092355 1.0
196.0 -1.37070335795 1.0
163.0 0.155613544998 1.0
142.0 1.03955256698 1.0
49.0 1.02138315032 1.0
199.0 3.06907568223 1.0
164.0 1.56156440375 1.0
41.0 1.00567028804 1.0
37.0 1.01812459092 1.0
68.0 1.02339994644 1.0
3.0 1.01902054615 1.0
8.0 0.984028133326 1.0
108.0 1.00170239335 1.0
38.0 1.02706985653 1.0
165.0 -1.04953179796 1.0
7.0 1.0150321717 1.0
126.0 1.00220830376 1.0
117.0 0.955371129538 1.0
43.0 1.04109752962 1.0
79.0 0.996030367673 1.0
136.0 0.99983704561 1.0
0.0 1.12658123673 1.0
object 30	1.0:1.0
54.0 0.984808278493 1.0
184.0 -3.74491091687 1.0
103.0 0.980108415869 1.0
198.0 1.24349127476 1.0
159.0 0.976079152468 1.0
24.0 1.00440089744 1.0
94.0 0.988738093362 1.0
23.0 0.977758635025 1.0
58.0 1.03306598515 1.0
185.0 1.37920278332 1.0
133.0 1.00420948113 1.0
144.0 1.00982035698 1.0
38.0 1.01113845779 1.0
44.0 1.094502884 1.0
100.0 0.962086396339 1.0
171.0 -1.13602809194 1.0
1.0 1.02422489611 1.0
12.0 0.967120489678 1.0
176.0 4.24406254598 1.0
199.0 2.99680636753 1.0
179.0 1.12076354685 1.0
49.0 0.979544701386 1.0
63.0 1.0193922513 1.0
196.0 1.93160309111 1.0
85.0 1.02634116746 1.0
33.0 0.998835375002 1.0
170.0 1.50577635692 1.0
147.0 0.977001593207 1.0
180.0 1.5038956045 1.0
76.0 0.974763126142 1.0
113.0 0.935505499102 1.0
174.0 2.8114539569 1.0
4.0 1.02060670864 1.0
object 31	1.0:1.0
118.0 1.01562498304 1.0
44.0 1.07879237411 1.0
9.0 1.01273831962 1.0
161.0 0.71739943896 1.0
154.0 1.03887994166 1.0
142.0 1.05874176632 1.0
58.0 0.978287611473 1.0
197.0 4.47744579212 1.0
135.0 0.966556879921 1.0
153.0 0.963994340645 1.0
41.0 0.984333143153 1.0
28.0 0.955850169934 1.0
27.0 0.930282225699 1.0
185.0 -1.69409937868 1.0
182.0 -5.46088823538 1.0
183.0 0.0491524154092 1.0
76.0 0.987975875134 1.0
178.0 4.24018341597 1.0
181.0 -0.544616470262 1.0
86.0 1.00197805517 1.0
61.0 0.993795240206 1.0
168.0 -0.093418930035 1.0
128.0 0.94413869572 1.0
177.0 -0.300667588775 1.0
82.0 0.940704009903 1.0
38.0 0.984732412987 1.0
object 32	1.0:1.0
92.0 1.00628055145 1.0
156.0 0.992415708875 1.0
6.0 1.00150799304 1.0
197.0 -0.223040419979 1.0
97.0 1.02609389971 1.0
18.0 0.984697937362 1.0
44.0 0.960890803152 1.0
39.0 1.02808219406 1.0
110.0 0.95959257103 1.0
166.0 8.51370511283 1.0
185.0 1.48387275985 1.0
88.0 1.06389194508 1.0
72.0 1.00265683047 1.0
40.0 0.997075972471 1.0
4.0 1.00684579662 1.0
196.0 0.870854283154 1.0
182.0 4.4016634254 1.0
75.0 1.00907446119 1.0
143.0 1.01242881433 1.0
30.0 1.04506676461 1.0
100.0 0.903339324781 1.0
37.0 1.01081629707 1.0
object 33	1.0:1.0
131.0 1.05822716512 1.0
30.0 0.956656946968 1.0
136.0 0.999592880096 1.0
46.0 0.993819101761 1.0
111.0 0.964337606257 1.0
138.0 0.996607201455 1.0
195.0 -7.51159398142 1.0
147.0 1.01760864306 1.0
67.0 1.00783920719 1.0
160.0 -0.689861405552 1.0
142.0 1.02717092586 1.0
192.0 0.480156637156 1.0
66.0 0.964730437151 1.0
168.0 7.27748350922 1.0
157.0 0.988368841166 1.0
73.0 0.987147492633 1.0
13.0 0.984114099813 1.0
178.0 0.731948595861 1.0
134.0 0.93924241163 1.0
58.0 0.961874959506 1.0
6.0 0.994451728603 1.0
29.0 0.995327950608 1.0
39.0 0.97700225167 1.0
57.0 1.03044833573 1.0
193.0 -1.00196364406 1.0
50.0 1.04430473089 1.0
140.0 1.00097190266 1.0
152.0 0.945141703212 1.0
8.0 0.982768188822 1.0
101.0 1.0078028535 1.0
object 34	1.0:1.0
193.0 -7.40036001562 1.0
18.0 0.981151994026 1.0
181.0 -2.37217255622 1.0
159.0 1.02482716375 1.0
62.0 0.970801852994 1.0
115.0 0.989448904704 1.0
61.0 0.983599744454 1.0
82.0 1.03920874622 1.0
128.0 1.00438170137 1.0
90.0 1.00081517302 1.0
118.0 0.960182146458 1.0
58.0 0.925557542655 1.0
158.0 1.02096613123 1.0
148.0 1.07000862114 1.0
5.0 1.04226355371 1.0
130.0 1.06797517893 1.0
162.0 2.80897715769 1.0
184.0 -3.33013920111 1.0
97.0 1.03130496724 1.0
134.0 0.997403617128 1.0
161.0 2.00613644865 1.0
105.0 0.987589266542 1.0
52.0 1.00401618625 1.0
63.0 1.01525064196 1.0
185.0 3.7364855685 1.0
object 35	1.0:1.0
55.0 1.03501581836 1.0
117.0 1.0462139409 1.0
5.0 1.02397194165 1.0
189.0 1.82464729879 1.0
46.0 0.967026770715 1.0
107.0 0.967224230566 1.0
4.0 1.00642550719 1.0
33.0 1.03837943871 1.0
12.0 1.02712988665 1.0
101.0 0.993696468286 1.0
32.0 0.956817615937 1.0
165.0 2.76267509478 1.0
9.0 0.966875482494 1.0
163.0 2.77906570637 1.0
195.0 -6.66227554686 1.0
128.0 1.02657604978 1.0
97.0 1.05637655791 1.0
108.0 0.975440058148 1.0
73.0 0.997715600676 1.0
81.0 1.0050575741 1.0
49.0 0.993167957875 1.0
object 36	1.0:1.0
127.0 0.960086171662 1.0
151.0 1.02102958546 1.0
17.0 0.949492030218 1.0
23.0 1.0247574358 1.0
6.0 0.959852840218 1.0
146.0 0.992832846331 1.0
191.0 3.90148021522 1.0
38.0 1.00408477623 1.0
98.0 0.991959872817 1.0
100.0 1.08405618354 1.0
150.0 1.0081025203 1.0
41.0 0.947969780415 1.0
188.0 2.17505597284 1.0
75.0 0.951363926838 1.0
158.0 1.02072216642 1.0
106.0 1.02101959755 1.0
101.0 0.997379987823 1.0
147.0 0.99954482798 1.0
24.0 1.05294118569 1.0
49.0 0.980928309745 1.0
166.0 0.238620103593 1.0
178.0 -2.71196262938 1.0
39.0 0.962558263962 1.0
128.0 1.05990159527 1.0
124.0 1.00242091908 1.0
object 37	1.0:1.0
182.0 -0.383199300549 1.0
31.0 1.00976462027 1.0
136.0 0.997801839448 1.0
61.0 1.03594183354 1.0
59.0 1.00682837222 1.0
116.0 1.0151516664 1.0
180.0 2.93223113339 1.0
17.0 0.975703200734 1.0
188.0 0.554438479722 1.0
78.0 1.00236603285 1.0
121.0 1.02378500657 1.0
140.0 0.985361311231 1.0
190.0 0.142150978923 1.0
189.0 -0.650946127013 1.0
107.0 1.02387284391 1.0
108.0 0.962337179221 1.0
169.0 4.81118860713 1.0
177.0 5.30941970675 1.0
19.0 1.00850286447 1.0
179.0 2.76928047807 1.0
86.0 0.922470091617 1.0
175.0 -6.0028505066 1.0
23.0 0.943397363793 1.0
10.0 1.01712214855 1.0
131.0 1.0357109178 1.0
21.0 1.02437223394 1.0
66.0 1.07913347339 1.0
155.0 1.01556341121 1.0
80.0 1.00383184529 1.0
56.0 1.00896048566 1.0
6.0 0.960041378228 1.0
37.0 0.986536151582 1.0
0.0 0.989592278344 1.0
176.0 -3.70372950086 1.0
170.0 1.61452686526 1.0
142.0 1.06252091627 1.0
106.0 0.90129392797 1.0
object 38	1.0:1.0
135.0 1.00144469438 1.0
151.0 1.02188870329 1.0
122.0 1.03511676754 1.0
3.0 0.963549289527 1.0
141.0 0.918257202943 1.0
182.0 0.581172686672 1.0
98.0 0.996862133631 1.0
129.0 1.01236008334 1.0
115.0 0.989565578559 1.0
181.0 -2.60590610655 1.0
76.0 1.03394795231 1.0
152.0 1.01678734795 1.0
47.0 0.983768764003 1.0
29.0 0.975902352792 1.0
35.0 0.945503483795 1.0
183.0 1.80298657702 1.0
161.0 3.03085534294 1.0
44.0 1.03472498686 1.0
58.0 1.02145135558 1.0
188.0 -4.69510799032 1.0
199.0 1.95086581081 1.0
142.0 0.925898043772 1.0
169.0 -12.1896414254 1.0
4.0 0.984864292763 1.0
123.0 1.02292776684 1.0
object 39	1.0:1.0
72.0 1.06553468875 1.0
4.0 0.994114127352 1.0
76.0 0.982231987011 1.0
98.0 1.01030995745 1.0
179.0 -0.398794579072 1.0
84.0 1.02241426571 1.0
143.0 0.992354636193 1.0
196.0 -0.496500464075 1.0
5.0 0.95735488135 1.0
141.0 1.03706227866 1.0
174.0 -6.41815934297 1.0
152.0 0.998455764053 1.0
99.0 0.971645946807 1.0
11.0 0.971382113061 1.0
106.0 0.978220946171 1.0
95.0 1.00986867334 1.0
160.0 -1.01774014544 1.0
65.0 0.991394747149 1.0
0.0 1.00577514795 1.0
6.0 0.983274796823 1.0
129.0 0.972494762468 1.0
47.0 0.959895881337 1.0
7.0 1.05558313843 1.0
132.0 0.943380086778 1.0
178.0 3.49873511941 1.0
150.0 0.989499939132 1.0
38.0 1.02428124353 1.0
object 40	1.0:1.0
52.0 1.04194886849 1.0
179.0 4.02708476769 1.0
0.0 1.00038752063 1.0
159.0 0.962382523709 1.0
63.0 0.98152904996 1.0
100.0 1.03220327709 1.0
113.0 0.995726423217 1.0
43.0 0.953114156389 1.0
66.0 0.953054326118 1.0
136.0 0.974890183385 1.0
87.0 0.890972864455 1.0
122.0 1.03507420359 1.0
27.0 0.968799268709 1.0
73.0 0.989550122211 1.0
197.0 0.0570021246022 1.0
112.0 1.01652405226 1.0
174.0 1.86278553459 1.0
194.0 1.64558176352 1.0
68.0 1.00208527342 1.0
143.0 0.879709540518 1.0
135.0 0.98455636892 1.0
7.0 1.08786701644 1.0
56.0 0.999095572546 1.0
88.0 1.01906102044 1.0
object 41	1.0:1.0
52.0 1.00452337382 1.0
96.0 0.99430814858 1.0
194.0 -1.72128515225 1.0
189.0 -5.7401050591 1.0
142.0 0.996572453648 1.0
182.0 -3.73729922686 1.0
179.0 -0.590920697916 1.0
50.0 0.980674415978 1.0
99.0 1.06680658961 1.0
23.0 0.973248087674 1.0
127.0 1.00892609375 1.0
115.0 1.00911245733 1.0
53.0 1.05387798675 1.0
79.0 0.954999792723 1.0
8.0 1.02615315494 1.0
12.0 1.02663203432 1.0
21.0 0.970773229821 1.0
146.0 0.992540833622 1.0
46.0 0.99564148316 1.0
186.0 -0.199888112298 1.0
108.0 1.03074869543 1.0
14.0 0.931393116671 1.0
109.0 0.959417288132 1.0
34.0 1.06725589552 1.0
121.0 0.992172031185 1.0
145.0 0.970448609849 1.0
198.0 -1.26361339794 1.0
4.0 0.995015515397 1.0
85.0 0.996100171711 1.0
object 42	1.0:1.0
80.0 1.01626296375 1.0
0.0 1.04237637923 1.0
55.0 1.07374024475 1.0
184.0 0.352761947033 1.0
26.0 1.01040767417 1.0
188.0 -3.49363854089 1.0
47.0 0.935373865083 1.0
176.0 -6.50207015532 1.0
191.0 1.46133078925 1.0
189.0 0.0613472363795 1.0
110.0 0.925259127718 1.0
139.0 1.00180029891 1.0
20.0 0.972141907587 1.0
132.0 1.07131532935 1.0
38.0 1.01234793508 1.0
44.0 1.03085716114 1.0
88.0 1.01171070273 1.0
92.0 1.0395153274 1.0
78.0 1.08798982959 1.0
143.0 1.07128920656 1.0
9.0 1.03322805043 1.0
185.0 1.57566935272 1.0
173.0 -0.352637845156 1.0
object 43	1.0:1.0
185.0 -0.25801107875 1.0
14.0 0.969211294622 1.0
191.0 -0.92524019513 1.0
114.0 0.968905330245 1.0
95.0 0.986261143735 1.0
77.0 1.02859577457 1.0
90.0 1.03609283915 1.0
41.0 1.03812049571 1.0
87.0 0.935721729486 1.0
180.0 3.52159720499 1.0
199.0 -2.80196763585 1.0
78.0 0.954120655358 1.0
0.0 0.860321596663 1.0
8.0 1.01583455458 1.0
173.0 -0.147661099437 1.0
15.0 1.00320170854 1.0
39.0 1.0604246505 1.0
71.0 1.02322226233 1.0
158.0 0.988251492429 1.0
178.0 -2.03086186845 1.0
190.0 1.47803417544 1.0
48.0 0.999858532806 1.0
138.0 0.977583625809 1.0
122.0 0.960449539066 1.0
object 44	1.0:1.0
66.0 0.939033160911 1.0
113.0 1.05238424427 1.0
183.0 -4.18454223953 1.0
76.0 0.986123015642 1.0
57.0 0.989235703034 1.0
176.0 8.43115032919 1.0
35.0 0.998869964309 1.0
74.0 0.967354777078 1.0
71.0 1.09927316187 1.0
130.0 0.927096133079 1.0
32.0 0.971086055648 1.0
115.0 1.01394620661 1.0
114.0 1.01323912099 1.0
28.0 1.05011922434 1.0
4.0 1.00145316098 1.0
188.0 6.303300503 1.0
7.0 1.00187828192 1.0
36.0 0.981190662947 1.0
object 45	1.0:1.0
72.0 0.992057400072 1.0
53.0 0.981212057177 1.0
62.0 0.988206082387 1.0
177.0 4.86581802066 1.0
126.0 0.997346967551 1.0
176.0 0.629231145279 1.0
69.0 0.993593664121 1.0
191.0 0.797787253792 1.0
20.0 1.04083269266 1.0
101.0 0.994906758006 1.0
27.0 1.03979107331 1.0
10.0 1.00358399763 1.0
34.0 1.00606151727 1.0
149.0 1.02126847509 1.0
131.0 0.960236294239 1.0
158.0 0.995759594596 1.0
155.0 0.972713423203 1.0
120.0 1.08231988881 1.0
108.0 0.847343940165 1.0
85.0 1.00549397836 1.0
16.0 1.08831951753 1.0
143.0 1.07360776714 1.0
44.0 1.10354500295 1.0
59.0 0.997085365472 1.0
182.0 2.63694469928 1.0
18.0 1.01588369256 1.0
106.0 0.989474651899 1.0
179.0 0.38101311592 1.0
83.0 1.00631661073 1.0
25.0 0.966134078067 1.0
26.0 1.07108495129 1.0
object 46	1.0:1.0
39.0 0.975332454351 1.0
185.0 1.89903731556 1.0
23.0 0.984183409415 1.0
140.0 1.00631780848 1.0
64.0 1.01287170717 1.0
151.0 1.03562578719 1.0
121.0 1.01927955764 1.0
125.0 0.925987521824 1.0
73.0 1.00319885125 1.0
59.0 0.986876994223 1.0
147.0 1.01964393449 1.0
106.0 1.01968267423 1.0
5.0 1.02565749047 1.0
48.0 1.02001372558 1.0
161.0 0.835985814575 1.0
130.0 1.05405865716 1.0
156.0 0.989143858571 1.0
188.0 7.30330127965 1.0
199.0 -2.17191508867 1.0
30.0 1.05360806923 1.0
93.0 1.00834860947 1.0
196.0 0.678579247415 1.0
29.0 0.998798076828 1.0
113.0 1.00799120185 1.0
191.0 -1.464797189 1.0
82.0 1.02408404341 1.0
96.0 0.979284413845 1.0
object 47	1.0:1.0
71.0 0.922382067961 1.0
147.0 0.895768818279 1.0
81.0 1.00230855303 1.0
123.0 1.0075952483 1.0
18.0 0.941669806161 1.0
34.0 0.954126985321 1.0
2.0 0.975761239881 1.0
192.0 -0.279507541951 1.0
31.0 0.961156396525 1.0
150.0 1.015454516 1.0
139.0 1.02252072141 1.0
73.0 1.02029100308 1.0
112.0 0.956258738633 1.0
171.0 1.41549323543 1.0
162.0 1.44497098446 1.0
17.0 0.982936160399 1.0
90.0 0.978290119442 1.0
6.0 1.03601121291 1.0
13.0 0.944566375781 1.0
61.0 1.00782162801 1.0
33.0 0.951301104065 1.0
183.0 -0.33670806316 1.0
191.0 1.18540663322 1.0
11.0 0.991253049504 1.0
object 48	1.0:1.0
199.0 2.37470115983 1.0
178.0 5.62557212211 1.0
120.0 1.03395733502 1.0
31.0 0.984002286115 1.0
116.0 1.00813989456 1.0
189.0 4.54385837962 1.0
83.0 1.06034848989 1.0
97.0 0.995634159359 1.0
123.0 1.01475690204 1.0
77.0 1.00910248966 1.0
143.0 0.989742503543 1.0
42.0 0.992594067354 1.0
82.0 1.01827836862 1.0
51.0 1.04387581598 1.0
157.0 1.00056453283 1.0
162.0 1.93968613251 1.0
135.0 0.939833380408 1.0
149.0 1.00777663532 1.0
181.0 4.24968681532 1.0
57.0 1.00140247613 1.0
28.0 1.05763240849 1.0
176.0 -0.691536402993 1.0
89.0 0.962074155146 1.0
105.0 1.05086454771 1.0
94.0 0.990248862964 1.0
90.0 0.993501745546 1.0
103.0 1.00301875511 1.0
127.0 0.930493658624 1.0
191.0 4.77941591648 1.0
108.0 1.06288698355 1.0
150.0 0.966049747295 1.0
109.0 1.01500843085 1.0
185.0 3.2163744709 1.0
84.0 0.982341659024 1.0
55.0 0.948411326076 1.0
126.0 0.975836904565 1.0
object 49	1.0:1.0
146.0 0.99450023227 1.0
20.0 0.968199893012 1.0
55.0 0.897632058949 1.0
131.0 0.986361993761 1.0
174.0 5.51668986383 1.0
155.0 1.00622276874 1.0
1.0 0.995939282564 1.0
35.0 1.04595586739 1.0
113.0 1.02545549458 1.0
49.0 1.00450266541 1.0
197.0 1.66001231765 1.0
172.0 3.96865979196 1.0
132.0 1.01271305813 1.0
62.0 0.98539728551 1.0
81.0 1.00976474195 1.0
167.0 1.43734585739 1.0
182.0 2.75197842378 1.0
188.0 -0.347571002981 1.0
92.0 1.04218588563 1.0
125.0 1.09046411331 1.0
130.0 0.985009708311 1.0
50.0 1.00381408428 1.0
151.0 0.980149325319 1.0
object 50	1.0:0.5 12.6658907186:0.5
149.0 12.7559966947 1.0
57.0 0.924904663755 0.0
110.0 0.980468715686 0.0
34.0 1.0651199901 0.0
38.0 1.02385211229 0.0
77.0 12.7126442606 1.0
109.0 12.5989488227 1.0
74.0 12.6845812667 1.0
94.0 1.10105646225 0.0
132.0 1.03405284563 0.0
139.0 12.64893754 1.0
5.0 1.00645811751 0.0
17.0 0.983682566183 0.0
50.0 0.967181676921 0.0
174.0 -2.19701902579 0.0
42.0 12.6460233041 1.0
133.0 1.12874930974 0.0
178.0 4.12144567263 1.0
67.0 12.674501593 1.0
99.0 1.01617810229 0.0
75.0 12.7191306126 1.0
160.0 -0.607558642301 0.0
105.0 1.00085435225 0.0
63.0 12.5741471452 1.0
96.0 12.6727846098 1.0
1.0 0.996308869942 0.0
24.0 0.966166708985 0.0
14.0 12.6751306491 1.0
object 51	1.0:0.5 -11.2117711816:0.5
133.0 -11.2529101105 1.0
135.0 0.953241756645 0.0
71.0 -11.176611417 1.0
18.0 -11.1899334529 1.0
145.0 1.05628919138 0.0
162.0 -5.92928611969 0.0
185.0 -5.59759376979 0.0
78.0 0.994547008501 0.0
40.0 0.956912665734 0.0
146.0 -11.2206617225 1.0
43.0 -11.2373671599 1.0
6.0 0.944057241548 0.0
4.0 -11.2357856442 1.0
140.0 1.01123523337 0.0
19.0 1.0798455987 0.0
82.0 1.0419843881 0.0
92.0 -11.2167285374 1.0
93.0 -11.2527488107 1.0
109.0 0.967381181903 0.0
2.0 -11.2051972605 1.0
122.0 -11.2623161742 1.0
134.0 1.04366822235 0.0
57.0 -11.076140596 1.0
126.0 -11.1809047215 1.0
46.0 -11.2421252356 1.0
object 52	1.0:0.5 -5.92560467583:0.5
181.0 -11.5574966519 1.0
36.0 -5.91712692902 1.0
48.0 1.03896177425 0.0
25.0 -5.91924431746 1.0
98.0 0.942283955767 0.0
149.0 -5.97286698205 1.0
13.0 1.06229280654 0.0
26.0 -5.88000937785 1.0
42.0 0.980918070058 0.0
115.0 -5.91092044885 1.0
38.0 0.977892397788 0.0
12.0 -5.84897277736 1.0
40.0 -5.89989727777 1.0
8.0 1.07062517144 0.0
186.0 9.76079094208 0.0
83.0 0.988612694993 0.0
141.0 1.0436358513 0.0
50.0 0.95980059367 0.0
123.0 -5.92224758379 1.0
147.0 -5.96164656241 1.0
130.0 -5.99231520403 1.0
154.0 0.982024399352 0.0
1.0 1.01380759294 0.0
117.0 -6.0086780728 1.0
93.0 -5.87760973567 1.0
object 53	1.0:0.5 -6.07213363023:0.5
82.0 1.00460898155 0.0
166.0 0.950536410509 0.0
50.0 1.07013595742 0.0
138.0 1.04427946904 0.0
118.0 -6.13147214969 1.0
109.0 0.962581746089 0.0
85.0 0.894552762945 0.0
110.0 0.990389334091 0.0
157.0 1.00853083512 0.0
176.0 -6.14177340074 1.0
9.0 -6.01708656937 1.0
196.0 -6.87259763877 1.0
184.0 -6.5393818715 1.0
116.0 -6.09000021066 1.0
96.0 -6.07901735335 1.0
10.0 0.993951984263 0.0
41.0 -5.938339777 1.0
172.0 -1.57843046112 1.0
136.0 0.987170687564 0.0
178.0 -11.1342320194 1.0
object 54	1.0:0.5 -0.344967838289:0.5
59.0 -0.394678342694 1.0
4.0 -0.352089637446 1.0
76.0 0.928061870204 0.0
23.0 1.01354874475 0.0
50.0 0.98782890196 0.0
126.0 -0.309855677504 1.0
19.0 -0.313636121843 1.0
163.0 0.247781724842 1.0
55.0 -0.422931346648 1.0
181.0 -4.61841268652 1.0
176.0 -1.33254581015 1.0
179.0 -4.6920581398 1.0
78.0 -0.470167274129 1.0
134.0 -0.372465095056 1.0
31.0 1.04978879638 0.0
9.0 -0.298788719512 1.0
2.0 -0.336590163527 1.0
43.0 0.951229482194 0.0
53.0 1.12786632147 0.0
177.0 2.37086327582 0.0
90.0 -0.325404396948 1.0
77.0 -0.31995251338 1.0
10.0 0.982665408323 0.0
81.0 -0.252915396189 1.0
159.0 -0.32283617999 1.0
40.0 1.03919536276 0.0
138.0 1.08183137714 0.0
object 55	1.0:0.5 -10.7800603816:0.5
161.0 -3.7525918835 0.0
84.0 1.01110091128 0.0
92.0 -10.7287014422 1.0
90.0 0.920199207547 0.0
88.0 -10.852026097 1.0
72.0 1.0459098611 0.0
128.0 1.01564354482 0.0
1.0 -10.7754542463 1.0
147.0 -10.7613630313 1.0
22.0 -10.7337719121 1.0
181.0 -7.73814525868 1.0
18.0 1.00934500852 0.0
132.0 -10.7956578942 1.0
81.0 0.964163407019 0.0
195.0 -13.2227038479 1.0
124.0 0.988877172333 0.0
166.0 -11.0517054564 1.0
56.0 0.975834932176 0.0
172.0 -1.12622292491 0.0
69.0 -10.7293687649 1.0
110.0 0.950732600665 0.0
93.0 -10.7754221088 1.0
117.0 0.995833025764 0.0
77.0 -10.7470707299 1.0
108.0 -10.8082975237 1.0
39.0 0.889381617113 0.0
75.0 1.0963667002 0.0
47.0 1.04986893905 0.0
object 56	1.0:0.5 3.4477272191:0.5
47.0 3.35986894193 1.0
91.0 3.5197773317 1.0
51.0 1.038968157 0.0
24.0 0.947066236617 0.0
169.0 5.02552874724 1.0
149.0 3.39322480322 1.0
34.0 1.01837411522 0.0
119.0 0.945089837794 0.0
53.0 1.01669602897 0.0
66.0 0.997833779175 0.0
41.0 3.46741127589 1.0
121.0 3.43753491045 1.0
184.0 2.11724838154 1.0
84.0 1.02228768789 0.0
10.0 1.01975845512 0.0
6.0 3.5432615955 1.0
141.0 3.39902717782 1.0
70.0 1.06579863611 0.0
83.0 3.50688034874 1.0
92.0 3.3709120905 1.0
124.0 0.941480401054 0.0
27.0 0.959199568972 0.0
20.0 3.35974458211 1.0
142.0 3.4691779688 1.0
57.0 3.53133223535 1.0
147.0 0.96977628436 0.0
object 57	1.0:0.5 -3.03293964131:0.5
56.0 1.03355948748 0.0
193.0 0.22952820263 0.0
176.0 -3.96798915734 1.0
161.0 4.74912667008 0.0
34.0 0.973935565643 0.0
102.0 -3.09770676444 1.0
153.0 0.996641494309 0.0
192.0 -3.66520907166 1.0
12.0 1.05608663659 0.0
168.0 0.486603253049 0.0
28.0 0.967415558056 0.0
189.0 1.01404322484 1.0
163.0 -4.56574760492 1.0
45.0 0.97217430937 0.0
164.0 -1.48166598538 0.0
75.0 0.992464016245 0.0
196.0 2.53151316796 0.0
119.0 1.10899506817 0.0
94.0 0.937564134374 0.0
21.0 0.944199395793 0.0
169.0 2.89959046117 0.0
1.0 -3.06259449994 1.0
27.0 -3.01127441207 1.0
171.0 -0.48702157121 0.0
11.0 -3.07413640927 1.0
146.0 0.857071293613 0.0
object 58	1.0:0.5 15.3960810551:0.5
169.0 -0.928270074822 0.0
98.0 1.02071415176 0.0
29.0 15.2864683639 1.0
20.0 15.4829594286 1.0
173.0 0.870673887819 0.0
49.0 0.965457401894 0.0
185.0 2.34656832465 0.0
153.0 0.899990586541 0.0
171.0 1.45977917209 0.0
109.0 15.4221542237 1.0
33.0 15.4486774765 1.0
78.0 0.946672718242 0.0
40.0 15.4318533294 1.0
13.0 1.05841666922 0.0
97.0 15.4604428941 1.0
183.0 11.9531857996 1.0
46.0 15.4924452373 1.0
108.0 0.978958524593 0.0
126.0 1.07591121399 0.0
16.0 0.983836533185 0.0
150.0 15.4186821628 1.0
42.0 15.3361468044 1.0
object 59	1.0:0.5 -13.1246818506:0.5
198.0 -5.69931002047 0.0
17.0 -13.0762928063 1.0
167.0 -9.97954372159 1.0
121.0 1.01958174675 0.0
97.0 -13.1855584295 1.0
70.0 -13.0434207437 1.0
177.0 -13.9063004229 1.0
123.0 -13.1234173597 1.0
29.0 -13.0842150072 1.0
7.0 1.01056049756 0.0
129.0 1.01663580722 0.0
78.0 -13.1204232879 1.0
182.0 4.68787120737 0.0
105.0 1.01321331971 0.0
51.0 0.972389335933 0.0
180.0 3.34847557226 0.0
85.0 -13.0993317264 1.0
0.0 1.08375727761 0.0
145.0 1.06972576675 0.0
44.0 -13.1272654785 1.0
83.0 0.951016091032 0.0
144.0 -13.0917994207 1.0
72.0 -13.061246631 1.0
133.0 -13.1973718264 1.0
185.0 -14.0181486521 1.0
151.0 -13.0877955462 1.0
1.0 -13.0571385919 1.0
53.0 0.955194842788 0.0
82.0 -13.1122016293 1.0
113.0 0.998445842496 0.0
object 60	1.0:0.5 -2.69772981742:0.5
65.0 0.950106628553 0.0
125.0 -2.75017723319 1.0
104.0 -2.70803587833 1.0
153.0 0.935955712389 0.0
84.0 -2.71932217202 1.0
21.0 -2.78060491277 1.0
11.0 -2.82121780244 1.0
20.0 -2.68284250977 1.0
175.0 0.658978682238 1.0
147.0 1.04065251469 0.0
100.0 -2.66698146391 1.0
118.0 -2.74941277076 1.0
15.0 -2.70021352684 1.0
94.0 -2.77341512269 1.0
114.0 1.00895925967 0.0
144.0 0.976489148102 0.0
138.0 -2.64973399457 1.0
90.0 -2.71103437506 1.0
61.0 -2.67042849766 1.0
88.0 0.97150259708 0.0
16.0 0.945396336568 0.0
148.0 0.940783009769 0.0
130.0 0.996688362214 0.0
object 61	1.0:0.5 3.59362301531:0.5
164.0 -0.431981872981 0.0
158.0 0.957526025341 0.0
39.0 3.63023068294 1.0
139.0 0.84391998422 0.0
29.0 3.55702784128 1.0
54.0 0.94630473732 0.0
111.0 3.57137045245 1.0
153.0 3.60218966473 1.0
147.0 3.59722547894 1.0
116.0 1.06247332919 0.0
46.0 1.00045774736 0.0
30.0 3.51309847659 1.0
96.0 1.05715038171 0.0
74.0 1.02300527254 0.0
124.0 0.900250779276 0.0
132.0 0.996866952659 0.0
43.0 1.03613477309 0.0
188.0 0.709393238518 0.0
154.0 3.55961801908 1.0
0.0 1.13440543804 0.0
78.0 0.960414260632 0.0
137.0 3.57844447523 1.0
127.0 1.01279302897 0.0
155.0 3.59288210534 1.0
104.0 1.03590305266 0.0
152.0 3.56801676596 1.0
51.0 0.926734658103 0.0
165.0 3.57580980586 1.0
184.0 6.13032142602 1.0
object 62	1.0:0.5 27.4572774006:0.5
124.0 0.952665635035 0.0
34.0 27.4579381785 1.0
164.0 28.2277824294 1.0
89.0 27.370961802 1.0
73.0 27.418794287 1.0
56.0 27.4391216714 1.0
171.0 26.584553135 1.0
86.0 1.00503116206 0.0
179.0 -1.06394094018 0.0
49.0 27.5374865691 1.0
21.0 0.924462725361 0.0
174.0 -3.64043264018 0.0
115.0 27.5708025079 1.0
108.0 27.4820122803 1.0
51.0 27.438825949 1.0
110.0 1.05082653659 0.0
10.0 27.359229379 1.0
107.0 1.05617640276 0.0
141.0 27.4801288331 1.0
146.0 0.994007558752 0.0
object 63	1.0:0.5 19.9602729582:0.5
133.0 19.9404942916 1.0
15.0 1.05636564944 0.0
113.0 19.9499874855 1.0
167.0 -4.70067273179 0.0
61.0 1.03112213948 0.0
11.0 0.917033366689 0.0
155.0 0.935021634572 0.0
132.0 19.950858309 1.0
178.0 12.1752643103 1.0
26.0 1.01935511466 0.0
130.0 0.958049458575 0.0
187.0 21.0375092716 1.0
59.0 19.9556051186 1.0
172.0 15.8100795309 1.0
195.0 -2.02438286547 0.0
166.0 0.378547725295 0.0
54.0 19.9341568423 1.0
object 64	1.0:0.5 5.29140158932:0.5
7.0 0.98645746189 0.0
145.0 5.26707838478 1.0
122.0 5.33544087896 1.0
2.0 1.06921082606 0.0
41.0 5.3091592652 1.0
181.0 -0.740739058901 0.0
84.0 0.924588772356 0.0
40.0 1.01189967346 0.0
95.0 1.08394857765 0.0
143.0 5.26897363385 1.0
61.0 5.24354177642 1.0
164.0 5.16129044656 0.0
9.0 5.23237430198 1.0
105.0 1.07080080702 0.0
168.0 2.32043660887 1.0
10.0 5.22419707767 1.0
46.0 5.25711148352 1.0
25.0 5.18273733248 1.0
186.0 -4.53819123834 0.0
63.0 1.0123242334 0.0
93.0 5.20987058757 1.0
156.0 5.36864578939 1.0
104.0 5.26005417493 1.0
196.0 10.2055240551 1.0
53.0 5.22712222464 1.0
160.0 -3.18657037705 0.0
116.0 1.04463728356 0.0
object 65	1.0:0.5 -9.53673399271:0.5
117.0 1.02445143074 0.0
82.0 0.971489956949 0.0
151.0 -9.53757366444 1.0
48.0 -9.51397193322 1.0
164.0 -12.1300839726 1.0
189.0 2.44319677242 0.0
92.0 -9.5227999944 1.0
143.0 0.98139583265 0.0
115.0 1.07529300406 0.0
140.0 -9.59324801991 1.0
95.0 1.01293101175 0.0
191.0 -10.6361237564 1.0
104.0 0.921570973786 0.0
181.0 0.896243433677 0.0
147.0 1.1317909061 0.0
178.0 -4.90875581381 1.0
119.0 0.977242602122 0.0
194.0 -10.5230674207 1.0
85.0 0.979588560938 0.0
186.0 -7.17520166788 1.0
174.0 -4.573327148 1.0
87.0 -9.55905445411 1.0
54.0 -9.49078243935 1.0
154.0 -9.62423286686 1.0
object 66	1.0:0.5 6.67109435575:0.5
92.0 6.68887690116 1.0
50.0 6.68974987005 1.0
130.0 0.921359091595 0.0
140.0 1.02504195096 0.0
13.0 6.61953269846 1.0
194.0 9.45670671289 1.0
91.0 0.989859242836 0.0
0.0 1.01346191492 0.0
149.0 1.02316218823 0.0
162.0 5.23681741032 1.0
37.0 1.03057298321 0.0
18.0 0.955119043611 0.0
117.0 0.991469210972 0.0
144.0 1.07728687223 0.0
70.0 6.66221698291 1.0
112.0 0.951597827352 0.0
196.0 7.77289882377 1.0
102.0 1.00770739269 0.0
31.0 1.00374568631 0.0
142.0 1.04117414903 0.0
77.0 0.988894033234 0.0
36.0 0.991311400353 0.0
199.0 4.1845546902 0.0
98.0 6.61283172147 1.0
90.0 6.64750639984 1.0
93.0 1.03703821225 0.0
56.0 6.57722376622 1.0
73.0 0.944072715863 0.0
8.0 0.946272447995 0.0
78.0 1.02367595185 0.0
6.0 6.67245316631 1.0
147.0 6.68814731662 1.0
object 67	1.0:0.5 11.1009393829:0.5
178.0 2.57462178572 0.0
64.0 11.0886325331 1.0
151.0 0.89350767383 0.0
14.0 11.0898946154 1.0
90.0 1.08440117533 0.0
110.0 1.02193454992 0.0
17.0 11.0935238706 1.0
159.0 0.998014239496 0.0
72.0 0.952000525314 0.0
157.0 1.00524964274 0.0
185.0 9.62346655442 1.0
62.0 1.01245510689 0.0
191.0 12.558303206 1.0
152.0 11.0971167075 1.0
80.0 11.1204842018 1.0
49.0 11.0821522347 1.0
125.0 11.1246005961 1.0
164.0 3.49004740671 0.0
142.0 1.05223503273 0.0
163.0 -4.94268163048 0.0
131.0 0.98450681932 0.0
126.0 0.960463283925 0.0
45.0 11.099504525 1.0
197.0 13.0660553202 1.0
120.0 0.976595784233 0.0
153.0 0.992052154496 0.0
69.0 1.02368030964 0.0
object 68	1.0:0.5 -6.68732081637:0.5
155.0 1.01277733683 0.0
15.0 1.00071428679 0.0
19.0 -6.65560868325 1.0
94.0 -6.67655593369 1.0
30.0 0.967005397521 0.0
140.0 -6.72117420158 1.0
135.0 -6.72321273096 1.0
196.0 -12.2165292158 1.0
166.0 -6.93796550442 1.0
84.0 1.09395474789 0.0
127.0 -6.56007972986 1.0
71.0 1.13563667064 0.0
183.0 -8.66450620322 1.0
174.0 -6.10820643357 1.0
129.0 -6.66956493525 1.0
156.0 0.989378493479 0.0
179.0 -0.869687973134 1.0
6.0 1.03070936693 0.0
187.0 2.7411263913 0.0
176.0 -6.80791821216 1.0
41.0 0.894785690672 0.0
object 69	1.0:0.5 -12.1057297471:0.5
8.0 0.984088393233 0.0
90.0 1.00420067039 0.0
31.0 -12.1238581307 1.0
27.0 -12.1514344072 1.0
112.0 1.01509247889 0.0
121.0 -12.0654094875 1.0
114.0 -12.1157002213 1.0
139.0 -12.1209080983 1.0
158.0 0.951174962201 0.0
123.0 -12.1325338352 1.0
17.0 -12.0442955825 1.0
89.0 -12.1512942401 1.0
40.0 -12.0835276336 1.0
148.0 -12.1045735435 1.0
15.0 1.03018073636 0.0
80.0 1.04801522211 0.0
140.0 0.939828146516 0.0
199.0 -8.54742732888 1.0
79.0 0.975372874294 0.0
54.0 -12.0565909708 1.0
38.0 -12.1382416376 1.0
122.0 -12.0997500769 1.0
198.0 -11.8309396579 1.0
43.0 0.963867627974 0.0
object 70	1.0:0.5 9.74087085467:0.5
161.0 5.0413100244 0.0
42.0 0.945418370898 0.0
117.0 9.709925055 1.0
35.0 9.78601693682 1.0
26.0 9.73406042508 1.0
77.0 9.81659633807 1.0
58.0 0.988510675212 0.0
65.0 1.06840509845 0.0
81.0 9.723493168 1.0
168.0 19.0493595334 1.0
101.0 9.78692043736 1.0
48.0 9.75207415664 1.0
170.0 3.0509120132 0.0
102.0 9.73690840619 1.0
62.0 1.03069920487 0.0
55.0 0.954796342652 0.0
179.0 10.2557958805 1.0
184.0 -0.228917087693 0.0
54.0 1.00156839805 0.0
139.0 1.0610601427 0.0
176.0 9.3707890765 1.0
49.0 9.75910546638 1.0
175.0 -7.9268094991 0.0
object 71	1.0:0.5 -0.507836081582:0.5
16.0 0.992938371879 0.0
11.0 0.993829808207 0.0
36.0 1.07698300149 0.0
10.0 1.0163986012 0.0
199.0 -3.34274899072 1.0
91.0 1.04677251657 0.0
25.0 1.01109221251 0.0
100.0 -0.562621362892 1.0
90.0 0.968990415922 0.0
111.0 -0.612798101856 1.0
13.0 0.925868735404 0.0
106.0 -0.572370589186 1.0
197.0 -0.76582144821 0.0
160.0 -3.47915988544 0.0
176.0 0.570649817258 0.0
151.0 -0.500367301313 1.0
44.0 1.0338006431 0.0
17.0 -0.501885224584 1.0
96.0 1.04247689268 0.0
64.0 0.976285923174 0.0
136.0 1.01299134482 0.0
9.0 0.986302096713 0.0
124.0 1.01368700907 0.0
object 72	1.0:0.5 -23.0842785593:0.5
179.0 -23.3710554218 1.0
151.0 -23.1131354102 1.0
180.0 -0.489328357803 0.0
95.0 -23.0778181992 1.0
28.0 1.09084230633 0.0
36.0 1.07857752 0.0
126.0 -23.0711230152 1.0
99.0 1.00391058642 0.0
61.0 -23.0476445951 1.0
181.0 2.74281394006 0.0
66.0 -23.146356048 1.0
93.0 -23.0909752556 1.0
57.0 1.04592136492 0.0
85.0 -23.117432404 1.0
37.0 -23.0587063604 1.0
130.0 -23.0579836931 1.0
92.0 -23.1201683651 1.0
27.0 0.976999424523 0.0
169.0 -23.2213300372 1.0
109.0 0.982292826163 0.0
33.0 0.975859427923 0.0
23.0 0.937754714484 0.0
object 73	1.0:0.5 10.3115196783:0.5
1.0 0.995347520503 0.0
94.0 10.2512961687 1.0
195.0 11.7870709529 1.0
127.0 0.970277665751 0.0
145.0 10.3293560318 1.0
88.0 1.12978818175 0.0
64.0 10.2874489568 1.0
119.0 10.3430137291 1.0
139.0 10.3423163193 1.0
176.0 12.7387043599 1.0
33.0 10.360356809 1.0
59.0 10.3104245603 1.0
151.0 0.961501545111 0.0
25.0 10.353520141 1.0
143.0 0.967677098969 0.0
157.0 1.00033309628 0.0
196.0 0.292001077886 0.0
153.0 0.97345308514 0.0
object 74	1.0:0.5 15.0100751763:0.5
140.0 1.0404566982 0.0
0.0 15.0317070272 1.0
124.0 14.9714392416 1.0
173.0 16.3329994921 1.0
171.0 1.87699019239 0.0
132.0 14.979629896 1.0
105.0 1.07996522036 0.0
144.0 0.99380224933 0.0
63.0 14.9942434717 1.0
136.0 1.00079164515 0.0
168.0 4.06798368607 0.0
32.0 1.01643814004 0.0
64.0 15.0538227389 1.0
103.0 1.02398479935 0.0
67.0 14.9670807639 1.0
17.0 1.073687448 0.0
82.0 1.01042983064 0.0
184.0 16.8225744302 1.0
object 75	1.0:0.5 3.57058684488:0.5
123.0 1.03581417756 0.0
179.0 -8.26872382505 0.0
37.0 3.59202398265 1.0
191.0 2.41397150075 0.0
77.0 3.52149776288 1.0
17.0 3.5662642054 1.0
28.0 3.59895919437 1.0
174.0 2.83132100032 1.0
24.0 3.41113391652 1.0
38.0 1.01702144932 0.0
12.0 0.984383655393 0.0
26.0 1.06156929344 0.0
157.0 3.54004050362 1.0
84.0 1.03559913928 0.0
150.0 0.985039444983 0.0
68.0 1.0310537246 0.0
196.0 1.53950211231 0.0
136.0 1.03967966246 0.0
74.0 0.955108717402 0.0
86.0 3.56257381586 1.0
46.0 3.58493849146 1.0
61.0 3.58394901658 1.0
93.0 3.65744341319 1.0
32.0 3.54519651243 1.0
object 76	1.0:0.5 1.39532881814:0.5
66.0 1.06066723874 0.0
71.0 1.32792134833 1.0
125.0 1.35385087409 1.0
53.0 1.35887802297 1.0
116.0 1.00686806616 0.0
80.0 1.38658611302 1.0
20.0 1.41821157385 1.0
127.0 1.04114931072 0.0
14.0 0.972659265334 0.0
170.0 1.03100650512 1.0
163.0 0.264443803389 0.0
150.0 1.46605502299 1.0
86.0 1.04917597241 0.0
83.0 1.37231296638 1.0
48.0 1.46629381094 1.0
94.0 1.34651548506 1.0
194.0 0.274951633822 1.0
13.0 1.35111394875 1.0
180.0 2.67583558028 1.0
73.0 0.995115198031 0.0
176.0 1.44407024508 1.0
98.0 1.40363690419 1.0
102.0 1.40398323412 1.0
50.0 0.993845158025 0.0
177.0 2.37062166734 1.0
181.0 3.43619642328 1.0
162.0 -2.33047479841 0.0
141.0 0.994379325163 0.0
173.0 0.968858659637 0.0
object 77	1.0:0.5 4.87764941396:0.5
89.0 0.996087931188 0.0
121.0 4.83247867802 1.0
39.0 4.91711157042 1.0
106.0 4.94971142687 1.0
144.0 4.88379491481 1.0
192.0 4.68227817795 1.0
132.0 4.87984729117 1.0
32.0 4.93791937369 1.0
98.0 1.0531994172 0.0
50.0 4.91197463272 1.0
14.0 4.81425282547 1.0
57.0 0.934733140671 0.0
152.0 0.942241032085 0.0
103.0 4.89159299024 1.0
64.0 0.992664425439 0.0
83.0 4.84311609766 1.0
63.0 1.07503711275 0.0
26.0 4.82679288839 1.0
93.0 4.93080086805 1.0
31.0 4.8044071567 1.0
68.0 4.91658033554 1.0
119.0 4.89223010239 1.0
182.0 6.30097903743 0.0
186.0 -1.03082744583 0.0
117.0 0.968068991427 0.0
113.0 4.83067839515 1.0
171.0 1.17551690491 0.0
178.0 7.97537548767 1.0
173.0 2.18725139467 0.0
107.0 4.77522388442 1.0
42.0 1.04640806215 0.0
154.0 4.79879960767 1.0
185.0 1.58189379298 0.0
8.0 1.10813834209 0.0
61.0 1.00426925579 0.0
37.0 4.92705492448 1.0
158.0 1.08289144172 0.0
150.0 1.00766882226 0.0
object 78	1.0:0.5 0.04869520706:0.5
93.0 0.949033332557 0.0
157.0 0.0208280296891 1.0
178.0 4.76556199682 0.0
134.0 1.04298921609 0.0
103.0 0.017904618096 1.0
132.0 0.0282667367822 1.0
2.0 1.05202010942 0.0
104.0 1.01657065457 0.0
186.0 -1.00073200422 0.0
155.0 0.0529725951024 1.0
95.0 1.04755540694 0.0
74.0 0.936216540785 0.0
162.0 4.48077933102 0.0
169.0 1.87423131328 1.0
42.0 0.977093776126 0.0
194.0 -0.301685681029 1.0
61.0 0.113709005571 1.0
149.0 1.03205011121 0.0
39.0 -0.0212005689269 1.0
21.0 0.909508859612 0.0
32.0 -0.00680165579121 1.0
83.0 0.936572350673 0.0
172.0 0.530038248552 0.0
67.0 0.982866462562 0.0
41.0 1.09000615692 0.0
112.0 0.9281980359 0.0
144.0 1.08321197886 0.0
111.0 0.0477663995036 1.0
187.0 -0.34269108669 0.0
160.0 6.07221366243 0.0
14.0 0.963829928822 0.0
107.0 1.04657597316 0.0
object 79	1.0:0.5 -11.8220658031:0.5
38.0 -11.8741409483 1.0
112.0 -11.8479284583 1.0
187.0 -0.0571896682058 0.0
100.0 -11.8636648184 1.0
192.0 -11.477815415 1.0
56.0 0.988421514898 0.0
134.0 -11.8006773005 1.0
169.0 -11.0344372391 1.0
157.0 1.01637076311 0.0
179.0 -10.2810367262 1.0
96.0 -11.7522328682 1.0
64.0 0.998098218266 0.0
49.0 1.01827783846 0.0
195.0 5.9691105107 1.0
55.0 -11.8576230078 1.0
119.0 -11.7567622145 1.0
60.0 0.984525755429 0.0
141.0 0.981027666499 0.0
48.0 -11.9364190397 1.0
85.0 0.924940512459 0.0
148.0 0.954741162611 0.0
8.0 -11.7818793955 1.0
185.0 -7.28367900785 1.0
120.0 1.04019942992 0.0
54.0 0.990100692107 0.0
74.0 0.934188698768 0.0
59.0 1.00495500637 0.0
object 80	1.0:0.5 -10.881839527:0.5
121.0 -10.8407174368 1.0
17.0 0.977939393578 0.0
138.0 -10.9003289661 1.0
96.0 -10.9633650246 1.0
39.0 1.02001184049 0.0
117.0 1.04418534126 0.0
22.0 1.00979051545 0.0
89.0 -10.8624313787 1.0
171.0 0.447311696387 0.0
137.0 0.86302067471 0.0
59.0 -10.92928958 1.0
74.0 0.987351325632 0.0
31.0 0.935488341205 0.0
34.0 -10.8854929905 1.0
111.0 1.03342850078 0.0
67.0 0.971461499014 0.0
195.0 -7.56854409888 1.0
114.0 -10.8938025504 1.0
146.0 -10.8741705093 1.0
27.0 1.04512794271 0.0
68.0 -10.9275373153 1.0
143.0 -10.8676729895 1.0
55.0 1.07410947841 0.0
119.0 -10.8786980629 1.0
79.0 1.05091556189 0.0
object 81	1.0:0.5 -4.81407418716:0.5
47.0 -4.70332604292 1.0
71.0 -4.80263671518 1.0
34.0 -4.78997282536 1.0
23.0 0.944850018344 0.0
61.0 -4.85333879084 1.0
29.0 -4.81854669401 1.0
130.0 -4.80656492056 1.0
164.0 2.27544578685 0.0
35.0 -4.83192554287 1.0
76.0 -4.81392949544 1.0
94.0 -4.6736315188 1.0
24.0 -4.85276140735 1.0
19.0 1.09073970056 0.0
188.0 5.77842511236 0.0
147.0 -4.77756933749 1.0
18.0 -4.84334755501 1.0
127.0 0.955242191417 0.0
126.0 -4.91307935629 1.0
170.0 3.84102194753 0.0
171.0 -6.87438436142 1.0
3.0 -4.77033577757 1.0
145.0 -4.81112602164 1.0
69.0 1.05411694175 0.0
object 82	1.0:0.5 23.2387819042:0.5
20.0 0.98003983374 0.0
184.0 21.8708507775 1.0
162.0 20.4000407914 1.0
163.0 2.20815548607 0.0
38.0 0.96912306753 0.0
77.0 1.02275560505 0.0
170.0 4.10082326209 0.0
50.0 23.2298599942 1.0
145.0 1.05727199077 0.0
90.0 23.1497815783 1.0
181.0 5.54370803729 0.0
147.0 0.933345153274 0.0
179.0 5.11007065802 0.0
161.0 22.1921917026 1.0
79.0 23.2100794447 1.0
36.0 23.2760741414 1.0
16.0 23.2434619484 1.0
189.0 -1.83096844545 0.0
199.0 -1.14347388343 0.0
136.0 23.2391283958 1.0
127.0 1.04709666263 0.0
146.0 23.2269169033 1.0
175.0 -1.47021394278 0.0
169.0 1.56150023844 0.0
74.0 23.2452486173 1.0
58.0 23.229169518 1.0
object 83	1.0:0.5 13.0013479053:0.5
22.0 1.16417198125 0.0
122.0 13.0139475649 1.0
99.0 0.928267495347 0.0
148.0 13.037213653 1.0
107.0 0.939662540272 0.0
101.0 13.0599761981 1.0
197.0 15.4185801024 1.0
110.0 12.9390660738 1.0
124.0 12.9106503169 1.0
129.0 1.07925623684 0.0
161.0 8.21103597135 1.0
97.0 12.9966906724 1.0
152.0 1.10329062307 0.0
7.0 12.9534971725 1.0
165.0 1.46683121776 0.0
172.0 12.1451877043 1.0
25.0 13.1198154443 1.0
192.0 11.7886830489 1.0
44.0 1.05994771192 0.0
54.0 12.9909792144 1.0
13.0 12.9939960319 1.0
40.0 1.01374198911 0.0
155.0 0.927455802644 0.0
171.0 12.5494718221 1.0
83.0 0.925061534885 0.0
137.0 12.991485343 1.0
149.0 12.9744003405 1.0
136.0 13.0772102006 1.0
object 84	1.0:0.5 21.1403185196:0.5
64.0 0.873471131116 0.0
167.0 19.1451008165 1.0
3.0 21.1552639028 1.0
133.0 0.975973942339 0.0
171.0 -2.90288276246 0.0
147.0 21.1226459215 1.0
87.0 21.1357545667 1.0
44.0 0.932957405561 0.0
21.0 21.2162035139 1.0
134.0 21.1568694203 1.0
125.0 1.06159933813 0.0
65.0 21.1732638269 1.0
175.0 18.7100055279 1.0
66.0 0.991942480382 0.0
79.0 21.1902330811 1.0
34.0 0.979655247013 0.0
170.0 15.8078368786 1.0
26.0 21.2081254744 1.0
23.0 1.06453448193 0.0
77.0 1.06242665594 0.0
152.0 21.152259017 1.0
194.0 3.50590339601 0.0
114.0 0.937713019036 0.0
155.0 1.01681021492 0.0
74.0 0.954390099656 0.0
195.0 23.7486825894 1.0
57.0 21.0792146135 1.0
193.0 1.57435947931 0.0
160.0 3.55805900308 0.0
42.0 0.988083160233 0.0
63.0 21.1242357029 1.0
185.0 3.75576933827 0.0
128.0 0.959633095278 0.0
object 85	1.0:0.5 13.8447727206:0.5
33.0 1.10834606014 0.0
93.0 13.8566000584 1.0
167.0 17.1226390555 1.0
161.0 9.9090447328 0.0
129.0 13.773873995 1.0
29.0 13.7981606502 1.0
112.0 0.989874684275 0.0
119.0 1.09900912674 0.0
54.0 0.951701057096 0.0
196.0 14.457744761 1.0
192.0 13.5056020811 1.0
27.0 13.9316326359 1.0
35.0 13.7966015105 1.0
181.0 8.60903098274 0.0
3.0 13.9653122966 1.0
49.0 13.8583768249 1.0
198.0 4.31790700136 0.0
195.0 9.34868647988 1.0
162.0 9.89240693941 1.0
9.0 13.9498944079 1.0
141.0 1.08473093689 0.0
152.0 13.8057002808 1.0
173.0 1.69940423226 0.0
85.0 1.00723911391 0.0
19.0 0.935341238144 0.0
128.0 1.02223008659 0.0
36.0 1.04885108274 0.0
object 86	1.0:0.5 6.4661065139:0.5
172.0 3.35822062682 0.0
112.0 6.52211023802 1.0
196.0 1.57292771232 0.0
42.0 6.41620425722 1.0
177.0 3.60546692851 0.0
147.0 0.931701170916 0.0
113.0 0.92997335479 0.0
68.0 0.964449001694 0.0
96.0 0.958340651649 0.0
163.0 9.05120685257 1.0
106.0 0.997611254771 0.0
143.0 1.00479862693 0.0
154.0 0.995411288674 0.0
38.0 1.00948120302 0.0
66.0 0.973463345766 0.0
193.0 0.537265959139 0.0
125.0 6.41385332145 1.0
126.0 1.04186550012 0.0
48.0 1.13125752056 0.0
130.0 0.983969736374 0.0
0.0 1.08975124837 0.0
77.0 1.06739040376 0.0
52.0 1.04391511083 0.0
189.0 4.74380009396 0.0
174.0 4.0151994656 1.0
178.0 5.34652926592 0.0
127.0 1.03145628129 0.0
74.0 6.46595206974 1.0
180.0 0.87456279852 0.0
5.0 6.49934783254 1.0
83.0 1.02685154296 0.0
91.0 6.49776101696 1.0
20.0 6.41474664755 1.0
122.0 6.44435174051 1.0
11.0 0.923119890781 0.0
198.0 3.65374824282 0.0
object 87	1.0:0.5 7.9454218879:0.5
62.0 1.00590734223 0.0
173.0 1.73849269471 0.0
82.0 7.93411528728 1.0
85.0 7.91851437136 1.0
15.0 7.88542078311 1.0
168.0 5.9938072194 0.0
186.0 -0.185277647175 0.0
92.0 7.96765918797 1.0
131.0 0.99476307831 0.0
198.0 9.8833293527 1.0
187.0 10.1961027876 1.0
67.0 1.00293420525 0.0
135.0 7.94543623688 1.0
52.0 7.95450059301 1.0
174.0 -0.255477618857 0.0
195.0 3.98975402432 0.0
84.0 7.92998649626 1.0
2.0 7.99705133882 1.0
77.0 8.03412030183 1.0
99.0 7.92358804982 1.0
23.0 7.90359647048 1.0
190.0 7.10798376506 1.0
189.0 -0.168162319434 0.0
143.0 0.973583421387 0.0
182.0 1.52366677771 0.0
object 88	1.0:0.5 -15.0274367934:0.5
84.0 -15.0455384391 1.0
198.0 4.67381545804 0.0
177.0 1.46942519354 0.0
41.0 1.01178658349 0.0
132.0 -14.9816033508 1.0
39.0 -15.0101675457 1.0
131.0 0.976883031329 0.0
190.0 -15.0573828892 1.0
102.0 -15.0603361438 1.0
165.0 -13.4044191836 1.0
128.0 1.02064176543 0.0
56.0 -15.0566409846 1.0
162.0 0.250649010576 0.0
172.0 -13.8211322209 1.0
124.0 -14.9306683304 1.0
146.0 0.956258376909 0.0
183.0 2.79122732224 0.0
154.0 -14.9472532486 1.0
9.0 1.07535754996 0.0
18.0 -15.0264111464 1.0
46.0 -15.0548607314 1.0
25.0 1.0098979863 0.0
object 89	1.0:0.5 6.78162067073:0.5
6.0 6.84220357932 1.0
184.0 1.52934141211 0.0
114.0 6.8632985776 1.0
165.0 6.07087248906 1.0
122.0 6.76943058789 1.0
105.0 6.86546872392 1.0
155.0 0.933460951834 0.0
172.0 5.07706106444 1.0
0.0 6.74415831376 1.0
144.0 6.76792684869 1.0
86.0 1.0364227157 0.0
99.0 0.95237018827 0.0
107.0 0.937917775106 0.0
19.0 6.90722823858 1.0
118.0 6.8323131285 1.0
106.0 6.71048567267 1.0
158.0 0.983104830749 0.0
23.0 6.810594034 1.0
44.0 1.05204777687 0.0
148.0 6.82094430046 1.0
157.0 6.77632533243 1.0
189.0 -0.333326273748 0.0
50.0 0.9931600498 0.0
183.0 -2.35725694124 0.0
22.0 6.8561040193 1.0
145.0 0.971113490422 0.0
76.0 6.75723576872 1.0
199.0 1.31773026472 0.0
object 90	1.0:0.5 15.2248343259:0.5
140.0 15.236299031 1.0
96.0 1.06232915496 0.0
1.0 15.1092419933 1.0
76.0 1.02870718462 0.0
159.0 1.00430533581 0.0
57.0 15.1515036397 1.0
132.0 15.1733315774 1.0
91.0 15.3208208885 1.0
193.0 17.9850640426 1.0
19.0 0.970836838704 0.0
33.0 15.2146300953 1.0
199.0 0.533693681354 0.0
6.0 15.2050920377 1.0
106.0 15.2661543234 1.0
59.0 0.921050801568 0.0
64.0 15.3009577364 1.0
72.0 15.2144822955 1.0
69.0 0.954603129522 0.0
27.0 15.1600349483 1.0
127.0 0.934554588312 0.0
37.0 0.998595802572 0.0
object 91	1.0:0.5 -7.72412195414:0.5
56.0 -7.75524053318 1.0
198.0 -8.22722651525 1.0
13.0 0.990848711311 0.0
188.0 -14.4895400561 1.0
163.0 -8.3819495502 1.0
146.0 0.991026775239 0.0
87.0 0.973935554665 0.0
165.0 2.18450249231 0.0
111.0 -7.75237256899 1.0
43.0 0.988953368428 0.0
176.0 -7.0609391692 1.0
128.0 0.922390595886 0.0
123.0 -7.66962152471 1.0
130.0 -7.73727414814 1.0
120.0 1.13610326155 0.0
1.0 -7.74266378561 1.0
76.0 -7.73549997853 1.0
171.0 -9.91442405801 1.0
29.0 1.0317922987 0.0
173.0 2.34905843536 0.0
57.0 -7.69266404983 1.0
14.0 1.03880856375 0.0
150.0 -7.72480873695 1.0
55.0 1.03012695448 0.0
3.0 -7.75045843564 1.0
41.0 -7.69533245107 1.0
71.0 -7.82338218851 1.0
object 92	1.0:0.5 -7.97019829434:0.5
16.0 -7.98820800674 1.0
37.0 0.937298095067 0.0
144.0 0.903912344195 0.0
96.0 1.08675699747 0.0
29.0 1.01292561507 0.0
162.0 10.4005691977 0.0
24.0 0.880388979192 0.0
117.0 -7.97961262948 1.0
38.0 0.97863700425 0.0
76.0 -8.04091971493 1.0
121.0 -7.90859144927 1.0
85.0 -7.96372123341 1.0
8.0 0.900398172128 0.0
34.0 -7.979744043 1.0
81.0 0.995948902148 0.0
73.0 -7.86806307664 1.0
175.0 5.18306228705 0.0
142.0 1.12060116608 0.0
148.0 -7.96286092366 1.0
19.0 1.0254132548 0.0
111.0 1.00157851583 0.0
181.0 -0.741402984848 0.0
169.0 -2.41051299812 0.0
129.0 1.07399582758 0.0
160.0 -3.5831481398 0.0
186.0 -14.9740456135 1.0
13.0 -7.98756094428 1.0
50.0 1.03513809498 0.0
object 93	1.0:0.5 10.8600694028:0.5
176.0 9.52369179297 1.0
192.0 2.15321638842 0.0
42.0 0.97165427527 0.0
134.0 10.8307370631 1.0
75.0 1.02574822285 0.0
33.0 10.7886600944 1.0
10.0 10.8809832393 1.0
116.0 10.8248184659 1.0
87.0 10.7889427988 1.0
149.0 10.8342504533 1.0
166.0 11.8581975427 1.0
115.0 0.919595762115 0.0
187.0 12.0017938134 1.0
172.0 6.22766559925 0.0
49.0 0.989802672002 0.0
25.0 1.04711769091 0.0
98.0 10.8653180778 1.0
8.0 0.950729140685 0.0
43.0 1.08416381108 0.0
106.0 1.07482480632 0.0
119.0 0.977654248212 0.0
11.0 0.976968850318 0.0
105.0 10.8366529042 1.0
101.0 1.05416301009 0.0
78.0 0.986783937362 0.0
34.0 1.09606518879 0.0
38.0 0.960543967634 0.0
155.0 0.984369343671 0.0
74.0 0.994626627613 0.0
57.0 10.8619045328 1.0
85.0 0.979679465313 0.0
51.0 1.01109859552 0.0
140.0 10.8708412041 1.0
0.0 10.8653275647 1.0
70.0 0.947058777349 0.0
156.0 0.965119537782 0.0
object 94	1.0:0.5 -0.944435034865:0.5
186.0 -4.03150195014 0.0
168.0 -1.92454650207 1.0
171.0 0.247452077155 1.0
53.0 -0.935701977424 1.0
189.0 4.93582210535 0.0
54.0 0.99008213424 0.0
137.0 -0.959433969096 1.0
112.0 0.951335472598 0.0
166.0 0.646451985946 1.0
197.0 -4.05583070415 1.0
115.0 0.992395150293 0.0
88.0 -0.899405069612 1.0
1.0 1.03878674977 0.0
4.0 -0.932211033215 1.0
188.0 10.4786500897 0.0
92.0 -1.00970042188 1.0
122.0 1.05106926056 0.0
131.0 1.00373024695 0.0
object 95	1.0:0.5 7.22357554519:0.5
67.0 7.12761196194 1.0
7.0 0.937031120896 0.0
111.0 0.958898707939 0.0
77.0 7.21170783847 1.0
102.0 7.19912149199 1.0
65.0 1.00772973438 0.0
103.0 0.983146390163 0.0
37.0 1.02558375813 0.0
53.0 7.29046487934 1.0
45.0 0.98354344464 0.0
160.0 12.7797503498 1.0
179.0 1.72459962962 1.0
6.0 7.24119324001 1.0
19.0 1.08415518262 0.0
83.0 7.21114444208 1.0
59.0 7.25018547563 1.0
189.0 -2.47993607425 0.0
173.0 4.54131573717 0.0
116.0 1.04811404976 0.0
26.0 1.01646985978 0.0
146.0 1.0735775082 0.0
42.0 7.28130797592 1.0
object 96	1.0:0.5 2.38581563256:0.5
168.0 0.321275581329 0.0
155.0 0.982008697036 0.0
84.0 0.984068763319 0.0
9.0 1.01137801817 0.0
118.0 0.960949411212 0.0
108.0 1.01164441923 0.0
175.0 0.353309303456 0.0
141.0 0.989109541497 0.0
24.0 2.33420273695 1.0
20.0 0.88531538429 0.0
189.0 1.62818864273 0.0
77.0 1.01043179444 0.0
80.0 2.39974963583 1.0
31.0 2.37900050567 1.0
55.0 2.40572487929 1.0
object 97	1.0:0.5 -3.19428862731:0.5
180.0 -1.82988767223 1.0
109.0 -3.22718178085 1.0
145.0 0.990553944756 0.0
87.0 -3.20439249569 1.0
32.0 -3.23690536341 1.0
155.0 0.979894672497 0.0
57.0 -3.13985806438 1.0
54.0 -3.17533290809 1.0
83.0 0.91824227856 0.0
53.0 0.905481296903 0.0
108.0 -3.24177478945 1.0
61.0 -3.14714864833 1.0
14.0 -3.27457252119 1.0
157.0 1.00516606844 0.0
138.0 0.877940279539 0.0
43.0 -3.1861539349 1.0
48.0 0.875895658074 0.0
42.0 -3.26412170574 1.0
189.0 2.18610638763 0.0
184.0 -3.65486336492 1.0
121.0 -3.16491889329 1.0
26.0 -3.19903683137 1.0
127.0 0.970386908261 0.0
183.0 -5.5694677149 1.0
object 98	1.0:0.5 11.3642160157:0.5
130.0 1.03272033008 0.0
126.0 0.999748352713 0.0
73.0 11.4090122595 1.0
52.0 1.06067872238 0.0
100.0 11.4023442829 1.0
5.0 0.853023171123 0.0
35.0 11.3672009722 1.0
197.0 -6.99037671458 0.0
27.0 0.976273402295 0.0
82.0 0.950298492915 0.0
69.0 11.3986374553 1.0
84.0 1.02251373833 0.0
137.0 11.3328361853 1.0
49.0 11.2623554322 1.0
164.0 1.28800434331 0.0
118.0 11.2667438413 1.0
135.0 1.01743245793 0.0
58.0 11.3325842205 1.0
119.0 11.4427190192 1.0
43.0 11.3984850676 1.0
42.0 11.3660251257 1.0
109.0 1.0855829472 0.0
71.0 1.0610614385 0.0
12.0 11.4357867656 1.0
7.0 11.3527361561 1.0
112.0 11.3207695861 1.0
77.0 11.3681124385 1.0
170.0 0.904624859332 0.0
20.0 0.983394704812 0.0
object 99	1.0:0.5 -4.67539203867:0.5
184.0 1.11030729764 0.0
10.0 0.969228583361 0.0
95.0 1.02243366179 0.0
112.0 -4.6292949934 1.0
192.0 -4.60881700673 1.0
166.0 0.0145636499633 0.0
117.0 -4.77947834767 1.0
73.0 -4.58689229071 1.0
121.0 0.975633245517 0.0
7.0 -4.6789487725 1.0
169.0 -2.17319375658 1.0
143.0 -4.72798731422 1.0
175.0 5.64949487726 0.0
42.0 1.04056630673 0.0
89.0 -4.63723153438 1.0
69.0 -4.66658893958 1.0
9.0 0.9706458986 0.0
30.0 1.02860851019 0.0
102.0 1.10059032082 0.0
17.0 -4.6732715602 1.0
32.0 -4.63545198716 1.0
36.0 1.09349797939 0.0
152.0 -4.77033096124 1.0
130.0 -4.67080132385 1.0
58.0 -4.59723255329 1.0
35.0 1.0561199029 0.0
197.0 -3.70001316971 1.0
