object 0	1.0:1.0
66.0 0.942699876275 1.0
133.0 0.989472134261 1.0
24.0 1.00768084804 1.0
173.0 -5.83667668677 1.0
27.0 1.03949373958 1.0
192.0 -0.738747463384 1.0
8.0 0.94430845612 1.0
196.0 -3.59392967922 1.0
object 1	1.0:1.0
13.0 0.986357720023 1.0
135.0 1.00066720614 1.0
58.0 0.936342956213 1.0
50.0 0.996633279819 1.0
68.0 1.01970598144 1.0
6.0 1.02372485679 1.0
128.0 1.00461509165 1.0
138.0 1.07320030048 1.0
182.0 -1.32545231342 1.0
0.0 1.02518701727 1.0
62.0 1.02256747027 1.0
42.0 0.997922664246 1.0
91.0 1.04224034874 1.0
object 2	1.0:1.0
155.0 0.997431838873 1.0
69.0 0.998025200489 1.0
18.0 1.02011131667 1.0
147.0 0.993993362559 1.0
192.0 4.79749851352 1.0
59.0 0.998358799196 1.0
84.0 0.969452962322 1.0
94.0 0.973257147051 1.0
148.0 0.991074112554 1.0
199.0 1.13260771987 1.0
21.0 1.02527005096 1.0
99.0 0.994218795618 1.0
179.0 3.31568589398 1.0
object 3	1.0:1.0
68.0 0.994228903264 1.0
155.0 1.00734129977 1.0
173.0 10.7026496808 1.0
25.0 0.993096973344 1.0
121.0 0.950286273028 1.0
190.0 -0.400945378924 1.0
79.0 1.10844703198 1.0
22.0 1.05832065348 1.0
49.0 1.00396637737 1.0
97.0 0.969872010587 1.0
28.0 0.974449336112 1.0
141.0 1.00816245204 1.0
96.0 0.944879891481 1.0
74.0 0.921150872687 1.0
146.0 0.939827343471 1.0
33.0 1.00062213595 1.0
35.0 0.997918356401 1.0
object 4	1.0:1.0
0.0 0.945517714375 1.0
75.0 0.986095743455 1.0
47.0 1.05972974272 1.0
100.0 0.995852012817 1.0
192.0 3.34193236867 1.0
140.0 1.00555994772 1.0
156.0 0.992441526745 1.0
127.0 0.970906658657 1.0
106.0 1.01802226664 1.0
26.0 0.968636953662 1.0
73.0 1.05813135819 1.0
49.0 1.01404408018 1.0
3.0 0.972535399427 1.0
76.0 0.997155543297 1.0
99.0 1.02113159966 1.0
object 5	1.0:1.0
58.0 0.970696655405 1.0
51.0 0.995330325329 1.0
143.0 0.99511905423 1.0
19.0 0.947312754819 1.0
46.0 1.03444468522 1.0
72.0 1.00590372759 1.0
122.0 1.00204807779 1.0
98.0 1.00187982824 1.0
54.0 1.02082604087 1.0
63.0 1.02498388287 1.0
82.0 1.01111990494 1.0
object 6	1.0:1.0
83.0 0.967966386175 1.0
33.0 0.950571457915 1.0
107.0 1.01016539352 1.0
23.0 1.0243020777 1.0
72.0 1.01710314514 1.0
113.0 0.974522265447 1.0
18.0 0.973104183854 1.0
124.0 0.98445189933 1.0
132.0 1.02540041518 1.0
58.0 1.00721917495 1.0
145.0 1.00907207245 1.0
140.0 1.00508228374 1.0
191.0 1.1517401103 1.0
25.0 0.911730075386 1.0
177.0 0.63812668548 1.0
object 7	1.0:1.0
148.0 0.967182759108 1.0
40.0 1.00941724599 1.0
103.0 1.0142904883 1.0
107.0 0.9966411314 1.0
25.0 1.03728086221 1.0
2.0 1.00374775658 1.0
14.0 1.00380811977 1.0
122.0 0.965242715259 1.0
61.0 1.01926317748 1.0
32.0 0.985943986383 1.0
12.0 0.997906168894 1.0
119.0 1.03512250505 1.0
197.0 -4.02364656391 1.0
164.0 3.82569185153 1.0
object 8	1.0:1.0
36.0 0.952628706921 1.0
138.0 0.983739404402 1.0
154.0 1.01172561482 1.0
101.0 1.01064204031 1.0
39.0 0.925688534883 1.0
168.0 1.09025638144 1.0
117.0 1.02676621643 1.0
48.0 0.996353011276 1.0
153.0 1.02667891774 1.0
170.0 0.0528667671142 1.0
103.0 1.00446762866 1.0
160.0 0.623616157444 1.0
53.0 0.965863646308 1.0
object 9	1.0:1.0
183.0 -1.88763519692 1.0
8.0 1.03738828322 1.0
107.0 0.9703500107 1.0
153.0 1.01801402706 1.0
36.0 1.03179573885 1.0
55.0 1.01165866423 1.0
198.0 -2.80116483925 1.0
195.0 -0.484628946947 1.0
67.0 1.03570712902 1.0
6.0 1.00229432444 1.0
151.0 1.06053659487 1.0
179.0 1.15174658182 1.0
31.0 1.03441951784 1.0
145.0 0.966254753601 1.0
142.0 1.02867261086 1.0
object 10	1.0:1.0
23.0 0.943455622872 1.0
185.0 9.09625491913 1.0
51.0 0.997446389244 1.0
112.0 1.01883286249 1.0
146.0 1.07132833504 1.0
152.0 0.98487718874 1.0
136.0 0.939656639128 1.0
74.0 1.09482670456 1.0
98.0 1.00615863171 1.0
99.0 1.03256651104 1.0
43.0 0.885045753445 1.0
95.0 0.948037524322 1.0
17.0 1.01167761004 1.0
134.0 1.0103669462 1.0
object 11	1.0:1.0
82.0 0.962040023043 1.0
194.0 -0.375342614758 1.0
109.0 1.0096471203 1.0
110.0 1.01045784835 1.0
85.0 1.09946534926 1.0
94.0 1.046940225 1.0
34.0 1.01225277786 1.0
197.0 6.28863362057 1.0
112.0 1.01961690829 1.0
55.0 0.985234468578 1.0
131.0 0.980139010172 1.0
43.0 1.03177756448 1.0
object 12	1.0:1.0
14.0 1.00921335169 1.0
195.0 0.545896501646 1.0
117.0 1.02301724932 1.0
174.0 1.66480834378 1.0
125.0 1.02785273131 1.0
25.0 1.03549659727 1.0
77.0 1.00834895876 1.0
178.0 1.70414482246 1.0
137.0 0.966946470959 1.0
54.0 0.894284090689 1.0
105.0 0.955201623158 1.0
160.0 -4.51594575238 1.0
136.0 0.968547856596 1.0
object 13	1.0:1.0
117.0 0.965123449424 1.0
2.0 1.00285454427 1.0
167.0 4.02768837071 1.0
66.0 0.976415257232 1.0
45.0 0.999970409123 1.0
81.0 1.03057501569 1.0
55.0 1.01327898853 1.0
157.0 0.996946688413 1.0
125.0 1.00202246465 1.0
107.0 1.02897017344 1.0
18.0 1.00126251582 1.0
25.0 0.982217058977 1.0
106.0 0.99214199402 1.0
11.0 0.995320698541 1.0
26.0 1.00646335057 1.0
object 14	1.0:1.0
157.0 1.00041698203 1.0
177.0 3.23003154241 1.0
164.0 -6.89025233136 1.0
46.0 0.947996206231 1.0
69.0 1.03525024539 1.0
48.0 1.01987300472 1.0
87.0 1.00200345615 1.0
45.0 1.00296903213 1.0
155.0 0.969291886773 1.0
106.0 0.990113105431 1.0
144.0 1.00751297496 1.0
object 15	1.0:1.0
25.0 0.986994606775 1.0
140.0 0.97957847011 1.0
31.0 0.958684650808 1.0
77.0 1.11892955266 1.0
162.0 -1.06926095007 1.0
167.0 0.0123313410585 1.0
6.0 0.981016587784 1.0
111.0 0.938287290622 1.0
20.0 0.933860792727 1.0
199.0 0.902548591981 1.0
126.0 1.02391800976 1.0
30.0 1.00601222945 1.0
119.0 1.01583330452 1.0
41.0 0.99302341814 1.0
57.0 0.948322879006 1.0
26.0 0.975645677485 1.0
153.0 0.997332399682 1.0
object 16	1.0:1.0
71.0 1.0171992262 1.0
56.0 0.977347659859 1.0
197.0 -1.85740234418 1.0
79.0 1.04478681582 1.0
21.0 1.00641858301 1.0
84.0 0.996013863066 1.0
182.0 4.72427141946 1.0
46.0 1.01556650981 1.0
47.0 1.07894060633 1.0
82.0 0.987779575507 1.0
196.0 0.726765911725 1.0
100.0 1.00000448569 1.0
40.0 1.0130808623 1.0
85.0 0.94442734939 1.0
112.0 0.963737839958 1.0
object 17	1.0:1.0
6.0 0.997146394326 1.0
72.0 0.993334337021 1.0
66.0 0.988825956546 1.0
49.0 1.00233426343 1.0
184.0 0.286759637772 1.0
195.0 0.657184971379 1.0
37.0 0.976915791945 1.0
98.0 1.02345451969 1.0
30.0 1.02624115059 1.0
103.0 1.02123233094 1.0
32.0 1.01849162236 1.0
63.0 1.05265584804 1.0
169.0 -5.0178936332 1.0
object 18	1.0:1.0
90.0 1.00412808563 1.0
25.0 0.973313212451 1.0
162.0 2.58187489974 1.0
108.0 0.994390801361 1.0
142.0 1.02941470139 1.0
137.0 0.981727514491 1.0
97.0 0.936171731315 1.0
87.0 1.03474866599 1.0
85.0 0.955550983216 1.0
1.0 1.05244639488 1.0
120.0 0.988555751492 1.0
55.0 0.992977101293 1.0
21.0 0.948485718345 1.0
15.0 0.963921419637 1.0
34.0 1.03504888701 1.0
164.0 2.06011602343 1.0
78.0 0.999410016671 1.0
object 19	1.0:1.0
154.0 1.00770781201 1.0
142.0 0.948072051731 1.0
67.0 1.00313874591 1.0
192.0 -2.34558052596 1.0
138.0 1.10008546811 1.0
100.0 0.979172659779 1.0
69.0 0.971729870641 1.0
13.0 0.974980726213 1.0
172.0 1.963644569 1.0
169.0 2.52124935396 1.0
49.0 0.958284573094 1.0
159.0 1.01292768379 1.0
40.0 1.00123705912 1.0
56.0 1.00868190596 1.0
168.0 -0.174766139995 1.0
3.0 1.00530982217 1.0
object 20	1.0:1.0
134.0 1.00209480473 1.0
91.0 0.976167987969 1.0
37.0 1.02102970496 1.0
105.0 0.972320133335 1.0
117.0 0.984335236562 1.0
33.0 1.03457952856 1.0
16.0 0.955349677181 1.0
139.0 1.02588018754 1.0
171.0 1.31581326878 1.0
64.0 1.0210965187 1.0
89.0 0.996991900478 1.0
object 21	1.0:1.0
91.0 0.990195577034 1.0
179.0 -6.51097485439 1.0
114.0 0.926733304718 1.0
21.0 0.95369816968 1.0
85.0 1.02756864353 1.0
100.0 0.980264292069 1.0
157.0 1.06926252854 1.0
189.0 1.81913929423 1.0
97.0 1.06106028455 1.0
145.0 1.00056820407 1.0
24.0 0.933335407249 1.0
128.0 0.968828731154 1.0
22.0 1.01987686086 1.0
131.0 0.915519316807 1.0
178.0 0.0311541812014 1.0
object 22	1.0:1.0
80.0 0.953438782769 1.0
153.0 1.02806865109 1.0
9.0 0.999921732481 1.0
26.0 1.03246747932 1.0
114.0 1.01289532122 1.0
193.0 1.84051933752 1.0
49.0 0.925883471494 1.0
195.0 3.42479980664 1.0
51.0 0.992615253099 1.0
140.0 0.962743371485 1.0
150.0 0.995768206959 1.0
143.0 1.01381331616 1.0
88.0 1.02008412665 1.0
38.0 1.00951420589 1.0
object 23	1.0:1.0
44.0 0.997885429986 1.0
28.0 1.01119804762 1.0
130.0 1.00148746023 1.0
20.0 0.997998837311 1.0
81.0 1.01810085954 1.0
176.0 2.43371163277 1.0
97.0 0.933040573117 1.0
108.0 1.02871531755 1.0
73.0 0.997937312207 1.0
124.0 1.02457835097 1.0
185.0 5.59886273867 1.0
13.0 0.944817005885 1.0
6.0 1.03597913352 1.0
88.0 0.974795584099 1.0
36.0 0.980117768597 1.0
153.0 0.973364131161 1.0
49.0 0.994138413283 1.0
76.0 0.999851743971 1.0
144.0 1.01626586859 1.0
object 24	1.0:1.0
188.0 -0.93285096214 1.0
131.0 0.966293222181 1.0
171.0 1.00167615128 1.0
23.0 1.11655289961 1.0
141.0 0.971702991596 1.0
67.0 1.0022344216 1.0
75.0 1.0436979934 1.0
93.0 1.05794973393 1.0
32.0 1.01255558369 1.0
98.0 0.937653052799 1.0
184.0 1.88321643364 1.0
157.0 1.00737110835 1.0
180.0 -5.52946897264 1.0
147.0 1.01126879634 1.0
76.0 0.989544660884 1.0
64.0 0.975316553415 1.0
133.0 0.978228886254 1.0
125.0 0.989112593836 1.0
object 25	1.0:1.0
119.0 0.983899897458 1.0
97.0 0.970530489587 1.0
117.0 0.980252384284 1.0
169.0 7.32666502481 1.0
85.0 1.03473106377 1.0
89.0 1.01318296358 1.0
66.0 1.05271090292 1.0
75.0 1.01235629966 1.0
72.0 1.00623858141 1.0
78.0 1.00886435655 1.0
90.0 0.974669226174 1.0
object 26	1.0:1.0
125.0 1.0164630438 1.0
10.0 0.932644661915 1.0
40.0 1.00882934821 1.0
153.0 0.969960527969 1.0
74.0 1.06378220198 1.0
195.0 0.0747189484659 1.0
128.0 1.00192028384 1.0
157.0 1.03036952469 1.0
178.0 0.766713846374 1.0
54.0 0.973129094237 1.0
163.0 4.47407515537 1.0
182.0 4.01380281337 1.0
149.0 0.9961770173 1.0
57.0 1.04192480334 1.0
object 27	1.0:1.0
142.0 1.03146279935 1.0
120.0 0.971603748639 1.0
63.0 0.984774562241 1.0
129.0 1.00952212098 1.0
66.0 1.02373628694 1.0
127.0 0.985490879 1.0
112.0 1.05712132036 1.0
177.0 0.759446671503 1.0
39.0 0.956022364717 1.0
106.0 0.96774898597 1.0
28.0 0.987750640987 1.0
50.0 0.973031285765 1.0
object 28	1.0:1.0
90.0 0.990466091883 1.0
88.0 1.05120662555 1.0
73.0 0.94118295233 1.0
97.0 1.03828199596 1.0
50.0 1.00355658738 1.0
21.0 0.9593713062 1.0
183.0 1.26000709985 1.0
52.0 0.977525743952 1.0
71.0 1.00706492034 1.0
115.0 0.939638730713 1.0
33.0 1.00302409126 1.0
135.0 0.971670488986 1.0
30.0 0.977400946863 1.0
object 29	1.0:1.0
86.0 0.99195222631 1.0
186.0 3.08210043797 1.0
49.0 0.990297293172 1.0
26.0 0.932682463886 1.0
38.0 0.991678323899 1.0
18.0 1.06292480297 1.0
4.0 0.973035038872 1.0
6.0 1.01738299577 1.0
59.0 1.02314717196 1.0
83.0 1.02723620191 1.0
19.0 1.01970109062 1.0
61.0 0.993896484418 1.0
120.0 0.963316747305 1.0
178.0 -0.211845323586 1.0
104.0 0.984415580457 1.0
39.0 0.969500531629 1.0
63.0 0.97796367349 1.0
159.0 1.00010001789 1.0
object 30	1.0:1.0
182.0 -0.579649509177 1.0
129.0 0.976402985699 1.0
135.0 0.996693123283 1.0
105.0 0.950528882787 1.0
35.0 1.00295641833 1.0
32.0 1.02479109799 1.0
194.0 2.23350302928 1.0
185.0 8.17508993243 1.0
74.0 1.0236896278 1.0
97.0 0.967446605352 1.0
73.0 1.03356988777 1.0
179.0 6.36557170093 1.0
148.0 1.0036453375 1.0
88.0 0.993074912337 1.0
object 31	1.0:1.0
52.0 1.01727935957 1.0
177.0 1.63652550217 1.0
150.0 1.00705738594 1.0
137.0 1.03751216674 1.0
65.0 1.06022291324 1.0
141.0 1.01056930154 1.0
24.0 0.966365792635 1.0
99.0 1.04793313693 1.0
9.0 1.00421875584 1.0
107.0 0.899206756024 1.0
56.0 0.991438157981 1.0
1.0 0.982376492429 1.0
144.0 0.96679948768 1.0
70.0 1.03548115917 1.0
131.0 0.997054890064 1.0
0.0 1.05766960544 1.0
114.0 0.950582523922 1.0
object 32	1.0:1.0
165.0 -1.38853983198 1.0
30.0 0.991893646205 1.0
78.0 0.982338703219 1.0
172.0 -1.01027874051 1.0
68.0 0.983813318091 1.0
166.0 4.85731578734 1.0
6.0 1.04699371903 1.0
42.0 0.913443234902 1.0
24.0 1.0377131957 1.0
187.0 2.64693311522 1.0
69.0 0.969825514487 1.0
79.0 0.996562657688 1.0
object 33	1.0:1.0
126.0 1.05086202911 1.0
0.0 1.12773507538 1.0
188.0 2.5551857646 1.0
21.0 1.00837950255 1.0
159.0 0.979080684162 1.0
50.0 0.996350582004 1.0
194.0 3.22889572952 1.0
18.0 1.02394346292 1.0
171.0 1.11771784461 1.0
190.0 -0.459261591322 1.0
86.0 0.966070691638 1.0
199.0 -1.23850688058 1.0
121.0 0.967534693726 1.0
117.0 0.963369182831 1.0
40.0 0.992784215734 1.0
14.0 0.999150751707 1.0
116.0 0.988835149165 1.0
13.0 1.0264215811 1.0
103.0 1.00757025383 1.0
38.0 1.06952765853 1.0
object 34	1.0:1.0
21.0 0.968228265222 1.0
34.0 0.927696601143 1.0
174.0 7.60293093786 1.0
20.0 0.894197827149 1.0
176.0 -7.76638545471 1.0
51.0 0.987544671382 1.0
9.0 1.01354848392 1.0
112.0 0.966855466612 1.0
42.0 0.953591238657 1.0
139.0 0.967014752888 1.0
79.0 1.02423707552 1.0
136.0 0.964466643746 1.0
48.0 1.02127340077 1.0
2.0 1.03986274242 1.0
13.0 1.01268353321 1.0
19.0 0.92700252135 1.0
6.0 1.02800447325 1.0
87.0 0.986671419305 1.0
object 35	1.0:1.0
10.0 0.992778546836 1.0
53.0 0.995265721752 1.0
81.0 1.01514920995 1.0
14.0 0.998453499135 1.0
12.0 0.982251282067 1.0
28.0 0.997513244545 1.0
41.0 1.00350516429 1.0
69.0 0.995807843898 1.0
9.0 1.00879068569 1.0
45.0 1.02294031582 1.0
91.0 0.989645849226 1.0
62.0 0.982905980125 1.0
113.0 0.999352045496 1.0
object 36	1.0:1.0
162.0 0.445315140697 1.0
184.0 -0.788128530337 1.0
155.0 1.02853823356 1.0
46.0 0.929049269368 1.0
56.0 1.00971525862 1.0
96.0 1.02837730521 1.0
19.0 0.943377736375 1.0
186.0 -2.84289583595 1.0
179.0 3.50071165236 1.0
58.0 0.976509173114 1.0
145.0 0.971941996631 1.0
53.0 0.997966616232 1.0
10.0 1.01115094822 1.0
113.0 1.08895008734 1.0
77.0 1.03210296234 1.0
27.0 1.0333129428 1.0
5.0 0.892204150074 1.0
93.0 1.00088642246 1.0
192.0 -6.03101334232 1.0
95.0 0.994999579884 1.0
129.0 1.05057117632 1.0
164.0 1.42202586999 1.0
71.0 0.998548119384 1.0
20.0 1.0429241136 1.0
102.0 0.995813320375 1.0
23.0 1.0405123428 1.0
152.0 1.02711152303 1.0
168.0 1.48362655484 1.0
90.0 0.986463239653 1.0
object 37	1.0:1.0
124.0 0.980754275659 1.0
5.0 1.005519639 1.0
54.0 0.946503811697 1.0
8.0 1.00067799298 1.0
159.0 0.994047428272 1.0
66.0 1.01035137735 1.0
46.0 0.960150783114 1.0
166.0 2.46419485218 1.0
138.0 1.02550501267 1.0
104.0 0.96745263397 1.0
58.0 1.0108102148 1.0
103.0 1.01847564396 1.0
152.0 0.999211019473 1.0
196.0 -0.96462960715 1.0
110.0 1.02060712438 1.0
36.0 0.985159871036 1.0
object 38	1.0:1.0
30.0 0.975705613056 1.0
176.0 0.0288536627164 1.0
136.0 0.996659166679 1.0
163.0 -4.80951777457 1.0
144.0 1.02168581394 1.0
111.0 1.04611318752 1.0
71.0 1.02087035198 1.0
44.0 1.03332824913 1.0
26.0 1.02768336862 1.0
16.0 1.05837813056 1.0
131.0 1.04144755538 1.0
51.0 1.01909384207 1.0
88.0 0.98714569716 1.0
177.0 1.3529917838 1.0
191.0 7.5567548778 1.0
149.0 0.983135611949 1.0
158.0 0.977505692092 1.0
42.0 1.06399498228 1.0
168.0 3.1713554725 1.0
50.0 1.01002766294 1.0
46.0 1.0221611083 1.0
169.0 -1.70767023735 1.0
object 39	1.0:1.0
18.0 1.01464381761 1.0
77.0 0.988999615573 1.0
172.0 1.44811771852 1.0
1.0 0.956917816025 1.0
135.0 1.012524551 1.0
57.0 0.957311486847 1.0
177.0 2.7666191033 1.0
178.0 1.20918876798 1.0
71.0 1.00043901032 1.0
82.0 0.966781091656 1.0
28.0 1.00044275591 1.0
141.0 0.985977975892 1.0
16.0 1.07942543913 1.0
34.0 1.02510768879 1.0
object 40	1.0:1.0
165.0 0.783399329789 1.0
29.0 0.978462735465 1.0
58.0 1.06294634072 1.0
120.0 0.937746763392 1.0
124.0 0.979724362342 1.0
185.0 -1.79387555096 1.0
109.0 1.04980221066 1.0
133.0 0.981369596788 1.0
140.0 0.919992491403 1.0
88.0 1.05076944152 1.0
object 41	1.0:1.0
177.0 -1.80512251534 1.0
64.0 0.98675389251 1.0
191.0 -5.64569147327 1.0
100.0 0.97601588152 1.0
194.0 12.289831425 1.0
146.0 1.02372161853 1.0
132.0 1.05755542486 1.0
79.0 0.979485260222 1.0
167.0 0.315896404997 1.0
3.0 0.98999604309 1.0
1.0 0.921374209121 1.0
8.0 0.936763909586 1.0
object 42	1.0:1.0
169.0 -6.34309669071 1.0
80.0 1.00135965964 1.0
179.0 3.51644566138 1.0
188.0 -0.234163593996 1.0
28.0 1.01328498893 1.0
13.0 1.05431209115 1.0
107.0 1.01099450046 1.0
119.0 1.01668154502 1.0
29.0 0.964732736626 1.0
153.0 1.00478304462 1.0
154.0 1.00654071492 1.0
150.0 0.975819792957 1.0
12.0 0.986818085656 1.0
165.0 0.655183424083 1.0
76.0 1.01420074775 1.0
57.0 1.02530273211 1.0
39.0 1.03128614862 1.0
object 43	1.0:1.0
25.0 0.961333146931 1.0
165.0 0.335259308522 1.0
129.0 0.996326367205 1.0
113.0 0.963375578501 1.0
84.0 1.01629114853 1.0
148.0 0.992218387681 1.0
188.0 3.26017814135 1.0
154.0 0.988008570969 1.0
0.0 0.910827579201 1.0
52.0 1.02666573422 1.0
42.0 1.04019473066 1.0
143.0 1.01826481408 1.0
142.0 1.02024785114 1.0
169.0 -1.0455806514 1.0
54.0 0.994126564257 1.0
49.0 1.04936903258 1.0
object 44	1.0:1.0
180.0 -4.00378762961 1.0
125.0 0.991509626904 1.0
11.0 1.01085693427 1.0
67.0 1.00341623537 1.0
150.0 1.00803897847 1.0
165.0 3.569388385 1.0
28.0 0.986370629442 1.0
168.0 0.873161899872 1.0
161.0 0.888534099601 1.0
104.0 1.02797545367 1.0
83.0 1.02968178454 1.0
149.0 1.02480344156 1.0
object 45	1.0:1.0
185.0 -1.98670396792 1.0
198.0 2.7426753541 1.0
45.0 1.00422781084 1.0
96.0 1.0033280342 1.0
18.0 0.997181555576 1.0
134.0 1.02934738375 1.0
1.0 1.00081075635 1.0
94.0 0.904278566638 1.0
178.0 0.26893191846 1.0
62.0 0.983754253563 1.0
79.0 1.06614563262 1.0
123.0 1.0374484027 1.0
99.0 0.992307054973 1.0
136.0 0.989530037404 1.0
100.0 1.01857743073 1.0
17.0 1.02373233865 1.0
object 46	1.0:1.0
188.0 3.42593432447 1.0
110.0 1.02272362354 1.0
142.0 1.01504565788 1.0
9.0 0.989462590391 1.0
70.0 0.970754854096 1.0
173.0 -2.49766296473 1.0
48.0 1.00461078893 1.0
25.0 0.971820498189 1.0
164.0 0.320956496853 1.0
179.0 -1.03595770581 1.0
127.0 1.03202984121 1.0
18.0 0.956471170543 1.0
102.0 1.00561670094 1.0
86.0 0.99981169813 1.0
object 47	1.0:1.0
171.0 2.01052783061 1.0
63.0 0.98754223233 1.0
8.0 1.05659593441 1.0
27.0 0.999172743775 1.0
85.0 0.924562529632 1.0
11.0 0.991073440849 1.0
178.0 -1.81118802648 1.0
38.0 1.05084342515 1.0
97.0 1.0310068394 1.0
102.0 0.983610278747 1.0
79.0 1.03191808508 1.0
168.0 2.37672610241 1.0
149.0 1.02654857815 1.0
28.0 0.947632314367 1.0
object 48	1.0:1.0
149.0 1.01709714329 1.0
57.0 0.95352072101 1.0
83.0 0.984133423997 1.0
60.0 0.970086625183 1.0
50.0 0.993627009443 1.0
75.0 0.996284622788 1.0
5.0 0.973053580157 1.0
41.0 1.03586039771 1.0
157.0 1.0277525864 1.0
125.0 1.01044516447 1.0
106.0 0.996432447799 1.0
3.0 0.976995159565 1.0
54.0 0.949574955457 1.0
object 49	1.0:1.0
13.0 1.01261652802 1.0
35.0 0.988347994298 1.0
121.0 1.02332251609 1.0
27.0 1.00651020433 1.0
6.0 1.04414925786 1.0
174.0 2.29987970189 1.0
161.0 3.25664942662 1.0
42.0 1.01308053502 1.0
60.0 1.18496702967 1.0
68.0 0.9982835456 1.0
30.0 1.0620340485 1.0
46.0 0.970059834093 1.0
76.0 1.02938292484 1.0
9.0 0.991490533289 1.0
148.0 1.02515316882 1.0
88.0 1.0097875737 1.0
165.0 -1.65582061385 1.0
object 50	1.0:0.5 -5.40754399434:0.5
198.0 -5.07968476867 1.0
40.0 1.00853793166 0.0
37.0 -5.31110580032 1.0
80.0 1.01962134711 0.0
16.0 -5.41389654263 1.0
178.0 -6.41365590674 1.0
24.0 -5.39840611632 1.0
0.0 -5.37638836004 1.0
147.0 1.00300908984 0.0
14.0 -5.38079686367 1.0
object 51	1.0:0.5 6.52347168225:0.5
198.0 0.618556031378 0.0
181.0 1.2176933573 0.0
161.0 0.567731565232 0.0
94.0 0.875244357454 0.0
84.0 0.884004040477 0.0
118.0 6.58344936808 1.0
73.0 1.03265089307 0.0
40.0 0.950293338879 0.0
71.0 6.4606930137 1.0
2.0 0.985152758714 0.0
148.0 6.53909260515 1.0
147.0 1.05739589433 0.0
32.0 6.59341497078 1.0
166.0 7.10097991465 1.0
173.0 4.22419678169 0.0
124.0 0.971432661786 0.0
152.0 6.51585674666 1.0
object 52	1.0:0.5 -14.6553469881:0.5
126.0 1.03480560244 0.0
22.0 0.909993736264 0.0
149.0 -14.6588848995 1.0
19.0 -14.6090540476 1.0
114.0 -14.6599125819 1.0
1.0 -14.6368722712 1.0
82.0 -14.6937886203 1.0
180.0 -13.2863211072 1.0
164.0 -5.99908694043 1.0
186.0 3.69017994722 0.0
188.0 -11.5278603437 1.0
51.0 -14.5852115408 1.0
150.0 0.966117681067 0.0
93.0 -14.7051916263 1.0
55.0 0.991817849949 0.0
177.0 -11.0174660915 1.0
158.0 -14.6388401748 1.0
123.0 -14.6861849077 1.0
111.0 1.02218584831 0.0
198.0 1.0779213244 0.0
object 53	1.0:0.5 15.997283281:0.5
62.0 0.965427010009 0.0
92.0 0.989259605375 0.0
146.0 16.0197376778 1.0
31.0 15.9629942827 1.0
84.0 15.9922033707 1.0
75.0 0.945279148755 0.0
153.0 1.01087972581 0.0
48.0 16.056282988 1.0
56.0 15.9114007651 1.0
54.0 15.9709455191 1.0
188.0 0.257348860412 0.0
13.0 1.03310087586 0.0
123.0 16.0530420326 1.0
76.0 15.9457846147 1.0
118.0 16.0770849605 1.0
111.0 0.981069085118 0.0
140.0 15.9539609257 1.0
198.0 1.244934562 0.0
189.0 1.99194987608 0.0
137.0 1.02470142997 0.0
60.0 1.04480808482 0.0
object 54	1.0:0.5 -2.95016459604:0.5
62.0 0.988008376373 0.0
37.0 -3.01285948834 1.0
98.0 0.985603581242 0.0
32.0 -2.94429795863 1.0
174.0 -5.64715949701 1.0
104.0 -2.95147604626 1.0
18.0 1.01031354918 0.0
137.0 0.965260442395 0.0
7.0 -2.99307863241 1.0
object 55	1.0:0.5 -9.28641672093:0.5
115.0 -9.29516015677 1.0
25.0 -9.23873991738 1.0
128.0 -9.27640837879 1.0
181.0 -8.58527385706 1.0
146.0 -9.27431894645 1.0
30.0 0.996276524374 0.0
108.0 -9.20926662191 1.0
23.0 1.01749458555 0.0
126.0 -9.24289558597 1.0
75.0 1.00388901573 0.0
8.0 -9.281083035 1.0
9.0 -9.32721002413 1.0
56.0 -9.31324134985 1.0
117.0 -9.3220178204 1.0
37.0 1.06860064422 0.0
99.0 -9.25966512675 1.0
189.0 -9.73093735164 1.0
196.0 -10.1148307072 1.0
184.0 -3.1551836154 0.0
21.0 1.06044302806 0.0
object 56	1.0:0.5 8.96240880156:0.5
128.0 8.95377698478 1.0
82.0 0.984111819743 0.0
117.0 1.10887163067 0.0
149.0 8.97333777238 1.0
131.0 1.01223959682 0.0
13.0 1.12820223613 0.0
156.0 8.96783215834 1.0
101.0 1.06617019006 0.0
39.0 8.84443107748 1.0
127.0 1.01758742764 0.0
172.0 -0.690513583078 0.0
0.0 9.00133437536 1.0
148.0 1.00020681506 0.0
152.0 8.95580536234 1.0
48.0 0.989430501347 0.0
130.0 0.973488252444 0.0
154.0 8.94983169909 1.0
33.0 9.0717003537 1.0
80.0 1.01125152304 0.0
9.0 1.00736010379 0.0
object 57	1.0:0.5 -16.5990306127:0.5
77.0 -16.5614020026 1.0
60.0 0.982070944177 0.0
26.0 1.00567999445 0.0
22.0 0.974444923509 0.0
75.0 1.02404456715 0.0
122.0 -16.5745088488 1.0
123.0 1.09510381277 0.0
174.0 -13.0354184161 1.0
121.0 1.00954415336 0.0
79.0 0.962357789759 0.0
50.0 1.05910588023 0.0
52.0 -16.6587060202 1.0
186.0 -9.96851268834 0.0
114.0 0.985294436541 0.0
15.0 1.03141457623 0.0
8.0 -16.6622952596 1.0
object 58	1.0:0.5 6.22484751683:0.5
99.0 1.02259058573 0.0
55.0 1.0488915292 0.0
91.0 0.981604562956 0.0
138.0 0.99122460412 0.0
142.0 6.24321147358 1.0
105.0 0.981553590568 0.0
173.0 1.01607757257 0.0
81.0 6.28259835542 1.0
165.0 7.49794733176 1.0
144.0 0.968857177843 0.0
48.0 1.05123067423 0.0
53.0 1.05886299097 0.0
15.0 1.00983117177 0.0
36.0 1.00959054059 0.0
18.0 1.00610464733 0.0
89.0 1.02534079845 0.0
1.0 1.01754375622 0.0
object 59	1.0:0.5 -6.06494439051:0.5
68.0 -6.07294742621 1.0
25.0 0.920309091544 0.0
92.0 -6.0511893241 1.0
49.0 1.03161214378 0.0
147.0 -6.1203129125 1.0
73.0 -6.06610201967 1.0
83.0 0.971308383427 0.0
object 60	1.0:0.5 14.5796105964:0.5
70.0 1.02390864024 0.0
123.0 14.5634012803 1.0
133.0 14.5480663869 1.0
49.0 1.05194333374 0.0
7.0 0.954740315087 0.0
190.0 1.70902267574 0.0
152.0 14.6734517263 1.0
12.0 14.5720920064 1.0
10.0 1.0076767289 0.0
75.0 14.6038728305 1.0
135.0 14.5562856041 1.0
24.0 1.05738600448 0.0
46.0 0.987562067365 0.0
53.0 14.6586318084 1.0
25.0 14.66049175 1.0
27.0 14.5294311953 1.0
18.0 0.992890883656 0.0
object 61	1.0:0.5 -10.7186917528:0.5
46.0 1.06181144788 0.0
30.0 0.985349378471 0.0
127.0 0.949891664415 0.0
52.0 -10.7036141106 1.0
159.0 -10.7445084984 1.0
190.0 4.56943745049 0.0
19.0 -10.6955286486 1.0
7.0 -10.6225158888 1.0
36.0 -10.6663579829 1.0
1.0 0.928052991435 0.0
25.0 0.989285876404 0.0
31.0 -10.7831629733 1.0
167.0 -13.6407332187 1.0
50.0 -10.6717245003 1.0
179.0 -3.38926121443 1.0
object 62	1.0:0.5 17.1396052437:0.5
40.0 17.2148404784 1.0
73.0 17.1242911217 1.0
184.0 19.3490238294 1.0
22.0 1.00131784112 0.0
58.0 1.0287957897 0.0
195.0 2.21385001356 0.0
77.0 0.929910095285 0.0
2.0 17.1910315635 1.0
157.0 17.0833261986 1.0
20.0 17.0660295658 1.0
74.0 1.0025164237 0.0
93.0 17.1823346504 1.0
91.0 17.1100510356 1.0
13.0 17.0828710453 1.0
162.0 -3.182983375 0.0
object 63	1.0:0.5 3.31245854403:0.5
21.0 1.03786500513 0.0
176.0 5.81218599449 1.0
165.0 0.599243195931 0.0
60.0 3.31511034307 1.0
180.0 2.4287061194 1.0
142.0 1.00968003339 0.0
182.0 1.76405749238 1.0
132.0 0.977578056317 0.0
46.0 3.29979387368 1.0
16.0 3.27054601639 1.0
189.0 2.97167367022 1.0
106.0 0.995826783605 0.0
47.0 3.22579967833 1.0
173.0 -1.39831754534 0.0
196.0 -3.33257249968 1.0
55.0 3.2729496701 1.0
159.0 3.24461008537 1.0
98.0 0.986730256578 0.0
24.0 3.40802981131 1.0
59.0 3.21767409013 1.0
object 64	1.0:0.5 15.4692013966:0.5
128.0 15.4889198195 1.0
135.0 15.5258607476 1.0
51.0 15.448901262 1.0
84.0 15.5738140214 1.0
117.0 1.00378093878 0.0
12.0 15.5019527634 1.0
144.0 15.5123512424 1.0
188.0 13.1101944496 1.0
56.0 15.4449992088 1.0
173.0 17.1727021061 1.0
181.0 14.5749045974 1.0
23.0 15.5129018348 1.0
26.0 15.4866471936 1.0
44.0 15.5365256978 1.0
124.0 15.442595787 1.0
54.0 15.4774304483 1.0
149.0 0.951827186379 0.0
16.0 0.990180873368 0.0
155.0 15.4034335631 1.0
158.0 15.4950821455 1.0
object 65	1.0:0.5 3.42229370279:0.5
39.0 1.02701680957 0.0
10.0 1.0311828712 0.0
33.0 0.976881221452 0.0
22.0 3.53192029631 1.0
31.0 3.37028305221 1.0
158.0 3.35468669177 1.0
191.0 4.53118557217 0.0
92.0 3.36374540484 1.0
6.0 0.981368782971 0.0
7.0 3.43122029968 1.0
160.0 0.560925796307 1.0
80.0 3.41654111561 1.0
166.0 1.01248299977 0.0
179.0 4.10411599167 1.0
object 66	1.0:0.5 9.4977872971:0.5
118.0 9.52677386097 1.0
186.0 2.17123647053 0.0
61.0 0.997656651947 0.0
197.0 5.94734789532 1.0
143.0 0.93055450889 0.0
53.0 9.46869161909 1.0
92.0 9.49361628563 1.0
37.0 0.874532392656 0.0
49.0 9.46613819685 1.0
174.0 8.37052212236 1.0
137.0 9.52353293253 1.0
54.0 9.4440527492 1.0
27.0 9.5227154773 1.0
object 67	1.0:0.5 6.13087655029:0.5
84.0 6.11914834974 1.0
97.0 0.952115496056 0.0
101.0 6.07949245456 1.0
118.0 0.983411738749 0.0
117.0 1.04097147164 0.0
66.0 6.10522295028 1.0
195.0 0.356258009718 0.0
103.0 0.939560662834 0.0
36.0 6.1470162158 1.0
41.0 6.14937579707 1.0
178.0 7.5063375664 1.0
197.0 5.63754078851 1.0
89.0 1.01603588928 0.0
31.0 6.12943103454 1.0
51.0 0.977401200293 0.0
199.0 0.95894972083 0.0
112.0 1.05287742026 0.0
14.0 6.02348965746 1.0
object 68	1.0:0.5 1.580468185:0.5
186.0 2.1022473786 0.0
124.0 0.997352363124 0.0
193.0 -0.956518427258 1.0
112.0 1.6006255503 1.0
28.0 1.64237957966 1.0
164.0 -1.37297160587 1.0
76.0 1.51085192158 1.0
23.0 0.992841066191 0.0
10.0 1.05945120616 0.0
133.0 1.03659231794 0.0
114.0 1.58111726462 1.0
138.0 1.64545775089 1.0
187.0 8.95047610655 1.0
object 69	1.0:0.5 27.7783388587:0.5
158.0 0.975260652797 0.0
62.0 1.01200165494 0.0
121.0 1.03942992929 0.0
1.0 0.953288142767 0.0
167.0 31.6753786151 1.0
181.0 26.5770118868 1.0
36.0 27.7610544711 1.0
144.0 0.902943545766 0.0
183.0 2.37901218685 0.0
74.0 27.7234974052 1.0
66.0 1.04774509289 0.0
159.0 0.996027258499 0.0
34.0 1.02373061899 0.0
59.0 1.05574579065 0.0
30.0 27.8051354171 1.0
157.0 1.00207416334 0.0
70.0 0.952160701615 0.0
166.0 29.0347592424 1.0
126.0 27.7364651231 1.0
147.0 0.991325554388 0.0
106.0 1.094922878 0.0
object 70	1.0:0.5 -6.95132286338:0.5
110.0 -6.92872247022 1.0
172.0 -6.13407798099 1.0
160.0 -9.20729540668 1.0
47.0 -6.97709969743 1.0
23.0 1.07966101252 0.0
178.0 1.40301081392 0.0
84.0 0.948973862586 0.0
36.0 -6.96191837774 1.0
58.0 -6.83265445863 1.0
97.0 1.02984674983 0.0
145.0 -7.04629555201 1.0
64.0 0.966658340039 0.0
66.0 -6.91237795943 1.0
182.0 5.81607059019 0.0
98.0 -6.94436574191 1.0
3.0 -6.94688742176 1.0
object 71	1.0:0.5 5.05674059448:0.5
140.0 1.06779803741 0.0
65.0 1.00977755569 0.0
111.0 5.00799808324 1.0
108.0 5.02456651876 1.0
18.0 1.00758723305 0.0
85.0 1.11042907101 0.0
71.0 0.974600856433 0.0
2.0 1.00187424467 0.0
185.0 -3.29976472202 0.0
141.0 0.977647757477 0.0
55.0 1.02565629792 0.0
95.0 0.952343275188 0.0
103.0 5.07791169637 1.0
79.0 5.02155959852 1.0
object 72	1.0:0.5 -9.16810171588:0.5
149.0 -9.17901492308 1.0
49.0 1.00296211925 0.0
21.0 0.968817747603 0.0
152.0 1.08904542282 0.0
52.0 -9.114255346 1.0
37.0 0.87378937025 0.0
183.0 2.98207720481 0.0
63.0 0.998154543349 0.0
191.0 0.542266403214 0.0
69.0 0.985657239018 0.0
138.0 1.01764192579 0.0
40.0 1.08978025086 0.0
106.0 -9.14007174698 1.0
171.0 -9.7683347577 1.0
186.0 1.7058077199 0.0
29.0 -9.21431169521 1.0
70.0 0.991330186187 0.0
172.0 0.935498294634 0.0
object 73	1.0:0.5 -14.2936605903:0.5
168.0 1.20028813881 0.0
195.0 -15.5995531402 1.0
10.0 -14.3462232677 1.0
53.0 0.950532031073 0.0
1.0 -14.2573567087 1.0
189.0 -16.9845559555 1.0
175.0 -14.3006425265 1.0
121.0 0.956720715981 0.0
158.0 0.993543214416 0.0
172.0 -12.8106612096 1.0
58.0 -14.3029150749 1.0
27.0 1.00835213758 0.0
89.0 1.01994279403 0.0
15.0 -14.2768425228 1.0
183.0 1.15734066219 0.0
126.0 1.01644443586 0.0
46.0 -14.2282243845 1.0
object 74	1.0:0.5 8.12208909544:0.5
40.0 8.09042658482 1.0
178.0 -1.6948383435 0.0
17.0 8.1502241109 1.0
159.0 0.983638300252 0.0
14.0 0.970425895658 0.0
2.0 8.05359173071 1.0
32.0 1.01738141957 0.0
195.0 8.3409291076 1.0
132.0 8.08216382075 1.0
62.0 1.00555226395 0.0
object 75	1.0:0.5 -13.117654917:0.5
193.0 -0.488243733969 0.0
102.0 -13.1978527129 1.0
15.0 -13.1270358756 1.0
128.0 1.04963792669 0.0
186.0 1.5038609792 0.0
16.0 -13.1035218004 1.0
47.0 -13.1814250409 1.0
32.0 -13.1211235744 1.0
179.0 -6.655594715 0.0
105.0 -13.1372099287 1.0
object 76	1.0:0.5 3.10006265527:0.5
45.0 3.03236069817 1.0
63.0 1.00056970818 0.0
169.0 2.0912870219 0.0
29.0 3.15339256535 1.0
37.0 3.10830925908 1.0
104.0 1.02515903394 0.0
148.0 1.08613036452 0.0
185.0 -1.02765433883 0.0
162.0 1.24716590283 1.0
27.0 1.06638838396 0.0
object 77	1.0:0.5 2.18192698874:0.5
84.0 2.12377679812 1.0
107.0 0.954465697464 0.0
152.0 0.926102383204 0.0
37.0 0.998538276448 0.0
116.0 2.24323092283 1.0
11.0 2.15207852001 1.0
141.0 2.18063682033 1.0
31.0 1.05851743474 0.0
61.0 2.26505985829 1.0
157.0 2.2818723508 1.0
96.0 0.936785182683 0.0
69.0 2.20787889147 1.0
54.0 2.10178885035 1.0
90.0 2.23543493901 1.0
178.0 1.89849556962 0.0
145.0 0.962055115432 0.0
object 78	1.0:0.5 11.7824777875:0.5
47.0 0.980991437851 0.0
151.0 1.06863396711 0.0
195.0 11.6170920808 1.0
18.0 11.7438539709 1.0
111.0 1.00889433511 0.0
161.0 14.8961668811 1.0
22.0 11.7516459594 1.0
62.0 1.02055398092 0.0
27.0 1.0030886204 0.0
188.0 6.77365079863 1.0
34.0 0.863086285726 0.0
149.0 0.984786211708 0.0
126.0 1.01219371898 0.0
23.0 11.7711649467 1.0
26.0 11.7665127255 1.0
85.0 11.7668174306 1.0
46.0 11.8212978272 1.0
190.0 1.59382515137 0.0
object 79	1.0:0.5 9.93545514991:0.5
96.0 9.87889778094 1.0
83.0 0.994236329974 0.0
125.0 0.901572584194 0.0
144.0 0.993550084445 0.0
182.0 0.159876460848 0.0
137.0 9.9298842856 1.0
124.0 9.86878768704 1.0
71.0 1.04171408674 0.0
102.0 9.95295880222 1.0
192.0 3.24402542683 1.0
140.0 9.91824891946 1.0
77.0 9.96092499765 1.0
181.0 7.5759180204 1.0
179.0 10.8325509028 0.0
155.0 10.0121108971 1.0
35.0 9.93038127635 1.0
139.0 0.955766192152 0.0
object 80	1.0:0.5 -2.12431715618:0.5
48.0 -2.12909079425 1.0
91.0 -2.16653299169 1.0
169.0 -2.97246934463 0.0
59.0 -2.13677678446 1.0
81.0 -2.1496357312 1.0
67.0 1.00039041507 0.0
55.0 -2.10614738143 1.0
22.0 1.03410994042 0.0
107.0 -2.14058689403 1.0
181.0 -3.15027456353 1.0
144.0 -2.12602176827 1.0
116.0 -2.12081451882 1.0
180.0 -3.89643939231 1.0
137.0 -2.11832726198 1.0
31.0 -2.13777852547 1.0
131.0 0.945329627401 0.0
object 81	1.0:0.5 23.7961824483:0.5
176.0 27.294767773 1.0
50.0 0.98703831234 0.0
185.0 -3.34336654905 0.0
18.0 0.865765551367 0.0
36.0 0.982644585999 0.0
113.0 23.8055698176 1.0
67.0 23.83210274 1.0
149.0 1.00961041243 0.0
143.0 1.0003698945 0.0
128.0 1.01796485929 0.0
94.0 1.05882689428 0.0
16.0 23.7538049067 1.0
object 82	1.0:0.5 -10.9135047771:0.5
94.0 1.04449605708 0.0
158.0 1.01324132539 0.0
152.0 1.02534910732 0.0
62.0 0.874619062184 0.0
133.0 1.07916153768 0.0
13.0 -10.9258324765 1.0
165.0 -10.2409164076 1.0
64.0 1.00468264881 0.0
170.0 -10.736418483 1.0
102.0 0.999163561692 0.0
171.0 3.95865230035 0.0
175.0 -9.92121727461 1.0
153.0 -10.8820558886 1.0
27.0 -10.8621159623 1.0
35.0 0.979242002066 0.0
91.0 0.957032650242 0.0
77.0 -10.9392491715 1.0
148.0 1.05626117813 0.0
object 83	1.0:0.5 -5.12469560181:0.5
104.0 1.09969612166 0.0
29.0 0.916751742225 0.0
101.0 -5.11116333152 1.0
37.0 -5.15779196915 1.0
117.0 1.11940489092 0.0
158.0 0.983607032196 0.0
87.0 0.920281326503 0.0
108.0 1.07050939893 0.0
191.0 -1.30051696127 1.0
106.0 -5.15891387051 1.0
71.0 -5.22205771188 1.0
9.0 1.01321444834 0.0
92.0 0.85028214975 0.0
139.0 -5.11917499018 1.0
object 84	1.0:0.5 4.1230045232:0.5
197.0 1.48618655606 0.0
195.0 0.87606786801 0.0
140.0 0.977234527077 0.0
60.0 4.09151976822 1.0
95.0 4.17099184999 1.0
92.0 4.12158142066 1.0
177.0 -1.15398003071 0.0
161.0 5.41153512906 1.0
121.0 0.9925722404 0.0
13.0 4.12031498799 1.0
67.0 0.95509760483 0.0
70.0 4.13267177106 1.0
102.0 1.00205999444 0.0
126.0 4.13625390845 1.0
37.0 0.975550046886 0.0
98.0 4.06466017331 1.0
object 85	1.0:0.5 -16.6599322852:0.5
92.0 -16.6262949036 1.0
84.0 1.02663993183 0.0
89.0 0.976226927509 0.0
5.0 -16.7075640995 1.0
107.0 1.01085830913 0.0
148.0 0.98993237588 0.0
193.0 1.30306279044 0.0
35.0 1.02921010062 0.0
9.0 0.996347989424 0.0
27.0 -16.5956469249 1.0
80.0 0.980361243735 0.0
91.0 -16.5815865043 1.0
61.0 1.02748619642 0.0
166.0 -17.0681925352 1.0
153.0 -16.6667893106 1.0
146.0 0.930348323005 0.0
22.0 -16.6129799103 1.0
46.0 -16.6165162634 1.0
object 86	1.0:0.5 -7.98497285762:0.5
60.0 1.00827639442 0.0
74.0 0.946031292721 0.0
36.0 1.07957783121 0.0
125.0 -7.96249775887 1.0
39.0 -7.95092801397 1.0
115.0 -7.92094412653 1.0
22.0 -7.95320370485 1.0
63.0 -8.00973255545 1.0
118.0 -7.98544907997 1.0
13.0 0.966755941754 0.0
10.0 0.912762205298 0.0
57.0 -7.96792438853 1.0
30.0 0.950010030936 0.0
object 87	1.0:0.5 1.63412066835:0.5
183.0 3.43461877155 0.0
180.0 5.60118841585 1.0
64.0 1.11431118018 0.0
185.0 -1.23767594834 1.0
161.0 -1.21024194927 1.0
120.0 1.56946511704 1.0
103.0 1.62992865387 1.0
0.0 0.963804827982 0.0
65.0 1.02927572787 0.0
148.0 1.71029692072 1.0
125.0 1.07514341019 0.0
106.0 1.63899102956 1.0
117.0 1.65479557503 1.0
198.0 5.31134124957 1.0
38.0 1.07050966141 0.0
19.0 1.03663212622 0.0
59.0 1.59189919244 1.0
97.0 1.66047110732 1.0
object 88	1.0:0.5 15.8139494327:0.5
86.0 1.0238082148 0.0
7.0 1.07215747067 0.0
16.0 15.7530326989 1.0
182.0 3.55439274905 0.0
118.0 15.8198686341 1.0
70.0 0.950467269878 0.0
165.0 10.2158667032 1.0
161.0 -0.722701964269 0.0
173.0 -2.0443544064 0.0
62.0 15.786874918 1.0
object 89	1.0:0.5 -2.88395231042:0.5
168.0 -0.323876648246 1.0
162.0 -1.77754389232 0.0
77.0 0.951371129548 0.0
125.0 -2.91646350837 1.0
169.0 -7.37936549995 1.0
8.0 0.975223492888 0.0
184.0 -2.91660723581 1.0
93.0 -2.83243908767 1.0
180.0 -5.10259304834 1.0
55.0 -2.87346175697 1.0
31.0 -2.82248773422 1.0
33.0 -2.9463731216 1.0
object 90	1.0:0.5 -13.5549744023:0.5
135.0 1.01950469088 0.0
78.0 1.01416199486 0.0
143.0 1.05264416662 0.0
152.0 0.878860325545 0.0
193.0 -21.9901017543 1.0
134.0 -13.6177373751 1.0
145.0 -13.584755395 1.0
97.0 0.986229688715 0.0
75.0 0.976496487547 0.0
197.0 -21.3422329743 1.0
106.0 -13.5293701856 1.0
155.0 -13.5519233185 1.0
111.0 0.949064336545 0.0
190.0 2.54263719174 0.0
object 91	1.0:0.5 7.27344907157:0.5
180.0 9.14891842429 1.0
69.0 1.06004911561 0.0
159.0 7.27912865418 1.0
56.0 7.238456975 1.0
143.0 0.966895096889 0.0
7.0 1.03874658005 0.0
158.0 0.941769059671 0.0
94.0 0.951703957518 0.0
87.0 0.984430701228 0.0
14.0 0.97458807898 0.0
173.0 2.76589725067 0.0
177.0 -4.32795911303 0.0
42.0 7.2345789144 1.0
161.0 7.31771117781 1.0
150.0 7.27122940838 1.0
129.0 7.31980879734 1.0
44.0 0.972714086425 0.0
109.0 1.02429129025 0.0
186.0 7.43864440533 1.0
75.0 1.00647641426 0.0
38.0 7.28199240073 1.0
object 92	1.0:0.5 -12.3804690773:0.5
109.0 -12.2909563082 1.0
96.0 1.086477935 0.0
11.0 0.94292477271 0.0
142.0 -12.3502453685 1.0
127.0 1.03392749959 0.0
108.0 0.935354596831 0.0
155.0 0.998477150722 0.0
171.0 -2.14207977715 0.0
167.0 4.08169682365 0.0
10.0 -12.4300389831 1.0
76.0 -12.4196309684 1.0
object 93	1.0:0.5 11.3808982736:0.5
121.0 0.977543702979 0.0
103.0 1.0428266713 0.0
104.0 0.957405803545 0.0
140.0 11.3574761773 1.0
18.0 0.918674090693 0.0
111.0 1.05963977658 0.0
141.0 1.02120498936 0.0
77.0 11.3725065599 1.0
89.0 11.3555929683 1.0
93.0 11.3747589733 1.0
107.0 11.4494082489 1.0
71.0 1.0224919277 0.0
126.0 0.974570495523 0.0
31.0 11.3884214272 1.0
87.0 1.02613661736 0.0
82.0 11.2986236467 1.0
90.0 0.985490665853 0.0
object 94	1.0:0.5 2.75329132036:0.5
46.0 1.07623853977 0.0
16.0 2.70456124913 1.0
154.0 1.03295479019 0.0
104.0 1.0431541647 0.0
147.0 2.79292832615 1.0
76.0 1.00063982936 0.0
144.0 2.73849486479 1.0
141.0 2.85584941647 1.0
138.0 1.02583633208 0.0
61.0 2.76986380784 1.0
105.0 1.01791651734 0.0
60.0 1.01783160738 0.0
object 95	1.0:0.5 -1.32939010483:0.5
11.0 -1.30165526699 1.0
148.0 -1.24228562463 1.0
106.0 -1.26963826883 1.0
122.0 -1.26505234103 1.0
94.0 -1.27974827722 1.0
38.0 1.01246489177 0.0
14.0 1.03826489158 0.0
10.0 0.988469761563 0.0
12.0 -1.39521952327 1.0
127.0 -1.26155086639 1.0
191.0 -11.9733945781 1.0
90.0 -1.33014924463 1.0
object 96	1.0:0.5 3.33437782799:0.5
13.0 0.974957709682 0.0
76.0 0.991604614227 0.0
131.0 3.32238869529 1.0
70.0 1.0299101343 0.0
168.0 4.63414866814 1.0
79.0 3.36026914081 1.0
122.0 3.34292831504 1.0
56.0 0.991295310537 0.0
155.0 1.07705208915 0.0
164.0 0.158876643498 0.0
95.0 1.03245066046 0.0
27.0 3.38034591116 1.0
72.0 0.956804987751 0.0
178.0 2.15160961414 1.0
99.0 3.29934409583 1.0
73.0 3.3295800679 1.0
117.0 0.966059993841 0.0
67.0 3.3448849341 1.0
87.0 3.29681628923 1.0
object 97	1.0:0.5 -1.34590878821:0.5
111.0 1.0133254985 0.0
83.0 1.04757158147 0.0
110.0 1.00169098339 0.0
180.0 -7.97856101701 1.0
156.0 -1.35360820898 1.0
53.0 1.0391773717 0.0
30.0 1.0152865058 0.0
166.0 0.589863988879 0.0
31.0 0.951409659059 0.0
69.0 -1.27275767816 1.0
152.0 -1.34703751893 1.0
184.0 2.18403098509 1.0
132.0 -1.28069413501 1.0
96.0 -1.42191289693 1.0
60.0 1.00697519449 0.0
68.0 0.905730194614 0.0
object 98	1.0:0.5 -12.1137230973:0.5
76.0 1.0397150438 0.0
81.0 -12.1379934273 1.0
30.0 -12.04073812 1.0
10.0 1.06710989681 0.0
103.0 -12.1512087752 1.0
3.0 -12.1323898985 1.0
143.0 -12.0837277587 1.0
164.0 -11.8546625846 1.0
177.0 3.38104145301 0.0
115.0 1.09300452615 0.0
148.0 -12.1071643235 1.0
169.0 -0.174442363783 0.0
171.0 -0.610300105923 0.0
89.0 0.913589285171 0.0
44.0 -12.0966080055 1.0
63.0 0.981213342697 0.0
194.0 -14.2661785423 1.0
5.0 -12.186975107 1.0
20.0 0.950350881741 0.0
190.0 -12.8207075136 1.0
32.0 -12.1637993369 1.0
18.0 0.994158435058 0.0
62.0 -12.1185318795 1.0
150.0 -12.1162252761 1.0
131.0 1.00665280133 0.0
185.0 -0.494737987608 0.0
object 99	1.0:0.5 19.7254696037:0.5
56.0 19.7451280644 1.0
58.0 19.7493854612 1.0
54.0 1.01879052229 0.0
109.0 19.6979915881 1.0
70.0 19.6916736918 1.0
183.0 0.526121707815 0.0
179.0 20.14351003 1.0
37.0 19.6585241191 1.0
147.0 0.849429381218 0.0
60.0 1.01825851607 0.0
178.0 17.9283188029 1.0
163.0 23.7056626475 1.0
118.0 0.963638133503 0.0
19.0 1.02342338302 0.0
