object 0	1.0:1.0
66.0 0.968410791647 1.0
139.0 0.97525441634 1.0
11.0 0.987033677152 1.0
112.0 0.997508821413 1.0
130.0 0.998712721938 1.0
54.0 1.00675451967 1.0
1.0 0.961717003136 1.0
116.0 1.01236171617 1.0
111.0 0.996464884384 1.0
122.0 1.03967701415 1.0
44.0 1.06477993735 1.0
197.0 0.707452726475 1.0
0.0 0.986550720036 1.0
191.0 -1.1017231985 1.0
46.0 0.97648298732 1.0
103.0 1.00628657847 1.0
164.0 -0.339518229909 1.0
136.0 1.00045066396 1.0
145.0 1.03264361821 1.0
195.0 1.95681443558 1.0
170.0 0.215630769761 1.0
19.0 1.00854477061 1.0
160.0 -5.81962481013 1.0
50.0 1.01194538477 1.0
90.0 1.01370987766 1.0
82.0 0.981633675107 1.0
143.0 0.95831808022 1.0
117.0 1.00554943259 1.0
174.0 6.41048644799 1.0
29.0 1.0273141253 1.0
object 1	1.0:1.0
59.0 0.983020182655 1.0
110.0 1.08499404257 1.0
82.0 0.936502791666 1.0
156.0 0.979258879185 1.0
69.0 1.09125604074 1.0
47.0 0.992598960004 1.0
45.0 0.93484983075 1.0
21.0 0.979974178057 1.0
58.0 0.96170392136 1.0
122.0 0.985234705877 1.0
55.0 1.04499444963 1.0
75.0 0.990667323107 1.0
194.0 1.84944448903 1.0
139.0 1.11116891087 1.0
102.0 0.975294308781 1.0
90.0 1.03481438295 1.0
72.0 0.984158130983 1.0
113.0 0.964491036815 1.0
8.0 0.987028563156 1.0
0.0 1.00132893731 1.0
20.0 0.998120266396 1.0
23.0 0.947101693119 1.0
84.0 1.01209223991 1.0
object 2	1.0:1.0
10.0 0.974708201969 1.0
183.0 4.75199311084 1.0
186.0 -1.1807875126 1.0
176.0 3.11525539904 1.0
25.0 0.989144756381 1.0
19.0 1.00742134112 1.0
65.0 0.995249772397 1.0
177.0 -1.65311499951 1.0
41.0 1.02573007929 1.0
60.0 1.00187138631 1.0
171.0 -1.04669716213 1.0
38.0 1.02021474163 1.0
44.0 1.01371030014 1.0
117.0 0.980151489909 1.0
81.0 0.989743764124 1.0
170.0 -2.47761397322 1.0
68.0 1.02032297722 1.0
152.0 0.987324046592 1.0
146.0 0.994438703185 1.0
191.0 1.36298947248 1.0
112.0 0.911953812938 1.0
166.0 -1.46999719177 1.0
131.0 0.982914942873 1.0
155.0 0.972305093269 1.0
143.0 1.00980397583 1.0
94.0 0.977881775956 1.0
23.0 1.05376109556 1.0
192.0 3.20550906094 1.0
174.0 -2.54383231973 1.0
111.0 0.987082175269 1.0
18.0 1.08288768619 1.0
2.0 0.989257724334 1.0
object 3	1.0:1.0
30.0 0.987469894558 1.0
36.0 0.999799551497 1.0
159.0 1.00856047944 1.0
57.0 1.01428053547 1.0
87.0 1.00264923459 1.0
2.0 0.988866450606 1.0
124.0 1.02393147047 1.0
142.0 0.946044810526 1.0
100.0 1.0390573376 1.0
185.0 3.07766895384 1.0
38.0 0.980521279569 1.0
12.0 0.995360283422 1.0
20.0 0.983122231469 1.0
89.0 0.997529855854 1.0
173.0 -0.412944390246 1.0
184.0 1.76123752901 1.0
56.0 1.01924409773 1.0
114.0 0.993568502345 1.0
161.0 -0.00363624233421 1.0
180.0 1.91268824332 1.0
151.0 1.02001748858 1.0
39.0 0.989100814891 1.0
106.0 0.975111071424 1.0
51.0 0.9993523149 1.0
122.0 0.965280433671 1.0
160.0 -2.93629986371 1.0
145.0 1.01717459448 1.0
186.0 1.77025242214 1.0
77.0 1.01202274786 1.0
21.0 1.03504475827 1.0
84.0 0.991662983653 1.0
96.0 1.03241471175 1.0
163.0 -2.43471691011 1.0
61.0 0.989911137603 1.0
102.0 1.00588070874 1.0
26.0 0.992203881838 1.0
object 4	1.0:1.0
33.0 1.04216880461 1.0
43.0 1.02739361986 1.0
188.0 4.70636902282 1.0
56.0 0.993284718201 1.0
111.0 0.987319863653 1.0
57.0 0.993633610332 1.0
169.0 7.48398381083 1.0
1.0 1.02294387222 1.0
172.0 2.65348886869 1.0
94.0 0.981268748976 1.0
55.0 1.03979617794 1.0
30.0 0.980428375215 1.0
16.0 0.979654175518 1.0
177.0 -0.666164673849 1.0
135.0 0.979546348192 1.0
154.0 1.0405773282 1.0
4.0 1.10210447615 1.0
195.0 1.44184080597 1.0
173.0 -0.592719661957 1.0
157.0 1.02296647193 1.0
161.0 0.508077064912 1.0
23.0 1.01120595829 1.0
164.0 0.960020343897 1.0
29.0 0.992444637334 1.0
75.0 0.914785048915 1.0
158.0 0.916594230703 1.0
130.0 1.00909629546 1.0
35.0 1.00544843186 1.0
82.0 0.953823085663 1.0
118.0 1.02089369665 1.0
79.0 1.00831364723 1.0
62.0 1.00034602672 1.0
99.0 1.00321482097 1.0
155.0 0.965590761056 1.0
151.0 0.996204277011 1.0
60.0 1.04306619395 1.0
184.0 -0.665493657296 1.0
61.0 1.06715716231 1.0
87.0 0.990329450727 1.0
88.0 1.03956870185 1.0
122.0 0.940194380992 1.0
object 5	1.0:1.0
2.0 1.0161403865 1.0
196.0 -0.246180346408 1.0
104.0 0.985939949298 1.0
47.0 0.970360056949 1.0
158.0 1.03932374967 1.0
16.0 0.98172247185 1.0
36.0 1.03340006857 1.0
86.0 1.06804408484 1.0
195.0 2.82061953346 1.0
1.0 0.965160292299 1.0
65.0 0.973724710916 1.0
22.0 0.991388700195 1.0
95.0 0.997287970602 1.0
21.0 0.99502229772 1.0
179.0 -3.15218953651 1.0
79.0 0.989869595937 1.0
29.0 1.01153392169 1.0
98.0 1.05491864875 1.0
124.0 0.981607839645 1.0
128.0 1.0377707727 1.0
54.0 0.998141682664 1.0
66.0 1.04993999295 1.0
41.0 1.03596860918 1.0
113.0 0.938108674755 1.0
8.0 0.985298351122 1.0
111.0 1.01073902213 1.0
object 6	1.0:1.0
170.0 1.92629247579 1.0
28.0 1.06288053164 1.0
84.0 0.990299997459 1.0
12.0 1.01420979823 1.0
107.0 0.930148659911 1.0
24.0 0.999459318282 1.0
125.0 1.0073257416 1.0
178.0 0.921462360349 1.0
68.0 1.0472818926 1.0
9.0 0.996306523972 1.0
44.0 1.04383073872 1.0
7.0 0.930682966955 1.0
105.0 0.99746790551 1.0
192.0 1.88402914532 1.0
47.0 0.971947463879 1.0
57.0 1.02171760722 1.0
11.0 0.933721979684 1.0
147.0 0.950843982231 1.0
29.0 0.983431478322 1.0
40.0 1.01769279333 1.0
4.0 1.02339088478 1.0
163.0 -4.59104410582 1.0
103.0 1.02917788866 1.0
3.0 1.05614665746 1.0
object 7	1.0:1.0
29.0 0.995999315679 1.0
20.0 1.00281773921 1.0
129.0 1.00380726012 1.0
100.0 0.974110569589 1.0
44.0 1.02374292859 1.0
174.0 5.44956437359 1.0
143.0 0.928382094505 1.0
199.0 1.88683972534 1.0
170.0 -1.40459459045 1.0
155.0 0.995643128233 1.0
163.0 1.66786220524 1.0
59.0 1.00007545396 1.0
183.0 0.927344239073 1.0
57.0 1.02485872073 1.0
61.0 1.06093227694 1.0
182.0 -1.9947704685 1.0
137.0 1.00540593585 1.0
157.0 1.04926818195 1.0
164.0 -0.892308912365 1.0
106.0 0.996606289849 1.0
140.0 0.986401170117 1.0
154.0 1.02106890575 1.0
117.0 0.954610030384 1.0
173.0 -1.32298456451 1.0
object 8	1.0:1.0
113.0 0.963922219773 1.0
139.0 0.986315385234 1.0
187.0 -3.30860897041 1.0
117.0 1.0623996289 1.0
166.0 0.752395914201 1.0
39.0 0.953333578008 1.0
103.0 0.958949350328 1.0
101.0 0.983211888478 1.0
149.0 1.00147803963 1.0
59.0 1.00885690202 1.0
158.0 0.942129104817 1.0
195.0 -3.77113904652 1.0
125.0 1.00362231297 1.0
94.0 0.998376848569 1.0
19.0 1.03849857915 1.0
165.0 -1.08721219105 1.0
184.0 -1.51946676483 1.0
176.0 -0.692837547582 1.0
88.0 1.00872584206 1.0
136.0 1.01619716629 1.0
190.0 -0.0827178922768 1.0
130.0 0.987901042348 1.0
object 9	1.0:1.0
180.0 -0.648846975982 1.0
134.0 0.994113801588 1.0
19.0 0.925928658045 1.0
42.0 0.98748340876 1.0
158.0 0.963612291317 1.0
149.0 0.969531276296 1.0
161.0 4.39332391834 1.0
60.0 0.978328481967 1.0
114.0 1.00080909051 1.0
177.0 3.67243814309 1.0
76.0 1.02360235234 1.0
58.0 0.949730771562 1.0
108.0 0.995028760751 1.0
101.0 0.943557141946 1.0
18.0 0.958574135739 1.0
1.0 1.01981642338 1.0
53.0 1.01235161205 1.0
143.0 1.01237141295 1.0
193.0 5.3016756412 1.0
38.0 0.979631805007 1.0
68.0 1.01762778146 1.0
6.0 1.03524660325 1.0
85.0 0.959114173197 1.0
22.0 1.00960985021 1.0
94.0 0.992265667658 1.0
32.0 1.00093297711 1.0
27.0 0.943515554923 1.0
40.0 1.03217636173 1.0
3.0 0.956295259799 1.0
61.0 0.998956021517 1.0
62.0 1.0046403145 1.0
199.0 4.91319424101 1.0
object 10	1.0:1.0
185.0 -3.22231869893 1.0
196.0 3.96229921237 1.0
87.0 0.993606700676 1.0
178.0 -0.553473064272 1.0
181.0 0.223853627092 1.0
99.0 0.974473647873 1.0
59.0 1.01457442538 1.0
124.0 1.00980308083 1.0
56.0 1.02154671255 1.0
146.0 0.998207589296 1.0
42.0 1.00229539965 1.0
170.0 -2.38531206558 1.0
163.0 4.57545417071 1.0
33.0 1.04158635172 1.0
69.0 0.974710375909 1.0
116.0 1.00909199743 1.0
100.0 1.04547574677 1.0
141.0 1.07892422014 1.0
50.0 0.982375553536 1.0
21.0 0.998750540311 1.0
24.0 0.964247421684 1.0
81.0 0.988594854991 1.0
88.0 1.02155180872 1.0
46.0 0.995664726423 1.0
104.0 0.933182460823 1.0
18.0 0.956327340316 1.0
109.0 0.988565119986 1.0
89.0 1.01045246457 1.0
161.0 3.22385240069 1.0
162.0 -2.4714798517 1.0
148.0 1.02287845796 1.0
32.0 0.994354811788 1.0
176.0 2.26670887063 1.0
35.0 0.986520571176 1.0
138.0 1.01892125099 1.0
object 11	1.0:1.0
98.0 1.01007054696 1.0
92.0 0.990352925884 1.0
133.0 0.993658908826 1.0
130.0 0.931201287478 1.0
125.0 0.998209666363 1.0
47.0 1.05295383801 1.0
8.0 0.971488016578 1.0
137.0 1.00884886984 1.0
193.0 0.575783000121 1.0
188.0 0.0362673804665 1.0
79.0 1.0237265711 1.0
2.0 0.993567766464 1.0
37.0 1.0290027998 1.0
42.0 0.954634972149 1.0
81.0 0.99492724032 1.0
76.0 1.00479366186 1.0
115.0 0.957466577192 1.0
91.0 0.994317038176 1.0
168.0 1.28867932883 1.0
145.0 0.977350867838 1.0
18.0 1.00666504991 1.0
191.0 -0.59025330749 1.0
52.0 1.00607220568 1.0
93.0 0.964383401647 1.0
146.0 0.961738400978 1.0
97.0 0.972470671375 1.0
183.0 3.35652226704 1.0
107.0 0.990964422677 1.0
object 12	1.0:1.0
67.0 0.985155565165 1.0
168.0 0.0887101027998 1.0
167.0 0.184609723195 1.0
166.0 4.27491520103 1.0
105.0 1.0195428631 1.0
86.0 0.946514503774 1.0
68.0 1.00447703027 1.0
1.0 0.97763762564 1.0
165.0 2.83717673476 1.0
158.0 0.917000715096 1.0
24.0 1.02629492853 1.0
0.0 0.987162404142 1.0
108.0 0.99544395008 1.0
148.0 0.96578020271 1.0
64.0 0.985623838256 1.0
9.0 0.999028127607 1.0
169.0 -7.37877552679 1.0
185.0 3.49677070616 1.0
196.0 -5.06640660711 1.0
136.0 1.00519069262 1.0
38.0 0.942459274674 1.0
18.0 0.922668269114 1.0
43.0 1.01906598457 1.0
126.0 1.0585211085 1.0
80.0 1.01820752068 1.0
93.0 0.982980441377 1.0
123.0 1.08457995414 1.0
30.0 0.991291781961 1.0
25.0 0.999040687562 1.0
27.0 1.02826570103 1.0
142.0 1.01249424184 1.0
134.0 1.02437912759 1.0
97.0 0.993907456433 1.0
11.0 1.04800624612 1.0
184.0 0.365131164567 1.0
198.0 2.40971958858 1.0
159.0 0.991843584646 1.0
23.0 0.964260232489 1.0
116.0 1.01410833371 1.0
109.0 0.981839519588 1.0
156.0 1.01749252046 1.0
object 13	1.0:1.0
134.0 1.01951390526 1.0
149.0 0.974909314752 1.0
112.0 0.977884397113 1.0
191.0 -0.138790596254 1.0
131.0 1.01071546822 1.0
71.0 0.980335807428 1.0
93.0 1.05753363674 1.0
52.0 0.962923872106 1.0
65.0 1.00711660409 1.0
57.0 1.00557130058 1.0
73.0 1.01325206953 1.0
13.0 0.98944337104 1.0
27.0 0.936215082137 1.0
37.0 0.991271288853 1.0
14.0 0.987871612834 1.0
193.0 4.44713970262 1.0
176.0 1.41667576124 1.0
62.0 0.988186449241 1.0
101.0 1.05593320312 1.0
148.0 0.963309200219 1.0
144.0 0.9905488979 1.0
117.0 0.991751126385 1.0
172.0 0.0871738046038 1.0
183.0 -1.32300307897 1.0
1.0 0.97772133847 1.0
194.0 2.45856898623 1.0
3.0 0.973551380786 1.0
120.0 0.997137724685 1.0
55.0 0.966495678182 1.0
196.0 -1.30592419125 1.0
156.0 0.989869227091 1.0
object 14	1.0:1.0
36.0 0.995975805999 1.0
150.0 0.929977348198 1.0
170.0 10.7817888831 1.0
117.0 0.95728984041 1.0
159.0 1.0038591439 1.0
58.0 1.01729058121 1.0
163.0 -3.14863441174 1.0
81.0 0.987318178434 1.0
18.0 0.995518774242 1.0
190.0 1.94421838441 1.0
114.0 0.999521271824 1.0
31.0 1.00141482573 1.0
149.0 1.01294581949 1.0
99.0 0.989138715412 1.0
60.0 1.04150754762 1.0
87.0 0.965638821934 1.0
2.0 1.02072605951 1.0
153.0 1.02836965344 1.0
75.0 0.994031518726 1.0
40.0 0.985747681897 1.0
185.0 3.29986935837 1.0
194.0 3.33111643773 1.0
171.0 1.54158861711 1.0
174.0 4.73315013103 1.0
135.0 1.05415363938 1.0
88.0 1.00861142544 1.0
113.0 0.963029543406 1.0
180.0 1.05652375895 1.0
116.0 1.03476485289 1.0
object 15	1.0:1.0
136.0 1.01699093576 1.0
39.0 1.00906289184 1.0
123.0 1.02616599306 1.0
152.0 1.00096519193 1.0
98.0 1.01232917758 1.0
49.0 0.992234672476 1.0
91.0 1.05396506277 1.0
73.0 1.01699300697 1.0
70.0 1.08423306872 1.0
83.0 0.999810761349 1.0
1.0 1.0205277495 1.0
106.0 0.978199244329 1.0
154.0 1.00063857874 1.0
120.0 1.00010117619 1.0
195.0 1.28140066023 1.0
125.0 0.985518022107 1.0
189.0 5.24438514485 1.0
176.0 1.58150354372 1.0
5.0 1.01843142086 1.0
80.0 0.957463938239 1.0
196.0 -1.21076513853 1.0
3.0 1.01484132862 1.0
111.0 0.992926700933 1.0
object 16	1.0:1.0
172.0 1.28775748631 1.0
175.0 8.60004563591 1.0
141.0 1.0065663698 1.0
8.0 0.989020508943 1.0
61.0 1.01251565803 1.0
45.0 1.0624465928 1.0
7.0 1.02748824045 1.0
37.0 1.01418416757 1.0
196.0 1.84316771066 1.0
150.0 1.02302126578 1.0
55.0 1.05095170779 1.0
34.0 1.05855625218 1.0
110.0 1.02842506029 1.0
23.0 0.974500725727 1.0
96.0 0.956564611347 1.0
151.0 1.00353602685 1.0
173.0 -0.807128558049 1.0
85.0 0.990633139663 1.0
109.0 0.986986052466 1.0
158.0 1.04282172264 1.0
59.0 0.967577202493 1.0
163.0 5.41641674095 1.0
166.0 0.75233701873 1.0
object 17	1.0:1.0
169.0 -0.116117171509 1.0
118.0 1.02067720437 1.0
14.0 1.02056623018 1.0
110.0 0.951909873796 1.0
142.0 0.953392125188 1.0
146.0 1.00544593288 1.0
108.0 0.998403577136 1.0
124.0 1.03264619097 1.0
51.0 1.00817257796 1.0
10.0 0.946262603342 1.0
75.0 0.981152639888 1.0
55.0 0.975633522366 1.0
130.0 1.01888456116 1.0
34.0 1.00260513062 1.0
82.0 1.0273511349 1.0
80.0 0.982118008907 1.0
71.0 0.999321544764 1.0
86.0 1.02490658705 1.0
49.0 1.02758013689 1.0
object 18	1.0:1.0
79.0 1.00489853276 1.0
14.0 0.916834785344 1.0
84.0 1.01644728345 1.0
68.0 0.976980783277 1.0
163.0 -0.641729250213 1.0
111.0 1.02019416871 1.0
181.0 0.930181410807 1.0
116.0 1.01785784237 1.0
162.0 0.794043431083 1.0
102.0 0.967321239435 1.0
174.0 -2.00573991265 1.0
59.0 0.98030013882 1.0
154.0 1.03855720634 1.0
178.0 3.06766520492 1.0
27.0 0.999623114473 1.0
192.0 0.707613203548 1.0
105.0 1.03170682964 1.0
159.0 0.982734030154 1.0
87.0 0.996065066176 1.0
126.0 1.03763002603 1.0
175.0 1.88603019909 1.0
96.0 0.990002412327 1.0
112.0 0.961622337837 1.0
78.0 0.925943079205 1.0
53.0 0.98570836451 1.0
95.0 0.994249613618 1.0
71.0 0.978664969172 1.0
191.0 1.38433755549 1.0
173.0 7.21213789677 1.0
90.0 1.00731538401 1.0
89.0 0.998171540915 1.0
177.0 5.02264893028 1.0
91.0 0.971017781669 1.0
26.0 0.973993499359 1.0
30.0 0.999339625051 1.0
167.0 7.85307976452 1.0
93.0 0.989513073213 1.0
140.0 1.00637159555 1.0
58.0 0.958814862314 1.0
25.0 1.0183136422 1.0
object 19	1.0:1.0
23.0 1.03266543864 1.0
6.0 0.97623958845 1.0
75.0 1.05730477471 1.0
19.0 1.01215823552 1.0
132.0 0.983681675197 1.0
22.0 0.988479695859 1.0
2.0 0.984833290316 1.0
26.0 0.954262800051 1.0
90.0 0.984131852992 1.0
41.0 1.02832926574 1.0
119.0 0.995024323659 1.0
100.0 1.00947344186 1.0
12.0 1.01590023591 1.0
102.0 1.00426833605 1.0
143.0 0.963753273038 1.0
115.0 1.02647653738 1.0
9.0 0.985153109394 1.0
32.0 1.00614557377 1.0
112.0 0.94433715442 1.0
65.0 0.98135241083 1.0
131.0 1.00040210802 1.0
81.0 0.988811912695 1.0
121.0 1.01657394197 1.0
101.0 0.997533805067 1.0
62.0 1.02249579009 1.0
3.0 1.03039482833 1.0
13.0 0.980477337771 1.0
89.0 1.01376743685 1.0
36.0 1.09746194306 1.0
object 20	1.0:1.0
179.0 -5.92616655469 1.0
107.0 1.0567824768 1.0
79.0 1.03028576151 1.0
181.0 1.18430198853 1.0
27.0 0.960481125516 1.0
166.0 -0.0798516183988 1.0
136.0 0.999415473713 1.0
69.0 1.07182258611 1.0
165.0 7.00838762806 1.0
90.0 1.00645194843 1.0
56.0 0.997460560397 1.0
199.0 1.11319447156 1.0
91.0 0.931679310694 1.0
111.0 0.998963242084 1.0
100.0 1.03857466509 1.0
58.0 0.978503462667 1.0
1.0 0.983627357316 1.0
25.0 0.974133479059 1.0
78.0 0.962299178381 1.0
131.0 1.01525904204 1.0
9.0 1.01881704693 1.0
142.0 1.11035922347 1.0
72.0 1.03622971062 1.0
182.0 4.87749270261 1.0
164.0 1.42547608283 1.0
140.0 1.00556393991 1.0
104.0 0.958040758181 1.0
117.0 0.958138034898 1.0
105.0 0.990620225333 1.0
11.0 1.002203121 1.0
81.0 1.00416608409 1.0
48.0 1.00764917417 1.0
17.0 0.974391209343 1.0
94.0 1.00447082542 1.0
object 21	1.0:1.0
192.0 0.324421117201 1.0
47.0 1.01294050332 1.0
123.0 1.024160636 1.0
2.0 1.00233714342 1.0
63.0 1.01054715141 1.0
64.0 0.973296149338 1.0
35.0 0.984890379369 1.0
178.0 0.749416035692 1.0
57.0 0.963779831534 1.0
19.0 1.00406012953 1.0
71.0 1.01073877005 1.0
186.0 -0.0514473521632 1.0
163.0 1.23136528551 1.0
94.0 1.00314614296 1.0
99.0 0.973741908178 1.0
55.0 1.04006244282 1.0
40.0 1.00122465148 1.0
87.0 1.00483170547 1.0
115.0 0.965693504908 1.0
24.0 0.986587254255 1.0
116.0 0.990924088262 1.0
130.0 1.01252747135 1.0
42.0 0.979018820411 1.0
109.0 1.01255228705 1.0
91.0 0.951105266607 1.0
128.0 0.953732253809 1.0
146.0 0.989690959682 1.0
37.0 1.01242466085 1.0
118.0 1.02190391859 1.0
168.0 1.31455501476 1.0
96.0 0.967765149564 1.0
1.0 1.01430843744 1.0
11.0 1.03493379238 1.0
object 22	1.0:1.0
54.0 0.995495354269 1.0
184.0 2.74929691165 1.0
93.0 0.969663285733 1.0
107.0 0.961792567294 1.0
18.0 1.00611082948 1.0
2.0 1.00917679451 1.0
159.0 1.00025881357 1.0
15.0 1.08388669643 1.0
142.0 0.902656615935 1.0
98.0 1.04409900519 1.0
158.0 1.02771692508 1.0
46.0 1.00378590824 1.0
134.0 0.942591072163 1.0
156.0 1.01378760529 1.0
37.0 1.01413206232 1.0
198.0 2.8565138605 1.0
19.0 1.00376558573 1.0
133.0 1.02698138115 1.0
73.0 1.00178333329 1.0
31.0 1.02451554211 1.0
60.0 1.02706286847 1.0
193.0 2.2819687604 1.0
79.0 1.0179324127 1.0
70.0 0.918119911518 1.0
118.0 0.965422287225 1.0
10.0 1.02606867097 1.0
135.0 1.00121645881 1.0
23.0 1.00341970331 1.0
197.0 -3.58901489402 1.0
66.0 1.02570640739 1.0
object 23	1.0:1.0
21.0 1.01531449653 1.0
103.0 0.957505057565 1.0
35.0 0.936927759729 1.0
164.0 0.577116231371 1.0
30.0 0.999783668254 1.0
0.0 0.996461792108 1.0
53.0 0.981517162918 1.0
106.0 0.999179588559 1.0
147.0 1.0154135429 1.0
74.0 1.00197093852 1.0
162.0 3.3452368136 1.0
49.0 1.00376540749 1.0
62.0 0.995124704238 1.0
196.0 3.91764931583 1.0
158.0 0.999967845689 1.0
132.0 0.996467145538 1.0
169.0 0.990529262146 1.0
174.0 3.44951250996 1.0
193.0 6.6253410864 1.0
143.0 0.95334574985 1.0
184.0 -1.07120390307 1.0
186.0 2.66307930028 1.0
124.0 1.02171058757 1.0
54.0 0.991980032165 1.0
163.0 -3.00702422735 1.0
25.0 1.02167827133 1.0
75.0 1.00484317315 1.0
2.0 1.00636262742 1.0
78.0 0.943905734925 1.0
167.0 0.0149306442483 1.0
82.0 1.02792868118 1.0
32.0 1.0063145158 1.0
121.0 1.02219017511 1.0
61.0 1.12100231427 1.0
157.0 1.00193097161 1.0
188.0 -0.748060555447 1.0
198.0 -1.09053572054 1.0
189.0 3.64821440711 1.0
object 24	1.0:1.0
1.0 0.920101166891 1.0
157.0 1.00424295121 1.0
119.0 1.0121590354 1.0
189.0 1.36890895525 1.0
87.0 0.992420384421 1.0
151.0 1.01330901383 1.0
105.0 0.994526251566 1.0
179.0 2.36541378293 1.0
45.0 1.105322348 1.0
124.0 1.02550996484 1.0
32.0 0.993246094889 1.0
172.0 -4.53009885267 1.0
183.0 3.56956005019 1.0
190.0 -0.74276372263 1.0
143.0 0.987488483356 1.0
55.0 0.984846600323 1.0
7.0 0.995472290727 1.0
158.0 0.960692618103 1.0
177.0 2.46106495147 1.0
135.0 1.01082037489 1.0
104.0 1.0349481818 1.0
126.0 0.983926426887 1.0
57.0 0.981561649868 1.0
136.0 1.01010318534 1.0
91.0 1.0152405295 1.0
28.0 0.99475852904 1.0
85.0 0.979433051114 1.0
162.0 3.14299867273 1.0
107.0 1.04065494658 1.0
88.0 1.00511417331 1.0
109.0 0.976742030619 1.0
188.0 0.485040429891 1.0
object 25	1.0:1.0
59.0 0.986080468755 1.0
8.0 0.98298729205 1.0
35.0 1.03681282412 1.0
65.0 1.00760986752 1.0
170.0 -0.812328231282 1.0
53.0 1.0228115204 1.0
149.0 0.998432018789 1.0
183.0 1.35802551242 1.0
114.0 1.02922227346 1.0
179.0 -1.85027185833 1.0
15.0 0.938945637777 1.0
137.0 0.985434113067 1.0
141.0 1.00274261718 1.0
161.0 0.697576250224 1.0
140.0 1.02316505683 1.0
159.0 0.992072224871 1.0
86.0 1.00375130845 1.0
101.0 0.993821612862 1.0
92.0 1.00864117505 1.0
166.0 2.71986349825 1.0
127.0 1.00374223011 1.0
14.0 0.966820833955 1.0
168.0 -3.43564971645 1.0
163.0 -1.32826810913 1.0
123.0 0.997150514158 1.0
110.0 0.970941444041 1.0
38.0 1.01643543908 1.0
object 26	1.0:1.0
12.0 0.949927929802 1.0
198.0 -0.907653059783 1.0
151.0 1.00076022212 1.0
117.0 0.985873517129 1.0
25.0 1.00624735847 1.0
64.0 1.0321936676 1.0
44.0 1.00251746972 1.0
76.0 1.03454506169 1.0
75.0 1.03437394604 1.0
191.0 1.39274632451 1.0
34.0 1.02477645131 1.0
80.0 1.00334402394 1.0
91.0 0.950541479786 1.0
56.0 1.00768952858 1.0
65.0 1.08562856552 1.0
102.0 1.00648555044 1.0
155.0 1.04885974312 1.0
172.0 4.34932349245 1.0
103.0 0.954380937465 1.0
35.0 1.02224959856 1.0
118.0 1.01512560404 1.0
139.0 0.963626402221 1.0
73.0 0.99629765564 1.0
170.0 5.84583162183 1.0
140.0 0.998945035476 1.0
1.0 0.964126668596 1.0
83.0 1.01203005321 1.0
30.0 0.996095545394 1.0
120.0 0.995816584907 1.0
183.0 4.49606525408 1.0
59.0 0.983140409337 1.0
135.0 1.01959792459 1.0
186.0 0.769682754348 1.0
41.0 1.02526772282 1.0
162.0 2.05456185282 1.0
164.0 2.08231813509 1.0
object 27	1.0:1.0
182.0 1.9412873194 1.0
148.0 0.980908583578 1.0
9.0 0.97551696883 1.0
45.0 0.98221103426 1.0
157.0 1.01757585305 1.0
96.0 0.970546758886 1.0
198.0 0.694465473837 1.0
196.0 1.09282410268 1.0
118.0 0.986032020713 1.0
123.0 1.00256247867 1.0
52.0 0.999932389135 1.0
38.0 0.944402496404 1.0
33.0 0.939553865571 1.0
145.0 1.04164906659 1.0
47.0 1.00418287678 1.0
43.0 1.0494780749 1.0
83.0 0.975767294825 1.0
91.0 1.03081029095 1.0
117.0 0.948999579805 1.0
132.0 1.01878646012 1.0
178.0 -2.26960300813 1.0
104.0 0.941323643012 1.0
23.0 1.03143868177 1.0
93.0 1.03878222086 1.0
65.0 1.03349186074 1.0
181.0 1.27129293341 1.0
176.0 -0.801416292385 1.0
object 28	1.0:1.0
101.0 0.990104142587 1.0
106.0 0.992945955643 1.0
10.0 1.00687804179 1.0
86.0 1.00491981505 1.0
146.0 1.00833391862 1.0
172.0 -0.15273132368 1.0
147.0 1.03475320864 1.0
182.0 -6.44263873837 1.0
42.0 0.989017628249 1.0
69.0 0.997857989944 1.0
72.0 0.967381318681 1.0
2.0 0.973478675548 1.0
98.0 0.952796065556 1.0
19.0 1.00735825541 1.0
94.0 0.99736231502 1.0
4.0 1.01716573688 1.0
44.0 1.0567891235 1.0
68.0 0.998072716727 1.0
158.0 0.981607263289 1.0
162.0 -5.99571017207 1.0
157.0 1.00622867487 1.0
70.0 1.02383467171 1.0
18.0 1.00250233759 1.0
184.0 5.524663953 1.0
175.0 0.671614828652 1.0
73.0 0.971019970076 1.0
161.0 0.572078722451 1.0
108.0 0.984721310947 1.0
59.0 1.02557544559 1.0
166.0 -3.20403041764 1.0
179.0 2.59080635979 1.0
36.0 0.955381417674 1.0
52.0 0.984088631308 1.0
7.0 1.04692193344 1.0
object 29	1.0:1.0
12.0 0.984112690688 1.0
52.0 1.00139739288 1.0
194.0 -1.84218388971 1.0
84.0 1.00992206569 1.0
65.0 1.01096598839 1.0
3.0 0.972392095544 1.0
47.0 1.00746166038 1.0
160.0 -3.02068945606 1.0
50.0 1.01545916601 1.0
107.0 0.981988753455 1.0
178.0 3.08177942617 1.0
92.0 1.0012876959 1.0
15.0 1.05029654411 1.0
199.0 1.0452668602 1.0
113.0 1.06583277888 1.0
134.0 1.01431766025 1.0
167.0 2.23709123736 1.0
190.0 3.67566642133 1.0
70.0 0.916971089342 1.0
11.0 1.03160596109 1.0
127.0 1.00956550887 1.0
22.0 1.03028855965 1.0
187.0 1.56504109062 1.0
5.0 0.992841377993 1.0
55.0 0.989383002628 1.0
103.0 0.918424878478 1.0
0.0 0.974586173022 1.0
56.0 1.01217544064 1.0
150.0 1.02784284176 1.0
object 30	1.0:1.0
58.0 1.09009162507 1.0
181.0 4.02013029642 1.0
187.0 -1.99293820642 1.0
36.0 0.95200247624 1.0
167.0 -3.65691977477 1.0
186.0 4.11124680546 1.0
162.0 8.69793799788 1.0
73.0 1.00837839954 1.0
105.0 1.02877371809 1.0
153.0 1.00492651748 1.0
127.0 0.992440270475 1.0
156.0 0.979531479241 1.0
13.0 1.00279119469 1.0
147.0 0.950478526639 1.0
125.0 1.00494583608 1.0
150.0 0.954740984918 1.0
106.0 0.986520188357 1.0
133.0 1.02581551144 1.0
75.0 1.03433193469 1.0
154.0 1.03031675 1.0
161.0 -10.78355766 1.0
6.0 0.987697038928 1.0
9.0 1.06673132124 1.0
116.0 1.01928074507 1.0
145.0 0.956078458279 1.0
188.0 1.14878212965 1.0
93.0 1.02542668528 1.0
37.0 0.975114994274 1.0
151.0 0.986635895238 1.0
84.0 0.994937938018 1.0
169.0 1.57213752526 1.0
5.0 0.879221876984 1.0
191.0 1.72489358945 1.0
object 31	1.0:1.0
12.0 1.01874737017 1.0
95.0 0.98154677224 1.0
151.0 0.991167024889 1.0
66.0 1.0334934165 1.0
7.0 0.983301860932 1.0
102.0 1.00836255863 1.0
122.0 0.984509438087 1.0
29.0 0.991941475066 1.0
42.0 0.983822341226 1.0
88.0 0.96589822077 1.0
167.0 4.869573557 1.0
73.0 0.986117022041 1.0
125.0 0.995117439123 1.0
143.0 0.989599595076 1.0
191.0 4.24604995617 1.0
82.0 0.965119352908 1.0
107.0 0.983936343416 1.0
71.0 1.01265439013 1.0
106.0 0.989595945593 1.0
168.0 3.42536407457 1.0
18.0 0.996398351298 1.0
145.0 0.967186328634 1.0
100.0 1.04997847182 1.0
52.0 1.01783544715 1.0
58.0 0.950688804699 1.0
57.0 1.0068201507 1.0
185.0 -2.92453223847 1.0
75.0 0.966467818025 1.0
137.0 0.980885444612 1.0
object 32	1.0:1.0
93.0 1.02283790204 1.0
130.0 0.996280063424 1.0
12.0 1.01301058031 1.0
45.0 0.959395830687 1.0
131.0 1.00056862563 1.0
41.0 1.04534996975 1.0
176.0 5.25395889018 1.0
40.0 0.996649743051 1.0
188.0 1.13839456427 1.0
122.0 1.02455273183 1.0
183.0 -2.06152964714 1.0
198.0 2.02494723122 1.0
135.0 0.943829627697 1.0
29.0 0.985612348271 1.0
157.0 0.981297569484 1.0
80.0 1.00894770288 1.0
124.0 0.981012277253 1.0
133.0 0.977440601894 1.0
70.0 0.977542297904 1.0
142.0 0.940207439336 1.0
156.0 0.973322716953 1.0
128.0 1.0229431294 1.0
61.0 0.999232174094 1.0
69.0 1.01768382154 1.0
62.0 0.991479461405 1.0
43.0 1.0219947283 1.0
182.0 1.12801476032 1.0
159.0 0.998959400445 1.0
105.0 0.971093484879 1.0
6.0 1.01586259024 1.0
object 33	1.0:1.0
54.0 1.01148329075 1.0
44.0 0.995818841613 1.0
153.0 0.978432626913 1.0
183.0 0.0798069429706 1.0
171.0 -0.258132392126 1.0
61.0 1.00779259918 1.0
47.0 0.996998307353 1.0
70.0 1.02286402141 1.0
92.0 0.983234839723 1.0
82.0 1.0356470152 1.0
100.0 0.947833040798 1.0
90.0 1.00616678415 1.0
101.0 0.976027776962 1.0
6.0 1.03171607448 1.0
60.0 1.01469587756 1.0
50.0 0.959477181278 1.0
36.0 1.03638785321 1.0
42.0 0.975408580995 1.0
119.0 1.02069785322 1.0
48.0 0.978176461926 1.0
117.0 0.969756025443 1.0
10.0 1.00094264686 1.0
191.0 1.17278908925 1.0
112.0 0.910627671978 1.0
157.0 0.998823877294 1.0
139.0 1.02016250824 1.0
181.0 1.02648952053 1.0
176.0 3.58785024095 1.0
object 34	1.0:1.0
165.0 5.81613757302 1.0
4.0 0.990851011479 1.0
67.0 0.975104755811 1.0
45.0 0.983985460683 1.0
109.0 0.997764730082 1.0
9.0 0.983704775605 1.0
50.0 1.05655690866 1.0
58.0 1.05049074491 1.0
18.0 0.9467695728 1.0
63.0 0.966337572469 1.0
152.0 1.01334853426 1.0
180.0 -1.97168600079 1.0
92.0 1.01235640995 1.0
176.0 1.51508295075 1.0
157.0 0.989321041209 1.0
167.0 1.68291401567 1.0
69.0 1.05065161069 1.0
143.0 0.966215363509 1.0
89.0 1.00278032678 1.0
57.0 0.993966835629 1.0
193.0 0.337677653487 1.0
99.0 0.998129740485 1.0
23.0 0.987099573521 1.0
170.0 11.7100128457 1.0
55.0 1.0265884462 1.0
30.0 1.00600476402 1.0
107.0 1.00099810572 1.0
179.0 -3.68504521043 1.0
80.0 0.984294651089 1.0
object 35	1.0:1.0
178.0 -0.0127083133508 1.0
91.0 1.07815496312 1.0
18.0 0.960041261211 1.0
1.0 1.05000794595 1.0
196.0 2.89700902398 1.0
127.0 1.03071478012 1.0
6.0 0.98448865338 1.0
4.0 1.10735546062 1.0
180.0 1.97893122309 1.0
183.0 0.529152591143 1.0
128.0 1.05318299623 1.0
95.0 0.986989766114 1.0
57.0 0.979609596951 1.0
86.0 0.948157928673 1.0
145.0 1.01027396383 1.0
140.0 0.962623195309 1.0
72.0 1.00856490653 1.0
106.0 0.987172158613 1.0
8.0 1.01529897505 1.0
174.0 -2.47344307198 1.0
98.0 0.993033337405 1.0
12.0 1.02345109282 1.0
74.0 0.996901248315 1.0
191.0 1.38134226594 1.0
114.0 0.995079875988 1.0
93.0 0.979812336031 1.0
104.0 1.0422195931 1.0
5.0 1.04222818685 1.0
50.0 1.01384285693 1.0
52.0 0.975236324633 1.0
object 36	1.0:1.0
171.0 2.0574307286 1.0
120.0 0.990494972216 1.0
53.0 0.986678809356 1.0
125.0 1.03334886242 1.0
141.0 1.01727954117 1.0
76.0 0.970554089959 1.0
152.0 1.00140155786 1.0
4.0 0.952548930758 1.0
129.0 1.00986236826 1.0
158.0 1.06954205981 1.0
135.0 0.996603477166 1.0
151.0 0.983631320092 1.0
107.0 0.994947861449 1.0
132.0 1.00819806322 1.0
139.0 0.966138639816 1.0
196.0 1.85216457184 1.0
190.0 1.68032447847 1.0
172.0 -3.68886600515 1.0
71.0 0.995136537169 1.0
153.0 0.962586260836 1.0
69.0 0.986049660349 1.0
2.0 1.01574228921 1.0
37.0 1.03002692546 1.0
124.0 0.970612162031 1.0
169.0 -4.1093751537 1.0
112.0 1.02644010302 1.0
183.0 4.46654053899 1.0
41.0 0.991250808923 1.0
13.0 0.993863058615 1.0
138.0 0.950363442928 1.0
object 37	1.0:1.0
183.0 -2.46148412962 1.0
132.0 1.03895179844 1.0
55.0 1.00267135591 1.0
74.0 1.00578735397 1.0
62.0 0.999593188361 1.0
101.0 0.966577916999 1.0
10.0 0.990060034177 1.0
59.0 0.989112607778 1.0
186.0 -2.06530741865 1.0
161.0 -4.57489311723 1.0
71.0 0.956316503322 1.0
72.0 0.956674187935 1.0
14.0 0.982025967553 1.0
120.0 0.969296733231 1.0
169.0 6.11372238182 1.0
28.0 0.954841908871 1.0
7.0 0.959007223419 1.0
51.0 0.976797115467 1.0
88.0 0.963616454923 1.0
17.0 1.0006464808 1.0
26.0 1.01136233893 1.0
1.0 1.02593059882 1.0
177.0 1.18732232601 1.0
158.0 0.972225685285 1.0
179.0 6.24275687968 1.0
9.0 0.994941194216 1.0
175.0 1.21392865293 1.0
object 38	1.0:1.0
196.0 7.20287814125 1.0
130.0 0.96142093143 1.0
82.0 1.00339789748 1.0
122.0 1.0006141761 1.0
97.0 0.936492073383 1.0
72.0 1.1107449828 1.0
155.0 1.01045169624 1.0
85.0 0.988869027388 1.0
34.0 1.00815162558 1.0
95.0 0.986506035581 1.0
158.0 0.97720132899 1.0
159.0 0.997654547916 1.0
141.0 1.07996787473 1.0
190.0 0.427076048276 1.0
56.0 1.01980734195 1.0
149.0 1.0051218691 1.0
80.0 1.01761524656 1.0
106.0 1.01625562653 1.0
48.0 1.01256240893 1.0
114.0 1.02315920217 1.0
87.0 1.0173012102 1.0
17.0 1.01937406777 1.0
187.0 1.5117760344 1.0
134.0 0.936231556476 1.0
181.0 1.36024894523 1.0
173.0 5.41374483349 1.0
117.0 0.885866931487 1.0
177.0 3.02793537051 1.0
12.0 0.990893748877 1.0
49.0 0.998973424092 1.0
156.0 1.01865034495 1.0
77.0 1.01342417656 1.0
66.0 0.988380585817 1.0
193.0 -0.234428592441 1.0
38.0 1.03280547665 1.0
110.0 0.980737483286 1.0
object 39	1.0:1.0
159.0 1.00533331777 1.0
166.0 1.30269680863 1.0
18.0 0.97413747448 1.0
183.0 1.96295844265 1.0
74.0 0.984192440828 1.0
127.0 0.983109642018 1.0
194.0 2.02733783317 1.0
27.0 0.926225842738 1.0
97.0 1.01796695511 1.0
30.0 0.987582146145 1.0
142.0 0.934478535223 1.0
157.0 0.998478324758 1.0
23.0 0.991993946626 1.0
66.0 0.977515183874 1.0
38.0 0.983939721909 1.0
16.0 0.987698944012 1.0
134.0 0.951054113946 1.0
175.0 11.621044802 1.0
91.0 1.00119373577 1.0
42.0 0.997729293448 1.0
44.0 0.951075825962 1.0
94.0 1.00311616262 1.0
11.0 0.975637391282 1.0
80.0 0.992898776305 1.0
41.0 0.946295290412 1.0
37.0 1.04896589606 1.0
3.0 0.983424987469 1.0
73.0 1.0198404343 1.0
82.0 1.01855812409 1.0
object 40	1.0:1.0
51.0 0.985627423188 1.0
113.0 1.0025391376 1.0
180.0 -1.21857223291 1.0
132.0 1.00782952759 1.0
54.0 0.993076179743 1.0
40.0 0.990057392558 1.0
56.0 0.998150104164 1.0
23.0 1.03858350281 1.0
181.0 2.1200367202 1.0
82.0 1.01116961557 1.0
77.0 0.959670792453 1.0
179.0 -0.430044527768 1.0
93.0 0.974633421349 1.0
97.0 1.01251517581 1.0
177.0 -2.28713684644 1.0
7.0 1.00843188244 1.0
49.0 0.957862752681 1.0
169.0 4.57611634426 1.0
143.0 1.04094817659 1.0
154.0 1.02585078549 1.0
18.0 1.00787105243 1.0
116.0 0.993759571795 1.0
65.0 1.01264489688 1.0
2.0 1.01921541675 1.0
79.0 0.996103949569 1.0
150.0 0.984652036153 1.0
99.0 1.00279726053 1.0
85.0 1.01144364085 1.0
20.0 1.00138244892 1.0
object 41	1.0:1.0
169.0 -0.983699605151 1.0
60.0 0.988280505141 1.0
134.0 1.01483626191 1.0
139.0 1.01062623923 1.0
96.0 0.994715140267 1.0
154.0 1.00730958901 1.0
161.0 3.30338995868 1.0
24.0 0.996110813757 1.0
53.0 1.03868775871 1.0
128.0 0.999979511318 1.0
165.0 5.51447749945 1.0
181.0 1.11125684194 1.0
8.0 0.98141090425 1.0
73.0 0.990506896024 1.0
11.0 1.04243215198 1.0
14.0 0.953714863158 1.0
194.0 1.05115498242 1.0
99.0 0.989152013723 1.0
40.0 0.975216283625 1.0
1.0 0.956540749337 1.0
130.0 0.990788140484 1.0
174.0 2.01337779422 1.0
114.0 0.961082151969 1.0
138.0 1.02525225446 1.0
67.0 0.983169448375 1.0
147.0 1.01179310939 1.0
78.0 1.03368780608 1.0
180.0 1.26969693806 1.0
89.0 1.01107949975 1.0
36.0 0.969874573532 1.0
179.0 5.09530610445 1.0
35.0 1.02397009809 1.0
116.0 1.01318927269 1.0
104.0 1.01450639725 1.0
object 42	1.0:1.0
52.0 0.998999002204 1.0
27.0 1.09316936817 1.0
72.0 0.986023893081 1.0
158.0 0.95002735518 1.0
126.0 1.06795924123 1.0
123.0 0.983886539191 1.0
82.0 1.00113604629 1.0
33.0 0.950057032934 1.0
107.0 1.01894775964 1.0
159.0 1.01177262553 1.0
41.0 1.00744965816 1.0
54.0 0.998434529336 1.0
71.0 0.991319793344 1.0
144.0 0.974657892564 1.0
115.0 0.971108689768 1.0
186.0 -0.206082561153 1.0
128.0 1.02514965863 1.0
196.0 -1.14916298652 1.0
74.0 0.943685341049 1.0
9.0 1.02196394147 1.0
141.0 1.0125343931 1.0
177.0 1.08168423278 1.0
2.0 0.986330341014 1.0
83.0 1.03058300829 1.0
109.0 0.960384195062 1.0
199.0 -3.08809083774 1.0
44.0 1.02605892714 1.0
34.0 0.997866786982 1.0
75.0 1.03284698725 1.0
198.0 1.88830817975 1.0
57.0 1.01663345562 1.0
140.0 0.97608144956 1.0
138.0 1.00263772981 1.0
173.0 3.05946934193 1.0
161.0 -2.24926332078 1.0
184.0 -2.4311246917 1.0
object 43	1.0:1.0
90.0 1.03093255703 1.0
65.0 0.975384739093 1.0
109.0 1.0095859386 1.0
184.0 -4.51251153374 1.0
175.0 -4.28978014374 1.0
194.0 -4.11953101856 1.0
168.0 3.03862220647 1.0
49.0 1.00604486442 1.0
99.0 0.989039286936 1.0
0.0 1.01100200279 1.0
195.0 0.343994152359 1.0
179.0 0.0280316218971 1.0
37.0 1.02644938793 1.0
72.0 0.994550254556 1.0
9.0 1.01961398638 1.0
150.0 1.0253766109 1.0
56.0 0.976906293054 1.0
105.0 1.01821651334 1.0
13.0 1.00128335864 1.0
137.0 0.996264425915 1.0
96.0 0.965929127133 1.0
18.0 1.01783758568 1.0
14.0 1.01401811109 1.0
79.0 0.981903522243 1.0
182.0 -5.73161595038 1.0
158.0 0.995938627356 1.0
70.0 1.03554850582 1.0
object 44	1.0:1.0
15.0 1.06675700235 1.0
47.0 1.00407633036 1.0
66.0 0.946181816644 1.0
103.0 1.04223320062 1.0
114.0 0.978126288586 1.0
38.0 1.03250843054 1.0
179.0 -2.00928853114 1.0
132.0 0.980087212458 1.0
148.0 1.01679675448 1.0
19.0 0.976531929006 1.0
20.0 0.994007356822 1.0
155.0 1.0532124052 1.0
87.0 0.997631489473 1.0
51.0 1.00673063464 1.0
199.0 2.48201488607 1.0
163.0 2.6625008664 1.0
21.0 1.0087862674 1.0
173.0 3.06848117158 1.0
139.0 0.96882898948 1.0
4.0 1.06288793956 1.0
92.0 0.997810639649 1.0
161.0 -10.4267763151 1.0
189.0 -6.19019490458 1.0
110.0 0.910908152077 1.0
65.0 0.944122062994 1.0
88.0 1.04017924999 1.0
77.0 1.01540514224 1.0
193.0 3.19141455105 1.0
101.0 1.10891022356 1.0
35.0 0.996763136471 1.0
14.0 0.933069206994 1.0
192.0 -1.15373191301 1.0
166.0 5.98736024461 1.0
174.0 3.97305053185 1.0
23.0 1.04238648217 1.0
187.0 -6.71314502582 1.0
49.0 0.963984757273 1.0
83.0 1.0043163777 1.0
108.0 0.984783355298 1.0
175.0 3.70071558187 1.0
141.0 1.00752656615 1.0
91.0 1.00570430494 1.0
13.0 0.994954048125 1.0
98.0 0.975014914525 1.0
56.0 1.02855542852 1.0
126.0 1.0012667388 1.0
16.0 0.988052316836 1.0
object 45	1.0:1.0
197.0 1.05933320865 1.0
159.0 0.988736225839 1.0
116.0 1.01618260307 1.0
77.0 0.986982771702 1.0
95.0 1.00896996272 1.0
151.0 0.980998699672 1.0
12.0 1.01840680468 1.0
198.0 2.89575296948 1.0
103.0 1.01636233823 1.0
120.0 1.00654720822 1.0
169.0 8.92438273024 1.0
23.0 1.04991461293 1.0
84.0 0.984569697117 1.0
106.0 1.00375223301 1.0
191.0 0.560322217374 1.0
93.0 0.946198034511 1.0
133.0 1.00049059907 1.0
150.0 1.06526888908 1.0
18.0 1.02211846027 1.0
70.0 1.01358807777 1.0
25.0 0.997975996614 1.0
94.0 1.00550787154 1.0
89.0 1.00751755819 1.0
185.0 -2.43382796965 1.0
97.0 1.02543124027 1.0
144.0 0.987140521096 1.0
56.0 0.991717086584 1.0
118.0 1.0391266316 1.0
object 46	1.0:1.0
141.0 1.02115987582 1.0
33.0 1.01839546128 1.0
173.0 0.601687741633 1.0
167.0 1.11421065949 1.0
81.0 0.995062422107 1.0
145.0 0.949399135702 1.0
35.0 0.959395110208 1.0
194.0 -1.31110084354 1.0
101.0 1.00436399772 1.0
26.0 1.07341344792 1.0
125.0 0.981178688198 1.0
144.0 1.04909633459 1.0
79.0 0.992464337419 1.0
18.0 0.97219699648 1.0
54.0 1.00149657052 1.0
119.0 0.982149081624 1.0
104.0 1.0812161046 1.0
51.0 1.00317179823 1.0
158.0 0.990937400934 1.0
146.0 0.985624709429 1.0
43.0 0.945002538954 1.0
148.0 0.988086073729 1.0
103.0 0.998943245135 1.0
1.0 0.996883923311 1.0
172.0 3.40724612151 1.0
object 47	1.0:1.0
177.0 -1.46820914535 1.0
16.0 0.999411305148 1.0
100.0 0.91119020187 1.0
83.0 0.92337513621 1.0
59.0 1.01355527833 1.0
87.0 0.999976864086 1.0
169.0 4.39397299599 1.0
40.0 1.00513190372 1.0
86.0 1.02521923614 1.0
173.0 4.74713648162 1.0
20.0 0.986605845127 1.0
1.0 1.03141801838 1.0
88.0 1.02999131103 1.0
132.0 1.02591537203 1.0
193.0 2.41035308103 1.0
144.0 0.953122675433 1.0
138.0 1.01827014343 1.0
34.0 0.959297960011 1.0
14.0 0.967823556101 1.0
198.0 -0.99676982504 1.0
115.0 1.02029682069 1.0
23.0 1.02578204411 1.0
187.0 1.3833801247 1.0
172.0 -1.78548118319 1.0
104.0 0.926340448462 1.0
object 48	1.0:1.0
130.0 0.994420043942 1.0
73.0 0.996442050452 1.0
33.0 0.985064382265 1.0
152.0 1.00525359758 1.0
126.0 0.989092054278 1.0
76.0 1.06364886224 1.0
39.0 1.0017516948 1.0
151.0 1.01838266203 1.0
91.0 0.970961899284 1.0
62.0 1.00954890338 1.0
81.0 0.989096108528 1.0
10.0 1.02997089979 1.0
95.0 0.990543904667 1.0
97.0 0.971533268076 1.0
41.0 0.993717470511 1.0
53.0 0.942284198827 1.0
40.0 0.997486968243 1.0
114.0 1.00401030532 1.0
197.0 1.8712083415 1.0
165.0 3.64206512597 1.0
75.0 1.00957799477 1.0
142.0 1.01542298396 1.0
49.0 1.00080672898 1.0
38.0 1.07653020221 1.0
105.0 0.971661305152 1.0
52.0 1.00667914083 1.0
193.0 4.2542176587 1.0
133.0 1.00298831201 1.0
177.0 2.38486707296 1.0
object 49	1.0:1.0
113.0 0.989257555638 1.0
102.0 1.03899302006 1.0
111.0 1.01300066429 1.0
108.0 1.01679335198 1.0
26.0 1.01947836424 1.0
49.0 0.99715930497 1.0
105.0 1.05585401138 1.0
160.0 4.93935275647 1.0
147.0 1.01809627554 1.0
62.0 0.966060586235 1.0
106.0 0.998069466714 1.0
190.0 4.04002704042 1.0
50.0 1.00956222906 1.0
63.0 0.996547596456 1.0
30.0 0.981185519508 1.0
56.0 0.99750699572 1.0
126.0 0.97811406026 1.0
134.0 1.0232080268 1.0
157.0 0.966150795418 1.0
12.0 1.0385003923 1.0
199.0 -0.154349742583 1.0
166.0 5.7569597715 1.0
104.0 0.925430721142 1.0
96.0 1.02906449859 1.0
27.0 0.992065607148 1.0
14.0 1.02816463309 1.0
75.0 0.950838436991 1.0
object 50	1.0:0.5 0.169971596931:0.5
29.0 0.93926077994 0.0
111.0 0.962204297664 0.0
7.0 0.197148738531 1.0
180.0 2.45222985624 0.0
107.0 1.04036978873 0.0
195.0 0.794313379037 0.0
21.0 0.965884628545 0.0
33.0 1.02907878063 0.0
136.0 0.257215292552 1.0
92.0 0.23323879979 1.0
62.0 1.06679381865 0.0
5.0 0.187865271339 1.0
181.0 -6.43731334133 1.0
69.0 1.02091021758 0.0
152.0 0.173448372098 1.0
106.0 0.932497861841 0.0
31.0 0.219923880457 1.0
65.0 1.02887163289 0.0
112.0 0.211621318825 1.0
105.0 0.139127273583 1.0
80.0 1.00966211599 0.0
60.0 -0.000626012899233 1.0
109.0 1.11555118448 0.0
160.0 5.80735286499 0.0
6.0 0.106562200495 1.0
85.0 0.987256052976 0.0
134.0 0.131700499476 1.0
114.0 0.974501194332 0.0
1.0 1.03879128456 0.0
141.0 0.136649410429 1.0
188.0 8.11493079324 1.0
object 51	1.0:0.5 8.67065813769:0.5
58.0 8.77249817075 1.0
54.0 8.71567774104 1.0
176.0 1.06390511487 0.0
76.0 1.00178043728 0.0
48.0 8.69276918715 1.0
16.0 8.65671729041 1.0
53.0 8.59215168844 1.0
99.0 8.60195674899 1.0
24.0 8.64716289972 1.0
165.0 3.18643246691 0.0
112.0 8.61446844632 1.0
142.0 8.66444564012 1.0
186.0 5.11506734249 1.0
94.0 8.58726301812 1.0
31.0 0.902151095255 0.0
155.0 1.04133536984 0.0
152.0 1.02893313407 0.0
25.0 8.71129796213 1.0
179.0 2.8960280381 0.0
7.0 1.05639370041 0.0
34.0 1.13941655671 0.0
149.0 8.61975457483 1.0
144.0 0.941396190513 0.0
65.0 8.6858144201 1.0
46.0 8.75238956877 1.0
134.0 8.65124512122 1.0
102.0 1.01716694966 0.0
69.0 8.71638647626 1.0
160.0 9.02492273972 1.0
0.0 1.08094380528 0.0
2.0 8.68506034192 1.0
153.0 8.72576931966 1.0
111.0 1.06020266717 0.0
180.0 9.91062924188 1.0
object 52	1.0:0.5 4.7827796337:0.5
135.0 4.77757341556 1.0
116.0 4.85564761775 1.0
100.0 4.76312822937 1.0
82.0 0.989417067873 0.0
129.0 4.72509067132 1.0
134.0 4.77940974609 1.0
57.0 4.74940269814 1.0
126.0 4.78760777461 1.0
124.0 4.81122046793 1.0
47.0 4.73466911969 1.0
42.0 4.76872403535 1.0
59.0 4.75327112468 1.0
182.0 5.99498462024 1.0
157.0 1.0354768757 0.0
50.0 0.886707725473 0.0
125.0 4.77566826763 1.0
71.0 4.83486421715 1.0
63.0 4.78507575352 1.0
96.0 0.991763691874 0.0
79.0 4.84733014204 1.0
146.0 1.06272114756 0.0
18.0 1.07153302454 0.0
89.0 1.10143410275 0.0
139.0 4.76369777753 1.0
186.0 8.05940686652 0.0
36.0 4.85677981195 1.0
193.0 1.65383004007 1.0
148.0 0.971705373143 0.0
74.0 4.79928634316 1.0
167.0 0.478799075624 1.0
161.0 11.9616052107 1.0
34.0 4.79702812991 1.0
object 53	1.0:0.5 18.7913635788:0.5
149.0 18.8085906055 1.0
86.0 0.990463247549 0.0
50.0 18.782028414 1.0
19.0 0.979231616698 0.0
90.0 0.960984995005 0.0
146.0 18.7804272367 1.0
132.0 18.8739910353 1.0
141.0 18.7433124568 1.0
1.0 18.8595381169 1.0
198.0 20.8843695151 1.0
33.0 0.97104928155 0.0
25.0 0.989930642818 0.0
20.0 1.10123227143 0.0
103.0 1.00938862765 0.0
5.0 1.00743210811 0.0
126.0 1.05941346685 0.0
39.0 1.002712894 0.0
163.0 18.5446651476 1.0
10.0 1.02292050395 0.0
98.0 18.7260759512 1.0
168.0 17.3134524359 1.0
31.0 0.989360362017 0.0
138.0 0.9649514289 0.0
134.0 18.7192689285 1.0
174.0 -2.35026013366 0.0
136.0 18.8555698175 1.0
72.0 18.7644788751 1.0
117.0 1.00188343995 0.0
44.0 18.8143562997 1.0
4.0 1.03954220276 0.0
object 54	1.0:0.5 -6.27547382603:0.5
154.0 0.9787275993 0.0
16.0 -6.23359369047 1.0
120.0 0.877235169461 0.0
140.0 -6.3390986034 1.0
12.0 0.9854967063 0.0
24.0 -6.20369717509 1.0
125.0 -6.24677599512 1.0
83.0 0.923025134913 0.0
134.0 1.08574160915 0.0
47.0 -6.32346551762 1.0
162.0 -5.65735714916 0.0
108.0 -6.31631841888 1.0
155.0 -6.25334698156 1.0
116.0 -6.32853835304 1.0
118.0 -6.34703695024 1.0
197.0 -4.34132592535 1.0
172.0 -4.01538228447 0.0
86.0 -6.27760024187 1.0
97.0 -6.33057634294 1.0
58.0 -6.24965621699 1.0
166.0 3.1256233225 0.0
119.0 0.972335029969 0.0
196.0 -6.30774729528 0.0
84.0 1.05194088053 0.0
151.0 0.968472378199 0.0
57.0 0.979401989122 0.0
179.0 -5.06775871121 1.0
114.0 -6.27913381135 1.0
175.0 -0.710676720664 0.0
object 55	1.0:0.5 -8.45434634784:0.5
61.0 0.975171112499 0.0
167.0 -4.72386810879 1.0
29.0 -8.47822690994 1.0
173.0 0.478806823193 0.0
26.0 1.02082148753 0.0
39.0 0.932376000385 0.0
5.0 -8.39424269835 1.0
50.0 -8.44941867809 1.0
94.0 -8.44666238496 1.0
56.0 -8.50168003664 1.0
189.0 4.9306655667 0.0
161.0 -12.9244085349 1.0
55.0 1.01553678861 0.0
87.0 -8.35382181623 1.0
81.0 1.01978861312 0.0
21.0 -8.40062037716 1.0
72.0 0.977675705712 0.0
118.0 -8.44044879992 1.0
103.0 0.943877714246 0.0
192.0 -10.6823651237 1.0
170.0 -0.964910813578 0.0
117.0 1.02804045313 0.0
6.0 -8.36857867783 1.0
74.0 1.04933035222 0.0
52.0 1.06198258308 0.0
127.0 -8.39145961614 1.0
184.0 -6.65820014692 1.0
116.0 -8.42010780664 1.0
165.0 -4.98534050488 1.0
196.0 3.83913825364 0.0
124.0 1.04323243258 0.0
77.0 -8.35107569013 1.0
46.0 1.00917698161 0.0
27.0 1.0723958058 0.0
object 56	1.0:0.5 -19.0867449827:0.5
107.0 -19.2172010625 1.0
51.0 -19.0250240695 1.0
11.0 0.992366043145 0.0
40.0 1.02033313923 0.0
196.0 -18.2341816144 1.0
15.0 0.968690280629 0.0
61.0 -19.096052614 1.0
195.0 -24.3167340722 1.0
13.0 0.933993979414 0.0
46.0 0.963481014586 0.0
144.0 -19.0761262802 1.0
158.0 -19.0598828437 1.0
149.0 1.00845075405 0.0
78.0 -19.0440299105 1.0
125.0 -19.1036266146 1.0
21.0 -19.0789429352 1.0
83.0 0.969335688928 0.0
191.0 6.07360678311 0.0
56.0 -19.105808743 1.0
8.0 -19.1171081644 1.0
90.0 0.99415174996 0.0
23.0 -19.0658163539 1.0
36.0 1.00512777779 0.0
154.0 0.9991829661 0.0
128.0 0.970697516745 0.0
64.0 1.03704094959 0.0
59.0 1.01015087096 0.0
38.0 -19.0416713187 1.0
177.0 0.360996115935 0.0
object 57	1.0:0.5 11.3085520084:0.5
153.0 0.943023505295 0.0
187.0 -1.90465006722 0.0
3.0 1.01261766777 0.0
39.0 1.02168980521 0.0
84.0 0.938706588213 0.0
185.0 9.07819417573 1.0
154.0 0.962716577159 0.0
186.0 -0.224458329818 0.0
121.0 0.878075171318 0.0
155.0 0.96651624691 0.0
47.0 0.993081130707 0.0
72.0 0.96902499937 0.0
61.0 11.3941150637 1.0
88.0 11.1966593226 1.0
90.0 11.4035893081 1.0
22.0 1.02440767962 0.0
107.0 11.3838453141 1.0
150.0 11.3629758878 1.0
12.0 11.297626452 1.0
110.0 1.01266453383 0.0
45.0 11.3028141475 1.0
36.0 11.3462208899 1.0
137.0 11.3414295677 1.0
109.0 11.2274563183 1.0
97.0 11.3499759152 1.0
52.0 11.4134446969 1.0
42.0 1.07238723254 0.0
175.0 1.7689600642 0.0
195.0 4.77614019323 0.0
0.0 11.3648384298 1.0
91.0 1.04326467397 0.0
object 58	1.0:0.5 17.887999531:0.5
83.0 17.8445465155 1.0
194.0 1.85643439454 0.0
156.0 17.9886600241 1.0
10.0 0.97410359333 0.0
116.0 17.927587287 1.0
121.0 17.8712236921 1.0
164.0 13.8191241772 1.0
0.0 0.982581037427 0.0
178.0 -1.14529857911 0.0
27.0 1.02434335765 0.0
109.0 0.992879116969 0.0
99.0 1.00321016652 0.0
183.0 20.7927366427 1.0
137.0 17.8776005216 1.0
67.0 17.8741027291 1.0
108.0 17.9774118472 1.0
35.0 17.8376533714 1.0
15.0 0.943870089754 0.0
155.0 0.858527841795 0.0
161.0 7.16845251688 0.0
78.0 17.8012286654 1.0
179.0 0.747773294277 0.0
12.0 1.01230327243 0.0
37.0 0.939768079584 0.0
17.0 17.861679571 1.0
120.0 1.00954985934 0.0
object 59	1.0:0.5 2.21226138735:0.5
12.0 2.22832122766 1.0
123.0 2.1785670581 1.0
40.0 2.20420634943 1.0
1.0 2.11500618126 1.0
191.0 4.06500240307 1.0
2.0 1.02918453653 0.0
156.0 0.886067266892 0.0
58.0 1.03052599402 0.0
39.0 1.01189533263 0.0
140.0 1.06762434458 0.0
9.0 2.16681335338 1.0
79.0 2.19937832514 1.0
83.0 0.949119511477 0.0
57.0 2.1967035347 1.0
41.0 1.01399809507 0.0
52.0 2.1346087558 1.0
114.0 2.21143436579 1.0
35.0 2.27383076856 1.0
70.0 0.975305145867 0.0
19.0 1.01404779886 0.0
159.0 0.937153859864 0.0
113.0 2.15074078908 1.0
81.0 2.17483589284 1.0
155.0 1.02083428151 0.0
8.0 2.15429976783 1.0
100.0 2.29161883223 1.0
29.0 0.940659270358 0.0
26.0 0.876053109589 0.0
object 60	1.0:0.5 12.9743006234:0.5
157.0 13.0754597167 1.0
101.0 0.974620153179 0.0
184.0 10.885058243 1.0
180.0 4.2870026564 0.0
39.0 0.969937517807 0.0
111.0 12.8901005916 1.0
33.0 0.952823097886 0.0
122.0 0.998269736404 0.0
40.0 1.06904969162 0.0
128.0 0.960387904218 0.0
172.0 10.4695350562 1.0
25.0 1.00979661559 0.0
2.0 12.9540326 1.0
148.0 12.9607092243 1.0
129.0 0.962313520367 0.0
43.0 13.0658026004 1.0
144.0 1.04863279206 0.0
119.0 12.9615528305 1.0
64.0 1.01199665821 0.0
197.0 12.5007811615 1.0
131.0 13.0308856449 1.0
7.0 12.9508641356 1.0
126.0 12.9930231251 1.0
3.0 1.10925952292 0.0
155.0 1.04975302607 0.0
5.0 1.05949526809 0.0
187.0 -9.89603994775 0.0
182.0 -2.35260156339 0.0
169.0 0.717482070921 0.0
35.0 12.9287768958 1.0
134.0 13.0045052902 1.0
9.0 12.8665145933 1.0
4.0 12.9401474802 1.0
191.0 14.7029491592 1.0
object 61	1.0:0.5 -14.3492456229:0.5
58.0 -14.3364245392 1.0
86.0 -14.3514945097 1.0
32.0 1.055574137 0.0
44.0 -14.3631915868 1.0
161.0 6.84774624942 0.0
163.0 -2.45480965309 0.0
81.0 -14.337204642 1.0
146.0 0.983906860514 0.0
183.0 -16.6744408736 1.0
10.0 -14.3904344852 1.0
105.0 0.960653086073 0.0
20.0 1.01860887124 0.0
179.0 -13.0550547982 1.0
16.0 1.03378096596 0.0
43.0 -14.3864053679 1.0
54.0 1.04334766143 0.0
62.0 -14.3093509054 1.0
42.0 1.0055260763 0.0
56.0 -14.3703519372 1.0
157.0 1.0325795816 0.0
159.0 0.912978957897 0.0
23.0 -14.284813952 1.0
38.0 0.97568301241 0.0
191.0 -14.4175926505 1.0
27.0 1.11438965572 0.0
124.0 -14.4227499975 1.0
185.0 0.45354902066 0.0
148.0 0.941564879832 0.0
50.0 -14.3434600316 1.0
198.0 0.757326297322 0.0
13.0 0.922928068818 0.0
130.0 0.883669998732 0.0
195.0 -6.58817366184 0.0
134.0 -14.2980892638 1.0
55.0 0.98882725425 0.0
110.0 -14.423123705 1.0
194.0 -12.9055604755 1.0
169.0 -17.4385665347 1.0
138.0 0.998893882271 0.0
75.0 -14.3742077931 1.0
121.0 -14.3650783366 1.0
8.0 1.03226601662 0.0
152.0 0.947181141249 0.0
80.0 1.01428222955 0.0
77.0 -14.2922179357 1.0
object 62	1.0:0.5 1.90218999194:0.5
110.0 1.91558662323 1.0
108.0 1.0034501659 0.0
5.0 0.986593637103 0.0
53.0 1.02247421686 0.0
178.0 5.52241587064 0.0
161.0 1.50348307723 1.0
180.0 0.216064295356 1.0
117.0 1.02693732945 0.0
145.0 1.00337905703 0.0
42.0 1.09182781211 0.0
124.0 1.9043082346 1.0
68.0 0.972655616253 0.0
104.0 0.987522216759 0.0
165.0 -2.03400233979 1.0
128.0 1.85607406622 1.0
141.0 1.91633036595 1.0
77.0 0.950183496399 0.0
96.0 1.90149098222 1.0
65.0 1.10845982521 0.0
64.0 1.0916041354 0.0
35.0 1.92164461828 1.0
109.0 0.953489202356 0.0
187.0 0.622222463055 0.0
31.0 1.00756832244 0.0
148.0 1.86586483179 1.0
33.0 1.13452565643 0.0
22.0 1.84039965483 1.0
12.0 1.96177955225 1.0
152.0 1.93292519013 1.0
80.0 1.08921223507 0.0
94.0 0.958401564302 0.0
93.0 1.06325221567 0.0
166.0 2.51859898878 1.0
123.0 1.9536134469 1.0
20.0 1.83919049772 1.0
21.0 1.84358081011 1.0
52.0 1.86162618691 1.0
58.0 0.966404702898 0.0
7.0 0.968690464762 0.0
79.0 1.92303537052 1.0
111.0 1.00171103195 0.0
176.0 0.616063923087 0.0
76.0 1.89849560411 1.0
192.0 -0.925473990752 0.0
170.0 4.58045216034 1.0
object 63	1.0:0.5 20.0368421439:0.5
130.0 0.98339084221 0.0
196.0 18.1355913428 1.0
135.0 20.1651864157 1.0
160.0 -0.52598350982 0.0
22.0 20.0008030404 1.0
146.0 0.960976622327 0.0
183.0 1.14262450588 0.0
19.0 19.9688907973 1.0
74.0 20.024455073 1.0
53.0 1.06895934454 0.0
122.0 1.03846408176 0.0
124.0 20.0229894885 1.0
39.0 0.924089015467 0.0
118.0 0.948269298958 0.0
198.0 19.5078143919 1.0
99.0 0.985866954063 0.0
115.0 20.0622678794 1.0
172.0 10.0967331638 0.0
148.0 20.0193805018 1.0
100.0 1.05170882906 0.0
8.0 0.953259457406 0.0
45.0 0.956401033963 0.0
153.0 20.0723062247 1.0
9.0 1.01972072069 0.0
55.0 0.985877881821 0.0
93.0 20.0135401777 1.0
173.0 14.9001266282 1.0
35.0 0.954019456128 0.0
114.0 0.990576820325 0.0
object 64	1.0:0.5 -12.741824111:0.5
113.0 0.986149688895 0.0
95.0 -12.7349160315 1.0
176.0 -12.2950222888 1.0
162.0 3.37725142443 0.0
164.0 -2.74637905688 0.0
88.0 -12.7356070628 1.0
147.0 1.01562017956 0.0
55.0 -12.744902509 1.0
7.0 0.892160619141 0.0
93.0 0.973508156923 0.0
117.0 1.06461217736 0.0
31.0 0.989852764985 0.0
69.0 1.04729697176 0.0
121.0 -12.7603152098 1.0
47.0 -12.6864580036 1.0
142.0 -12.8308243931 1.0
175.0 -11.0819156657 1.0
158.0 -12.7916320035 1.0
170.0 -18.42665573 1.0
178.0 -11.3978379858 1.0
91.0 0.932936892434 0.0
61.0 -12.7260454133 1.0
45.0 0.913176591213 0.0
13.0 -12.8130618357 1.0
50.0 1.12570126705 0.0
16.0 -12.7803833832 1.0
98.0 -12.8091115965 1.0
135.0 -12.827952283 1.0
193.0 -17.022989769 1.0
48.0 -12.7247355355 1.0
157.0 0.969055963487 0.0
109.0 0.996062824234 0.0
141.0 -12.7548866325 1.0
object 65	1.0:0.5 -1.69020147918:0.5
3.0 1.0444868292 0.0
47.0 -1.75885960893 1.0
151.0 1.04724617886 0.0
122.0 -1.7537013927 1.0
187.0 10.0989736665 0.0
5.0 1.12250723071 0.0
197.0 -0.445198597544 0.0
80.0 1.05771467643 0.0
175.0 -1.51690635724 1.0
118.0 -1.72305960048 1.0
103.0 -1.65131268596 1.0
95.0 1.09220177405 0.0
153.0 -1.60139187182 1.0
18.0 -1.69638356618 1.0
98.0 -1.77646882426 1.0
52.0 0.938341068352 0.0
86.0 0.910144347809 0.0
28.0 1.02771454581 0.0
163.0 -1.08024673076 1.0
191.0 4.47568017038 0.0
object 66	1.0:0.5 5.02032217931:0.5
19.0 1.02672236916 0.0
12.0 5.02625150075 1.0
73.0 5.05456266463 1.0
135.0 0.990314438287 0.0
189.0 4.34837775951 1.0
92.0 4.95646851464 1.0
34.0 5.0210619808 1.0
168.0 0.923431499458 0.0
65.0 5.04494616082 1.0
52.0 5.03336086958 1.0
190.0 5.00286247451 0.0
81.0 1.06507458846 0.0
111.0 0.99552864786 0.0
156.0 1.00084952752 0.0
113.0 0.996803734708 0.0
31.0 1.0292865685 0.0
161.0 -4.00297977881 0.0
99.0 5.04038683899 1.0
82.0 0.973597873885 0.0
36.0 0.951134350614 0.0
119.0 5.02873020896 1.0
154.0 5.07945903824 1.0
45.0 1.06861494944 0.0
198.0 -1.9290445152 0.0
22.0 5.00411660879 1.0
76.0 1.01106916698 0.0
53.0 0.961510244818 0.0
131.0 0.949131191978 0.0
5.0 1.07460118017 0.0
162.0 -0.507905483521 1.0
87.0 4.98477191092 1.0
77.0 0.98027986379 0.0
object 67	1.0:0.5 8.83416852071:0.5
126.0 0.981746478464 0.0
195.0 -3.01766633242 0.0
164.0 5.85282603891 1.0
130.0 0.965466310772 0.0
100.0 0.996749615609 0.0
56.0 8.87517869183 1.0
175.0 2.37045085711 0.0
149.0 1.02564447299 0.0
135.0 1.05825066393 0.0
115.0 8.79520595634 1.0
22.0 8.86471989519 1.0
85.0 0.972150184883 0.0
106.0 0.959001701349 0.0
110.0 8.89143748447 1.0
148.0 0.914792155929 0.0
127.0 1.02955281204 0.0
159.0 1.01405903913 0.0
72.0 0.944934262912 0.0
28.0 1.04043092989 0.0
62.0 8.87561086063 1.0
93.0 0.955817243801 0.0
173.0 0.0582158319729 0.0
object 68	1.0:0.5 -4.2642040074:0.5
69.0 -4.19864584858 1.0
12.0 1.00096879641 0.0
185.0 -6.12652050102 1.0
165.0 -12.0377175664 1.0
41.0 -4.2972999398 1.0
31.0 0.938122033553 0.0
63.0 -4.35825015282 1.0
149.0 0.986467235325 0.0
55.0 1.04470787241 0.0
83.0 -4.21402237217 1.0
37.0 1.09672568083 0.0
196.0 -5.59770283187 1.0
60.0 1.04110183197 0.0
176.0 0.258502483678 0.0
76.0 1.08376803508 0.0
195.0 -4.40209726735 1.0
98.0 0.926447719787 0.0
146.0 -4.21863069984 1.0
147.0 0.878611432167 0.0
151.0 0.921906469476 0.0
145.0 1.0124322675 0.0
119.0 1.03036782421 0.0
183.0 -6.28374073437 1.0
191.0 -5.34826122047 1.0
89.0 1.00074272098 0.0
90.0 -4.18097577548 1.0
141.0 1.01840063735 0.0
11.0 1.04494504131 0.0
58.0 -4.24570791588 1.0
163.0 -5.07096412432 1.0
39.0 -4.24109500539 1.0
187.0 -6.06802550469 0.0
199.0 -7.24707304601 1.0
object 69	1.0:0.5 -4.60752258253:0.5
30.0 1.07726088777 0.0
131.0 0.896737112505 0.0
48.0 -4.5739372877 1.0
181.0 -2.02596496089 1.0
178.0 -9.17820897814 1.0
120.0 0.910227133136 0.0
8.0 -4.59113811987 1.0
39.0 1.04696720399 0.0
155.0 0.917490542545 0.0
180.0 -0.734292532327 0.0
56.0 -4.6238902279 1.0
78.0 -4.55166491526 1.0
18.0 1.00061899818 0.0
173.0 -0.0743767508162 0.0
97.0 0.931644822569 0.0
121.0 -4.54044713204 1.0
81.0 1.0160290914 0.0
124.0 -4.64975300758 1.0
46.0 1.0226290701 0.0
17.0 1.02676182728 0.0
117.0 1.00582378319 0.0
196.0 3.59174878578 1.0
6.0 1.05722854591 0.0
51.0 0.954386660869 0.0
12.0 1.01296611771 0.0
133.0 -4.64001677496 1.0
36.0 0.933195327718 0.0
53.0 -4.59054792073 1.0
62.0 -4.57096894484 1.0
object 70	1.0:0.5 -2.75461418363:0.5
4.0 1.018507909 0.0
112.0 0.946188668839 0.0
181.0 -6.73701500904 1.0
122.0 -2.79416002997 1.0
186.0 -5.31225386259 1.0
176.0 -3.73935974465 1.0
50.0 -2.81814859848 1.0
107.0 -2.77263069983 1.0
43.0 0.952918101465 0.0
129.0 -2.75176520211 1.0
57.0 0.925815692349 0.0
187.0 1.66811584727 0.0
82.0 -2.75255518664 1.0
151.0 -2.74420221973 1.0
125.0 0.989332238655 0.0
98.0 0.93424285991 0.0
42.0 1.01549213166 0.0
184.0 2.73840413555 0.0
150.0 -2.7500589282 1.0
2.0 1.01798061836 0.0
90.0 -2.70944170579 1.0
109.0 0.96359669033 0.0
127.0 -2.73822017416 1.0
6.0 0.945865988655 0.0
130.0 0.960865834784 0.0
163.0 -3.84151600147 0.0
37.0 0.927147202056 0.0
110.0 -2.72191238745 1.0
183.0 -2.53053403441 0.0
object 71	1.0:0.5 0.154200428512:0.5
59.0 1.01039890954 0.0
194.0 2.1716195212 0.0
31.0 0.100273708589 1.0
162.0 -0.0607341508084 0.0
111.0 0.0318342629188 1.0
64.0 0.977620131112 0.0
193.0 1.14037554679 0.0
116.0 0.207050357478 1.0
167.0 3.41996746065 1.0
82.0 0.115334791578 1.0
44.0 0.165125219645 1.0
34.0 0.17227105917 1.0
11.0 1.03344431611 0.0
181.0 2.55175470266 0.0
157.0 0.969229109459 0.0
127.0 0.995311435614 0.0
1.0 0.995960163705 0.0
43.0 1.03180668715 0.0
20.0 0.205938470348 1.0
99.0 0.163584546853 1.0
178.0 -3.06804972875 1.0
26.0 0.21452366053 1.0
41.0 1.03972827118 0.0
72.0 1.01099367015 0.0
17.0 0.950697722957 0.0
140.0 1.0794648516 0.0
12.0 0.109681775481 1.0
115.0 0.137533218768 1.0
85.0 0.153393990583 1.0
79.0 0.12292761489 1.0
0.0 1.09085982434 0.0
102.0 0.88924785407 0.0
169.0 -1.86866637417 1.0
122.0 0.941236304001 0.0
object 72	1.0:0.5 1.86304755633:0.5
142.0 1.02128154344 0.0
89.0 0.878931526411 0.0
145.0 1.8532649961 1.0
124.0 1.88577062801 1.0
37.0 1.82626382519 1.0
81.0 0.945517000676 0.0
20.0 1.77880536847 1.0
95.0 0.965520243448 0.0
130.0 1.85980776087 1.0
103.0 1.84425460861 1.0
82.0 1.77261905089 1.0
39.0 1.9087350737 1.0
92.0 0.937701966724 0.0
36.0 1.01474688917 0.0
160.0 2.36926616474 0.0
127.0 1.01482294121 0.0
5.0 0.949372904906 0.0
61.0 1.05722481501 0.0
24.0 1.85359152571 1.0
112.0 0.970826710089 0.0
42.0 0.932291945713 0.0
134.0 1.01640256295 0.0
194.0 5.58172343139 1.0
63.0 1.80227022006 1.0
79.0 1.85696125445 1.0
129.0 1.89094200646 1.0
109.0 1.04169455152 0.0
161.0 -6.64228968045 0.0
122.0 1.01887812092 0.0
165.0 6.15282351974 1.0
187.0 7.63058414384 0.0
119.0 0.971004299972 0.0
111.0 0.971634819633 0.0
object 73	1.0:0.5 -5.59944827692:0.5
29.0 1.01512119215 0.0
102.0 0.965451721444 0.0
188.0 -1.12271353236 0.0
69.0 1.00716222396 0.0
191.0 2.32770073564 0.0
162.0 -5.28451114081 1.0
55.0 -5.72627102966 1.0
149.0 0.908061803984 0.0
143.0 -5.62608581196 1.0
154.0 1.01330902734 0.0
16.0 -5.63486884712 1.0
70.0 1.0232794377 0.0
192.0 -4.07915656615 1.0
37.0 -5.52702169496 1.0
21.0 -5.65269454406 1.0
35.0 -5.65954976756 1.0
193.0 -3.48356718622 1.0
71.0 -5.56450767235 1.0
173.0 1.53171220319 0.0
25.0 1.02778644855 0.0
98.0 0.929044410901 0.0
57.0 -5.64641530959 1.0
85.0 1.04391274697 0.0
167.0 1.75271511925 0.0
190.0 -10.5645458665 1.0
131.0 -5.63637782301 1.0
133.0 0.992346091384 0.0
43.0 0.971782690911 0.0
50.0 -5.73555243195 1.0
object 74	1.0:0.5 3.36964722703:0.5
176.0 4.26866749322 1.0
22.0 1.00698347519 0.0
14.0 3.41222429206 1.0
84.0 3.3715658415 1.0
118.0 1.0506732345 0.0
88.0 3.34378006213 1.0
114.0 3.30670795576 1.0
91.0 1.05174135518 0.0
86.0 3.44684109471 1.0
110.0 3.4526364565 1.0
55.0 1.03330995495 0.0
24.0 0.934598614964 0.0
96.0 1.07510515583 0.0
139.0 1.03830082074 0.0
128.0 0.995893447228 0.0
113.0 0.979596790054 0.0
93.0 3.41393500373 1.0
57.0 3.26901396631 1.0
149.0 3.44148701181 1.0
74.0 1.05633069758 0.0
73.0 1.06286835654 0.0
50.0 1.01392711266 0.0
190.0 -5.5640223294 0.0
66.0 3.33640240314 1.0
144.0 1.02699762741 0.0
152.0 3.34747744365 1.0
58.0 0.908482143717 0.0
11.0 0.938557740277 0.0
154.0 0.911628013104 0.0
71.0 0.906983622156 0.0
170.0 -0.461967942919 0.0
19.0 3.33401677975 1.0
18.0 3.40324517687 1.0
157.0 3.35253798496 1.0
177.0 -1.72437351949 0.0
115.0 3.36826576646 1.0
28.0 3.39529309288 1.0
45.0 1.00911675045 0.0
159.0 3.27619996286 1.0
125.0 3.40283847219 1.0
object 75	1.0:0.5 -19.0437503404:0.5
187.0 2.69133231918 0.0
85.0 1.0611688008 0.0
1.0 -19.0415275158 1.0
72.0 -19.1426664134 1.0
14.0 1.06529886466 0.0
37.0 1.00471776551 0.0
178.0 3.21200133448 0.0
123.0 1.00914789732 0.0
192.0 -22.7847439265 1.0
140.0 -19.1035099972 1.0
54.0 1.00664577508 0.0
171.0 -18.9805225981 1.0
193.0 -3.78976849138 0.0
92.0 0.940209718778 0.0
22.0 -19.1016652376 1.0
43.0 -19.0764749812 1.0
19.0 1.02706454698 0.0
149.0 1.03210906385 0.0
189.0 -2.99889665507 0.0
139.0 0.988658087962 0.0
79.0 1.0269351922 0.0
188.0 -14.8665251948 1.0
12.0 -19.0503100948 1.0
137.0 0.959888690754 0.0
143.0 1.06340670568 0.0
181.0 -21.2916538151 1.0
object 76	1.0:0.5 -9.78560722698:0.5
75.0 -9.81594408669 1.0
108.0 0.969719290906 0.0
82.0 -9.71456347516 1.0
188.0 6.78980895912 0.0
60.0 -9.86547182876 1.0
185.0 -9.20305406259 1.0
88.0 0.965639042059 0.0
178.0 6.24306652603 0.0
58.0 -9.79425395502 1.0
186.0 -9.70118196559 1.0
55.0 0.929075079437 0.0
127.0 1.02308075889 0.0
62.0 0.993703663119 0.0
86.0 -9.83369501731 1.0
145.0 1.01683978835 0.0
146.0 1.01420530018 0.0
119.0 -9.73218545199 1.0
87.0 1.05641247625 0.0
93.0 0.985636351755 0.0
115.0 -9.73729884518 1.0
67.0 1.03970781918 0.0
8.0 -9.86417239693 1.0
10.0 0.917451611458 0.0
172.0 -2.31315297729 1.0
64.0 0.939225874252 0.0
120.0 1.02258396267 0.0
102.0 -9.76795825973 1.0
40.0 -9.73475877711 1.0
14.0 -9.75732240862 1.0
135.0 0.962612498374 0.0
object 77	1.0:0.5 -2.9449698319:0.5
191.0 0.653248279601 0.0
70.0 -2.99790933898 1.0
126.0 -3.00277386602 1.0
69.0 -2.93824268993 1.0
97.0 0.957457431684 0.0
137.0 -2.89300320232 1.0
138.0 0.931557906075 0.0
90.0 -2.929963092 1.0
39.0 -2.98260939536 1.0
54.0 1.00734445951 0.0
46.0 -2.95674797055 1.0
55.0 -2.9858014313 1.0
95.0 0.946350175947 0.0
84.0 -2.87175659323 1.0
177.0 1.32834186952 0.0
189.0 -9.83897479509 1.0
131.0 0.996146405896 0.0
159.0 1.04962264397 0.0
47.0 -2.90138952265 1.0
172.0 -4.80285998368 0.0
59.0 -3.00430650039 1.0
183.0 3.06227159317 0.0
114.0 -2.95019082585 1.0
14.0 -2.89148614648 1.0
object 78	1.0:0.5 1.50578432422:0.5
139.0 1.01966992802 0.0
173.0 -1.86010991394 1.0
153.0 1.49335825992 1.0
164.0 -0.104688261427 0.0
128.0 1.02464429226 0.0
6.0 0.905379540186 0.0
85.0 1.44469704988 1.0
102.0 0.979409270234 0.0
124.0 0.992514279305 0.0
136.0 1.05650175581 0.0
131.0 1.41809949013 1.0
36.0 1.50037905907 1.0
137.0 0.989111573881 0.0
65.0 1.06202948239 0.0
42.0 1.5988993848 1.0
0.0 1.46503162033 1.0
150.0 1.54119496628 1.0
197.0 5.8209058546 1.0
156.0 1.49381697196 1.0
61.0 0.945476889514 0.0
92.0 1.44878371933 1.0
5.0 1.50329203156 1.0
121.0 1.02718841699 0.0
114.0 0.91613343479 0.0
198.0 0.316363933495 1.0
100.0 1.05360220962 0.0
2.0 0.945304463974 0.0
67.0 1.49661341983 1.0
91.0 0.999122831641 0.0
86.0 1.06353622966 0.0
162.0 2.29687415878 0.0
177.0 3.5019668109 1.0
130.0 1.53253915316 1.0
70.0 0.959815270064 0.0
63.0 1.44353592049 1.0
object 79	1.0:0.5 7.36681731745:0.5
58.0 7.30412912495 1.0
29.0 0.994440462191 0.0
65.0 7.30873950193 1.0
56.0 7.33626159438 1.0
38.0 7.34869495362 1.0
63.0 1.01711406589 0.0
71.0 7.39346762398 1.0
163.0 -1.22636030426 0.0
23.0 7.34250786032 1.0
16.0 1.09169434609 0.0
18.0 7.39764928307 1.0
12.0 1.00725429158 0.0
171.0 -0.183515951366 0.0
102.0 0.983296914077 0.0
175.0 8.45209093057 1.0
166.0 0.338123697238 0.0
80.0 7.32443256708 1.0
160.0 5.06616297082 0.0
147.0 1.01205846598 0.0
109.0 7.33211298094 1.0
64.0 1.01689619531 0.0
39.0 1.01228562265 0.0
28.0 0.976996262342 0.0
93.0 0.977873214948 0.0
101.0 7.36439778925 1.0
131.0 0.962592267543 0.0
159.0 7.45031042163 1.0
110.0 7.32529148307 1.0
51.0 1.01259392111 0.0
22.0 7.3148274532 1.0
193.0 5.6115297426 1.0
72.0 1.02732289208 0.0
object 80	1.0:0.5 -20.0265981491:0.5
128.0 1.06743938632 0.0
98.0 0.951415922027 0.0
35.0 -20.069783954 1.0
133.0 1.03917033197 0.0
57.0 -20.0936862905 1.0
44.0 -20.0127710429 1.0
70.0 -19.8765296239 1.0
90.0 -20.0584063386 1.0
174.0 -28.6137618962 1.0
76.0 1.03493447889 0.0
31.0 -19.9829303182 1.0
78.0 0.94225369094 0.0
138.0 -20.0878438623 1.0
119.0 1.02784200737 0.0
42.0 0.987765793207 0.0
20.0 -20.0169217112 1.0
118.0 1.06229383531 0.0
64.0 1.01947577423 0.0
22.0 -20.026194124 1.0
25.0 -20.0368156185 1.0
16.0 -20.0146502592 1.0
53.0 -20.0400688569 1.0
79.0 1.02146560582 0.0
112.0 -19.985908478 1.0
96.0 1.01230711206 0.0
73.0 -19.9427149873 1.0
99.0 1.02460435237 0.0
111.0 -20.0647610916 1.0
153.0 -20.0599419389 1.0
14.0 0.989077576169 0.0
100.0 0.977741170708 0.0
object 81	1.0:0.5 3.49820277302:0.5
117.0 3.45462987193 1.0
17.0 3.50708062287 1.0
74.0 1.01623468549 0.0
199.0 -0.376972522614 0.0
39.0 0.997079071164 0.0
165.0 -0.313653092374 0.0
120.0 0.917885463775 0.0
157.0 3.42405702404 1.0
189.0 4.11969966438 0.0
35.0 3.42695714289 1.0
182.0 -1.89247323279 0.0
14.0 3.39328700662 1.0
132.0 3.43117744025 1.0
31.0 1.13588665197 0.0
1.0 0.927588518964 0.0
167.0 -1.48882334218 0.0
170.0 -10.3225889924 0.0
154.0 1.01221997612 0.0
87.0 3.49457706142 1.0
73.0 1.07147802926 0.0
195.0 0.443424297116 0.0
16.0 1.09897904762 0.0
21.0 0.970091109153 0.0
8.0 0.990377729239 0.0
174.0 3.30969424419 1.0
34.0 3.5385575148 1.0
113.0 3.52744091463 1.0
97.0 0.994511475686 0.0
88.0 3.5346876061 1.0
96.0 1.09217879086 0.0
142.0 0.975574029279 0.0
114.0 1.02573349222 0.0
102.0 3.52285462279 1.0
58.0 3.55619846494 1.0
object 82	1.0:0.5 18.8060340586:0.5
132.0 18.7680660143 1.0
124.0 18.8616047858 1.0
170.0 21.5009990587 1.0
16.0 1.02897174158 0.0
153.0 1.00843639297 0.0
91.0 18.7266466609 1.0
199.0 1.46708002462 0.0
0.0 1.00121785001 0.0
129.0 0.983894852753 0.0
95.0 1.11923415954 0.0
136.0 18.7475258158 1.0
119.0 1.04192064633 0.0
29.0 18.8301289346 1.0
39.0 1.00598476347 0.0
135.0 0.991256924984 0.0
173.0 20.6975501522 1.0
123.0 18.828558026 1.0
101.0 1.03041046931 0.0
139.0 0.986638336383 0.0
3.0 1.06703484878 0.0
111.0 18.8794066521 1.0
180.0 1.69410061983 0.0
198.0 18.323928649 1.0
55.0 0.905827550269 0.0
122.0 18.8275896958 1.0
81.0 1.06124741554 0.0
118.0 18.8638691943 1.0
76.0 18.799482276 1.0
115.0 0.940723652244 0.0
object 83	1.0:0.5 -6.82808317082:0.5
126.0 -6.80118159482 1.0
182.0 -10.2107539243 1.0
101.0 -6.82663559581 1.0
137.0 -6.87749611517 1.0
122.0 0.976335726708 0.0
88.0 -6.87151732791 1.0
147.0 1.10617207582 0.0
62.0 -6.8389243909 1.0
28.0 -6.82115617012 1.0
95.0 1.09225169127 0.0
121.0 0.952613659655 0.0
11.0 -6.74684589479 1.0
118.0 -6.85446345539 1.0
60.0 0.942386417776 0.0
136.0 -6.73452085417 1.0
189.0 -5.51475861106 1.0
157.0 -6.81318604945 1.0
158.0 1.03437283771 0.0
5.0 -6.73313277731 1.0
12.0 1.06134505233 0.0
152.0 -6.87179333943 1.0
193.0 -2.28604218519 0.0
168.0 -7.65969082714 1.0
180.0 -4.13727259796 1.0
100.0 -6.86015006448 1.0
174.0 -7.90122948647 1.0
173.0 -5.89703960075 1.0
175.0 -7.88443643148 1.0
16.0 -6.85144921934 1.0
129.0 -6.87762372992 1.0
38.0 -6.9050844784 1.0
67.0 -6.78162187961 1.0
72.0 -6.84789005559 1.0
74.0 0.941610620637 0.0
78.0 0.995153627798 0.0
167.0 5.56460695734 0.0
84.0 0.978944264575 0.0
object 84	1.0:0.5 -10.3526563866:0.5
31.0 1.07297496573 0.0
129.0 1.00471136263 0.0
42.0 -10.3145912797 1.0
9.0 -10.2626767702 1.0
123.0 -10.406106473 1.0
26.0 0.928882156799 0.0
23.0 1.0987293487 0.0
4.0 1.05202753033 0.0
162.0 2.21844810214 0.0
6.0 -10.3506734971 1.0
183.0 0.374275502889 0.0
32.0 0.957702638102 0.0
68.0 1.01594341717 0.0
107.0 -10.3657377044 1.0
151.0 0.899128021568 0.0
167.0 -3.18358666124 0.0
136.0 -10.4524121528 1.0
178.0 -0.329125919019 0.0
22.0 -10.4481402723 1.0
184.0 1.63946726988 0.0
116.0 0.961651592145 0.0
173.0 7.81485930668 0.0
96.0 0.932414436641 0.0
180.0 1.27781826055 0.0
object 85	1.0:0.5 1.80074891388:0.5
169.0 3.73480917435 0.0
185.0 -0.956103686947 0.0
187.0 1.28604938009 0.0
199.0 4.85761444029 0.0
96.0 1.02032900336 0.0
75.0 1.04429534933 0.0
16.0 0.979556357626 0.0
15.0 1.85226693835 1.0
135.0 1.77709146021 1.0
160.0 4.29133543791 0.0
24.0 1.76017039591 1.0
36.0 0.992688959241 0.0
53.0 1.87225483985 1.0
67.0 1.84519215676 1.0
103.0 1.03640333853 0.0
12.0 0.951952826065 0.0
105.0 0.990017418677 0.0
11.0 1.77260231329 1.0
189.0 -3.02193891905 1.0
89.0 0.946584461138 0.0
50.0 1.83531846874 1.0
6.0 1.02519350822 0.0
150.0 1.67274385969 1.0
122.0 1.81734581222 1.0
81.0 1.8552095452 1.0
193.0 -2.65981295759 1.0
34.0 1.81232594532 1.0
43.0 1.77182823934 1.0
object 86	1.0:0.5 5.53302619631:0.5
93.0 5.55740116422 1.0
151.0 5.63006325232 1.0
71.0 5.5195797219 1.0
110.0 1.00164886231 0.0
121.0 1.02250731503 0.0
133.0 1.03622002096 0.0
66.0 0.947468672598 0.0
164.0 9.77589898608 1.0
80.0 5.51649696303 1.0
192.0 -0.745577843757 1.0
112.0 1.04379563766 0.0
138.0 0.999165784565 0.0
28.0 0.951437908817 0.0
153.0 5.56538085158 1.0
189.0 0.00117858020825 0.0
25.0 1.02267916509 0.0
56.0 1.02167384366 0.0
181.0 3.08739993618 0.0
100.0 5.57446853223 1.0
197.0 3.18996262662 1.0
185.0 4.34404454168 1.0
126.0 1.00841103432 0.0
150.0 5.58077849288 1.0
132.0 5.49434956154 1.0
31.0 5.60442996292 1.0
139.0 5.52718481166 1.0
88.0 5.55727391075 1.0
23.0 5.48420328961 1.0
152.0 1.04307048169 0.0
105.0 1.10722412726 0.0
47.0 0.995994476056 0.0
122.0 5.45399462462 1.0
137.0 5.51499989154 1.0
74.0 1.06359784451 0.0
87.0 0.976716198182 0.0
3.0 5.50768788891 1.0
173.0 8.52773196777 1.0
object 87	1.0:0.5 -5.86184864703:0.5
117.0 -5.87491929682 1.0
97.0 -5.87578569875 1.0
154.0 1.06241560839 0.0
132.0 1.0340002239 0.0
175.0 -7.52575189333 1.0
189.0 -4.20094764232 1.0
195.0 -4.71458358459 1.0
61.0 1.03717738785 0.0
53.0 0.891808977503 0.0
146.0 0.912494785033 0.0
40.0 1.00876926141 0.0
128.0 -5.77697872045 1.0
161.0 -10.5870263371 1.0
155.0 0.904921980999 0.0
149.0 -5.78383631699 1.0
192.0 -4.49587009773 1.0
169.0 -3.13933798519 0.0
167.0 0.244059713395 0.0
22.0 -5.86146838997 1.0
137.0 -5.91567764971 1.0
166.0 4.82138373129 0.0
198.0 -1.85219833755 0.0
168.0 -0.0464551831803 0.0
159.0 -5.87211594661 1.0
143.0 -5.84718321541 1.0
object 88	1.0:0.5 -3.93637650055:0.5
92.0 1.03114098457 0.0
138.0 1.00605109416 0.0
15.0 -3.94621379105 1.0
20.0 0.956541544279 0.0
17.0 0.988771846838 0.0
180.0 -3.51963762666 1.0
187.0 6.58818671688 0.0
8.0 -3.92487690804 1.0
86.0 0.933795898394 0.0
144.0 -3.91575622793 1.0
171.0 -0.781203204212 0.0
115.0 1.0500620339 0.0
95.0 -3.98441750436 1.0
131.0 -3.93429472197 1.0
105.0 1.06306865353 0.0
198.0 -4.31811433699 1.0
7.0 0.929846850394 0.0
178.0 -3.35523855172 1.0
96.0 1.01127004144 0.0
151.0 1.09371121386 0.0
146.0 -3.82990692668 1.0
98.0 -3.94772703457 1.0
172.0 7.79475764183 0.0
197.0 1.97138884018 0.0
73.0 -3.93621752289 1.0
83.0 -3.98107568582 1.0
153.0 -4.04534718702 1.0
99.0 -3.96596398513 1.0
88.0 -3.9494896753 1.0
60.0 1.06709407205 0.0
object 89	1.0:0.5 -5.71714622978:0.5
127.0 -5.69263715556 1.0
108.0 1.03764848019 0.0
170.0 -7.36622061475 1.0
104.0 -5.71574567864 1.0
84.0 1.00293195828 0.0
169.0 -5.64364987394 1.0
90.0 0.952410170904 0.0
102.0 1.08628568875 0.0
121.0 0.950934865124 0.0
64.0 -5.69083993955 1.0
160.0 -0.958605449216 0.0
161.0 8.66579090615 0.0
180.0 2.22900983913 0.0
198.0 -7.92906413282 1.0
25.0 0.966535452921 0.0
19.0 0.984533920315 0.0
4.0 0.982048411147 0.0
46.0 1.02197581373 0.0
119.0 1.02464412195 0.0
22.0 -5.70675255396 1.0
23.0 -5.74117216008 1.0
77.0 1.02450821985 0.0
164.0 3.7769923164 0.0
178.0 2.54697589312 0.0
56.0 1.00413676862 0.0
110.0 1.00045257929 0.0
45.0 0.976230604189 0.0
137.0 1.04202151096 0.0
object 90	1.0:0.5 -7.9731062111:0.5
94.0 0.975250847521 0.0
133.0 -8.03446624765 1.0
23.0 -8.00877991973 1.0
137.0 0.999441460553 0.0
110.0 0.982799911264 0.0
182.0 -8.45320906849 1.0
135.0 0.937392693012 0.0
48.0 1.03008148132 0.0
102.0 -8.10906362292 1.0
1.0 -8.01287874404 1.0
25.0 1.10962524242 0.0
4.0 -7.93755305118 1.0
160.0 4.39728272404 0.0
51.0 -7.98325081802 1.0
121.0 0.980218740534 0.0
154.0 1.02180062249 0.0
111.0 1.00324191754 0.0
75.0 -7.97151872373 1.0
83.0 1.00364276897 0.0
49.0 1.02970871907 0.0
130.0 1.0409096315 0.0
34.0 -8.02104909846 1.0
196.0 -7.71840640754 1.0
193.0 1.47291048215 0.0
77.0 -8.02228864036 1.0
122.0 -7.98660337478 1.0
127.0 1.03073228045 0.0
object 91	1.0:0.5 1.20078496528:0.5
92.0 1.17161077096 1.0
22.0 1.2094844586 1.0
194.0 2.25448546094 0.0
39.0 1.12431285298 1.0
125.0 1.23729911227 1.0
86.0 1.21762248833 1.0
16.0 1.15266483162 1.0
103.0 0.994591135494 0.0
163.0 -1.36226058437 0.0
44.0 0.989379363103 0.0
179.0 -3.84877507644 1.0
38.0 1.01947511692 0.0
41.0 0.877291593265 0.0
31.0 1.00880226675 0.0
198.0 0.827057646246 1.0
4.0 1.04477516961 0.0
173.0 -0.858576082894 0.0
84.0 0.99370644432 0.0
148.0 1.12699603381 1.0
137.0 0.995283548576 0.0
130.0 1.12112117017 0.0
110.0 1.15465897946 1.0
95.0 1.17403571361 1.0
131.0 1.16913711137 1.0
105.0 0.934997610753 0.0
122.0 1.17295596381 1.0
177.0 0.370053619487 0.0
72.0 1.0613708347 0.0
88.0 1.01790724075 0.0
17.0 0.909761588058 0.0
94.0 1.16679825333 1.0
87.0 1.1646517106 1.0
116.0 1.03670068415 0.0
71.0 0.974336197009 0.0
190.0 -0.316450488367 0.0
object 92	1.0:0.5 6.95650420546:0.5
122.0 1.01650627134 0.0
50.0 6.92582411925 1.0
115.0 6.97015232604 1.0
53.0 7.02844337451 1.0
12.0 6.90395287775 1.0
72.0 1.01682491059 0.0
34.0 0.985114964679 0.0
100.0 6.98991817961 1.0
113.0 0.916136683329 0.0
68.0 7.02641142553 1.0
14.0 0.977639343308 0.0
169.0 -0.459421191163 1.0
187.0 4.58185028709 0.0
198.0 6.70876964441 1.0
88.0 1.09965538904 0.0
133.0 0.962929065473 0.0
132.0 0.881151569129 0.0
193.0 0.0110269676482 0.0
128.0 0.941110997554 0.0
180.0 -2.78969314841 0.0
150.0 1.03723447333 0.0
161.0 16.1240865013 1.0
93.0 6.94694620476 1.0
91.0 7.06682154895 1.0
183.0 3.68178859597 1.0
8.0 0.947749404911 0.0
114.0 1.03273843303 0.0
45.0 6.93977152089 1.0
90.0 6.88263030927 1.0
151.0 7.01183132251 1.0
129.0 0.915826550051 0.0
object 93	1.0:0.5 0.176220899506:0.5
190.0 3.10822825623 0.0
7.0 1.13831865918 0.0
124.0 1.02421147827 0.0
128.0 1.09366689759 0.0
80.0 0.0945167911435 1.0
171.0 -0.815721622006 0.0
161.0 -2.45995988443 0.0
16.0 0.994142150248 0.0
76.0 0.173728143248 1.0
142.0 1.04166018122 0.0
143.0 0.210483760323 1.0
43.0 0.0846503108921 1.0
100.0 0.133162727288 1.0
24.0 0.0567331262144 1.0
182.0 6.55678013504 1.0
152.0 0.240804677773 1.0
35.0 1.02796193462 0.0
108.0 0.189908367446 1.0
34.0 1.08413701672 0.0
157.0 1.03063204118 0.0
109.0 0.206840090149 1.0
193.0 0.0888297764741 1.0
140.0 1.04659211967 0.0
74.0 0.19389100947 1.0
57.0 0.230210103649 1.0
127.0 0.148525172017 1.0
189.0 -0.352380516746 1.0
14.0 0.861540664638 0.0
114.0 0.951154309377 0.0
186.0 -4.10901099519 1.0
object 94	1.0:0.5 19.997339567:0.5
199.0 18.2677312089 1.0
40.0 1.00277526047 0.0
52.0 0.966606169544 0.0
19.0 0.996548223316 0.0
38.0 0.980117384581 0.0
72.0 20.0228008052 1.0
105.0 0.986411855191 0.0
197.0 23.9736976525 1.0
176.0 -0.194803342651 0.0
56.0 20.0546778724 1.0
108.0 19.8947857974 1.0
167.0 0.329968675983 0.0
109.0 20.0631550715 1.0
113.0 20.0386059265 1.0
150.0 20.0677827232 1.0
190.0 23.1791541759 1.0
9.0 0.920374699793 0.0
84.0 19.9839642202 1.0
118.0 0.972314940745 0.0
100.0 1.03966665356 0.0
4.0 20.0161114192 1.0
8.0 20.0023424727 1.0
37.0 20.0554015679 1.0
149.0 0.959101552259 0.0
7.0 20.0302137121 1.0
154.0 1.04772160364 0.0
139.0 20.0654851203 1.0
76.0 19.9845552241 1.0
168.0 19.1887992906 1.0
6.0 0.988469208807 0.0
15.0 19.9158308667 1.0
117.0 20.0351990978 1.0
24.0 1.01852683052 0.0
61.0 1.06220146976 0.0
185.0 2.84185290087 0.0
83.0 1.04734556747 0.0
64.0 19.9748844732 1.0
object 95	1.0:0.5 3.89495032114:0.5
94.0 3.8293598588 1.0
101.0 1.0546307912 0.0
49.0 3.87308548713 1.0
198.0 1.01129971365 1.0
183.0 5.57541850066 1.0
137.0 1.04176772266 0.0
161.0 0.644406199174 0.0
106.0 3.89310331197 1.0
73.0 0.988373694751 0.0
131.0 0.9625922455 0.0
145.0 3.88038951461 1.0
71.0 3.86322183332 1.0
133.0 3.88554513546 1.0
27.0 0.998607791479 0.0
195.0 8.31161514442 1.0
170.0 7.15592069125 1.0
194.0 0.12278288451 0.0
132.0 0.908236633651 0.0
23.0 3.8721393284 1.0
196.0 3.74189690442 0.0
99.0 0.965550833384 0.0
151.0 1.08122428753 0.0
185.0 3.19907067064 0.0
39.0 3.91459599179 1.0
object 96	1.0:0.5 17.9532679268:0.5
86.0 18.0408847744 1.0
176.0 1.44534649951 0.0
5.0 17.883030628 1.0
99.0 17.9852256314 1.0
67.0 17.9041800519 1.0
98.0 1.04556765337 0.0
6.0 18.0049144403 1.0
189.0 -3.08453593635 0.0
152.0 1.00324527148 0.0
27.0 1.0081993078 0.0
188.0 19.1248932849 1.0
198.0 19.5085084559 1.0
7.0 17.9469093958 1.0
75.0 1.03680908536 0.0
68.0 17.9289863273 1.0
181.0 16.1776128255 1.0
85.0 17.9420580858 1.0
79.0 0.967802768872 0.0
41.0 17.9861683011 1.0
31.0 17.9208377111 1.0
143.0 1.0651987277 0.0
20.0 1.09353058673 0.0
62.0 17.9769211155 1.0
9.0 17.9818062795 1.0
50.0 1.08210761281 0.0
object 97	1.0:0.5 8.44028780346:0.5
50.0 8.36760519446 1.0
100.0 0.932001312278 0.0
67.0 1.05440598181 0.0
54.0 8.44464802864 1.0
111.0 8.47979229979 1.0
9.0 8.47668161388 1.0
11.0 0.975576648738 0.0
24.0 8.42597568751 1.0
183.0 1.87205277154 0.0
39.0 1.05837016041 0.0
95.0 1.03011968083 0.0
82.0 0.903461942276 0.0
71.0 0.918199472084 0.0
113.0 1.02040252782 0.0
193.0 -0.339877559633 0.0
48.0 8.44954446469 1.0
15.0 1.02750749678 0.0
89.0 1.04447228514 0.0
184.0 4.74141515401 0.0
151.0 0.97889675957 0.0
46.0 0.97031508076 0.0
object 98	1.0:0.5 -12.7619138101:0.5
56.0 1.0656100269 0.0
106.0 -12.6908842847 1.0
136.0 -12.7205226752 1.0
8.0 0.93986436357 0.0
130.0 -12.7447354699 1.0
82.0 0.974161057224 0.0
104.0 1.08442927564 0.0
172.0 -9.06447883565 1.0
68.0 -12.7539683436 1.0
30.0 1.03718699917 0.0
52.0 1.00591725768 0.0
164.0 -17.3757671451 1.0
33.0 -12.8114250851 1.0
7.0 1.04084154657 0.0
2.0 0.942132444402 0.0
183.0 -11.8236314496 1.0
153.0 -12.7646491784 1.0
182.0 -15.0729525714 1.0
127.0 -12.7080005632 1.0
55.0 1.02001806052 0.0
189.0 -1.88139254379 0.0
40.0 -12.8370977608 1.0
62.0 1.03200028281 0.0
84.0 -12.7913279102 1.0
96.0 -12.743778734 1.0
67.0 0.941014755948 0.0
14.0 0.921353357855 0.0
195.0 -0.801910223034 0.0
165.0 -11.5278591139 1.0
161.0 6.07155603322 0.0
171.0 2.85807786903 0.0
22.0 -12.7118944882 1.0
158.0 0.982860235738 0.0
32.0 -12.7793473215 1.0
object 99	1.0:0.5 4.03862458311:0.5
76.0 4.05178438821 1.0
112.0 0.957298570333 0.0
128.0 4.0992376944 1.0
57.0 0.984315885804 0.0
85.0 4.10127822662 1.0
75.0 4.0188496566 1.0
93.0 4.09195827263 1.0
132.0 3.94662763437 1.0
147.0 4.07065791799 1.0
170.0 5.13704779788 1.0
185.0 -0.840307846274 0.0
135.0 0.947154713725 0.0
127.0 1.0063197669 0.0
92.0 4.04649972803 1.0
67.0 4.02476271709 1.0
138.0 4.15859946503 1.0
178.0 -2.30928429519 0.0
31.0 1.04770681831 0.0
156.0 4.11016204629 1.0
172.0 4.11690497669 0.0
87.0 3.99813636666 1.0
62.0 1.03690241723 0.0
9.0 0.94042587514 0.0
168.0 2.61276042313 0.0
29.0 0.962630485902 0.0
14.0 4.10452284611 1.0
162.0 -2.55543382185 0.0
150.0 4.04275048556 1.0
47.0 1.03582669944 0.0
82.0 4.01605963438 1.0
