object 0	1.0:1.0
40.0 1.00683259147 1.0
185.0 4.27984456271 1.0
45.0 0.994511999854 1.0
142.0 1.00077782767 1.0
48.0 1.00806773411 1.0
15.0 0.931695430354 1.0
145.0 1.04540785177 1.0
object 1	1.0:1.0
19.0 1.04082507516 1.0
74.0 1.0047647731 1.0
145.0 0.947473877805 1.0
object 2	1.0:1.0
37.0 1.04537420206 1.0
132.0 1.00598007203 1.0
194.0 2.00118575897 1.0
31.0 0.99481190556 1.0
166.0 1.02135006892 1.0
object 3	1.0:1.0
115.0 0.96801797955 1.0
154.0 0.940335745003 1.0
object 4	1.0:1.0
39.0 0.978899163633 1.0
114.0 0.98496712094 1.0
89.0 0.989869028334 1.0
object 5	1.0:1.0
166.0 0.9794298804 1.0
132.0 0.977425447299 1.0
34.0 1.07038158121 1.0
7.0 0.982043565087 1.0
object 6	1.0:1.0
96.0 1.0043067902 1.0
110.0 1.02499244496 1.0
object 7	1.0:1.0
82.0 1.00571174787 1.0
193.0 3.25837622018 1.0
167.0 0.984132784629 1.0
object 8	1.0:1.0
86.0 0.983386477795 1.0
54.0 1.00824488336 1.0
object 9	1.0:1.0
68.0 1.01886415906 1.0
4.0 0.974116948286 1.0
object 10	1.0:1.0
46.0 1.00091910199 1.0
188.0 4.18101822314 1.0
object 11	1.0:1.0
160.0 1.00488668627 1.0
179.0 1.00045368325 1.0
170.0 0.985683590712 1.0
object 12	1.0:1.0
59.0 0.97098327523 1.0
148.0 0.998361757816 1.0
172.0 1.00355431877 1.0
object 13	1.0:1.0
10.0 1.00046170151 1.0
198.0 6.31208903423 1.0
39.0 0.986369891303 1.0
object 14	1.0:1.0
66.0 0.981984853679 1.0
32.0 1.02460706803 1.0
51.0 0.992085254285 1.0
object 15	1.0:1.0
189.0 -1.70998003872 1.0
139.0 1.01849980707 1.0
33.0 1.01500094659 1.0
4.0 1.04044226091 1.0
193.0 0.647278737814 1.0
object 16	1.0:1.0
177.0 0.998609000687 1.0
58.0 0.982374783196 1.0
4.0 0.992693985084 1.0
48.0 0.970614238702 1.0
196.0 0.719535847578 1.0
21.0 1.01225944026 1.0
160.0 0.976489178005 1.0
object 17	1.0:1.0
146.0 0.956614402001 1.0
21.0 1.04281080632 1.0
137.0 0.94861243223 1.0
object 18	1.0:1.0
191.0 6.65749253388 1.0
112.0 0.959095414068 1.0
object 19	1.0:1.0
123.0 1.00522819808 1.0
113.0 1.00011792191 1.0
92.0 0.998304518488 1.0
43.0 1.00491641212 1.0
34.0 0.995459735948 1.0
191.0 4.12026241174 1.0
63.0 1.0466769105 1.0
199.0 -4.63288408389 1.0
104.0 0.98953000693 1.0
83.0 0.986010218807 1.0
object 20	1.0:1.0
140.0 1.00072577434 1.0
170.0 0.981951159002 1.0
0.0 1.05208523412 1.0
56.0 0.981083348705 1.0
object 21	1.0:1.0
110.0 1.02026439173 1.0
14.0 0.969498081203 1.0
83.0 0.993574410394 1.0
135.0 0.97066628876 1.0
object 22	1.0:1.0
125.0 1.01369606724 1.0
108.0 0.937716952848 1.0
object 23	1.0:1.0
15.0 0.955709186331 1.0
25.0 0.988260331523 1.0
1.0 0.955995939004 1.0
object 24	1.0:1.0
155.0 0.984144300922 1.0
54.0 1.00052725124 1.0
object 25	1.0:1.0
55.0 1.01663035187 1.0
184.0 -1.23654608074 1.0
object 26	1.0:1.0
2.0 0.990890854721 1.0
160.0 1.09822186937 1.0
187.0 1.00974538202 1.0
186.0 -4.69962518694 1.0
object 27	1.0:1.0
63.0 0.966536461869 1.0
108.0 0.990241934993 1.0
191.0 -2.08012408658 1.0
object 28	1.0:1.0
150.0 0.994822047047 1.0
88.0 0.991148385631 1.0
object 29	1.0:1.0
71.0 0.983395651691 1.0
153.0 0.996363793376 1.0
66.0 1.01744547593 1.0
195.0 0.0729931900576 1.0
object 30	1.0:1.0
105.0 0.940996729752 1.0
171.0 1.03611387759 1.0
5.0 1.00926170357 1.0
165.0 0.974387155539 1.0
object 31	1.0:1.0
70.0 0.997522710452 1.0
146.0 0.943442952454 1.0
object 32	1.0:1.0
197.0 -0.935972105323 1.0
169.0 1.00741985279 1.0
object 33	1.0:1.0
189.0 4.21405172141 1.0
149.0 0.946923496203 1.0
113.0 1.03620652698 1.0
object 34	1.0:1.0
109.0 0.992597497109 1.0
111.0 1.01768283956 1.0
object 35	1.0:1.0
179.0 0.985014402845 1.0
88.0 0.980190765052 1.0
56.0 1.02870975233 1.0
object 36	1.0:1.0
82.0 1.031809007 1.0
91.0 1.00526851475 1.0
104.0 1.00830467142 1.0
65.0 0.981976389952 1.0
object 37	1.0:1.0
87.0 0.987117216391 1.0
127.0 1.01300535152 1.0
object 38	1.0:1.0
94.0 1.00266733954 1.0
4.0 0.996729940765 1.0
object 39	1.0:1.0
55.0 1.02013907807 1.0
150.0 0.997355225207 1.0
object 40	1.0:1.0
134.0 0.989419963272 1.0
3.0 0.996082623582 1.0
32.0 1.01697918437 1.0
193.0 1.63852524848 1.0
object 41	1.0:1.0
161.0 0.967752743576 1.0
141.0 1.05208082043 1.0
129.0 1.00487517487 1.0
12.0 1.02366068769 1.0
185.0 -0.0222223150154 1.0
14.0 0.983400105864 1.0
object 42	1.0:1.0
94.0 1.02553275648 1.0
27.0 1.07049300152 1.0
51.0 1.02044534726 1.0
object 43	1.0:1.0
188.0 0.352322416623 1.0
64.0 0.993552186146 1.0
38.0 0.997960569887 1.0
183.0 4.92252133717 1.0
object 44	1.0:1.0
40.0 1.00360832003 1.0
149.0 1.04282602944 1.0
183.0 2.3797246891 1.0
129.0 0.99460007065 1.0
47.0 1.03192770449 1.0
object 45	1.0:1.0
192.0 -0.378816334798 1.0
145.0 0.965591716324 1.0
167.0 0.962775807001 1.0
object 46	1.0:1.0
199.0 5.70472285497 1.0
173.0 0.896754236792 1.0
127.0 0.995984185934 1.0
object 47	1.0:1.0
31.0 0.998703158156 1.0
134.0 1.00638483288 1.0
61.0 0.995378277401 1.0
94.0 1.04243025231 1.0
41.0 0.998937082175 1.0
40.0 1.03293726307 1.0
148.0 1.01735887783 1.0
object 48	1.0:1.0
129.0 0.998658764316 1.0
44.0 1.00549133841 1.0
122.0 0.939957616546 1.0
7.0 1.02640049029 1.0
object 49	1.0:1.0
21.0 1.03051527921 1.0
15.0 0.989386324195 1.0
199.0 -2.88761551973 1.0
object 50	1.0:1.0
147.0 1.0271013361 1.0
21.0 1.00377268223 1.0
133.0 0.951361876451 1.0
17.0 0.970771674406 1.0
48.0 1.0148763458 1.0
object 51	1.0:1.0
18.0 0.97737526425 1.0
95.0 1.02590902546 1.0
object 52	1.0:1.0
84.0 1.0098543199 1.0
90.0 1.00379931566 1.0
object 53	1.0:1.0
87.0 1.03582677518 1.0
66.0 0.996913724133 1.0
object 54	1.0:1.0
157.0 1.0339721864 1.0
79.0 0.973459337407 1.0
72.0 0.999785648573 1.0
53.0 0.978142442683 1.0
object 55	1.0:1.0
3.0 1.00051121175 1.0
158.0 0.993156056156 1.0
60.0 0.978188813544 1.0
180.0 1.0542432717 1.0
object 56	1.0:1.0
16.0 0.979887190599 1.0
105.0 0.99745782137 1.0
object 57	1.0:1.0
118.0 1.01731782424 1.0
103.0 1.00043650175 1.0
object 58	1.0:1.0
11.0 1.0229566502 1.0
173.0 1.05302830696 1.0
object 59	1.0:1.0
120.0 0.974040759367 1.0
37.0 1.01410202672 1.0
24.0 0.98540561177 1.0
140.0 0.947464877058 1.0
object 60	1.0:1.0
163.0 0.998297286859 1.0
82.0 1.00839840257 1.0
178.0 1.01876008795 1.0
object 61	1.0:1.0
30.0 1.00663553248 1.0
166.0 1.0138955518 1.0
22.0 1.00206890021 1.0
136.0 1.02242436514 1.0
object 62	1.0:1.0
141.0 1.00670521034 1.0
5.0 1.01325242835 1.0
object 63	1.0:1.0
134.0 0.98368957975 1.0
172.0 1.00751916854 1.0
151.0 0.983569830249 1.0
object 64	1.0:1.0
173.0 1.0213244417 1.0
147.0 0.994519014049 1.0
object 65	1.0:1.0
1.0 0.9944303714 1.0
27.0 1.07788795224 1.0
object 66	1.0:1.0
72.0 0.96522002747 1.0
29.0 0.986019680873 1.0
56.0 1.02251968555 1.0
145.0 1.07641403692 1.0
149.0 1.00085616924 1.0
17.0 0.97257180254 1.0
object 67	1.0:1.0
124.0 0.986688663906 1.0
183.0 -2.10359398361 1.0
object 68	1.0:1.0
63.0 0.978202850547 1.0
65.0 1.01791824968 1.0
object 69	1.0:1.0
107.0 0.976358203361 1.0
35.0 1.05875306203 1.0
123.0 0.989585684631 1.0
153.0 0.983370513128 1.0
171.0 0.953186035761 1.0
object 70	1.0:1.0
19.0 0.91099647044 1.0
147.0 0.990236106537 1.0
object 71	1.0:1.0
75.0 1.03435515799 1.0
103.0 1.01031921955 1.0
38.0 0.992002427455 1.0
146.0 1.0326814167 1.0
object 72	1.0:1.0
102.0 0.999577383419 1.0
32.0 0.989193333043 1.0
20.0 1.01651410262 1.0
object 73	1.0:1.0
135.0 1.00512941922 1.0
6.0 0.94659091837 1.0
127.0 0.999891482957 1.0
object 74	1.0:1.0
167.0 1.01828445899 1.0
177.0 1.06469958345 1.0
87.0 0.99962274528 1.0
object 75	1.0:1.0
124.0 0.992508662177 1.0
188.0 2.02505239539 1.0
157.0 0.995861641432 1.0
172.0 1.00299583972 1.0
160.0 1.01921522309 1.0
object 76	1.0:1.0
95.0 1.00582381895 1.0
158.0 1.04030548039 1.0
object 77	1.0:1.0
58.0 1.00961935848 1.0
145.0 0.921979704016 1.0
object 78	1.0:1.0
153.0 0.997685556988 1.0
191.0 -1.00697062502 1.0
79.0 1.03048364585 1.0
object 79	1.0:1.0
7.0 1.03396084647 1.0
22.0 1.00446867199 1.0
object 80	1.0:1.0
27.0 1.00804869121 1.0
79.0 1.00063654586 1.0
object 81	1.0:1.0
156.0 0.986701224905 1.0
119.0 1.02903291912 1.0
180.0 2.21572566845 1.0
object 82	1.0:1.0
25.0 1.00477286137 1.0
184.0 0.784084675424 1.0
175.0 1.00003163074 1.0
80.0 0.985747427387 1.0
object 83	1.0:1.0
33.0 0.956728530456 1.0
4.0 1.02518038251 1.0
195.0 -8.57168917509 1.0
object 84	1.0:1.0
60.0 0.909215493948 1.0
46.0 0.980846756256 1.0
object 85	1.0:1.0
153.0 1.00161809613 1.0
66.0 1.01190297846 1.0
92.0 1.00198654761 1.0
object 86	1.0:1.0
180.0 8.36419928238 1.0
196.0 3.1166843911 1.0
119.0 1.00271165667 1.0
object 87	1.0:1.0
138.0 0.934963698719 1.0
187.0 0.204887852546 1.0
object 88	1.0:1.0
183.0 -0.436482520724 1.0
161.0 1.003740179 1.0
object 89	1.0:1.0
165.0 0.985487874423 1.0
112.0 1.00901648283 1.0
45.0 0.962363327538 1.0
138.0 0.957229788251 1.0
object 90	1.0:1.0
33.0 0.981817816012 1.0
192.0 -2.74822563807 1.0
38.0 1.015753778 1.0
37.0 0.983500698941 1.0
132.0 1.0119911946 1.0
object 91	1.0:1.0
60.0 0.939190217499 1.0
155.0 1.01295187138 1.0
161.0 0.978002381954 1.0
103.0 0.98639473673 1.0
object 92	1.0:1.0
117.0 1.0040157574 1.0
6.0 0.984801158404 1.0
object 93	1.0:1.0
14.0 0.981225820396 1.0
187.0 4.95933665816 1.0
object 94	1.0:1.0
33.0 0.990292787374 1.0
192.0 1.82816736421 1.0
180.0 -3.2095574109 1.0
167.0 0.97535889777 1.0
110.0 1.02470869813 1.0
object 95	1.0:1.0
70.0 0.945551224804 1.0
119.0 0.988231903544 1.0
27.0 0.989175947989 1.0
171.0 0.991901743421 1.0
object 96	1.0:1.0
134.0 1.00608325809 1.0
92.0 1.00291460708 1.0
object 97	1.0:1.0
45.0 1.01750048173 1.0
50.0 0.985200247938 1.0
object 98	1.0:1.0
95.0 0.964871452571 1.0
54.0 0.990745014533 1.0
15.0 0.996408243233 1.0
6.0 1.01482605645 1.0
151.0 1.01034467264 1.0
191.0 -3.33483840002 1.0
object 99	1.0:1.0
22.0 0.994809160825 1.0
82.0 0.97971782595 1.0
