object 0	1.0:1.0
123.0 0.984997746272 1.0
161.0 -3.75499071529 1.0
45.0 0.969444101284 1.0
55.0 0.956301941434 1.0
114.0 0.924620811035 1.0
181.0 -0.689246468512 1.0
103.0 1.04104778142 1.0
3.0 1.00591982108 1.0
188.0 -2.0303908932 1.0
150.0 2.71028096499 1.0
60.0 1.00569209179 1.0
94.0 1.0203598495 1.0
71.0 1.00491682294 1.0
95.0 0.986008850553 1.0
179.0 3.67407080055 1.0
147.0 2.32566845829 1.0
140.0 3.28589263987 1.0
object 1	1.0:1.0
154.0 -1.18705454658 1.0
112.0 0.941789186055 1.0
17.0 1.00178925428 1.0
100.0 1.00026365138 1.0
73.0 1.02442538725 1.0
129.0 0.984399315065 1.0
151.0 -0.729557681133 1.0
174.0 0.156498211154 1.0
109.0 0.96212460319 1.0
81.0 0.989431966794 1.0
26.0 0.974220655286 1.0
156.0 0.274608317129 1.0
29.0 0.933039487809 1.0
85.0 1.00614814377 1.0
69.0 1.04315067129 1.0
25.0 0.97856378404 1.0
105.0 0.993576363097 1.0
64.0 0.999630255876 1.0
object 2	1.0:1.0
134.0 0.913691381654 1.0
98.0 1.00740050943 1.0
70.0 0.980680979052 1.0
23.0 0.950273577613 1.0
95.0 0.894697724847 1.0
177.0 -0.478003162583 1.0
140.0 1.57866566154 1.0
167.0 -2.50839267908 1.0
42.0 1.0022761016 1.0
106.0 1.01147769978 1.0
12.0 1.01986667697 1.0
190.0 -3.61686398835 1.0
171.0 -1.3174992873 1.0
63.0 1.02513185047 1.0
object 3	1.0:1.0
68.0 0.99228416022 1.0
122.0 0.989952247606 1.0
112.0 1.03929526116 1.0
120.0 1.00722763806 1.0
76.0 1.00456726389 1.0
64.0 0.999940345968 1.0
77.0 1.03101790888 1.0
148.0 0.480959062254 1.0
57.0 1.01159985671 1.0
22.0 0.998314894768 1.0
180.0 -0.417699424824 1.0
20.0 0.96706472006 1.0
139.0 1.08845359454 1.0
7.0 0.9778731287 1.0
74.0 1.02074079735 1.0
object 4	1.0:1.0
189.0 -2.55396190951 1.0
125.0 0.940869047846 1.0
83.0 1.01814192641 1.0
130.0 1.02757449236 1.0
182.0 -0.814064338601 1.0
121.0 1.02921794619 1.0
118.0 0.99233681935 1.0
12.0 1.02796735958 1.0
26.0 0.992276808555 1.0
169.0 1.08142670183 1.0
100.0 1.02533945428 1.0
179.0 3.09700997409 1.0
110.0 1.09877607699 1.0
72.0 0.966584849141 1.0
198.0 5.7922803858 1.0
147.0 0.380046952585 1.0
105.0 0.990928624465 1.0
197.0 1.86630825179 1.0
object 5	1.0:1.0
16.0 1.00335693106 1.0
20.0 1.00635853731 1.0
130.0 1.01921428993 1.0
156.0 2.13430508517 1.0
63.0 0.983236469958 1.0
108.0 1.00809324248 1.0
199.0 3.7210575031 1.0
105.0 0.965667096817 1.0
11.0 1.0131011246 1.0
126.0 0.993291058234 1.0
66.0 0.98699913465 1.0
62.0 1.01429776896 1.0
67.0 0.979091913059 1.0
150.0 4.61950743599 1.0
141.0 -0.593271524971 1.0
69.0 1.03115930869 1.0
121.0 1.0651358235 1.0
189.0 0.53101656448 1.0
42.0 0.967630218425 1.0
75.0 0.991475176337 1.0
5.0 1.03591130702 1.0
object 6	1.0:1.0
169.0 0.0690654777315 1.0
62.0 0.994762056919 1.0
0.0 1.02016097232 1.0
7.0 1.03513151564 1.0
69.0 0.969125309359 1.0
117.0 0.989006364659 1.0
31.0 1.00464286048 1.0
58.0 0.996187720256 1.0
71.0 0.989624060442 1.0
102.0 1.0003660616 1.0
68.0 1.02771596308 1.0
188.0 2.29810815937 1.0
32.0 1.00191466741 1.0
66.0 1.00518374176 1.0
51.0 0.996711463762 1.0
42.0 1.0354302948 1.0
163.0 0.907354792963 1.0
19.0 0.952457700254 1.0
78.0 1.01696890506 1.0
168.0 0.477402987046 1.0
object 7	1.0:1.0
67.0 1.04104923371 1.0
58.0 0.975617410595 1.0
2.0 0.981139704792 1.0
176.0 1.53823241263 1.0
100.0 1.01641882527 1.0
75.0 0.994709145587 1.0
140.0 -0.995718086738 1.0
165.0 0.574492957107 1.0
183.0 3.16376826868 1.0
93.0 1.04252466982 1.0
190.0 -1.26708746185 1.0
133.0 1.0502847493 1.0
194.0 1.00413426517 1.0
145.0 1.16242175181 1.0
82.0 1.02286391979 1.0
8.0 0.977876408436 1.0
164.0 -2.85564084711 1.0
92.0 0.985076855916 1.0
193.0 -2.97607511025 1.0
12.0 1.01487560608 1.0
object 8	1.0:1.0
27.0 0.986967484575 1.0
36.0 1.04996226718 1.0
198.0 1.46240815811 1.0
118.0 0.995583327477 1.0
128.0 0.964375943982 1.0
38.0 0.960081012385 1.0
43.0 1.00199018016 1.0
22.0 1.01960413859 1.0
130.0 1.03040475541 1.0
48.0 1.00151122896 1.0
59.0 0.99518821504 1.0
0.0 0.986553584118 1.0
122.0 1.0024101904 1.0
132.0 1.00115534039 1.0
179.0 2.65926690048 1.0
88.0 1.0320716948 1.0
141.0 7.31496270774 1.0
72.0 0.965232462746 1.0
108.0 1.00406775206 1.0
20.0 0.979842885119 1.0
134.0 0.98565420584 1.0
object 9	1.0:1.0
123.0 1.05978882621 1.0
133.0 0.966164114798 1.0
1.0 0.953892115142 1.0
70.0 1.00105552179 1.0
151.0 0.324931495166 1.0
119.0 1.0131163304 1.0
192.0 -1.34847769054 1.0
105.0 1.00344572188 1.0
164.0 -0.360591098241 1.0
102.0 1.00247314517 1.0
184.0 8.86651926803 1.0
2.0 1.01316675169 1.0
193.0 1.40220835081 1.0
24.0 0.957334995306 1.0
183.0 -1.42846394864 1.0
22.0 1.00310091345 1.0
object 10	1.0:1.0
141.0 3.13489603006 1.0
139.0 0.997176191861 1.0
17.0 0.998278095657 1.0
68.0 0.992285032246 1.0
116.0 1.04650593146 1.0
147.0 0.300554615396 1.0
72.0 0.987676892499 1.0
149.0 3.2062695566 1.0
131.0 1.01068984756 1.0
137.0 0.99405042282 1.0
193.0 -2.50604858855 1.0
191.0 -4.5186925945 1.0
197.0 0.702805271244 1.0
7.0 0.995780248256 1.0
132.0 0.988027702136 1.0
198.0 6.59560592984 1.0
133.0 0.977821296985 1.0
48.0 1.00791543456 1.0
67.0 0.937264304909 1.0
object 11	1.0:1.0
95.0 0.982447517519 1.0
65.0 1.01068530234 1.0
148.0 -2.64364284935 1.0
182.0 -0.386097258164 1.0
172.0 6.9837411422 1.0
3.0 1.01052605131 1.0
76.0 1.00298119612 1.0
194.0 -2.02570210811 1.0
64.0 0.982618457967 1.0
192.0 0.601391112981 1.0
129.0 0.987998083761 1.0
161.0 5.0575889005 1.0
117.0 0.99793420663 1.0
175.0 2.65381592525 1.0
177.0 2.30265320934 1.0
127.0 1.01103308786 1.0
59.0 0.980537233614 1.0
189.0 -0.660949500173 1.0
126.0 0.990523880457 1.0
86.0 0.964541290956 1.0
object 12	1.0:1.0
96.0 1.01728504498 1.0
3.0 1.00392719782 1.0
85.0 1.02069048736 1.0
89.0 0.98055669055 1.0
163.0 -2.86044180565 1.0
28.0 1.01588691029 1.0
67.0 0.962569531697 1.0
15.0 1.04637666064 1.0
75.0 0.982702811149 1.0
56.0 1.0324692519 1.0
142.0 3.28007505313 1.0
180.0 4.01024459126 1.0
160.0 -0.79057025308 1.0
62.0 0.989509796088 1.0
199.0 -3.47300940358 1.0
84.0 1.07265760698 1.0
38.0 1.05120744832 1.0
54.0 0.994793928178 1.0
162.0 -0.904471066386 1.0
159.0 5.97312329503 1.0
42.0 0.994905552134 1.0
34.0 1.0000228692 1.0
45.0 0.991666324875 1.0
188.0 0.604516411556 1.0
98.0 0.961877833197 1.0
object 13	1.0:1.0
5.0 0.974588353462 1.0
146.0 -0.0262664067846 1.0
30.0 1.02990765574 1.0
114.0 1.07804649151 1.0
193.0 -1.40866248498 1.0
188.0 3.21946633784 1.0
136.0 1.00339126886 1.0
177.0 -1.40362451287 1.0
12.0 0.982506973094 1.0
160.0 -3.90148820779 1.0
176.0 2.82066971052 1.0
23.0 1.00028786267 1.0
173.0 -5.54480314293 1.0
111.0 0.998713864932 1.0
79.0 0.990488110241 1.0
17.0 0.996315590015 1.0
34.0 1.00174513255 1.0
178.0 -3.02673823884 1.0
90.0 0.998534750404 1.0
93.0 1.05212487047 1.0
object 14	1.0:1.0
133.0 0.979950482629 1.0
63.0 1.00458532437 1.0
96.0 0.96436288295 1.0
117.0 0.996359432671 1.0
124.0 1.04015302525 1.0
104.0 1.02198067867 1.0
16.0 0.943855337974 1.0
44.0 0.985785172577 1.0
53.0 0.988510329747 1.0
103.0 0.941657156632 1.0
1.0 1.00490993619 1.0
93.0 1.02498563683 1.0
176.0 -3.01335101695 1.0
137.0 1.03797868421 1.0
140.0 -1.61684043926 1.0
107.0 1.01565480571 1.0
146.0 2.08565820252 1.0
34.0 1.07177311916 1.0
165.0 0.426090799264 1.0
72.0 1.06096912004 1.0
56.0 1.02487764487 1.0
29.0 0.979754668614 1.0
74.0 1.00654067207 1.0
object 15	1.0:1.0
152.0 2.69518699288 1.0
67.0 0.929379657227 1.0
99.0 0.999450162937 1.0
6.0 0.993257070006 1.0
199.0 2.8797182283 1.0
53.0 1.02658760487 1.0
32.0 1.00281848194 1.0
158.0 0.359800121668 1.0
101.0 1.00119542109 1.0
30.0 1.00552912144 1.0
157.0 -0.880213180865 1.0
128.0 1.0105370077 1.0
50.0 0.987199673718 1.0
49.0 0.998615397191 1.0
125.0 0.96057590648 1.0
52.0 1.0063706513 1.0
106.0 1.0103530401 1.0
59.0 1.01860612646 1.0
77.0 0.960324972695 1.0
146.0 0.0313842693346 1.0
object 16	1.0:1.0
79.0 0.999652092429 1.0
88.0 0.996942688641 1.0
19.0 1.00147319844 1.0
177.0 2.32241467294 1.0
13.0 1.00489739004 1.0
30.0 1.04356885664 1.0
51.0 1.10385304754 1.0
97.0 1.0615003758 1.0
173.0 2.37895616286 1.0
196.0 4.3635764665 1.0
57.0 0.96890002564 1.0
102.0 1.01616126332 1.0
197.0 5.9703704016 1.0
41.0 1.00833763339 1.0
180.0 3.05531524449 1.0
12.0 0.982306548108 1.0
109.0 1.05380226965 1.0
10.0 0.98521089635 1.0
53.0 1.018533291 1.0
176.0 1.25506426391 1.0
111.0 0.973803574154 1.0
18.0 0.974452916527 1.0
67.0 1.02062964989 1.0
119.0 0.95230002161 1.0
0.0 0.993682456544 1.0
178.0 -3.0264504778 1.0
193.0 4.29077807063 1.0
116.0 0.990945176847 1.0
object 17	1.0:1.0
122.0 0.978965647113 1.0
171.0 6.52545200244 1.0
83.0 1.07543718972 1.0
167.0 0.298764389829 1.0
139.0 0.965966796062 1.0
26.0 1.0020432024 1.0
114.0 1.03814958554 1.0
49.0 1.00921089864 1.0
44.0 0.980964232005 1.0
196.0 4.69211732908 1.0
103.0 1.02094994117 1.0
110.0 0.967117931523 1.0
52.0 0.92768177231 1.0
18.0 1.05204615488 1.0
6.0 0.987297362979 1.0
55.0 0.96726350059 1.0
129.0 1.03795627749 1.0
object 18	1.0:1.0
68.0 0.977396815002 1.0
117.0 0.998846770784 1.0
95.0 0.999832436469 1.0
21.0 0.988384265557 1.0
194.0 4.40247418269 1.0
112.0 0.984129936209 1.0
62.0 0.997276869243 1.0
7.0 0.934400168311 1.0
111.0 1.00077574659 1.0
124.0 0.966349301575 1.0
13.0 0.983308856912 1.0
32.0 0.996706251851 1.0
145.0 1.78152475474 1.0
45.0 0.98173175063 1.0
27.0 0.993666654525 1.0
106.0 1.01112681935 1.0
69.0 1.00542487276 1.0
143.0 1.09771400404 1.0
176.0 -2.51105392316 1.0
object 19	1.0:1.0
44.0 1.04243030317 1.0
183.0 1.3316872052 1.0
29.0 1.03128669894 1.0
27.0 1.04227051101 1.0
63.0 1.01087760569 1.0
48.0 0.991570656679 1.0
72.0 0.998442564895 1.0
170.0 -1.97848976676 1.0
59.0 1.02230499035 1.0
34.0 0.991200327867 1.0
185.0 -0.259951916081 1.0
49.0 0.976656313598 1.0
89.0 1.05484742462 1.0
54.0 1.01166495035 1.0
154.0 6.43946048491 1.0
126.0 1.0048956529 1.0
151.0 -1.48844845499 1.0
135.0 1.00004751291 1.0
130.0 0.999439571572 1.0
79.0 1.01504087987 1.0
131.0 0.971129351169 1.0
11.0 0.994828539853 1.0
149.0 3.37645272071 1.0
28.0 1.00705242469 1.0
107.0 0.957015452106 1.0
62.0 0.981505949646 1.0
152.0 -0.460389540869 1.0
193.0 -0.780715744432 1.0
object 20	1.0:1.0
60.0 0.994326183957 1.0
89.0 1.01076845467 1.0
94.0 0.969985872816 1.0
34.0 0.986920504199 1.0
185.0 -0.734325395278 1.0
79.0 1.05803863872 1.0
85.0 0.996831198331 1.0
167.0 3.88431306784 1.0
134.0 1.04142429651 1.0
63.0 1.01050937325 1.0
145.0 2.13748724012 1.0
24.0 1.01317728736 1.0
23.0 0.94841349999 1.0
110.0 1.03074932801 1.0
102.0 0.993784608098 1.0
170.0 5.3435522381 1.0
76.0 1.03960241079 1.0
132.0 1.01521872696 1.0
8.0 0.984040993307 1.0
75.0 0.989958094051 1.0
59.0 0.978397071182 1.0
87.0 0.973948578432 1.0
52.0 1.01164421823 1.0
object 21	1.0:1.0
152.0 4.18761572208 1.0
111.0 1.01575479636 1.0
54.0 0.998602550347 1.0
89.0 0.968615249057 1.0
161.0 -0.874685060057 1.0
39.0 0.987691122311 1.0
58.0 1.00298612534 1.0
118.0 1.00326734294 1.0
53.0 0.955681839302 1.0
174.0 -2.02467501746 1.0
94.0 0.988209439831 1.0
177.0 3.77663776172 1.0
8.0 1.0019015115 1.0
107.0 1.0092250734 1.0
29.0 0.957664796716 1.0
11.0 1.04155464986 1.0
129.0 1.02363585425 1.0
49.0 0.987616324777 1.0
99.0 1.00032903937 1.0
144.0 -5.75068535454 1.0
85.0 0.997030407361 1.0
51.0 0.983341838496 1.0
object 22	1.0:1.0
110.0 0.998732870442 1.0
189.0 3.76975614919 1.0
152.0 -1.37351716689 1.0
41.0 1.01481487509 1.0
91.0 0.941663689927 1.0
54.0 0.954418272147 1.0
83.0 1.02971285705 1.0
33.0 1.025604024 1.0
96.0 0.968272664525 1.0
136.0 0.978736609127 1.0
69.0 1.02755954776 1.0
53.0 1.03307983718 1.0
155.0 1.65449324269 1.0
135.0 1.02611932349 1.0
45.0 1.00404069494 1.0
55.0 1.04607595498 1.0
object 23	1.0:1.0
137.0 0.963803171193 1.0
27.0 0.959652082081 1.0
64.0 1.0022815107 1.0
89.0 0.98937508558 1.0
76.0 1.02391268776 1.0
144.0 6.29081581793 1.0
100.0 1.03299213092 1.0
22.0 1.00502086453 1.0
117.0 0.990812131157 1.0
154.0 -0.637018067268 1.0
146.0 0.672026169991 1.0
196.0 -2.83263807311 1.0
195.0 0.609568513246 1.0
175.0 1.05667908116 1.0
127.0 0.988911597902 1.0
91.0 0.983795691954 1.0
198.0 -1.59036697308 1.0
40.0 1.02824278592 1.0
67.0 1.0516906351 1.0
object 24	1.0:1.0
174.0 -0.396005358421 1.0
82.0 0.968612867717 1.0
87.0 0.952785890355 1.0
10.0 1.04529326131 1.0
56.0 1.02405175628 1.0
61.0 1.03320352132 1.0
43.0 1.01922671051 1.0
161.0 2.01785034877 1.0
114.0 1.05169380204 1.0
115.0 0.94442225797 1.0
15.0 0.91957387087 1.0
45.0 0.99150247249 1.0
73.0 1.05563135752 1.0
122.0 1.01375138262 1.0
48.0 0.9670618427 1.0
63.0 0.981488171938 1.0
75.0 0.975238739928 1.0
150.0 8.47284899553 1.0
66.0 1.01724365536 1.0
20.0 1.03094930203 1.0
76.0 0.971201141638 1.0
74.0 1.0297075032 1.0
object 25	1.0:1.0
139.0 1.01251942619 1.0
119.0 0.994590798607 1.0
96.0 0.991028708594 1.0
38.0 0.966953777465 1.0
184.0 4.43505593632 1.0
126.0 0.990014083325 1.0
70.0 0.994843632473 1.0
188.0 1.79264019474 1.0
0.0 0.967977414481 1.0
146.0 -0.160682500167 1.0
16.0 0.989647369811 1.0
175.0 1.52351633294 1.0
24.0 1.04058396011 1.0
86.0 0.961725302522 1.0
42.0 0.997870053888 1.0
object 26	1.0:1.0
72.0 0.972620926281 1.0
182.0 -3.603256713 1.0
115.0 1.01948974909 1.0
135.0 1.02828933661 1.0
128.0 1.00197245477 1.0
84.0 1.04823234359 1.0
48.0 1.04885717822 1.0
82.0 1.0024225212 1.0
53.0 0.997639483515 1.0
116.0 0.987176628888 1.0
158.0 0.983572475535 1.0
26.0 1.03789855322 1.0
19.0 1.00638443613 1.0
144.0 -0.278664717205 1.0
32.0 1.01842088561 1.0
40.0 1.01213548866 1.0
119.0 0.994068663577 1.0
4.0 0.98231233193 1.0
171.0 6.77547518697 1.0
8.0 0.96581976466 1.0
object 27	1.0:1.0
140.0 -1.22939558906 1.0
26.0 1.01007997297 1.0
115.0 1.00310412938 1.0
170.0 9.04490303301 1.0
139.0 0.884812667932 1.0
60.0 1.00225982117 1.0
187.0 6.03514635145 1.0
72.0 0.995317304311 1.0
102.0 1.01843689759 1.0
188.0 1.25087432737 1.0
68.0 1.0193647144 1.0
45.0 1.05087408975 1.0
114.0 1.08786681949 1.0
34.0 0.970160944248 1.0
167.0 3.04761345806 1.0
object 28	1.0:1.0
149.0 -1.24522893897 1.0
89.0 1.01285383358 1.0
191.0 1.96030104559 1.0
102.0 1.01252759794 1.0
31.0 0.981453913008 1.0
69.0 1.02889216042 1.0
119.0 0.967770566759 1.0
175.0 -1.52324720949 1.0
94.0 1.02229805715 1.0
111.0 0.902173004894 1.0
195.0 4.14089607721 1.0
172.0 -2.90742897589 1.0
30.0 1.03141607775 1.0
63.0 1.00683354538 1.0
22.0 0.998461036175 1.0
59.0 0.995590338774 1.0
object 29	1.0:1.0
194.0 -1.16105697628 1.0
190.0 2.28285264807 1.0
147.0 1.55320676336 1.0
128.0 1.01884240393 1.0
114.0 0.968476520648 1.0
75.0 0.991336193771 1.0
150.0 -2.97830662257 1.0
159.0 -1.7054769353 1.0
85.0 1.00205025524 1.0
94.0 1.00147264551 1.0
172.0 1.8187127041 1.0
71.0 0.985292190446 1.0
198.0 2.29267452606 1.0
86.0 0.93979221398 1.0
176.0 -0.512251323267 1.0
21.0 0.979686379609 1.0
116.0 1.01617485195 1.0
19.0 1.04545068652 1.0
59.0 0.989047258526 1.0
122.0 1.03776828281 1.0
51.0 1.04820565656 1.0
17.0 0.992334580037 1.0
130.0 0.937825757026 1.0
object 30	1.0:1.0
51.0 1.00509339274 1.0
102.0 0.994141842859 1.0
133.0 0.89750280294 1.0
157.0 -3.41620343254 1.0
123.0 1.04898478294 1.0
80.0 1.02288831793 1.0
33.0 1.00479340582 1.0
5.0 0.987893182221 1.0
151.0 1.50176363743 1.0
162.0 4.61540791151 1.0
26.0 1.01598332325 1.0
87.0 1.02799036897 1.0
103.0 1.03873729608 1.0
50.0 1.0114876072 1.0
194.0 1.11988880101 1.0
object 31	1.0:1.0
61.0 1.03368062518 1.0
118.0 1.0313975732 1.0
18.0 0.983430840608 1.0
114.0 1.05421558513 1.0
132.0 1.01393711453 1.0
92.0 0.988813047534 1.0
134.0 1.08040825824 1.0
131.0 1.03648510219 1.0
28.0 1.00101888735 1.0
100.0 0.987805843232 1.0
169.0 -1.22084872095 1.0
17.0 1.01888461357 1.0
40.0 1.01447017056 1.0
121.0 0.980169234948 1.0
object 32	1.0:1.0
77.0 0.987913054127 1.0
53.0 0.922367121461 1.0
79.0 1.03144721256 1.0
102.0 1.00564904354 1.0
80.0 0.982239260289 1.0
139.0 1.037754766 1.0
45.0 0.970014403623 1.0
130.0 1.03056118148 1.0
141.0 9.74345250916 1.0
76.0 1.02230060693 1.0
191.0 2.37093473237 1.0
157.0 -0.851282382834 1.0
84.0 1.041112643 1.0
21.0 1.02621695958 1.0
103.0 1.01040963551 1.0
117.0 0.997444970917 1.0
89.0 0.994181560843 1.0
134.0 0.96899533507 1.0
object 33	1.0:1.0
14.0 1.02092152588 1.0
100.0 1.00159955994 1.0
83.0 0.962927774884 1.0
102.0 1.00203510968 1.0
86.0 1.02541940597 1.0
174.0 5.7903605201 1.0
194.0 4.17613972499 1.0
132.0 0.993063034527 1.0
191.0 3.49477475807 1.0
33.0 0.970071386094 1.0
66.0 0.996379181481 1.0
58.0 1.03276530004 1.0
31.0 0.981640717328 1.0
152.0 -0.277808757182 1.0
96.0 1.04208828306 1.0
54.0 1.03645894992 1.0
89.0 0.984904320633 1.0
175.0 0.0249523609241 1.0
object 34	1.0:1.0
29.0 1.02994948938 1.0
185.0 0.74234359216 1.0
18.0 0.956091521075 1.0
171.0 3.94602178522 1.0
84.0 1.04931534894 1.0
110.0 1.02741618755 1.0
186.0 2.72761752374 1.0
166.0 -0.980749958231 1.0
1.0 1.06046331196 1.0
133.0 1.03800895623 1.0
164.0 2.58219027081 1.0
30.0 1.03697443421 1.0
68.0 0.997898160675 1.0
169.0 4.35620276103 1.0
0.0 1.00096099866 1.0
38.0 1.07508242866 1.0
87.0 0.975860350959 1.0
182.0 0.733612225957 1.0
object 35	1.0:1.0
2.0 1.00444672111 1.0
10.0 0.853701010453 1.0
126.0 1.0060015192 1.0
149.0 1.22814380924 1.0
176.0 -2.69234047942 1.0
43.0 0.994141170509 1.0
67.0 0.927437813079 1.0
76.0 1.01370226155 1.0
96.0 0.971028464815 1.0
178.0 -1.47331208455 1.0
164.0 2.03734933086 1.0
92.0 0.994905305998 1.0
171.0 3.08615271437 1.0
9.0 0.958632547114 1.0
70.0 0.998414408338 1.0
65.0 1.0273381093 1.0
7.0 1.07361735219 1.0
129.0 1.01536958603 1.0
56.0 0.980423038012 1.0
106.0 1.00334756212 1.0
66.0 1.0075170347 1.0
82.0 1.01531458128 1.0
143.0 -0.515939841459 1.0
54.0 0.993355018116 1.0
193.0 -9.15989124772 1.0
object 36	1.0:1.0
98.0 1.00757629717 1.0
3.0 0.987527624834 1.0
2.0 0.998085401214 1.0
187.0 0.455949059549 1.0
78.0 0.991084206812 1.0
188.0 1.50237402197 1.0
77.0 0.947289576268 1.0
176.0 3.25274477048 1.0
134.0 0.973808296222 1.0
30.0 0.99285088906 1.0
38.0 1.00112905003 1.0
9.0 1.05428882749 1.0
79.0 1.01785644386 1.0
136.0 1.0014140012 1.0
4.0 0.963671184021 1.0
59.0 1.0064706756 1.0
148.0 1.08435021113 1.0
113.0 1.00929540831 1.0
24.0 0.992814911297 1.0
153.0 3.47363683053 1.0
154.0 -4.79040029601 1.0
124.0 0.969586377608 1.0
object 37	1.0:1.0
177.0 -0.171760352081 1.0
123.0 1.03177835702 1.0
170.0 3.52158954417 1.0
152.0 1.17978786875 1.0
70.0 0.997535538385 1.0
110.0 1.06008249869 1.0
192.0 2.70205750786 1.0
7.0 1.05881477786 1.0
85.0 0.991262155243 1.0
183.0 0.209693864205 1.0
156.0 0.72450249758 1.0
13.0 0.991129114835 1.0
131.0 1.00282798242 1.0
122.0 1.02271952885 1.0
106.0 0.993902041303 1.0
6.0 1.01855962345 1.0
135.0 1.02899459396 1.0
187.0 -2.08938931452 1.0
105.0 0.961647238603 1.0
71.0 1.00312633959 1.0
153.0 -0.784085290914 1.0
32.0 0.996284311256 1.0
76.0 0.947793865673 1.0
167.0 1.44080464282 1.0
113.0 1.03015897347 1.0
91.0 1.01265729207 1.0
30.0 0.937196926199 1.0
162.0 5.09417135503 1.0
81.0 0.99160582415 1.0
84.0 1.02767244674 1.0
object 38	1.0:1.0
10.0 1.02060931527 1.0
171.0 -0.214544903367 1.0
71.0 0.988948684346 1.0
101.0 0.989779885143 1.0
107.0 0.969860912586 1.0
20.0 1.00782767493 1.0
21.0 1.0159390097 1.0
59.0 0.984433200122 1.0
142.0 -0.695606181409 1.0
99.0 1.00689384234 1.0
180.0 1.50263814873 1.0
192.0 3.5353484304 1.0
122.0 0.972484942305 1.0
41.0 1.01733819674 1.0
147.0 -1.86083364792 1.0
79.0 1.02245384994 1.0
176.0 2.62877546703 1.0
110.0 1.04342371232 1.0
130.0 1.00667326042 1.0
object 39	1.0:1.0
133.0 0.981476018325 1.0
60.0 0.98255854874 1.0
78.0 0.999247122875 1.0
76.0 0.973726890491 1.0
44.0 0.985564426555 1.0
38.0 0.974460909683 1.0
103.0 0.980513424705 1.0
21.0 1.00139644073 1.0
20.0 1.03441243454 1.0
172.0 -6.71157140195 1.0
145.0 -0.110138227965 1.0
1.0 0.976616810663 1.0
158.0 1.84039412479 1.0
134.0 0.999636182179 1.0
27.0 1.01751947267 1.0
69.0 1.01650686554 1.0
193.0 12.3396699289 1.0
object 40	1.0:1.0
80.0 0.979789104187 1.0
196.0 -0.39736246116 1.0
53.0 0.994726212824 1.0
160.0 -2.8726158034 1.0
192.0 6.31415330395 1.0
92.0 0.985596896315 1.0
4.0 0.98853035329 1.0
103.0 1.00692725367 1.0
84.0 1.03582022478 1.0
8.0 1.08703690231 1.0
123.0 1.02102168132 1.0
93.0 1.02121148102 1.0
14.0 0.993827117185 1.0
94.0 1.00602658602 1.0
164.0 2.92318415468 1.0
1.0 0.977151138711 1.0
199.0 -1.31371739631 1.0
89.0 0.984292670431 1.0
65.0 0.963054969172 1.0
173.0 -0.830407092366 1.0
64.0 0.971381630942 1.0
76.0 1.01788810948 1.0
2.0 1.01535937512 1.0
57.0 0.968691376353 1.0
24.0 0.999902972563 1.0
138.0 0.975515035876 1.0
22.0 1.03547932614 1.0
73.0 0.980306839224 1.0
object 41	1.0:1.0
21.0 1.02007714691 1.0
59.0 1.00062158685 1.0
2.0 1.02218260848 1.0
188.0 -0.207266850512 1.0
106.0 1.00069541589 1.0
115.0 1.00372456908 1.0
162.0 1.57499530349 1.0
119.0 0.987368073587 1.0
62.0 0.99996466839 1.0
71.0 1.00198497873 1.0
168.0 3.89191242477 1.0
24.0 0.990234673703 1.0
88.0 1.02569343965 1.0
149.0 -0.213615015702 1.0
180.0 6.48405061769 1.0
96.0 0.960389176099 1.0
161.0 2.01101012075 1.0
163.0 4.08302820482 1.0
object 42	1.0:1.0
121.0 1.02842113405 1.0
146.0 1.57990317881 1.0
39.0 1.02125815967 1.0
127.0 1.0293472431 1.0
44.0 0.999358715316 1.0
28.0 0.989776691659 1.0
183.0 0.387661628431 1.0
10.0 0.989791882367 1.0
193.0 -0.3395362781 1.0
46.0 1.03140224018 1.0
33.0 0.991845884195 1.0
66.0 1.00675838411 1.0
45.0 0.980828599202 1.0
179.0 1.21851706351 1.0
192.0 3.58892247855 1.0
170.0 -1.26546892202 1.0
150.0 2.61517165558 1.0
22.0 0.994023274362 1.0
object 43	1.0:1.0
157.0 -3.47943428825 1.0
30.0 1.00074681955 1.0
162.0 1.46607192975 1.0
148.0 -3.48466640385 1.0
8.0 1.03431699306 1.0
136.0 0.982191144264 1.0
4.0 0.996247890805 1.0
73.0 0.942000739503 1.0
20.0 1.02235700132 1.0
197.0 -1.66986605276 1.0
50.0 1.00607082449 1.0
196.0 1.38856030144 1.0
107.0 1.0456784108 1.0
55.0 0.985656896476 1.0
160.0 2.47087581388 1.0
127.0 1.0059685248 1.0
3.0 0.967168153445 1.0
164.0 4.55073624318 1.0
10.0 0.964538458232 1.0
object 44	1.0:1.0
184.0 3.13591418699 1.0
104.0 1.01779692778 1.0
59.0 1.02921115359 1.0
0.0 0.987972630763 1.0
118.0 1.02702038356 1.0
195.0 -0.427891902368 1.0
78.0 1.00444042429 1.0
167.0 -0.263088109759 1.0
194.0 0.0685538284415 1.0
95.0 1.01970262294 1.0
123.0 0.96756200235 1.0
177.0 -1.15241084912 1.0
72.0 1.04243959308 1.0
63.0 0.981910798888 1.0
39.0 1.00202720366 1.0
91.0 1.00370793191 1.0
106.0 1.04086178734 1.0
71.0 1.00649598768 1.0
148.0 3.73718656323 1.0
172.0 4.53038450755 1.0
175.0 1.69102095045 1.0
173.0 -0.498639118172 1.0
object 45	1.0:1.0
62.0 0.998944932674 1.0
58.0 0.981488791634 1.0
153.0 -1.03852771895 1.0
1.0 0.999515284195 1.0
3.0 1.00744176677 1.0
53.0 0.986258021855 1.0
154.0 -5.08127225453 1.0
116.0 1.00865855052 1.0
143.0 1.78359349064 1.0
144.0 -2.28001970415 1.0
33.0 0.964478076075 1.0
84.0 0.999047075494 1.0
139.0 1.02039534888 1.0
136.0 0.988964883701 1.0
50.0 0.982176076078 1.0
72.0 1.02200622944 1.0
146.0 -1.33386913213 1.0
100.0 0.988471297676 1.0
104.0 0.995835276331 1.0
186.0 -0.439066869061 1.0
42.0 0.966982659065 1.0
80.0 1.04936061089 1.0
object 46	1.0:1.0
173.0 1.24052389738 1.0
165.0 0.453173241119 1.0
36.0 0.978868713822 1.0
188.0 -0.61095934655 1.0
197.0 4.74857031251 1.0
32.0 1.00589168003 1.0
16.0 0.995755501179 1.0
46.0 0.989923844574 1.0
107.0 0.996528259073 1.0
55.0 0.979900238486 1.0
78.0 1.00751583684 1.0
2.0 1.05167120982 1.0
167.0 0.694407568106 1.0
124.0 0.956767243666 1.0
35.0 0.987886227982 1.0
object 47	1.0:1.0
10.0 0.968658540742 1.0
58.0 1.03187829173 1.0
78.0 0.99259744217 1.0
125.0 1.00045653054 1.0
175.0 -1.16527572108 1.0
127.0 0.996914585186 1.0
167.0 1.61063269749 1.0
108.0 0.958693931247 1.0
120.0 0.989361868831 1.0
31.0 1.01277494281 1.0
98.0 1.0267174411 1.0
101.0 0.996374595932 1.0
161.0 -1.34698308493 1.0
27.0 1.02676000254 1.0
65.0 1.0167953905 1.0
194.0 0.642829205804 1.0
28.0 1.02302991287 1.0
83.0 1.02910695246 1.0
11.0 0.91694297662 1.0
object 48	1.0:1.0
26.0 1.01024521294 1.0
20.0 1.00016230123 1.0
136.0 1.00735541235 1.0
190.0 -6.20054744365 1.0
116.0 0.972069348038 1.0
186.0 3.74664536346 1.0
39.0 1.04880574299 1.0
130.0 1.00263855874 1.0
25.0 1.0121404469 1.0
134.0 1.01479815485 1.0
184.0 3.28554714978 1.0
171.0 3.68579606778 1.0
194.0 3.01017013269 1.0
119.0 0.997073384748 1.0
92.0 1.00647729632 1.0
38.0 1.03865222201 1.0
66.0 0.984651607773 1.0
object 49	1.0:1.0
10.0 0.976861872826 1.0
89.0 0.987396667372 1.0
19.0 0.919601804482 1.0
130.0 0.991911934081 1.0
137.0 0.946570712365 1.0
22.0 0.996324597861 1.0
127.0 1.02586379862 1.0
171.0 2.90566673634 1.0
174.0 0.599582894908 1.0
161.0 -2.05156373402 1.0
35.0 0.973287124063 1.0
156.0 0.970277395295 1.0
158.0 3.62928035075 1.0
110.0 1.01962485127 1.0
103.0 0.982416363719 1.0
141.0 -3.04459294623 1.0
123.0 0.974000607155 1.0
58.0 1.03782762949 1.0
63.0 0.991553289745 1.0
104.0 1.01392107992 1.0
86.0 1.02386250783 1.0
47.0 0.985570237077 1.0
9.0 0.977995367638 1.0
25.0 1.07269799895 1.0
192.0 -2.12662732143 1.0
175.0 0.714153507577 1.0
122.0 0.935726213877 1.0
187.0 0.0755019804521 1.0
32.0 1.00611476558 1.0
object 50	1.0:0.5 14.2800889983:0.5
88.0 1.04774218677 0.0
110.0 14.3327413058 1.0
66.0 0.963531180797 0.0
26.0 14.1896233051 1.0
127.0 0.975205895461 0.0
24.0 14.3520562235 1.0
57.0 14.1743658497 1.0
16.0 0.965701636859 0.0
150.0 8.52315718125 0.0
154.0 0.370596708073 0.0
12.0 1.05501298963 0.0
46.0 0.970714806729 0.0
165.0 7.2471870421 0.0
47.0 1.06216041383 0.0
164.0 13.059104809 1.0
118.0 0.911227616663 0.0
object 51	1.0:0.5 -6.67496815754:0.5
197.0 -6.25407891945 1.0
81.0 1.03140057875 0.0
54.0 -6.68080591389 1.0
5.0 -6.70301527337 1.0
21.0 -6.68381011457 1.0
105.0 1.03221404825 0.0
139.0 -6.70799392511 1.0
132.0 -6.5622229747 1.0
99.0 -6.69122654395 1.0
83.0 -6.6672929183 1.0
84.0 -6.70844694499 1.0
46.0 -6.65972396016 1.0
32.0 0.99449157046 0.0
15.0 -6.70070463257 1.0
68.0 0.936707077516 0.0
108.0 -6.6515384439 1.0
62.0 0.958461539771 0.0
164.0 -0.00883249575423 0.0
75.0 1.06457621517 0.0
29.0 -6.76167048426 1.0
191.0 -7.83025602545 1.0
26.0 -6.69838476939 1.0
object 52	1.0:0.5 -15.9487536882:0.5
111.0 -15.9276919294 1.0
56.0 1.08624382344 0.0
40.0 0.960365291887 0.0
58.0 1.07675091578 0.0
16.0 -16.0022002544 1.0
122.0 0.986424044294 0.0
49.0 -15.9158539939 1.0
52.0 1.00072551655 0.0
158.0 -0.222846971185 0.0
32.0 -16.0026349176 1.0
167.0 -1.56145857006 0.0
1.0 1.09476763918 0.0
170.0 -20.0324816123 1.0
48.0 0.948642280007 0.0
96.0 0.945193018681 0.0
143.0 0.234433983606 0.0
69.0 -15.8655998516 1.0
131.0 -15.932295904 1.0
77.0 1.03653797385 0.0
103.0 1.00976969735 0.0
object 53	1.0:0.5 10.4733535993:0.5
145.0 7.8959305031 1.0
146.0 8.17722337445 1.0
142.0 5.30206549459 0.0
45.0 1.11607583633 0.0
110.0 10.5124214703 1.0
41.0 1.03790439976 0.0
83.0 1.01772484531 0.0
87.0 10.4162586216 1.0
157.0 1.59809380504 0.0
86.0 1.01732270666 0.0
66.0 1.10666627155 0.0
123.0 0.90354220706 0.0
80.0 10.3682021099 1.0
32.0 10.4435990273 1.0
108.0 10.4292344887 1.0
139.0 10.4358555203 1.0
99.0 10.4764495499 1.0
65.0 10.5062022004 1.0
17.0 0.97767026809 0.0
38.0 0.966429046621 0.0
2.0 10.5550243515 1.0
22.0 1.06865635883 0.0
158.0 11.5504300228 1.0
object 54	1.0:0.5 -11.2923230032:0.5
27.0 1.03781104358 0.0
91.0 1.01054874946 0.0
35.0 -11.3357891498 1.0
31.0 -11.2742802028 1.0
130.0 1.03669396025 0.0
113.0 1.01503046888 0.0
142.0 -9.89497668143 1.0
144.0 -10.5482787786 1.0
38.0 0.921153797699 0.0
152.0 0.772506720175 0.0
133.0 -11.2351182663 1.0
100.0 1.07390864373 0.0
0.0 -11.3229234231 1.0
186.0 -1.14936869061 0.0
149.0 -11.4801745517 1.0
140.0 7.78587209426 0.0
177.0 0.758884595182 0.0
object 55	1.0:0.5 -1.30897177942:0.5
39.0 0.943646579552 0.0
77.0 -1.3895795974 1.0
134.0 1.00807455224 0.0
157.0 -0.40787492635 1.0
137.0 -1.28827966487 1.0
155.0 1.52037227619 0.0
31.0 1.00176669154 0.0
19.0 0.975539349273 0.0
72.0 1.0121076907 0.0
52.0 0.983016538782 0.0
92.0 -1.31238852511 1.0
102.0 -1.30147723652 1.0
159.0 3.04221470137 0.0
181.0 -2.50961508716 1.0
64.0 0.961942504759 0.0
10.0 -1.25948509526 1.0
46.0 -1.30789400387 1.0
17.0 -1.309627592 1.0
26.0 0.993708902533 0.0
184.0 0.745699112862 1.0
object 56	1.0:0.5 2.19237953665:0.5
109.0 2.16747848267 1.0
40.0 2.27315683588 1.0
84.0 0.978136816003 0.0
47.0 2.20615063225 1.0
12.0 2.12267301302 1.0
55.0 0.904112489069 0.0
132.0 2.24468160058 1.0
81.0 0.996332872044 0.0
174.0 6.77936196144 1.0
158.0 1.34940843612 1.0
82.0 1.02001184686 0.0
108.0 2.19219515862 1.0
136.0 2.25680580215 1.0
110.0 2.25143848261 1.0
114.0 0.988059767007 0.0
95.0 0.996267221963 0.0
142.0 11.1219588528 1.0
49.0 0.987031730803 0.0
175.0 3.13146408067 0.0
33.0 2.15061882067 1.0
66.0 0.990692746824 0.0
153.0 2.71458365194 1.0
object 57	1.0:0.5 7.13244606984:0.5
131.0 7.12574716993 1.0
188.0 7.88918147213 1.0
33.0 7.1089154643 1.0
152.0 12.1472661295 1.0
3.0 0.951520675935 0.0
13.0 7.08370023811 1.0
145.0 -0.682427936974 0.0
75.0 7.14175254302 1.0
91.0 7.07576522181 1.0
194.0 -2.43529179134 0.0
58.0 7.05731515718 1.0
123.0 0.97455429888 0.0
166.0 -4.93280355238 0.0
135.0 7.16387422905 1.0
83.0 0.958283760681 0.0
184.0 9.88200690171 1.0
60.0 7.06680008858 1.0
181.0 6.22234264102 1.0
96.0 7.18045901182 1.0
87.0 1.04823234413 0.0
48.0 0.926857620187 0.0
103.0 0.979022246623 0.0
90.0 7.13940883109 1.0
163.0 13.8949439486 1.0
168.0 2.89477605401 0.0
182.0 7.69640517249 1.0
12.0 7.03848943555 1.0
11.0 7.06371233242 1.0
object 58	1.0:0.5 -8.87170251957:0.5
133.0 -8.85499774645 1.0
61.0 -8.86641878674 1.0
33.0 -8.85121009599 1.0
134.0 1.01898504071 0.0
75.0 0.986703550852 0.0
125.0 1.00702742168 0.0
18.0 -8.81203305257 1.0
164.0 0.708333767872 0.0
100.0 -8.85732899491 1.0
35.0 -8.94103847471 1.0
115.0 0.961231075509 0.0
10.0 -8.91895303272 1.0
27.0 -8.85299473074 1.0
67.0 -8.9756959323 1.0
97.0 0.947312385381 0.0
161.0 -11.2358589513 1.0
2.0 -8.87377314671 1.0
155.0 0.18524201128 0.0
46.0 1.134811977 0.0
168.0 -6.36679488556 1.0
object 59	1.0:0.5 4.81090086034:0.5
55.0 4.73909967312 1.0
177.0 2.68958203236 1.0
194.0 5.14513887961 0.0
23.0 4.74025164298 1.0
165.0 1.41853979552 0.0
21.0 0.9726695923 0.0
152.0 -0.0712080808642 1.0
58.0 1.05814835798 0.0
44.0 0.930392935331 0.0
59.0 4.77881367727 1.0
180.0 6.91160043268 0.0
30.0 4.79748361897 1.0
10.0 4.90712953377 1.0
110.0 0.97332725513 0.0
20.0 1.03273647891 0.0
40.0 4.74551354572 1.0
object 60	1.0:0.5 12.3446741595:0.5
96.0 12.3112218907 1.0
49.0 12.411328161 1.0
152.0 -1.9864384677 0.0
86.0 0.936808013693 0.0
71.0 12.3214673165 1.0
136.0 0.981508344618 0.0
88.0 1.04082484332 0.0
150.0 7.68470404677 0.0
12.0 12.387172778 1.0
50.0 12.4206937266 1.0
41.0 0.962890100391 0.0
31.0 1.00037116952 0.0
40.0 12.4008240842 1.0
151.0 13.598834794 1.0
142.0 0.482817926276 0.0
139.0 0.942359831322 0.0
178.0 10.1476400919 1.0
54.0 12.2929626651 1.0
21.0 0.992693169865 0.0
object 61	1.0:0.5 -1.63305277525:0.5
22.0 0.988930975754 0.0
134.0 -1.63431138644 1.0
36.0 -1.64458206264 1.0
159.0 4.73959285303 0.0
92.0 0.908897522742 0.0
31.0 1.04654485716 0.0
89.0 -1.58550131491 1.0
35.0 -1.60251113579 1.0
144.0 -2.3028056427 1.0
41.0 -1.59320219978 1.0
73.0 -1.72109023265 1.0
12.0 -1.56918218475 1.0
157.0 -5.54396853205 1.0
118.0 -1.65198404307 1.0
13.0 -1.60409899776 1.0
148.0 2.75054845823 0.0
81.0 0.914665677981 0.0
112.0 -1.63400682706 1.0
93.0 0.987003687916 0.0
111.0 0.94489885178 0.0
object 62	1.0:0.5 -2.10589459052:0.5
81.0 0.961581596694 0.0
195.0 -1.05006900473 1.0
66.0 -2.11831921259 1.0
88.0 -2.17196992428 1.0
58.0 -2.12004101224 1.0
42.0 1.01612622665 0.0
40.0 1.03911021249 0.0
107.0 -2.1014885538 1.0
1.0 0.953035448077 0.0
4.0 -2.12610783486 1.0
137.0 -2.13407726585 1.0
158.0 -1.87216733181 0.0
142.0 2.93327828285 0.0
32.0 0.975746526927 0.0
150.0 2.54157940143 1.0
130.0 1.03932774136 0.0
189.0 2.20368307648 0.0
177.0 1.69249105382 0.0
157.0 0.241552967071 0.0
126.0 -2.15177453105 1.0
100.0 0.956650586338 0.0
84.0 -2.07795822989 1.0
87.0 -2.07255461379 1.0
0.0 -2.11746997866 1.0
object 63	1.0:0.5 -11.8244415981:0.5
140.0 -14.516915636 1.0
19.0 -11.8560213194 1.0
188.0 2.68108145819 0.0
168.0 3.28639121795 0.0
153.0 1.10527970219 0.0
90.0 -11.8854719016 1.0
114.0 0.917103815651 0.0
163.0 2.56807936751 0.0
130.0 -11.7939942358 1.0
88.0 -11.8604779404 1.0
190.0 2.27192968832 0.0
146.0 2.15628125879 0.0
132.0 1.02758686463 0.0
186.0 4.23116118525 0.0
159.0 3.68501851233 0.0
object 64	1.0:0.5 6.16784243965:0.5
63.0 0.985040724548 0.0
80.0 1.03673677557 0.0
181.0 0.888345724249 0.0
194.0 3.77654199912 1.0
55.0 1.00595523579 0.0
35.0 6.16342654583 1.0
119.0 1.06110571784 0.0
129.0 6.22560968321 1.0
75.0 0.982853958047 0.0
149.0 2.14142524308 0.0
34.0 0.962682661975 0.0
138.0 6.10659268099 1.0
11.0 6.20909381739 1.0
155.0 10.2731150398 1.0
18.0 6.06128679336 1.0
195.0 1.50568809722 0.0
192.0 -0.895167759518 0.0
91.0 0.948360713673 0.0
88.0 0.947840257336 0.0
132.0 1.06666392535 0.0
object 65	1.0:0.5 -15.4542983306:0.5
66.0 0.936424268319 0.0
80.0 -15.4708333295 1.0
40.0 -15.4077065841 1.0
169.0 1.10946838601 0.0
28.0 -15.4552295111 1.0
153.0 0.972243863926 0.0
88.0 1.00198892002 0.0
99.0 0.947336760319 0.0
137.0 -15.4630680923 1.0
185.0 -17.02959489 1.0
168.0 -17.0407723558 1.0
31.0 -15.4067016122 1.0
77.0 -15.3825466605 1.0
124.0 -15.5366522914 1.0
object 66	1.0:0.5 -19.5493146545:0.5
166.0 -19.8364201766 1.0
24.0 1.04776098068 0.0
180.0 -19.8114110178 1.0
192.0 3.98245380324 0.0
150.0 -21.814558371 1.0
170.0 -13.8446935163 1.0
176.0 -18.1434174803 1.0
80.0 1.03196463178 0.0
124.0 -19.5833269496 1.0
165.0 0.666087240603 0.0
109.0 -19.5940311005 1.0
5.0 0.975734993482 0.0
64.0 0.976633937855 0.0
14.0 -19.5587193579 1.0
126.0 1.04512585377 0.0
193.0 3.84569511127 0.0
196.0 -2.67391466038 0.0
151.0 -19.6625081895 1.0
object 67	1.0:0.5 20.0941170088:0.5
15.0 20.0992868599 1.0
133.0 1.08722164927 0.0
71.0 1.02857270266 0.0
130.0 20.2170892954 1.0
90.0 20.1590179106 1.0
44.0 20.1033458391 1.0
78.0 20.0938255457 1.0
128.0 0.905022422999 0.0
16.0 0.996387439017 0.0
64.0 1.02377052783 0.0
30.0 19.9991704912 1.0
122.0 20.0513544151 1.0
35.0 0.972489154468 0.0
43.0 20.0449274151 1.0
123.0 1.03114940362 0.0
59.0 0.971627790531 0.0
155.0 1.48083940933 0.0
153.0 20.9082999762 1.0
26.0 20.1181901461 1.0
4.0 1.00877806247 0.0
140.0 23.4292264873 1.0
134.0 20.0634533073 1.0
object 68	1.0:0.5 -6.75660047984:0.5
182.0 -4.6211219993 1.0
108.0 1.04512052609 0.0
61.0 -6.79308330585 1.0
82.0 0.980461520736 0.0
43.0 -6.80978581588 1.0
21.0 -6.7357766159 1.0
68.0 -6.84294075976 1.0
144.0 0.541289203209 0.0
15.0 -6.72483835644 1.0
7.0 -6.83834545416 1.0
29.0 -6.75494447574 1.0
122.0 -6.72977420298 1.0
188.0 -4.96668162061 1.0
107.0 0.990243394872 0.0
197.0 0.365258706629 0.0
40.0 -6.82397229871 1.0
153.0 -4.7496957217 1.0
110.0 1.04739679628 0.0
8.0 -6.71993991947 1.0
14.0 -6.72560456939 1.0
object 69	1.0:0.5 2.28157498058:0.5
66.0 0.928563557187 0.0
145.0 -5.06815183144 1.0
127.0 2.26637115028 1.0
95.0 0.975581790287 0.0
195.0 1.02446613567 1.0
63.0 1.11402225295 0.0
46.0 1.00905928442 0.0
190.0 -4.82093444667 0.0
114.0 2.21984344132 1.0
175.0 3.98922300493 1.0
96.0 1.03331766562 0.0
110.0 1.0008227981 0.0
143.0 1.42265933087 0.0
75.0 1.02218956216 0.0
object 70	1.0:0.5 -15.4066496205:0.5
72.0 0.913511942571 0.0
104.0 0.875504623774 0.0
198.0 -16.1235591331 1.0
49.0 -15.386951083 1.0
107.0 -15.4588305248 1.0
25.0 1.08140119612 0.0
115.0 -15.4498036379 1.0
73.0 0.992644968439 0.0
114.0 0.969756599388 0.0
52.0 1.01141556704 0.0
35.0 -15.456681463 1.0
20.0 -15.3478456005 1.0
118.0 -15.3712348861 1.0
173.0 -1.34996274665 0.0
129.0 -15.3838784543 1.0
145.0 1.47799159249 0.0
170.0 -15.3021923614 1.0
55.0 -15.4364261698 1.0
142.0 4.16738318991 0.0
41.0 -15.4023603922 1.0
27.0 -15.3777481874 1.0
object 71	1.0:0.5 -2.03254319572:0.5
110.0 1.02379564687 0.0
41.0 0.999763332401 0.0
143.0 -2.90819836179 1.0
20.0 -2.0892483315 1.0
4.0 -1.98563645003 1.0
11.0 1.01954419666 0.0
13.0 0.956948634925 0.0
126.0 -2.08120643548 1.0
180.0 0.462276141661 1.0
107.0 0.986776163781 0.0
106.0 -2.01714886283 1.0
61.0 1.0544683216 0.0
100.0 0.995758507483 0.0
162.0 2.33697753199 1.0
24.0 1.06127549271 0.0
160.0 4.53287315863 0.0
78.0 -2.02896926177 1.0
0.0 -1.94809459806 1.0
object 72	1.0:0.5 -5.97751878118:0.5
23.0 -5.94193503927 1.0
197.0 -5.3725119395 1.0
148.0 -5.92051403855 1.0
91.0 -6.01578133412 1.0
3.0 1.03557981615 0.0
161.0 -4.52200611559 1.0
165.0 -8.18644366952 1.0
146.0 -3.63185917647 1.0
26.0 -5.97278709157 1.0
108.0 1.00745914894 0.0
78.0 -5.92556392008 1.0
37.0 -5.91681001367 1.0
75.0 0.951273716049 0.0
135.0 0.984743684695 0.0
14.0 -5.96565660233 1.0
149.0 -9.29748686269 1.0
33.0 0.947868711533 0.0
9.0 0.97763467085 0.0
151.0 -2.58362894756 0.0
object 73	1.0:0.5 -4.69959401162:0.5
139.0 0.976080645117 0.0
48.0 1.0127261502 0.0
62.0 -4.72003145891 1.0
108.0 -4.65800762301 1.0
162.0 -2.11862215483 0.0
186.0 -6.31266162263 1.0
160.0 0.15852560106 0.0
50.0 1.11560268231 0.0
154.0 -3.24047330377 0.0
5.0 1.02967516045 0.0
168.0 -2.81486017019 1.0
10.0 -4.67345980025 1.0
131.0 -4.6427990979 1.0
56.0 -4.68009906164 1.0
object 74	1.0:0.5 -2.30046470377:0.5
51.0 -2.36298805953 1.0
135.0 1.01516317183 0.0
105.0 -2.27039838125 1.0
24.0 1.05576886323 0.0
183.0 -2.37360047782 1.0
131.0 -2.24814067889 1.0
53.0 -2.23147898604 1.0
38.0 -2.24689189532 1.0
181.0 3.58014168504 1.0
164.0 -0.105674257128 0.0
196.0 7.88361690273 0.0
92.0 -2.24123597801 1.0
73.0 -2.278784152 1.0
100.0 -2.27615285954 1.0
106.0 -2.38718306502 1.0
11.0 -2.24309149641 1.0
179.0 3.3855180657 0.0
50.0 1.00553625545 0.0
144.0 -2.98966281604 1.0
140.0 1.6812710142 1.0
64.0 -2.21535300309 1.0
198.0 -3.17134089081 1.0
34.0 1.01272557694 0.0
16.0 -2.3966431732 1.0
object 75	1.0:0.5 10.2584595047:0.5
84.0 1.03040902574 0.0
114.0 10.1123596593 1.0
179.0 -4.20701328835 0.0
132.0 10.3784067433 1.0
134.0 10.237963807 1.0
89.0 10.289195353 1.0
0.0 10.2779246535 1.0
152.0 9.36140889951 1.0
64.0 10.297873327 1.0
196.0 -3.09034425957 0.0
125.0 1.0188804147 0.0
101.0 1.01525118285 0.0
157.0 5.55644938067 1.0
145.0 -0.551263591388 0.0
129.0 10.2640056501 1.0
25.0 10.3198408433 1.0
195.0 11.0687329536 1.0
12.0 10.2762313653 1.0
object 76	1.0:0.5 -5.5504223752:0.5
99.0 0.961399902294 0.0
28.0 -5.49929816637 1.0
145.0 5.27904043754 0.0
48.0 -5.57950817604 1.0
177.0 -6.61460973023 1.0
96.0 -5.62710571383 1.0
148.0 -5.67937297568 1.0
150.0 6.47812155707 0.0
118.0 0.986775127869 0.0
154.0 -5.94709445302 1.0
123.0 -5.50955073729 1.0
140.0 -3.13074832274 0.0
170.0 -7.7820367946 1.0
52.0 -5.52991694038 1.0
94.0 1.02214609849 0.0
113.0 -5.58559297713 1.0
116.0 -5.52462306335 1.0
object 77	1.0:0.5 2.72780061872:0.5
21.0 0.984113789454 0.0
149.0 -2.04177230201 0.0
156.0 1.48031645545 1.0
191.0 -2.9361601866 0.0
144.0 1.32583238861 0.0
15.0 0.97217697402 0.0
34.0 0.959994746747 0.0
108.0 2.70818676138 1.0
110.0 2.64823967172 1.0
178.0 0.313254242352 0.0
126.0 2.78252366128 1.0
146.0 4.75679003107 0.0
86.0 2.68751492255 1.0
140.0 1.03471467528 0.0
24.0 0.969432395263 0.0
44.0 2.6926561717 1.0
182.0 4.30438420226 1.0
183.0 1.53106116073 0.0
80.0 1.09674851964 0.0
120.0 2.76554047402 1.0
22.0 2.78960707375 1.0
42.0 1.02069596216 0.0
14.0 1.02692846511 0.0
88.0 2.70397894584 1.0
190.0 -4.86549959603 0.0
61.0 0.965380999677 0.0
180.0 4.97696906806 0.0
object 78	1.0:0.5 4.91866356685:0.5
6.0 1.11710734329 0.0
130.0 0.974806001707 0.0
159.0 3.35934355394 1.0
77.0 1.07839599771 0.0
167.0 4.91635208178 0.0
58.0 4.9218220708 1.0
170.0 3.98624749044 1.0
3.0 1.03875653559 0.0
75.0 4.97810443631 1.0
86.0 0.988633840281 0.0
72.0 4.96152482439 1.0
16.0 1.00683045063 0.0
33.0 4.98391418132 1.0
133.0 1.02605284774 0.0
96.0 4.99126143204 1.0
122.0 4.99194057654 1.0
1.0 4.87246087746 1.0
67.0 4.92171255245 1.0
84.0 4.94413032003 1.0
104.0 1.06829337519 0.0
161.0 2.83655366253 0.0
object 79	1.0:0.5 0.435430632171:0.5
67.0 1.04127455737 0.0
198.0 0.700088696192 0.0
29.0 0.494143288139 1.0
18.0 1.0582662682 0.0
77.0 0.386298463975 1.0
23.0 0.937529312342 0.0
138.0 0.412262328835 1.0
95.0 0.435901439848 1.0
166.0 1.67752190594 0.0
147.0 4.22059597868 0.0
89.0 0.316190082586 1.0
2.0 0.52687757272 1.0
21.0 0.462201827619 1.0
101.0 0.981773137539 0.0
41.0 0.475852731529 1.0
96.0 1.01220136028 0.0
28.0 0.484632614237 1.0
102.0 0.407247113093 1.0
83.0 1.11769595507 0.0
172.0 2.23733633161 0.0
4.0 1.00228852871 0.0
185.0 3.39549703107 1.0
186.0 1.31211743143 1.0
33.0 0.444993769337 1.0
183.0 -0.403059071082 1.0
9.0 0.954300749228 0.0
10.0 0.345891368195 1.0
146.0 -4.55028950519 0.0
object 80	1.0:0.5 -3.17258203826:0.5
62.0 -3.14244004296 1.0
95.0 -3.1726412889 1.0
120.0 0.958238430616 0.0
163.0 -4.35732659134 1.0
147.0 0.0313396850467 0.0
7.0 -3.22408941641 1.0
30.0 -3.13462065072 1.0
185.0 -4.16140232922 1.0
96.0 1.05575555798 0.0
68.0 1.00410425535 0.0
194.0 1.39008664885 0.0
165.0 2.71829743611 0.0
56.0 1.00982181253 0.0
48.0 -3.19342879457 1.0
106.0 -3.20035548973 1.0
135.0 -3.13423320032 1.0
50.0 -3.14881458314 1.0
26.0 1.06064414296 0.0
2.0 -3.21855592333 1.0
46.0 -3.1738489914 1.0
153.0 -5.10288557127 1.0
object 81	1.0:0.5 -3.94812268594:0.5
160.0 -4.94617028449 1.0
175.0 7.87303127821 0.0
21.0 -3.91464436328 1.0
189.0 0.841092086162 0.0
86.0 -3.90193636608 1.0
149.0 4.16375773398 0.0
65.0 0.985859221996 0.0
110.0 1.03059379282 0.0
109.0 0.995545081002 0.0
48.0 -3.94235041714 1.0
129.0 1.0528023306 0.0
139.0 1.01623680981 0.0
131.0 1.00011731577 0.0
161.0 -0.12645731928 0.0
object 82	1.0:0.5 -8.45262529111:0.5
10.0 -8.59538649938 1.0
169.0 0.434590880303 0.0
153.0 -8.33918056463 1.0
50.0 -8.39767497955 1.0
71.0 -8.47050566797 1.0
54.0 1.02272165531 0.0
18.0 -8.46215491964 1.0
195.0 -18.4908341348 1.0
19.0 0.993554713981 0.0
4.0 -8.45773217057 1.0
170.0 2.43014200888 0.0
134.0 -8.5455328032 1.0
192.0 -4.88782451671 1.0
196.0 -3.32353671344 1.0
35.0 -8.43497824729 1.0
23.0 0.937396580953 0.0
156.0 -7.72378503865 1.0
66.0 0.986362388643 0.0
object 83	1.0:0.5 13.4332205327:0.5
158.0 11.7892884798 1.0
68.0 0.900811817313 0.0
41.0 13.4698899669 1.0
161.0 2.89597618171 0.0
89.0 1.04089682175 0.0
151.0 11.7193805691 1.0
18.0 13.3788166148 1.0
27.0 1.03931427927 0.0
178.0 1.9203871819 0.0
97.0 1.08768779904 0.0
101.0 13.3871936369 1.0
109.0 1.0715774854 0.0
98.0 0.97093408139 0.0
31.0 0.982029871374 0.0
50.0 13.4206218474 1.0
17.0 1.03682249057 0.0
1.0 0.908603847125 0.0
69.0 1.03444444351 0.0
177.0 0.0701899026047 0.0
object 84	1.0:0.5 -14.3120967309:0.5
131.0 1.02927266944 0.0
154.0 0.579235652809 0.0
87.0 -14.3253041638 1.0
175.0 -14.4071949477 1.0
19.0 -14.3382489716 1.0
65.0 -14.3164227219 1.0
167.0 -11.2997729667 1.0
50.0 0.904851473976 0.0
110.0 -14.3371260499 1.0
145.0 3.18940066429 0.0
8.0 -14.27112123 1.0
123.0 -14.3690335071 1.0
39.0 0.972769594868 0.0
156.0 -13.1995234871 1.0
74.0 -14.3436624626 1.0
78.0 -14.3358912822 1.0
5.0 -14.2949433591 1.0
126.0 0.999313477698 0.0
116.0 -14.3501769183 1.0
object 85	1.0:0.5 6.42047273692:0.5
86.0 1.09041603547 0.0
159.0 -3.34619225486 0.0
115.0 6.3897494313 1.0
188.0 -2.75639741555 1.0
135.0 0.971658957172 0.0
2.0 6.35642503581 1.0
117.0 1.04668598377 0.0
0.0 0.938892825295 0.0
136.0 0.972097483545 0.0
107.0 6.49174542905 1.0
65.0 1.03628453269 0.0
176.0 7.79230416551 1.0
166.0 1.56017835345 1.0
8.0 6.38762376071 1.0
178.0 2.10938459274 0.0
17.0 6.42947474618 1.0
10.0 6.52522245581 1.0
183.0 1.06836517995 0.0
167.0 5.75412336284 1.0
23.0 1.02579693856 0.0
70.0 0.980064738389 0.0
object 86	1.0:0.5 1.90924608495:0.5
160.0 -2.16509640968 1.0
179.0 4.1731561594 0.0
72.0 1.92771372119 1.0
31.0 1.85217263591 1.0
165.0 -0.18260900455 1.0
177.0 0.795080353105 1.0
106.0 1.07235181935 0.0
38.0 0.946934679807 0.0
192.0 4.15331140159 1.0
0.0 1.92334947574 1.0
108.0 0.966472292699 0.0
161.0 4.26604506922 0.0
78.0 0.979467827288 0.0
94.0 1.056321577 0.0
171.0 -4.01378172676 0.0
9.0 1.04015010419 0.0
119.0 1.87572078012 1.0
47.0 1.01754246369 0.0
86.0 0.956204316443 0.0
35.0 0.994811583974 0.0
122.0 0.971733540353 0.0
85.0 0.921982857523 0.0
185.0 0.178842236029 1.0
2.0 0.991518416376 0.0
120.0 1.93856716659 1.0
190.0 1.725388278 0.0
object 87	1.0:0.5 0.216938935624:0.5
86.0 0.218090154394 1.0
35.0 0.131412752219 1.0
54.0 0.955107200997 0.0
2.0 1.03256961664 0.0
66.0 0.258419012191 1.0
45.0 1.09372070151 0.0
33.0 0.218530363466 1.0
4.0 0.196456930199 1.0
99.0 0.97636665335 0.0
44.0 0.261414516736 1.0
123.0 0.202746701516 1.0
196.0 2.68331503498 1.0
30.0 0.204987039235 1.0
15.0 1.02735582031 0.0
52.0 0.996240145521 0.0
141.0 1.02171351755 1.0
46.0 0.988192437608 0.0
135.0 0.944825232694 0.0
134.0 1.05523103688 0.0
41.0 0.132975842429 1.0
156.0 1.90739414789 0.0
69.0 0.149596003492 1.0
190.0 0.1421626151 0.0
object 88	1.0:0.5 -0.8408665522:0.5
193.0 3.68512002094 1.0
125.0 1.01041786196 0.0
89.0 -0.805427840715 1.0
179.0 -3.64926480386 1.0
114.0 1.03285438271 0.0
37.0 -0.767738100897 1.0
105.0 -0.875474386986 1.0
188.0 4.24713303912 0.0
22.0 0.993954524315 0.0
57.0 -0.83788105018 1.0
4.0 0.979457407513 0.0
27.0 -0.782362882563 1.0
3.0 1.01726017574 0.0
20.0 -0.781798106039 1.0
19.0 1.02357298602 0.0
119.0 1.10278434174 0.0
195.0 -1.87406697784 1.0
65.0 -0.922104473733 1.0
8.0 0.937443004714 0.0
187.0 4.99619413939 0.0
170.0 8.06436973175 0.0
object 89	1.0:0.5 18.0318212373:0.5
123.0 18.0264917119 1.0
6.0 18.1029203199 1.0
77.0 18.0577330883 1.0
58.0 0.95127824442 0.0
53.0 17.9973946918 1.0
43.0 18.0694798639 1.0
13.0 18.0345291968 1.0
88.0 1.0094103217 0.0
8.0 0.972747264873 0.0
7.0 0.982534591695 0.0
100.0 1.00381605438 0.0
74.0 0.978220680209 0.0
2.0 18.0432534713 1.0
85.0 17.9747475001 1.0
199.0 4.13027665549 0.0
84.0 1.00391645596 0.0
79.0 17.9706042176 1.0
63.0 1.01346225954 0.0
178.0 3.58381215053 0.0
55.0 18.0723299844 1.0
1.0 0.934100513178 0.0
3.0 1.00946246584 0.0
115.0 17.968980809 1.0
18.0 0.983438155753 0.0
object 90	1.0:0.5 1.99319669033:0.5
181.0 -1.51087710438 0.0
61.0 2.01400834423 1.0
47.0 1.99489265909 1.0
105.0 1.97488242873 1.0
32.0 1.07674786289 0.0
24.0 1.94021661945 1.0
166.0 4.55354578991 1.0
67.0 0.895069073942 0.0
43.0 1.03528660633 0.0
182.0 -1.26678048731 1.0
167.0 -4.05799387186 1.0
131.0 1.95451005574 1.0
120.0 0.952357954586 0.0
177.0 4.51084413219 1.0
44.0 2.03584290962 1.0
188.0 7.79363069882 1.0
4.0 0.970972322696 0.0
object 91	1.0:0.5 4.67564564429:0.5
19.0 1.0103586586 0.0
145.0 2.06857827478 0.0
111.0 4.70109134 1.0
114.0 4.64256470928 1.0
136.0 4.66376014703 1.0
72.0 4.71574737933 1.0
106.0 4.64382604412 1.0
148.0 1.51552477422 0.0
59.0 4.68281980376 1.0
77.0 4.76429249368 1.0
27.0 4.71938732964 1.0
39.0 4.65164934673 1.0
128.0 0.965598908208 0.0
88.0 4.69967972481 1.0
41.0 4.71537644823 1.0
115.0 0.901716374741 0.0
object 92	1.0:0.5 1.85172315173:0.5
57.0 1.03711453199 0.0
157.0 0.456457871998 0.0
21.0 1.07504977226 0.0
8.0 1.77575978855 1.0
11.0 1.08362147827 0.0
58.0 0.940578141411 0.0
173.0 3.11467130674 1.0
159.0 3.45981051078 0.0
91.0 0.949096252785 0.0
118.0 1.80348299803 1.0
47.0 1.786005662 1.0
83.0 1.86654560402 1.0
78.0 1.11073986227 0.0
177.0 1.79009698061 1.0
98.0 1.81969666938 1.0
125.0 1.89827445326 1.0
9.0 1.77566202009 1.0
141.0 3.47187507112 1.0
77.0 1.01661257583 0.0
134.0 0.931142549078 0.0
object 93	1.0:0.5 -20.6788990877:0.5
33.0 0.995091263604 0.0
191.0 -17.7736447221 1.0
155.0 -0.220582858843 0.0
29.0 1.02729455217 0.0
97.0 -20.6860350693 1.0
14.0 -20.6188043306 1.0
112.0 1.04198110814 0.0
195.0 -3.52678174748 0.0
36.0 -20.6374840781 1.0
50.0 1.04305650257 0.0
117.0 1.04381980211 0.0
64.0 1.06548713327 0.0
138.0 1.06204177691 0.0
128.0 0.925984278873 0.0
57.0 -20.7355390352 1.0
194.0 -5.62962611056 0.0
197.0 1.99053036579 0.0
object 94	1.0:0.5 4.25796413593:0.5
161.0 6.42876756271 1.0
3.0 0.925418816477 0.0
69.0 1.02858077249 0.0
77.0 1.04186924645 0.0
140.0 0.171546208453 1.0
92.0 4.30195834065 1.0
86.0 4.27904196567 1.0
156.0 3.60633573095 1.0
122.0 4.28089175061 1.0
185.0 -1.08740463995 1.0
179.0 -0.110025186003 1.0
166.0 -3.10718796291 0.0
1.0 1.00802344403 0.0
54.0 4.19841589296 1.0
123.0 1.02576745218 0.0
53.0 0.994110817847 0.0
95.0 4.29168945304 1.0
9.0 0.989536679281 0.0
164.0 2.79666575007 1.0
84.0 1.04699004393 0.0
object 95	1.0:0.5 -21.710983009:0.5
11.0 0.955848324646 0.0
144.0 -21.7518765997 1.0
101.0 -21.6835579979 1.0
32.0 1.01313208653 0.0
20.0 -21.6971048245 1.0
106.0 0.99742333629 0.0
104.0 -21.7667807159 1.0
89.0 0.921963162136 0.0
100.0 -21.6865780652 1.0
113.0 -21.6936438358 1.0
179.0 -21.1025565989 1.0
46.0 1.12766794988 0.0
189.0 0.393303519169 0.0
57.0 -21.7858612745 1.0
126.0 -21.7206456767 1.0
40.0 -21.63966777 1.0
86.0 0.974149092033 0.0
153.0 2.835910757 0.0
145.0 -20.3934917351 1.0
object 96	1.0:0.5 14.356880961:0.5
97.0 1.06594678837 0.0
162.0 -2.53198462939 0.0
145.0 -0.675653835628 0.0
8.0 0.915232342682 0.0
46.0 14.3426161164 1.0
73.0 14.3887369922 1.0
103.0 1.04460771047 0.0
183.0 13.8758196135 1.0
125.0 1.04719029488 0.0
95.0 1.01011723311 0.0
115.0 14.3499672294 1.0
20.0 14.3093350056 1.0
76.0 0.969412895704 0.0
130.0 14.4059696205 1.0
116.0 0.9959899463 0.0
100.0 1.05990951184 0.0
137.0 1.05506416623 0.0
166.0 12.5036076908 1.0
62.0 1.02193001511 0.0
31.0 1.05124830812 0.0
136.0 0.999088553317 0.0
141.0 2.94569674673 0.0
object 97	1.0:0.5 -15.6279305201:0.5
58.0 0.906286754092 0.0
74.0 1.06006543118 0.0
8.0 0.905949700994 0.0
110.0 0.980162238361 0.0
85.0 0.935259543731 0.0
97.0 1.04004491419 0.0
117.0 -15.5295636498 1.0
54.0 -15.6692126135 1.0
108.0 1.04683250338 0.0
131.0 -15.6410598222 1.0
1.0 0.920124092321 0.0
67.0 -15.630429206 1.0
17.0 0.938297159231 0.0
132.0 -15.6754213046 1.0
94.0 -15.599434573 1.0
171.0 3.76454691949 0.0
60.0 0.930007489421 0.0
55.0 1.0155865076 0.0
37.0 -15.625957169 1.0
75.0 -15.6761929065 1.0
172.0 -15.7628953254 1.0
object 98	1.0:0.5 9.5515663495:0.5
96.0 9.56766583741 1.0
145.0 10.0248857487 1.0
174.0 1.46036359406 0.0
158.0 10.4380274351 1.0
143.0 10.0412262765 1.0
179.0 1.90691116516 1.0
79.0 9.48416358665 1.0
59.0 0.969049966083 0.0
85.0 1.03777363469 0.0
152.0 7.98291164641 1.0
54.0 9.54591354813 1.0
112.0 9.59706426252 1.0
88.0 0.948814761733 0.0
68.0 0.965889321129 0.0
95.0 9.56678061424 1.0
72.0 1.0485835588 0.0
167.0 -7.04166701859 0.0
180.0 1.15927940745 0.0
object 99	1.0:0.5 -2.78316260563:0.5
120.0 0.981969213933 0.0
33.0 -2.87967208892 1.0
121.0 -2.79999319918 1.0
164.0 -2.74632822024 1.0
76.0 -2.85522680592 1.0
8.0 0.941091165037 0.0
13.0 0.959251930735 0.0
104.0 -2.84953130211 1.0
116.0 1.00447012282 0.0
84.0 -2.8315443144 1.0
149.0 2.33894992412 1.0
62.0 -2.8029887127 1.0
3.0 1.02655217458 0.0
93.0 1.06486995718 0.0
159.0 -0.7946983879 1.0
90.0 0.985601419206 0.0
196.0 -0.48010445654 1.0
