object 0	1.0:1.0
88.0 0.987241127089 1.0
71.0 0.985072145294 1.0
36.0 1.00275711646 1.0
107.0 1.00454974381 1.0
object 1	1.0:1.0
17.0 1.01898523469 1.0
2.0 0.977825004843 1.0
127.0 1.03454407017 1.0
object 2	1.0:1.0
107.0 0.989886407954 1.0
71.0 1.0019117673 1.0
19.0 1.00926280823 1.0
155.0 1.01492940184 1.0
object 3	1.0:1.0
94.0 0.989611570443 1.0
121.0 1.01050766397 1.0
145.0 1.00269027889 1.0
object 4	1.0:1.0
64.0 1.01980156261 1.0
179.0 2.58328873669 1.0
112.0 1.09415189277 1.0
object 5	1.0:1.0
25.0 1.00687565947 1.0
67.0 0.994544452483 1.0
77.0 0.962625090262 1.0
object 6	1.0:1.0
54.0 1.0277766897 1.0
164.0 -7.49479771975 1.0
149.0 0.980882110667 1.0
84.0 0.993753988695 1.0
26.0 0.961576159125 1.0
184.0 -0.45443805391 1.0
object 7	1.0:1.0
170.0 0.847133255135 1.0
139.0 1.03422058482 1.0
129.0 1.03013011715 1.0
29.0 0.972189257363 1.0
object 8	1.0:1.0
68.0 1.02841399594 1.0
36.0 1.01249667264 1.0
135.0 0.989190763938 1.0
86.0 1.00468972339 1.0
6.0 1.07258968879 1.0
object 9	1.0:1.0
17.0 1.08806976547 1.0
140.0 0.982169711331 1.0
23.0 1.03689048869 1.0
35.0 1.00201154724 1.0
64.0 1.05890656493 1.0
24.0 0.941803332421 1.0
189.0 -0.0398039088408 1.0
object 10	1.0:1.0
193.0 -3.65474597258 1.0
56.0 0.987591502932 1.0
36.0 0.983277584332 1.0
196.0 3.67713446595 1.0
44.0 0.951273346172 1.0
object 11	1.0:1.0
57.0 1.006750127 1.0
13.0 0.986083179438 1.0
object 12	1.0:1.0
9.0 0.998771625075 1.0
40.0 0.99460644649 1.0
33.0 0.973591975333 1.0
39.0 0.994265164941 1.0
object 13	1.0:1.0
60.0 1.03569692919 1.0
38.0 1.02675002145 1.0
189.0 0.607010403902 1.0
58.0 0.969604572939 1.0
124.0 1.0323102547 1.0
object 14	1.0:1.0
105.0 0.974279655542 1.0
34.0 0.964079973939 1.0
object 15	1.0:1.0
142.0 1.00866482229 1.0
34.0 0.930505504978 1.0
object 16	1.0:1.0
197.0 9.88194724514 1.0
174.0 5.03302515078 1.0
62.0 0.987929658827 1.0
193.0 5.654455435 1.0
88.0 0.987627665838 1.0
60.0 0.973284159219 1.0
110.0 0.990320422269 1.0
object 17	1.0:1.0
4.0 1.0271854993 1.0
15.0 0.985093706941 1.0
object 18	1.0:1.0
141.0 1.00879025806 1.0
180.0 -4.20536187355 1.0
object 19	1.0:1.0
65.0 0.98308465492 1.0
112.0 0.985226689285 1.0
object 20	1.0:1.0
126.0 1.04774674535 1.0
71.0 1.01076854458 1.0
object 21	1.0:1.0
143.0 0.988199328031 1.0
32.0 0.999951068204 1.0
object 22	1.0:1.0
66.0 1.03540752768 1.0
191.0 7.62334247164 1.0
161.0 4.3196476977 1.0
object 23	1.0:1.0
146.0 0.982414164971 1.0
76.0 0.987646308121 1.0
145.0 0.995758142226 1.0
34.0 0.97275196742 1.0
object 24	1.0:1.0
161.0 6.48511753197 1.0
23.0 1.01557223142 1.0
object 25	1.0:1.0
148.0 0.968029060463 1.0
165.0 -3.84246579765 1.0
185.0 2.25154645139 1.0
object 26	1.0:1.0
121.0 0.994997032327 1.0
45.0 0.987327281627 1.0
166.0 1.36462420486 1.0
object 27	1.0:1.0
136.0 1.00169081756 1.0
62.0 0.997163383006 1.0
0.0 0.991754715077 1.0
63.0 1.02057016893 1.0
object 28	1.0:1.0
82.0 1.0071240933 1.0
19.0 0.975672701195 1.0
object 29	1.0:1.0
19.0 0.982018114667 1.0
165.0 7.29087516554 1.0
168.0 1.22193319163 1.0
194.0 1.48310778343 1.0
171.0 -1.85888683166 1.0
179.0 -0.628748198551 1.0
object 30	1.0:1.0
139.0 1.0805992651 1.0
120.0 0.999348881281 1.0
30.0 1.02240791168 1.0
129.0 1.03176516959 1.0
40.0 1.01459762105 1.0
117.0 0.979402321312 1.0
39.0 0.994763329378 1.0
object 31	1.0:1.0
122.0 0.988783288717 1.0
12.0 0.995743286988 1.0
object 32	1.0:1.0
163.0 1.68684631594 1.0
1.0 0.973764732297 1.0
object 33	1.0:1.0
37.0 1.03758581536 1.0
56.0 1.03359098906 1.0
127.0 1.03342293153 1.0
132.0 1.00891824529 1.0
150.0 0.996129295044 1.0
object 34	1.0:1.0
97.0 0.935499405076 1.0
102.0 1.04227027487 1.0
66.0 1.04279771493 1.0
object 35	1.0:1.0
30.0 1.01105507583 1.0
139.0 1.08715081488 1.0
183.0 -3.27210505219 1.0
15.0 1.04785661195 1.0
object 36	1.0:1.0
193.0 1.62974132112 1.0
131.0 1.058886871 1.0
object 37	1.0:1.0
164.0 -2.26866681608 1.0
127.0 0.987295586585 1.0
18.0 1.00051330647 1.0
68.0 1.00694415992 1.0
object 38	1.0:1.0
157.0 0.986233473077 1.0
49.0 0.986825631335 1.0
176.0 2.01963098165 1.0
98.0 1.00629533879 1.0
object 39	1.0:1.0
188.0 0.484928761023 1.0
38.0 1.006540641 1.0
124.0 0.969202605362 1.0
22.0 0.981023813512 1.0
object 40	1.0:1.0
186.0 -1.30845263105 1.0
104.0 0.995683214789 1.0
object 41	1.0:1.0
46.0 0.972951337813 1.0
21.0 0.995347525781 1.0
131.0 1.005040218 1.0
9.0 0.988415570879 1.0
object 42	1.0:1.0
151.0 1.01526908518 1.0
140.0 1.01470077231 1.0
object 43	1.0:1.0
187.0 0.738178065491 1.0
161.0 1.21479959287 1.0
object 44	1.0:1.0
102.0 1.01211925869 1.0
78.0 0.975137420341 1.0
57.0 0.999917562827 1.0
8.0 0.967362924586 1.0
object 45	1.0:1.0
67.0 1.00811594088 1.0
171.0 0.35161259955 1.0
object 46	1.0:1.0
45.0 0.991922392627 1.0
82.0 0.991452394219 1.0
object 47	1.0:1.0
89.0 0.983152655086 1.0
62.0 0.987853732598 1.0
96.0 1.00653638731 1.0
102.0 0.998803466507 1.0
54.0 0.979171489721 1.0
object 48	1.0:1.0
140.0 1.02922860052 1.0
7.0 0.943774002471 1.0
object 49	1.0:1.0
172.0 -7.8993415243 1.0
166.0 -1.93056647612 1.0
35.0 1.000536263 1.0
1.0 0.948788246711 1.0
66.0 1.0272010885 1.0
object 50	1.0:1.0
30.0 1.00975847834 1.0
84.0 0.97132742181 1.0
138.0 1.06676281556 1.0
58.0 0.992814762179 1.0
99.0 0.965676383823 1.0
158.0 0.992439197933 1.0
119.0 1.00127407195 1.0
126.0 1.04919851839 1.0
object 51	1.0:1.0
179.0 0.612607832858 1.0
1.0 0.991341413028 1.0
object 52	1.0:1.0
144.0 0.977961565733 1.0
54.0 1.03906938561 1.0
76.0 0.917278046982 1.0
object 53	1.0:1.0
185.0 5.73576433177 1.0
168.0 15.1065099277 1.0
object 54	1.0:1.0
81.0 0.994128461898 1.0
85.0 1.01339522031 1.0
169.0 0.473802027566 1.0
174.0 -5.87678308302 1.0
object 55	1.0:1.0
130.0 0.920362113139 1.0
58.0 1.03150806036 1.0
143.0 1.01189288209 1.0
object 56	1.0:1.0
162.0 0.0145529296414 1.0
3.0 1.00472847126 1.0
object 57	1.0:1.0
155.0 0.9959187755 1.0
105.0 0.96267553766 1.0
116.0 0.971166322839 1.0
object 58	1.0:1.0
60.0 0.96226855223 1.0
86.0 1.00009455929 1.0
object 59	1.0:1.0
101.0 0.959527563579 1.0
135.0 1.01008825813 1.0
object 60	1.0:1.0
193.0 0.403361584439 1.0
113.0 0.998036105486 1.0
object 61	1.0:1.0
65.0 0.972942978811 1.0
19.0 1.00833621307 1.0
71.0 0.972654222282 1.0
54.0 0.964730967787 1.0
156.0 1.0037143708 1.0
object 62	1.0:1.0
104.0 1.02498945207 1.0
183.0 0.686348859118 1.0
194.0 -2.8511222496 1.0
object 63	1.0:1.0
92.0 1.0276772577 1.0
76.0 1.02921739544 1.0
106.0 1.03973076875 1.0
object 64	1.0:1.0
61.0 0.979017787641 1.0
29.0 0.988952640319 1.0
23.0 1.01524055343 1.0
68.0 0.997201303757 1.0
31.0 1.0251337143 1.0
75.0 1.01099975044 1.0
object 65	1.0:1.0
187.0 1.88396851856 1.0
106.0 0.992587553821 1.0
182.0 2.51087529192 1.0
object 66	1.0:1.0
173.0 1.16926703715 1.0
76.0 1.01049164393 1.0
object 67	1.0:1.0
155.0 1.02414146479 1.0
103.0 1.01737885485 1.0
4.0 1.05561921905 1.0
162.0 1.56522635979 1.0
186.0 1.09637994566 1.0
object 68	1.0:1.0
83.0 0.97208761876 1.0
59.0 0.987437261719 1.0
171.0 -0.685151365121 1.0
143.0 0.985022110993 1.0
124.0 1.03730754818 1.0
57.0 1.00195979782 1.0
95.0 1.02137902987 1.0
123.0 0.985719528652 1.0
121.0 1.01108093101 1.0
object 69	1.0:1.0
162.0 -1.02429612059 1.0
106.0 1.02958203118 1.0
149.0 0.964954709462 1.0
object 70	1.0:1.0
197.0 -2.13408085148 1.0
65.0 1.018721275 1.0
object 71	1.0:1.0
0.0 1.04831772647 1.0
31.0 0.983018706683 1.0
151.0 1.05376218169 1.0
43.0 1.05834334651 1.0
object 72	1.0:1.0
57.0 0.983837473282 1.0
60.0 1.01159001689 1.0
62.0 1.00818208276 1.0
object 73	1.0:1.0
135.0 0.888869556868 1.0
157.0 0.979752633604 1.0
123.0 1.00682624505 1.0
31.0 0.982503474637 1.0
36.0 1.00286611694 1.0
object 74	1.0:1.0
19.0 0.995437477632 1.0
20.0 1.01271708282 1.0
object 75	1.0:1.0
12.0 1.03386296423 1.0
191.0 0.0276330393546 1.0
26.0 0.952882927317 1.0
63.0 1.03691789538 1.0
object 76	1.0:1.0
9.0 1.04738416514 1.0
93.0 1.02611840535 1.0
object 77	1.0:1.0
79.0 0.998827141154 1.0
61.0 0.998408803647 1.0
68.0 0.988470897046 1.0
144.0 0.999899055844 1.0
object 78	1.0:1.0
182.0 1.1867750639 1.0
49.0 1.02398438937 1.0
123.0 0.973218405664 1.0
143.0 0.97908105008 1.0
32.0 1.0070520914 1.0
object 79	1.0:1.0
141.0 0.985596684925 1.0
65.0 0.987734737096 1.0
object 80	1.0:1.0
60.0 0.949932955638 1.0
134.0 0.996866105624 1.0
137.0 0.955786712684 1.0
66.0 1.00520996763 1.0
189.0 1.16585339874 1.0
object 81	1.0:1.0
146.0 1.01673371545 1.0
186.0 -1.61138116105 1.0
object 82	1.0:1.0
139.0 1.05485488412 1.0
147.0 0.98891892047 1.0
object 83	1.0:1.0
42.0 1.00150731133 1.0
157.0 0.97278508347 1.0
33.0 0.908816765056 1.0
object 84	1.0:1.0
111.0 0.99431559677 1.0
162.0 -0.0886580283715 1.0
64.0 1.00662763974 1.0
12.0 1.00577712657 1.0
object 85	1.0:1.0
168.0 7.66203867136 1.0
75.0 1.01731821921 1.0
object 86	1.0:1.0
4.0 0.997762058284 1.0
193.0 0.942576041401 1.0
110.0 0.960430969949 1.0
75.0 1.00071564901 1.0
object 87	1.0:1.0
192.0 1.38590510681 1.0
35.0 0.967334062878 1.0
object 88	1.0:1.0
37.0 0.980060971769 1.0
86.0 0.987917426481 1.0
object 89	1.0:1.0
86.0 0.978805658138 1.0
21.0 0.992314103549 1.0
object 90	1.0:1.0
70.0 0.956362706585 1.0
23.0 0.998462855247 1.0
14.0 1.0273708575 1.0
90.0 0.982874892926 1.0
40.0 0.976284341022 1.0
object 91	1.0:1.0
146.0 1.01172308964 1.0
129.0 1.02264340491 1.0
object 92	1.0:1.0
31.0 0.992114500808 1.0
163.0 -12.0593886134 1.0
object 93	1.0:1.0
165.0 2.65835005886 1.0
50.0 0.951765199691 1.0
53.0 1.06858582756 1.0
83.0 0.98527417752 1.0
167.0 -4.62585954993 1.0
object 94	1.0:1.0
175.0 -1.10073069051 1.0
57.0 0.985206326838 1.0
192.0 1.420233745 1.0
object 95	1.0:1.0
88.0 0.994417265266 1.0
12.0 0.976068394457 1.0
object 96	1.0:1.0
105.0 1.04899171267 1.0
125.0 0.977933599117 1.0
83.0 1.00716727627 1.0
190.0 6.8888052928 1.0
object 97	1.0:1.0
130.0 0.971646639874 1.0
23.0 1.01096258776 1.0
16.0 0.975353920571 1.0
189.0 0.83867281994 1.0
object 98	1.0:1.0
45.0 1.03487447312 1.0
21.0 1.00665597091 1.0
94.0 0.957933281981 1.0
object 99	1.0:1.0
187.0 0.737955100667 1.0
198.0 -3.67500833289 1.0
117.0 0.998912129966 1.0
