object 0	1.0:1.0
118.0 1.01548041486 1.0
32.0 0.987469505971 1.0
195.0 5.76910256112 1.0
119.0 0.925231043337 1.0
181.0 4.0126640963 1.0
112.0 0.997446574991 1.0
75.0 0.995724601609 1.0
28.0 0.949852074342 1.0
33.0 1.00496822316 1.0
175.0 0.989881495145 1.0
45.0 1.02056867472 1.0
49.0 0.980500616186 1.0
20.0 1.01815281604 1.0
17.0 1.0142143113 1.0
141.0 1.05821351617 1.0
12.0 1.0430256358 1.0
104.0 1.00667658717 1.0
122.0 1.01664219557 1.0
93.0 1.01252702905 1.0
55.0 1.0242532054 1.0
155.0 1.01916599188 1.0
190.0 5.28746241986 1.0
106.0 0.999228594147 1.0
108.0 0.917271176496 1.0
128.0 1.05848283732 1.0
88.0 0.961234306713 1.0
147.0 0.958829562377 1.0
107.0 0.975275201754 1.0
60.0 0.99954522473 1.0
139.0 1.00832585789 1.0
116.0 0.945305744829 1.0
138.0 0.985408405481 1.0
40.0 1.00960733385 1.0
149.0 0.983522413074 1.0
192.0 0.139210594578 1.0
188.0 3.35291753741 1.0
77.0 1.01061996082 1.0
126.0 1.00201671834 1.0
64.0 1.01683272142 1.0
145.0 0.897386967472 1.0
3.0 1.00101339405 1.0
object 1	1.0:1.0
192.0 5.09977854388 1.0
106.0 0.972296086408 1.0
142.0 1.04797777059 1.0
74.0 0.99243245321 1.0
152.0 0.992691534283 1.0
188.0 -1.7656628853 1.0
104.0 0.987834231642 1.0
2.0 1.00390199304 1.0
25.0 0.952023847611 1.0
177.0 0.993780786765 1.0
11.0 0.990828569155 1.0
184.0 4.76844919927 1.0
111.0 1.026210138 1.0
92.0 1.02297339913 1.0
170.0 0.978260167339 1.0
102.0 1.0046770407 1.0
51.0 1.0419443057 1.0
47.0 1.03772010962 1.0
183.0 0.0566323914808 1.0
178.0 1.00784276307 1.0
6.0 0.981844541101 1.0
17.0 1.00284482459 1.0
164.0 0.987483208744 1.0
189.0 -0.424021984286 1.0
45.0 1.02953749176 1.0
50.0 1.04530900889 1.0
26.0 0.993493776519 1.0
86.0 1.00296947207 1.0
object 2	1.0:1.0
198.0 -1.51636144785 1.0
162.0 0.990348315883 1.0
55.0 1.02865351431 1.0
128.0 0.944513941737 1.0
155.0 0.982535492409 1.0
68.0 1.0076280279 1.0
71.0 1.05620824893 1.0
136.0 0.998694308875 1.0
189.0 2.19909306755 1.0
166.0 0.971517171354 1.0
164.0 0.979845432256 1.0
132.0 1.01154932609 1.0
25.0 1.01238037236 1.0
81.0 0.947987382503 1.0
197.0 -1.46955220062 1.0
17.0 0.97620131948 1.0
113.0 1.02192631368 1.0
195.0 1.63375761372 1.0
89.0 0.998337585404 1.0
103.0 0.996530537927 1.0
105.0 1.01192618613 1.0
150.0 1.0506230456 1.0
179.0 1.03496679037 1.0
158.0 0.97057098042 1.0
32.0 0.981063509268 1.0
178.0 0.966064915569 1.0
19.0 0.971214932586 1.0
109.0 0.996671300003 1.0
23.0 0.979346037992 1.0
131.0 1.02321169281 1.0
75.0 0.996442952711 1.0
142.0 1.02520262792 1.0
134.0 0.956472507441 1.0
79.0 0.981907720317 1.0
object 3	1.0:1.0
77.0 0.958617686512 1.0
36.0 1.05345406567 1.0
19.0 1.01524583381 1.0
197.0 1.21351096055 1.0
0.0 0.999780534208 1.0
65.0 0.985803295367 1.0
107.0 1.00832381173 1.0
53.0 0.98873773905 1.0
128.0 0.999898292148 1.0
51.0 0.991547886553 1.0
7.0 1.02688676281 1.0
18.0 0.938946409429 1.0
60.0 1.01111537902 1.0
158.0 0.984598787282 1.0
162.0 0.999046890372 1.0
101.0 0.945670710356 1.0
13.0 1.00209762508 1.0
73.0 0.983628358037 1.0
174.0 0.982864674359 1.0
191.0 4.64198377811 1.0
133.0 1.00648357869 1.0
43.0 0.984515836925 1.0
149.0 1.00332376995 1.0
15.0 1.01901135894 1.0
68.0 1.0008458927 1.0
55.0 1.00747334645 1.0
142.0 1.00603242344 1.0
object 4	1.0:1.0
179.0 1.01927126585 1.0
161.0 1.023627555 1.0
62.0 0.958538825394 1.0
45.0 1.03604866308 1.0
130.0 1.02702287233 1.0
87.0 0.954233348957 1.0
112.0 0.993587408124 1.0
46.0 1.03682648586 1.0
33.0 1.00388424103 1.0
164.0 0.992033630928 1.0
108.0 1.03861734276 1.0
183.0 -1.50321101579 1.0
54.0 1.00737675644 1.0
122.0 0.992823058209 1.0
29.0 0.976070372552 1.0
190.0 3.50970183157 1.0
147.0 0.865862778524 1.0
149.0 0.999870421637 1.0
86.0 0.979445066598 1.0
125.0 0.999211084447 1.0
78.0 0.993615635234 1.0
194.0 3.94880910641 1.0
53.0 1.01606488903 1.0
22.0 1.00578687137 1.0
35.0 1.02097827042 1.0
163.0 0.927655608488 1.0
25.0 0.994031989728 1.0
object 5	1.0:1.0
70.0 0.955723299431 1.0
165.0 0.997026994884 1.0
92.0 1.00852671448 1.0
195.0 4.63155676223 1.0
30.0 0.985546771268 1.0
184.0 2.12000225644 1.0
105.0 0.996421227702 1.0
131.0 1.00153951641 1.0
117.0 0.995538586568 1.0
35.0 1.00722251186 1.0
194.0 10.6026445519 1.0
175.0 0.99455807288 1.0
63.0 1.01753288133 1.0
81.0 0.971561164829 1.0
132.0 0.990291719613 1.0
135.0 1.03943071793 1.0
190.0 0.144896401163 1.0
168.0 1.01086186062 1.0
158.0 1.04288880962 1.0
67.0 0.975841765324 1.0
21.0 0.952402647101 1.0
121.0 0.933443946694 1.0
27.0 0.994765962211 1.0
60.0 0.926758595353 1.0
113.0 0.978793148612 1.0
106.0 0.99035729208 1.0
123.0 1.01202409441 1.0
65.0 0.999375267657 1.0
180.0 3.46495530051 1.0
object 6	1.0:1.0
179.0 1.02538151673 1.0
33.0 0.990258129989 1.0
128.0 0.953955729154 1.0
90.0 1.00536409508 1.0
112.0 0.987389155914 1.0
135.0 1.00925325977 1.0
91.0 1.06448797481 1.0
42.0 0.991776403969 1.0
142.0 0.944022705296 1.0
16.0 1.04313028989 1.0
125.0 0.999015748137 1.0
95.0 1.02877015052 1.0
191.0 0.107019177872 1.0
145.0 0.984986914855 1.0
8.0 0.997145936519 1.0
107.0 1.02141155473 1.0
22.0 0.97800031295 1.0
45.0 1.03220687525 1.0
40.0 0.980074785876 1.0
161.0 1.04688207091 1.0
89.0 0.973893733306 1.0
137.0 0.961711930969 1.0
175.0 1.02575190307 1.0
189.0 -0.803066352777 1.0
52.0 0.974299969339 1.0
174.0 1.03522275289 1.0
64.0 0.989233197966 1.0
object 7	1.0:1.0
176.0 0.972555495656 1.0
162.0 1.00549405507 1.0
137.0 0.973803707663 1.0
76.0 1.00220086286 1.0
75.0 1.00165321437 1.0
49.0 0.986956446247 1.0
115.0 0.976792184464 1.0
155.0 0.972110845847 1.0
152.0 1.00291259082 1.0
85.0 1.01471975013 1.0
13.0 1.04458049828 1.0
10.0 1.00071744984 1.0
57.0 0.990252354017 1.0
96.0 0.97899427917 1.0
174.0 0.967206707857 1.0
4.0 0.99535433756 1.0
145.0 0.916497970324 1.0
144.0 0.979321665966 1.0
44.0 1.02665735438 1.0
131.0 1.00027964551 1.0
191.0 1.93552713044 1.0
34.0 1.00930903361 1.0
84.0 0.999699417781 1.0
116.0 1.00981203602 1.0
81.0 0.989438097227 1.0
73.0 0.994841743131 1.0
142.0 0.911554897172 1.0
65.0 1.02018671278 1.0
45.0 0.97584283914 1.0
object 8	1.0:1.0
51.0 1.05373615936 1.0
54.0 0.961174289222 1.0
21.0 0.984251064211 1.0
133.0 0.998008146975 1.0
189.0 -0.34537036951 1.0
81.0 0.954522362581 1.0
103.0 1.01559118028 1.0
135.0 0.999663981469 1.0
115.0 0.989406655399 1.0
73.0 0.940058432972 1.0
190.0 0.0507766933697 1.0
185.0 0.875752267751 1.0
195.0 0.201029926155 1.0
57.0 1.00553243957 1.0
154.0 1.05351705336 1.0
41.0 0.986133570654 1.0
24.0 0.998141359526 1.0
52.0 1.01115276711 1.0
14.0 0.99272116176 1.0
129.0 1.02064274891 1.0
110.0 0.987872840132 1.0
12.0 1.02283469561 1.0
145.0 0.995039943528 1.0
163.0 1.00281627044 1.0
94.0 1.00395856649 1.0
148.0 0.994015325641 1.0
60.0 1.04007068613 1.0
132.0 1.00045667402 1.0
76.0 1.00640630065 1.0
object 9	1.0:1.0
176.0 0.982200299237 1.0
106.0 0.994586075487 1.0
196.0 0.442224818008 1.0
64.0 1.00657596506 1.0
12.0 1.09800037689 1.0
156.0 0.981563020463 1.0
34.0 1.02203613787 1.0
96.0 0.998434106229 1.0
136.0 1.02856221961 1.0
98.0 1.0446692832 1.0
185.0 2.48106267916 1.0
1.0 0.976137039714 1.0
79.0 0.998865015011 1.0
91.0 1.06662241047 1.0
101.0 1.00888442968 1.0
56.0 1.0085838784 1.0
139.0 1.01993249148 1.0
168.0 1.02407448796 1.0
127.0 0.985626612457 1.0
9.0 1.00270163375 1.0
187.0 1.09656937517 1.0
87.0 1.00376556387 1.0
88.0 1.07079572024 1.0
5.0 0.99851233569 1.0
130.0 0.94705591535 1.0
27.0 1.03811230552 1.0
137.0 0.971748193989 1.0
109.0 0.95594941421 1.0
169.0 1.02651057126 1.0
191.0 1.50924278924 1.0
object 10	1.0:1.0
67.0 0.979287775231 1.0
90.0 1.00237258814 1.0
65.0 0.984895420287 1.0
150.0 1.03459177172 1.0
190.0 -0.0475365275538 1.0
170.0 1.03656583234 1.0
178.0 0.972673340324 1.0
108.0 0.999876390131 1.0
195.0 5.4712937921 1.0
138.0 1.02465135536 1.0
162.0 0.996817741025 1.0
199.0 -5.16632522158 1.0
35.0 1.00043206569 1.0
161.0 0.992706394955 1.0
36.0 1.07359768047 1.0
49.0 1.0052482059 1.0
117.0 0.976358009816 1.0
103.0 1.0297819574 1.0
50.0 0.981508294834 1.0
182.0 -1.13858125314 1.0
57.0 0.99304548759 1.0
39.0 1.00582062242 1.0
169.0 0.976193986403 1.0
10.0 0.998007946031 1.0
16.0 1.00236194345 1.0
196.0 2.43432257773 1.0
74.0 0.98622709031 1.0
101.0 0.89671720323 1.0
120.0 1.02669620415 1.0
174.0 1.01737710812 1.0
85.0 1.00435365278 1.0
object 11	1.0:1.0
113.0 1.02705304372 1.0
65.0 1.02792731172 1.0
148.0 1.00230847094 1.0
64.0 0.992808352838 1.0
79.0 0.982521113114 1.0
52.0 0.993523974123 1.0
175.0 0.995019819245 1.0
37.0 1.03980077762 1.0
25.0 1.0091965493 1.0
136.0 0.97140366709 1.0
183.0 1.77330882438 1.0
81.0 0.990885632415 1.0
93.0 1.00063279256 1.0
101.0 0.931639268006 1.0
143.0 1.01478236893 1.0
47.0 1.0304562016 1.0
129.0 0.993729531655 1.0
94.0 1.00537099619 1.0
6.0 0.963783115652 1.0
97.0 1.01194307515 1.0
5.0 0.99375890649 1.0
11.0 0.973423158806 1.0
61.0 0.994380397126 1.0
88.0 1.09902118114 1.0
124.0 1.00110434544 1.0
96.0 1.00663186643 1.0
21.0 0.997743510386 1.0
33.0 1.00858278756 1.0
135.0 1.0083786234 1.0
object 12	1.0:1.0
88.0 1.01452016345 1.0
80.0 0.943838684332 1.0
43.0 0.976577533222 1.0
11.0 0.979273936126 1.0
42.0 0.9853171545 1.0
69.0 0.988107232896 1.0
125.0 1.0722787691 1.0
184.0 -2.82478782679 1.0
195.0 4.11175759437 1.0
173.0 1.0057747482 1.0
155.0 0.929733489662 1.0
188.0 4.54358961021 1.0
82.0 0.921523841772 1.0
14.0 0.890649763475 1.0
47.0 1.08238613824 1.0
49.0 1.02834133506 1.0
138.0 1.02814066948 1.0
122.0 0.984952859521 1.0
186.0 1.63699764075 1.0
146.0 1.01155914537 1.0
152.0 1.00777023889 1.0
192.0 -5.16923707125 1.0
105.0 0.999483373583 1.0
71.0 0.982230394576 1.0
109.0 0.978204579395 1.0
95.0 1.01767072171 1.0
104.0 1.02552014111 1.0
23.0 0.995114653701 1.0
128.0 1.03365978614 1.0
61.0 1.00751155932 1.0
100.0 0.936599941729 1.0
174.0 1.0116597983 1.0
38.0 0.985640086162 1.0
18.0 1.03626606763 1.0
149.0 0.981144746928 1.0
3.0 1.00756900223 1.0
46.0 0.932696785391 1.0
16.0 1.01402724519 1.0
object 13	1.0:1.0
1.0 1.02881965735 1.0
164.0 1.01074842116 1.0
188.0 2.52689973862 1.0
19.0 1.03579973596 1.0
48.0 0.983922370314 1.0
133.0 0.996612980532 1.0
182.0 0.774231058788 1.0
165.0 0.980531103188 1.0
177.0 0.986667336763 1.0
38.0 0.963933206305 1.0
170.0 1.0096383247 1.0
86.0 0.964290614909 1.0
191.0 0.0574142658713 1.0
119.0 0.968863585184 1.0
158.0 1.00886390698 1.0
195.0 6.78861407275 1.0
77.0 0.987906300378 1.0
99.0 1.00021686122 1.0
141.0 0.983053728075 1.0
31.0 0.998902231248 1.0
14.0 0.937235247975 1.0
9.0 0.97741948376 1.0
33.0 0.995447105938 1.0
143.0 0.949024353293 1.0
146.0 1.0153663275 1.0
49.0 1.02208728826 1.0
object 14	1.0:1.0
65.0 1.00959694267 1.0
140.0 1.04484750601 1.0
67.0 0.966467941204 1.0
130.0 0.906365295051 1.0
166.0 1.03337703492 1.0
110.0 0.987806586267 1.0
144.0 0.999460573099 1.0
17.0 1.03989384002 1.0
58.0 0.964506331225 1.0
187.0 1.86454383688 1.0
93.0 1.00315607629 1.0
183.0 4.46725811188 1.0
173.0 0.978224173569 1.0
146.0 0.992079409048 1.0
89.0 1.01483468822 1.0
96.0 0.991384786694 1.0
182.0 -0.112302484071 1.0
29.0 1.01862413997 1.0
170.0 0.979881012136 1.0
131.0 1.01169937538 1.0
41.0 1.04241414477 1.0
127.0 0.970598329441 1.0
2.0 1.04063605926 1.0
30.0 1.01052028373 1.0
79.0 1.0067835935 1.0
12.0 0.979930810488 1.0
28.0 1.00754051667 1.0
74.0 1.00111286961 1.0
90.0 1.02870010905 1.0
26.0 1.01091005445 1.0
object 15	1.0:1.0
54.0 0.997158211457 1.0
192.0 1.81788746139 1.0
138.0 1.01280730628 1.0
86.0 1.00394808219 1.0
81.0 0.998332872873 1.0
71.0 0.990972063347 1.0
78.0 0.974995390994 1.0
73.0 1.01385775069 1.0
21.0 1.02144874197 1.0
105.0 0.995635990373 1.0
140.0 0.978055879508 1.0
199.0 4.0775459835 1.0
115.0 1.00353915548 1.0
66.0 0.984184275835 1.0
87.0 1.03644391493 1.0
55.0 0.993339687544 1.0
126.0 0.97984916447 1.0
7.0 1.0048843111 1.0
176.0 1.0056967581 1.0
18.0 0.984784678026 1.0
114.0 0.991133973385 1.0
51.0 0.956772447795 1.0
70.0 0.988880349745 1.0
49.0 1.01472087185 1.0
108.0 1.04863104082 1.0
181.0 -1.03629345998 1.0
object 16	1.0:1.0
38.0 0.993400662242 1.0
189.0 -1.67714909176 1.0
181.0 0.923687631321 1.0
42.0 0.996546293348 1.0
199.0 -10.1866325818 1.0
137.0 1.01906800052 1.0
192.0 1.04357889838 1.0
56.0 1.00729759844 1.0
31.0 0.968268499635 1.0
172.0 1.00308537703 1.0
127.0 1.03273287909 1.0
49.0 1.00103272988 1.0
67.0 1.00228647694 1.0
53.0 1.04446925276 1.0
69.0 1.01950952164 1.0
120.0 1.00005836872 1.0
85.0 0.998031287428 1.0
138.0 0.999237025665 1.0
4.0 1.04007200163 1.0
139.0 0.999222182218 1.0
44.0 0.999357029649 1.0
129.0 0.981092016497 1.0
66.0 0.972705855336 1.0
97.0 0.980796381772 1.0
143.0 1.0509032619 1.0
141.0 1.07771358032 1.0
105.0 0.995725199649 1.0
13.0 1.00578225256 1.0
32.0 0.968360630416 1.0
177.0 1.00893273109 1.0
101.0 1.03145096099 1.0
99.0 0.99380444729 1.0
194.0 -1.58515064666 1.0
30.0 1.00379812385 1.0
146.0 0.961405431459 1.0
169.0 0.983526738808 1.0
98.0 1.02023968061 1.0
40.0 0.994173377025 1.0
182.0 1.92367207882 1.0
0.0 1.05598831087 1.0
125.0 0.905506528921 1.0
object 17	1.0:1.0
186.0 -0.0507885690308 1.0
109.0 0.971121301586 1.0
126.0 1.00686564333 1.0
174.0 0.977005395723 1.0
91.0 0.977885886151 1.0
122.0 1.01828938922 1.0
197.0 4.94505863617 1.0
10.0 1.00347885187 1.0
39.0 0.982035524085 1.0
148.0 0.9853109497 1.0
189.0 3.58602756031 1.0
170.0 0.992621736575 1.0
117.0 1.00587204746 1.0
59.0 0.981187105143 1.0
33.0 1.00752482551 1.0
2.0 1.02274486088 1.0
163.0 1.09874473887 1.0
199.0 4.1752294876 1.0
14.0 0.90567665157 1.0
26.0 1.02186397016 1.0
15.0 0.983353806313 1.0
90.0 0.988340040643 1.0
76.0 1.00144210306 1.0
30.0 0.999120039225 1.0
153.0 1.00366996146 1.0
47.0 1.00305611862 1.0
151.0 0.952196578092 1.0
56.0 1.03041645371 1.0
141.0 0.952041787582 1.0
168.0 1.02082893132 1.0
112.0 1.01022772585 1.0
198.0 2.08828007553 1.0
161.0 0.962508411749 1.0
121.0 1.01826796616 1.0
136.0 1.0595765869 1.0
144.0 1.0311280101 1.0
158.0 1.04042190719 1.0
object 18	1.0:1.0
156.0 1.01027565535 1.0
140.0 1.02588520256 1.0
119.0 0.980454092521 1.0
38.0 0.92083223502 1.0
198.0 -0.731544042694 1.0
92.0 0.999644749637 1.0
77.0 0.972372931033 1.0
61.0 1.03270400446 1.0
81.0 1.01427808836 1.0
150.0 1.01398206831 1.0
16.0 1.01243139255 1.0
44.0 1.00193512221 1.0
172.0 0.976772375099 1.0
195.0 6.97441569756 1.0
136.0 1.06092474993 1.0
129.0 1.00012026358 1.0
47.0 0.966551633496 1.0
79.0 0.977633089148 1.0
6.0 0.962027820223 1.0
25.0 0.927712678093 1.0
175.0 0.982347653059 1.0
151.0 1.09854305609 1.0
97.0 0.930013829319 1.0
178.0 1.01984772807 1.0
153.0 1.01207356252 1.0
85.0 0.990108185984 1.0
27.0 1.00155911575 1.0
196.0 -0.480472760841 1.0
152.0 1.02690702302 1.0
73.0 0.996250318344 1.0
93.0 1.00741983781 1.0
5.0 1.01055042096 1.0
12.0 0.962313558184 1.0
object 19	1.0:1.0
123.0 1.01344958143 1.0
150.0 0.985603803401 1.0
173.0 1.04998353796 1.0
197.0 1.16969890575 1.0
185.0 -0.649993846347 1.0
46.0 0.989320479522 1.0
110.0 1.01363345249 1.0
174.0 1.03389338914 1.0
7.0 0.99416660027 1.0
108.0 0.95457147623 1.0
4.0 1.00453448241 1.0
20.0 1.05791121516 1.0
126.0 1.0083838147 1.0
8.0 0.975335650703 1.0
68.0 1.00116872873 1.0
159.0 0.984766989253 1.0
183.0 -0.720155289972 1.0
113.0 0.969845832367 1.0
148.0 0.992035947693 1.0
16.0 0.987979175339 1.0
151.0 1.05466092713 1.0
66.0 0.995011735335 1.0
44.0 1.00983278592 1.0
125.0 0.98331665046 1.0
21.0 0.967554012886 1.0
169.0 1.03199879473 1.0
129.0 1.01714383 1.0
116.0 1.04179850421 1.0
179.0 1.00726977092 1.0
190.0 1.59174282075 1.0
74.0 1.013312394 1.0
object 20	1.0:1.0
42.0 1.02277597053 1.0
110.0 1.01445496651 1.0
63.0 0.975288164499 1.0
102.0 1.05480613977 1.0
78.0 1.02078501108 1.0
123.0 1.04212373267 1.0
27.0 1.01748729171 1.0
30.0 0.990033021013 1.0
98.0 0.994246421292 1.0
166.0 1.02825838363 1.0
129.0 0.993511089963 1.0
17.0 0.986287407828 1.0
187.0 1.4823501241 1.0
120.0 1.09310830451 1.0
33.0 1.02536793454 1.0
138.0 1.00352272851 1.0
171.0 0.974637554673 1.0
22.0 0.97697246349 1.0
156.0 0.978919542899 1.0
148.0 0.984187349513 1.0
154.0 1.02257405185 1.0
object 21	1.0:1.0
23.0 0.986610463999 1.0
111.0 0.992977905848 1.0
159.0 0.999564982674 1.0
96.0 0.982137997634 1.0
88.0 0.999658382317 1.0
156.0 0.985568768872 1.0
199.0 1.60924621337 1.0
24.0 1.01720128655 1.0
49.0 0.999879432534 1.0
177.0 1.00212909614 1.0
108.0 0.985565530855 1.0
20.0 0.963180034202 1.0
133.0 0.993882879371 1.0
143.0 0.962539097597 1.0
53.0 0.919148874152 1.0
185.0 1.99092609104 1.0
73.0 0.964642573787 1.0
89.0 1.03990887505 1.0
55.0 1.01048357121 1.0
70.0 1.01105415772 1.0
155.0 1.07279312444 1.0
95.0 1.01760695909 1.0
78.0 0.973448200515 1.0
8.0 0.988046967776 1.0
56.0 1.02530691515 1.0
25.0 1.02186363466 1.0
74.0 0.996482406982 1.0
44.0 0.969000245768 1.0
84.0 0.988846902208 1.0
61.0 1.00053546655 1.0
191.0 -6.74906133812 1.0
object 22	1.0:1.0
158.0 0.965010441926 1.0
49.0 0.985463224817 1.0
7.0 0.973427170266 1.0
186.0 8.13499415827 1.0
194.0 5.98401110802 1.0
74.0 0.997007977668 1.0
175.0 0.99308432268 1.0
37.0 1.04838116027 1.0
35.0 1.04670046442 1.0
46.0 0.95666539055 1.0
118.0 0.970016199162 1.0
176.0 1.00711191129 1.0
121.0 0.938039082601 1.0
45.0 0.968791178643 1.0
192.0 1.12179331468 1.0
16.0 0.969326705057 1.0
109.0 0.968274691398 1.0
184.0 -1.50657387721 1.0
58.0 0.965471944726 1.0
94.0 0.99389612196 1.0
24.0 1.02898295825 1.0
144.0 0.974665490517 1.0
116.0 0.985849371353 1.0
object 23	1.0:1.0
37.0 1.04053603621 1.0
9.0 0.963068699055 1.0
51.0 0.935608301114 1.0
134.0 0.950050498401 1.0
138.0 1.02565638792 1.0
1.0 1.02892147283 1.0
109.0 1.06539671427 1.0
150.0 1.0032180136 1.0
82.0 0.994838980328 1.0
77.0 0.982524042052 1.0
36.0 0.928115188855 1.0
188.0 2.59466257872 1.0
135.0 0.950476436264 1.0
102.0 1.01408840274 1.0
38.0 0.964086854903 1.0
18.0 0.992212012662 1.0
73.0 0.976528247125 1.0
184.0 -4.45537775614 1.0
180.0 2.69623742122 1.0
141.0 0.998870587892 1.0
19.0 0.937254982658 1.0
137.0 0.979892394819 1.0
69.0 1.07642434908 1.0
105.0 1.01171958987 1.0
197.0 1.81752087539 1.0
24.0 1.00286820774 1.0
174.0 1.01704252834 1.0
15.0 1.00815190419 1.0
object 24	1.0:1.0
50.0 1.06578970806 1.0
145.0 1.07496428294 1.0
193.0 2.67499223465 1.0
133.0 0.949281987606 1.0
125.0 0.952111752859 1.0
43.0 1.01381724476 1.0
159.0 1.00986154112 1.0
65.0 1.0082830799 1.0
9.0 1.0962101286 1.0
187.0 1.61846712227 1.0
113.0 1.04362529072 1.0
167.0 0.987398024303 1.0
44.0 1.03155548702 1.0
87.0 0.998668107571 1.0
71.0 1.04169511494 1.0
13.0 1.03605938581 1.0
28.0 0.987748532469 1.0
151.0 0.978684825604 1.0
180.0 4.58663480503 1.0
91.0 0.975856146822 1.0
60.0 1.01743421388 1.0
182.0 4.26198043031 1.0
66.0 1.02031041412 1.0
7.0 1.0002794029 1.0
146.0 0.995735464307 1.0
135.0 0.978464365203 1.0
99.0 1.11032875157 1.0
31.0 0.963374877496 1.0
123.0 1.03794515314 1.0
19.0 0.867972959627 1.0
108.0 0.994930286403 1.0
2.0 0.986292244839 1.0
191.0 4.62445698726 1.0
42.0 0.987681934449 1.0
object 25	1.0:1.0
14.0 1.06200936113 1.0
48.0 0.892067870934 1.0
0.0 0.975426001567 1.0
23.0 0.986361390493 1.0
190.0 2.52772999959 1.0
198.0 -0.0850420874617 1.0
22.0 0.943975609368 1.0
51.0 0.97519525591 1.0
152.0 1.01995904906 1.0
185.0 3.14914090548 1.0
189.0 -4.9080390608 1.0
176.0 0.948293721448 1.0
88.0 1.01709912088 1.0
93.0 1.00006146891 1.0
159.0 0.973122872818 1.0
72.0 0.992009237709 1.0
131.0 1.04733407248 1.0
188.0 12.1310020862 1.0
79.0 1.03394589195 1.0
85.0 0.995408410911 1.0
157.0 1.00495874775 1.0
49.0 1.00475508071 1.0
60.0 0.97667004757 1.0
43.0 0.977627925456 1.0
100.0 1.00429856112 1.0
44.0 0.919880483112 1.0
object 26	1.0:1.0
119.0 1.03607573231 1.0
76.0 0.984034503064 1.0
6.0 0.97814230972 1.0
45.0 1.00503503064 1.0
198.0 2.29429765187 1.0
133.0 1.01305591221 1.0
87.0 1.06621661436 1.0
186.0 6.55793141212 1.0
83.0 1.02536271581 1.0
88.0 0.95826308258 1.0
61.0 1.03398211817 1.0
130.0 1.06536980451 1.0
29.0 0.97324974316 1.0
51.0 1.03580383676 1.0
18.0 1.03596736085 1.0
114.0 0.929827583512 1.0
12.0 1.01717675294 1.0
188.0 1.2149752096 1.0
141.0 0.92757790478 1.0
28.0 0.989465855543 1.0
69.0 0.97865810177 1.0
111.0 0.994910690954 1.0
16.0 0.982428490014 1.0
43.0 1.00421136067 1.0
167.0 1.01420685731 1.0
99.0 0.987010909076 1.0
39.0 0.984039168875 1.0
23.0 1.03425836813 1.0
object 27	1.0:1.0
106.0 0.974966747373 1.0
74.0 0.990356023967 1.0
165.0 1.00485723376 1.0
45.0 0.990162043812 1.0
75.0 0.984935935735 1.0
80.0 1.04370211342 1.0
184.0 -1.9768052389 1.0
139.0 0.997956969238 1.0
23.0 0.962617886602 1.0
123.0 0.982954989236 1.0
169.0 1.0517846308 1.0
194.0 0.503949592349 1.0
49.0 0.991345116246 1.0
160.0 0.998680193452 1.0
116.0 1.01157556079 1.0
175.0 1.00808266686 1.0
197.0 4.81231164366 1.0
48.0 1.03549136116 1.0
132.0 1.01487099841 1.0
131.0 1.01016764658 1.0
114.0 1.01638720724 1.0
137.0 0.958066283236 1.0
4.0 1.0373010232 1.0
89.0 0.968495815154 1.0
19.0 0.9263260011 1.0
82.0 0.982193456616 1.0
97.0 0.991267277123 1.0
115.0 1.00212486891 1.0
100.0 0.991708237153 1.0
72.0 1.02078823163 1.0
object 28	1.0:1.0
198.0 0.229525404897 1.0
71.0 0.984517525424 1.0
179.0 0.982026325023 1.0
149.0 1.06009999283 1.0
162.0 1.01685498456 1.0
64.0 1.02962411913 1.0
118.0 1.05621170934 1.0
86.0 1.01906352434 1.0
98.0 1.04971729979 1.0
197.0 -4.78151561811 1.0
153.0 0.985082241801 1.0
75.0 1.05411198906 1.0
191.0 2.11481810789 1.0
182.0 5.93205958135 1.0
40.0 1.03278091689 1.0
131.0 1.02025227141 1.0
168.0 0.996252551672 1.0
190.0 -1.63046338349 1.0
20.0 0.952192599112 1.0
44.0 0.986573218532 1.0
107.0 0.958212365544 1.0
150.0 1.12404540154 1.0
16.0 1.01276654129 1.0
11.0 0.977137544995 1.0
23.0 0.978284732444 1.0
61.0 1.00847324026 1.0
3.0 1.01396694719 1.0
35.0 0.961279563063 1.0
24.0 1.00290585816 1.0
163.0 0.994971216001 1.0
90.0 0.957492308297 1.0
166.0 0.999833365067 1.0
84.0 1.00280538428 1.0
30.0 1.01610446206 1.0
12.0 1.04093761415 1.0
4.0 1.00088612614 1.0
72.0 1.02417349812 1.0
object 29	1.0:1.0
197.0 -3.39488094487 1.0
141.0 1.01520441391 1.0
59.0 1.02131659518 1.0
156.0 1.01983416967 1.0
5.0 0.998236803437 1.0
39.0 0.989164700646 1.0
148.0 1.01476234277 1.0
57.0 0.985371325306 1.0
0.0 0.971567987432 1.0
14.0 1.04996524185 1.0
66.0 1.02249321458 1.0
89.0 0.989622813649 1.0
186.0 1.99143554663 1.0
55.0 0.990029693859 1.0
11.0 1.01408968245 1.0
2.0 1.00116601828 1.0
149.0 0.942379319333 1.0
34.0 1.03455418695 1.0
124.0 1.01439171771 1.0
133.0 0.998704731919 1.0
92.0 1.02084025432 1.0
121.0 0.99433478013 1.0
51.0 1.02240931083 1.0
103.0 1.01991806889 1.0
15.0 1.00887648215 1.0
65.0 1.00213488945 1.0
106.0 1.02534400046 1.0
7.0 1.00416371179 1.0
150.0 0.947899696504 1.0
175.0 0.985896772325 1.0
37.0 1.00616487604 1.0
85.0 0.986525360235 1.0
44.0 1.04204431451 1.0
193.0 6.35633437587 1.0
76.0 1.00666816216 1.0
object 30	1.0:1.0
39.0 1.00259080006 1.0
21.0 1.01087763798 1.0
65.0 1.01230465833 1.0
106.0 1.02812162489 1.0
66.0 0.993984909438 1.0
38.0 1.00094460878 1.0
56.0 0.993480811447 1.0
191.0 0.0105607798775 1.0
77.0 0.985600809402 1.0
150.0 0.984639228727 1.0
84.0 1.00742371597 1.0
119.0 1.02510107079 1.0
6.0 0.985484696396 1.0
53.0 1.00252811027 1.0
16.0 1.08531861462 1.0
57.0 1.01646364159 1.0
43.0 0.998910712157 1.0
172.0 0.992469806271 1.0
113.0 1.05181979263 1.0
103.0 1.00458009136 1.0
55.0 1.00835901583 1.0
156.0 0.993949706635 1.0
184.0 -1.03312141247 1.0
19.0 1.03121743395 1.0
148.0 1.02098971628 1.0
93.0 1.00653791893 1.0
107.0 1.07296501342 1.0
37.0 1.0399999031 1.0
155.0 0.922769977584 1.0
14.0 1.02599147626 1.0
79.0 1.01323589193 1.0
128.0 1.03200229947 1.0
197.0 0.434890348156 1.0
122.0 0.999329499388 1.0
1.0 0.947332019454 1.0
13.0 0.991621681108 1.0
object 31	1.0:1.0
199.0 0.582058854367 1.0
182.0 0.142878999765 1.0
35.0 0.993689583398 1.0
178.0 1.00985958935 1.0
21.0 0.994917639062 1.0
64.0 1.00126703778 1.0
37.0 0.996439590785 1.0
116.0 0.992759329854 1.0
163.0 0.980192531367 1.0
112.0 0.989464890624 1.0
39.0 0.985303511009 1.0
33.0 0.999120450975 1.0
76.0 0.983224702653 1.0
168.0 1.02170734763 1.0
114.0 0.963000059685 1.0
84.0 1.0101655916 1.0
0.0 0.981772056173 1.0
51.0 1.01685117534 1.0
49.0 0.990566251972 1.0
90.0 0.954722619137 1.0
70.0 1.03542726417 1.0
98.0 0.995859951429 1.0
81.0 1.05224505147 1.0
193.0 -4.80731217177 1.0
object 32	1.0:1.0
6.0 1.05448887246 1.0
71.0 0.99519689032 1.0
172.0 0.968933413304 1.0
124.0 0.980312244998 1.0
33.0 1.00400200557 1.0
5.0 1.00838621348 1.0
149.0 1.05447968227 1.0
103.0 0.971089650942 1.0
56.0 1.0115817207 1.0
145.0 1.03132082284 1.0
190.0 -1.57759581711 1.0
65.0 1.00549059012 1.0
67.0 1.04636446054 1.0
181.0 2.40020618444 1.0
84.0 0.994026673839 1.0
107.0 0.926284930976 1.0
97.0 0.921780498214 1.0
3.0 1.01320774441 1.0
92.0 0.972142247319 1.0
19.0 0.961039216135 1.0
37.0 0.97272647037 1.0
94.0 1.03083700001 1.0
23.0 0.969361810227 1.0
196.0 -2.51263317588 1.0
195.0 5.0761905844 1.0
57.0 0.993580617208 1.0
49.0 0.995308158474 1.0
134.0 1.0151653921 1.0
53.0 1.00621120288 1.0
143.0 1.00878646188 1.0
66.0 1.04030469199 1.0
137.0 1.04672424538 1.0
109.0 1.00351317002 1.0
object 33	1.0:1.0
115.0 1.00295951033 1.0
85.0 1.01016114796 1.0
90.0 0.971343554528 1.0
107.0 1.01119164847 1.0
13.0 0.915772148756 1.0
190.0 1.08683177438 1.0
131.0 1.01965399306 1.0
14.0 1.02727063301 1.0
161.0 0.969121268055 1.0
92.0 0.985560274754 1.0
66.0 0.971154754275 1.0
75.0 1.01227347061 1.0
64.0 1.03973542331 1.0
181.0 -0.21828290064 1.0
180.0 2.03029843316 1.0
102.0 0.943684135478 1.0
139.0 1.00639596271 1.0
97.0 1.04538729995 1.0
47.0 0.996257736272 1.0
136.0 0.971864643026 1.0
38.0 0.946732948863 1.0
79.0 1.01868725867 1.0
99.0 0.986046803803 1.0
128.0 1.0021640017 1.0
object 34	1.0:1.0
40.0 0.997927477437 1.0
96.0 1.00604377002 1.0
20.0 0.955001168593 1.0
21.0 0.985270490351 1.0
81.0 1.06847278956 1.0
29.0 1.02833167173 1.0
131.0 0.978674873041 1.0
49.0 1.01404973178 1.0
98.0 0.975689632937 1.0
143.0 0.984172707767 1.0
69.0 1.02330724838 1.0
97.0 1.04227108409 1.0
132.0 1.05261745441 1.0
74.0 0.997301665235 1.0
12.0 1.04292691809 1.0
73.0 0.958830732433 1.0
89.0 1.01140557243 1.0
159.0 1.03136337033 1.0
79.0 0.994893215682 1.0
101.0 0.994970359512 1.0
6.0 0.928052527813 1.0
163.0 0.98599138791 1.0
99.0 1.00412801504 1.0
54.0 0.971191009256 1.0
125.0 1.02806444927 1.0
147.0 0.998191228115 1.0
181.0 2.22050184219 1.0
107.0 1.08252311145 1.0
35.0 1.082825136 1.0
191.0 1.05722332166 1.0
5.0 0.983096879621 1.0
33.0 0.977982913547 1.0
36.0 1.02536775668 1.0
106.0 0.966163115147 1.0
157.0 1.03267057711 1.0
object 35	1.0:1.0
65.0 1.00785963001 1.0
137.0 0.989460136909 1.0
104.0 0.95413965426 1.0
69.0 0.977407924254 1.0
77.0 0.978485677258 1.0
86.0 0.9842411619 1.0
56.0 0.965952027444 1.0
151.0 1.06894823739 1.0
195.0 -1.40060463117 1.0
150.0 0.965070069079 1.0
95.0 0.97307885228 1.0
186.0 2.5548873062 1.0
85.0 0.982403386638 1.0
54.0 1.03938551109 1.0
196.0 3.85614124512 1.0
74.0 0.993248021641 1.0
81.0 0.98606089229 1.0
163.0 0.984215114136 1.0
192.0 1.36055580119 1.0
4.0 0.988017737784 1.0
120.0 0.95036383146 1.0
51.0 1.01825236221 1.0
76.0 1.01481952726 1.0
136.0 0.992329153599 1.0
125.0 0.971876783095 1.0
90.0 0.943006205732 1.0
162.0 1.00547471309 1.0
79.0 1.01219298325 1.0
84.0 1.01786545057 1.0
123.0 0.961568234649 1.0
131.0 0.970235512075 1.0
119.0 1.01396982589 1.0
48.0 1.0075213672 1.0
180.0 4.03781862586 1.0
object 36	1.0:1.0
26.0 1.01034312424 1.0
99.0 0.982858542383 1.0
140.0 1.03493768111 1.0
161.0 0.960977589998 1.0
122.0 1.02724946014 1.0
85.0 1.00087621306 1.0
152.0 0.988632884356 1.0
65.0 1.00346004899 1.0
95.0 0.97757919475 1.0
189.0 1.92820431406 1.0
8.0 0.983523981457 1.0
109.0 1.01000367821 1.0
1.0 0.99430769197 1.0
2.0 1.02194731349 1.0
9.0 1.06337468354 1.0
180.0 5.08311108112 1.0
114.0 1.1323926471 1.0
35.0 1.0225454105 1.0
68.0 1.01368152844 1.0
75.0 0.989715737487 1.0
135.0 0.992910580044 1.0
136.0 1.11920391786 1.0
169.0 1.01742690272 1.0
86.0 1.03826951239 1.0
193.0 -2.97878365858 1.0
141.0 0.949979876696 1.0
116.0 0.966322177686 1.0
120.0 1.02083741552 1.0
138.0 0.981034968648 1.0
83.0 1.03577156589 1.0
46.0 0.966156446862 1.0
77.0 0.980140050337 1.0
90.0 0.991969609881 1.0
6.0 0.992382977917 1.0
object 37	1.0:1.0
23.0 0.963356097391 1.0
39.0 1.01450506539 1.0
138.0 0.96994745961 1.0
40.0 1.01077954019 1.0
71.0 1.0709573397 1.0
78.0 0.977364288073 1.0
48.0 1.02508471013 1.0
151.0 1.00215979166 1.0
16.0 1.04485128316 1.0
90.0 0.963090913257 1.0
100.0 0.985619848216 1.0
85.0 0.990740522035 1.0
195.0 3.28711110712 1.0
105.0 1.00606931514 1.0
2.0 0.987969755089 1.0
139.0 0.986666683539 1.0
185.0 0.740286311577 1.0
76.0 0.993954868868 1.0
107.0 1.00529947759 1.0
133.0 1.04384196155 1.0
161.0 1.05076724267 1.0
192.0 1.46384631496 1.0
5.0 1.0139869028 1.0
88.0 0.943317537766 1.0
31.0 1.07937267473 1.0
object 38	1.0:1.0
21.0 0.989132803404 1.0
22.0 0.992396304179 1.0
147.0 0.96309412938 1.0
139.0 1.00727361526 1.0
128.0 1.06107925662 1.0
0.0 0.953463788957 1.0
49.0 0.99864245454 1.0
187.0 1.93591002639 1.0
76.0 0.991711774734 1.0
57.0 0.978636469448 1.0
196.0 -0.615486829124 1.0
81.0 0.98277464437 1.0
132.0 0.952245799717 1.0
5.0 1.00448903103 1.0
45.0 0.979851446387 1.0
95.0 1.00795642087 1.0
46.0 1.04599693318 1.0
149.0 1.07595198545 1.0
194.0 7.91230766023 1.0
199.0 -4.94693237856 1.0
73.0 0.983487816424 1.0
135.0 1.05342707008 1.0
55.0 1.00217958928 1.0
object 39	1.0:1.0
73.0 1.00123316417 1.0
114.0 1.01272444105 1.0
131.0 0.982221580933 1.0
115.0 0.998422676554 1.0
26.0 1.00087894736 1.0
57.0 1.02425050537 1.0
65.0 0.998116635658 1.0
168.0 0.985739742014 1.0
199.0 -0.142446628543 1.0
60.0 0.99926148826 1.0
123.0 1.00600067864 1.0
25.0 1.01361236798 1.0
38.0 1.04322790999 1.0
46.0 1.015407051 1.0
160.0 1.00289692886 1.0
192.0 2.81778202229 1.0
8.0 0.913625023158 1.0
105.0 1.02505792061 1.0
129.0 0.998157784673 1.0
24.0 1.00333935841 1.0
4.0 1.02206838901 1.0
86.0 1.04562306903 1.0
183.0 0.60332281436 1.0
93.0 1.01260515417 1.0
70.0 1.0039168001 1.0
55.0 1.0120310102 1.0
48.0 1.00854719924 1.0
52.0 1.00700816857 1.0
61.0 1.01340389427 1.0
45.0 1.0476093507 1.0
91.0 0.950823449698 1.0
44.0 1.01532093765 1.0
178.0 1.0277938903 1.0
85.0 0.998950922636 1.0
117.0 0.992428041782 1.0
154.0 0.986609318919 1.0
object 40	1.0:1.0
33.0 1.00000189296 1.0
60.0 0.989307938681 1.0
101.0 0.991667193454 1.0
82.0 0.967832770642 1.0
85.0 1.00703661104 1.0
11.0 1.01232219479 1.0
27.0 0.984700437136 1.0
102.0 1.02662942658 1.0
56.0 0.98128855877 1.0
120.0 0.921094785102 1.0
70.0 1.01910462154 1.0
147.0 0.979708131636 1.0
113.0 0.989711038887 1.0
156.0 1.01560824604 1.0
78.0 1.05129170352 1.0
5.0 1.00825164231 1.0
119.0 1.01674580187 1.0
163.0 1.05018957586 1.0
63.0 1.09765135193 1.0
37.0 1.02621855842 1.0
26.0 0.961205147935 1.0
12.0 1.05914494225 1.0
165.0 0.987739296543 1.0
148.0 1.02840535308 1.0
189.0 6.70202408264 1.0
49.0 0.973551947187 1.0
92.0 0.983804623622 1.0
131.0 0.980589219763 1.0
138.0 1.00613992495 1.0
object 41	1.0:1.0
174.0 0.973098101207 1.0
11.0 1.04789299319 1.0
90.0 1.03295153901 1.0
197.0 -1.68787671906 1.0
186.0 -4.4025531977 1.0
55.0 0.98965320373 1.0
66.0 0.991754363343 1.0
136.0 0.928557515016 1.0
144.0 0.97730470214 1.0
135.0 1.06179843569 1.0
146.0 1.00780514243 1.0
143.0 1.04508567504 1.0
162.0 1.00744548897 1.0
130.0 1.06231150127 1.0
38.0 1.02204927811 1.0
76.0 1.0037160058 1.0
86.0 1.00812880609 1.0
165.0 0.994998751819 1.0
36.0 0.949649883676 1.0
139.0 0.975466999806 1.0
84.0 0.99406745739 1.0
34.0 1.01800896352 1.0
109.0 1.01821434882 1.0
8.0 1.02530860943 1.0
0.0 1.03886348079 1.0
122.0 1.02734662693 1.0
4.0 0.975009545222 1.0
1.0 1.00355937695 1.0
7.0 0.993292123306 1.0
5.0 0.987169495363 1.0
151.0 0.968524511041 1.0
102.0 1.00757197967 1.0
74.0 0.988379461539 1.0
153.0 0.985041517639 1.0
187.0 -0.0388539625718 1.0
16.0 1.00319592484 1.0
object 42	1.0:1.0
189.0 2.74469002791 1.0
111.0 1.032929051 1.0
42.0 1.0080243753 1.0
154.0 0.968606139609 1.0
55.0 0.986360061222 1.0
181.0 0.543822208352 1.0
9.0 1.02855083167 1.0
77.0 1.04529493376 1.0
138.0 0.978988111647 1.0
72.0 1.03469156088 1.0
183.0 -0.919404137576 1.0
78.0 0.953955321095 1.0
140.0 0.958178157228 1.0
103.0 1.01880555081 1.0
40.0 0.982515399901 1.0
70.0 1.01766706035 1.0
116.0 1.04460085201 1.0
157.0 0.953903315303 1.0
161.0 0.984009830134 1.0
123.0 1.0243936312 1.0
119.0 0.995703999849 1.0
192.0 -1.37705950328 1.0
191.0 1.45937163014 1.0
105.0 0.984159048537 1.0
3.0 0.996203329641 1.0
51.0 1.01558431466 1.0
106.0 1.05548418163 1.0
87.0 1.00064404952 1.0
130.0 0.940194201483 1.0
10.0 0.984247224222 1.0
66.0 0.932954282757 1.0
73.0 1.01961680402 1.0
object 43	1.0:1.0
33.0 1.01115961582 1.0
165.0 0.986994909419 1.0
95.0 1.02962653633 1.0
59.0 1.05783148062 1.0
147.0 0.929993030552 1.0
51.0 0.957335171542 1.0
103.0 0.976307872607 1.0
199.0 5.33453236333 1.0
2.0 1.03535423984 1.0
53.0 0.950809214348 1.0
94.0 0.986975942376 1.0
29.0 1.00530829011 1.0
44.0 1.00274015108 1.0
174.0 0.968565676997 1.0
168.0 1.00529038472 1.0
52.0 0.983649294928 1.0
56.0 1.00116650636 1.0
3.0 1.00615626714 1.0
113.0 1.03675775731 1.0
76.0 1.01149564968 1.0
167.0 1.01370153488 1.0
84.0 0.966986051702 1.0
99.0 1.01310542716 1.0
135.0 0.958103587221 1.0
116.0 0.967543547121 1.0
58.0 0.950279628282 1.0
115.0 0.98657702981 1.0
36.0 1.04944281538 1.0
197.0 4.53699439573 1.0
140.0 0.984805745838 1.0
82.0 0.999233568359 1.0
35.0 1.0511557331 1.0
120.0 0.966375353177 1.0
5.0 0.978376799936 1.0
8.0 0.989048939493 1.0
155.0 1.05752587957 1.0
object 44	1.0:1.0
82.0 0.993965637264 1.0
158.0 0.968096491013 1.0
107.0 0.970251234433 1.0
26.0 1.00420961809 1.0
112.0 0.989592243152 1.0
116.0 1.06701416769 1.0
11.0 0.995306060869 1.0
105.0 1.00299173814 1.0
153.0 1.01317893735 1.0
40.0 0.976689796503 1.0
73.0 0.968016567139 1.0
20.0 0.998185932068 1.0
74.0 1.01122150194 1.0
102.0 0.972744083201 1.0
95.0 0.989632713986 1.0
96.0 0.99756631592 1.0
9.0 0.979732938652 1.0
148.0 0.977195710151 1.0
2.0 0.970652174615 1.0
85.0 0.999253005014 1.0
124.0 1.03698500003 1.0
27.0 0.963666577415 1.0
184.0 0.721107337311 1.0
77.0 0.961383483233 1.0
21.0 1.0408527598 1.0
172.0 1.00498304654 1.0
87.0 0.965588425703 1.0
17.0 1.00433185978 1.0
168.0 1.03566809541 1.0
object 45	1.0:1.0
116.0 0.976050239435 1.0
133.0 0.989972265182 1.0
107.0 1.07623016641 1.0
177.0 1.00806800966 1.0
68.0 1.01888052031 1.0
161.0 1.03853947571 1.0
167.0 1.01124870951 1.0
143.0 1.01864966968 1.0
117.0 0.990165072434 1.0
56.0 1.03520898835 1.0
48.0 0.9519715182 1.0
154.0 0.987341016346 1.0
25.0 0.987511805441 1.0
28.0 0.941873092081 1.0
70.0 0.958081449457 1.0
122.0 1.00668238248 1.0
38.0 0.986513996058 1.0
12.0 1.0369380348 1.0
131.0 0.97990761786 1.0
184.0 4.66039584854 1.0
94.0 1.01299875673 1.0
13.0 1.0259229722 1.0
80.0 0.972923541096 1.0
86.0 0.977777239649 1.0
146.0 1.00939983773 1.0
87.0 1.02145749557 1.0
114.0 1.02789098113 1.0
51.0 0.993251549472 1.0
object 46	1.0:1.0
36.0 1.05014520498 1.0
123.0 1.01952682166 1.0
100.0 1.02469544005 1.0
159.0 0.941691849688 1.0
90.0 0.991263075752 1.0
125.0 0.970911003746 1.0
83.0 0.974924068494 1.0
179.0 0.994295004854 1.0
118.0 1.01340247738 1.0
85.0 1.00675903598 1.0
12.0 0.989474728886 1.0
5.0 1.00134666489 1.0
23.0 1.01858082148 1.0
193.0 2.49917876933 1.0
8.0 0.98765214079 1.0
76.0 0.996435304904 1.0
185.0 -0.267950419309 1.0
117.0 1.00614729762 1.0
74.0 0.993809048743 1.0
66.0 0.983159547405 1.0
99.0 1.05043016056 1.0
98.0 0.935640256256 1.0
15.0 0.986763009498 1.0
114.0 1.08144492781 1.0
object 47	1.0:1.0
138.0 1.01130073613 1.0
112.0 0.997509233413 1.0
158.0 0.997935514161 1.0
160.0 0.974318376287 1.0
25.0 1.00426375813 1.0
123.0 1.00841274688 1.0
173.0 0.965510798861 1.0
63.0 1.06002750643 1.0
120.0 0.962629688112 1.0
175.0 0.98061643698 1.0
182.0 2.15398142099 1.0
177.0 1.00045725869 1.0
198.0 -1.31485210526 1.0
66.0 1.00733551416 1.0
36.0 0.955979265535 1.0
41.0 1.04358413383 1.0
171.0 1.05558210089 1.0
4.0 1.00503861085 1.0
130.0 1.03416521158 1.0
58.0 0.985786075975 1.0
70.0 1.02245039471 1.0
184.0 4.45349571542 1.0
146.0 1.00126806598 1.0
92.0 0.969539878036 1.0
100.0 1.02295192074 1.0
186.0 0.568746061773 1.0
3.0 1.00281569832 1.0
59.0 1.04233240502 1.0
149.0 1.00076605352 1.0
35.0 1.04614086114 1.0
object 48	1.0:1.0
61.0 0.998988405298 1.0
183.0 0.620140075196 1.0
78.0 0.966424082849 1.0
48.0 1.04709371082 1.0
137.0 1.0175896469 1.0
142.0 0.929635761229 1.0
197.0 -2.54991954663 1.0
28.0 1.02297716354 1.0
111.0 0.999516463934 1.0
81.0 1.01880010855 1.0
166.0 0.99232774066 1.0
143.0 0.980846148415 1.0
43.0 0.996307896813 1.0
133.0 0.98537296861 1.0
91.0 0.994002055068 1.0
168.0 0.982565083736 1.0
19.0 0.964653652463 1.0
0.0 0.880712078095 1.0
39.0 0.994367905063 1.0
34.0 1.00404280742 1.0
21.0 0.982761454696 1.0
52.0 0.9837158863 1.0
171.0 0.973033578568 1.0
116.0 0.984706169077 1.0
55.0 1.00346156612 1.0
94.0 1.01188709735 1.0
148.0 0.951720878313 1.0
31.0 1.03126837894 1.0
14.0 1.02256377896 1.0
108.0 1.01743205193 1.0
190.0 -3.72301735711 1.0
25.0 0.994483375511 1.0
object 49	1.0:1.0
24.0 1.01108677619 1.0
116.0 1.01075531483 1.0
158.0 0.986588638478 1.0
46.0 1.01283046141 1.0
41.0 1.03617520292 1.0
157.0 0.941637836175 1.0
161.0 0.93635849591 1.0
150.0 0.95971578067 1.0
91.0 0.956382075887 1.0
175.0 0.976305096038 1.0
55.0 1.00881853853 1.0
82.0 0.970580631889 1.0
68.0 0.987417267352 1.0
153.0 1.00298954123 1.0
29.0 0.990961298654 1.0
81.0 0.943087901521 1.0
57.0 1.03759279941 1.0
163.0 0.965820057262 1.0
144.0 1.014025547 1.0
170.0 1.00237972398 1.0
194.0 5.65967405611 1.0
16.0 1.03729656134 1.0
33.0 1.00922378567 1.0
187.0 0.39016786428 1.0
6.0 0.991914897456 1.0
151.0 0.99339151311 1.0
124.0 1.00665097822 1.0
61.0 0.97531373872 1.0
70.0 1.01510191509 1.0
object 50	1.0:0.5 -2.37222147623:0.5
184.0 -2.39784067363 1.0
54.0 -2.33277628469 1.0
114.0 -2.41708784136 1.0
112.0 0.963274403524 0.0
71.0 -2.40162620817 1.0
33.0 -2.36350040744 1.0
181.0 -1.72232649215 0.0
108.0 -2.46084930089 1.0
24.0 -2.43395299249 1.0
115.0 1.04130947411 0.0
158.0 0.964378099657 0.0
122.0 -2.31589760205 1.0
125.0 1.06380256636 0.0
103.0 -2.36402577999 1.0
113.0 0.959626340191 0.0
132.0 -2.45701817403 1.0
175.0 -2.31858899184 1.0
81.0 -2.42032679264 1.0
131.0 1.08854603835 0.0
2.0 0.92662082451 0.0
99.0 0.943578865167 0.0
78.0 1.06203805275 0.0
102.0 1.00815712458 0.0
9.0 -2.32318094206 1.0
8.0 -2.34972938769 1.0
59.0 1.0264990932 0.0
172.0 -2.35528254668 1.0
160.0 0.990625854219 0.0
13.0 1.08923683465 0.0
28.0 -2.32448640671 1.0
77.0 0.964538985038 0.0
object 51	1.0:0.5 4.36007477933:0.5
192.0 3.40238932761 0.0
152.0 1.03519455693 0.0
31.0 1.00376536769 0.0
36.0 4.42081606421 1.0
164.0 4.35411810607 1.0
115.0 0.928477788228 0.0
100.0 1.02959700704 0.0
105.0 4.31552433592 1.0
62.0 0.986542072181 0.0
163.0 4.37287770073 1.0
114.0 0.98340596057 0.0
110.0 4.43698649414 1.0
187.0 8.39144484425 1.0
29.0 0.912295362291 0.0
144.0 0.940933944955 0.0
21.0 1.07180886876 0.0
43.0 4.28468030449 1.0
17.0 0.985793854903 0.0
106.0 0.985577225939 0.0
27.0 4.31731760789 1.0
170.0 0.975753527642 0.0
101.0 0.998696871566 0.0
48.0 4.37733042198 1.0
99.0 1.02077414568 0.0
186.0 -2.64358999706 0.0
176.0 4.33714092007 1.0
30.0 4.39395460953 1.0
60.0 0.993156571123 0.0
77.0 4.34389631498 1.0
39.0 4.41322451585 1.0
185.0 4.22600618841 1.0
117.0 4.32476609502 1.0
51.0 0.946253798337 0.0
object 52	1.0:0.5 13.8443806701:0.5
137.0 13.886998036 1.0
89.0 0.979645461833 0.0
23.0 13.8579229668 1.0
8.0 0.959506280101 0.0
65.0 13.799867887 1.0
75.0 0.991671519035 0.0
120.0 13.8559842435 1.0
194.0 0.185989496749 0.0
74.0 1.03038035623 0.0
192.0 16.5971671094 1.0
66.0 1.03423075171 0.0
121.0 1.00962411843 0.0
100.0 1.0177380479 0.0
176.0 13.8421882783 1.0
86.0 0.906627229218 0.0
157.0 13.8499268343 1.0
82.0 13.83776041 1.0
143.0 1.06267706436 0.0
146.0 0.922022389494 0.0
172.0 1.02322576183 0.0
37.0 0.948730705772 0.0
151.0 13.8644560637 1.0
53.0 13.8234758097 1.0
36.0 13.7923095499 1.0
62.0 1.08476561672 0.0
141.0 1.0034327332 0.0
7.0 0.940497957774 0.0
170.0 13.8739430031 1.0
92.0 13.7908829963 1.0
147.0 1.03431072729 0.0
object 53	1.0:0.5 -7.42853058486:0.5
24.0 0.973244967634 0.0
110.0 1.01631322692 0.0
29.0 1.00080858163 0.0
46.0 1.02141820574 0.0
109.0 -7.36703967158 1.0
59.0 -7.41302530856 1.0
126.0 1.05263217706 0.0
98.0 -7.46473126706 1.0
23.0 1.06071980039 0.0
57.0 -7.43226829013 1.0
147.0 -7.390721456 1.0
18.0 -7.44417477768 1.0
52.0 -7.38034228997 1.0
155.0 -7.46566174057 1.0
154.0 -7.43752765764 1.0
2.0 0.972971270694 0.0
195.0 -1.90728963148 0.0
83.0 0.990031479593 0.0
42.0 -7.49543996474 1.0
153.0 0.938858722461 0.0
188.0 -6.53181869999 1.0
118.0 -7.41667170101 1.0
20.0 -7.42421907862 1.0
81.0 0.99641926468 0.0
134.0 -7.33629909529 1.0
82.0 0.932830228098 0.0
88.0 -7.39251946653 1.0
111.0 1.0550599439 0.0
object 54	1.0:0.5 7.66615040805:0.5
23.0 7.69466888795 1.0
108.0 7.66194951239 1.0
75.0 1.01208786963 0.0
177.0 7.57998652991 1.0
169.0 7.63170521183 1.0
36.0 7.61886908084 1.0
27.0 1.12651464769 0.0
184.0 2.15607122958 0.0
57.0 0.970006517138 0.0
11.0 0.968126635406 0.0
107.0 0.941367631186 0.0
86.0 7.57402394869 1.0
148.0 0.996769800626 0.0
156.0 7.70426799535 1.0
89.0 7.68967762848 1.0
146.0 1.03995252093 0.0
32.0 1.00529040719 0.0
175.0 1.09812819386 0.0
37.0 7.68777113227 1.0
30.0 7.65256504035 1.0
6.0 1.04523021097 0.0
18.0 0.960487622179 0.0
2.0 7.6711279235 1.0
180.0 9.27728139963 1.0
83.0 7.71907820518 1.0
94.0 0.953046714925 0.0
51.0 7.70649467891 1.0
object 55	1.0:0.5 2.1371809811:0.5
143.0 1.06159755018 0.0
4.0 0.979550885591 0.0
177.0 0.898909746328 0.0
165.0 2.13056420519 1.0
89.0 2.10021613435 1.0
158.0 2.19725449226 1.0
35.0 2.05932583304 1.0
57.0 2.21695309675 1.0
37.0 1.05887621662 0.0
141.0 2.16375344787 1.0
191.0 7.52569722914 0.0
25.0 0.961909569499 0.0
153.0 0.992547632439 0.0
82.0 0.949365611595 0.0
181.0 2.98595173975 0.0
91.0 2.11727088341 1.0
84.0 1.03932116148 0.0
85.0 1.00209479844 0.0
70.0 2.10993723645 1.0
107.0 0.920624728687 0.0
43.0 2.07610775416 1.0
131.0 2.15453749309 1.0
72.0 2.16867484317 1.0
152.0 2.13522893844 1.0
66.0 2.09436169811 1.0
173.0 2.12426307168 1.0
154.0 2.12632769724 1.0
object 56	1.0:0.5 -8.47561988256:0.5
41.0 -8.42339057363 1.0
109.0 0.933751393159 0.0
69.0 -8.39977274864 1.0
17.0 1.01523024001 0.0
163.0 1.04759981514 0.0
118.0 -8.5047892009 1.0
45.0 1.03630844056 0.0
126.0 -8.48840587705 1.0
71.0 0.98431851206 0.0
114.0 1.01648471072 0.0
113.0 -8.56118537349 1.0
190.0 -7.07439137702 1.0
137.0 1.07499783758 0.0
87.0 -8.44648808871 1.0
149.0 -8.43859533523 1.0
90.0 0.970194525743 0.0
110.0 -8.45222232495 1.0
136.0 -8.44017412894 1.0
169.0 0.985831119472 0.0
105.0 0.973571463347 0.0
177.0 -8.41823359154 1.0
153.0 -8.5073836468 1.0
121.0 -8.4425980291 1.0
129.0 0.964585787177 0.0
132.0 -8.40819683894 1.0
104.0 -8.52636048141 1.0
89.0 0.972158496048 0.0
154.0 -8.54308906148 1.0
49.0 0.962824220654 0.0
144.0 -8.39679020051 1.0
186.0 3.31752653267 0.0
74.0 -8.45333875252 1.0
object 57	1.0:0.5 1.41018828739:0.5
59.0 1.35014083116 1.0
53.0 1.34386697037 1.0
178.0 1.01138663982 0.0
91.0 0.937459996402 0.0
133.0 0.875371374355 0.0
184.0 0.922207545877 0.0
141.0 0.949012250276 0.0
84.0 1.41663372066 1.0
108.0 0.984255122399 0.0
40.0 1.0061740706 0.0
198.0 -1.20069190991 0.0
43.0 1.27988666429 1.0
161.0 1.37851967014 1.0
155.0 1.37880527512 1.0
54.0 0.992203259617 0.0
114.0 1.34980621121 1.0
107.0 0.979046090079 0.0
61.0 1.41140821862 1.0
60.0 0.996683079772 0.0
46.0 1.35502857952 1.0
134.0 1.34918365305 1.0
9.0 1.37778078321 1.0
30.0 1.02638162139 0.0
153.0 0.931621840481 0.0
128.0 1.41996289894 1.0
object 58	1.0:0.5 24.9014453528:0.5
24.0 1.00391175532 0.0
17.0 24.8731011226 1.0
165.0 24.9142455305 1.0
31.0 24.8392463118 1.0
69.0 1.013549901 0.0
150.0 24.9040555887 1.0
55.0 1.08489596602 0.0
172.0 24.9536262861 1.0
54.0 1.05225422201 0.0
51.0 24.8850804221 1.0
184.0 23.5408162193 1.0
153.0 24.8970562503 1.0
181.0 26.372696644 1.0
131.0 24.8273946206 1.0
105.0 24.9159868835 1.0
62.0 24.9098112908 1.0
196.0 -4.83735707065 0.0
0.0 24.912842037 1.0
108.0 24.8763706675 1.0
66.0 24.8773694264 1.0
109.0 0.914129037492 0.0
147.0 0.94960270998 0.0
152.0 1.00255511534 0.0
146.0 1.02238601741 0.0
104.0 24.9028206556 1.0
15.0 24.8574030729 1.0
112.0 24.9109328994 1.0
71.0 24.9245078318 1.0
50.0 1.00282409591 0.0
8.0 24.9275233465 1.0
7.0 24.9537583242 1.0
22.0 0.980547951102 0.0
123.0 1.01681433871 0.0
82.0 24.8783592296 1.0
173.0 1.02744758616 0.0
object 59	1.0:0.5 -8.56348788909:0.5
71.0 0.927835239921 0.0
125.0 0.950744608103 0.0
123.0 -8.56947616225 1.0
192.0 -0.363700650171 0.0
48.0 -8.51789996263 1.0
146.0 -8.62448982604 1.0
174.0 -8.57911491063 1.0
25.0 -8.57593452859 1.0
28.0 -8.64021416471 1.0
162.0 -8.56249784147 1.0
79.0 1.07544833656 0.0
187.0 0.88012675678 0.0
193.0 -3.67745148715 1.0
2.0 -8.59668624679 1.0
129.0 1.0165446564 0.0
110.0 -8.6139783925 1.0
14.0 1.02053281474 0.0
72.0 -8.57771011376 1.0
169.0 1.03772296683 0.0
183.0 -9.04214633981 1.0
29.0 -8.53377721498 1.0
15.0 -8.58653108119 1.0
35.0 -8.62015192272 1.0
67.0 1.08448699768 0.0
19.0 0.980554775196 0.0
184.0 3.11421606429 0.0
107.0 -8.5760177885 1.0
object 60	1.0:0.5 5.71743971801:0.5
39.0 5.73121867798 1.0
104.0 0.946226522214 0.0
156.0 5.68015929017 1.0
75.0 0.951905599265 0.0
132.0 5.74339352321 1.0
143.0 1.05538396661 0.0
80.0 5.60110373188 1.0
26.0 0.92554596841 0.0
179.0 5.68245855556 1.0
83.0 1.00820780988 0.0
163.0 0.956799850836 0.0
165.0 5.68604034313 1.0
42.0 5.73988261768 1.0
64.0 0.940372543549 0.0
145.0 0.919087566782 0.0
170.0 5.70729051743 1.0
139.0 5.69074190189 1.0
164.0 0.933961634399 0.0
46.0 1.01340932679 0.0
85.0 5.78437208726 1.0
24.0 5.72447111073 1.0
70.0 5.69230284271 1.0
0.0 0.948938797361 0.0
147.0 0.95087082433 0.0
169.0 0.966118702297 0.0
154.0 0.93351803487 0.0
177.0 0.986240241688 0.0
1.0 5.67187943561 1.0
74.0 0.968874689352 0.0
120.0 1.02330609606 0.0
object 61	1.0:0.5 12.9508456619:0.5
18.0 0.999090890046 0.0
184.0 14.6114603329 1.0
133.0 1.03230255208 0.0
131.0 13.0213971855 1.0
179.0 1.03695262366 0.0
189.0 -1.76472437088 0.0
21.0 0.960025819245 0.0
140.0 12.9614804597 1.0
63.0 1.049287905 0.0
149.0 12.8983748663 1.0
138.0 12.9602558909 1.0
116.0 0.960782389546 0.0
190.0 -1.48865643028 0.0
146.0 0.967945369335 0.0
139.0 0.992092804505 0.0
81.0 0.928347313253 0.0
155.0 0.985205685147 0.0
199.0 -4.8930257304 0.0
60.0 1.03634253071 0.0
102.0 12.8721199779 1.0
191.0 1.9604228364 0.0
87.0 12.8908502584 1.0
193.0 13.3748908169 1.0
129.0 1.01082517846 0.0
20.0 0.92951622354 0.0
137.0 0.953244102075 0.0
161.0 12.9793469013 1.0
113.0 12.961487466 1.0
181.0 0.523776260835 0.0
51.0 12.8970370347 1.0
101.0 1.00254883262 0.0
12.0 12.8764055614 1.0
object 62	1.0:0.5 2.28633700512:0.5
139.0 2.33185554568 1.0
129.0 1.03650797358 0.0
79.0 1.02825896052 0.0
88.0 1.01213677145 0.0
182.0 0.857223413002 0.0
3.0 2.28563732872 1.0
66.0 2.30977172197 1.0
188.0 -5.62788007283 0.0
61.0 2.35782803055 1.0
111.0 1.0249731599 0.0
181.0 0.607186254449 1.0
14.0 0.983426454851 0.0
9.0 2.33451348514 1.0
173.0 0.943994948121 0.0
138.0 0.943692601276 0.0
106.0 0.985110721636 0.0
156.0 2.34982117094 1.0
189.0 6.45232955416 0.0
26.0 1.0600928272 0.0
12.0 1.02781599956 0.0
42.0 1.02767612831 0.0
123.0 2.26718060228 1.0
157.0 2.27461667697 1.0
125.0 1.00929649442 0.0
53.0 2.32897782176 1.0
148.0 0.964718789267 0.0
47.0 1.01543334618 0.0
28.0 1.03353127678 0.0
149.0 0.991730479154 0.0
object 63	1.0:0.5 -8.25836613362:0.5
12.0 -8.30471092948 1.0
144.0 -8.2639173042 1.0
126.0 1.00702598769 0.0
79.0 -8.26624254136 1.0
74.0 0.912496295457 0.0
164.0 -8.13270423704 1.0
111.0 1.06450003608 0.0
64.0 1.06421958133 0.0
194.0 -5.71850432983 1.0
115.0 0.94944602068 0.0
69.0 1.06655598713 0.0
96.0 -8.25013046871 1.0
28.0 1.0086897426 0.0
1.0 -8.19737850747 1.0
119.0 0.945900810539 0.0
71.0 1.01517536106 0.0
60.0 1.03777580296 0.0
101.0 -8.26550892057 1.0
147.0 0.975396177221 0.0
45.0 -8.30704822527 1.0
184.0 1.02368403525 0.0
31.0 -8.25100451927 1.0
114.0 -8.28419555916 1.0
112.0 1.02450637343 0.0
51.0 0.950695446923 0.0
object 64	1.0:0.5 0.458126737233:0.5
95.0 0.901683395457 0.0
31.0 0.461217529322 1.0
110.0 0.36782890296 1.0
119.0 0.462069942268 1.0
81.0 0.485507506578 1.0
144.0 0.424906571812 1.0
72.0 0.491615431792 1.0
116.0 1.04459924731 0.0
55.0 0.99436916259 0.0
66.0 1.04101072852 0.0
181.0 -2.93764732222 0.0
82.0 1.06286408489 0.0
58.0 0.47479145626 1.0
101.0 0.9951441468 0.0
103.0 1.01430408972 0.0
27.0 0.922109166826 0.0
137.0 0.942788459789 0.0
190.0 0.954333394908 1.0
61.0 0.484193813051 1.0
120.0 0.349720741824 1.0
132.0 0.580448463727 1.0
107.0 0.505772332067 1.0
75.0 0.40692289859 1.0
29.0 0.999207607925 0.0
5.0 0.393546544633 1.0
163.0 1.0458341102 0.0
11.0 0.366947161839 1.0
51.0 0.975355146328 0.0
113.0 0.985904558005 0.0
167.0 0.453725377537 1.0
35.0 0.962275489105 0.0
138.0 0.921496413254 0.0
139.0 0.388946932708 1.0
153.0 0.392995579537 1.0
16.0 1.0204157819 0.0
148.0 0.441595508561 1.0
9.0 1.06716895143 0.0
173.0 1.0289975444 0.0
152.0 0.339268632197 1.0
object 65	1.0:0.5 11.9015952244:0.5
18.0 11.8841568245 1.0
60.0 0.974482272438 0.0
137.0 1.02741673628 0.0
76.0 11.9060579688 1.0
91.0 1.00138565954 0.0
96.0 0.995608251615 0.0
153.0 1.0299186256 0.0
186.0 12.9678464553 1.0
111.0 1.01451404624 0.0
54.0 1.05127026868 0.0
191.0 12.6724769369 1.0
11.0 11.9510357049 1.0
63.0 1.00707817014 0.0
124.0 0.964786504784 0.0
55.0 1.03673936173 0.0
170.0 0.931848597055 0.0
190.0 1.55446319865 0.0
114.0 0.965645668976 0.0
121.0 11.9338400033 1.0
143.0 11.9380353423 1.0
82.0 11.9198646355 1.0
81.0 1.04557837219 0.0
95.0 11.8796273574 1.0
199.0 8.37841691961 1.0
62.0 11.904850475 1.0
59.0 1.07292739078 0.0
29.0 11.9642799712 1.0
154.0 11.8548604039 1.0
4.0 1.00347444816 0.0
37.0 1.09713298844 0.0
196.0 1.15552246938 0.0
32.0 11.9044412628 1.0
134.0 11.9078096597 1.0
object 66	1.0:0.5 2.11073511128:0.5
79.0 0.886030889415 0.0
95.0 2.15017278347 1.0
100.0 1.10408693572 0.0
3.0 0.983402506782 0.0
74.0 2.06484653396 1.0
26.0 1.00058346503 0.0
59.0 2.19320327413 1.0
36.0 1.04654810764 0.0
109.0 0.921276643709 0.0
31.0 0.938323816491 0.0
184.0 0.11151709167 1.0
181.0 -1.994712592 1.0
187.0 0.889555616906 1.0
159.0 2.00216801555 1.0
170.0 0.886666563414 0.0
164.0 2.14556345433 1.0
135.0 2.15577693718 1.0
67.0 0.973138779571 0.0
165.0 0.992419801779 0.0
39.0 0.981752335504 0.0
38.0 2.09960140904 1.0
152.0 1.02353636633 0.0
84.0 0.986087748733 0.0
65.0 1.02799996163 0.0
154.0 2.12358025072 1.0
175.0 1.06281674257 0.0
123.0 2.05468630514 1.0
49.0 2.16807443094 1.0
58.0 2.09501424387 1.0
11.0 1.04864078298 0.0
85.0 2.11908308549 1.0
32.0 0.96247682143 0.0
51.0 0.99974689482 0.0
121.0 1.08690333854 0.0
34.0 1.06232435891 0.0
143.0 2.12169704485 1.0
43.0 2.06084787378 1.0
19.0 2.2036772648 1.0
object 67	1.0:0.5 14.9256923599:0.5
154.0 1.0578427703 0.0
49.0 14.7899054014 1.0
60.0 0.903255915567 0.0
115.0 1.05750929505 0.0
12.0 14.95699068 1.0
102.0 0.958117656847 0.0
161.0 1.05397192369 0.0
116.0 14.8859938481 1.0
89.0 1.05805492325 0.0
73.0 1.03064710495 0.0
156.0 1.06987469706 0.0
10.0 14.8856327432 1.0
118.0 14.9580309855 1.0
106.0 14.872981883 1.0
103.0 0.946122882038 0.0
166.0 14.8650818224 1.0
131.0 0.947338521395 0.0
185.0 13.9896311839 1.0
34.0 1.05419236179 0.0
37.0 1.02194394071 0.0
15.0 14.8898055843 1.0
0.0 14.898699425 1.0
101.0 0.895713242583 0.0
83.0 0.999311254158 0.0
93.0 1.03719631706 0.0
191.0 11.858879922 1.0
160.0 14.9475088299 1.0
64.0 14.9267764576 1.0
69.0 1.00093871009 0.0
140.0 14.9305398716 1.0
193.0 22.9130085663 1.0
172.0 1.02440157753 0.0
195.0 15.6966875623 1.0
82.0 14.9164494782 1.0
94.0 0.961484711706 0.0
130.0 1.0299205518 0.0
18.0 0.959801210345 0.0
142.0 1.01563377113 0.0
126.0 14.8730627601 1.0
91.0 15.0335203695 1.0
183.0 -1.08972451277 0.0
object 68	1.0:0.5 10.3621759527:0.5
111.0 0.955097558531 0.0
114.0 10.3628915602 1.0
34.0 1.00354636934 0.0
110.0 0.985493601008 0.0
59.0 0.922412888752 0.0
119.0 10.366117249 1.0
2.0 1.04993517618 0.0
189.0 4.90216372866 1.0
9.0 1.02437195467 0.0
50.0 0.996698765566 0.0
133.0 10.4224512606 1.0
10.0 10.3763227839 1.0
180.0 10.1816955888 1.0
78.0 10.3315122023 1.0
15.0 10.3836972601 1.0
181.0 12.5170495543 1.0
134.0 10.3577867929 1.0
65.0 10.3590611879 1.0
94.0 0.919857206832 0.0
object 69	1.0:0.5 0.967969897001:0.5
122.0 0.959169829841 1.0
31.0 1.02106915199 1.0
131.0 0.97817021143 1.0
190.0 2.13192201507 0.0
91.0 0.849869953988 1.0
196.0 0.367652392484 1.0
163.0 0.942226537123 1.0
61.0 1.0111830968 0.0
125.0 0.889718495902 1.0
161.0 0.87262466148 1.0
76.0 1.02743146433 1.0
47.0 0.918915118 1.0
88.0 1.00416044565 1.0
22.0 1.03554349583 0.0
164.0 0.962289205749 1.0
13.0 0.957579263427 1.0
147.0 0.923961732821 1.0
46.0 1.03277760129 1.0
5.0 1.0445130556 0.0
72.0 1.00344953403 0.0
107.0 0.974534878489 1.0
120.0 0.922035945036 1.0
167.0 0.956093831668 1.0
15.0 0.980706389112 1.0
44.0 1.01845626414 1.0
124.0 0.94081098172 1.0
80.0 0.93508783635 0.0
68.0 1.00982061334 0.0
115.0 1.04335633746 1.0
150.0 0.900655915962 1.0
199.0 -2.79396840033 1.0
37.0 0.92801023505 0.0
113.0 0.974162151993 1.0
62.0 0.920664131276 1.0
169.0 1.00292734638 0.0
86.0 0.981139066469 1.0
0.0 0.975083871133 1.0
142.0 0.872944946287 1.0
185.0 0.550561958969 1.0
193.0 -0.434359860677 0.0
object 70	1.0:0.5 0.252318024724:0.5
178.0 1.02311470772 0.0
16.0 0.319112163238 1.0
171.0 0.25300917594 1.0
44.0 0.241628432751 1.0
15.0 0.182952337689 1.0
152.0 0.233244157366 1.0
192.0 1.90670652813 1.0
139.0 1.02566959302 0.0
122.0 0.925437332948 0.0
66.0 1.07211598372 0.0
0.0 1.08731516998 0.0
129.0 1.03197163509 0.0
173.0 0.99931886431 0.0
59.0 0.11730860481 1.0
64.0 1.0344629476 0.0
60.0 0.263721752413 1.0
106.0 0.340870572513 1.0
154.0 0.963405921793 0.0
193.0 -0.153575839716 1.0
124.0 1.02568901347 0.0
58.0 1.00028140906 0.0
49.0 0.999587183178 0.0
105.0 1.08238321938 0.0
103.0 1.04193431523 0.0
97.0 0.970333524054 0.0
20.0 0.956761850006 0.0
24.0 0.248819795292 1.0
109.0 0.324947940125 1.0
112.0 1.01353568286 0.0
86.0 0.988281971164 0.0
object 71	1.0:0.5 -0.0605146873165:0.5
198.0 -0.203037906547 0.0
114.0 0.932392894211 0.0
183.0 2.95577894745 0.0
174.0 0.958644452916 0.0
67.0 -0.101277237718 1.0
53.0 0.95321454301 0.0
91.0 -0.0398980046779 1.0
194.0 1.3406244348 0.0
78.0 -0.125550791286 1.0
137.0 -0.133644885796 1.0
75.0 -0.124897454623 1.0
83.0 1.06867147172 0.0
94.0 1.07432211413 0.0
85.0 1.00514332504 0.0
9.0 -0.0526416587178 1.0
195.0 -0.0722143255002 0.0
158.0 0.0136741834447 1.0
21.0 1.0014703759 0.0
35.0 0.973700540452 0.0
179.0 1.02663621763 0.0
74.0 0.0124192190748 1.0
72.0 -0.148883278567 1.0
157.0 0.0445958777971 1.0
99.0 -0.112389497353 1.0
160.0 -0.129316218789 1.0
38.0 0.914707438859 0.0
139.0 0.0511060634494 1.0
140.0 -0.0921476693624 1.0
167.0 0.973002262626 0.0
65.0 -0.0307562338382 1.0
39.0 -0.114952148672 1.0
131.0 -0.0682407309153 1.0
87.0 -0.0823428633737 1.0
136.0 0.916759512767 0.0
128.0 0.951262213205 0.0
object 72	1.0:0.5 -0.313056749259:0.5
138.0 0.992727958868 0.0
94.0 -0.330740725746 1.0
107.0 -0.205368572218 1.0
185.0 -0.00624155457254 0.0
154.0 -0.320543282038 1.0
176.0 -0.318903238775 1.0
127.0 0.98803969176 0.0
82.0 0.991470582323 0.0
186.0 -0.502731680001 1.0
17.0 1.02898812181 0.0
2.0 -0.303319381939 1.0
171.0 -0.385435756369 1.0
148.0 -0.310422208272 1.0
103.0 -0.316049500711 1.0
13.0 -0.366751380073 1.0
190.0 -0.749940016287 1.0
80.0 1.13838071816 0.0
168.0 -0.282210991353 1.0
133.0 1.00764888762 0.0
14.0 0.938013806642 0.0
146.0 1.02610458468 0.0
58.0 -0.342997014723 1.0
11.0 1.05899462154 0.0
140.0 -0.262130033541 1.0
105.0 1.07144879938 0.0
4.0 1.02736155831 0.0
7.0 -0.24814969792 1.0
122.0 -0.281417400535 1.0
193.0 -8.395598076 1.0
10.0 0.991437936831 0.0
161.0 1.00815856212 0.0
1.0 -0.262536235801 1.0
object 73	1.0:0.5 -7.42023197735:0.5
146.0 1.01807715468 0.0
62.0 -7.39335335234 1.0
168.0 0.932481176477 0.0
48.0 -7.39733194338 1.0
57.0 0.983209398122 0.0
153.0 -7.33763396627 1.0
119.0 -7.42410694049 1.0
123.0 1.01010070715 0.0
56.0 -7.3969259236 1.0
65.0 0.933866961836 0.0
1.0 0.953555457559 0.0
86.0 -7.41950711202 1.0
167.0 -7.45645319612 1.0
117.0 0.9747610975 0.0
18.0 0.911921451762 0.0
19.0 -7.42309502227 1.0
66.0 -7.40668394595 1.0
0.0 -7.40061611401 1.0
114.0 -7.48034154182 1.0
92.0 -7.35619826509 1.0
155.0 -7.50481188807 1.0
188.0 -7.65522018972 0.0
108.0 -7.33102745808 1.0
13.0 0.97259620004 0.0
124.0 0.938082359484 0.0
177.0 -7.44381181951 1.0
133.0 0.995122247931 0.0
39.0 1.10059912457 0.0
67.0 -7.33648396198 1.0
140.0 -7.48210075879 1.0
20.0 1.02780406641 0.0
159.0 -7.48570770995 1.0
object 74	1.0:0.5 0.304957839123:0.5
95.0 1.02444792341 0.0
111.0 0.95008641855 0.0
96.0 1.08793512526 0.0
48.0 1.02208059769 0.0
147.0 0.930706740484 0.0
53.0 0.213596028167 1.0
186.0 3.07901616985 0.0
122.0 0.298221370563 1.0
101.0 1.03218640164 0.0
86.0 0.989798016817 0.0
168.0 0.368398929199 1.0
159.0 0.282275939037 1.0
84.0 0.253444334467 1.0
25.0 0.369824224178 1.0
149.0 0.348571355392 1.0
116.0 0.993340432611 0.0
87.0 0.897868635945 0.0
49.0 0.284542765356 1.0
37.0 1.04237949512 0.0
74.0 0.350233836177 1.0
166.0 1.08518809726 0.0
192.0 4.18065578367 0.0
22.0 0.250515432757 1.0
40.0 0.911810581005 0.0
46.0 1.00799108874 0.0
60.0 0.375542616968 1.0
188.0 1.58600605552 1.0
78.0 1.00217578973 0.0
28.0 0.955265616393 0.0
10.0 0.260010922168 1.0
164.0 1.01369140676 0.0
199.0 -4.20661350045 1.0
163.0 0.316782665027 1.0
4.0 1.04091962629 0.0
object 75	1.0:0.5 -15.6289209483:0.5
199.0 -20.4141456067 1.0
184.0 -17.3183003864 1.0
104.0 1.03888147483 0.0
132.0 0.999850874549 0.0
49.0 -15.5766527753 1.0
112.0 -15.6474683824 1.0
80.0 -15.5567862733 1.0
145.0 -15.6076351885 1.0
1.0 -15.5989412741 1.0
168.0 1.07365093809 0.0
23.0 0.983026678876 0.0
35.0 1.05839083886 0.0
40.0 1.01548366103 0.0
122.0 1.06970138916 0.0
75.0 -15.6515441958 1.0
7.0 -15.5940261686 1.0
29.0 0.970699992199 0.0
169.0 1.02701900488 0.0
72.0 1.02861753253 0.0
32.0 -15.7259118454 1.0
89.0 -15.6466857544 1.0
163.0 -15.6205742895 1.0
193.0 1.85258300844 0.0
121.0 1.05259052294 0.0
111.0 0.939579778329 0.0
105.0 0.948383380871 0.0
150.0 0.98343852192 0.0
68.0 -15.545501505 1.0
164.0 -15.6127769188 1.0
146.0 1.00885096351 0.0
object 76	1.0:0.5 4.17876239511:0.5
143.0 4.18753657304 1.0
78.0 4.1949342243 1.0
178.0 4.22119555176 1.0
145.0 4.07861820056 1.0
76.0 4.22542997983 1.0
195.0 5.13436457953 1.0
94.0 4.14924824026 1.0
191.0 2.32145432622 0.0
130.0 1.0031192198 0.0
139.0 1.0245372134 0.0
126.0 1.0163487405 0.0
161.0 4.15473503817 1.0
85.0 1.03912500562 0.0
2.0 4.23416616879 1.0
153.0 4.18467605841 1.0
22.0 4.1923612881 1.0
171.0 4.23798220806 1.0
10.0 4.14253435916 1.0
82.0 1.02675215857 0.0
88.0 4.1959190973 1.0
103.0 1.0302435143 0.0
152.0 4.20817820341 1.0
69.0 4.23934688042 1.0
object 77	1.0:0.5 -6.07382018367:0.5
107.0 -6.17605869781 1.0
48.0 -6.00158542779 1.0
195.0 2.70143598855 0.0
161.0 -6.05314768602 1.0
173.0 -5.97576603513 1.0
53.0 -6.07585166441 1.0
155.0 -6.04060019608 1.0
156.0 0.938670719173 0.0
177.0 0.923435951397 0.0
181.0 3.56342725566 0.0
74.0 -6.11465307789 1.0
7.0 0.956086384266 0.0
75.0 -6.07333405247 1.0
98.0 -5.99865346698 1.0
58.0 0.859540755705 0.0
65.0 1.03203534563 0.0
95.0 1.00171071473 0.0
180.0 -5.51756762991 1.0
111.0 1.11394202009 0.0
34.0 -6.04178337353 1.0
94.0 -6.07906134032 1.0
149.0 -6.0515767101 1.0
136.0 -6.06459274804 1.0
134.0 -6.09257185584 1.0
118.0 0.98493488372 0.0
158.0 1.02604646828 0.0
82.0 0.979736421945 0.0
84.0 0.948684601608 0.0
35.0 0.938087765177 0.0
123.0 0.983970066639 0.0
146.0 1.00063748982 0.0
190.0 -8.92746202559 1.0
44.0 -5.99236104659 1.0
167.0 1.10379664797 0.0
object 78	1.0:0.5 -15.0227519534:0.5
169.0 1.0183595939 0.0
72.0 1.01261358881 0.0
40.0 0.942276623693 0.0
15.0 -14.9031861551 1.0
198.0 -15.6127144736 1.0
189.0 3.16048632984 0.0
65.0 1.1200464809 0.0
168.0 1.03962865348 0.0
61.0 1.07768313256 0.0
30.0 1.1378553326 0.0
134.0 1.08202549292 0.0
47.0 0.999331634213 0.0
82.0 -15.0197932153 1.0
187.0 -17.4330303772 1.0
133.0 -15.1068141937 1.0
128.0 0.978210811661 0.0
71.0 0.979053416302 0.0
163.0 -15.0449768836 1.0
118.0 -15.0804111931 1.0
73.0 1.04341334612 0.0
89.0 -15.0516166109 1.0
28.0 0.952281030021 0.0
54.0 0.9201862045 0.0
23.0 1.02247978057 0.0
0.0 -15.0108815648 1.0
97.0 -15.0116484687 1.0
63.0 -15.0232004563 1.0
38.0 -14.9692131309 1.0
119.0 -15.067188323 1.0
81.0 -15.028955726 1.0
131.0 1.0179795561 0.0
157.0 1.08632265992 0.0
156.0 -15.0672230524 1.0
14.0 1.0786857223 0.0
110.0 0.9996855483 0.0
135.0 -15.0556876121 1.0
object 79	1.0:0.5 -6.22238506196:0.5
140.0 0.960253431158 0.0
89.0 0.986039337382 0.0
104.0 0.999056748772 0.0
134.0 1.03845745316 0.0
143.0 -6.21128335213 1.0
41.0 0.970770655453 0.0
82.0 -6.23357054839 1.0
8.0 -6.15958119562 1.0
118.0 0.974756073875 0.0
150.0 1.09197062162 0.0
110.0 -6.25399907308 1.0
30.0 -6.18786847227 1.0
158.0 -6.27965006187 1.0
0.0 1.11393144827 0.0
105.0 -6.31023752229 1.0
113.0 -6.26175235429 1.0
9.0 -6.28051988934 1.0
163.0 0.943007437232 0.0
75.0 -6.23660888231 1.0
7.0 1.04775202302 0.0
18.0 -6.2483148712 1.0
125.0 -6.17413311978 1.0
199.0 -3.95437718472 0.0
77.0 -6.27612230241 1.0
121.0 -6.20910435635 1.0
85.0 -6.21624598159 1.0
88.0 -6.12926784493 1.0
120.0 -6.24028172027 1.0
114.0 -6.29975799368 1.0
object 80	1.0:0.5 -3.92835816659:0.5
145.0 -3.8348243051 1.0
41.0 1.06566176434 0.0
101.0 1.01430439795 0.0
189.0 -1.1899050452 0.0
152.0 -3.94485804421 1.0
105.0 1.05967766993 0.0
175.0 -3.93797421023 1.0
72.0 -3.99164951216 1.0
58.0 -3.9671819479 1.0
86.0 -4.01123334661 1.0
148.0 -3.94535219432 1.0
68.0 -3.97335105683 1.0
3.0 1.05668857704 0.0
50.0 -3.86955337413 1.0
115.0 -3.87421213995 1.0
118.0 1.00225224661 0.0
186.0 -4.6762844197 1.0
123.0 -3.91725948144 1.0
141.0 0.979857345515 0.0
77.0 -3.94517841779 1.0
99.0 1.09405874988 0.0
147.0 1.03855850171 0.0
104.0 -3.93406842633 1.0
22.0 -3.98271096681 1.0
146.0 1.01459334766 0.0
184.0 -1.2541906825 0.0
106.0 1.07444570545 0.0
125.0 -3.94683872129 1.0
16.0 0.993146946555 0.0
43.0 0.926250852938 0.0
17.0 1.00573160622 0.0
object 81	1.0:0.5 0.118787433177:0.5
168.0 0.910996419391 0.0
28.0 0.962491401943 0.0
121.0 0.126900249726 1.0
91.0 0.0787834211343 1.0
90.0 1.04668976142 0.0
99.0 1.03086565631 0.0
2.0 0.979214868586 0.0
16.0 0.158519909657 1.0
104.0 0.139947613892 1.0
125.0 0.0773523113312 1.0
19.0 0.0818024509555 1.0
0.0 0.0746734662416 1.0
101.0 0.998763298462 0.0
110.0 0.918001233761 0.0
197.0 0.0110546059316 1.0
184.0 -1.27266693796 0.0
193.0 -3.08126278307 0.0
87.0 0.119954485633 1.0
29.0 0.216727529049 1.0
182.0 1.03664141768 1.0
114.0 0.106539400466 1.0
133.0 0.967590065292 0.0
164.0 0.0955271721979 1.0
81.0 0.138394027348 1.0
50.0 0.204971242072 1.0
147.0 0.257672282073 1.0
83.0 0.0942362782171 1.0
39.0 0.938291299861 0.0
30.0 0.101321726886 1.0
153.0 0.0922907098461 1.0
95.0 0.105284923663 1.0
25.0 0.952029551175 0.0
object 82	1.0:0.5 6.50362805022:0.5
136.0 6.57790968432 1.0
19.0 6.45692551574 1.0
141.0 1.00346109706 0.0
106.0 6.42706712972 1.0
186.0 -1.66129278003 0.0
98.0 1.01045788636 0.0
16.0 1.0367657447 0.0
197.0 3.62946702767 0.0
1.0 0.968740508991 0.0
17.0 1.04053548442 0.0
72.0 1.00703120618 0.0
159.0 6.49381984116 1.0
48.0 6.50693068559 1.0
56.0 1.07139838824 0.0
75.0 6.5710254552 1.0
59.0 0.954997296047 0.0
27.0 0.942476690658 0.0
114.0 6.50264565286 1.0
164.0 6.48120137692 1.0
102.0 6.43963958814 1.0
77.0 6.53378724491 1.0
74.0 1.00405277411 0.0
146.0 6.48982043561 1.0
150.0 6.55896832909 1.0
162.0 1.04892850858 0.0
101.0 6.50264884242 1.0
151.0 6.52934733853 1.0
2.0 1.07304148114 0.0
128.0 1.02926830985 0.0
135.0 6.50681100617 1.0
42.0 0.899723067984 0.0
168.0 0.981001215255 0.0
object 83	1.0:0.5 3.31140879357:0.5
47.0 1.06455039252 0.0
174.0 3.30754307606 1.0
128.0 1.04375969709 0.0
121.0 1.02184438195 0.0
142.0 3.3293684544 1.0
80.0 3.36640171229 1.0
123.0 3.2198193527 1.0
151.0 3.31199188546 1.0
141.0 1.01293889166 0.0
193.0 0.211099667745 1.0
154.0 3.32726274605 1.0
153.0 3.31576360654 1.0
84.0 3.3042019159 1.0
161.0 3.34641820265 1.0
93.0 3.29460540519 1.0
112.0 0.999456573663 0.0
114.0 3.32566179162 1.0
73.0 0.986512044548 0.0
97.0 3.3620824142 1.0
68.0 3.3577797421 1.0
199.0 3.12901095578 0.0
116.0 3.26644696852 1.0
168.0 1.04696058689 0.0
156.0 1.0281842058 0.0
48.0 3.3581722027 1.0
17.0 1.02426282389 0.0
182.0 2.2491331165 0.0
147.0 0.941458698292 0.0
164.0 1.09045689898 0.0
140.0 0.898273622093 0.0
61.0 3.24457639855 1.0
179.0 3.27365754273 1.0
132.0 3.36031150221 1.0
71.0 3.2806072988 1.0
object 84	1.0:0.5 2.61993255988:0.5
66.0 2.60522739509 1.0
32.0 2.57666210551 1.0
56.0 1.05718890562 0.0
149.0 1.03758022919 0.0
198.0 3.01787707793 1.0
48.0 2.67215755511 1.0
145.0 1.03989209384 0.0
49.0 2.64699937598 1.0
9.0 2.60630407737 1.0
139.0 0.953025891924 0.0
51.0 2.64780201931 1.0
196.0 -0.870510938553 1.0
168.0 1.02588205708 0.0
46.0 2.57032407099 1.0
167.0 2.65034369945 1.0
95.0 2.64621587847 1.0
106.0 0.937142809341 0.0
10.0 2.60991757041 1.0
102.0 0.992679018541 0.0
73.0 1.01006635933 0.0
15.0 0.920232560916 0.0
91.0 1.02669662022 0.0
54.0 0.985068546169 0.0
74.0 0.947796519659 0.0
71.0 1.04075336567 0.0
41.0 2.65343846881 1.0
4.0 2.56780317798 1.0
object 85	1.0:0.5 -4.53087613102:0.5
163.0 1.02550998516 0.0
176.0 -4.53382329825 1.0
7.0 -4.49487943922 1.0
63.0 -4.6042015123 1.0
73.0 -4.51814611066 1.0
80.0 -4.44042202132 1.0
62.0 1.00377227855 0.0
77.0 0.952991461631 0.0
43.0 -4.49276467608 1.0
91.0 -4.42471962168 1.0
19.0 -4.56186937367 1.0
122.0 1.00842361304 0.0
155.0 0.901845985897 0.0
138.0 -4.57271087067 1.0
3.0 1.03754649684 0.0
166.0 -4.46749259891 1.0
188.0 4.75299275786 0.0
55.0 -4.5061538228 1.0
90.0 1.01744957907 0.0
173.0 -4.60003086165 1.0
34.0 0.948610921666 0.0
170.0 0.904290299974 0.0
96.0 -4.51413845236 1.0
82.0 1.06989359387 0.0
38.0 0.929814717813 0.0
92.0 -4.50194885084 1.0
79.0 -4.58172813911 1.0
27.0 0.920719877554 0.0
192.0 4.01918902838 0.0
140.0 1.03820627769 0.0
76.0 0.988217755337 0.0
66.0 -4.47591174277 1.0
120.0 0.970007011795 0.0
56.0 1.00969381514 0.0
20.0 0.919033518376 0.0
190.0 -1.33885651219 0.0
148.0 -4.50901650377 1.0
150.0 -4.51068343868 1.0
object 86	1.0:0.5 -1.94889527955:0.5
107.0 -1.96992083382 1.0
192.0 0.171361195275 0.0
100.0 1.04203948148 0.0
171.0 -1.99151920132 1.0
12.0 0.927749760316 0.0
168.0 1.05956884512 0.0
46.0 -1.95096675201 1.0
131.0 -1.93765922874 1.0
22.0 1.04685403634 0.0
185.0 1.90565567653 0.0
16.0 -1.96570086238 1.0
123.0 -1.91087152278 1.0
151.0 -2.02901950723 1.0
6.0 0.973452091946 0.0
129.0 -1.92220839567 1.0
139.0 -1.89608797584 1.0
13.0 -1.85096027924 1.0
26.0 0.995440721758 0.0
19.0 1.03497462308 0.0
120.0 -1.9499685478 1.0
1.0 -1.95478958948 1.0
3.0 -2.02243999229 1.0
31.0 -1.89586026024 1.0
35.0 1.07771382381 0.0
object 87	1.0:0.5 3.77425051347:0.5
163.0 1.00415471683 0.0
83.0 0.954345503439 0.0
76.0 3.7707726019 1.0
70.0 3.7629944886 1.0
19.0 3.83452210411 1.0
55.0 3.79366673147 1.0
192.0 3.30581673601 1.0
164.0 3.85244799704 1.0
153.0 0.985673522914 0.0
156.0 1.04307686608 0.0
113.0 3.78248938358 1.0
84.0 1.02834033218 0.0
52.0 1.01654820664 0.0
154.0 0.944990017391 0.0
82.0 0.959481008813 0.0
178.0 3.73948622222 1.0
124.0 3.85531768092 1.0
81.0 1.00720079136 0.0
72.0 0.985904200631 0.0
28.0 1.07702105987 0.0
4.0 1.01186364652 0.0
141.0 3.82459492338 1.0
100.0 0.982504215428 0.0
26.0 1.01526887995 0.0
147.0 3.70926438113 1.0
23.0 3.77294945673 1.0
151.0 3.69576083212 1.0
65.0 0.961212686224 0.0
127.0 3.72434115277 1.0
object 88	1.0:0.5 12.782302221:0.5
165.0 12.7739569765 1.0
114.0 12.7545338672 1.0
117.0 1.03348716196 0.0
43.0 12.7322538913 1.0
96.0 12.6821177241 1.0
32.0 12.8834631508 1.0
87.0 12.8334910317 1.0
90.0 0.958589621485 0.0
52.0 1.08318456888 0.0
47.0 12.8258354136 1.0
150.0 12.8145260731 1.0
61.0 12.7695308636 1.0
91.0 0.954214312717 0.0
121.0 1.00148060327 0.0
118.0 12.7378974483 1.0
144.0 12.8263023466 1.0
116.0 1.00395160838 0.0
172.0 1.06625617308 0.0
81.0 12.807703159 1.0
4.0 12.8147200995 1.0
34.0 12.6768818686 1.0
102.0 0.969317813404 0.0
127.0 12.7259921762 1.0
158.0 0.905330148493 0.0
186.0 0.64668905097 0.0
80.0 12.8194204976 1.0
136.0 0.992174060124 0.0
69.0 1.03518811266 0.0
25.0 12.7891758612 1.0
23.0 1.09592003076 0.0
22.0 0.8968654076 0.0
146.0 1.00108052666 0.0
75.0 12.8359478373 1.0
152.0 0.997983960629 0.0
26.0 1.05427559745 0.0
object 89	1.0:0.5 -8.4730878435:0.5
36.0 -8.49448509996 1.0
21.0 -8.50541652155 1.0
54.0 0.996441107867 0.0
86.0 -8.41101522476 1.0
106.0 -8.4390316032 1.0
61.0 -8.43169965371 1.0
67.0 1.06159410041 0.0
20.0 -8.50203619065 1.0
186.0 -6.81839531001 1.0
40.0 -8.37497510093 1.0
91.0 -8.51723785888 1.0
125.0 0.898300963176 0.0
159.0 0.995897927108 0.0
88.0 0.99202744509 0.0
163.0 -8.44645105968 1.0
30.0 -8.45941371796 1.0
58.0 0.979594819599 0.0
152.0 -8.46452525504 1.0
158.0 1.00549396615 0.0
162.0 1.08728700006 0.0
90.0 0.99397663606 0.0
142.0 0.991039168336 0.0
33.0 -8.39530761506 1.0
2.0 -8.51492260681 1.0
64.0 -8.43593465001 1.0
11.0 -8.47532477827 1.0
41.0 -8.45142060437 1.0
73.0 -8.45265548942 1.0
184.0 -7.18059257138 1.0
23.0 1.06640836235 0.0
84.0 1.03689639912 0.0
object 90	1.0:0.5 -7.38386007361:0.5
98.0 1.04283732479 0.0
67.0 0.984770739241 0.0
161.0 -7.45543770186 1.0
31.0 -7.38817334304 1.0
2.0 -7.40573613747 1.0
58.0 -7.38069500789 1.0
45.0 -7.41524785594 1.0
69.0 0.90143831486 0.0
78.0 1.07559000097 0.0
62.0 -7.26365106742 1.0
157.0 -7.32063209086 1.0
74.0 0.994720578679 0.0
28.0 0.973047330497 0.0
151.0 -7.44876911283 1.0
32.0 -7.39450937362 1.0
129.0 0.963568694288 0.0
52.0 0.956337132461 0.0
85.0 -7.36050315868 1.0
158.0 0.982485924278 0.0
63.0 1.07347416608 0.0
36.0 -7.35692878297 1.0
185.0 -1.61105883597 0.0
5.0 1.00379190398 0.0
193.0 0.913836776678 0.0
162.0 1.02577179431 0.0
50.0 1.00062367005 0.0
20.0 1.02594433406 0.0
169.0 0.957312077491 0.0
126.0 1.1018523421 0.0
149.0 1.03238128902 0.0
183.0 -0.324739135494 0.0
82.0 -7.33661555486 1.0
86.0 1.05177606931 0.0
48.0 0.942197782518 0.0
object 91	1.0:0.5 -5.26589111699:0.5
59.0 1.00146185138 0.0
92.0 0.984477793725 0.0
131.0 -5.24000318975 1.0
91.0 -5.29472649029 1.0
132.0 1.06480135195 0.0
162.0 -5.18753775733 1.0
118.0 1.0550334598 0.0
181.0 -5.92378097712 1.0
7.0 0.931186344376 0.0
133.0 0.925587548704 0.0
0.0 1.02791246835 0.0
117.0 -5.3327172903 1.0
67.0 0.864925901064 0.0
83.0 -5.25265659737 1.0
21.0 -5.37174251941 1.0
98.0 -5.17062874724 1.0
167.0 -5.23773794951 1.0
180.0 1.4018488075 0.0
120.0 -5.31531571302 1.0
194.0 3.25019216124 0.0
94.0 -5.35786469513 1.0
174.0 -5.3218119535 1.0
41.0 0.971189362106 0.0
177.0 -5.29403845123 1.0
39.0 1.022541523 0.0
82.0 -5.34668276243 1.0
object 92	1.0:0.5 -5.72594712914:0.5
123.0 -5.6604276481 1.0
82.0 1.08485261529 0.0
89.0 1.04710020471 0.0
179.0 -5.75477288089 1.0
50.0 0.977916165733 0.0
143.0 -5.72362150413 1.0
107.0 1.04563662202 0.0
37.0 1.1062139331 0.0
26.0 -5.7195104076 1.0
55.0 1.00592145709 0.0
91.0 -5.63676829636 1.0
40.0 -5.74029298385 1.0
14.0 1.06553224377 0.0
80.0 -5.74620402344 1.0
195.0 -7.1354130306 1.0
169.0 1.08251806789 0.0
148.0 -5.72582531355 1.0
163.0 0.958482590882 0.0
137.0 0.998866367129 0.0
158.0 -5.64997510943 1.0
96.0 -5.72058902857 1.0
0.0 1.00256069955 0.0
174.0 0.957491985119 0.0
30.0 -5.70741996313 1.0
147.0 0.962222279498 0.0
4.0 0.996936367523 0.0
156.0 -5.71167827146 1.0
9.0 1.18585851638 0.0
113.0 -5.75724724805 1.0
39.0 -5.72203374759 1.0
198.0 -3.31567639822 0.0
186.0 -8.86837980131 1.0
object 93	1.0:0.5 0.943553623462:0.5
13.0 1.04994592606 0.0
85.0 0.996372452054 0.0
39.0 1.05582618615 0.0
131.0 0.924888217403 1.0
35.0 1.02420454061 0.0
25.0 0.987669103624 1.0
190.0 -2.23284047641 0.0
179.0 0.997147562354 1.0
193.0 4.9639311307 0.0
189.0 5.90277484655 0.0
182.0 1.5440313276 0.0
17.0 0.978124564093 0.0
109.0 1.02779384258 0.0
70.0 0.880660346203 1.0
84.0 0.92522616024 0.0
56.0 1.0522804078 0.0
4.0 0.971568613759 0.0
157.0 1.07635512795 0.0
165.0 1.05861403529 0.0
67.0 1.01108269388 0.0
7.0 0.948245592028 0.0
65.0 0.869050066853 1.0
29.0 0.972049557475 1.0
83.0 0.895725201734 1.0
73.0 0.948619882546 0.0
19.0 0.97820548312 0.0
14.0 0.980063761516 0.0
175.0 0.979633855287 1.0
object 94	1.0:0.5 5.84576409236:0.5
193.0 0.454200728597 0.0
38.0 5.84791664065 1.0
99.0 5.78224875612 1.0
199.0 8.88475997755 1.0
104.0 5.83886487833 1.0
186.0 8.68010726381 1.0
101.0 5.86131173263 1.0
185.0 3.80231575013 0.0
152.0 1.02277754458 0.0
156.0 5.81886052905 1.0
93.0 1.02175720189 0.0
48.0 1.02159921366 0.0
88.0 0.945034116637 0.0
7.0 1.10306741046 0.0
102.0 0.962261664308 0.0
51.0 5.86339964887 1.0
44.0 5.86001708912 1.0
139.0 5.91363498263 1.0
1.0 1.10705732627 0.0
169.0 5.90434223672 1.0
178.0 5.80228187679 1.0
112.0 0.947383188799 0.0
8.0 5.88917576454 1.0
71.0 5.80948598501 1.0
86.0 0.947216061144 0.0
115.0 5.87837421121 1.0
50.0 1.01354838734 0.0
171.0 5.84550344275 1.0
114.0 0.994173802115 0.0
155.0 5.86776551907 1.0
46.0 1.05269724293 0.0
object 95	1.0:0.5 -2.2625238556:0.5
22.0 -2.2973101441 1.0
26.0 0.939141009254 0.0
128.0 -2.24948637621 1.0
61.0 -2.33342323168 1.0
24.0 -2.2899186799 1.0
27.0 0.909356743898 0.0
111.0 -2.2335157091 1.0
166.0 -2.25376271938 1.0
76.0 -2.28120656482 1.0
81.0 1.07187418989 0.0
124.0 -2.30769685362 1.0
186.0 -2.09121712782 0.0
163.0 1.02510620709 0.0
44.0 1.01807826537 0.0
40.0 -2.33111542953 1.0
106.0 0.995471296117 0.0
176.0 1.09857885877 0.0
197.0 2.61876361915 0.0
192.0 -1.5391580527 1.0
21.0 -2.28150158848 1.0
85.0 0.984473488124 0.0
187.0 1.24211711856 0.0
35.0 0.975946399151 0.0
110.0 -2.25616642162 1.0
139.0 -2.23839926401 1.0
190.0 -3.84404174754 1.0
194.0 -3.36411326001 1.0
97.0 -2.23785381355 1.0
195.0 0.720603767035 0.0
117.0 0.974544375102 0.0
41.0 -2.24249327621 1.0
167.0 1.04945464885 0.0
object 96	1.0:0.5 -0.195004006381:0.5
34.0 1.01296786863 0.0
175.0 1.05832361269 0.0
104.0 0.987241349149 0.0
117.0 1.07220858435 0.0
129.0 -0.246704982715 1.0
91.0 0.935751176877 0.0
154.0 -0.133662547079 1.0
10.0 -0.136679322523 1.0
127.0 -0.236459343465 1.0
96.0 1.05802980908 0.0
59.0 -0.220509700276 1.0
45.0 -0.176943163512 1.0
119.0 0.973170705768 0.0
16.0 1.03470448628 0.0
26.0 -0.177522198499 1.0
116.0 0.979026921618 0.0
199.0 1.659546296 1.0
55.0 0.966565464314 0.0
77.0 1.044217985 0.0
89.0 -0.156018305937 1.0
35.0 -0.115538329329 1.0
54.0 -0.228701693843 1.0
60.0 -0.277474171276 1.0
118.0 1.00426891289 0.0
196.0 1.05328556589 1.0
38.0 -0.136220023536 1.0
8.0 -0.167335025068 1.0
31.0 -0.182597871175 1.0
138.0 -0.174084659667 1.0
134.0 1.01304120393 0.0
25.0 0.984977053274 0.0
28.0 -0.21377713834 1.0
object 97	1.0:0.5 9.23352039334:0.5
188.0 -5.48000810607 0.0
23.0 9.14513648694 1.0
5.0 9.31093903356 1.0
69.0 9.27189544717 1.0
169.0 9.20170978009 1.0
18.0 1.05132170462 0.0
177.0 0.977353224988 0.0
56.0 0.94346256981 0.0
16.0 9.20827907101 1.0
3.0 0.91974938671 0.0
44.0 0.973894428528 0.0
33.0 0.924984084786 0.0
26.0 9.23737580836 1.0
111.0 1.00349833964 0.0
143.0 9.27375507152 1.0
2.0 9.20975031665 1.0
98.0 1.06623427102 0.0
130.0 0.976993605605 0.0
168.0 9.31265235109 1.0
174.0 9.29860851563 1.0
116.0 9.29473171437 1.0
167.0 9.22606999703 1.0
86.0 1.07548046491 0.0
181.0 1.03290183275 0.0
82.0 9.24624178808 1.0
154.0 9.20047250615 1.0
22.0 9.25346942582 1.0
object 98	1.0:0.5 5.7292571283:0.5
28.0 1.05002407409 0.0
139.0 5.77909573424 1.0
116.0 5.69813901452 1.0
173.0 5.84219199613 1.0
145.0 1.05215149956 0.0
0.0 0.96422460951 0.0
1.0 5.80956219829 1.0
158.0 0.989270061158 0.0
32.0 0.900785227658 0.0
108.0 5.75102942454 1.0
21.0 5.77138235785 1.0
8.0 5.81518175095 1.0
78.0 0.974161718839 0.0
64.0 0.937745373616 0.0
156.0 0.987020899496 0.0
198.0 6.02524451001 1.0
54.0 0.987309291724 0.0
102.0 1.04166467105 0.0
92.0 1.02006365719 0.0
87.0 1.0097236516 0.0
140.0 1.06153085948 0.0
104.0 1.01794563827 0.0
183.0 0.229952481222 0.0
114.0 0.995615352604 0.0
object 99	1.0:0.5 -3.55218789946:0.5
118.0 0.950943962585 0.0
145.0 -3.5382459199 1.0
87.0 0.92821482069 0.0
23.0 1.07863398138 0.0
174.0 -3.58841570589 1.0
133.0 -3.51712008976 1.0
175.0 0.995062604649 0.0
134.0 0.948180512184 0.0
42.0 1.02166984762 0.0
19.0 0.98617124401 0.0
127.0 -3.57009195494 1.0
8.0 1.00745977726 0.0
140.0 -3.60674721214 1.0
182.0 0.614801646423 1.0
165.0 1.01759089287 0.0
45.0 -3.61840150737 1.0
120.0 -3.57422634075 1.0
100.0 -3.59299767622 1.0
24.0 1.02457447331 0.0
34.0 -3.58782682869 1.0
29.0 -3.62808323165 1.0
52.0 0.932358173843 0.0
122.0 1.02404244757 0.0
162.0 -3.56051459313 1.0
10.0 1.03031767157 0.0
68.0 0.965443337486 0.0
188.0 -0.0706686756722 0.0
186.0 -4.35968114252 1.0
153.0 -3.5641873741 1.0
184.0 0.638178771913 0.0
173.0 1.03397402707 0.0
176.0 -3.54607119577 1.0
51.0 0.950846214273 0.0
