object 0	1.0:1.0
141.0 0.903784817982 1.0
130.0 0.980546147055 1.0
71.0 1.05072124657 1.0
84.0 0.93629561328 1.0
131.0 0.978038076654 1.0
195.0 -3.85639322037 1.0
161.0 2.91458286306 1.0
193.0 4.87771129019 1.0
116.0 0.977528222894 1.0
5.0 1.00838821691 1.0
21.0 1.02730530262 1.0
55.0 0.970520176683 1.0
72.0 1.02557196971 1.0
109.0 1.03093035696 1.0
89.0 0.95628645237 1.0
12.0 0.974966552098 1.0
object 1	1.0:1.0
178.0 -9.46217659376 1.0
47.0 0.96010706831 1.0
181.0 0.604254616035 1.0
9.0 0.993097699649 1.0
105.0 1.05356273981 1.0
42.0 1.05787775456 1.0
160.0 1.43686601643 1.0
25.0 0.996357056635 1.0
116.0 1.00096454551 1.0
199.0 -1.04373503016 1.0
object 2	1.0:1.0
65.0 1.01411429256 1.0
26.0 1.00873608134 1.0
170.0 1.03888644306 1.0
69.0 0.999142595281 1.0
167.0 -0.603269805316 1.0
107.0 1.0034845433 1.0
182.0 0.692968146235 1.0
18.0 1.00909551452 1.0
143.0 0.933772319789 1.0
object 3	1.0:1.0
3.0 0.979604930369 1.0
93.0 1.00728212748 1.0
0.0 0.994344073767 1.0
174.0 1.19009816158 1.0
23.0 0.99456444094 1.0
53.0 1.00592493795 1.0
113.0 0.98155759112 1.0
83.0 1.01109131769 1.0
28.0 0.99388037645 1.0
object 4	1.0:1.0
102.0 1.01515770354 1.0
147.0 1.03071508185 1.0
154.0 1.01749389712 1.0
138.0 1.00168033564 1.0
95.0 0.965404259192 1.0
53.0 1.00595489207 1.0
38.0 0.992959058315 1.0
object 5	1.0:1.0
148.0 1.0308563777 1.0
133.0 1.00995022545 1.0
101.0 1.00141349096 1.0
154.0 1.05504768774 1.0
81.0 0.992171557639 1.0
43.0 1.0030190691 1.0
157.0 1.04650063487 1.0
67.0 0.955384330025 1.0
126.0 0.9983123388 1.0
77.0 1.02234807568 1.0
111.0 1.00369932922 1.0
object 6	1.0:1.0
56.0 1.00022085652 1.0
73.0 1.00495411876 1.0
123.0 1.01401397881 1.0
98.0 0.98656342723 1.0
67.0 0.922327563167 1.0
object 7	1.0:1.0
88.0 0.914084217995 1.0
175.0 -0.382210525175 1.0
43.0 0.947289738869 1.0
object 8	1.0:1.0
139.0 0.952374930454 1.0
88.0 0.933157732208 1.0
89.0 0.968883567928 1.0
181.0 -1.68799825634 1.0
112.0 1.00642848104 1.0
165.0 2.96094098391 1.0
9.0 1.01916176867 1.0
56.0 0.947928480116 1.0
170.0 1.72939625891 1.0
133.0 0.99554441907 1.0
49.0 1.00217326463 1.0
142.0 0.994931048374 1.0
186.0 -2.52956366722 1.0
object 9	1.0:1.0
102.0 0.996396205422 1.0
169.0 0.0977501360334 1.0
42.0 1.04094589284 1.0
179.0 0.658172482623 1.0
163.0 5.0800189146 1.0
146.0 0.94840587947 1.0
0.0 0.975483905109 1.0
174.0 2.6258164414 1.0
9.0 1.03511819826 1.0
object 10	1.0:1.0
21.0 0.992694773755 1.0
80.0 0.971498610406 1.0
168.0 3.12548771045 1.0
50.0 1.0478535903 1.0
157.0 1.01959600638 1.0
14.0 0.960948278565 1.0
6.0 1.03291032822 1.0
object 11	1.0:1.0
73.0 0.996297550163 1.0
110.0 1.00256218026 1.0
156.0 1.04946926146 1.0
40.0 1.03548512805 1.0
160.0 0.273702204558 1.0
192.0 5.70505423479 1.0
object 12	1.0:1.0
157.0 1.00453507985 1.0
125.0 1.04802390122 1.0
0.0 1.01686836143 1.0
102.0 0.985019824898 1.0
101.0 0.970106750317 1.0
48.0 0.978544810452 1.0
5.0 1.014241831 1.0
object 13	1.0:1.0
187.0 -0.233347249991 1.0
97.0 1.02956504006 1.0
115.0 0.997115478978 1.0
80.0 0.985994435267 1.0
77.0 1.01213604929 1.0
177.0 0.979419504455 1.0
2.0 1.09324173227 1.0
103.0 1.00799996617 1.0
object 14	1.0:1.0
147.0 1.03733376213 1.0
145.0 1.02345695397 1.0
26.0 0.987043281864 1.0
37.0 0.992468319643 1.0
28.0 0.992408370394 1.0
22.0 0.991507735828 1.0
93.0 0.987581407935 1.0
177.0 -6.92804571029 1.0
object 15	1.0:1.0
131.0 0.98017492159 1.0
100.0 0.976266916181 1.0
44.0 0.996562768159 1.0
125.0 0.983503274733 1.0
168.0 -6.60634750804 1.0
15.0 0.988228279476 1.0
21.0 1.00218447036 1.0
object 16	1.0:1.0
171.0 2.03454556846 1.0
155.0 1.11557746982 1.0
48.0 0.98256541763 1.0
136.0 0.994063502682 1.0
64.0 0.99245392331 1.0
148.0 0.979103440377 1.0
96.0 0.997951888328 1.0
26.0 1.01057025394 1.0
62.0 0.957674558773 1.0
180.0 2.30850720048 1.0
object 17	1.0:1.0
5.0 0.969899889825 1.0
165.0 5.15410281927 1.0
164.0 3.99360230745 1.0
186.0 -0.723112321114 1.0
72.0 0.948774635785 1.0
17.0 0.921035353424 1.0
31.0 0.937352375255 1.0
196.0 2.06497937822 1.0
35.0 1.03229483526 1.0
105.0 1.02468261865 1.0
object 18	1.0:1.0
91.0 0.992690067455 1.0
197.0 1.33152895268 1.0
175.0 1.1947868045 1.0
69.0 1.03123214236 1.0
51.0 1.03804484889 1.0
object 19	1.0:1.0
145.0 1.05979501152 1.0
16.0 0.991569648775 1.0
19.0 0.966059840538 1.0
53.0 1.00368988377 1.0
153.0 1.0068634475 1.0
173.0 -0.7997200829 1.0
38.0 1.05560749097 1.0
150.0 0.971611286192 1.0
30.0 1.01624527597 1.0
3.0 1.06697838366 1.0
107.0 0.988354227856 1.0
197.0 0.909776320881 1.0
117.0 0.997742454186 1.0
186.0 1.45469144582 1.0
object 20	1.0:1.0
82.0 0.98236834478 1.0
24.0 1.01708244792 1.0
99.0 1.00140935443 1.0
70.0 1.13726771651 1.0
109.0 0.924193783987 1.0
140.0 0.977755052696 1.0
4.0 0.979455070093 1.0
195.0 -0.511064141401 1.0
166.0 3.26532552688 1.0
object 21	1.0:1.0
17.0 1.00784902441 1.0
40.0 1.03393917347 1.0
70.0 0.985109816434 1.0
198.0 -0.0324045387906 1.0
81.0 0.995901110921 1.0
175.0 0.4428641578 1.0
124.0 0.975754976019 1.0
160.0 -6.5694196006 1.0
195.0 3.9570441508 1.0
144.0 1.00180924459 1.0
object 22	1.0:1.0
91.0 0.982279934117 1.0
75.0 1.02629654941 1.0
79.0 0.967169575076 1.0
84.0 1.0685047613 1.0
2.0 0.925432305692 1.0
114.0 0.97398349791 1.0
18.0 1.01443482738 1.0
86.0 1.00013549021 1.0
object 23	1.0:1.0
64.0 0.99737133309 1.0
9.0 1.0155613827 1.0
173.0 0.982711753611 1.0
95.0 0.995709655478 1.0
38.0 1.00825395628 1.0
66.0 0.998872607956 1.0
object 24	1.0:1.0
132.0 0.973509925155 1.0
59.0 1.0200508094 1.0
168.0 2.10168603701 1.0
91.0 1.00290298755 1.0
179.0 0.266459054195 1.0
34.0 1.01246469757 1.0
61.0 0.973297328023 1.0
10.0 1.05788699354 1.0
object 25	1.0:1.0
147.0 0.953335893059 1.0
146.0 1.00993967625 1.0
114.0 1.02964952781 1.0
119.0 1.0361185798 1.0
131.0 0.999446511373 1.0
8.0 1.00728684499 1.0
object 26	1.0:1.0
86.0 0.994861129052 1.0
108.0 1.00431988179 1.0
103.0 1.000352644 1.0
127.0 0.981741958052 1.0
181.0 -6.00417397929 1.0
139.0 1.01931683709 1.0
102.0 1.03544577444 1.0
63.0 0.988556427892 1.0
object 27	1.0:1.0
4.0 1.00093285562 1.0
119.0 0.935610416891 1.0
169.0 0.704511039109 1.0
170.0 1.5753114932 1.0
124.0 1.04550867917 1.0
159.0 1.04303736249 1.0
85.0 0.976603577607 1.0
object 28	1.0:1.0
19.0 0.993462253512 1.0
80.0 0.995620594477 1.0
164.0 0.234579954741 1.0
113.0 1.02806354148 1.0
28.0 1.01738023642 1.0
190.0 3.6588911394 1.0
163.0 -0.0810524571198 1.0
43.0 1.00876196459 1.0
20.0 0.995158793948 1.0
72.0 0.957485996737 1.0
187.0 0.665712133009 1.0
14.0 1.04184041126 1.0
87.0 1.01021403355 1.0
37.0 1.01336704772 1.0
object 29	1.0:1.0
123.0 1.00369919626 1.0
14.0 0.999308287705 1.0
170.0 0.184062814203 1.0
172.0 -1.07907991016 1.0
147.0 1.04035834829 1.0
121.0 0.982818706126 1.0
1.0 1.06590030968 1.0
144.0 0.975045598196 1.0
object 30	1.0:1.0
38.0 1.00959259936 1.0
149.0 0.981446738881 1.0
134.0 0.995066604519 1.0
77.0 0.976184341249 1.0
180.0 -0.395186225219 1.0
163.0 -0.744533179909 1.0
66.0 1.02043702561 1.0
71.0 1.00419766617 1.0
82.0 0.970899899288 1.0
24.0 1.01100644623 1.0
6.0 1.0346314655 1.0
43.0 0.973553677175 1.0
28.0 1.01653419434 1.0
object 31	1.0:1.0
16.0 1.03414347418 1.0
0.0 0.974690783752 1.0
127.0 1.00759680898 1.0
5.0 0.970171322726 1.0
24.0 0.998655419773 1.0
40.0 0.967273656007 1.0
91.0 0.999980663363 1.0
35.0 0.943579660557 1.0
50.0 0.984348829372 1.0
187.0 5.78383852046 1.0
object 32	1.0:1.0
141.0 0.952811404726 1.0
3.0 1.02740732214 1.0
92.0 0.961844554327 1.0
79.0 1.01934119927 1.0
134.0 0.987673228201 1.0
105.0 1.04124475205 1.0
16.0 1.00840546969 1.0
86.0 0.983574180341 1.0
object 33	1.0:1.0
17.0 1.01709221622 1.0
114.0 1.00926564871 1.0
153.0 0.997934572933 1.0
88.0 1.05279931131 1.0
174.0 -1.2298040472 1.0
object 34	1.0:1.0
131.0 0.99749282423 1.0
151.0 1.07081735695 1.0
78.0 1.00954872012 1.0
105.0 1.01866690484 1.0
120.0 0.998565221819 1.0
58.0 1.01249804195 1.0
73.0 0.998613171997 1.0
object 35	1.0:1.0
175.0 1.60342181135 1.0
145.0 0.943674686672 1.0
34.0 1.02125591387 1.0
object 36	1.0:1.0
95.0 1.02036318689 1.0
166.0 -1.00848859392 1.0
15.0 0.985860459666 1.0
94.0 1.02521894514 1.0
75.0 1.04153376336 1.0
98.0 1.01307865388 1.0
163.0 5.65757939975 1.0
81.0 1.04302935964 1.0
196.0 0.78014681521 1.0
192.0 2.06197476019 1.0
object 37	1.0:1.0
100.0 1.05247325061 1.0
5.0 1.02452308242 1.0
122.0 1.03515208309 1.0
175.0 2.36666754674 1.0
125.0 1.01171083938 1.0
66.0 1.01317025507 1.0
148.0 1.01457370939 1.0
98.0 1.04823662574 1.0
104.0 0.988536687315 1.0
21.0 1.00687103726 1.0
62.0 1.05617302497 1.0
7.0 0.988141826498 1.0
102.0 1.01191640886 1.0
71.0 0.973628732051 1.0
object 38	1.0:1.0
177.0 2.7293341134 1.0
147.0 1.02109356218 1.0
63.0 0.996914046776 1.0
2.0 1.06423390704 1.0
197.0 0.887092047663 1.0
10.0 1.03062983498 1.0
18.0 0.943582972228 1.0
28.0 0.989175721676 1.0
object 39	1.0:1.0
38.0 0.964719410888 1.0
45.0 0.998252593515 1.0
166.0 3.1772261328 1.0
17.0 0.98190041806 1.0
146.0 1.07800368902 1.0
118.0 0.992075079089 1.0
149.0 1.01248615599 1.0
179.0 -1.60232746608 1.0
124.0 0.970070045826 1.0
84.0 0.983956598387 1.0
8.0 1.00391111594 1.0
0.0 0.982027123561 1.0
123.0 1.01446355413 1.0
object 40	1.0:1.0
69.0 0.96695239041 1.0
105.0 1.0007617225 1.0
88.0 1.03692916918 1.0
object 41	1.0:1.0
45.0 1.00542574749 1.0
81.0 0.976748921581 1.0
10.0 1.06610900797 1.0
68.0 0.957125194994 1.0
194.0 0.470279548352 1.0
105.0 0.988039619597 1.0
96.0 0.973762917532 1.0
183.0 5.1461886138 1.0
131.0 0.973355978121 1.0
119.0 0.908865067824 1.0
164.0 -1.26170893422 1.0
11.0 1.03924632569 1.0
132.0 0.942771245627 1.0
object 42	1.0:1.0
37.0 1.00634362263 1.0
42.0 0.964919142554 1.0
149.0 0.991166192398 1.0
2.0 1.03633165107 1.0
189.0 -0.265348877657 1.0
38.0 1.00935271028 1.0
55.0 1.04016434805 1.0
30.0 0.980634023307 1.0
173.0 -2.45243360108 1.0
135.0 1.02927393396 1.0
196.0 -1.15145759083 1.0
176.0 4.46261256807 1.0
11.0 0.964945546363 1.0
191.0 -0.841517559822 1.0
159.0 1.07036745408 1.0
object 43	1.0:1.0
143.0 0.943202673122 1.0
37.0 0.980705356069 1.0
111.0 0.975731362181 1.0
8.0 0.98598224202 1.0
178.0 7.47625863751 1.0
39.0 1.07522619673 1.0
149.0 1.01985930771 1.0
object 44	1.0:1.0
145.0 0.931438281069 1.0
90.0 1.03831654326 1.0
32.0 0.998671373028 1.0
192.0 3.22290388483 1.0
45.0 0.999551499649 1.0
29.0 0.992528740391 1.0
123.0 0.979153112054 1.0
173.0 5.41287283424 1.0
150.0 1.02646625907 1.0
object 45	1.0:1.0
154.0 1.00594658077 1.0
8.0 0.987933799311 1.0
136.0 1.01656513045 1.0
146.0 1.01381437134 1.0
19.0 0.987324259793 1.0
72.0 1.04598158887 1.0
167.0 0.87436284894 1.0
101.0 1.04983205362 1.0
40.0 0.929693132663 1.0
138.0 1.0078120415 1.0
156.0 0.948858281127 1.0
36.0 1.03142083639 1.0
object 46	1.0:1.0
64.0 1.00558240505 1.0
174.0 -1.20957457614 1.0
83.0 0.993056928679 1.0
52.0 1.03697779669 1.0
195.0 1.73471208721 1.0
130.0 1.01707620478 1.0
55.0 0.979458335085 1.0
154.0 0.993805198494 1.0
36.0 1.01247692014 1.0
object 47	1.0:1.0
144.0 0.98398445872 1.0
58.0 1.0634055925 1.0
27.0 1.01628205204 1.0
74.0 0.968581033896 1.0
156.0 1.006325488 1.0
97.0 1.00580400214 1.0
81.0 0.96743926856 1.0
105.0 0.947173042753 1.0
63.0 0.980664225428 1.0
object 48	1.0:1.0
134.0 1.01013251342 1.0
170.0 2.14894264322 1.0
169.0 1.40660417384 1.0
164.0 2.39389945426 1.0
10.0 1.00175500855 1.0
139.0 1.05012935666 1.0
98.0 0.947605740289 1.0
45.0 1.00004062074 1.0
73.0 1.00556117678 1.0
87.0 0.97912301619 1.0
34.0 0.993670962285 1.0
0.0 1.01188401398 1.0
43.0 1.05869365521 1.0
object 49	1.0:1.0
13.0 0.966311229692 1.0
32.0 0.982052679934 1.0
18.0 1.02959711364 1.0
70.0 0.961485190677 1.0
134.0 1.01228258583 1.0
88.0 1.04236013396 1.0
183.0 0.998776119821 1.0
69.0 0.991059949748 1.0
103.0 1.05053901325 1.0
97.0 1.02309000164 1.0
59.0 0.958203571739 1.0
84.0 0.966098468424 1.0
object 50	1.0:1.0
137.0 0.972932458559 1.0
161.0 -3.40134468014 1.0
95.0 0.987300687135 1.0
80.0 0.997426951393 1.0
192.0 -2.59275390035 1.0
115.0 0.982592911982 1.0
73.0 1.02841254322 1.0
182.0 2.7147143249 1.0
66.0 1.014548351 1.0
99.0 1.02562965574 1.0
42.0 1.01967072654 1.0
88.0 0.950266726956 1.0
105.0 1.04209201802 1.0
object 51	1.0:1.0
120.0 1.01574354966 1.0
163.0 -2.21033250425 1.0
30.0 0.938595387392 1.0
48.0 0.993387202074 1.0
77.0 1.01799118387 1.0
85.0 1.0515082309 1.0
142.0 0.975981721191 1.0
object 52	1.0:1.0
1.0 0.952573994112 1.0
85.0 1.00933293554 1.0
24.0 1.00524359716 1.0
170.0 2.78427984363 1.0
96.0 1.01680941841 1.0
132.0 1.01543160404 1.0
119.0 0.959635223974 1.0
104.0 0.975847768009 1.0
74.0 0.996053593172 1.0
object 53	1.0:1.0
115.0 0.978035568544 1.0
193.0 5.27700578479 1.0
106.0 0.987924829651 1.0
25.0 0.992648739874 1.0
12.0 0.951754005531 1.0
177.0 0.859029429418 1.0
8.0 1.02983591358 1.0
197.0 1.98682280302 1.0
22.0 1.02384759689 1.0
167.0 4.6650259844 1.0
object 54	1.0:1.0
46.0 1.03287219764 1.0
44.0 1.0097743473 1.0
88.0 1.00002422076 1.0
144.0 0.993141897458 1.0
84.0 1.07646318005 1.0
182.0 3.90115868845 1.0
94.0 0.976585150261 1.0
135.0 0.919543038783 1.0
193.0 3.84699802085 1.0
13.0 1.03550570199 1.0
132.0 1.00622953535 1.0
object 55	1.0:1.0
169.0 -1.67855253901 1.0
121.0 0.988506443158 1.0
199.0 2.5999394132 1.0
35.0 0.982344839523 1.0
179.0 5.42929229032 1.0
171.0 0.352622255113 1.0
74.0 1.02229439706 1.0
186.0 -0.939724664758 1.0
25.0 0.990096573015 1.0
97.0 0.991778347195 1.0
13.0 0.996648388467 1.0
131.0 0.987794830565 1.0
191.0 -4.4317122908 1.0
129.0 0.967394304918 1.0
67.0 1.05720898352 1.0
object 56	1.0:1.0
98.0 1.06979080096 1.0
112.0 0.993144879547 1.0
41.0 0.973225339962 1.0
37.0 1.00066800122 1.0
142.0 0.942872580386 1.0
137.0 1.06836987596 1.0
118.0 0.978696576412 1.0
3.0 0.960890318906 1.0
144.0 0.989883426183 1.0
168.0 -1.89435316167 1.0
127.0 0.951083375555 1.0
53.0 0.981671592111 1.0
60.0 0.974688159385 1.0
object 57	1.0:1.0
110.0 0.977062698656 1.0
165.0 0.998376891864 1.0
132.0 0.987601732633 1.0
146.0 1.02115877302 1.0
196.0 1.06855869783 1.0
187.0 3.17409884628 1.0
17.0 0.999675461361 1.0
object 58	1.0:1.0
35.0 1.00162788555 1.0
95.0 1.01550339076 1.0
129.0 1.03723545412 1.0
125.0 1.02592217693 1.0
object 59	1.0:1.0
88.0 0.918349018942 1.0
78.0 0.977281482194 1.0
125.0 0.984799550078 1.0
41.0 1.03604000274 1.0
158.0 0.996913020559 1.0
77.0 0.994030674824 1.0
103.0 1.05274934293 1.0
198.0 -0.738125913872 1.0
1.0 1.03552722027 1.0
object 60	1.0:1.0
92.0 1.00549841012 1.0
77.0 1.00572368916 1.0
24.0 1.00004941332 1.0
151.0 1.02079859105 1.0
182.0 2.749384965 1.0
103.0 1.05944253738 1.0
116.0 0.970126285314 1.0
object 61	1.0:1.0
117.0 0.994805019614 1.0
51.0 1.00477491173 1.0
143.0 1.02269289491 1.0
136.0 0.989351418556 1.0
106.0 0.959002437276 1.0
166.0 2.33262806775 1.0
19.0 1.03818063567 1.0
189.0 2.38591542068 1.0
71.0 1.00860129651 1.0
139.0 1.09435994471 1.0
34.0 1.00269848214 1.0
26.0 1.02928923851 1.0
80.0 0.980192456562 1.0
142.0 0.980939788082 1.0
object 62	1.0:1.0
135.0 0.958762731794 1.0
171.0 -0.41319353098 1.0
54.0 0.913895364175 1.0
137.0 0.991275637743 1.0
167.0 5.41424614827 1.0
131.0 1.01361890272 1.0
50.0 0.952203871093 1.0
104.0 0.989890067251 1.0
object 63	1.0:1.0
9.0 1.03209604705 1.0
84.0 1.02826669898 1.0
178.0 8.52236696273 1.0
38.0 0.966770717999 1.0
13.0 1.05666284709 1.0
77.0 0.996724307719 1.0
152.0 1.01830233119 1.0
117.0 1.00852697838 1.0
156.0 1.03022450306 1.0
object 64	1.0:1.0
27.0 0.986402344451 1.0
144.0 0.975353648581 1.0
149.0 1.01978849993 1.0
133.0 1.01733889689 1.0
24.0 0.99412611025 1.0
180.0 1.99352295608 1.0
3.0 0.995947501011 1.0
166.0 -4.15141803956 1.0
72.0 0.954666036698 1.0
45.0 1.01394210015 1.0
object 65	1.0:1.0
143.0 0.964424413613 1.0
0.0 1.02212342899 1.0
109.0 1.0669629707 1.0
30.0 0.958535604203 1.0
163.0 0.830628705996 1.0
34.0 1.00124337858 1.0
133.0 0.983424253299 1.0
28.0 0.978644818303 1.0
object 66	1.0:1.0
117.0 1.00265950374 1.0
158.0 1.00588967444 1.0
172.0 -5.94298201986 1.0
84.0 0.976921099345 1.0
125.0 0.956546717327 1.0
142.0 0.9860937359 1.0
25.0 1.01216247976 1.0
150.0 0.973697587104 1.0
82.0 0.958139226047 1.0
4.0 1.00277751825 1.0
object 67	1.0:1.0
1.0 0.980788865581 1.0
93.0 0.994799211426 1.0
58.0 1.00707534508 1.0
27.0 0.976525788599 1.0
157.0 1.01888103926 1.0
127.0 0.9502868906 1.0
161.0 -0.622049522647 1.0
4.0 0.996466421773 1.0
object 68	1.0:1.0
157.0 1.04163900054 1.0
52.0 1.02033738845 1.0
21.0 0.985338644544 1.0
124.0 1.03870704614 1.0
object 69	1.0:1.0
37.0 1.00104147869 1.0
193.0 0.148818286379 1.0
191.0 2.78592554462 1.0
150.0 1.00373756214 1.0
111.0 1.00372703313 1.0
115.0 0.997182140078 1.0
36.0 0.932274886455 1.0
176.0 -1.6680867161 1.0
185.0 0.775907509319 1.0
70.0 0.970934944872 1.0
158.0 1.00857249545 1.0
object 70	1.0:1.0
77.0 0.988779266813 1.0
26.0 0.991974392163 1.0
148.0 0.984844585259 1.0
50.0 1.04370368667 1.0
22.0 0.982458455276 1.0
object 71	1.0:1.0
100.0 0.952801110387 1.0
98.0 1.04129874115 1.0
94.0 0.974641957264 1.0
122.0 1.05236798116 1.0
40.0 0.982857450797 1.0
159.0 1.02664450256 1.0
object 72	1.0:1.0
143.0 0.994777713936 1.0
198.0 -1.46315411106 1.0
100.0 0.988068196629 1.0
190.0 -0.890957787502 1.0
118.0 1.01424289032 1.0
61.0 1.02018727264 1.0
174.0 1.58503855342 1.0
object 73	1.0:1.0
151.0 0.99871798389 1.0
95.0 1.01849751069 1.0
68.0 1.06333593132 1.0
45.0 1.01230168934 1.0
43.0 0.994719413798 1.0
61.0 1.01657275281 1.0
75.0 0.92556930093 1.0
152.0 0.971391221005 1.0
115.0 0.995595613788 1.0
56.0 0.965368557186 1.0
object 74	1.0:1.0
132.0 1.03130589336 1.0
195.0 -3.1524440788 1.0
76.0 0.94926979224 1.0
115.0 1.00438513201 1.0
50.0 1.01420752604 1.0
0.0 1.03590665352 1.0
154.0 0.952991818483 1.0
object 75	1.0:1.0
72.0 0.932851003776 1.0
177.0 -0.869872736839 1.0
76.0 0.995003308959 1.0
0.0 0.968676543825 1.0
141.0 1.00845421625 1.0
126.0 0.950423519799 1.0
185.0 0.923712524376 1.0
29.0 1.00852636895 1.0
96.0 0.99383098126 1.0
object 76	1.0:1.0
7.0 0.982702770701 1.0
134.0 0.999426753524 1.0
13.0 0.949524927369 1.0
33.0 1.02708305493 1.0
56.0 1.02100618235 1.0
156.0 1.06589532792 1.0
object 77	1.0:1.0
31.0 1.06020114779 1.0
127.0 0.948325356868 1.0
130.0 1.01362105415 1.0
76.0 0.984897157263 1.0
32.0 1.02927916431 1.0
108.0 1.01229826978 1.0
134.0 0.999048408273 1.0
66.0 0.938480913362 1.0
2.0 1.02040374485 1.0
122.0 0.933884954343 1.0
object 78	1.0:1.0
109.0 1.00842700854 1.0
187.0 -0.682166567761 1.0
64.0 0.991736339341 1.0
24.0 0.982132284813 1.0
146.0 0.965981663272 1.0
182.0 -1.02217468621 1.0
87.0 1.00039521959 1.0
44.0 0.97465191428 1.0
181.0 -2.29735119945 1.0
84.0 1.00671905846 1.0
173.0 4.33396604494 1.0
21.0 0.993044950482 1.0
object 79	1.0:1.0
22.0 0.990298879872 1.0
71.0 1.0693207762 1.0
69.0 1.03358988924 1.0
138.0 1.00938796885 1.0
57.0 1.00203172825 1.0
32.0 0.999894907829 1.0
object 80	1.0:1.0
115.0 1.00959475573 1.0
140.0 1.00931299882 1.0
176.0 0.940939721012 1.0
66.0 1.00125661256 1.0
163.0 -0.583121203233 1.0
51.0 0.976011209699 1.0
83.0 1.02565265577 1.0
43.0 0.976390797582 1.0
172.0 -5.65730919657 1.0
object 81	1.0:1.0
91.0 0.988857568519 1.0
160.0 -0.67581066702 1.0
72.0 0.984334438638 1.0
42.0 0.966834125518 1.0
120.0 1.01320972978 1.0
10.0 1.03269249645 1.0
137.0 1.07323320365 1.0
139.0 1.02925322182 1.0
195.0 1.6141864089 1.0
131.0 0.966219894082 1.0
182.0 -1.55922176492 1.0
object 82	1.0:1.0
55.0 0.948063735412 1.0
10.0 0.986491956224 1.0
47.0 1.07834476312 1.0
64.0 1.00636209608 1.0
173.0 0.444619305365 1.0
1.0 0.91405293264 1.0
96.0 1.013404911 1.0
108.0 1.0120949387 1.0
71.0 1.00739725865 1.0
124.0 1.01864825524 1.0
146.0 0.984131815939 1.0
object 83	1.0:1.0
177.0 4.10265403513 1.0
122.0 1.0729258041 1.0
169.0 0.918593062267 1.0
36.0 1.07512326717 1.0
68.0 0.989349315675 1.0
140.0 0.989270073125 1.0
7.0 0.988631821449 1.0
62.0 0.969459501761 1.0
29.0 0.982963241452 1.0
163.0 5.00359869972 1.0
object 84	1.0:1.0
108.0 1.02609980326 1.0
119.0 1.04512278002 1.0
199.0 3.89032489858 1.0
126.0 1.02227931257 1.0
77.0 1.00119985431 1.0
53.0 1.00015691372 1.0
3.0 0.982489717069 1.0
60.0 0.927797960029 1.0
163.0 1.38486365027 1.0
169.0 2.07542473658 1.0
object 85	1.0:1.0
81.0 1.03271361162 1.0
155.0 1.05311681472 1.0
108.0 1.01353128704 1.0
22.0 0.998897919232 1.0
36.0 1.06638830277 1.0
167.0 -0.101887040508 1.0
object 86	1.0:1.0
98.0 0.924878945939 1.0
161.0 0.936475376358 1.0
188.0 -7.0603281659 1.0
180.0 2.37105044519 1.0
148.0 1.0264861512 1.0
117.0 1.00785405768 1.0
151.0 1.02982562411 1.0
112.0 1.00014776332 1.0
object 87	1.0:1.0
158.0 0.990560782503 1.0
95.0 1.04604418597 1.0
13.0 1.00821418429 1.0
113.0 1.00256308676 1.0
30.0 1.08398729944 1.0
180.0 3.95133227295 1.0
35.0 0.965725522923 1.0
176.0 1.86539424534 1.0
136.0 1.04237740992 1.0
86.0 1.01292816918 1.0
107.0 1.01367602883 1.0
39.0 1.02318287901 1.0
object 88	1.0:1.0
167.0 -1.19546741114 1.0
178.0 12.4287300605 1.0
82.0 1.00626351738 1.0
196.0 2.33015057754 1.0
166.0 6.75571398432 1.0
0.0 1.02735963352 1.0
172.0 12.8836874468 1.0
38.0 0.989091542469 1.0
object 89	1.0:1.0
192.0 -1.44096888095 1.0
69.0 1.0140980022 1.0
17.0 1.04172589005 1.0
18.0 0.97919172859 1.0
171.0 1.05199976914 1.0
90.0 1.04485771414 1.0
14.0 1.02859092367 1.0
1.0 0.940097751476 1.0
52.0 1.01392145112 1.0
object 90	1.0:1.0
55.0 0.987618992309 1.0
56.0 0.98958618486 1.0
29.0 0.987294873616 1.0
36.0 1.01815503485 1.0
10.0 0.980330836502 1.0
114.0 1.01224856299 1.0
131.0 0.991184058372 1.0
164.0 -1.99219104757 1.0
110.0 0.970836165284 1.0
0.0 1.01328720161 1.0
32.0 1.00677051756 1.0
71.0 1.00404794092 1.0
object 91	1.0:1.0
110.0 1.00348438538 1.0
143.0 0.909777377522 1.0
107.0 0.985708092794 1.0
44.0 1.01110758548 1.0
32.0 0.994965383099 1.0
197.0 2.24381409029 1.0
71.0 1.0815731095 1.0
66.0 1.00930225494 1.0
99.0 1.03325763304 1.0
50.0 1.00650221476 1.0
173.0 5.11209319437 1.0
149.0 0.975212694146 1.0
object 92	1.0:1.0
90.0 0.977249426318 1.0
190.0 2.43639774136 1.0
196.0 1.72869540727 1.0
183.0 0.980513852693 1.0
139.0 0.924437237144 1.0
145.0 0.963461116728 1.0
82.0 0.972672887186 1.0
object 93	1.0:1.0
181.0 -1.74125785025 1.0
17.0 0.975070180025 1.0
13.0 1.09685637279 1.0
51.0 1.01547442125 1.0
36.0 1.00074287299 1.0
46.0 0.995482397898 1.0
107.0 0.99270813854 1.0
object 94	1.0:1.0
63.0 1.00339604053 1.0
3.0 1.04937625899 1.0
79.0 0.958264815942 1.0
192.0 -3.75298529429 1.0
57.0 0.98186971321 1.0
134.0 1.01178927289 1.0
object 95	1.0:1.0
77.0 1.00161556895 1.0
37.0 0.99214583907 1.0
16.0 0.998261912793 1.0
80.0 0.992287996561 1.0
43.0 0.981721549022 1.0
180.0 1.38456143413 1.0
object 96	1.0:1.0
73.0 1.01545829592 1.0
196.0 2.99202042911 1.0
128.0 0.99737567229 1.0
161.0 -3.81472903773 1.0
59.0 0.971916973672 1.0
190.0 -3.418656544 1.0
150.0 0.993112857 1.0
82.0 1.02428121859 1.0
object 97	1.0:1.0
71.0 1.08278862368 1.0
43.0 0.992968738726 1.0
73.0 1.02341916325 1.0
35.0 0.946200978713 1.0
7.0 1.01481600082 1.0
40.0 1.0258739127 1.0
88.0 0.890204999252 1.0
14.0 1.01405650868 1.0
object 98	1.0:1.0
44.0 0.975643246919 1.0
150.0 1.00413752349 1.0
106.0 0.983517040076 1.0
193.0 1.54358001798 1.0
184.0 -0.598711381132 1.0
102.0 0.996450578834 1.0
103.0 0.997180108149 1.0
160.0 -4.728094468 1.0
object 99	1.0:1.0
173.0 1.78557983675 1.0
0.0 0.963708074629 1.0
181.0 -0.243273197798 1.0
17.0 1.02820949215 1.0
185.0 -3.60914197156 1.0
135.0 0.955383767504 1.0
