object 0	1.0:1.0
41.0 0.913855710771 1.0
138.0 1.00579271138 1.0
object 1	1.0:1.0
197.0 -1.17482664583 1.0
75.0 1.01589515079 1.0
100.0 1.00115186604 1.0
122.0 0.999377691344 1.0
39.0 0.922604051932 1.0
161.0 6.28129948341 1.0
168.0 2.95501126563 1.0
87.0 1.04330715641 1.0
object 2	1.0:1.0
135.0 1.0660109451 1.0
134.0 1.03037713199 1.0
5.0 0.966193143454 1.0
124.0 0.999132363545 1.0
133.0 0.981564467073 1.0
45.0 1.07199481974 1.0
144.0 -3.7853049794 1.0
object 3	1.0:1.0
7.0 1.0143032288 1.0
22.0 1.04731236109 1.0
97.0 1.01303674632 1.0
141.0 6.31782635124 1.0
object 4	1.0:1.0
137.0 0.969253247314 1.0
181.0 1.74735570054 1.0
object 5	1.0:1.0
189.0 1.57499737669 1.0
165.0 3.98793813021 1.0
7.0 0.988710599922 1.0
22.0 1.02605633662 1.0
6.0 0.964397684679 1.0
167.0 0.295747541046 1.0
83.0 1.00801984046 1.0
object 6	1.0:1.0
14.0 1.0005271946 1.0
74.0 0.932150548567 1.0
155.0 2.03629168538 1.0
15.0 0.972019301958 1.0
object 7	1.0:1.0
126.0 1.06007704881 1.0
18.0 1.05755897403 1.0
138.0 1.01301403904 1.0
72.0 0.962576873674 1.0
142.0 1.4915967699 1.0
76.0 0.982551351364 1.0
object 8	1.0:1.0
133.0 0.998205598419 1.0
19.0 1.01844339794 1.0
178.0 4.71814113496 1.0
51.0 0.964484713891 1.0
object 9	1.0:1.0
107.0 0.988489970657 1.0
79.0 0.931797453649 1.0
142.0 1.4309089245 1.0
object 10	1.0:1.0
5.0 0.998578391616 1.0
63.0 0.990546401962 1.0
129.0 1.09412699411 1.0
83.0 0.98324609603 1.0
56.0 0.973419771746 1.0
object 11	1.0:1.0
7.0 1.00608529179 1.0
69.0 0.992755030295 1.0
41.0 1.00045770802 1.0
4.0 1.08305384039 1.0
object 12	1.0:1.0
1.0 1.01107940685 1.0
109.0 1.05769314287 1.0
144.0 -5.56630910027 1.0
61.0 1.02264273932 1.0
181.0 2.51053441623 1.0
106.0 1.0073443926 1.0
174.0 3.44987903772 1.0
object 13	1.0:1.0
188.0 1.20255190238 1.0
46.0 0.966862191928 1.0
132.0 1.01273706253 1.0
object 14	1.0:1.0
144.0 4.19293839985 1.0
191.0 -0.0238123657982 1.0
128.0 1.02932496211 1.0
object 15	1.0:1.0
94.0 0.965481616396 1.0
147.0 2.66569361192 1.0
object 16	1.0:1.0
100.0 0.995636717507 1.0
105.0 1.00207926287 1.0
object 17	1.0:1.0
145.0 -2.2571562664 1.0
46.0 0.97232903106 1.0
41.0 1.03212212207 1.0
133.0 0.988576460186 1.0
88.0 0.957052214135 1.0
object 18	1.0:1.0
98.0 0.991036238057 1.0
64.0 1.05753918226 1.0
198.0 -8.14929468724 1.0
100.0 1.03985167138 1.0
object 19	1.0:1.0
122.0 0.98976822942 1.0
21.0 0.968355405902 1.0
198.0 8.51291594755 1.0
123.0 1.01537595448 1.0
19.0 0.976469007989 1.0
195.0 6.64482969565 1.0
object 20	1.0:1.0
167.0 0.37233955172 1.0
68.0 1.00749993815 1.0
111.0 1.00195659195 1.0
object 21	1.0:1.0
37.0 1.00138508201 1.0
128.0 1.03810779265 1.0
5.0 0.966399160784 1.0
183.0 -1.4230372171 1.0
172.0 -2.16870366801 1.0
95.0 1.02833785896 1.0
object 22	1.0:1.0
36.0 1.0003378431 1.0
92.0 1.01710775944 1.0
21.0 1.00332475489 1.0
134.0 1.0049157688 1.0
34.0 0.944839611894 1.0
52.0 0.992410608864 1.0
167.0 1.00581030177 1.0
20.0 0.981819191885 1.0
object 23	1.0:1.0
4.0 1.02763544911 1.0
172.0 0.0352775328534 1.0
159.0 1.29384362116 1.0
object 24	1.0:1.0
149.0 -0.472403033969 1.0
161.0 4.52890007333 1.0
142.0 9.16535683868 1.0
193.0 -0.562440994912 1.0
object 25	1.0:1.0
186.0 -1.22852448403 1.0
126.0 1.0185571533 1.0
95.0 0.968844993848 1.0
5.0 1.01522376325 1.0
92.0 0.994588498492 1.0
168.0 2.88589223503 1.0
28.0 1.00672000411 1.0
69.0 1.01308935615 1.0
object 26	1.0:1.0
92.0 1.0188651688 1.0
67.0 0.981004017812 1.0
164.0 0.203739709523 1.0
104.0 1.00213776208 1.0
object 27	1.0:1.0
27.0 0.992878635616 1.0
61.0 0.989026624189 1.0
163.0 0.836381629382 1.0
120.0 0.982607579894 1.0
55.0 0.979690645192 1.0
17.0 1.00272979797 1.0
0.0 0.985282796874 1.0
object 28	1.0:1.0
115.0 0.910540455825 1.0
54.0 1.00230258781 1.0
145.0 3.83783747963 1.0
172.0 3.48138620696 1.0
34.0 1.00496901721 1.0
178.0 -1.44667076705 1.0
object 29	1.0:1.0
37.0 0.994259313684 1.0
39.0 1.01790809608 1.0
61.0 1.02721506667 1.0
153.0 1.53498175553 1.0
32.0 1.03389428849 1.0
object 30	1.0:1.0
141.0 3.71624901503 1.0
6.0 1.10113886669 1.0
17.0 0.987156182709 1.0
168.0 3.21264857291 1.0
180.0 -11.2278931842 1.0
110.0 1.00464496857 1.0
object 31	1.0:1.0
33.0 0.999399180909 1.0
74.0 1.03782294989 1.0
10.0 0.997567082002 1.0
99.0 0.945292503357 1.0
128.0 0.897358787687 1.0
178.0 2.81121364251 1.0
98.0 1.02292863369 1.0
object 32	1.0:1.0
106.0 1.00492132395 1.0
27.0 0.995069966319 1.0
102.0 1.01237442524 1.0
98.0 0.994084018475 1.0
61.0 1.00441029921 1.0
71.0 0.961759219779 1.0
42.0 1.01516759185 1.0
142.0 -9.51369322131 1.0
object 33	1.0:1.0
77.0 1.0356205665 1.0
64.0 1.0658587876 1.0
117.0 0.96685017654 1.0
127.0 0.999659051702 1.0
object 34	1.0:1.0
138.0 1.02652427966 1.0
116.0 1.00673087884 1.0
object 35	1.0:1.0
152.0 3.96748302409 1.0
129.0 1.01151829879 1.0
147.0 -3.7670528873 1.0
object 36	1.0:1.0
23.0 0.988015588796 1.0
49.0 0.993217297002 1.0
12.0 1.02015675954 1.0
28.0 1.05331723618 1.0
136.0 1.01417640904 1.0
187.0 1.14328106777 1.0
181.0 -0.531690819045 1.0
1.0 0.996192087325 1.0
142.0 7.99883668141 1.0
198.0 -8.63626944135 1.0
150.0 4.15724097745 1.0
object 37	1.0:1.0
123.0 1.00168784791 1.0
194.0 -1.78477289248 1.0
155.0 -0.890561283443 1.0
59.0 0.988789201714 1.0
191.0 2.41139374988 1.0
110.0 1.02391398508 1.0
56.0 1.05680475704 1.0
object 38	1.0:1.0
103.0 1.01554610239 1.0
78.0 1.08983878543 1.0
177.0 2.5901580477 1.0
41.0 1.00513694136 1.0
97.0 0.9875999904 1.0
169.0 2.87986891805 1.0
22.0 1.01905236673 1.0
79.0 0.999623594849 1.0
172.0 3.75542517729 1.0
34.0 0.968963369129 1.0
object 39	1.0:1.0
66.0 1.02359534394 1.0
2.0 1.00961290683 1.0
51.0 0.971706808325 1.0
40.0 1.01445494487 1.0
object 40	1.0:1.0
15.0 0.999036118029 1.0
114.0 1.04065288233 1.0
object 41	1.0:1.0
44.0 1.01929775288 1.0
75.0 1.04489865452 1.0
165.0 -2.5585938953 1.0
object 42	1.0:1.0
149.0 5.458331287 1.0
52.0 0.907469279797 1.0
28.0 1.02709666017 1.0
14.0 1.03516342176 1.0
87.0 1.01458729111 1.0
26.0 0.945397094126 1.0
93.0 0.979906107812 1.0
68.0 1.01413662061 1.0
object 43	1.0:1.0
113.0 1.02723994272 1.0
199.0 -2.98314833408 1.0
object 44	1.0:1.0
142.0 1.33938906139 1.0
37.0 0.997871775242 1.0
39.0 0.90403935076 1.0
85.0 1.03795070295 1.0
13.0 1.05103463669 1.0
48.0 1.02969680271 1.0
184.0 3.1998410356 1.0
object 45	1.0:1.0
9.0 0.943978578938 1.0
61.0 1.01496814555 1.0
76.0 1.04830120462 1.0
165.0 -4.47251372892 1.0
114.0 0.999015167763 1.0
1.0 0.987945533264 1.0
16.0 1.06435959849 1.0
154.0 2.49034951228 1.0
object 46	1.0:1.0
2.0 0.971282585759 1.0
107.0 0.992427369713 1.0
145.0 2.19316048458 1.0
object 47	1.0:1.0
89.0 0.992375159018 1.0
64.0 1.05666990894 1.0
164.0 0.0149662236183 1.0
173.0 5.59732658364 1.0
109.0 1.02986968499 1.0
object 48	1.0:1.0
23.0 1.01062902777 1.0
125.0 0.989972956296 1.0
object 49	1.0:1.0
180.0 3.58965236329 1.0
63.0 0.990711633267 1.0
199.0 0.462688880754 1.0
16.0 0.979456129417 1.0
163.0 2.26719644961 1.0
62.0 1.02469734903 1.0
object 50	1.0:1.0
119.0 1.0158998445 1.0
73.0 0.993875997371 1.0
37.0 1.04609871088 1.0
11.0 1.01895004277 1.0
167.0 0.773262409753 1.0
object 51	1.0:1.0
92.0 1.0498472471 1.0
0.0 0.965515860925 1.0
179.0 0.771398494845 1.0
object 52	1.0:1.0
94.0 1.04510797308 1.0
160.0 5.27991373245 1.0
object 53	1.0:1.0
44.0 1.03333846121 1.0
169.0 1.56427946608 1.0
object 54	1.0:1.0
18.0 0.987980769605 1.0
197.0 3.65498607842 1.0
116.0 1.03164195335 1.0
121.0 1.01382468866 1.0
96.0 1.00315049377 1.0
152.0 0.0788998674824 1.0
object 55	1.0:1.0
3.0 0.964296070149 1.0
77.0 1.06197568471 1.0
34.0 1.00143922877 1.0
82.0 0.987763834873 1.0
5.0 0.99660010957 1.0
89.0 0.994162542749 1.0
113.0 0.989786267558 1.0
object 56	1.0:1.0
119.0 1.0290229208 1.0
123.0 1.04343462677 1.0
88.0 0.983579280059 1.0
object 57	1.0:1.0
60.0 1.04478201367 1.0
91.0 1.01123630673 1.0
115.0 1.0462358585 1.0
192.0 1.83754192709 1.0
16.0 0.966854889162 1.0
0.0 0.967043912143 1.0
object 58	1.0:1.0
67.0 0.989482821535 1.0
168.0 1.0922500398 1.0
185.0 4.54844601646 1.0
117.0 0.961470306983 1.0
113.0 1.01705369717 1.0
86.0 1.00010490667 1.0
131.0 0.99522209644 1.0
33.0 0.985863444912 1.0
158.0 5.87260424467 1.0
object 59	1.0:1.0
75.0 1.03895171073 1.0
88.0 1.05603017277 1.0
47.0 0.991869294247 1.0
90.0 1.02830405186 1.0
139.0 0.974550275788 1.0
109.0 0.983967678193 1.0
151.0 -3.42200174757 1.0
object 60	1.0:1.0
17.0 1.00278096218 1.0
21.0 1.0671808853 1.0
75.0 1.00727155612 1.0
33.0 0.984180543919 1.0
133.0 0.996939403973 1.0
39.0 0.98325369559 1.0
157.0 -1.10145163403 1.0
190.0 0.275428053323 1.0
159.0 3.34321971948 1.0
object 61	1.0:1.0
10.0 0.980193465682 1.0
22.0 1.0003653776 1.0
47.0 1.03356044826 1.0
96.0 0.944200792004 1.0
57.0 1.00140509042 1.0
16.0 1.02820013209 1.0
101.0 0.997130493162 1.0
197.0 6.73111494046 1.0
object 62	1.0:1.0
156.0 -2.80500409152 1.0
38.0 1.03305101379 1.0
161.0 1.94351242701 1.0
115.0 0.916222914329 1.0
9.0 0.893390266447 1.0
132.0 0.958972365745 1.0
object 63	1.0:1.0
113.0 1.06009766834 1.0
74.0 1.05292076609 1.0
object 64	1.0:1.0
76.0 0.987169190136 1.0
97.0 1.01633574052 1.0
186.0 3.69391292146 1.0
73.0 1.00574132327 1.0
52.0 1.04179064454 1.0
10.0 0.973154712307 1.0
object 65	1.0:1.0
129.0 0.986612275264 1.0
173.0 -0.355432760249 1.0
148.0 -0.270736077649 1.0
38.0 0.958774729601 1.0
180.0 -1.9437983575 1.0
5.0 0.991056490886 1.0
object 66	1.0:1.0
191.0 2.23086215763 1.0
101.0 1.01968792069 1.0
98.0 1.02827141305 1.0
112.0 1.05157871043 1.0
3.0 0.957633338051 1.0
198.0 3.22058688261 1.0
object 67	1.0:1.0
86.0 1.00122667962 1.0
186.0 1.16968736348 1.0
80.0 0.933448061186 1.0
67.0 1.0342336415 1.0
15.0 1.01983945566 1.0
object 68	1.0:1.0
15.0 1.03768145463 1.0
82.0 0.975371397386 1.0
0.0 1.00106946122 1.0
169.0 2.69826850713 1.0
object 69	1.0:1.0
41.0 0.940006971337 1.0
182.0 -0.440615007867 1.0
157.0 10.3930678224 1.0
object 70	1.0:1.0
126.0 0.948620042196 1.0
53.0 1.04235761973 1.0
169.0 0.89508756996 1.0
41.0 0.989907620753 1.0
131.0 1.00473590203 1.0
109.0 1.00981147541 1.0
object 71	1.0:1.0
51.0 1.0271411099 1.0
130.0 0.978619163612 1.0
102.0 1.02015806591 1.0
113.0 0.998603854839 1.0
87.0 0.937513432199 1.0
object 72	1.0:1.0
44.0 0.966267169575 1.0
39.0 0.989836396255 1.0
138.0 1.00000709449 1.0
34.0 0.979702390612 1.0
181.0 -1.07765144751 1.0
190.0 0.47582240024 1.0
49.0 0.948475589801 1.0
object 73	1.0:1.0
103.0 1.00648486111 1.0
173.0 -0.599323121244 1.0
42.0 1.02258799073 1.0
124.0 1.02149255842 1.0
86.0 0.995609225363 1.0
object 74	1.0:1.0
60.0 0.965357694333 1.0
158.0 -2.64881355688 1.0
143.0 0.677357191013 1.0
86.0 1.00201355866 1.0
23.0 0.990947111894 1.0
91.0 0.993726281473 1.0
98.0 1.02319240386 1.0
object 75	1.0:1.0
175.0 -1.18156067323 1.0
178.0 0.547755509488 1.0
163.0 3.11706775284 1.0
object 76	1.0:1.0
44.0 1.04342192162 1.0
176.0 3.67715622687 1.0
18.0 0.928709176649 1.0
25.0 1.05393254393 1.0
73.0 1.0599663311 1.0
object 77	1.0:1.0
180.0 -0.283387228985 1.0
6.0 0.989584065097 1.0
126.0 1.05016466788 1.0
40.0 0.999704115633 1.0
53.0 0.930386410707 1.0
135.0 1.01804827624 1.0
object 78	1.0:1.0
38.0 1.00189561104 1.0
146.0 0.78220214749 1.0
16.0 0.952375084215 1.0
138.0 1.00650677458 1.0
198.0 -1.10009874433 1.0
object 79	1.0:1.0
135.0 1.03835074616 1.0
72.0 1.06034639366 1.0
42.0 0.97943905132 1.0
object 80	1.0:1.0
139.0 0.983786772788 1.0
110.0 0.994007205173 1.0
38.0 0.965155375831 1.0
118.0 1.01897885666 1.0
158.0 -0.594996006629 1.0
62.0 0.951844288575 1.0
176.0 6.2176288303 1.0
3.0 1.01090243645 1.0
67.0 1.00094440549 1.0
object 81	1.0:1.0
0.0 0.965084177335 1.0
157.0 2.48268226586 1.0
object 82	1.0:1.0
18.0 0.967065248515 1.0
74.0 0.968248556115 1.0
9.0 1.00164324577 1.0
125.0 1.00018136275 1.0
99.0 1.01476800609 1.0
198.0 -5.14711311217 1.0
146.0 3.0296903726 1.0
70.0 1.01008815826 1.0
object 83	1.0:1.0
93.0 0.997575495119 1.0
3.0 0.941343892281 1.0
71.0 1.00030893032 1.0
37.0 0.987817194704 1.0
165.0 5.06712308054 1.0
21.0 1.00936018545 1.0
object 84	1.0:1.0
78.0 1.04123389387 1.0
86.0 0.974919904562 1.0
42.0 0.99625254628 1.0
object 85	1.0:1.0
126.0 0.977510702562 1.0
102.0 0.985234119025 1.0
137.0 1.00528034767 1.0
168.0 1.45528117132 1.0
97.0 0.980199615764 1.0
object 86	1.0:1.0
168.0 1.23968147869 1.0
81.0 1.01581004158 1.0
33.0 0.979053780702 1.0
76.0 1.02946801531 1.0
object 87	1.0:1.0
34.0 1.0228347491 1.0
43.0 1.01672936704 1.0
65.0 0.97137523927 1.0
162.0 -4.79836430051 1.0
178.0 3.4972874955 1.0
78.0 0.963962038884 1.0
object 88	1.0:1.0
178.0 -5.22690156984 1.0
101.0 0.922446943696 1.0
68.0 0.973216601483 1.0
50.0 0.973432616733 1.0
34.0 0.991986419183 1.0
147.0 -2.72584537102 1.0
44.0 0.995500172843 1.0
154.0 1.60112362398 1.0
object 89	1.0:1.0
129.0 0.969539419748 1.0
93.0 1.01092468637 1.0
object 90	1.0:1.0
8.0 0.917578514649 1.0
113.0 1.07510283018 1.0
92.0 1.05883377332 1.0
110.0 1.00604962042 1.0
27.0 0.987335149515 1.0
133.0 0.991362075303 1.0
20.0 1.00909583492 1.0
object 91	1.0:1.0
14.0 0.922267171136 1.0
63.0 1.01606118561 1.0
22.0 1.04473202682 1.0
object 92	1.0:1.0
197.0 -1.11004486236 1.0
179.0 1.28841071985 1.0
166.0 0.825391044097 1.0
40.0 1.0275834733 1.0
65.0 1.01575236119 1.0
5.0 0.951708561605 1.0
134.0 1.03580727263 1.0
180.0 10.4867617921 1.0
110.0 1.01313961108 1.0
object 93	1.0:1.0
32.0 0.998748479058 1.0
98.0 0.982899222657 1.0
177.0 1.97881654629 1.0
153.0 3.35902145437 1.0
9.0 0.986855253334 1.0
17.0 1.01831203525 1.0
object 94	1.0:1.0
172.0 3.45366232059 1.0
36.0 0.994143132978 1.0
35.0 1.0028066553 1.0
130.0 1.01674683973 1.0
object 95	1.0:1.0
171.0 -1.0147447968 1.0
36.0 0.967013659087 1.0
72.0 0.995859593754 1.0
112.0 0.992422717168 1.0
178.0 5.12029603375 1.0
65.0 0.984887473546 1.0
174.0 1.21793850718 1.0
108.0 1.00332053205 1.0
163.0 1.26013410951 1.0
object 96	1.0:1.0
44.0 0.976510551975 1.0
160.0 0.886882057456 1.0
45.0 1.02647005687 1.0
object 97	1.0:1.0
193.0 -4.21201450993 1.0
91.0 0.99348523566 1.0
75.0 0.986863605382 1.0
22.0 0.982251251423 1.0
73.0 0.962613413784 1.0
34.0 0.97223117156 1.0
object 98	1.0:1.0
21.0 0.997611501769 1.0
4.0 1.04679720772 1.0
192.0 1.37429686294 1.0
182.0 2.71966305388 1.0
96.0 0.933503309951 1.0
object 99	1.0:1.0
39.0 0.952795971381 1.0
137.0 1.00699293085 1.0
126.0 0.975260553357 1.0
29.0 1.01377806559 1.0
