object 0	1.0:1.0
100.0 0.981899685487 1.0
166.0 1.01022876662 1.0
79.0 0.98576447745 1.0
3.0 1.04048444677 1.0
101.0 1.00589098279 1.0
153.0 0.986896211212 1.0
103.0 1.00509065518 1.0
23.0 1.02577045585 1.0
126.0 1.02168641675 1.0
72.0 0.999539742136 1.0
186.0 0.620717493986 1.0
53.0 0.96089366381 1.0
109.0 1.00193427732 1.0
0.0 0.99463162464 1.0
85.0 1.04419362002 1.0
187.0 3.15684168654 1.0
89.0 0.968781167248 1.0
132.0 0.990296323472 1.0
11.0 1.00941106348 1.0
144.0 0.982322499297 1.0
125.0 1.06677975664 1.0
76.0 0.957480032422 1.0
191.0 5.89845554519 1.0
45.0 1.00860709615 1.0
49.0 1.00206818114 1.0
189.0 -1.31021853855 1.0
92.0 0.997952916803 1.0
117.0 0.88633877495 1.0
19.0 0.99145411855 1.0
object 1	1.0:1.0
179.0 1.01515217825 1.0
103.0 0.98980887948 1.0
8.0 0.994594368218 1.0
87.0 0.9766669452 1.0
29.0 0.98392962675 1.0
166.0 1.06822756113 1.0
91.0 1.0026085822 1.0
143.0 0.999485164316 1.0
59.0 1.03145377813 1.0
92.0 0.938809564759 1.0
16.0 0.980255612254 1.0
194.0 0.291086765001 1.0
164.0 0.981402969795 1.0
186.0 2.55446606505 1.0
146.0 1.06378421137 1.0
74.0 1.01380584148 1.0
196.0 -0.46669496192 1.0
154.0 0.956704566605 1.0
109.0 0.988373405297 1.0
31.0 1.02408945985 1.0
140.0 1.04880290341 1.0
131.0 0.959881521477 1.0
187.0 4.88592508683 1.0
199.0 3.44576814644 1.0
49.0 1.06539377485 1.0
30.0 0.967826951838 1.0
127.0 1.00550419281 1.0
121.0 1.06121798942 1.0
object 2	1.0:1.0
100.0 0.968519709489 1.0
38.0 1.00209946998 1.0
134.0 0.973751816896 1.0
23.0 1.03854997056 1.0
103.0 0.971465654033 1.0
164.0 1.04674264101 1.0
190.0 1.36224361843 1.0
156.0 1.03301496863 1.0
80.0 0.98023695903 1.0
11.0 0.990124945862 1.0
192.0 -0.904516531102 1.0
70.0 0.984824543718 1.0
7.0 0.985507546466 1.0
97.0 1.01138290672 1.0
147.0 1.12338554906 1.0
68.0 0.95319533367 1.0
170.0 0.964334027023 1.0
120.0 1.00158904106 1.0
74.0 1.00841976397 1.0
131.0 1.03688543629 1.0
139.0 0.961263499342 1.0
92.0 0.999603898316 1.0
object 3	1.0:1.0
53.0 0.980033944989 1.0
107.0 0.9948316695 1.0
66.0 1.02648941247 1.0
74.0 1.03058329167 1.0
162.0 0.937337063368 1.0
144.0 0.983700019561 1.0
80.0 1.03095413833 1.0
165.0 1.05665815442 1.0
191.0 1.50710794182 1.0
134.0 0.929346997399 1.0
22.0 0.991746095642 1.0
155.0 0.992121531982 1.0
148.0 1.0204834989 1.0
156.0 0.986860229934 1.0
105.0 1.02384638632 1.0
184.0 -1.651914412 1.0
28.0 1.00017332213 1.0
89.0 0.998371305394 1.0
113.0 1.00825533238 1.0
126.0 0.988622762726 1.0
190.0 -0.309785701975 1.0
object 4	1.0:1.0
161.0 1.02040873716 1.0
59.0 0.991336863996 1.0
43.0 0.962764784424 1.0
142.0 0.992550767166 1.0
4.0 1.03518453205 1.0
30.0 1.00568331241 1.0
117.0 0.914664216319 1.0
39.0 0.971354989676 1.0
107.0 1.01234314324 1.0
112.0 1.01268071699 1.0
19.0 0.981113180262 1.0
132.0 1.01041802498 1.0
197.0 2.8087698476 1.0
55.0 0.954167390791 1.0
48.0 1.00321767801 1.0
186.0 -0.654491497333 1.0
40.0 0.981290962473 1.0
171.0 0.928581486633 1.0
191.0 -0.35478514982 1.0
51.0 1.01804908611 1.0
76.0 1.07527479447 1.0
object 5	1.0:1.0
146.0 0.990523758811 1.0
83.0 0.959699667111 1.0
103.0 0.936432400758 1.0
21.0 1.03498599222 1.0
25.0 0.986860624113 1.0
180.0 2.98968502542 1.0
137.0 1.02850772875 1.0
116.0 0.973402000574 1.0
158.0 1.00009285905 1.0
187.0 -2.4381761662 1.0
168.0 1.01186737228 1.0
110.0 1.02291275598 1.0
45.0 1.00286647788 1.0
8.0 0.989822700795 1.0
109.0 0.98122863111 1.0
1.0 0.996054050299 1.0
131.0 1.0358990212 1.0
82.0 0.954148273026 1.0
159.0 1.0072735512 1.0
68.0 0.961210444837 1.0
27.0 1.11117038089 1.0
141.0 1.00335273242 1.0
4.0 0.929936300656 1.0
171.0 0.960255479529 1.0
48.0 0.96805715296 1.0
object 6	1.0:1.0
53.0 0.996647446082 1.0
104.0 1.04618972319 1.0
58.0 0.981848756086 1.0
155.0 0.972425280494 1.0
46.0 1.00012630758 1.0
67.0 1.00427016972 1.0
78.0 1.00763237441 1.0
44.0 1.03201141854 1.0
6.0 0.911407588882 1.0
128.0 0.982305009056 1.0
21.0 1.03062046785 1.0
124.0 0.9324928035 1.0
72.0 0.997714319423 1.0
105.0 1.00081032851 1.0
50.0 0.955500258958 1.0
54.0 0.955105276154 1.0
59.0 1.05867985429 1.0
56.0 0.980484764409 1.0
object 7	1.0:1.0
24.0 1.0240665978 1.0
133.0 0.9734221667 1.0
95.0 0.926399844874 1.0
134.0 1.02396287909 1.0
42.0 0.985269449124 1.0
129.0 0.976486588772 1.0
164.0 0.992102055185 1.0
53.0 0.969300764937 1.0
184.0 -0.417350261071 1.0
65.0 0.980128272765 1.0
8.0 1.00934503944 1.0
173.0 0.976973267741 1.0
6.0 0.990738072633 1.0
146.0 1.0093814904 1.0
17.0 1.01001370734 1.0
22.0 1.00739873634 1.0
71.0 1.02848415045 1.0
168.0 0.990952875947 1.0
object 8	1.0:1.0
60.0 0.992923595433 1.0
23.0 1.01979261789 1.0
165.0 0.975444996208 1.0
127.0 0.953444640621 1.0
173.0 0.980629005723 1.0
129.0 0.928188172997 1.0
168.0 1.00624488127 1.0
125.0 1.03411532199 1.0
121.0 0.980138731713 1.0
48.0 0.993782372523 1.0
74.0 0.942374527242 1.0
132.0 0.995809606454 1.0
185.0 3.57143305662 1.0
87.0 1.01230292676 1.0
97.0 1.00858902965 1.0
41.0 1.00286455818 1.0
156.0 0.981337861364 1.0
99.0 0.951069013717 1.0
91.0 0.970741072451 1.0
object 9	1.0:1.0
66.0 1.00389096406 1.0
165.0 1.04141346327 1.0
100.0 0.975950348577 1.0
28.0 0.990141066705 1.0
117.0 0.994045484994 1.0
42.0 0.998607860584 1.0
139.0 0.888748708148 1.0
29.0 0.972372094215 1.0
99.0 0.895270106951 1.0
114.0 1.05277400046 1.0
69.0 0.999376088581 1.0
27.0 1.07642908778 1.0
161.0 0.993189829307 1.0
137.0 1.00627798947 1.0
13.0 0.996285980737 1.0
52.0 1.00068242938 1.0
70.0 1.06301869718 1.0
39.0 1.108344321 1.0
133.0 0.975242578589 1.0
40.0 0.996085610448 1.0
88.0 1.05339288283 1.0
111.0 1.03063738264 1.0
object 10	1.0:1.0
74.0 0.99060801839 1.0
146.0 1.02379539327 1.0
14.0 0.991126579847 1.0
35.0 1.00149291026 1.0
147.0 1.03726415122 1.0
199.0 -0.44083506217 1.0
131.0 0.936299417405 1.0
115.0 1.04019219482 1.0
107.0 1.0213054569 1.0
145.0 1.00084382182 1.0
31.0 0.984154415281 1.0
192.0 2.44693118376 1.0
170.0 1.0076227616 1.0
164.0 0.980885718082 1.0
2.0 1.02424789673 1.0
178.0 0.986525494043 1.0
72.0 1.02363486823 1.0
125.0 0.957156527391 1.0
197.0 -0.027318202842 1.0
84.0 1.00442702419 1.0
97.0 0.984775538095 1.0
42.0 1.01500658134 1.0
32.0 0.992269355717 1.0
194.0 2.08660260525 1.0
175.0 1.01850895278 1.0
151.0 0.998763315476 1.0
object 11	1.0:1.0
102.0 0.958503680777 1.0
24.0 0.99702134468 1.0
147.0 0.942160484381 1.0
101.0 0.984437919935 1.0
152.0 0.984113306894 1.0
146.0 0.998946241818 1.0
83.0 0.997179078298 1.0
110.0 0.959612883527 1.0
11.0 0.995224763105 1.0
5.0 0.998622862295 1.0
132.0 0.995470837982 1.0
85.0 1.05399521479 1.0
139.0 0.930375268597 1.0
51.0 1.01526688802 1.0
155.0 1.11880029384 1.0
1.0 0.952752565878 1.0
9.0 1.01160732917 1.0
184.0 1.26424566906 1.0
55.0 0.99359683214 1.0
72.0 0.979989612045 1.0
190.0 5.62453405798 1.0
84.0 0.999860721549 1.0
object 12	1.0:1.0
171.0 0.975229695347 1.0
24.0 1.02025503073 1.0
12.0 0.967976220732 1.0
65.0 1.01746696152 1.0
124.0 0.980596091373 1.0
103.0 1.01320660358 1.0
131.0 0.991710096359 1.0
32.0 0.992985430385 1.0
83.0 1.08207413454 1.0
99.0 0.98500335966 1.0
79.0 0.973013553589 1.0
49.0 0.955462247784 1.0
130.0 1.00885924131 1.0
188.0 1.96499625421 1.0
22.0 1.00019927104 1.0
141.0 1.00365294208 1.0
149.0 1.03033828939 1.0
object 13	1.0:1.0
176.0 1.0220892005 1.0
165.0 0.96815847212 1.0
94.0 1.01746632233 1.0
98.0 0.963698096527 1.0
78.0 1.02331773042 1.0
157.0 0.989089331693 1.0
121.0 0.986264499882 1.0
22.0 1.02373798233 1.0
3.0 1.02670602241 1.0
10.0 0.980137216369 1.0
169.0 0.895439554971 1.0
58.0 0.975424443466 1.0
73.0 1.00996777333 1.0
170.0 1.01537800376 1.0
4.0 1.01797601048 1.0
125.0 0.957203662449 1.0
63.0 1.00009891878 1.0
56.0 1.00453355343 1.0
116.0 0.998286990284 1.0
136.0 1.01706056997 1.0
34.0 0.933597508235 1.0
128.0 0.961667710945 1.0
64.0 0.964002468737 1.0
140.0 1.05596686198 1.0
185.0 -0.24260121356 1.0
object 14	1.0:1.0
135.0 0.962520465268 1.0
64.0 0.991826310489 1.0
124.0 1.0505154657 1.0
107.0 0.990977309282 1.0
165.0 0.983366209968 1.0
171.0 0.957556012844 1.0
185.0 0.832716401484 1.0
146.0 1.04702474706 1.0
19.0 1.00385466267 1.0
103.0 0.940763376414 1.0
181.0 -0.792615135672 1.0
52.0 0.972356232907 1.0
114.0 1.02246244233 1.0
61.0 1.01370549516 1.0
111.0 1.00513367503 1.0
72.0 0.95468022247 1.0
75.0 0.964128688673 1.0
192.0 6.83242959736 1.0
68.0 1.03119246037 1.0
59.0 1.01116671756 1.0
37.0 0.91008264509 1.0
147.0 1.05375954319 1.0
100.0 0.977199498357 1.0
123.0 0.998926232797 1.0
196.0 -7.53804982288 1.0
80.0 1.03664651265 1.0
121.0 0.983873571481 1.0
128.0 1.0069520132 1.0
object 15	1.0:1.0
93.0 1.00276845094 1.0
28.0 0.974697431575 1.0
29.0 0.984058061173 1.0
62.0 1.00022040679 1.0
70.0 0.957690951297 1.0
46.0 1.00622816433 1.0
156.0 0.989448342679 1.0
47.0 0.983612977316 1.0
38.0 0.981917816163 1.0
166.0 1.02246470593 1.0
97.0 1.00499336456 1.0
54.0 1.03559493034 1.0
58.0 0.977177470249 1.0
192.0 0.797728585311 1.0
95.0 0.959158145863 1.0
182.0 -2.51272254372 1.0
16.0 0.998245765694 1.0
43.0 1.0296723626 1.0
196.0 3.45460883987 1.0
76.0 1.01185689241 1.0
object 16	1.0:1.0
13.0 0.991181578992 1.0
21.0 1.00988489717 1.0
92.0 0.98314387557 1.0
91.0 0.992444844605 1.0
133.0 0.979546119927 1.0
134.0 0.956495415735 1.0
170.0 0.972402126124 1.0
181.0 4.45517878079 1.0
78.0 1.0728387805 1.0
68.0 1.00210782114 1.0
116.0 1.11501461299 1.0
57.0 0.979736806925 1.0
89.0 0.975391388526 1.0
0.0 1.00775656764 1.0
99.0 1.01797122828 1.0
45.0 1.00949452621 1.0
71.0 0.967444565054 1.0
175.0 1.04235030056 1.0
145.0 0.994883417663 1.0
117.0 1.03013537415 1.0
38.0 0.966406860069 1.0
141.0 1.02375286239 1.0
69.0 0.987065374561 1.0
119.0 0.992430527024 1.0
176.0 0.997915321667 1.0
155.0 1.06175935721 1.0
103.0 1.04251643286 1.0
160.0 0.999465590622 1.0
62.0 0.986865483763 1.0
object 17	1.0:1.0
106.0 0.951394060762 1.0
190.0 -0.744572854051 1.0
188.0 1.23973240603 1.0
77.0 0.964240243954 1.0
160.0 1.0196904879 1.0
122.0 1.0622670179 1.0
45.0 0.936682503305 1.0
41.0 1.01903420044 1.0
143.0 0.964394965084 1.0
114.0 1.03695885866 1.0
56.0 1.03204446951 1.0
166.0 1.07643452699 1.0
44.0 1.08832072997 1.0
8.0 1.00689908546 1.0
94.0 0.996155934343 1.0
116.0 0.945986115943 1.0
52.0 0.988813139803 1.0
object 18	1.0:1.0
99.0 0.992810946013 1.0
66.0 1.01360423081 1.0
132.0 0.985422295922 1.0
188.0 3.59522843495 1.0
47.0 0.985788726376 1.0
8.0 0.979376714917 1.0
34.0 1.04676476461 1.0
122.0 1.00778143659 1.0
165.0 0.965727365018 1.0
6.0 0.920391777833 1.0
83.0 1.02126694265 1.0
105.0 1.0088948351 1.0
25.0 1.11546990311 1.0
173.0 1.0368777518 1.0
65.0 0.956412930298 1.0
138.0 1.02097004757 1.0
175.0 0.984105329526 1.0
53.0 0.995342464909 1.0
58.0 1.03228686956 1.0
189.0 -0.731729776082 1.0
133.0 1.01401493214 1.0
97.0 1.00039824113 1.0
161.0 0.99799513884 1.0
13.0 0.99316469333 1.0
object 19	1.0:1.0
25.0 1.03388087941 1.0
59.0 0.968528491092 1.0
198.0 0.504604090495 1.0
57.0 0.936072751955 1.0
32.0 0.982439245589 1.0
141.0 1.00270224367 1.0
96.0 1.01936439932 1.0
14.0 1.01001120361 1.0
167.0 0.992165659371 1.0
80.0 0.972010587438 1.0
29.0 0.999017868892 1.0
116.0 1.07129485282 1.0
150.0 1.02410261646 1.0
9.0 0.993058702653 1.0
88.0 1.01237710218 1.0
55.0 1.03847981151 1.0
90.0 0.998074521989 1.0
74.0 1.01712809045 1.0
83.0 1.00439413331 1.0
object 20	1.0:1.0
5.0 0.995662022863 1.0
122.0 1.00468149387 1.0
186.0 4.13745111907 1.0
143.0 0.965086079575 1.0
71.0 0.973622882244 1.0
26.0 1.00924250959 1.0
85.0 1.01523230995 1.0
191.0 1.12496249289 1.0
180.0 -0.644780488753 1.0
51.0 0.990161451362 1.0
30.0 0.982946120329 1.0
149.0 0.886684533838 1.0
159.0 0.989847899305 1.0
179.0 0.993449395432 1.0
74.0 1.03821034716 1.0
39.0 1.01545583642 1.0
147.0 1.01035864631 1.0
94.0 1.01229691718 1.0
17.0 0.949743409901 1.0
196.0 0.374712085211 1.0
192.0 5.07808084714 1.0
104.0 1.01905155795 1.0
96.0 1.02443145068 1.0
55.0 0.993860282001 1.0
135.0 0.993546190134 1.0
49.0 1.05820794412 1.0
161.0 1.02493843046 1.0
object 21	1.0:1.0
128.0 0.97245820101 1.0
54.0 0.96813348828 1.0
25.0 0.989555621063 1.0
139.0 1.00713484295 1.0
194.0 0.722686262912 1.0
169.0 1.09903958263 1.0
156.0 1.01379747411 1.0
7.0 1.02192084073 1.0
10.0 0.954197458285 1.0
149.0 0.964267412931 1.0
95.0 1.02335240576 1.0
63.0 0.988093275646 1.0
38.0 0.996337566838 1.0
138.0 1.03378666726 1.0
57.0 1.0184584548 1.0
88.0 1.01019912386 1.0
114.0 0.973952867981 1.0
94.0 0.998453675974 1.0
14.0 0.964089509161 1.0
127.0 1.03385343078 1.0
53.0 1.02457890571 1.0
168.0 1.03189227946 1.0
74.0 1.00820286233 1.0
object 22	1.0:1.0
14.0 1.0158114058 1.0
127.0 1.02041195071 1.0
189.0 3.86088175767 1.0
95.0 1.06913510518 1.0
18.0 1.00037361883 1.0
0.0 0.992207454698 1.0
96.0 0.982014857039 1.0
187.0 7.50593908671 1.0
100.0 1.02258586166 1.0
48.0 1.03703395047 1.0
10.0 1.07552215995 1.0
151.0 1.03120625433 1.0
121.0 0.941139109493 1.0
166.0 0.95835512929 1.0
141.0 0.998905327725 1.0
199.0 3.50659048488 1.0
89.0 0.993388247954 1.0
5.0 1.00141253871 1.0
162.0 1.04429391157 1.0
133.0 0.983049563488 1.0
172.0 0.994900061139 1.0
80.0 1.0024394864 1.0
object 23	1.0:1.0
22.0 0.988499064895 1.0
72.0 1.00121808279 1.0
103.0 1.0015031589 1.0
68.0 0.966506257282 1.0
97.0 1.00400961844 1.0
65.0 1.00569557956 1.0
52.0 0.997148168317 1.0
90.0 0.981808253765 1.0
188.0 2.61223172522 1.0
192.0 2.30685553821 1.0
137.0 0.991018211075 1.0
196.0 1.90150212357 1.0
113.0 0.994877295501 1.0
166.0 1.04043529268 1.0
64.0 1.01580052571 1.0
131.0 1.05388706597 1.0
181.0 -1.95936266624 1.0
74.0 0.990812772184 1.0
76.0 1.00829111597 1.0
81.0 0.983353459955 1.0
106.0 1.0399161374 1.0
101.0 1.0211299509 1.0
191.0 4.81252090644 1.0
114.0 1.01657179053 1.0
47.0 0.997897245268 1.0
7.0 0.970976111907 1.0
59.0 1.01652832918 1.0
92.0 1.00018908758 1.0
142.0 1.0032485727 1.0
139.0 0.999771575506 1.0
185.0 0.35266548135 1.0
164.0 1.01530427075 1.0
37.0 0.968583895885 1.0
1.0 1.02208885641 1.0
23.0 0.983031149025 1.0
object 24	1.0:1.0
98.0 1.0486978599 1.0
150.0 1.04317877725 1.0
53.0 0.909466730685 1.0
44.0 1.03252892258 1.0
24.0 0.980619615841 1.0
112.0 0.98813642911 1.0
139.0 0.955382727583 1.0
99.0 0.957305382697 1.0
45.0 0.988805370557 1.0
74.0 1.03269946727 1.0
175.0 0.970936976481 1.0
192.0 1.10772499432 1.0
177.0 0.958733977305 1.0
123.0 0.984100515746 1.0
4.0 1.0246385308 1.0
52.0 0.975895008589 1.0
97.0 0.998046792368 1.0
188.0 0.411761294467 1.0
92.0 1.00738588564 1.0
183.0 -0.577087569114 1.0
65.0 0.999622975541 1.0
object 25	1.0:1.0
114.0 0.968441254112 1.0
24.0 1.00797567833 1.0
154.0 1.0132042319 1.0
58.0 0.982136179804 1.0
7.0 1.0271950726 1.0
187.0 -2.48411307346 1.0
71.0 0.974547749865 1.0
180.0 -0.524680976273 1.0
90.0 0.982477555452 1.0
193.0 -4.04964735273 1.0
97.0 1.00353744807 1.0
95.0 0.978771210426 1.0
6.0 1.04075166693 1.0
15.0 0.99330703273 1.0
146.0 0.98658000212 1.0
145.0 0.981615952719 1.0
138.0 1.05060337071 1.0
object 26	1.0:1.0
111.0 1.02787949857 1.0
198.0 -0.769820377193 1.0
37.0 0.952688293769 1.0
32.0 0.967358400079 1.0
155.0 0.980031009562 1.0
167.0 1.00581262115 1.0
146.0 0.976442054247 1.0
102.0 0.978798911204 1.0
93.0 0.986979888048 1.0
119.0 0.986489491275 1.0
99.0 1.05167890184 1.0
6.0 1.01662350317 1.0
55.0 1.04506927529 1.0
141.0 0.978947197178 1.0
36.0 0.977383189463 1.0
61.0 1.02543375242 1.0
35.0 1.03726975126 1.0
82.0 0.984383415075 1.0
45.0 0.946585591594 1.0
54.0 0.948613826993 1.0
144.0 0.994042954422 1.0
152.0 1.03496063531 1.0
23.0 0.96124471348 1.0
161.0 1.0051054803 1.0
120.0 0.971994113304 1.0
191.0 -5.34661062073 1.0
122.0 1.0227041712 1.0
185.0 -2.69128916367 1.0
186.0 4.60555770709 1.0
83.0 0.956612286723 1.0
196.0 1.32906842037 1.0
3.0 1.03113839895 1.0
137.0 1.00701478252 1.0
88.0 0.959078229356 1.0
157.0 0.974335365113 1.0
131.0 0.98661239759 1.0
object 27	1.0:1.0
11.0 0.999224865196 1.0
160.0 0.992208281542 1.0
133.0 1.05186136247 1.0
183.0 1.22401669431 1.0
195.0 1.45026863176 1.0
4.0 0.985032382985 1.0
50.0 0.9770809063 1.0
40.0 0.977578887548 1.0
92.0 1.06922658491 1.0
72.0 1.00651888644 1.0
81.0 0.98741676264 1.0
30.0 1.01313853233 1.0
57.0 1.00874607263 1.0
169.0 1.01385933489 1.0
107.0 0.910678676514 1.0
73.0 1.02228777077 1.0
12.0 0.967392869296 1.0
138.0 1.03104301762 1.0
166.0 1.01974681382 1.0
152.0 1.00252000004 1.0
61.0 0.983578335766 1.0
162.0 1.03702724949 1.0
187.0 0.216886613422 1.0
164.0 1.00489756037 1.0
41.0 0.984130714266 1.0
object 28	1.0:1.0
76.0 1.02046515836 1.0
139.0 0.982430311411 1.0
147.0 0.966474438338 1.0
95.0 0.974979359343 1.0
178.0 1.00032374004 1.0
53.0 0.982468931566 1.0
16.0 1.00812911262 1.0
57.0 1.01507128754 1.0
26.0 1.00731584865 1.0
14.0 0.951598369197 1.0
47.0 0.987818738169 1.0
161.0 1.01992230579 1.0
51.0 0.96695547162 1.0
127.0 0.917712919967 1.0
52.0 0.994438002371 1.0
173.0 0.987275135789 1.0
70.0 1.0249417079 1.0
21.0 0.997480427631 1.0
64.0 0.99439793929 1.0
77.0 1.01047143421 1.0
195.0 2.56559666877 1.0
171.0 0.965607189332 1.0
172.0 1.00042195349 1.0
56.0 0.976215155195 1.0
object 29	1.0:1.0
91.0 1.006121558 1.0
57.0 1.01199130333 1.0
94.0 0.996448206739 1.0
0.0 0.996253727233 1.0
46.0 0.965153796839 1.0
139.0 1.05873916169 1.0
66.0 1.0092059427 1.0
97.0 1.00344803824 1.0
2.0 1.0959202144 1.0
103.0 1.03278792257 1.0
174.0 0.931842815169 1.0
113.0 1.00677422684 1.0
157.0 1.01084151726 1.0
170.0 0.96395088639 1.0
53.0 0.974180246977 1.0
142.0 0.987025661777 1.0
11.0 1.00056489578 1.0
15.0 0.991889254429 1.0
190.0 1.55413914331 1.0
115.0 1.01016465488 1.0
154.0 1.03768006098 1.0
51.0 1.05587826248 1.0
9.0 1.00878178225 1.0
138.0 0.986821130427 1.0
152.0 0.952891765097 1.0
40.0 1.00845490862 1.0
166.0 1.00392096364 1.0
3.0 1.06454142538 1.0
object 30	1.0:1.0
104.0 1.04200663987 1.0
67.0 1.01796469664 1.0
176.0 1.04244585196 1.0
112.0 1.03085321369 1.0
138.0 1.0287979833 1.0
166.0 0.979627218884 1.0
134.0 1.07289451967 1.0
71.0 0.983384575569 1.0
186.0 0.590618398272 1.0
27.0 1.02202362584 1.0
65.0 0.969305459673 1.0
136.0 0.993377922174 1.0
187.0 1.82948984989 1.0
113.0 0.977488905229 1.0
2.0 1.07240575188 1.0
165.0 0.993224735717 1.0
14.0 0.979944169825 1.0
108.0 1.02453199014 1.0
0.0 1.00560605806 1.0
162.0 1.03539333736 1.0
199.0 -4.25253107072 1.0
26.0 0.996620220664 1.0
157.0 0.993484393592 1.0
139.0 1.02695461667 1.0
60.0 1.00833030091 1.0
35.0 1.08439760844 1.0
object 31	1.0:1.0
116.0 1.01014033709 1.0
151.0 1.05353611334 1.0
100.0 1.01111390528 1.0
10.0 1.0474540774 1.0
43.0 0.959127166572 1.0
155.0 0.976845366174 1.0
31.0 0.995053254469 1.0
108.0 0.992138970848 1.0
126.0 1.01492542195 1.0
53.0 1.10103744795 1.0
22.0 0.998292742427 1.0
178.0 1.00936643589 1.0
58.0 1.03483804079 1.0
33.0 0.951971996011 1.0
42.0 1.02575125582 1.0
172.0 0.969167772769 1.0
62.0 1.01897184563 1.0
60.0 1.05452788535 1.0
95.0 0.959490134365 1.0
119.0 1.02509177937 1.0
197.0 10.9429061116 1.0
146.0 1.07522477169 1.0
object 32	1.0:1.0
23.0 0.981024798218 1.0
135.0 0.956076040868 1.0
145.0 1.00193010305 1.0
76.0 1.02996466233 1.0
153.0 1.07345038877 1.0
56.0 0.990384884726 1.0
147.0 1.06361921068 1.0
188.0 0.178039593176 1.0
124.0 1.01258097777 1.0
165.0 1.03157873317 1.0
94.0 0.98404076667 1.0
26.0 0.972732699187 1.0
172.0 0.999698330847 1.0
108.0 0.993058533022 1.0
47.0 1.01729282851 1.0
117.0 0.964741624341 1.0
160.0 0.998814472543 1.0
33.0 1.04533469358 1.0
122.0 1.01055806758 1.0
123.0 1.00570776496 1.0
195.0 1.20922052773 1.0
object 33	1.0:1.0
51.0 0.943742815229 1.0
55.0 1.05992745507 1.0
49.0 0.955840484499 1.0
167.0 0.951353146538 1.0
193.0 -1.62607715936 1.0
164.0 0.99562829983 1.0
87.0 1.00604036178 1.0
97.0 1.00925155723 1.0
181.0 2.88271743457 1.0
59.0 0.998875179988 1.0
31.0 0.961623495435 1.0
103.0 0.977350245658 1.0
121.0 1.01731802282 1.0
17.0 1.01011231265 1.0
75.0 0.981066670285 1.0
109.0 1.03899421823 1.0
135.0 1.07985901409 1.0
96.0 1.00780943902 1.0
177.0 0.9813847412 1.0
168.0 0.980786816978 1.0
object 34	1.0:1.0
166.0 0.990327331499 1.0
73.0 0.976344408938 1.0
119.0 1.00426019391 1.0
40.0 1.00408924237 1.0
125.0 0.995102694231 1.0
101.0 1.05974961639 1.0
17.0 0.996034282966 1.0
117.0 1.03785153197 1.0
129.0 0.933465340786 1.0
108.0 1.03475638547 1.0
124.0 0.988772603718 1.0
4.0 0.993789647495 1.0
21.0 1.03865392593 1.0
34.0 1.07115343233 1.0
2.0 0.967164344077 1.0
44.0 0.947400011602 1.0
70.0 0.977818901762 1.0
135.0 1.01933354239 1.0
95.0 0.95083846014 1.0
60.0 1.01540059288 1.0
object 35	1.0:1.0
88.0 0.965228280488 1.0
25.0 0.993034835282 1.0
31.0 0.98130887175 1.0
173.0 0.997299014631 1.0
158.0 0.967334815771 1.0
182.0 0.348786989143 1.0
113.0 0.97803116057 1.0
23.0 0.979763954447 1.0
186.0 -1.8023918579 1.0
139.0 0.937880145524 1.0
66.0 1.01755410204 1.0
9.0 1.025991335 1.0
168.0 0.934734963779 1.0
194.0 0.872158524417 1.0
118.0 1.00828759119 1.0
196.0 -1.6875831096 1.0
0.0 1.00413103608 1.0
11.0 1.01656261878 1.0
1.0 0.974640665724 1.0
52.0 1.00667020476 1.0
40.0 0.978549766227 1.0
119.0 0.985381168481 1.0
object 36	1.0:1.0
37.0 1.04725161064 1.0
66.0 1.02105670342 1.0
76.0 0.991324304095 1.0
82.0 0.963388087225 1.0
16.0 1.00171410331 1.0
67.0 0.991241877836 1.0
121.0 0.999676499104 1.0
141.0 1.0096732298 1.0
154.0 0.976639635904 1.0
175.0 0.994499345849 1.0
97.0 1.00418222531 1.0
165.0 0.9555896441 1.0
0.0 1.01092480639 1.0
50.0 0.996987630906 1.0
155.0 1.04329305945 1.0
object 37	1.0:1.0
72.0 0.997225186837 1.0
107.0 1.01356972487 1.0
42.0 1.00044909876 1.0
117.0 1.01302028492 1.0
68.0 1.00681458728 1.0
51.0 0.98905260867 1.0
110.0 1.00458455191 1.0
60.0 0.993442304347 1.0
79.0 1.04125406585 1.0
66.0 1.00364492345 1.0
192.0 -0.764148934199 1.0
169.0 0.991740837729 1.0
190.0 0.253265346757 1.0
173.0 1.00391436742 1.0
object 38	1.0:1.0
27.0 0.980338893938 1.0
141.0 0.999054418806 1.0
11.0 0.986768089835 1.0
104.0 0.958363277026 1.0
39.0 1.07663891518 1.0
197.0 1.55206902113 1.0
158.0 1.02540791291 1.0
81.0 0.930275854104 1.0
188.0 -1.23680551961 1.0
46.0 0.999931537261 1.0
64.0 0.999254050904 1.0
176.0 1.05107430262 1.0
153.0 1.00263912687 1.0
28.0 1.02482007464 1.0
55.0 0.922498850521 1.0
35.0 0.906850430185 1.0
117.0 0.998265077265 1.0
54.0 1.01489702355 1.0
199.0 -1.05473116066 1.0
185.0 1.66594134285 1.0
137.0 0.988056667938 1.0
60.0 0.986209085992 1.0
101.0 1.05005701738 1.0
object 39	1.0:1.0
31.0 0.951529233126 1.0
18.0 1.03531170351 1.0
88.0 0.981358345915 1.0
29.0 0.964851721179 1.0
69.0 0.984071995977 1.0
106.0 1.0037192376 1.0
77.0 1.01422008839 1.0
124.0 1.00168507395 1.0
155.0 0.984579912509 1.0
46.0 1.0297513178 1.0
67.0 1.00171032509 1.0
176.0 1.02173477252 1.0
136.0 0.994773223747 1.0
15.0 1.02129451508 1.0
74.0 0.941950642235 1.0
45.0 0.952056328479 1.0
117.0 1.00571850265 1.0
166.0 1.02081797254 1.0
object 40	1.0:1.0
32.0 1.01549554418 1.0
85.0 1.01174886001 1.0
67.0 1.0002438203 1.0
106.0 0.874412974581 1.0
4.0 0.950376591068 1.0
181.0 5.42460729356 1.0
72.0 0.983637786394 1.0
108.0 0.979567862152 1.0
194.0 3.37158801165 1.0
197.0 -11.3639897195 1.0
28.0 0.985915311491 1.0
44.0 0.965067299585 1.0
166.0 0.982075443356 1.0
187.0 -5.47939438485 1.0
123.0 0.962303866383 1.0
113.0 0.995673435616 1.0
195.0 1.28823375455 1.0
62.0 1.02532901534 1.0
193.0 -4.36061330637 1.0
117.0 0.940055127823 1.0
142.0 1.00617021664 1.0
71.0 1.02200739068 1.0
object 41	1.0:1.0
128.0 0.983947792401 1.0
28.0 0.989750663841 1.0
131.0 1.08507279383 1.0
76.0 0.96655959728 1.0
62.0 0.997787241849 1.0
138.0 0.989420181964 1.0
183.0 2.65148660966 1.0
88.0 0.995129053722 1.0
118.0 0.997433444485 1.0
84.0 1.00738529616 1.0
77.0 0.981623890219 1.0
133.0 0.955852623633 1.0
164.0 0.95682815812 1.0
149.0 0.937061149564 1.0
198.0 2.44341812706 1.0
147.0 0.995407257524 1.0
105.0 0.994734315298 1.0
50.0 1.05482813487 1.0
117.0 0.885292437824 1.0
111.0 1.05090519192 1.0
36.0 0.967945257127 1.0
170.0 0.961901150587 1.0
176.0 1.01439858451 1.0
object 42	1.0:1.0
102.0 0.986659800403 1.0
23.0 0.994804885923 1.0
191.0 0.425482987532 1.0
109.0 0.967942475702 1.0
36.0 0.975848322682 1.0
92.0 0.963995790985 1.0
39.0 1.04654410789 1.0
80.0 1.03596415508 1.0
25.0 1.05263216889 1.0
135.0 1.02257659787 1.0
198.0 -0.688034999494 1.0
189.0 2.53025544105 1.0
105.0 0.967810262915 1.0
181.0 -3.35023427169 1.0
152.0 0.95985189339 1.0
128.0 1.00147442071 1.0
139.0 1.03192576141 1.0
object 43	1.0:1.0
172.0 0.982688651773 1.0
35.0 0.948572841661 1.0
195.0 1.74337865746 1.0
68.0 1.04934799843 1.0
38.0 0.99808712683 1.0
13.0 1.0139902026 1.0
128.0 0.968177003278 1.0
91.0 1.01792217178 1.0
193.0 2.1511356179 1.0
61.0 0.961183075815 1.0
130.0 1.00972775505 1.0
66.0 0.967759342553 1.0
118.0 0.990850165497 1.0
85.0 0.950159018447 1.0
127.0 0.902766400895 1.0
131.0 0.960971109017 1.0
132.0 0.985669118121 1.0
75.0 0.987807428845 1.0
29.0 0.980413279225 1.0
58.0 1.01697208523 1.0
171.0 1.00972755238 1.0
125.0 0.95614210185 1.0
101.0 0.994499579639 1.0
object 44	1.0:1.0
30.0 0.990136655769 1.0
10.0 1.04810277833 1.0
170.0 1.00598022317 1.0
55.0 0.974783305644 1.0
147.0 1.00048144302 1.0
45.0 1.07944039102 1.0
132.0 1.01023182556 1.0
41.0 0.975612026195 1.0
198.0 -1.39235701366 1.0
39.0 1.11243851187 1.0
20.0 0.959929657367 1.0
125.0 1.02285436227 1.0
172.0 1.01780512164 1.0
160.0 1.01117973884 1.0
object 45	1.0:1.0
3.0 0.945328355353 1.0
9.0 0.959689985114 1.0
73.0 0.967275359152 1.0
125.0 1.01906353676 1.0
63.0 0.992078383911 1.0
81.0 0.991760923971 1.0
187.0 -3.14120894984 1.0
169.0 0.965506158312 1.0
145.0 0.980420257702 1.0
97.0 0.996343907128 1.0
88.0 0.962882763455 1.0
39.0 0.92477289876 1.0
142.0 0.991666233336 1.0
151.0 0.970067121146 1.0
131.0 0.97708677265 1.0
178.0 1.0045667294 1.0
12.0 0.947368812997 1.0
18.0 0.979000820822 1.0
110.0 1.02968967466 1.0
165.0 0.983109077957 1.0
71.0 0.980443730511 1.0
163.0 1.04989804135 1.0
104.0 1.03310391443 1.0
100.0 1.0184206822 1.0
133.0 0.956063765433 1.0
19.0 1.02188362467 1.0
41.0 0.974196561248 1.0
82.0 1.00785146774 1.0
42.0 1.01692367572 1.0
170.0 1.02044081467 1.0
107.0 1.0489071878 1.0
129.0 1.00621023195 1.0
object 46	1.0:1.0
197.0 -0.931651222187 1.0
164.0 0.998883859569 1.0
87.0 0.997457016851 1.0
146.0 1.02077790442 1.0
142.0 0.98719056936 1.0
157.0 0.996163235616 1.0
33.0 1.01005951547 1.0
169.0 0.939177348576 1.0
143.0 0.989072064913 1.0
56.0 0.969674629219 1.0
177.0 1.00597605263 1.0
15.0 1.06248321144 1.0
199.0 -1.1627104894 1.0
51.0 1.01700082437 1.0
49.0 0.970110557801 1.0
115.0 0.991064499801 1.0
78.0 1.0136859678 1.0
192.0 -0.0193479289054 1.0
137.0 1.01495827676 1.0
110.0 1.0195116552 1.0
52.0 1.00104898988 1.0
1.0 1.00053149228 1.0
149.0 1.02381344967 1.0
24.0 0.985211841312 1.0
159.0 0.94227302827 1.0
109.0 1.06770367855 1.0
161.0 0.980948696092 1.0
118.0 0.991661667084 1.0
154.0 1.07623671007 1.0
object 47	1.0:1.0
34.0 0.989701962014 1.0
150.0 1.00682180111 1.0
146.0 0.963414904398 1.0
21.0 0.987863675234 1.0
185.0 1.27024988341 1.0
15.0 1.00370577431 1.0
85.0 1.048445345 1.0
12.0 0.984120710672 1.0
109.0 0.965829114651 1.0
195.0 1.11557938123 1.0
198.0 6.12918313607 1.0
153.0 0.952908356978 1.0
64.0 1.01285458953 1.0
81.0 1.0158495638 1.0
151.0 1.02190361977 1.0
94.0 1.00025722406 1.0
28.0 1.00991367992 1.0
123.0 0.985421921541 1.0
object 48	1.0:1.0
20.0 0.997321352115 1.0
109.0 0.940826907972 1.0
181.0 -3.72501634815 1.0
40.0 0.986181122645 1.0
124.0 1.01848036818 1.0
89.0 0.99723928706 1.0
99.0 0.983986242631 1.0
94.0 0.990055498274 1.0
120.0 0.991850036881 1.0
32.0 1.01939156115 1.0
166.0 1.05089680222 1.0
70.0 1.00426157537 1.0
180.0 -0.7826096392 1.0
57.0 0.998439196572 1.0
13.0 1.00841660926 1.0
96.0 0.950499638334 1.0
object 49	1.0:1.0
29.0 1.02393630966 1.0
152.0 1.00023616547 1.0
158.0 0.984185982986 1.0
62.0 1.02661834603 1.0
5.0 0.99523086666 1.0
177.0 0.9882371442 1.0
173.0 0.997148642215 1.0
176.0 0.974642618043 1.0
114.0 1.01450590847 1.0
157.0 1.00823594 1.0
4.0 0.996380976104 1.0
93.0 0.99463322127 1.0
150.0 0.958214241354 1.0
120.0 0.977156707772 1.0
122.0 1.01684673657 1.0
61.0 1.06990148972 1.0
160.0 1.02645913102 1.0
119.0 0.967967438792 1.0
11.0 1.0067816649 1.0
134.0 1.01959484966 1.0
object 50	1.0:0.5 15.3754694815:0.5
56.0 15.3845956774 1.0
102.0 1.04776978982 0.0
88.0 15.4134986069 1.0
21.0 15.3299055296 1.0
137.0 15.3383631964 1.0
98.0 0.959834035501 0.0
145.0 15.2828166455 1.0
193.0 1.06881175959 0.0
122.0 0.996523141791 0.0
46.0 0.994677358275 0.0
80.0 1.06868041477 0.0
101.0 15.363780007 1.0
115.0 15.4230400282 1.0
190.0 -1.50642801117 0.0
175.0 15.3439792707 1.0
91.0 15.3401972644 1.0
38.0 1.00877012085 0.0
142.0 0.948760132788 0.0
118.0 15.3207156384 1.0
28.0 0.933628843523 0.0
19.0 0.976060535853 0.0
83.0 15.3487041558 1.0
165.0 1.00470444872 0.0
object 51	1.0:0.5 -5.10478251956:0.5
158.0 -5.07793872632 1.0
35.0 -5.08816915019 1.0
9.0 1.0830867942 0.0
44.0 -5.12495699392 1.0
56.0 -5.11119575115 1.0
154.0 -5.10454617002 1.0
191.0 -4.46303538765 1.0
127.0 0.900136463088 0.0
83.0 -5.11119910022 1.0
59.0 1.03319917791 0.0
171.0 -5.16084257547 1.0
71.0 -5.14335721401 1.0
2.0 -5.14139931907 1.0
123.0 -5.08205712109 1.0
29.0 1.01743712092 0.0
170.0 -5.12571666203 1.0
93.0 -5.09190509348 1.0
182.0 -4.69830445069 0.0
134.0 1.06623884277 0.0
51.0 -5.12102415706 1.0
151.0 -5.09835166043 1.0
141.0 -5.06246831352 1.0
0.0 0.90475505374 0.0
157.0 0.957897763734 0.0
3.0 -5.07162000473 1.0
object 52	1.0:0.5 0.558933153788:0.5
191.0 -1.84380195829 1.0
150.0 1.00557374423 0.0
123.0 0.569496231911 1.0
49.0 1.05418728857 0.0
36.0 0.996684978691 0.0
15.0 1.031480972 0.0
132.0 0.49119506762 1.0
5.0 1.01501243734 0.0
117.0 0.929783773551 0.0
79.0 0.56922612974 1.0
153.0 0.577937630049 1.0
92.0 1.00446335975 0.0
109.0 0.61530859583 1.0
65.0 0.574812106252 1.0
90.0 0.464003879823 1.0
119.0 0.627901887325 1.0
126.0 0.97694301129 0.0
object 53	1.0:0.5 3.78148327108:0.5
90.0 3.76931532256 1.0
51.0 1.03666802366 0.0
107.0 3.78817811086 1.0
192.0 -3.2964045094 0.0
193.0 -2.54584010488 0.0
23.0 3.7831158638 1.0
24.0 3.80726918725 1.0
37.0 0.954972901779 0.0
140.0 3.81506252091 1.0
50.0 3.8015614678 1.0
13.0 3.76299571816 1.0
163.0 3.78868829684 1.0
164.0 3.82456589477 1.0
116.0 3.86555475479 1.0
8.0 1.04884345119 0.0
106.0 1.0306593171 0.0
114.0 0.985257759695 0.0
15.0 3.81057540394 1.0
158.0 3.7588592383 1.0
6.0 3.77569025044 1.0
108.0 3.75035930159 1.0
17.0 1.02269187122 0.0
189.0 6.37745202103 1.0
46.0 1.06295833733 0.0
57.0 3.83402953296 1.0
object 54	1.0:0.5 7.15879799124:0.5
158.0 1.05728494126 0.0
6.0 1.01963244338 0.0
49.0 1.02790277271 0.0
45.0 7.11002806493 1.0
109.0 7.09184810158 1.0
166.0 7.15771861781 1.0
0.0 7.1007419224 1.0
71.0 7.18779124874 1.0
137.0 1.02014154733 0.0
26.0 7.15627253916 1.0
50.0 0.961118512655 0.0
170.0 0.970920040034 0.0
107.0 7.17903886385 1.0
21.0 7.16574758394 1.0
129.0 7.18002116818 1.0
147.0 1.0612634079 0.0
58.0 1.00445912938 0.0
173.0 1.00218957906 0.0
41.0 0.991058891457 0.0
object 55	1.0:0.5 -1.21627621082:0.5
113.0 0.952738683274 0.0
112.0 0.89273472819 0.0
102.0 -1.28993544416 1.0
169.0 -1.18115541421 1.0
65.0 1.02813705499 0.0
7.0 0.945355754156 0.0
111.0 -1.29405985953 1.0
5.0 -1.2019312383 1.0
35.0 -1.31103201174 1.0
62.0 0.951621714661 0.0
object 56	1.0:0.5 -1.08761586495:0.5
29.0 1.0530884764 0.0
32.0 1.05143745335 0.0
46.0 0.997659711891 0.0
68.0 -1.07290443872 1.0
161.0 1.01301372237 0.0
34.0 -1.09674847499 1.0
136.0 1.03348490272 0.0
23.0 -1.09529255631 1.0
61.0 -1.1572716292 1.0
57.0 1.02700457376 0.0
144.0 1.07668545385 0.0
87.0 -1.05272836283 1.0
102.0 -1.00531654151 1.0
5.0 -1.02642790681 1.0
63.0 0.980602428255 0.0
121.0 -1.1265715491 1.0
114.0 -1.19007832451 1.0
174.0 1.0865285919 0.0
145.0 1.03343971525 0.0
78.0 1.06942862272 0.0
140.0 -1.12882683447 1.0
object 57	1.0:0.5 -0.144167673717:0.5
110.0 -0.115702065937 1.0
87.0 -0.145753881725 1.0
103.0 1.00211817517 0.0
168.0 -0.18288209788 1.0
77.0 -0.152179334241 1.0
161.0 1.00279595445 0.0
132.0 -0.0908474474993 1.0
199.0 0.501041094771 1.0
154.0 0.911468402402 0.0
163.0 1.00545327694 0.0
46.0 0.943751129171 0.0
68.0 -0.179331993641 1.0
10.0 0.899703185075 0.0
182.0 9.28948868246 0.0
189.0 4.74372527365 1.0
object 58	1.0:0.5 -2.9502847633:0.5
177.0 0.983532865812 0.0
194.0 -2.53554106377 0.0
65.0 -2.92250828414 1.0
38.0 0.976737129981 0.0
196.0 4.08098357981 0.0
111.0 -3.00935708438 1.0
188.0 5.84415248866 0.0
92.0 -2.99499150889 1.0
184.0 7.17683260179 0.0
114.0 1.02857605407 0.0
19.0 -2.96901819678 1.0
167.0 -2.99997279218 1.0
74.0 1.06076716201 0.0
16.0 0.988107188362 0.0
180.0 0.930701566529 0.0
55.0 1.06513654665 0.0
103.0 1.03303168629 0.0
104.0 -2.99714052497 1.0
117.0 1.05261450402 0.0
105.0 -2.98695378105 1.0
object 59	1.0:0.5 18.6208357527:0.5
137.0 0.940560803371 0.0
38.0 18.6241684034 1.0
114.0 1.03510097373 0.0
4.0 18.6046193096 1.0
156.0 1.00294688144 0.0
186.0 19.686958148 1.0
1.0 0.977337106394 0.0
32.0 0.956378757 0.0
5.0 0.995359836496 0.0
138.0 18.6400093493 1.0
121.0 18.5619355557 1.0
149.0 1.02125306994 0.0
23.0 0.95807192209 0.0
185.0 18.4614356741 1.0
object 60	1.0:0.5 16.8421773178:0.5
47.0 0.980504445096 0.0
74.0 0.999459764268 0.0
1.0 1.03741176331 0.0
176.0 0.969173238948 0.0
23.0 16.8992850327 1.0
154.0 0.920935867655 0.0
195.0 28.2923709725 1.0
40.0 1.01220048648 0.0
109.0 16.8688728936 1.0
77.0 0.976089892079 0.0
83.0 0.98598285156 0.0
10.0 1.01112940613 0.0
58.0 0.961174157907 0.0
114.0 1.05783000898 0.0
17.0 1.00427666495 0.0
73.0 16.8556024908 1.0
150.0 16.7862477984 1.0
187.0 19.6330376536 1.0
136.0 16.8901281793 1.0
48.0 16.8018520108 1.0
42.0 1.0627308005 0.0
99.0 16.8714519321 1.0
91.0 16.8407884384 1.0
79.0 16.838143987 1.0
105.0 16.9538075925 1.0
object 61	1.0:0.5 6.83118934076:0.5
2.0 6.93165904482 1.0
114.0 1.00974222634 0.0
122.0 6.8115997881 1.0
43.0 0.973779080038 0.0
86.0 6.85032177743 1.0
155.0 6.92257448176 1.0
185.0 0.439228770572 0.0
96.0 6.82173747067 1.0
88.0 1.00972060992 0.0
196.0 7.44623049888 1.0
134.0 0.984257139859 0.0
1.0 1.00786037926 0.0
10.0 6.8495516933 1.0
7.0 1.00449123798 0.0
32.0 6.85966577306 1.0
143.0 6.83309766725 1.0
165.0 1.01489997178 0.0
40.0 1.02567960467 0.0
object 62	1.0:0.5 -0.480954669072:0.5
125.0 0.973347600062 0.0
35.0 -0.463351269361 1.0
121.0 1.10265513598 0.0
172.0 0.946339172057 0.0
49.0 -0.403901000589 1.0
137.0 -0.48312786688 1.0
66.0 0.988589365049 0.0
34.0 -0.454301476921 1.0
22.0 -0.44563102717 1.0
76.0 -0.455006858523 1.0
43.0 -0.527853376068 1.0
126.0 -0.449671223157 1.0
7.0 -0.493342398502 1.0
128.0 0.958274895608 0.0
176.0 1.00852043526 0.0
150.0 -0.449547307681 1.0
19.0 -0.52596241205 1.0
141.0 0.960958122657 0.0
129.0 1.05966843035 0.0
object 63	1.0:0.5 -2.86037964277:0.5
155.0 1.05264640887 0.0
67.0 -2.87950176755 1.0
54.0 0.920801096295 0.0
60.0 -2.86805219231 1.0
9.0 1.0221226426 0.0
1.0 1.07755114508 0.0
3.0 -2.85721522376 1.0
174.0 -2.9257911198 1.0
51.0 1.01685005977 0.0
140.0 1.01763344122 0.0
36.0 0.973956656542 0.0
178.0 0.993295948925 0.0
161.0 1.0573096865 0.0
92.0 0.996745384142 0.0
87.0 -2.81707542549 1.0
111.0 -2.97713037133 1.0
199.0 0.970697658817 0.0
166.0 -2.83856318104 1.0
57.0 1.06080245631 0.0
100.0 -2.86271169472 1.0
25.0 -2.83298499672 1.0
119.0 -2.8543030705 1.0
81.0 1.02522581233 0.0
68.0 -2.84715947059 1.0
53.0 1.03480723019 0.0
33.0 -2.78829795585 1.0
object 64	1.0:0.5 -0.973987568314:0.5
34.0 1.02561137391 0.0
15.0 1.01074493689 0.0
80.0 -1.02659116542 1.0
185.0 -0.84831300757 1.0
179.0 1.04490423466 0.0
108.0 -0.949924824068 1.0
188.0 -2.97001603249 1.0
25.0 1.01682102513 0.0
53.0 1.04111883651 0.0
154.0 -0.988272247889 1.0
98.0 -0.9085170132 1.0
87.0 -0.926613325774 1.0
47.0 -0.88585841568 1.0
112.0 0.882912448178 0.0
18.0 -1.0480004715 1.0
object 65	1.0:0.5 -24.7581817496:0.5
41.0 -24.6801862234 1.0
121.0 0.985771077362 0.0
77.0 -24.7430806586 1.0
3.0 -24.6998533405 1.0
66.0 0.977966110754 0.0
161.0 -24.757059637 1.0
127.0 0.977948103706 0.0
116.0 -24.7732542308 1.0
15.0 -24.7605706409 1.0
152.0 -24.7180727961 1.0
163.0 -24.7517557652 1.0
73.0 1.00342935998 0.0
118.0 -24.8175579997 1.0
160.0 -24.87237405 1.0
137.0 -24.7393982203 1.0
42.0 -24.8962437049 1.0
56.0 0.943265561984 0.0
object 66	1.0:0.5 25.1597036098:0.5
160.0 25.2119226143 1.0
75.0 25.2627467788 1.0
174.0 1.0206149333 0.0
127.0 0.970015869495 0.0
31.0 25.1085915066 1.0
138.0 25.1832264859 1.0
79.0 1.03233342124 0.0
37.0 0.970507303832 0.0
8.0 25.1240813152 1.0
30.0 0.948435033129 0.0
77.0 25.2382274001 1.0
44.0 25.0361808096 1.0
59.0 0.927236001195 0.0
90.0 1.01290081702 0.0
125.0 0.95186151774 0.0
171.0 25.1244897732 1.0
10.0 0.896459222224 0.0
101.0 25.2292151277 1.0
11.0 1.02246993845 0.0
118.0 0.940878139882 0.0
object 67	1.0:0.5 -10.0473057332:0.5
140.0 1.02758793208 0.0
82.0 1.05811621451 0.0
5.0 -10.0807511466 1.0
71.0 -10.1634962186 1.0
12.0 -10.0762498492 1.0
52.0 0.991086225946 0.0
75.0 -9.91175449034 1.0
37.0 1.03153383083 0.0
57.0 1.02725202298 0.0
122.0 -10.0686946612 1.0
178.0 1.02564733773 0.0
13.0 0.95630628523 0.0
50.0 1.02386560664 0.0
4.0 -9.98208087106 1.0
43.0 -10.0628950626 1.0
76.0 -10.0815188762 1.0
36.0 -10.101721976 1.0
105.0 1.01049642669 0.0
2.0 -9.96665226377 1.0
184.0 8.25649824448 0.0
31.0 -10.0000830723 1.0
73.0 0.996655018046 0.0
147.0 0.92760817733 0.0
20.0 -10.1052218504 1.0
19.0 -10.0064138826 1.0
0.0 -10.0448496713 1.0
160.0 1.03705921743 0.0
40.0 -10.0778312128 1.0
47.0 -10.0318848012 1.0
61.0 0.990648467987 0.0
151.0 -9.95862909681 1.0
48.0 -9.94795942955 1.0
170.0 -10.0650160628 1.0
199.0 -8.89190868986 1.0
15.0 1.01181769458 0.0
object 68	1.0:0.5 6.40380614956:0.5
64.0 1.04270263068 0.0
139.0 0.865680474407 0.0
130.0 6.39824038669 1.0
70.0 1.06442777538 0.0
190.0 1.12376474524 0.0
79.0 1.051874062 0.0
74.0 1.01362344155 0.0
55.0 6.48576177187 1.0
157.0 6.3585574057 1.0
27.0 6.44178417952 1.0
23.0 6.51258067078 1.0
138.0 1.0237663386 0.0
1.0 6.36820699312 1.0
52.0 0.953262048449 0.0
12.0 1.02877079965 0.0
67.0 1.01212009596 0.0
115.0 0.991398837231 0.0
142.0 6.3815846981 1.0
56.0 1.00997575376 0.0
170.0 1.03847235097 0.0
51.0 6.42585139123 1.0
11.0 6.35187899802 1.0
95.0 6.45994276208 1.0
object 69	1.0:0.5 5.88195681902:0.5
192.0 5.14526129332 0.0
162.0 1.07298322932 0.0
136.0 5.96992081106 1.0
15.0 5.90321258838 1.0
147.0 5.93372020681 1.0
88.0 0.974358626067 0.0
100.0 0.993583909241 0.0
163.0 0.96903222307 0.0
183.0 1.82627593743 0.0
194.0 3.53980936585 0.0
11.0 5.8674429906 1.0
154.0 5.88869114182 1.0
161.0 5.83756764474 1.0
21.0 0.905794274093 0.0
65.0 0.971562353968 0.0
110.0 5.90225145477 1.0
34.0 0.947512930205 0.0
5.0 5.86714521551 1.0
123.0 0.953746337458 0.0
26.0 5.89438984766 1.0
171.0 5.908157138 1.0
56.0 5.8261756969 1.0
66.0 1.03433179102 0.0
62.0 5.85647272307 1.0
175.0 0.960156878385 0.0
196.0 -3.65986590662 0.0
object 70	1.0:0.5 5.68192751727:0.5
144.0 1.00248917343 0.0
10.0 1.08180283895 0.0
187.0 1.98825154407 0.0
87.0 1.01792249731 0.0
14.0 5.7566572764 1.0
130.0 1.02058154224 0.0
139.0 1.03161996011 0.0
42.0 0.928433550925 0.0
128.0 5.5975163965 1.0
155.0 5.69743931228 1.0
165.0 5.65976417797 1.0
151.0 5.67854137615 1.0
95.0 1.09188235854 0.0
114.0 5.73193754349 1.0
60.0 5.72244080368 1.0
9.0 1.06743995423 0.0
70.0 5.65715889562 1.0
179.0 5.64661663776 1.0
37.0 5.71238658069 1.0
55.0 5.62057918189 1.0
23.0 5.65561831783 1.0
object 71	1.0:0.5 0.607569770367:0.5
1.0 0.592141253434 1.0
119.0 0.60547769201 1.0
97.0 0.579857796447 1.0
163.0 0.587262509615 1.0
45.0 0.600357233124 1.0
186.0 6.45022379064 0.0
180.0 -2.36032041318 1.0
56.0 0.99125650607 0.0
175.0 1.02789049934 0.0
167.0 0.605367912104 1.0
86.0 1.02583703397 0.0
140.0 0.610593675031 1.0
118.0 1.11870453111 0.0
60.0 1.02506016589 0.0
53.0 1.09359680628 0.0
120.0 1.0251209734 0.0
34.0 0.617585710454 1.0
126.0 0.971605065577 0.0
object 72	1.0:0.5 13.9200874114:0.5
54.0 0.898628822034 0.0
74.0 0.956119529372 0.0
198.0 -8.47481487138 0.0
161.0 0.992625128603 0.0
9.0 0.949385764642 0.0
158.0 13.8360602071 1.0
175.0 13.8690083813 1.0
5.0 13.8741226696 1.0
50.0 13.9171236945 1.0
6.0 13.9618308201 1.0
195.0 -3.98261498856 0.0
84.0 1.0296481051 0.0
127.0 13.9989322073 1.0
14.0 14.0239271122 1.0
168.0 13.9915164251 1.0
56.0 1.08575602006 0.0
145.0 1.01613791587 0.0
157.0 0.960413010051 0.0
76.0 13.9467313745 1.0
166.0 0.993054972816 0.0
81.0 13.9575719284 1.0
0.0 13.8842254342 1.0
156.0 13.9835346162 1.0
86.0 1.08805525165 0.0
object 73	1.0:0.5 -0.106239259271:0.5
183.0 -2.09706366651 0.0
187.0 -0.770014683015 1.0
12.0 1.00441711055 0.0
93.0 -0.0870621337967 1.0
40.0 -0.11803545755 1.0
24.0 -0.0876631052731 1.0
65.0 -0.0792710881792 1.0
120.0 -0.0391447789717 1.0
125.0 -0.101635423874 1.0
186.0 1.33614334947 1.0
15.0 1.01825124082 0.0
30.0 0.982605568516 0.0
11.0 -0.120486413988 1.0
192.0 -6.00861446879 1.0
129.0 0.900889777334 0.0
117.0 0.979112540855 0.0
91.0 0.935949390308 0.0
82.0 0.998172631271 0.0
107.0 0.94026709303 0.0
35.0 -0.0978392997229 1.0
130.0 1.04613600405 0.0
185.0 -1.01739541376 0.0
67.0 -0.129308359765 1.0
170.0 0.998062266417 0.0
object 74	1.0:0.5 7.06224355025:0.5
191.0 7.39579727234 1.0
189.0 9.41310268343 1.0
33.0 1.06912088361 0.0
122.0 1.06338974698 0.0
127.0 1.02485093925 0.0
199.0 -0.280916904652 0.0
56.0 7.06537604564 1.0
101.0 7.05973006249 1.0
50.0 7.12366401957 1.0
25.0 1.01598065272 0.0
92.0 0.909038787694 0.0
24.0 1.08179586046 0.0
44.0 1.02107355114 0.0
81.0 0.958902217761 0.0
object 75	1.0:0.5 8.80250581948:0.5
132.0 1.08535113497 0.0
109.0 1.06055547779 0.0
124.0 0.979438814888 0.0
101.0 0.964952892451 0.0
56.0 0.981469418295 0.0
94.0 0.998612593827 0.0
95.0 1.02179121644 0.0
169.0 8.76465247628 1.0
4.0 1.07430913849 0.0
19.0 0.952046447297 0.0
195.0 6.09602602661 1.0
122.0 8.95562410818 1.0
145.0 1.05504039403 0.0
77.0 0.966668630621 0.0
34.0 0.957038305201 0.0
163.0 8.79509407537 1.0
121.0 8.80695852098 1.0
65.0 8.81560992614 1.0
151.0 1.09657711796 0.0
135.0 1.0402047623 0.0
object 76	1.0:0.5 11.8444991729:0.5
0.0 11.7964681179 1.0
38.0 11.8030103719 1.0
195.0 -6.15545125618 0.0
45.0 11.7742468723 1.0
70.0 11.835108477 1.0
42.0 1.02464488733 0.0
104.0 0.961907141293 0.0
194.0 0.351036468825 0.0
97.0 11.7944566318 1.0
126.0 1.03449820836 0.0
23.0 11.8894163831 1.0
196.0 3.70697851069 0.0
174.0 0.987915674551 0.0
18.0 11.8375065191 1.0
3.0 0.885619462454 0.0
31.0 11.7729902 1.0
object 77	1.0:0.5 -11.8847324324:0.5
125.0 1.01470214092 0.0
93.0 0.932317165282 0.0
31.0 -11.9677357406 1.0
188.0 -12.75751046 1.0
183.0 -9.67747099634 1.0
75.0 0.98111597626 0.0
169.0 -11.8743422484 1.0
59.0 -11.8755474121 1.0
69.0 -11.9776607999 1.0
27.0 1.08908519613 0.0
4.0 -11.9958971581 1.0
72.0 -11.8454296758 1.0
146.0 -11.9010214666 1.0
134.0 -11.8088766606 1.0
193.0 -10.1616282876 1.0
57.0 -11.8669500246 1.0
2.0 0.994047732055 0.0
191.0 6.94884690926 0.0
49.0 1.01762154878 0.0
56.0 0.993362068886 0.0
167.0 -11.946747692 1.0
38.0 0.877791437883 0.0
object 78	1.0:0.5 -10.6177821891:0.5
157.0 0.969670946239 0.0
14.0 0.999557571031 0.0
22.0 0.945115837892 0.0
17.0 1.00651390388 0.0
67.0 -10.5152786638 1.0
35.0 -10.6115100238 1.0
54.0 1.09057958209 0.0
177.0 0.99554941688 0.0
28.0 -10.5909422358 1.0
182.0 7.58642130763 0.0
160.0 1.02802292729 0.0
143.0 -10.6054245221 1.0
115.0 -10.5655964676 1.0
123.0 -10.5650561489 1.0
13.0 1.00646821076 0.0
158.0 0.951504918826 0.0
152.0 1.05273044909 0.0
59.0 1.03259523188 0.0
61.0 -10.583367973 1.0
113.0 0.945772676557 0.0
131.0 1.00650443845 0.0
11.0 1.03466712671 0.0
55.0 -10.6767472098 1.0
90.0 -10.6589988247 1.0
object 79	1.0:0.5 2.57195602769:0.5
179.0 2.66401861232 1.0
124.0 1.01234701008 0.0
61.0 2.58605303236 1.0
129.0 1.03262850253 0.0
34.0 2.60123669992 1.0
194.0 -8.05601006962 0.0
87.0 2.57785169363 1.0
121.0 1.03283583298 0.0
77.0 0.968917967537 0.0
79.0 2.48178670823 1.0
114.0 2.56802642163 1.0
16.0 2.62132059581 1.0
35.0 0.896852274322 0.0
13.0 1.06226798302 0.0
178.0 2.66494881375 1.0
137.0 2.57659877684 1.0
187.0 0.654446286679 0.0
98.0 2.61426562857 1.0
122.0 2.63380975273 1.0
63.0 1.00814931459 0.0
object 80	1.0:0.5 -3.84244401277:0.5
99.0 1.0273386889 0.0
188.0 -2.56231066673 1.0
142.0 -3.88373267436 1.0
161.0 -3.81164190689 1.0
59.0 -3.86415522078 1.0
11.0 1.0375154668 0.0
38.0 -3.82392707507 1.0
20.0 0.939556010279 0.0
107.0 -3.83303096367 1.0
3.0 -3.79593520171 1.0
8.0 0.926194279626 0.0
154.0 1.08635830782 0.0
27.0 -3.79131530783 1.0
178.0 1.05483197442 0.0
object 81	1.0:0.5 -2.98939150599:0.5
138.0 0.976611816321 0.0
0.0 0.97343693607 0.0
117.0 -2.93063382318 1.0
121.0 -3.00381673119 1.0
113.0 -2.92976243149 1.0
104.0 0.931646517753 0.0
115.0 0.994678231308 0.0
193.0 5.72258794038 0.0
140.0 -2.97486935288 1.0
35.0 1.0300770382 0.0
94.0 -2.95645584088 1.0
159.0 0.984929026341 0.0
136.0 0.968806450083 0.0
197.0 -2.26694254107 1.0
145.0 -2.9961202374 1.0
102.0 0.940556951442 0.0
69.0 0.977573259577 0.0
178.0 -3.00142054063 1.0
124.0 1.02994898458 0.0
object 82	1.0:0.5 -2.74950007735:0.5
118.0 0.927405491104 0.0
84.0 1.03321348001 0.0
142.0 1.03339259022 0.0
25.0 0.973597863618 0.0
160.0 0.993863786296 0.0
162.0 0.939866496335 0.0
41.0 0.976388193553 0.0
24.0 -2.75226029256 1.0
185.0 1.17584319172 0.0
67.0 1.00255043802 0.0
199.0 3.45477955693 0.0
object 83	1.0:0.5 -17.6903974956:0.5
156.0 -17.7035068312 1.0
149.0 0.981062433828 0.0
93.0 1.00537828611 0.0
172.0 -17.6992630065 1.0
53.0 1.02069589443 0.0
192.0 0.80996621747 0.0
68.0 0.918648985187 0.0
70.0 1.03832258621 0.0
110.0 -17.7211635551 1.0
146.0 -17.6698001556 1.0
175.0 -17.7276040521 1.0
67.0 1.0315181764 0.0
150.0 1.05302957469 0.0
180.0 -1.1642046762 0.0
153.0 -17.7066087951 1.0
64.0 -17.7581479301 1.0
28.0 1.0094836268 0.0
43.0 1.05678314949 0.0
45.0 -17.7255764233 1.0
1.0 1.00029969474 0.0
77.0 0.925010083094 0.0
79.0 0.981842816283 0.0
185.0 -16.8687049028 1.0
object 84	1.0:0.5 0.817913543999:0.5
59.0 0.834060353335 1.0
14.0 1.03148843466 0.0
154.0 0.925575238689 0.0
54.0 1.06610869555 0.0
136.0 1.03786287179 0.0
159.0 0.95988307395 0.0
41.0 0.859311425279 1.0
124.0 0.990588543864 0.0
169.0 0.927600392743 1.0
144.0 0.997607903009 0.0
110.0 0.864137008406 1.0
74.0 0.785743610342 1.0
68.0 0.993369912374 0.0
163.0 0.827616741703 1.0
34.0 0.765043258869 1.0
130.0 0.831171327708 1.0
131.0 1.02823573943 0.0
object 85	1.0:0.5 6.70171337897:0.5
7.0 1.01762220333 0.0
33.0 0.983201973519 0.0
107.0 6.69552219253 1.0
185.0 5.99549731618 1.0
46.0 1.02023363558 0.0
5.0 6.74125055884 1.0
6.0 6.64404648703 1.0
22.0 6.69222175167 1.0
109.0 6.68176974322 1.0
48.0 6.70063183131 1.0
199.0 -0.297077369085 0.0
66.0 6.73231301834 1.0
53.0 1.02598747532 0.0
176.0 1.04266559182 0.0
37.0 6.8079295248 1.0
47.0 0.983162845096 0.0
0.0 6.67144981595 1.0
73.0 6.72801984584 1.0
182.0 9.576448284 0.0
24.0 6.78535938103 1.0
object 86	1.0:0.5 -7.25944577565:0.5
115.0 1.01927058454 0.0
145.0 0.913600549404 0.0
101.0 1.04941397529 0.0
80.0 1.02035088601 0.0
78.0 0.93530262294 0.0
169.0 -7.28521486157 1.0
179.0 1.00353335311 0.0
151.0 -7.18184683656 1.0
37.0 1.06891343234 0.0
48.0 -7.27765061451 1.0
152.0 -7.24768688791 1.0
174.0 -7.24898429126 1.0
60.0 -7.25798704789 1.0
181.0 2.09658210676 0.0
4.0 0.956201981033 0.0
object 87	1.0:0.5 -3.82722118549:0.5
141.0 0.96223887427 0.0
160.0 -3.84015631147 1.0
82.0 0.922015768302 0.0
103.0 -3.87552942696 1.0
27.0 -3.89147485745 1.0
31.0 0.99565672167 0.0
28.0 1.02900086762 0.0
14.0 -3.79766363202 1.0
10.0 -3.77519219026 1.0
77.0 1.01430966567 0.0
79.0 -3.8339775141 1.0
39.0 1.06894042262 0.0
56.0 -3.88254592171 1.0
52.0 -3.90599162861 1.0
162.0 -3.83527125998 1.0
65.0 1.06807593596 0.0
166.0 0.984542730467 0.0
44.0 0.990743371626 0.0
18.0 1.00213416416 0.0
153.0 0.904630968621 0.0
30.0 -3.80125640784 1.0
154.0 0.983261948943 0.0
159.0 0.945421912974 0.0
object 88	1.0:0.5 -4.24495195594:0.5
162.0 -4.29097209634 1.0
149.0 1.0097370204 0.0
182.0 -3.53782761724 0.0
12.0 1.03380668809 0.0
104.0 0.989728023491 0.0
101.0 1.00283335334 0.0
155.0 -4.09931361732 1.0
2.0 0.960065729402 0.0
121.0 0.956065578556 0.0
175.0 0.847474575715 0.0
63.0 -4.20087614003 1.0
55.0 -4.31339852102 1.0
80.0 0.950329989999 0.0
54.0 -4.11860871806 1.0
74.0 -4.26645641161 1.0
135.0 1.03318159399 0.0
90.0 1.13903325366 0.0
180.0 -4.70944497038 1.0
153.0 -4.26478699785 1.0
125.0 -4.26395951931 1.0
object 89	1.0:0.5 -0.182853789456:0.5
54.0 -0.175474232201 1.0
115.0 1.00740893651 0.0
172.0 1.02834217179 0.0
78.0 -0.194449957865 1.0
197.0 -2.15786035551 0.0
77.0 -0.164847546438 1.0
170.0 -0.182510186847 1.0
176.0 -0.156703070043 1.0
104.0 -0.254616735284 1.0
153.0 -0.188412822526 1.0
32.0 -0.225691172529 1.0
130.0 1.05433968563 0.0
97.0 -0.145956279476 1.0
91.0 1.02747267165 0.0
57.0 0.997497769419 0.0
object 90	1.0:0.5 2.14618957292:0.5
58.0 0.927709647629 0.0
7.0 2.16714107634 1.0
173.0 1.011744305 0.0
38.0 1.07600435673 0.0
145.0 2.14330601099 1.0
194.0 -1.49751060703 1.0
183.0 2.74957204288 0.0
48.0 2.09797339732 1.0
126.0 2.0655379342 1.0
149.0 0.97165905036 0.0
188.0 3.486228453 0.0
object 91	1.0:0.5 5.21109283774:0.5
39.0 0.977044702681 0.0
145.0 1.00975619724 0.0
181.0 -7.53667963621 0.0
26.0 5.14777343926 1.0
143.0 5.19962316319 1.0
42.0 0.985088753109 0.0
162.0 0.892322465685 0.0
8.0 5.16627049551 1.0
141.0 5.24653474234 1.0
20.0 1.01837586756 0.0
27.0 5.1871693843 1.0
107.0 5.15770105252 1.0
19.0 5.1986820164 1.0
133.0 1.07672777664 0.0
147.0 5.19152547088 1.0
100.0 0.976647686788 0.0
object 92	1.0:0.5 -5.17146577519:0.5
190.0 0.365919789503 0.0
197.0 -5.37394993849 1.0
171.0 -5.22581162078 1.0
49.0 1.006348934 0.0
157.0 0.978440533561 0.0
186.0 -4.48330950982 1.0
91.0 -5.18615808686 1.0
92.0 -5.20248879602 1.0
169.0 0.989465120475 0.0
115.0 -5.11302744182 1.0
25.0 0.933111019911 0.0
67.0 1.0005696235 0.0
85.0 -5.20969221952 1.0
191.0 -2.3527783844 0.0
188.0 0.900067533338 0.0
26.0 0.962058200955 0.0
193.0 -7.02662825965 1.0
70.0 -5.17045708213 1.0
object 93	1.0:0.5 16.3839833367:0.5
95.0 1.05655639196 0.0
27.0 16.3591299804 1.0
126.0 16.3463910935 1.0
192.0 -3.0867974746 0.0
171.0 1.00935575991 0.0
25.0 0.979410332435 0.0
88.0 16.4503125745 1.0
113.0 16.3835086995 1.0
104.0 16.4242830978 1.0
167.0 0.960364111977 0.0
110.0 0.98290066245 0.0
77.0 16.4493504365 1.0
172.0 1.01282715081 0.0
83.0 0.937431346891 0.0
51.0 0.928095080236 0.0
174.0 16.3301333741 1.0
169.0 1.02732083272 0.0
136.0 16.386958494 1.0
177.0 16.3212285832 1.0
52.0 1.08855446135 0.0
object 94	1.0:0.5 23.6489600301:0.5
58.0 23.7264373365 1.0
29.0 23.6484708769 1.0
159.0 1.08598510447 0.0
79.0 0.949802043122 0.0
152.0 23.6261340625 1.0
84.0 23.6560859431 1.0
168.0 1.00834274011 0.0
178.0 0.959362121447 0.0
171.0 23.5822855508 1.0
194.0 16.8770565165 1.0
135.0 0.923340833677 0.0
103.0 23.6508986188 1.0
object 95	1.0:0.5 -7.03163659242:0.5
190.0 -8.07239849364 1.0
179.0 -6.97353017767 1.0
31.0 -6.99253129388 1.0
27.0 -7.0311172981 1.0
94.0 1.0684483931 0.0
80.0 -7.0929219489 1.0
39.0 -7.03803114743 1.0
71.0 1.01092466235 0.0
41.0 1.16965583987 0.0
128.0 0.919443371127 0.0
134.0 1.09340077367 0.0
75.0 -7.0420220056 1.0
69.0 1.04825641857 0.0
121.0 1.00994013473 0.0
79.0 -7.00370698805 1.0
10.0 1.02949766513 0.0
67.0 -7.01094082501 1.0
92.0 -7.00491290986 1.0
105.0 0.948091347854 0.0
88.0 1.03152819634 0.0
130.0 -6.98239111765 1.0
32.0 0.956442019732 0.0
object 96	1.0:0.5 7.49044240733:0.5
157.0 7.46046585433 1.0
54.0 7.48650774804 1.0
100.0 7.5161347914 1.0
165.0 7.40323279953 1.0
195.0 7.91927761324 1.0
63.0 1.02612301713 0.0
102.0 0.986482101035 0.0
123.0 1.10992445168 0.0
156.0 1.01576528179 0.0
67.0 7.46158413792 1.0
91.0 1.03330365496 0.0
74.0 0.94812351044 0.0
188.0 -0.298605623084 0.0
65.0 7.47923547762 1.0
160.0 7.47036820965 1.0
14.0 0.974324319513 0.0
154.0 1.00298347029 0.0
89.0 1.01755284702 0.0
59.0 7.48827851198 1.0
24.0 7.52131378838 1.0
75.0 7.46654489844 1.0
object 97	1.0:0.5 11.1894706164:0.5
6.0 1.0230548083 0.0
174.0 0.910929640836 0.0
129.0 0.982643089232 0.0
80.0 1.02794533937 0.0
75.0 1.01619103389 0.0
134.0 11.1557131581 1.0
158.0 11.2078088877 1.0
186.0 10.9391192676 1.0
24.0 11.2381287072 1.0
114.0 0.96389469013 0.0
101.0 1.01731347317 0.0
124.0 0.969319174535 0.0
172.0 1.04700363473 0.0
175.0 0.954532680684 0.0
3.0 1.02354368576 0.0
47.0 11.2098386977 1.0
46.0 11.2279100572 1.0
32.0 11.2043163685 1.0
145.0 0.9893756271 0.0
34.0 1.14286192688 0.0
76.0 1.1434038456 0.0
115.0 11.1497795925 1.0
140.0 11.1926586408 1.0
100.0 0.905578242273 0.0
162.0 11.2587143027 1.0
69.0 0.958280830618 0.0
187.0 -0.763871821104 0.0
object 98	1.0:0.5 0.627981867441:0.5
3.0 0.611326702723 1.0
10.0 0.62618701613 1.0
144.0 0.638290864487 1.0
84.0 0.585485517158 1.0
70.0 0.682681348628 1.0
180.0 -0.132114382011 1.0
61.0 1.04513013451 0.0
101.0 0.537110529305 1.0
0.0 0.59032265075 1.0
9.0 1.0302050735 0.0
68.0 0.642952838094 1.0
103.0 0.997010607824 0.0
135.0 0.838980453855 0.0
85.0 0.611786949979 1.0
112.0 0.950949355746 0.0
168.0 0.597898245463 1.0
71.0 0.985617038489 0.0
58.0 1.11193649616 0.0
167.0 1.08650553884 0.0
193.0 -0.433476913031 0.0
35.0 1.02613582576 0.0
13.0 0.663550545425 1.0
object 99	1.0:0.5 6.2985314801:0.5
61.0 1.01230496013 0.0
191.0 6.16182964195 1.0
187.0 6.61693941164 1.0
130.0 6.3239116858 1.0
112.0 6.31616902692 1.0
65.0 6.223039502 1.0
15.0 6.37490830412 1.0
102.0 1.08121765795 0.0
93.0 6.34995978763 1.0
68.0 0.897267911343 0.0
45.0 6.30775657275 1.0
181.0 9.17509360222 1.0
133.0 0.958267062719 0.0
194.0 7.48805519777 1.0
77.0 0.966299346951 0.0
17.0 0.975161480051 0.0
122.0 0.981256909431 0.0
170.0 6.20546892574 1.0
96.0 0.917288623492 0.0
