object 0	1.0:1.0
145.0 1.01029603509 1.0
16.0 1.04194542792 1.0
62.0 1.00872469086 1.0
22.0 1.00682575454 1.0
35.0 0.988554879364 1.0
172.0 2.68846034362 1.0
176.0 -0.605969696645 1.0
object 1	1.0:1.0
135.0 1.02806753139 1.0
161.0 -1.60777627472 1.0
159.0 1.01701423409 1.0
30.0 0.948670281599 1.0
21.0 0.996802094446 1.0
35.0 0.952210990553 1.0
object 2	1.0:1.0
106.0 1.00025255015 1.0
58.0 1.0644094101 1.0
21.0 1.01468398153 1.0
189.0 3.27316942529 1.0
38.0 0.976165108853 1.0
34.0 1.01231618313 1.0
5.0 1.01009227748 1.0
33.0 1.07260801211 1.0
148.0 0.998259302614 1.0
80.0 1.00775895948 1.0
50.0 0.995076492689 1.0
132.0 0.978218260767 1.0
144.0 1.03242836295 1.0
object 3	1.0:1.0
161.0 0.569768787287 1.0
96.0 0.988021103005 1.0
31.0 1.00711515108 1.0
21.0 0.958930526564 1.0
163.0 -1.13715389961 1.0
object 4	1.0:1.0
22.0 1.00756884531 1.0
47.0 0.981658698593 1.0
56.0 1.07810323095 1.0
172.0 5.5437303144 1.0
139.0 1.04088077486 1.0
117.0 0.989927692367 1.0
67.0 1.00019878643 1.0
object 5	1.0:1.0
82.0 0.985530412767 1.0
16.0 1.00019108741 1.0
8.0 0.986124511411 1.0
34.0 1.01242147988 1.0
object 6	1.0:1.0
38.0 0.995202947493 1.0
132.0 1.00644374528 1.0
148.0 0.969035055284 1.0
146.0 0.996491885862 1.0
154.0 1.03128909468 1.0
191.0 -0.0554012688238 1.0
object 7	1.0:1.0
150.0 1.00312408625 1.0
196.0 4.16677547437 1.0
26.0 0.960768988264 1.0
143.0 1.05733209337 1.0
75.0 1.0119190287 1.0
object 8	1.0:1.0
7.0 1.00658175915 1.0
141.0 1.05032414043 1.0
120.0 0.984541810017 1.0
130.0 0.98900147457 1.0
188.0 0.929007610986 1.0
object 9	1.0:1.0
166.0 0.619142547098 1.0
42.0 1.0268556546 1.0
138.0 1.03793447779 1.0
155.0 0.975332523176 1.0
20.0 0.993148301055 1.0
57.0 1.03664213701 1.0
25.0 1.01709620604 1.0
58.0 1.00374044188 1.0
31.0 0.986166209216 1.0
4.0 0.981210148148 1.0
167.0 1.26790036224 1.0
object 10	1.0:1.0
44.0 0.990080388085 1.0
77.0 0.930354468405 1.0
137.0 1.01688809725 1.0
4.0 0.987062592332 1.0
69.0 0.988274838855 1.0
186.0 4.63834890291 1.0
object 11	1.0:1.0
125.0 0.974498021368 1.0
153.0 0.95664814937 1.0
82.0 0.985287898692 1.0
189.0 1.46154183588 1.0
84.0 0.981386632855 1.0
186.0 -3.00883334059 1.0
80.0 1.01503890462 1.0
129.0 1.03031600515 1.0
174.0 0.0935398918538 1.0
object 12	1.0:1.0
2.0 0.976418993863 1.0
45.0 0.927035551418 1.0
68.0 1.00898743864 1.0
object 13	1.0:1.0
41.0 0.977206771398 1.0
36.0 1.01660609732 1.0
83.0 0.944354702804 1.0
127.0 1.00025561109 1.0
object 14	1.0:1.0
101.0 0.991581361633 1.0
113.0 0.997461007734 1.0
69.0 1.0131210845 1.0
1.0 0.982113599371 1.0
150.0 0.925959536625 1.0
89.0 1.03342007959 1.0
116.0 1.0524988556 1.0
110.0 1.00157279245 1.0
object 15	1.0:1.0
93.0 1.00370595482 1.0
105.0 0.98417930676 1.0
143.0 0.992923421252 1.0
8.0 1.01976944384 1.0
114.0 1.03967886331 1.0
69.0 0.87928629588 1.0
197.0 -0.352320784418 1.0
154.0 1.02991375435 1.0
26.0 0.949900697136 1.0
object 16	1.0:1.0
41.0 1.01086992574 1.0
96.0 0.983036397433 1.0
5.0 0.980564825219 1.0
99.0 0.965683142678 1.0
66.0 1.01204490774 1.0
100.0 0.995780389808 1.0
object 17	1.0:1.0
78.0 1.03808738298 1.0
184.0 5.83854079844 1.0
42.0 1.02549862636 1.0
45.0 0.979399667267 1.0
13.0 0.988408875711 1.0
60.0 0.991131621209 1.0
185.0 -2.46741370258 1.0
86.0 1.03781549569 1.0
156.0 0.985973308969 1.0
object 18	1.0:1.0
54.0 1.02536206956 1.0
191.0 1.70394950652 1.0
4.0 1.03748841381 1.0
143.0 1.01762954907 1.0
74.0 0.99097967952 1.0
33.0 1.0270596653 1.0
object 19	1.0:1.0
17.0 0.959521331835 1.0
82.0 0.999627478086 1.0
163.0 -3.01499142144 1.0
8.0 1.00763960532 1.0
185.0 -2.90170278582 1.0
41.0 0.968510918987 1.0
42.0 1.02236620048 1.0
21.0 0.98503167569 1.0
194.0 0.281885522479 1.0
object 20	1.0:1.0
51.0 1.02136060623 1.0
188.0 -2.83312469666 1.0
103.0 1.0500991071 1.0
114.0 1.02049714347 1.0
156.0 0.921319525714 1.0
72.0 1.01051615569 1.0
102.0 1.05752844264 1.0
74.0 0.967303041485 1.0
160.0 1.44201356554 1.0
115.0 0.99565452034 1.0
167.0 -0.188620429153 1.0
object 21	1.0:1.0
139.0 1.01529815952 1.0
199.0 6.42220059224 1.0
40.0 0.996143631779 1.0
110.0 0.955703149145 1.0
object 22	1.0:1.0
183.0 -0.410507022481 1.0
3.0 1.02722165215 1.0
167.0 1.56245061974 1.0
16.0 1.0252715948 1.0
139.0 0.972684272271 1.0
145.0 1.00472308103 1.0
130.0 0.987827227291 1.0
49.0 1.0132999987 1.0
174.0 0.763503223279 1.0
object 23	1.0:1.0
172.0 -0.352895474489 1.0
180.0 -7.22677361263 1.0
168.0 -4.76387931934 1.0
28.0 1.0345565508 1.0
81.0 1.00790158086 1.0
52.0 1.05266635952 1.0
121.0 0.993678315603 1.0
140.0 1.06384457309 1.0
132.0 0.954250572566 1.0
63.0 0.985027830981 1.0
object 24	1.0:1.0
64.0 1.00550493483 1.0
45.0 0.936583036092 1.0
193.0 6.2603382025 1.0
22.0 1.01415715415 1.0
object 25	1.0:1.0
137.0 1.03026870671 1.0
185.0 7.56686746286 1.0
37.0 0.946908504044 1.0
105.0 0.96999408568 1.0
77.0 0.972068382974 1.0
74.0 1.02061633312 1.0
object 26	1.0:1.0
45.0 1.01578536991 1.0
148.0 0.954035116135 1.0
44.0 1.01362068473 1.0
150.0 0.944699771264 1.0
41.0 0.996382904349 1.0
65.0 0.93109371876 1.0
147.0 0.931280480903 1.0
object 27	1.0:1.0
194.0 7.2035502582 1.0
27.0 0.994480679881 1.0
78.0 1.00469316474 1.0
183.0 0.54590206213 1.0
187.0 0.092872023949 1.0
107.0 1.00360292147 1.0
161.0 0.861338629171 1.0
24.0 0.979875432939 1.0
198.0 3.79228457136 1.0
object 28	1.0:1.0
39.0 0.986136891719 1.0
158.0 0.983773023135 1.0
7.0 0.978188030604 1.0
122.0 0.968210159928 1.0
object 29	1.0:1.0
176.0 2.61822210276 1.0
108.0 1.01078479345 1.0
129.0 0.945548595713 1.0
10.0 0.996579922634 1.0
51.0 0.985116863268 1.0
107.0 1.01395008876 1.0
object 30	1.0:1.0
171.0 1.1963469104 1.0
7.0 0.988691482043 1.0
99.0 1.00017349651 1.0
118.0 0.966231219209 1.0
183.0 0.00590206161756 1.0
object 31	1.0:1.0
33.0 0.989525852777 1.0
106.0 0.976411839333 1.0
152.0 0.994790175162 1.0
61.0 1.01943255822 1.0
22.0 0.98269306695 1.0
153.0 1.00871142383 1.0
113.0 0.987666379678 1.0
75.0 1.02825637822 1.0
object 32	1.0:1.0
16.0 1.00769474108 1.0
60.0 0.990866927364 1.0
126.0 1.00626365439 1.0
172.0 0.720586961534 1.0
101.0 0.985330139992 1.0
122.0 0.969508369861 1.0
91.0 1.0115954125 1.0
156.0 1.03714870813 1.0
6.0 1.02952842023 1.0
179.0 1.00403082071 1.0
150.0 1.00421343983 1.0
3.0 1.02744648977 1.0
object 33	1.0:1.0
18.0 1.09607980411 1.0
154.0 0.942969465699 1.0
145.0 0.994059236689 1.0
22.0 0.983244059414 1.0
179.0 2.60924405598 1.0
116.0 1.02239638598 1.0
88.0 0.991662315913 1.0
80.0 1.00299459027 1.0
70.0 1.00500237952 1.0
52.0 1.04792000918 1.0
55.0 1.01693263289 1.0
object 34	1.0:1.0
66.0 0.987988158869 1.0
140.0 1.01384498799 1.0
164.0 4.10349230189 1.0
58.0 0.984625477264 1.0
168.0 -0.323449311083 1.0
123.0 0.98144938865 1.0
1.0 0.99447843737 1.0
62.0 0.991969564723 1.0
167.0 -1.30201941869 1.0
119.0 1.00955887601 1.0
97.0 1.05137509402 1.0
82.0 1.01706734277 1.0
object 35	1.0:1.0
115.0 1.02936089224 1.0
99.0 1.04762579771 1.0
78.0 1.04684606799 1.0
150.0 1.09572174205 1.0
190.0 7.86009525686 1.0
155.0 0.963503564874 1.0
47.0 0.999884074138 1.0
31.0 0.995519941685 1.0
89.0 0.944451877963 1.0
object 36	1.0:1.0
104.0 1.04605407988 1.0
117.0 1.02542603431 1.0
77.0 0.95128420628 1.0
102.0 1.0062100499 1.0
10.0 1.02848257179 1.0
132.0 1.00643159988 1.0
151.0 1.03533274275 1.0
29.0 0.953273451937 1.0
103.0 0.98551429018 1.0
object 37	1.0:1.0
163.0 3.84206893086 1.0
87.0 0.989079926522 1.0
50.0 0.99413164989 1.0
26.0 0.941503088833 1.0
96.0 0.998480397768 1.0
181.0 6.87104107548 1.0
object 38	1.0:1.0
15.0 0.986257604725 1.0
11.0 1.0126715356 1.0
178.0 -4.49353247672 1.0
128.0 0.974695400484 1.0
object 39	1.0:1.0
96.0 1.03036999577 1.0
101.0 0.988025450941 1.0
168.0 8.60285175629 1.0
92.0 0.988737958675 1.0
139.0 1.04153100311 1.0
object 40	1.0:1.0
106.0 0.944512951163 1.0
10.0 1.00471535844 1.0
117.0 1.0001501654 1.0
14.0 0.937993201735 1.0
73.0 1.01764066778 1.0
26.0 1.02132433948 1.0
12.0 0.988363050545 1.0
97.0 0.991346731378 1.0
object 41	1.0:1.0
71.0 1.00173354427 1.0
123.0 1.0188996574 1.0
3.0 1.04764180988 1.0
object 42	1.0:1.0
181.0 5.43885468027 1.0
67.0 0.995139884412 1.0
82.0 1.00376099225 1.0
27.0 0.95713820958 1.0
189.0 0.629498525306 1.0
30.0 0.96428945111 1.0
137.0 1.01564603845 1.0
121.0 0.963532951024 1.0
74.0 0.948899908037 1.0
object 43	1.0:1.0
87.0 1.02140926936 1.0
97.0 1.04132853808 1.0
170.0 -0.143349361018 1.0
159.0 0.986818545038 1.0
26.0 0.96468438172 1.0
191.0 1.10479584544 1.0
4.0 1.04091051227 1.0
144.0 0.998263120882 1.0
176.0 6.07728909379 1.0
99.0 0.975695040201 1.0
172.0 -3.05312933111 1.0
object 44	1.0:1.0
25.0 0.993701688017 1.0
149.0 1.00208351947 1.0
152.0 1.03183065084 1.0
21.0 0.967479934332 1.0
24.0 1.03057300542 1.0
16.0 0.992343452072 1.0
28.0 0.938152171477 1.0
151.0 0.964097895119 1.0
88.0 0.978304519926 1.0
105.0 1.03061842904 1.0
147.0 1.00367878581 1.0
object 45	1.0:1.0
159.0 0.996383621142 1.0
3.0 0.976813459969 1.0
130.0 0.985160463454 1.0
31.0 0.976141437885 1.0
66.0 1.00271088911 1.0
object 46	1.0:1.0
29.0 1.01689856541 1.0
146.0 1.0048720614 1.0
158.0 0.998296359272 1.0
192.0 3.45056363995 1.0
24.0 1.04071448835 1.0
199.0 8.67361111356 1.0
43.0 0.984932327165 1.0
25.0 0.990005912814 1.0
object 47	1.0:1.0
14.0 1.00951794726 1.0
129.0 0.98081268704 1.0
113.0 0.99187729561 1.0
57.0 0.95611361127 1.0
50.0 1.00991575429 1.0
49.0 0.968189012358 1.0
19.0 0.985433327038 1.0
90.0 0.949247793703 1.0
194.0 -2.23544253645 1.0
142.0 0.938039444395 1.0
156.0 1.0445412944 1.0
object 48	1.0:1.0
15.0 0.948753657912 1.0
79.0 0.990075655565 1.0
154.0 0.963723807028 1.0
71.0 1.01068135677 1.0
189.0 2.63582270564 1.0
object 49	1.0:1.0
153.0 1.02839612558 1.0
175.0 2.70480372927 1.0
0.0 1.0147025987 1.0
4.0 0.971405738335 1.0
70.0 1.01395431492 1.0
194.0 2.12087973402 1.0
object 50	1.0:1.0
28.0 1.00210089493 1.0
17.0 1.05832913659 1.0
36.0 1.05685776498 1.0
29.0 1.01410726736 1.0
83.0 0.970629788769 1.0
6.0 0.994351704763 1.0
53.0 1.04578271367 1.0
object 51	1.0:1.0
24.0 0.966365574288 1.0
70.0 0.970656583355 1.0
28.0 1.01901641927 1.0
127.0 0.991362927026 1.0
196.0 4.64851408437 1.0
object 52	1.0:1.0
42.0 0.972748099782 1.0
194.0 3.85968404744 1.0
112.0 1.01019703687 1.0
197.0 0.40938171063 1.0
174.0 0.688061607436 1.0
198.0 -0.352929351699 1.0
24.0 1.0009998263 1.0
169.0 0.145706951397 1.0
18.0 1.04768526981 1.0
23.0 1.14933162927 1.0
76.0 0.996873808225 1.0
object 53	1.0:1.0
56.0 1.04529861315 1.0
152.0 1.07074895447 1.0
199.0 5.26896128252 1.0
187.0 -4.33252934722 1.0
188.0 3.19831409569 1.0
37.0 0.956907748415 1.0
119.0 0.982640097874 1.0
148.0 0.983080031458 1.0
186.0 3.97108109976 1.0
object 54	1.0:1.0
72.0 0.994290650778 1.0
6.0 1.01198040487 1.0
155.0 0.931478632466 1.0
59.0 0.987717839411 1.0
83.0 0.978834646359 1.0
object 55	1.0:1.0
119.0 0.977856281203 1.0
194.0 3.37832474859 1.0
object 56	1.0:1.0
176.0 0.61028558102 1.0
56.0 1.02700551643 1.0
131.0 1.00584420477 1.0
40.0 1.01450204613 1.0
object 57	1.0:1.0
105.0 0.981591637337 1.0
178.0 -2.36566204272 1.0
157.0 1.02126179709 1.0
181.0 6.77980475562 1.0
140.0 0.998274587366 1.0
97.0 1.00923221676 1.0
object 58	1.0:1.0
195.0 3.95610920101 1.0
85.0 0.952749278872 1.0
87.0 0.923723713125 1.0
173.0 -0.502414333997 1.0
38.0 0.989664019975 1.0
58.0 0.954886157612 1.0
object 59	1.0:1.0
109.0 0.978443262254 1.0
110.0 0.984855913944 1.0
91.0 0.98052014181 1.0
100.0 0.990812391191 1.0
40.0 0.981075083697 1.0
179.0 4.65226311642 1.0
94.0 0.925351678979 1.0
object 60	1.0:1.0
20.0 0.979488296525 1.0
128.0 0.971517013785 1.0
138.0 0.952332578426 1.0
40.0 0.989270033059 1.0
147.0 1.01812471582 1.0
120.0 1.0682880317 1.0
74.0 0.978096746871 1.0
148.0 1.02312221599 1.0
158.0 0.988824861308 1.0
object 61	1.0:1.0
106.0 0.957057709242 1.0
132.0 1.00291136567 1.0
192.0 -4.1628240135 1.0
143.0 0.962503681061 1.0
173.0 1.28755725314 1.0
138.0 0.968828577201 1.0
83.0 1.07177852733 1.0
object 62	1.0:1.0
119.0 1.02210735396 1.0
134.0 0.99796597162 1.0
129.0 0.995603456675 1.0
185.0 1.36673404253 1.0
184.0 3.50386934657 1.0
8.0 0.988336244579 1.0
40.0 1.01468965698 1.0
162.0 -3.17803969672 1.0
object 63	1.0:1.0
101.0 0.969167009167 1.0
172.0 1.39593029784 1.0
153.0 0.973135046501 1.0
61.0 1.0493023101 1.0
67.0 0.985943741998 1.0
152.0 0.916516951805 1.0
87.0 0.970492192907 1.0
36.0 0.987225722309 1.0
143.0 0.920558566682 1.0
65.0 0.990211696859 1.0
16.0 0.953716538325 1.0
171.0 2.82432181716 1.0
159.0 1.01737651095 1.0
155.0 1.0172128903 1.0
object 64	1.0:1.0
87.0 0.995677202739 1.0
112.0 1.00741507303 1.0
28.0 1.02739094049 1.0
128.0 0.98034413637 1.0
61.0 0.974431099271 1.0
139.0 0.992665882977 1.0
object 65	1.0:1.0
138.0 0.942778880061 1.0
87.0 0.987804230992 1.0
67.0 1.00833754767 1.0
107.0 0.987471698126 1.0
144.0 0.971527200081 1.0
177.0 2.00715364227 1.0
object 66	1.0:1.0
125.0 1.00193507032 1.0
101.0 1.00412839297 1.0
95.0 0.995484406773 1.0
143.0 0.974339723522 1.0
130.0 1.01573732973 1.0
object 67	1.0:1.0
6.0 0.968742498233 1.0
49.0 0.957401322838 1.0
89.0 0.998064693357 1.0
139.0 1.03039453306 1.0
138.0 1.03908464215 1.0
70.0 1.0184643365 1.0
object 68	1.0:1.0
133.0 0.958960831572 1.0
41.0 0.956865989381 1.0
132.0 0.952786489643 1.0
192.0 0.534812177718 1.0
191.0 2.11603949636 1.0
109.0 0.928481712485 1.0
168.0 0.660622833111 1.0
83.0 0.994806915639 1.0
object 69	1.0:1.0
49.0 1.013364408 1.0
65.0 1.03515711115 1.0
78.0 1.04029962571 1.0
164.0 0.543135523719 1.0
171.0 3.52419777201 1.0
7.0 1.0416124535 1.0
56.0 1.0098083113 1.0
85.0 1.02903792438 1.0
61.0 1.0249351593 1.0
38.0 0.971393734432 1.0
object 70	1.0:1.0
14.0 0.988301898284 1.0
141.0 1.04800819193 1.0
50.0 0.98708723654 1.0
7.0 0.985965954599 1.0
166.0 -8.28181675978 1.0
33.0 0.94542651096 1.0
object 71	1.0:1.0
159.0 0.992928230007 1.0
14.0 0.994637979866 1.0
47.0 1.01717191787 1.0
188.0 2.81262293562 1.0
193.0 3.25720932518 1.0
178.0 -6.12988203212 1.0
165.0 0.840578317117 1.0
76.0 1.02709461035 1.0
object 72	1.0:1.0
99.0 0.979128659361 1.0
41.0 0.981321756134 1.0
60.0 1.01408633328 1.0
93.0 1.04197804056 1.0
53.0 1.0021185584 1.0
object 73	1.0:1.0
63.0 1.0743171019 1.0
68.0 0.990583664404 1.0
60.0 0.957022146155 1.0
29.0 1.02784991705 1.0
171.0 -0.390472141374 1.0
object 74	1.0:1.0
57.0 1.04749413247 1.0
21.0 1.01691377219 1.0
88.0 0.985055371199 1.0
147.0 0.999319150808 1.0
object 75	1.0:1.0
163.0 1.75758834501 1.0
146.0 1.0074350011 1.0
28.0 0.986960500117 1.0
57.0 0.993547567115 1.0
26.0 0.993581659255 1.0
17.0 0.919871525647 1.0
104.0 0.998836014212 1.0
129.0 0.963569512153 1.0
143.0 0.947449678581 1.0
54.0 0.961853123089 1.0
14.0 0.998607166193 1.0
object 76	1.0:1.0
159.0 1.01247172369 1.0
66.0 1.04795396441 1.0
112.0 1.0234697948 1.0
170.0 4.73600953761 1.0
168.0 -1.96472623205 1.0
object 77	1.0:1.0
11.0 1.01587598311 1.0
193.0 6.5522526892 1.0
149.0 1.01819321459 1.0
109.0 1.03547223313 1.0
144.0 0.979397218086 1.0
120.0 0.909897384169 1.0
53.0 1.01906805694 1.0
68.0 0.998583481366 1.0
object 78	1.0:1.0
83.0 1.08855691787 1.0
197.0 4.10464956397 1.0
126.0 1.03609980983 1.0
140.0 0.941830280779 1.0
88.0 1.00716179521 1.0
193.0 3.10157493694 1.0
161.0 -1.63137216002 1.0
43.0 1.03144343359 1.0
object 79	1.0:1.0
92.0 0.955321821133 1.0
191.0 3.61478816 1.0
28.0 1.00141368927 1.0
103.0 1.01631898733 1.0
25.0 1.01489845043 1.0
107.0 0.99895530779 1.0
object 80	1.0:1.0
132.0 1.01211209497 1.0
115.0 1.01470543958 1.0
134.0 1.0021440352 1.0
58.0 0.981902203298 1.0
object 81	1.0:1.0
176.0 -4.03792748933 1.0
138.0 0.99698915691 1.0
43.0 0.970508909057 1.0
147.0 0.975426544959 1.0
84.0 0.999239530009 1.0
77.0 1.0223289149 1.0
42.0 0.995118568998 1.0
115.0 0.995607904649 1.0
36.0 1.01249704471 1.0
object 82	1.0:1.0
155.0 0.98105631291 1.0
21.0 0.967131036954 1.0
8.0 0.990695200022 1.0
61.0 0.995622352221 1.0
150.0 1.08083666978 1.0
160.0 1.12533259082 1.0
176.0 1.61312225482 1.0
object 83	1.0:1.0
34.0 1.01690498688 1.0
128.0 1.02108707651 1.0
61.0 1.01077022845 1.0
15.0 0.94155920684 1.0
184.0 -1.37866134962 1.0
64.0 0.989277822393 1.0
27.0 1.00760674218 1.0
39.0 0.970881037761 1.0
162.0 0.0334996604863 1.0
46.0 1.00544914021 1.0
60.0 1.02785331971 1.0
165.0 -0.537628913502 1.0
object 84	1.0:1.0
132.0 1.05771188225 1.0
16.0 0.992625562098 1.0
198.0 -2.55122394062 1.0
175.0 7.34608647096 1.0
39.0 0.975500010165 1.0
159.0 0.9908728642 1.0
38.0 0.997756165564 1.0
34.0 1.00338850151 1.0
81.0 0.972686893514 1.0
object 85	1.0:1.0
136.0 0.994786515817 1.0
123.0 1.01842630044 1.0
4.0 1.01771862895 1.0
153.0 1.04340867024 1.0
137.0 0.993653220069 1.0
53.0 0.966871219228 1.0
175.0 2.24576596036 1.0
47.0 0.983415699338 1.0
81.0 0.983412186314 1.0
8.0 0.995062555038 1.0
120.0 1.01376910518 1.0
182.0 3.37891271848 1.0
object 86	1.0:1.0
134.0 1.01353587378 1.0
33.0 1.0077140247 1.0
32.0 0.978472840151 1.0
195.0 3.09128979287 1.0
99.0 0.969307836338 1.0
12.0 1.06246656624 1.0
154.0 0.98831439999 1.0
120.0 1.01013992943 1.0
object 87	1.0:1.0
18.0 0.946385684405 1.0
163.0 2.33686743884 1.0
136.0 0.989828902923 1.0
193.0 4.01159796103 1.0
object 88	1.0:1.0
197.0 1.31248157892 1.0
162.0 -0.298319151618 1.0
87.0 0.993505049716 1.0
34.0 1.00103835864 1.0
186.0 0.634265010072 1.0
object 89	1.0:1.0
26.0 1.04434470485 1.0
90.0 1.06466241323 1.0
object 90	1.0:1.0
45.0 1.04420574329 1.0
89.0 0.992213007922 1.0
18.0 1.09546596487 1.0
64.0 0.981518298344 1.0
17.0 0.962753921821 1.0
189.0 3.4050470913 1.0
71.0 0.995766847986 1.0
object 91	1.0:1.0
189.0 -2.34915389795 1.0
82.0 0.975713737887 1.0
112.0 1.00108864264 1.0
16.0 0.98434867963 1.0
66.0 1.00998600642 1.0
object 92	1.0:1.0
165.0 2.33936433434 1.0
154.0 1.07202903882 1.0
69.0 1.01907272456 1.0
77.0 0.957158484187 1.0
149.0 1.01869135377 1.0
18.0 0.968538435163 1.0
100.0 0.994493216895 1.0
195.0 4.72285861304 1.0
67.0 0.987055190442 1.0
object 93	1.0:1.0
51.0 0.997213775117 1.0
65.0 0.991290228324 1.0
78.0 0.987189033817 1.0
105.0 0.967805246457 1.0
104.0 1.03919804989 1.0
31.0 1.02190858474 1.0
188.0 1.81706014877 1.0
93.0 0.980430576882 1.0
43.0 0.998890717057 1.0
146.0 1.0009812069 1.0
154.0 1.04704089503 1.0
163.0 1.90732248091 1.0
object 94	1.0:1.0
116.0 1.00766432124 1.0
12.0 0.987933914293 1.0
128.0 0.99510494204 1.0
94.0 0.963423123012 1.0
object 95	1.0:1.0
138.0 0.983455817779 1.0
33.0 0.987032942675 1.0
179.0 0.0332916198413 1.0
133.0 1.04493681659 1.0
142.0 1.06580246052 1.0
12.0 0.995303364112 1.0
object 96	1.0:1.0
96.0 1.02701592801 1.0
123.0 1.01207336766 1.0
98.0 0.887800713442 1.0
107.0 1.00744595088 1.0
25.0 1.0035359564 1.0
14.0 0.987710830049 1.0
148.0 1.05135601461 1.0
22.0 0.981606481 1.0
59.0 0.973232067514 1.0
object 97	1.0:1.0
98.0 1.02957001956 1.0
8.0 0.997492607286 1.0
118.0 1.01242085502 1.0
103.0 0.994197820242 1.0
146.0 1.01316669632 1.0
102.0 1.01740230781 1.0
116.0 0.963212830891 1.0
object 98	1.0:1.0
151.0 1.01053657725 1.0
93.0 1.02291449905 1.0
81.0 1.00686498898 1.0
69.0 0.944227270716 1.0
185.0 0.00393055122652 1.0
9.0 0.991268222596 1.0
object 99	1.0:1.0
14.0 1.00059370264 1.0
157.0 0.983990261879 1.0
191.0 2.65011376763 1.0
64.0 0.996708261149 1.0
193.0 0.717908017895 1.0
61.0 1.00635412384 1.0
30.0 0.999388192205 1.0
161.0 -5.54045384699 1.0
