object 0	1.0:1.0
15.0 1.03686348145 1.0
64.0 0.989602279636 1.0
74.0 1.07597160109 1.0
50.0 0.982884237928 1.0
146.0 -4.64323022387 1.0
13.0 0.972451830223 1.0
46.0 1.00820561259 1.0
4.0 0.978470118231 1.0
63.0 1.02450992955 1.0
173.0 -0.926934286512 1.0
56.0 1.03176872438 1.0
187.0 0.985249964993 1.0
85.0 1.00634500404 1.0
130.0 1.01160675361 1.0
172.0 -0.437738942341 1.0
137.0 1.059225859 1.0
115.0 0.978019436155 1.0
24.0 0.994632257253 1.0
123.0 1.01163797374 1.0
94.0 0.996589828045 1.0
3.0 1.01152621348 1.0
133.0 0.923358205099 1.0
29.0 1.01820007879 1.0
25.0 1.00042992039 1.0
10.0 1.01235313078 1.0
165.0 -0.225569288274 1.0
75.0 0.969101928233 1.0
22.0 0.965492360879 1.0
12.0 1.03673040736 1.0
127.0 0.995105759278 1.0
122.0 0.968886816212 1.0
44.0 1.00095448485 1.0
103.0 0.985399424003 1.0
190.0 2.85559113824 1.0
183.0 -4.96321173497 1.0
object 1	1.0:1.0
183.0 -3.80433558018 1.0
49.0 1.00722930054 1.0
166.0 -4.73068232566 1.0
99.0 0.973731081358 1.0
89.0 0.997634810096 1.0
169.0 -4.39579367823 1.0
131.0 1.03408807677 1.0
191.0 3.60095083804 1.0
103.0 0.996541223874 1.0
87.0 0.992694318067 1.0
128.0 1.00970145867 1.0
137.0 0.992552042946 1.0
170.0 2.01767584138 1.0
141.0 0.0906927488589 1.0
116.0 1.04344194267 1.0
81.0 0.976472329123 1.0
189.0 5.85910852705 1.0
146.0 -3.22103501118 1.0
55.0 1.02399862415 1.0
113.0 1.04458592149 1.0
52.0 0.960802107539 1.0
19.0 0.903516941255 1.0
11.0 1.01163335541 1.0
object 2	1.0:1.0
99.0 0.981216271524 1.0
7.0 0.983804042657 1.0
109.0 1.00342828526 1.0
98.0 1.00043819933 1.0
88.0 0.905744700764 1.0
181.0 -5.74681250333 1.0
120.0 0.979302236444 1.0
50.0 1.01051819407 1.0
150.0 2.96245816842 1.0
199.0 -0.56812781788 1.0
67.0 0.968018444363 1.0
95.0 0.9932394908 1.0
27.0 0.911532770271 1.0
20.0 1.04518759288 1.0
32.0 0.924846311613 1.0
38.0 0.889911809387 1.0
116.0 1.01814293677 1.0
111.0 1.03073474209 1.0
155.0 -4.80959509621 1.0
76.0 0.981422267514 1.0
47.0 1.03856059691 1.0
129.0 0.981088738593 1.0
34.0 1.03232435042 1.0
136.0 1.04843296297 1.0
122.0 1.02617136266 1.0
149.0 2.19716899604 1.0
104.0 0.995678371754 1.0
4.0 1.03697388374 1.0
80.0 1.01609082892 1.0
object 3	1.0:1.0
57.0 0.996111478697 1.0
31.0 0.971790903956 1.0
123.0 0.990795940322 1.0
130.0 1.02162980284 1.0
124.0 0.948117966846 1.0
71.0 0.988198067595 1.0
92.0 1.00888686918 1.0
102.0 0.950410825569 1.0
42.0 1.02716501464 1.0
76.0 1.03673593865 1.0
60.0 1.00638648693 1.0
196.0 0.346623784204 1.0
47.0 0.990890701339 1.0
135.0 1.00752197541 1.0
155.0 -0.766310086799 1.0
198.0 -6.72618088982 1.0
151.0 -2.23708093556 1.0
94.0 0.941908732689 1.0
192.0 3.29425676541 1.0
95.0 1.00624951753 1.0
199.0 -4.78276871707 1.0
10.0 0.920511421801 1.0
133.0 1.00760280125 1.0
184.0 -4.12261133021 1.0
167.0 0.193893241055 1.0
145.0 0.0343733670971 1.0
27.0 0.945234744966 1.0
86.0 0.977848679713 1.0
9.0 0.964892654235 1.0
object 4	1.0:1.0
33.0 1.01940971176 1.0
157.0 -2.69856974058 1.0
40.0 1.07609552584 1.0
164.0 2.60013144398 1.0
168.0 0.418576048038 1.0
111.0 1.0264478371 1.0
78.0 0.990280679665 1.0
58.0 0.858743477523 1.0
156.0 -2.52203021943 1.0
34.0 0.965448596741 1.0
74.0 0.969420256037 1.0
106.0 0.980383090481 1.0
54.0 1.06890366618 1.0
8.0 1.01801241007 1.0
63.0 1.02027744733 1.0
14.0 1.01726965282 1.0
6.0 1.00744420252 1.0
188.0 1.05427746771 1.0
132.0 0.986323088056 1.0
31.0 1.03602103769 1.0
130.0 0.981245769031 1.0
115.0 0.968278803209 1.0
object 5	1.0:1.0
186.0 2.45126504424 1.0
131.0 1.00946906125 1.0
103.0 0.97668457992 1.0
12.0 1.01249274342 1.0
165.0 1.08178964423 1.0
145.0 0.343644105919 1.0
22.0 0.953649884751 1.0
64.0 0.986481438512 1.0
95.0 1.06226357124 1.0
57.0 0.991658128204 1.0
138.0 1.00644819013 1.0
11.0 0.961127151171 1.0
9.0 0.995274902501 1.0
96.0 1.01246728715 1.0
28.0 1.02117150158 1.0
126.0 1.01261228704 1.0
23.0 1.0043313965 1.0
35.0 0.992701151695 1.0
92.0 0.97582648414 1.0
88.0 0.995062960923 1.0
111.0 0.933743471768 1.0
5.0 0.993342422347 1.0
21.0 1.0081165706 1.0
94.0 1.0169232007 1.0
2.0 0.977091239738 1.0
45.0 1.00135117403 1.0
169.0 -0.152401732519 1.0
164.0 2.79076122032 1.0
43.0 0.992629453579 1.0
59.0 1.00114301782 1.0
object 6	1.0:1.0
158.0 2.75623524564 1.0
19.0 1.01377428602 1.0
151.0 0.616275718844 1.0
11.0 1.00079116604 1.0
117.0 1.00537842027 1.0
125.0 0.97134333729 1.0
188.0 1.05361165248 1.0
123.0 1.01303493773 1.0
118.0 1.00476722977 1.0
72.0 1.01116558309 1.0
63.0 0.990999966495 1.0
115.0 0.990342756687 1.0
133.0 1.00025055171 1.0
2.0 1.00044804765 1.0
181.0 7.22385231499 1.0
16.0 0.947378515757 1.0
87.0 0.999906263961 1.0
51.0 0.965961661682 1.0
73.0 0.988880489224 1.0
169.0 2.54881114253 1.0
1.0 0.989682806076 1.0
183.0 -2.68324278423 1.0
object 7	1.0:1.0
190.0 3.07133233177 1.0
96.0 1.06519659102 1.0
160.0 0.819661618196 1.0
81.0 1.00616075643 1.0
48.0 1.03526578 1.0
136.0 1.03251396395 1.0
44.0 1.00298965841 1.0
171.0 3.23964144617 1.0
78.0 1.00292344117 1.0
186.0 4.26677905776 1.0
15.0 1.03822237553 1.0
39.0 0.959207578849 1.0
object 8	1.0:1.0
94.0 0.99853192756 1.0
99.0 1.05484555095 1.0
143.0 -1.42138731195 1.0
183.0 -8.05796150366 1.0
179.0 -0.741670103824 1.0
118.0 0.9980571237 1.0
52.0 1.01682811156 1.0
41.0 1.04163016549 1.0
78.0 0.986627748411 1.0
10.0 0.924912600867 1.0
84.0 0.956239961246 1.0
150.0 -0.701348251321 1.0
180.0 0.59012164613 1.0
176.0 4.29950170507 1.0
119.0 1.04738953288 1.0
112.0 0.997376419621 1.0
126.0 0.995503360402 1.0
108.0 1.01926427946 1.0
29.0 0.964665728593 1.0
170.0 -0.434867551769 1.0
161.0 -1.84396396511 1.0
30.0 1.00339600093 1.0
171.0 -7.9067419534 1.0
101.0 0.994031574939 1.0
195.0 -0.518394113836 1.0
object 9	1.0:1.0
3.0 1.01125255384 1.0
180.0 1.05396777996 1.0
53.0 1.01962589196 1.0
157.0 -0.821064113196 1.0
137.0 1.05558120342 1.0
190.0 -0.536834270714 1.0
76.0 0.970155390605 1.0
136.0 1.01598537334 1.0
140.0 2.57118491711 1.0
183.0 3.65022473157 1.0
159.0 -0.1448653032 1.0
72.0 0.990449690948 1.0
171.0 -1.97756315183 1.0
69.0 0.990565386192 1.0
135.0 0.946658699162 1.0
28.0 1.0009777923 1.0
61.0 1.0018612299 1.0
1.0 0.981577400837 1.0
121.0 0.980438039634 1.0
88.0 0.964529812722 1.0
95.0 1.02639098686 1.0
100.0 0.998187033874 1.0
191.0 5.28029050413 1.0
2.0 1.0083590411 1.0
193.0 0.674100413094 1.0
object 10	1.0:1.0
90.0 1.00164803092 1.0
53.0 0.960389320889 1.0
70.0 1.00962924402 1.0
1.0 0.986636056179 1.0
114.0 1.02444070181 1.0
199.0 -4.94841592817 1.0
17.0 0.945226719325 1.0
181.0 -2.32691782119 1.0
13.0 0.971973915469 1.0
6.0 0.986342741572 1.0
24.0 0.991399656887 1.0
124.0 0.990705199678 1.0
63.0 0.973248324815 1.0
113.0 0.951726885829 1.0
84.0 1.04641455714 1.0
174.0 1.41576446359 1.0
67.0 0.996657440882 1.0
162.0 13.3919070662 1.0
49.0 1.05037586861 1.0
135.0 0.986361450421 1.0
168.0 -1.7623109486 1.0
163.0 -0.748342197649 1.0
197.0 8.16433184856 1.0
45.0 1.02667493394 1.0
16.0 0.879398569025 1.0
48.0 0.986455933047 1.0
164.0 -2.01255057714 1.0
99.0 1.09953526835 1.0
object 11	1.0:1.0
194.0 2.40935785717 1.0
33.0 0.983708712504 1.0
136.0 0.987529009914 1.0
134.0 1.05122165885 1.0
119.0 1.01092454429 1.0
36.0 1.00439892407 1.0
197.0 -2.90680191981 1.0
97.0 1.02570260076 1.0
91.0 1.02377019902 1.0
60.0 0.985638319253 1.0
154.0 0.939883573496 1.0
107.0 1.00630596566 1.0
99.0 0.979541811192 1.0
192.0 -3.66967771339 1.0
76.0 1.00844640232 1.0
120.0 1.02043216029 1.0
18.0 1.01268032762 1.0
157.0 3.16454528858 1.0
166.0 -1.21591579705 1.0
92.0 1.03659216211 1.0
94.0 0.970874048725 1.0
125.0 1.02606142886 1.0
138.0 1.00564003753 1.0
189.0 -0.027258018665 1.0
116.0 0.991147674438 1.0
178.0 -5.889566712 1.0
145.0 2.79527921011 1.0
88.0 1.01101108595 1.0
4.0 1.05595689 1.0
34.0 1.0236065104 1.0
164.0 2.13154868219 1.0
object 12	1.0:1.0
156.0 -3.60594041379 1.0
61.0 1.04599826187 1.0
108.0 1.01983642602 1.0
127.0 1.02992424667 1.0
190.0 0.873886154251 1.0
7.0 0.976586914789 1.0
141.0 1.38941310307 1.0
106.0 0.963517730322 1.0
142.0 3.14506502276 1.0
109.0 0.979888432853 1.0
125.0 1.01894653932 1.0
112.0 0.940326798504 1.0
82.0 1.01335067944 1.0
78.0 1.0114266895 1.0
32.0 0.945835423704 1.0
11.0 1.02205786385 1.0
155.0 0.973290272651 1.0
135.0 0.985464982133 1.0
98.0 1.04579505696 1.0
21.0 1.02193448411 1.0
100.0 0.999773932615 1.0
40.0 0.993484543663 1.0
160.0 1.71074272798 1.0
134.0 1.05709736613 1.0
173.0 1.98973934027 1.0
180.0 1.88090838014 1.0
83.0 1.07958166785 1.0
object 13	1.0:1.0
74.0 1.02343923586 1.0
158.0 7.12045203486 1.0
161.0 2.46361842104 1.0
196.0 -2.38982854111 1.0
104.0 1.00281922465 1.0
30.0 1.00389122769 1.0
82.0 0.997357600843 1.0
71.0 1.02343633564 1.0
0.0 0.9108441694 1.0
46.0 1.04809494039 1.0
129.0 1.00977999944 1.0
78.0 0.995244524092 1.0
88.0 1.02404732599 1.0
62.0 0.980852468599 1.0
126.0 1.04523515843 1.0
194.0 3.53357991669 1.0
40.0 1.01376456187 1.0
191.0 3.43691720905 1.0
85.0 1.01753694278 1.0
20.0 0.987091835879 1.0
98.0 1.02762621863 1.0
173.0 3.25140923416 1.0
3.0 1.01834601006 1.0
172.0 -2.35411767505 1.0
25.0 1.01940837947 1.0
43.0 1.00758405884 1.0
60.0 1.00287335175 1.0
113.0 1.05681244253 1.0
83.0 1.06937369333 1.0
121.0 1.00372559702 1.0
91.0 0.982754736668 1.0
151.0 3.53288188204 1.0
42.0 1.00329733465 1.0
89.0 0.99581909375 1.0
object 14	1.0:1.0
193.0 -0.493405411241 1.0
100.0 0.997398448558 1.0
145.0 1.74201724626 1.0
157.0 -0.066297798938 1.0
125.0 1.0036059037 1.0
84.0 1.00333416921 1.0
117.0 0.997906017922 1.0
179.0 -1.17021657348 1.0
52.0 0.999524175537 1.0
112.0 0.968100505779 1.0
78.0 0.988054356509 1.0
6.0 1.00118036465 1.0
148.0 2.17802006857 1.0
150.0 -1.1232930718 1.0
55.0 1.00038814159 1.0
128.0 0.958615613941 1.0
140.0 9.12993469323 1.0
116.0 0.989455359793 1.0
30.0 0.987173913214 1.0
113.0 0.910826223523 1.0
174.0 1.08510033914 1.0
21.0 0.986293163054 1.0
4.0 0.945568086148 1.0
137.0 0.990752035578 1.0
3.0 1.0065174103 1.0
53.0 1.04180821546 1.0
182.0 -0.389481074661 1.0
object 15	1.0:1.0
11.0 0.950994005519 1.0
168.0 -0.728535413958 1.0
143.0 -1.64278705457 1.0
180.0 2.05459602017 1.0
118.0 1.00003748367 1.0
158.0 2.90638679863 1.0
159.0 4.13636734249 1.0
136.0 1.01017141 1.0
49.0 1.01624359717 1.0
1.0 1.01388745512 1.0
147.0 -0.326322244802 1.0
140.0 2.75213802918 1.0
97.0 0.93904521078 1.0
127.0 1.09038348666 1.0
8.0 0.996717224009 1.0
199.0 8.49038499084 1.0
22.0 1.01537533503 1.0
167.0 1.18165390568 1.0
55.0 1.02646301247 1.0
17.0 1.01075508739 1.0
156.0 1.18181925019 1.0
155.0 -1.0280975212 1.0
35.0 1.04022489756 1.0
67.0 1.00120270996 1.0
25.0 0.998494476868 1.0
99.0 0.982686010639 1.0
161.0 3.56738386227 1.0
34.0 1.00417309927 1.0
15.0 0.980957010466 1.0
76.0 1.03966917626 1.0
59.0 1.00987712995 1.0
object 16	1.0:1.0
87.0 1.0120535873 1.0
157.0 1.05238406063 1.0
65.0 0.960188182277 1.0
108.0 1.01287583351 1.0
46.0 0.968113306697 1.0
69.0 0.990450643123 1.0
21.0 0.984204291933 1.0
159.0 2.55536432265 1.0
164.0 0.191383532996 1.0
139.0 1.05534838268 1.0
185.0 -2.86942290586 1.0
91.0 0.981053799685 1.0
53.0 0.951283417795 1.0
166.0 -2.93119872674 1.0
115.0 0.999926640732 1.0
167.0 -0.79038183887 1.0
32.0 1.0011374831 1.0
63.0 1.01292420195 1.0
14.0 0.986261608565 1.0
48.0 0.996415732913 1.0
33.0 1.02678035257 1.0
153.0 0.45125980386 1.0
6.0 1.00667726256 1.0
198.0 1.57980210584 1.0
133.0 0.996893628923 1.0
169.0 1.70726726822 1.0
162.0 6.75483703118 1.0
39.0 1.01066263604 1.0
143.0 3.5322680503 1.0
123.0 0.990182618221 1.0
37.0 0.97164608582 1.0
60.0 1.00273348144 1.0
object 17	1.0:1.0
138.0 0.994785455594 1.0
168.0 -4.79753710127 1.0
141.0 1.48456066683 1.0
13.0 1.01030870942 1.0
2.0 0.988274002907 1.0
194.0 -0.700582515983 1.0
114.0 1.00756947796 1.0
177.0 0.552905277216 1.0
154.0 -0.714433732541 1.0
159.0 -4.28160721403 1.0
119.0 1.04759837864 1.0
155.0 2.90115060939 1.0
12.0 0.969893476928 1.0
198.0 0.403377810662 1.0
67.0 0.995728610614 1.0
7.0 1.00853597485 1.0
142.0 -1.5989835147 1.0
147.0 4.39942505181 1.0
3.0 0.995778795357 1.0
20.0 1.03365473988 1.0
49.0 1.0636945792 1.0
145.0 1.82019605362 1.0
161.0 0.500319075316 1.0
40.0 1.00060370559 1.0
121.0 1.00059899337 1.0
126.0 1.02028714404 1.0
174.0 1.31240374878 1.0
object 18	1.0:1.0
178.0 10.696798501 1.0
72.0 0.983027299535 1.0
197.0 0.626442241509 1.0
93.0 1.00238524172 1.0
77.0 1.01436768108 1.0
18.0 0.998993765709 1.0
20.0 0.967444445143 1.0
176.0 0.817340932112 1.0
124.0 0.997675884949 1.0
115.0 1.03342005443 1.0
182.0 6.57225549539 1.0
79.0 1.03877759773 1.0
43.0 1.00003998935 1.0
11.0 1.07729735187 1.0
184.0 -6.94044599475 1.0
71.0 0.99853408564 1.0
114.0 1.0447397056 1.0
94.0 1.00767764129 1.0
82.0 0.988070411461 1.0
87.0 1.00244208509 1.0
61.0 1.02678884769 1.0
55.0 1.02182810868 1.0
169.0 -0.871125530036 1.0
4.0 1.00930321871 1.0
130.0 1.02244010875 1.0
170.0 1.36007975938 1.0
121.0 1.01137229528 1.0
object 19	1.0:1.0
194.0 1.03296061711 1.0
25.0 1.01798740437 1.0
36.0 0.999646630198 1.0
64.0 1.00057854939 1.0
3.0 0.968070704232 1.0
124.0 0.966887869044 1.0
195.0 -0.305763315424 1.0
165.0 3.3206239335 1.0
19.0 1.04968270171 1.0
15.0 1.0019482057 1.0
6.0 1.01187604718 1.0
9.0 0.918273644214 1.0
76.0 1.01737602906 1.0
149.0 1.94158705268 1.0
32.0 1.03771671306 1.0
47.0 1.04661863744 1.0
176.0 3.16868340505 1.0
61.0 0.918976473158 1.0
135.0 0.991410376109 1.0
191.0 2.46479589206 1.0
7.0 0.981779877939 1.0
114.0 0.993084211647 1.0
96.0 0.996546231656 1.0
185.0 -2.96547939055 1.0
196.0 3.44703179439 1.0
100.0 0.982623312892 1.0
142.0 1.96678069268 1.0
38.0 0.96526436432 1.0
77.0 1.00104292457 1.0
119.0 0.923484121748 1.0
159.0 7.62533173002 1.0
147.0 0.195543250483 1.0
object 20	1.0:1.0
197.0 -2.18462816842 1.0
48.0 1.0164127364 1.0
166.0 4.34833522286 1.0
27.0 0.920062908146 1.0
139.0 1.07879198729 1.0
24.0 0.983956691804 1.0
5.0 1.00036518756 1.0
65.0 0.958750873511 1.0
118.0 0.993761370632 1.0
126.0 1.01088618313 1.0
105.0 1.00311037627 1.0
129.0 0.990003087736 1.0
94.0 1.01536340584 1.0
71.0 1.01284609211 1.0
98.0 1.05522701033 1.0
199.0 2.43456142974 1.0
132.0 1.03332217385 1.0
194.0 2.53695134589 1.0
25.0 1.01873016426 1.0
144.0 -2.23335557385 1.0
40.0 1.01875386938 1.0
67.0 1.00923572837 1.0
18.0 1.00283205058 1.0
46.0 1.04568206103 1.0
42.0 0.965686326566 1.0
52.0 0.980842471886 1.0
19.0 1.02728943092 1.0
96.0 1.03861186266 1.0
160.0 2.75833929594 1.0
64.0 1.0184062124 1.0
155.0 -0.310932539943 1.0
76.0 0.979686197365 1.0
object 21	1.0:1.0
41.0 1.02476016355 1.0
108.0 1.02690183635 1.0
1.0 1.0022910505 1.0
46.0 0.958638725104 1.0
170.0 0.702900523854 1.0
97.0 0.998585025806 1.0
56.0 0.956535369262 1.0
103.0 1.04776481233 1.0
7.0 1.03394090807 1.0
171.0 -5.35096148401 1.0
94.0 1.00008764754 1.0
29.0 0.948229430916 1.0
114.0 0.966483269162 1.0
110.0 1.00033225803 1.0
196.0 0.460552684174 1.0
64.0 0.998595856355 1.0
54.0 0.99254109817 1.0
9.0 1.0285471979 1.0
53.0 1.01959320415 1.0
102.0 1.01685097056 1.0
197.0 0.359374426003 1.0
134.0 1.02777267422 1.0
149.0 -0.29794827773 1.0
192.0 3.19656456702 1.0
2.0 0.99360724837 1.0
89.0 0.975133400045 1.0
109.0 0.984825924707 1.0
32.0 0.971550707055 1.0
177.0 1.23793192573 1.0
101.0 1.03529782524 1.0
72.0 1.04118486204 1.0
178.0 -8.23045489462 1.0
159.0 -0.556874031888 1.0
15.0 1.01750304006 1.0
146.0 4.56136425769 1.0
138.0 0.97572071302 1.0
128.0 1.05034114818 1.0
182.0 0.332867470975 1.0
104.0 0.988299413519 1.0
181.0 -1.61027602799 1.0
17.0 0.92980083971 1.0
175.0 2.11762080185 1.0
object 22	1.0:1.0
60.0 1.01861261293 1.0
124.0 1.00825096664 1.0
78.0 1.00167295343 1.0
33.0 1.01853465404 1.0
80.0 0.960444949154 1.0
102.0 1.01322396872 1.0
175.0 2.6510111884 1.0
72.0 1.01887026509 1.0
26.0 1.03767964058 1.0
150.0 4.43109278628 1.0
156.0 -3.284160841 1.0
93.0 1.03247764213 1.0
46.0 1.03646469055 1.0
10.0 1.01683757792 1.0
5.0 0.951026847054 1.0
130.0 1.01991576373 1.0
116.0 0.964070879834 1.0
23.0 1.03293088417 1.0
121.0 0.993202723228 1.0
25.0 1.00585046862 1.0
149.0 6.64324319328 1.0
104.0 1.00861505558 1.0
19.0 1.08097475806 1.0
67.0 0.982780826752 1.0
177.0 0.780184244824 1.0
143.0 -2.97467614443 1.0
95.0 0.954436426743 1.0
50.0 0.98926039635 1.0
186.0 0.861455841118 1.0
190.0 0.827838066367 1.0
13.0 1.01933480665 1.0
98.0 1.00401910653 1.0
101.0 0.972831734819 1.0
object 23	1.0:1.0
76.0 0.968051246613 1.0
140.0 -0.132791763584 1.0
27.0 0.987699190806 1.0
169.0 -1.95623761166 1.0
64.0 0.999026686097 1.0
115.0 0.972697153059 1.0
165.0 -0.717766931546 1.0
116.0 0.996528532853 1.0
125.0 1.01747907152 1.0
55.0 1.0197927036 1.0
167.0 -0.0136672055017 1.0
107.0 0.999294865089 1.0
16.0 0.979036899781 1.0
95.0 0.943835541139 1.0
183.0 8.89319580834 1.0
153.0 1.9784170306 1.0
2.0 0.996859563341 1.0
112.0 0.976864305651 1.0
87.0 0.981780297142 1.0
187.0 0.780276345639 1.0
188.0 0.905029091394 1.0
189.0 3.68916566001 1.0
161.0 3.20650926636 1.0
134.0 1.01579179338 1.0
98.0 0.972434353338 1.0
13.0 1.01118528482 1.0
80.0 0.94755579044 1.0
object 24	1.0:1.0
164.0 2.7974741465 1.0
52.0 0.981864653177 1.0
8.0 0.981124578323 1.0
150.0 5.53197330842 1.0
129.0 0.990746662486 1.0
168.0 -4.98452495863 1.0
172.0 0.215015725856 1.0
61.0 1.0007631208 1.0
105.0 0.999301392756 1.0
28.0 1.0639431369 1.0
46.0 0.981470350253 1.0
44.0 1.00950306489 1.0
199.0 0.866938525952 1.0
89.0 1.05552884906 1.0
125.0 1.01189287972 1.0
83.0 1.07736751933 1.0
113.0 1.02990897772 1.0
20.0 1.01039818629 1.0
32.0 1.04661872789 1.0
23.0 1.05905210583 1.0
137.0 1.01530092404 1.0
152.0 -0.362900894232 1.0
42.0 1.01650007683 1.0
119.0 0.981467886178 1.0
88.0 0.977597436821 1.0
91.0 0.997461873685 1.0
object 25	1.0:1.0
66.0 1.00231798846 1.0
191.0 0.293540464255 1.0
39.0 0.995420481387 1.0
144.0 2.55999252107 1.0
149.0 0.815378291526 1.0
111.0 1.03166268229 1.0
71.0 0.931199202463 1.0
52.0 1.00636254514 1.0
21.0 1.02210259134 1.0
76.0 1.00207872847 1.0
115.0 0.979302937244 1.0
141.0 0.681137191116 1.0
72.0 0.962369311531 1.0
13.0 1.00982156474 1.0
73.0 0.996665573366 1.0
147.0 1.65712744232 1.0
179.0 -3.65988965962 1.0
138.0 1.00231024535 1.0
198.0 1.17290666272 1.0
87.0 0.972948101348 1.0
126.0 0.972471984763 1.0
object 26	1.0:1.0
115.0 0.993547319668 1.0
51.0 0.993206926478 1.0
6.0 0.99302763422 1.0
145.0 0.957918333331 1.0
135.0 0.995522271785 1.0
126.0 0.964951386118 1.0
137.0 1.02243632765 1.0
36.0 0.990513202017 1.0
125.0 0.968267536783 1.0
90.0 0.988374618197 1.0
119.0 1.04313911187 1.0
71.0 0.970172821304 1.0
148.0 0.289118582905 1.0
149.0 -1.88385661855 1.0
108.0 1.00802063112 1.0
169.0 -2.71743001484 1.0
110.0 0.9874625542 1.0
163.0 -2.06607503176 1.0
116.0 1.00916267778 1.0
192.0 -2.0452384603 1.0
124.0 0.968308338507 1.0
170.0 1.38371266278 1.0
38.0 0.974883931378 1.0
86.0 1.04160650239 1.0
21.0 0.980458628721 1.0
144.0 0.962539167071 1.0
49.0 0.968133771425 1.0
5.0 1.00307873895 1.0
37.0 1.00501435075 1.0
object 27	1.0:1.0
157.0 -2.2172322528 1.0
120.0 0.969591090181 1.0
32.0 0.982198142333 1.0
184.0 4.38761969635 1.0
112.0 0.959868448296 1.0
83.0 1.00038967464 1.0
166.0 -0.682204357817 1.0
62.0 1.00694678579 1.0
26.0 0.955524836591 1.0
23.0 1.01316806651 1.0
135.0 1.02209435109 1.0
19.0 0.995693153618 1.0
47.0 1.04889648577 1.0
193.0 0.324629288157 1.0
14.0 1.01794064213 1.0
92.0 1.04160603061 1.0
133.0 0.973540668902 1.0
17.0 1.04629226276 1.0
118.0 1.00671853965 1.0
38.0 1.02160726514 1.0
190.0 -0.00812312579203 1.0
130.0 1.02090807701 1.0
167.0 -0.0269535084423 1.0
170.0 1.87030923925 1.0
108.0 0.978424401762 1.0
117.0 0.986795375496 1.0
object 28	1.0:1.0
163.0 -1.87916265702 1.0
199.0 -0.407972680927 1.0
35.0 0.998475301883 1.0
118.0 0.983374142623 1.0
4.0 0.983579115844 1.0
62.0 0.988965352496 1.0
175.0 0.898126670407 1.0
135.0 0.962943021914 1.0
103.0 1.01954869819 1.0
5.0 0.991320981265 1.0
124.0 1.04563069063 1.0
40.0 1.02295019534 1.0
72.0 0.990916658396 1.0
14.0 0.994563413835 1.0
111.0 0.97207018764 1.0
11.0 0.990814836045 1.0
15.0 1.02771533504 1.0
180.0 0.926138245475 1.0
129.0 1.02952929118 1.0
12.0 0.967730377467 1.0
184.0 4.24500354775 1.0
67.0 1.0238316116 1.0
191.0 -3.61679402392 1.0
119.0 0.997832172055 1.0
154.0 1.69122919617 1.0
192.0 4.72042024947 1.0
19.0 0.991482207454 1.0
115.0 0.989161167738 1.0
156.0 -0.0237199176518 1.0
101.0 1.05193612589 1.0
91.0 1.02701032623 1.0
80.0 1.06789871205 1.0
97.0 0.986002324784 1.0
68.0 0.999213517788 1.0
object 29	1.0:1.0
93.0 1.00613013753 1.0
62.0 0.990203368204 1.0
163.0 2.5574259056 1.0
51.0 1.02483504559 1.0
170.0 2.30004260491 1.0
14.0 0.96276565339 1.0
42.0 0.991947208304 1.0
72.0 1.02755655838 1.0
161.0 -1.33661288268 1.0
7.0 0.974121503809 1.0
159.0 7.00073836495 1.0
106.0 1.01766352356 1.0
166.0 -3.99411956788 1.0
189.0 3.84368149813 1.0
16.0 1.02626111498 1.0
61.0 1.03922181429 1.0
98.0 0.957960119082 1.0
23.0 0.99166951418 1.0
46.0 1.01052601805 1.0
198.0 1.21184179939 1.0
92.0 1.02370507528 1.0
195.0 0.865473592451 1.0
69.0 0.988566517825 1.0
187.0 2.66598216104 1.0
118.0 0.989075807006 1.0
96.0 0.991841932737 1.0
152.0 2.23386181483 1.0
160.0 -2.20402910302 1.0
20.0 1.00691060936 1.0
object 30	1.0:1.0
138.0 0.994881916324 1.0
8.0 1.00898113695 1.0
2.0 1.02518759184 1.0
112.0 1.03373791346 1.0
149.0 2.87936946264 1.0
5.0 0.962886616414 1.0
180.0 0.53774332861 1.0
118.0 0.975037044683 1.0
7.0 0.994901634647 1.0
87.0 1.00696913591 1.0
11.0 1.01968619142 1.0
142.0 4.68065512054 1.0
78.0 0.988052849652 1.0
18.0 0.958615041921 1.0
12.0 1.02417884762 1.0
135.0 1.03941243271 1.0
98.0 1.00984341713 1.0
24.0 1.03451710561 1.0
193.0 2.33037262655 1.0
30.0 0.988536778898 1.0
189.0 1.42696720676 1.0
160.0 -2.98318764652 1.0
70.0 1.0001978609 1.0
184.0 0.226887409135 1.0
94.0 1.00775790837 1.0
80.0 1.04512127554 1.0
172.0 2.87990018573 1.0
55.0 0.966937935991 1.0
object 31	1.0:1.0
7.0 1.00194174738 1.0
32.0 0.965637025465 1.0
61.0 0.949034031644 1.0
94.0 0.954137700717 1.0
173.0 -2.5065193221 1.0
62.0 1.05858427971 1.0
121.0 1.0102753476 1.0
100.0 0.995783042131 1.0
134.0 0.969144706114 1.0
74.0 1.02164392814 1.0
179.0 3.27200095325 1.0
46.0 0.940727847642 1.0
64.0 1.02109164163 1.0
66.0 0.974195377677 1.0
154.0 -1.09021324319 1.0
20.0 1.00838024177 1.0
125.0 1.00589772204 1.0
37.0 0.995686555929 1.0
105.0 0.992603223179 1.0
111.0 0.995632616362 1.0
43.0 1.01876694753 1.0
118.0 0.984789378784 1.0
147.0 -0.514731083093 1.0
0.0 1.02481886414 1.0
175.0 3.1872091761 1.0
174.0 1.04732382129 1.0
151.0 0.685180777114 1.0
122.0 1.01750911601 1.0
41.0 0.993125789546 1.0
190.0 2.28707366978 1.0
47.0 1.0007407447 1.0
181.0 13.9224008496 1.0
object 32	1.0:1.0
113.0 1.02636469315 1.0
47.0 0.996782659686 1.0
181.0 13.6282666311 1.0
122.0 1.04041726108 1.0
134.0 0.915653658625 1.0
173.0 7.49319885436 1.0
55.0 0.982973290658 1.0
2.0 1.00992406299 1.0
68.0 1.04004948573 1.0
104.0 1.01138719806 1.0
158.0 0.638515902554 1.0
4.0 1.00325411862 1.0
128.0 0.974656559594 1.0
139.0 1.00286700071 1.0
115.0 0.991683795059 1.0
76.0 0.986679360794 1.0
86.0 0.977921107399 1.0
153.0 3.60379170575 1.0
66.0 1.09915120498 1.0
184.0 -1.16521875403 1.0
42.0 0.997682780907 1.0
71.0 1.06819171286 1.0
176.0 2.08158126539 1.0
127.0 0.989323128074 1.0
145.0 2.4359124861 1.0
19.0 1.05066578618 1.0
167.0 3.07591157282 1.0
188.0 -0.142429876672 1.0
114.0 1.00206558033 1.0
10.0 1.03444565868 1.0
165.0 3.86360969861 1.0
object 33	1.0:1.0
46.0 0.948101012349 1.0
138.0 0.992281564785 1.0
96.0 0.952133313528 1.0
103.0 1.02188239043 1.0
189.0 1.07452625266 1.0
34.0 1.02171359003 1.0
40.0 0.971347584239 1.0
80.0 0.959661699713 1.0
161.0 2.84951549322 1.0
156.0 -3.86182831042 1.0
116.0 0.986249343703 1.0
121.0 0.989621736187 1.0
149.0 6.60329645392 1.0
147.0 1.3254729005 1.0
172.0 0.588159831992 1.0
122.0 0.964622972948 1.0
136.0 0.978952963672 1.0
118.0 0.996315320433 1.0
106.0 1.05590111467 1.0
69.0 0.986841177198 1.0
5.0 0.989226134761 1.0
22.0 0.891341863924 1.0
148.0 0.411865547241 1.0
134.0 0.991024273263 1.0
178.0 -6.63801131012 1.0
15.0 1.02170879364 1.0
115.0 1.00357368717 1.0
89.0 0.961251642401 1.0
47.0 0.971389216759 1.0
object 34	1.0:1.0
77.0 0.970623422364 1.0
51.0 1.00647793743 1.0
172.0 2.31947904013 1.0
39.0 0.934156736285 1.0
0.0 0.969330225109 1.0
145.0 -0.245158245453 1.0
99.0 1.06034759915 1.0
150.0 -0.202573577784 1.0
146.0 -1.25101820237 1.0
194.0 3.31210254319 1.0
87.0 1.01413781113 1.0
147.0 -0.744069243023 1.0
149.0 7.31135755695 1.0
81.0 1.01766345732 1.0
69.0 1.05631378404 1.0
160.0 -3.68737342295 1.0
107.0 1.00446821779 1.0
103.0 1.01100352265 1.0
197.0 6.93834486722 1.0
100.0 1.01238747902 1.0
2.0 0.974656014562 1.0
180.0 0.818271712468 1.0
5.0 0.97525974018 1.0
98.0 0.976100520538 1.0
130.0 1.01398929925 1.0
55.0 1.04519494056 1.0
173.0 0.546885943839 1.0
object 35	1.0:1.0
20.0 1.00590007401 1.0
197.0 1.59214198983 1.0
1.0 1.00791211805 1.0
124.0 0.95141432057 1.0
90.0 1.00649360534 1.0
198.0 12.9227725285 1.0
185.0 -1.87752790817 1.0
130.0 1.00632757197 1.0
84.0 0.96127039365 1.0
151.0 -0.0901563357711 1.0
188.0 0.0767287473427 1.0
6.0 0.981708874855 1.0
194.0 7.41954161928 1.0
122.0 1.05509122661 1.0
150.0 -0.344754351702 1.0
28.0 0.995535374709 1.0
4.0 1.02358234529 1.0
12.0 0.996350330612 1.0
138.0 1.02490299164 1.0
3.0 1.03192585236 1.0
172.0 1.41828096215 1.0
140.0 8.68219836885 1.0
11.0 0.977454749987 1.0
129.0 1.00768161742 1.0
195.0 0.960171703469 1.0
16.0 0.968296070038 1.0
193.0 0.378328209954 1.0
83.0 0.954188524032 1.0
60.0 0.99932969072 1.0
43.0 1.00197669049 1.0
152.0 -0.326010791601 1.0
object 36	1.0:1.0
26.0 0.989843693482 1.0
176.0 2.87153191123 1.0
163.0 1.823400206 1.0
53.0 0.946487435487 1.0
24.0 1.01766398926 1.0
94.0 0.98759514508 1.0
129.0 1.0096194542 1.0
77.0 0.98735701186 1.0
198.0 -5.63761718597 1.0
155.0 -1.9598306979 1.0
60.0 0.993173196715 1.0
130.0 1.0106519699 1.0
144.0 0.420462331907 1.0
148.0 1.13263410783 1.0
128.0 0.927912303994 1.0
111.0 0.977161680052 1.0
34.0 0.993707010201 1.0
11.0 1.00150347687 1.0
48.0 1.01426580126 1.0
152.0 2.08492359484 1.0
61.0 1.01730735508 1.0
189.0 2.35773825182 1.0
object 37	1.0:1.0
182.0 -0.708335235168 1.0
141.0 -0.322635552631 1.0
45.0 1.00955944417 1.0
52.0 1.0138481795 1.0
130.0 0.979394150991 1.0
120.0 1.06506799703 1.0
72.0 1.02680615366 1.0
60.0 0.986377762161 1.0
123.0 0.9791845513 1.0
30.0 1.00366136468 1.0
124.0 0.982849275995 1.0
66.0 1.03236789069 1.0
135.0 0.916411122673 1.0
129.0 1.0240131008 1.0
145.0 3.04446112422 1.0
40.0 1.01006574626 1.0
9.0 1.03754683496 1.0
73.0 1.00161828024 1.0
88.0 1.05680369372 1.0
177.0 -0.2785688603 1.0
103.0 0.985838249293 1.0
139.0 1.00245008029 1.0
25.0 1.01415380435 1.0
112.0 0.98998445725 1.0
59.0 1.01323630763 1.0
61.0 1.01004585041 1.0
99.0 0.97993522145 1.0
185.0 2.26403638918 1.0
180.0 0.45516307784 1.0
102.0 1.00646406324 1.0
13.0 1.00207480883 1.0
78.0 0.978692391624 1.0
43.0 0.983145671679 1.0
127.0 1.0043392588 1.0
85.0 1.04768623588 1.0
181.0 -5.70031202242 1.0
154.0 5.00679474864 1.0
178.0 -3.91525308685 1.0
84.0 1.0042191342 1.0
object 38	1.0:1.0
122.0 1.04294868461 1.0
117.0 0.980962312623 1.0
97.0 0.974753799228 1.0
16.0 1.01949339012 1.0
3.0 0.996022545002 1.0
35.0 1.01380537298 1.0
50.0 0.972942016986 1.0
181.0 1.40780552133 1.0
119.0 1.05108576808 1.0
60.0 1.01566605986 1.0
180.0 1.8360002976 1.0
110.0 0.985099731909 1.0
30.0 0.993505355542 1.0
59.0 1.04764085194 1.0
170.0 1.44891486639 1.0
31.0 0.950259914002 1.0
139.0 0.991935009289 1.0
45.0 1.0109560847 1.0
70.0 1.04945293704 1.0
7.0 0.970873763773 1.0
52.0 1.00078869453 1.0
23.0 1.04188046013 1.0
82.0 1.00931173918 1.0
121.0 0.996261559098 1.0
65.0 0.966024295646 1.0
12.0 1.00009896974 1.0
80.0 0.979264436238 1.0
78.0 0.977592525786 1.0
9.0 1.02749283363 1.0
19.0 1.00561299479 1.0
object 39	1.0:1.0
140.0 1.04766872897 1.0
110.0 1.05183484437 1.0
94.0 1.0030651799 1.0
131.0 1.00214206355 1.0
149.0 -2.28529650836 1.0
116.0 0.983136256285 1.0
123.0 0.997291966386 1.0
40.0 1.01636474657 1.0
54.0 0.983910057557 1.0
53.0 1.0070790319 1.0
81.0 1.01332442289 1.0
50.0 1.01278006968 1.0
68.0 1.03394019833 1.0
14.0 0.982134444117 1.0
191.0 -3.06904945629 1.0
9.0 0.998197514112 1.0
126.0 1.01601108063 1.0
91.0 0.97055405045 1.0
88.0 1.0100043111 1.0
185.0 1.39794201083 1.0
148.0 0.945004856039 1.0
51.0 1.05069776083 1.0
39.0 0.988824321553 1.0
111.0 0.997415567128 1.0
136.0 0.92194318394 1.0
109.0 0.980860925161 1.0
27.0 1.02735354807 1.0
73.0 1.01367500818 1.0
108.0 0.978350568388 1.0
117.0 0.994900770204 1.0
24.0 0.995537281562 1.0
object 40	1.0:1.0
136.0 1.05211549544 1.0
49.0 1.01899029172 1.0
194.0 -3.18363930865 1.0
38.0 1.04333101459 1.0
141.0 0.786512265415 1.0
34.0 1.00611329494 1.0
80.0 0.987922538443 1.0
18.0 1.01319330303 1.0
35.0 1.00339459112 1.0
153.0 7.00821583468 1.0
88.0 0.960348873504 1.0
2.0 1.00436765783 1.0
45.0 1.00095260033 1.0
23.0 0.978619795357 1.0
78.0 1.0009650062 1.0
135.0 0.996059849887 1.0
197.0 6.14919146511 1.0
121.0 0.972785195592 1.0
152.0 0.40798279767 1.0
114.0 1.0350417701 1.0
71.0 0.938667997955 1.0
118.0 0.997459321378 1.0
144.0 -2.57259360216 1.0
59.0 1.03268519227 1.0
62.0 0.960178588762 1.0
110.0 1.01264453026 1.0
185.0 1.32426139496 1.0
44.0 1.0136045208 1.0
15.0 1.04144338055 1.0
92.0 0.977693962802 1.0
object 41	1.0:1.0
109.0 0.986968598951 1.0
166.0 -0.876487068616 1.0
188.0 2.26261681836 1.0
178.0 -0.372298653479 1.0
172.0 0.958551756409 1.0
92.0 0.99396541842 1.0
28.0 0.974535104803 1.0
14.0 0.956751163584 1.0
167.0 2.63885776616 1.0
4.0 0.962628978661 1.0
177.0 -0.103735035956 1.0
168.0 3.55017901487 1.0
5.0 0.930522120299 1.0
35.0 0.979418656285 1.0
133.0 1.03498526743 1.0
13.0 0.993768776306 1.0
110.0 0.998666270408 1.0
120.0 0.976842798655 1.0
101.0 0.981496215232 1.0
154.0 4.9553512474 1.0
56.0 1.02198547542 1.0
10.0 1.00357476818 1.0
107.0 1.0062017957 1.0
140.0 1.8701357332 1.0
22.0 0.985777245295 1.0
197.0 0.150255733734 1.0
49.0 1.01930776603 1.0
11.0 1.03067036156 1.0
66.0 0.953712546183 1.0
79.0 0.966148056628 1.0
146.0 4.31022570868 1.0
106.0 1.01541903193 1.0
123.0 1.03946221982 1.0
93.0 0.969928769395 1.0
199.0 2.7579432432 1.0
51.0 1.00380450754 1.0
186.0 2.16593221265 1.0
119.0 0.980375029301 1.0
43.0 0.989104663549 1.0
68.0 0.997886471593 1.0
object 42	1.0:1.0
170.0 1.70023662726 1.0
95.0 0.988871042056 1.0
127.0 1.04316843208 1.0
72.0 0.973647023011 1.0
131.0 0.989436503265 1.0
192.0 1.6329443957 1.0
184.0 -7.03704208963 1.0
124.0 1.02064649395 1.0
145.0 0.539746465796 1.0
38.0 1.02518259481 1.0
189.0 7.24953025374 1.0
26.0 1.01851301527 1.0
75.0 0.999704815738 1.0
67.0 0.986805200725 1.0
21.0 0.998333359503 1.0
109.0 0.98103783267 1.0
43.0 0.983208563742 1.0
53.0 0.945297896153 1.0
3.0 0.997150052398 1.0
92.0 0.963066819804 1.0
32.0 0.998450465208 1.0
47.0 0.997449905379 1.0
5.0 1.05820855834 1.0
125.0 1.02274722965 1.0
object 43	1.0:1.0
98.0 1.0249060063 1.0
182.0 3.46712942966 1.0
10.0 1.02495779677 1.0
59.0 0.991630484427 1.0
171.0 -4.29894575391 1.0
197.0 5.65383810957 1.0
54.0 0.937630811377 1.0
44.0 0.993617446715 1.0
76.0 0.976613009009 1.0
134.0 1.02504869071 1.0
101.0 0.908940313509 1.0
64.0 0.987794597694 1.0
172.0 -2.12007508546 1.0
94.0 0.961572776425 1.0
161.0 -0.417597683622 1.0
14.0 0.976558276706 1.0
8.0 0.983202295095 1.0
149.0 1.30924464512 1.0
object 44	1.0:1.0
11.0 0.953726755505 1.0
131.0 1.01813602653 1.0
23.0 0.981183544735 1.0
142.0 0.561865423669 1.0
138.0 1.00612940166 1.0
74.0 0.963832060385 1.0
20.0 1.01966848878 1.0
37.0 1.01429244334 1.0
149.0 -1.85113463696 1.0
147.0 1.1837759843 1.0
146.0 6.24626957518 1.0
35.0 0.99543210767 1.0
171.0 -7.49199716841 1.0
92.0 0.947342697062 1.0
26.0 0.975110134941 1.0
175.0 -0.177226848845 1.0
79.0 0.987420242624 1.0
166.0 -0.121935248755 1.0
127.0 0.959508981154 1.0
113.0 1.02639596382 1.0
3.0 0.98307960478 1.0
196.0 0.835476606598 1.0
122.0 1.00821259125 1.0
object 45	1.0:1.0
101.0 1.06109342261 1.0
23.0 1.03434238644 1.0
60.0 1.0066435047 1.0
122.0 0.975009838338 1.0
162.0 3.2932246944 1.0
29.0 0.965387620642 1.0
82.0 1.00997941279 1.0
66.0 1.04609989476 1.0
183.0 4.86719513475 1.0
108.0 1.02080231125 1.0
133.0 1.01874694137 1.0
14.0 1.01919952823 1.0
28.0 0.903251954308 1.0
41.0 1.02553746679 1.0
149.0 0.376942620187 1.0
113.0 0.950172334445 1.0
57.0 1.04132238225 1.0
91.0 1.01589299116 1.0
35.0 1.02391605987 1.0
173.0 1.13784056648 1.0
34.0 1.02018325249 1.0
53.0 0.988245587082 1.0
175.0 0.521889485729 1.0
163.0 -3.95254890854 1.0
15.0 1.07204572785 1.0
150.0 0.557502623389 1.0
70.0 0.987858461782 1.0
145.0 1.15173382538 1.0
64.0 0.992305179335 1.0
78.0 0.993944127614 1.0
74.0 1.04443692819 1.0
190.0 2.28720807742 1.0
135.0 1.02007406806 1.0
178.0 2.71076861566 1.0
59.0 0.999493998321 1.0
1.0 1.00574126334 1.0
object 46	1.0:1.0
160.0 -2.18522393183 1.0
178.0 1.96943587124 1.0
10.0 0.984711693808 1.0
51.0 1.02308682377 1.0
157.0 1.48210387648 1.0
197.0 2.36813548571 1.0
121.0 0.998663353469 1.0
81.0 1.02161666981 1.0
167.0 1.02466906927 1.0
37.0 0.954172457888 1.0
80.0 0.978847161099 1.0
0.0 0.969322990004 1.0
77.0 1.00631394927 1.0
13.0 1.00274677498 1.0
5.0 0.98600157871 1.0
103.0 0.986413321303 1.0
53.0 0.955395923659 1.0
113.0 1.02003456525 1.0
34.0 0.962392012722 1.0
28.0 0.970278161877 1.0
116.0 0.971617179211 1.0
9.0 0.944901179995 1.0
2.0 0.990935058205 1.0
32.0 1.05021414607 1.0
136.0 0.971814011337 1.0
150.0 -0.70812035893 1.0
31.0 1.0587337999 1.0
177.0 0.811376374594 1.0
193.0 -0.977594938145 1.0
41.0 1.02634110324 1.0
187.0 0.613184140004 1.0
40.0 1.00057216485 1.0
129.0 0.991037696308 1.0
118.0 1.02146119498 1.0
object 47	1.0:1.0
89.0 0.997302151864 1.0
176.0 -0.662443818629 1.0
199.0 -0.333923079062 1.0
193.0 -2.4876215302 1.0
78.0 1.01441488927 1.0
53.0 0.988893052246 1.0
115.0 0.960160605326 1.0
117.0 1.00030172968 1.0
40.0 1.0228049959 1.0
65.0 1.0836349585 1.0
108.0 1.00443481427 1.0
32.0 0.98485905145 1.0
75.0 1.00114118324 1.0
113.0 0.98689103249 1.0
70.0 0.989116243254 1.0
95.0 1.00461275213 1.0
179.0 -6.65189249854 1.0
39.0 0.974455129149 1.0
147.0 0.750050365878 1.0
129.0 1.01913291267 1.0
101.0 0.966240747607 1.0
35.0 0.987480621781 1.0
138.0 0.985913750629 1.0
31.0 0.992573799386 1.0
57.0 1.01728940415 1.0
104.0 1.00975520111 1.0
105.0 1.01474236214 1.0
68.0 0.992685879272 1.0
116.0 0.99075061263 1.0
21.0 1.00243575345 1.0
181.0 -3.9535415478 1.0
object 48	1.0:1.0
134.0 1.0090761269 1.0
71.0 1.00655133834 1.0
189.0 0.835543571921 1.0
191.0 3.18211553411 1.0
195.0 1.46441779548 1.0
138.0 1.0060727869 1.0
152.0 -0.658858852842 1.0
176.0 2.74381463914 1.0
65.0 0.959215990652 1.0
37.0 1.0187076007 1.0
48.0 0.96819026756 1.0
129.0 1.00572474513 1.0
38.0 1.12643104014 1.0
175.0 2.86555861271 1.0
117.0 1.025283207 1.0
7.0 0.991094789233 1.0
40.0 1.01090560846 1.0
101.0 0.96446574407 1.0
9.0 0.997299014471 1.0
119.0 0.958886854146 1.0
69.0 0.977412536509 1.0
108.0 1.00751907576 1.0
151.0 -0.30150186349 1.0
88.0 0.990014632496 1.0
155.0 0.417735545954 1.0
120.0 0.975812128558 1.0
179.0 0.760164641976 1.0
109.0 1.00812171756 1.0
190.0 1.24611324328 1.0
object 49	1.0:1.0
79.0 0.977408727091 1.0
94.0 1.0156353508 1.0
3.0 1.06845904314 1.0
0.0 1.04226093396 1.0
99.0 1.00724993123 1.0
33.0 0.996261044417 1.0
155.0 0.598931308218 1.0
129.0 1.01756208765 1.0
171.0 -1.78793879985 1.0
127.0 0.981688890809 1.0
103.0 0.996801963681 1.0
41.0 0.904268164727 1.0
152.0 2.00004372614 1.0
195.0 3.78516117824 1.0
89.0 1.01978906542 1.0
183.0 -2.81829039628 1.0
98.0 0.966805106172 1.0
144.0 -1.34245194685 1.0
93.0 0.971239793245 1.0
198.0 0.246506525117 1.0
143.0 -0.520494303723 1.0
190.0 2.77610179986 1.0
117.0 1.01756362344 1.0
102.0 0.990031772931 1.0
72.0 0.968315910269 1.0
166.0 1.42603704375 1.0
77.0 0.979638232446 1.0
object 50	1.0:0.5 -8.46748488064:0.5
47.0 1.03721459264 0.0
85.0 -8.49135620788 1.0
125.0 1.05313843385 0.0
191.0 -3.78975045755 0.0
54.0 -8.50878608815 1.0
122.0 0.959138047002 0.0
3.0 -8.40309049574 1.0
68.0 0.992958953405 0.0
71.0 -8.48064486357 1.0
159.0 1.58514481833 0.0
133.0 1.003849753 0.0
39.0 0.994368488086 0.0
113.0 1.102301481 0.0
45.0 1.04919501669 0.0
57.0 1.08222873736 0.0
177.0 -5.74338778497 1.0
20.0 -8.4354140215 1.0
104.0 0.908942323693 0.0
83.0 -8.55075843185 1.0
135.0 -8.50455781905 1.0
189.0 0.568674592487 0.0
63.0 1.0372762301 0.0
184.0 1.58932847473 0.0
187.0 5.09505849952 0.0
160.0 -7.16207861708 1.0
object 51	1.0:0.5 0.357484660733:0.5
60.0 0.941478172217 0.0
101.0 1.03730411667 0.0
20.0 0.343992829963 1.0
50.0 1.01000646802 0.0
159.0 -2.78957416762 0.0
11.0 0.227025228651 1.0
114.0 0.355352640264 1.0
44.0 0.248388881007 1.0
182.0 3.27340618311 0.0
13.0 0.421005062253 1.0
199.0 3.79399045918 0.0
14.0 1.07829216433 0.0
35.0 0.311137363346 1.0
152.0 0.786185101873 1.0
4.0 1.02232151449 0.0
116.0 0.969081874957 0.0
7.0 0.94896796706 0.0
149.0 6.54982600006 1.0
192.0 2.31560632346 1.0
143.0 0.782259032391 0.0
185.0 1.86243859268 0.0
146.0 -0.771844614366 0.0
131.0 0.842586731093 0.0
29.0 0.967789026682 0.0
73.0 0.312822387622 1.0
48.0 0.395405563085 1.0
111.0 0.402310100897 1.0
52.0 1.11112497078 0.0
55.0 0.945352692414 0.0
102.0 1.01766133493 0.0
119.0 0.376313978045 1.0
197.0 1.17653940516 1.0
193.0 -1.75182013227 0.0
136.0 0.439432903978 1.0
37.0 0.999235844797 0.0
54.0 0.335804891304 1.0
173.0 1.68763256722 0.0
5.0 1.01373560497 0.0
27.0 1.01452297498 0.0
object 52	1.0:0.5 9.5128871307:0.5
22.0 9.57999149008 1.0
193.0 10.3236438248 1.0
89.0 9.59593211707 1.0
180.0 3.32134672586 0.0
28.0 9.48574679897 1.0
109.0 1.0527022306 0.0
160.0 0.838920977055 0.0
56.0 0.975738154002 0.0
93.0 1.00931447933 0.0
51.0 0.919920437841 0.0
27.0 9.50227620774 1.0
104.0 9.46727383737 1.0
58.0 9.48163733048 1.0
84.0 9.56952478424 1.0
20.0 9.52141670892 1.0
8.0 9.51393866405 1.0
149.0 11.2418553577 1.0
5.0 9.50464063463 1.0
11.0 9.47666270214 1.0
0.0 0.989672155491 0.0
188.0 10.2391718161 1.0
175.0 -0.380136933106 0.0
26.0 9.53505385875 1.0
37.0 9.4703003495 1.0
174.0 8.83547146043 1.0
97.0 0.983946799241 0.0
9.0 9.53799797227 1.0
14.0 9.53235127294 1.0
object 53	1.0:0.5 -11.9514391456:0.5
121.0 -11.9475311933 1.0
156.0 3.21962443963 0.0
162.0 -12.0097757701 1.0
126.0 1.07920927804 0.0
7.0 -11.8966348661 1.0
144.0 -10.6335125559 1.0
105.0 -11.9309134284 1.0
160.0 -13.7432880016 1.0
90.0 0.967844472175 0.0
176.0 3.09271659884 0.0
36.0 0.932426890952 0.0
76.0 -11.9936405209 1.0
192.0 -15.5086960022 1.0
113.0 -11.9312996147 1.0
65.0 0.991733463623 0.0
47.0 -11.9909729901 1.0
71.0 -11.9458840021 1.0
68.0 0.984151298404 0.0
190.0 -13.5221209219 1.0
164.0 -15.5560836085 1.0
88.0 1.08078286639 0.0
157.0 2.06714812373 0.0
155.0 1.62230018491 0.0
2.0 -11.9624679082 1.0
124.0 1.06769521113 0.0
111.0 -11.9002301757 1.0
145.0 -9.11280078052 1.0
96.0 1.04088666916 0.0
73.0 1.03171817006 0.0
51.0 1.0142621462 0.0
13.0 0.976443791619 0.0
object 54	1.0:0.5 7.72896279587:0.5
59.0 0.945886161277 0.0
189.0 9.48644485005 1.0
193.0 4.51860725707 0.0
4.0 7.81331197397 1.0
101.0 7.66605016911 1.0
56.0 1.0000724811 0.0
198.0 -1.39969599813 0.0
51.0 1.04860612179 0.0
182.0 3.49769719639 1.0
116.0 0.977565375435 0.0
147.0 0.936245077512 0.0
2.0 0.983973043365 0.0
103.0 7.72210340634 1.0
27.0 7.80132003562 1.0
12.0 0.934076849358 0.0
194.0 -0.227572381411 0.0
91.0 7.80069449501 1.0
23.0 7.71091268638 1.0
142.0 3.90136070593 1.0
160.0 9.14324796553 1.0
14.0 7.72839711663 1.0
3.0 1.09820194337 0.0
154.0 8.75356930606 1.0
150.0 2.1425641092 0.0
42.0 1.05549529702 0.0
object 55	1.0:0.5 -9.10637904475:0.5
111.0 0.988665267061 0.0
121.0 1.00755744191 0.0
72.0 -9.10331608389 1.0
188.0 2.84008913214 0.0
55.0 -9.06895430795 1.0
102.0 -9.15051728761 1.0
36.0 0.990517698093 0.0
107.0 -9.1109472033 1.0
198.0 3.48476881525 0.0
80.0 1.00867610004 0.0
117.0 -9.11761956102 1.0
88.0 -9.09683134928 1.0
128.0 0.981508831275 0.0
6.0 1.02964979786 0.0
48.0 1.03225221396 0.0
106.0 -9.14864228025 1.0
66.0 -9.07464178642 1.0
160.0 1.10901222683 0.0
26.0 0.995679623734 0.0
127.0 1.00194820627 0.0
113.0 1.01215764582 0.0
object 56	1.0:0.5 9.32434465932:0.5
166.0 5.8071602003 1.0
66.0 9.26512254251 1.0
136.0 0.888374124735 0.0
59.0 9.30396325247 1.0
176.0 3.11247088421 0.0
83.0 0.966389739429 0.0
106.0 1.01453139597 0.0
21.0 1.04530855407 0.0
61.0 9.28770688401 1.0
142.0 6.51851005717 1.0
160.0 0.683524531198 0.0
130.0 9.2732635046 1.0
157.0 11.5123782069 1.0
17.0 9.28317300089 1.0
30.0 9.28757292553 1.0
170.0 2.29871568553 0.0
47.0 9.31333950195 1.0
object 57	1.0:0.5 14.9682764581:0.5
96.0 1.00281891303 0.0
141.0 16.4070353897 1.0
72.0 1.00645527219 0.0
152.0 1.79785722293 0.0
192.0 15.0048194202 1.0
16.0 0.984026418803 0.0
38.0 14.8731589116 1.0
126.0 14.957612462 1.0
193.0 19.2549525254 1.0
13.0 14.9744966706 1.0
102.0 1.03833726617 0.0
74.0 14.9051032385 1.0
53.0 14.9440932996 1.0
9.0 14.9507956276 1.0
48.0 0.969357062793 0.0
75.0 14.9362354766 1.0
136.0 14.9293240362 1.0
166.0 -1.13474888983 0.0
175.0 0.251773881701 0.0
33.0 1.04579151448 0.0
155.0 1.26446394788 0.0
168.0 14.8718362529 1.0
3.0 14.9186573888 1.0
85.0 14.9825327359 1.0
55.0 14.9853361694 1.0
52.0 15.046754443 1.0
186.0 16.6694513815 1.0
41.0 15.0340202204 1.0
62.0 0.976602456575 0.0
42.0 14.9486385197 1.0
82.0 0.954544830238 0.0
122.0 0.891239628661 0.0
64.0 14.931297837 1.0
90.0 15.0021962039 1.0
45.0 0.979469766394 0.0
15.0 14.9839284112 1.0
40.0 1.06016707384 0.0
157.0 3.87067341463 0.0
170.0 -2.78306608792 0.0
182.0 13.1203736868 1.0
object 58	1.0:0.5 -15.2257509789:0.5
163.0 -17.7020103188 1.0
51.0 -15.2099421831 1.0
79.0 0.93616291517 0.0
43.0 1.05464447273 0.0
143.0 -15.0585177515 1.0
120.0 1.01035678585 0.0
91.0 0.896373498477 0.0
97.0 0.97547523232 0.0
115.0 0.996535982684 0.0
113.0 -15.1277921938 1.0
99.0 1.01855604896 0.0
121.0 1.01353145757 0.0
170.0 -15.4807962944 1.0
49.0 0.950796432003 0.0
139.0 0.928162612102 0.0
93.0 0.958187987348 0.0
197.0 -1.0245018504 0.0
9.0 -15.2078109111 1.0
195.0 -0.692779582416 0.0
172.0 -7.33816258309 1.0
119.0 -15.1971563478 1.0
90.0 1.00438912793 0.0
102.0 -15.2898116936 1.0
134.0 -15.2006774596 1.0
13.0 1.00155755886 0.0
169.0 -0.566305954426 0.0
140.0 1.476497017 0.0
27.0 -15.2129993475 1.0
35.0 0.97963096855 0.0
object 59	1.0:0.5 -9.46089718442:0.5
38.0 1.04850925479 0.0
127.0 0.930663888612 0.0
115.0 -9.47537279661 1.0
35.0 0.999620383813 0.0
177.0 -3.09736562064 0.0
179.0 0.115306774286 0.0
73.0 -9.42670458985 1.0
142.0 8.00767054842 0.0
148.0 -14.2360836903 1.0
155.0 1.35244975278 0.0
182.0 -13.5240503675 1.0
76.0 -9.40871613383 1.0
44.0 -9.4615895465 1.0
152.0 -9.59677210224 1.0
174.0 -9.83160552273 1.0
8.0 1.00092898603 0.0
189.0 -7.92168408236 1.0
31.0 -9.51723918476 1.0
104.0 1.10986008245 0.0
151.0 4.28313123218 0.0
91.0 -9.37637454168 1.0
75.0 1.02815940867 0.0
5.0 1.03276631908 0.0
175.0 0.263841958502 0.0
21.0 -9.49671234809 1.0
139.0 0.967062135962 0.0
136.0 1.00610544502 0.0
20.0 1.04110553361 0.0
65.0 0.933085591494 0.0
137.0 1.06961597558 0.0
194.0 3.87131216492 0.0
181.0 -4.96789898984 0.0
180.0 -4.55585953119 0.0
object 60	1.0:0.5 1.83406422934:0.5
168.0 -1.71919972082 0.0
128.0 1.04638955399 0.0
47.0 1.89733592922 1.0
143.0 2.67285563531 0.0
145.0 0.963710739008 0.0
148.0 0.149217926132 1.0
91.0 1.81171530097 1.0
85.0 0.995290683918 0.0
3.0 1.8493956981 1.0
174.0 -0.143654333362 0.0
169.0 0.790659752301 0.0
19.0 1.07855542998 0.0
88.0 1.88358839487 1.0
118.0 1.07503041018 0.0
7.0 1.72625510504 1.0
60.0 1.89622944841 1.0
4.0 1.02146409411 0.0
35.0 1.80894198258 1.0
75.0 1.7897698895 1.0
100.0 1.81768583727 1.0
193.0 0.0938235642504 1.0
50.0 1.76613638956 1.0
101.0 1.90881774406 1.0
71.0 0.889439409481 0.0
117.0 1.8215029014 1.0
187.0 5.42824077005 1.0
141.0 1.33457002287 0.0
119.0 1.78125376819 1.0
14.0 1.88475333658 1.0
63.0 1.74886365408 1.0
53.0 1.03442308058 0.0
24.0 0.985698645006 0.0
163.0 0.492216980032 1.0
113.0 0.974431491978 0.0
114.0 1.03541071244 0.0
151.0 2.25182482022 0.0
83.0 1.89487828615 1.0
2.0 1.00755274152 0.0
67.0 1.01128849733 0.0
122.0 0.96302091344 0.0
176.0 1.70958645135 0.0
37.0 1.86551264524 1.0
object 61	1.0:0.5 2.03991759704:0.5
65.0 1.00036788713 0.0
104.0 2.04550007427 1.0
9.0 0.967596106387 0.0
189.0 -0.178055974187 0.0
29.0 2.00529979524 1.0
84.0 0.961197141363 0.0
131.0 1.96106338433 1.0
144.0 -5.29975994124 1.0
162.0 5.88502897855 1.0
89.0 1.96311245625 1.0
170.0 -2.89661046844 0.0
192.0 2.00256853561 0.0
93.0 0.975695196187 0.0
30.0 1.95527624584 1.0
171.0 4.69341286078 1.0
160.0 1.90923804666 1.0
96.0 1.00147466184 0.0
188.0 1.42810748661 1.0
166.0 2.33621397669 1.0
36.0 0.95919111083 0.0
194.0 2.28879818092 0.0
105.0 1.01177007798 0.0
159.0 4.48012144653 1.0
44.0 1.03091944234 0.0
155.0 2.25958550215 0.0
58.0 2.06965628769 1.0
151.0 6.5210473936 0.0
133.0 1.00965452208 0.0
164.0 -1.10270790121 0.0
184.0 1.61056526047 1.0
177.0 7.07949261563 1.0
109.0 1.01049205662 0.0
object 62	1.0:0.5 2.62429863109:0.5
199.0 1.26016920686 1.0
122.0 0.923071228721 0.0
56.0 0.93032997745 0.0
112.0 2.62687720509 1.0
171.0 7.2867107078 1.0
92.0 0.908489378838 0.0
99.0 1.03019063074 0.0
21.0 0.959597130497 0.0
3.0 0.987403539953 0.0
6.0 0.984158273693 0.0
20.0 2.54421737784 1.0
136.0 1.00527937703 0.0
22.0 1.01504164869 0.0
90.0 0.977159439866 0.0
189.0 4.71124395811 1.0
30.0 2.6527873782 1.0
70.0 2.61766253702 1.0
28.0 1.05779342389 0.0
179.0 1.95096104258 1.0
140.0 1.2590441612 0.0
119.0 2.62792981859 1.0
113.0 2.53575709571 1.0
5.0 1.01451639219 0.0
80.0 2.70238588345 1.0
155.0 2.05665390254 1.0
109.0 2.57869182017 1.0
32.0 2.53082576931 1.0
126.0 0.965593131809 0.0
65.0 0.980805627501 0.0
180.0 10.6637028903 0.0
110.0 1.06141364337 0.0
108.0 2.6663634405 1.0
object 63	1.0:0.5 3.5731385297:0.5
7.0 3.60979628389 1.0
178.0 3.20720267565 1.0
173.0 3.67765153309 1.0
161.0 1.13042342375 0.0
152.0 1.43128164824 0.0
118.0 0.913331214782 0.0
78.0 3.59143202944 1.0
6.0 0.870331839679 0.0
56.0 0.972401657497 0.0
47.0 1.05141473093 0.0
8.0 3.60316198402 1.0
41.0 0.969589797564 0.0
187.0 9.30879024218 1.0
133.0 3.65290340225 1.0
15.0 1.00635200758 0.0
35.0 1.01735839503 0.0
157.0 3.66141946444 1.0
76.0 3.57234284926 1.0
65.0 3.58896410094 1.0
50.0 1.05972923724 0.0
54.0 3.60037257629 1.0
10.0 3.5724843869 1.0
149.0 -1.70740934679 1.0
4.0 0.984689776897 0.0
9.0 3.60907018572 1.0
0.0 3.56806232736 1.0
61.0 3.49343647334 1.0
183.0 3.3687597028 1.0
75.0 3.58728569317 1.0
164.0 -2.57381667976 0.0
196.0 0.650466226834 1.0
189.0 -2.59890027543 0.0
198.0 3.31930551422 1.0
object 64	1.0:0.5 1.14983204992:0.5
78.0 1.17186214054 1.0
17.0 1.1085686271 1.0
106.0 1.06998604933 1.0
45.0 0.952375773699 0.0
103.0 1.04879515833 0.0
76.0 1.01738467799 0.0
162.0 2.15971495359 0.0
184.0 2.54363071891 1.0
120.0 1.15619240429 1.0
49.0 1.18484141743 1.0
26.0 1.10049389436 1.0
47.0 1.06788645557 0.0
187.0 2.78783887081 0.0
29.0 0.989501879585 0.0
24.0 1.1080123616 1.0
165.0 -0.654928107648 0.0
142.0 2.92178243093 1.0
62.0 1.1505107573 1.0
183.0 4.33664320872 0.0
27.0 0.961482151482 0.0
163.0 0.437101534409 0.0
126.0 1.1388570818 1.0
25.0 1.04395189185 1.0
48.0 1.03900244673 0.0
128.0 1.10121418331 1.0
169.0 -0.578404609691 0.0
136.0 1.27411809404 1.0
object 65	1.0:0.5 11.032063135:0.5
166.0 10.196745334 1.0
54.0 10.9610574118 1.0
20.0 1.02252997538 0.0
129.0 11.0921296685 1.0
47.0 0.966802863466 0.0
170.0 3.30406343377 0.0
155.0 10.2897661738 1.0
103.0 11.062976891 1.0
50.0 10.9981318805 1.0
135.0 0.933169524631 0.0
117.0 11.134180839 1.0
32.0 1.00624901712 0.0
147.0 -0.467827189296 0.0
2.0 11.0952827819 1.0
141.0 11.6943695899 1.0
4.0 11.0445396099 1.0
42.0 11.0927737449 1.0
187.0 8.95067816049 1.0
97.0 11.0473927608 1.0
26.0 11.0402369431 1.0
94.0 11.0306874813 1.0
81.0 1.03534010486 0.0
66.0 11.0098405507 1.0
23.0 10.9920645756 1.0
149.0 11.9924185579 1.0
112.0 1.0120451397 0.0
object 66	1.0:0.5 21.4716765772:0.5
27.0 21.4587168366 1.0
77.0 21.4238552214 1.0
120.0 1.026010124 0.0
39.0 21.5201941694 1.0
106.0 21.412222816 1.0
128.0 21.5123850381 1.0
132.0 1.07317272191 0.0
163.0 21.7271075883 1.0
187.0 18.7986829858 1.0
168.0 25.6543978683 1.0
195.0 -0.878692405206 0.0
11.0 21.4437954333 1.0
102.0 1.05742680989 0.0
74.0 0.929647015807 0.0
82.0 21.4307198275 1.0
59.0 21.4277967847 1.0
85.0 21.4755386455 1.0
199.0 20.7325603963 1.0
154.0 25.1599386318 1.0
37.0 21.4094245179 1.0
65.0 0.981810121638 0.0
133.0 1.003326209 0.0
162.0 19.2352347966 1.0
70.0 0.98793908863 0.0
76.0 0.910473892494 0.0
107.0 21.4545053637 1.0
171.0 19.2045054946 1.0
53.0 21.467402786 1.0
131.0 21.4882661147 1.0
5.0 21.4619062987 1.0
3.0 21.433898142 1.0
91.0 0.981917909157 0.0
object 67	1.0:0.5 11.8421649813:0.5
72.0 0.928942298909 0.0
143.0 11.4984908291 1.0
65.0 11.8534638002 1.0
84.0 1.01420042644 0.0
98.0 0.985676400788 0.0
20.0 11.7726887694 1.0
173.0 -0.44210290043 0.0
115.0 0.961661216534 0.0
18.0 11.7562445293 1.0
169.0 13.5619362002 1.0
177.0 12.2794498524 1.0
49.0 11.8914080998 1.0
23.0 0.939629838917 0.0
124.0 0.930130668741 0.0
139.0 11.8407601962 1.0
108.0 11.9146921897 1.0
73.0 1.00325078461 0.0
9.0 0.988056185352 0.0
190.0 13.8980073767 1.0
88.0 0.9746053396 0.0
126.0 1.01884033122 0.0
37.0 1.01266052808 0.0
71.0 1.07382053873 0.0
77.0 0.920552655547 0.0
178.0 -5.43457058447 0.0
172.0 6.72709126545 0.0
34.0 1.02506586258 0.0
21.0 11.804070864 1.0
121.0 11.8442712872 1.0
137.0 11.8636297172 1.0
object 68	1.0:0.5 9.07926153456:0.5
191.0 3.15733401706 0.0
106.0 9.12789444353 1.0
49.0 9.09050798992 1.0
80.0 9.12940983901 1.0
74.0 1.08331417325 0.0
62.0 0.998001304964 0.0
163.0 8.29967973799 1.0
57.0 1.07541607555 0.0
132.0 9.11985771294 1.0
102.0 9.05166596271 1.0
125.0 9.03063272825 1.0
137.0 9.00021309443 1.0
55.0 9.06790927955 1.0
107.0 9.11128554894 1.0
108.0 0.923230600931 0.0
162.0 -1.71297869778 0.0
60.0 9.06854688571 1.0
48.0 1.05330095899 0.0
47.0 9.12811899614 1.0
18.0 0.935025199923 0.0
155.0 7.68935365199 1.0
140.0 2.98657681219 0.0
151.0 6.0977034543 0.0
73.0 9.03980874363 1.0
170.0 0.330438978287 0.0
43.0 9.00966475635 1.0
8.0 1.08003615872 0.0
59.0 1.05611761009 0.0
145.0 7.4458870937 1.0
167.0 10.2193035634 1.0
52.0 1.01263189585 0.0
189.0 9.5689459458 1.0
34.0 1.00151501644 0.0
28.0 9.1148513818 1.0
105.0 9.02599024748 1.0
17.0 9.00932568729 1.0
object 69	1.0:0.5 20.1611054363:0.5
95.0 20.1442644252 1.0
82.0 0.967151136076 0.0
90.0 20.1374826783 1.0
41.0 20.1107822776 1.0
155.0 20.8555698796 1.0
7.0 20.2641651184 1.0
134.0 0.979555454029 0.0
97.0 1.06424912116 0.0
30.0 1.03198303767 0.0
117.0 0.990340210959 0.0
199.0 4.18969207844 0.0
87.0 1.03463295404 0.0
111.0 0.981928520772 0.0
161.0 20.8456206984 1.0
3.0 1.05498423674 0.0
36.0 1.02878671144 0.0
107.0 1.04828416978 0.0
77.0 20.2327501168 1.0
152.0 1.19110469967 0.0
31.0 20.07478845 1.0
138.0 20.1202926253 1.0
171.0 -6.65976431476 0.0
63.0 1.06915862991 0.0
80.0 20.1594176308 1.0
198.0 15.7519340924 1.0
184.0 20.08245279 1.0
16.0 0.983635925596 0.0
194.0 18.3464622292 1.0
124.0 20.2162708621 1.0
165.0 1.71823428775 0.0
189.0 15.0407859997 1.0
49.0 0.948830991709 0.0
object 70	1.0:0.5 8.30509323509:0.5
47.0 8.30336346751 1.0
196.0 6.88302199328 0.0
23.0 0.91155575695 0.0
139.0 8.25272186847 1.0
118.0 8.28393411674 1.0
69.0 8.22164520438 1.0
77.0 8.25834531435 1.0
104.0 8.37893186651 1.0
163.0 2.48543095524 0.0
17.0 8.26314333827 1.0
102.0 0.958210440968 0.0
41.0 1.02349685935 0.0
20.0 8.21396637684 1.0
89.0 0.997641854547 0.0
114.0 8.32464507763 1.0
191.0 -1.69000358117 0.0
38.0 0.991465135963 0.0
6.0 1.03741255773 0.0
138.0 0.955255440719 0.0
122.0 1.0183721551 0.0
189.0 7.02412774958 1.0
153.0 -2.19448461009 0.0
88.0 8.32321430722 1.0
78.0 8.19719854394 1.0
119.0 0.957981398807 0.0
100.0 0.974675070199 0.0
85.0 8.31913780086 1.0
127.0 0.990923721035 0.0
82.0 0.95789075469 0.0
68.0 8.2454322177 1.0
166.0 6.16323562801 1.0
74.0 1.02672552905 0.0
167.0 7.63288276277 1.0
115.0 0.938111495534 0.0
61.0 8.25525077891 1.0
object 71	1.0:0.5 -23.8307948271:0.5
1.0 -23.8798964257 1.0
122.0 1.02620450399 0.0
3.0 -23.7256187478 1.0
30.0 1.01522968861 0.0
163.0 -24.1896938388 1.0
117.0 -23.7102573362 1.0
114.0 1.10300684692 0.0
116.0 -23.8010183459 1.0
132.0 -23.737626278 1.0
143.0 -23.4002173096 1.0
105.0 -23.8954991351 1.0
67.0 -23.8465929505 1.0
51.0 0.998552969668 0.0
141.0 -23.3617947609 1.0
34.0 1.0068303654 0.0
55.0 -23.8433109806 1.0
119.0 1.0123676055 0.0
46.0 0.979700537487 0.0
131.0 1.00133126327 0.0
149.0 -23.6481175548 1.0
object 72	1.0:0.5 -2.95941041596:0.5
152.0 -2.75123832518 1.0
14.0 0.996623854114 0.0
103.0 -2.9652255897 1.0
153.0 0.0453668482004 0.0
49.0 0.928116613255 0.0
125.0 -2.95880256875 1.0
113.0 -2.97346363251 1.0
23.0 0.969988123698 0.0
4.0 -2.93867772714 1.0
3.0 0.983132580494 0.0
39.0 -2.91066057288 1.0
123.0 -2.94434862562 1.0
158.0 0.277739184882 0.0
93.0 1.01724028847 0.0
169.0 0.558298778856 0.0
106.0 0.960567307326 0.0
25.0 0.989274163712 0.0
197.0 -0.507774192369 1.0
89.0 -2.96017300857 1.0
67.0 1.07043765475 0.0
114.0 -2.97426405466 1.0
189.0 -1.07681015217 1.0
35.0 1.01614948865 0.0
165.0 -3.54950499738 1.0
37.0 -2.86253704642 1.0
36.0 0.947176103819 0.0
50.0 1.02403228175 0.0
141.0 0.656879624234 0.0
160.0 -2.77636081482 1.0
118.0 -2.8819264277 1.0
12.0 0.945268017791 0.0
8.0 1.02421099694 0.0
135.0 1.03338177958 0.0
97.0 -2.98107117966 1.0
112.0 -3.00062911008 1.0
76.0 0.891682444892 0.0
98.0 -2.89697743081 1.0
87.0 -3.04690627994 1.0
91.0 -2.87229615818 1.0
object 73	1.0:0.5 8.00354429996:0.5
70.0 8.00315734182 1.0
112.0 8.04394580283 1.0
173.0 9.83726325118 1.0
68.0 0.887505738582 0.0
42.0 8.0583554636 1.0
39.0 8.06434682532 1.0
87.0 0.995078142354 0.0
60.0 0.998730004938 0.0
55.0 8.08025621324 1.0
186.0 7.29306404711 1.0
88.0 0.982410136707 0.0
56.0 7.9962828333 1.0
28.0 7.97906946289 1.0
130.0 0.991570830851 0.0
11.0 8.02949204877 1.0
187.0 7.92748835121 1.0
65.0 8.00446435157 1.0
97.0 8.07594777628 1.0
15.0 8.06384927696 1.0
195.0 -0.425011886637 0.0
185.0 -0.459617941247 0.0
146.0 7.37481803183 0.0
41.0 7.94534146795 1.0
136.0 0.947596124365 0.0
149.0 13.3279460293 1.0
193.0 4.49363140819 1.0
object 74	1.0:0.5 0.0317086012326:0.5
131.0 0.0336035602176 1.0
122.0 0.0450058846124 1.0
139.0 0.0367247343948 1.0
82.0 0.0769189548005 1.0
14.0 0.0176316851365 1.0
97.0 0.0159685670138 1.0
123.0 0.0226610406513 1.0
159.0 4.12055670105 0.0
102.0 1.11968105057 0.0
58.0 1.02428124164 0.0
166.0 -2.45182210188 0.0
186.0 3.38475430645 1.0
6.0 0.936790422655 0.0
168.0 1.25102379956 0.0
161.0 -0.981147974258 1.0
19.0 0.0163550687383 1.0
24.0 0.0330085363327 1.0
80.0 -0.0317765192387 1.0
124.0 1.0530051908 0.0
70.0 0.0365520372058 1.0
120.0 1.02884526499 0.0
48.0 1.00603427612 0.0
45.0 1.01054137004 0.0
object 75	1.0:0.5 5.17592948364:0.5
145.0 4.88062359254 1.0
42.0 0.89773691839 0.0
99.0 0.97792387997 0.0
68.0 1.02435435221 0.0
82.0 0.897458899847 0.0
135.0 0.996436915344 0.0
184.0 1.91824456576 0.0
188.0 6.38026963892 1.0
45.0 5.10537118755 1.0
20.0 5.15030151985 1.0
65.0 1.08677491442 0.0
171.0 3.92508241939 1.0
57.0 5.06861609561 1.0
148.0 4.88791755763 1.0
26.0 1.03242049813 0.0
55.0 5.21555344156 1.0
74.0 5.21153912028 1.0
180.0 4.06701082365 1.0
119.0 5.20315540377 1.0
121.0 5.21632805329 1.0
63.0 5.16285282726 1.0
3.0 5.09240866285 1.0
70.0 0.978630662812 0.0
138.0 5.20123107017 1.0
1.0 5.18687468905 1.0
92.0 5.11521838139 1.0
30.0 5.11992507264 1.0
147.0 6.75160985058 1.0
150.0 3.82084769826 1.0
109.0 5.09004317763 1.0
16.0 5.21054201946 1.0
8.0 1.05268964975 0.0
172.0 -2.71265782804 0.0
62.0 0.916981710574 0.0
95.0 5.21903180958 1.0
124.0 0.986959262097 0.0
9.0 1.06830190462 0.0
19.0 0.937173569464 0.0
131.0 0.958355610391 0.0
189.0 -0.684368590493 1.0
10.0 0.919780240183 0.0
174.0 -1.49748263061 0.0
object 76	1.0:0.5 11.6773194446:0.5
170.0 15.2646112058 1.0
116.0 1.0093512454 0.0
175.0 11.8225167169 1.0
102.0 11.6286036341 1.0
114.0 11.7061713433 1.0
120.0 11.6349937559 1.0
4.0 0.933966687642 0.0
17.0 11.6155753222 1.0
96.0 11.6302904901 1.0
187.0 -2.42489358844 0.0
111.0 1.05619275169 0.0
63.0 11.7157932102 1.0
182.0 7.85939367985 1.0
6.0 11.6502240966 1.0
69.0 11.7198813451 1.0
150.0 -0.509294474761 0.0
56.0 11.6339922897 1.0
144.0 2.98501469381 0.0
153.0 6.59953274133 1.0
181.0 5.73632873139 0.0
167.0 1.92310587851 0.0
65.0 0.853336942332 0.0
60.0 11.6340645876 1.0
76.0 1.00105653975 0.0
194.0 13.1939167022 1.0
186.0 0.316164374756 0.0
52.0 0.970729393971 0.0
117.0 1.03335461496 0.0
14.0 11.7381467145 1.0
53.0 0.964734733941 0.0
146.0 15.9826646279 1.0
object 77	1.0:0.5 2.32087308427:0.5
83.0 2.21568505144 1.0
50.0 1.00780212701 0.0
155.0 1.34120452479 0.0
30.0 2.38384410888 1.0
178.0 -0.780026352087 1.0
33.0 1.05442631 0.0
11.0 0.945664062537 0.0
21.0 2.40546772341 1.0
149.0 -5.10416187509 0.0
193.0 6.03856942845 1.0
197.0 3.80495493997 1.0
23.0 1.05778724328 0.0
52.0 2.2499554151 1.0
175.0 5.01150639326 0.0
163.0 0.785239824452 0.0
103.0 2.2451508373 1.0
150.0 3.05696580785 0.0
76.0 2.26608231834 1.0
66.0 2.34686633275 1.0
115.0 2.33017849541 1.0
102.0 1.01290609346 0.0
43.0 2.36390322948 1.0
99.0 1.03280763342 0.0
16.0 0.8892554931 0.0
169.0 2.20377894248 0.0
140.0 6.3926603349 1.0
55.0 1.06343581569 0.0
157.0 3.38441535087 1.0
49.0 2.40714638623 1.0
17.0 1.01167381354 0.0
48.0 2.39299130564 1.0
45.0 2.32776470961 1.0
object 78	1.0:0.5 -5.78156974817:0.5
112.0 1.01332782234 0.0
2.0 0.915867081105 0.0
118.0 -5.81928604805 1.0
14.0 0.888182275473 0.0
164.0 1.65634444384 0.0
35.0 -5.84408251115 1.0
28.0 0.999300423134 0.0
59.0 1.04869824677 0.0
38.0 -5.90748249652 1.0
140.0 -3.8105038067 0.0
85.0 -5.80885827291 1.0
142.0 1.76385229637 0.0
117.0 -5.79702971781 1.0
45.0 0.961414378712 0.0
20.0 0.946188573339 0.0
161.0 -6.5157797775 1.0
137.0 0.952445649544 0.0
168.0 0.647197791208 0.0
193.0 -1.85971816705 1.0
191.0 -1.73339138678 0.0
197.0 -1.18068402844 0.0
100.0 0.95505714846 0.0
167.0 0.607086117003 0.0
134.0 -5.71429832672 1.0
121.0 -5.76886758415 1.0
72.0 0.993245770297 0.0
object 79	1.0:0.5 -2.03578449578:0.5
151.0 -0.975928608098 1.0
187.0 0.0770737089216 1.0
156.0 -1.24040968066 0.0
153.0 -4.47953733846 1.0
109.0 0.99138406674 0.0
35.0 -2.06976192987 1.0
119.0 -1.96987955327 1.0
58.0 0.951858518648 0.0
98.0 -1.95047519148 1.0
141.0 -1.87324565806 1.0
170.0 4.05690260214 1.0
196.0 -5.12180040252 1.0
66.0 0.982203099349 0.0
52.0 0.972873994632 0.0
10.0 0.916262526676 0.0
53.0 0.99983013377 0.0
120.0 1.03147655229 0.0
128.0 -2.01235028535 1.0
136.0 -2.00497440083 1.0
57.0 -2.0433593157 1.0
33.0 -2.0175939932 1.0
139.0 -2.1499254103 1.0
23.0 0.947374408939 0.0
104.0 0.97151490582 0.0
135.0 -2.07188135649 1.0
163.0 -2.46905881411 1.0
6.0 -2.04638350747 1.0
189.0 -1.994098353 0.0
4.0 1.05945341176 0.0
100.0 -2.01206467397 1.0
13.0 -2.0917692911 1.0
62.0 -2.1192907771 1.0
174.0 4.91573674778 0.0
87.0 -2.01936455715 1.0
8.0 -2.08274237684 1.0
object 80	1.0:0.5 19.6619970647:0.5
132.0 1.00592420238 0.0
59.0 19.636143108 1.0
96.0 1.07439174787 0.0
194.0 0.619215239935 0.0
98.0 19.6414330559 1.0
148.0 -0.23618756099 0.0
73.0 19.6742362823 1.0
99.0 1.00010983976 0.0
34.0 1.07961864454 0.0
68.0 19.7316690824 1.0
124.0 0.975858477907 0.0
74.0 19.6790690787 1.0
91.0 0.962760933048 0.0
55.0 0.989113887455 0.0
135.0 19.7534875839 1.0
187.0 0.161588682152 0.0
153.0 18.1259248571 1.0
28.0 1.00793306722 0.0
196.0 10.1125733323 0.0
128.0 0.968643412296 0.0
53.0 19.6912808138 1.0
16.0 1.0068330679 0.0
72.0 0.988039105929 0.0
133.0 0.994372483053 0.0
101.0 0.958923446744 0.0
object 81	1.0:0.5 10.5228855694:0.5
111.0 10.5502655402 1.0
138.0 10.4817220855 1.0
185.0 -3.97946352527 0.0
22.0 10.4484035868 1.0
135.0 0.964426749628 0.0
146.0 -5.61602052511 0.0
50.0 10.5483510159 1.0
132.0 10.4782651962 1.0
168.0 12.0411900406 1.0
37.0 0.980783183104 0.0
134.0 1.06885468455 0.0
84.0 0.885669291078 0.0
64.0 10.5607722257 1.0
41.0 0.967752913296 0.0
15.0 1.0659968584 0.0
20.0 1.03401303986 0.0
68.0 0.993544190658 0.0
69.0 1.00280626729 0.0
0.0 0.989050463028 0.0
51.0 10.5358853736 1.0
195.0 1.03185369479 0.0
85.0 0.964247337932 0.0
65.0 10.5677321237 1.0
86.0 1.02392970739 0.0
63.0 10.5693249405 1.0
25.0 1.02143347497 0.0
179.0 1.46320862779 0.0
194.0 -0.242039339076 0.0
188.0 13.3281518656 1.0
106.0 1.05691638053 0.0
8.0 10.5111345743 1.0
object 82	1.0:0.5 -2.4637367122:0.5
194.0 1.12158417913 0.0
99.0 -2.36832577521 1.0
38.0 -2.60009164035 1.0
149.0 0.551774405162 1.0
61.0 -2.35603586849 1.0
63.0 -2.40499043638 1.0
135.0 -2.46519192363 1.0
87.0 1.01004526992 0.0
58.0 0.964861744632 0.0
37.0 0.915256623095 0.0
12.0 -2.49881795382 1.0
170.0 -0.764561837404 0.0
27.0 0.983038446428 0.0
46.0 -2.42493546952 1.0
68.0 -2.51477912179 1.0
172.0 1.72606815635 0.0
185.0 -10.6849801228 1.0
147.0 -0.340870045473 1.0
60.0 -2.50000020695 1.0
161.0 1.87609983176 0.0
40.0 -2.41800757235 1.0
141.0 -3.73654693688 1.0
184.0 0.646558359643 0.0
167.0 -2.67965598148 1.0
18.0 0.988808834731 0.0
174.0 -0.141678097024 1.0
14.0 -2.41895613944 1.0
object 83	1.0:0.5 -1.33082583614:0.5
173.0 -1.48019726713 0.0
29.0 0.984369592758 0.0
19.0 -1.32520259797 1.0
47.0 1.0259407328 0.0
54.0 -1.38805993598 1.0
27.0 0.980212463954 0.0
95.0 0.984600391013 0.0
26.0 0.961130025938 0.0
67.0 -1.3339439417 1.0
3.0 -1.39598735995 1.0
87.0 -1.25079338904 1.0
148.0 -2.28208867041 0.0
60.0 1.01428148196 0.0
88.0 -1.36692128176 1.0
199.0 0.268379561363 1.0
183.0 -1.54641278118 1.0
158.0 0.0827045663534 1.0
117.0 -1.33505629994 1.0
53.0 -1.37324465566 1.0
14.0 0.94557245738 0.0
176.0 -1.34154891511 1.0
80.0 1.02955679573 0.0
157.0 -3.61339597559 0.0
188.0 -2.35467602007 1.0
196.0 -0.207254960271 0.0
198.0 -1.05377068473 0.0
61.0 1.00665685814 0.0
197.0 -1.78318739657 1.0
114.0 -1.3775138242 1.0
139.0 -1.28838287475 1.0
49.0 0.994811048461 0.0
187.0 4.07916792878 0.0
126.0 -1.2499637798 1.0
111.0 -1.33430596979 1.0
object 84	1.0:0.5 -2.78757225439:0.5
97.0 1.05302504205 0.0
17.0 -2.79117850975 1.0
131.0 -2.75823817525 1.0
32.0 1.02271545461 0.0
34.0 1.0762148813 0.0
9.0 1.00966018716 0.0
4.0 0.962058445474 0.0
23.0 -2.7530109705 1.0
174.0 -6.97238274194 1.0
162.0 0.221623250683 0.0
76.0 -2.78064742828 1.0
112.0 -2.87981108809 1.0
1.0 0.991215315472 0.0
43.0 -2.83920641812 1.0
106.0 -2.78744363686 1.0
100.0 1.04515711079 0.0
37.0 1.01833076212 0.0
70.0 0.994538017505 0.0
26.0 -2.85800008974 1.0
40.0 -2.84984992188 1.0
154.0 -5.42194261539 1.0
150.0 1.01265638672 0.0
120.0 1.02249546141 0.0
63.0 -2.79369140078 1.0
170.0 -1.5487918672 0.0
156.0 3.21035494213 0.0
35.0 -2.789828219 1.0
157.0 -3.65793250243 1.0
176.0 1.75218026702 0.0
175.0 1.17774752912 0.0
93.0 1.03236973866 0.0
178.0 -1.33516445044 1.0
194.0 -2.12762542414 1.0
95.0 0.96328905627 0.0
67.0 -2.82201105095 1.0
119.0 -2.80002150121 1.0
27.0 -2.77989562163 1.0
object 85	1.0:0.5 -2.01661321121:0.5
127.0 -2.02131804889 1.0
145.0 -0.189588712751 1.0
122.0 -1.93144909854 1.0
46.0 1.06743707429 0.0
118.0 0.938151895517 0.0
142.0 -3.24095320835 1.0
169.0 1.78301341485 0.0
99.0 0.971476376264 0.0
182.0 1.84573091359 0.0
191.0 2.04482042371 0.0
7.0 -1.98959848355 1.0
5.0 1.0262968756 0.0
178.0 -0.190423061636 1.0
25.0 -2.09680983648 1.0
151.0 -0.176615464097 0.0
87.0 -1.99309855091 1.0
62.0 -2.00667728623 1.0
100.0 0.998687361432 0.0
3.0 0.967160558802 0.0
158.0 -0.786848835651 1.0
22.0 0.906355969694 0.0
124.0 1.02555523735 0.0
148.0 2.75804200537 0.0
61.0 1.01488375934 0.0
92.0 0.95646360085 0.0
187.0 -4.99079175066 1.0
79.0 -1.86367979777 1.0
112.0 -1.96071838395 1.0
object 86	1.0:0.5 -7.27106467753:0.5
194.0 -8.89579852147 1.0
96.0 -7.26553005143 1.0
85.0 1.04099968933 0.0
81.0 -7.28888112937 1.0
82.0 -7.27415682366 1.0
40.0 1.06549623614 0.0
150.0 -5.53364578766 1.0
48.0 -7.24338296912 1.0
83.0 -7.30892139246 1.0
8.0 -7.26468058707 1.0
37.0 1.02429616987 0.0
31.0 -7.2712958113 1.0
159.0 -7.49438957255 1.0
122.0 -7.25830784488 1.0
163.0 2.14852613827 0.0
71.0 -7.26485934693 1.0
178.0 -9.12246242808 0.0
49.0 -7.25224597053 1.0
5.0 1.04272559594 0.0
134.0 -7.27274067365 1.0
199.0 -7.60322827145 1.0
33.0 -7.24001750671 1.0
84.0 1.0140601428 0.0
140.0 -3.84267862483 1.0
72.0 0.996054453279 0.0
99.0 -7.23951500699 1.0
object 87	1.0:0.5 3.33963986736:0.5
125.0 0.89707008483 0.0
178.0 -0.244070666279 1.0
23.0 0.980152054141 0.0
15.0 0.995590303975 0.0
70.0 0.916267995447 0.0
186.0 0.614272251075 0.0
175.0 2.55605199118 1.0
179.0 4.19392889554 1.0
42.0 1.00736858526 0.0
57.0 3.27458381264 1.0
65.0 1.01383401402 0.0
0.0 3.37016439725 1.0
102.0 1.09114236144 0.0
24.0 1.02263493722 0.0
128.0 3.52839048647 1.0
153.0 -0.303780349657 0.0
147.0 2.53580277438 1.0
173.0 7.15318999104 1.0
113.0 0.885511937556 0.0
99.0 3.25065067836 1.0
130.0 0.972577301152 0.0
5.0 1.04151330688 0.0
182.0 -1.95801145636 0.0
199.0 1.2815638652 0.0
133.0 1.0558734956 0.0
object 88	1.0:0.5 0.340146052592:0.5
151.0 1.46019297448 0.0
10.0 0.402736538363 1.0
180.0 1.90016411138 1.0
74.0 0.298798319649 1.0
102.0 1.01961040141 0.0
17.0 0.400056768707 1.0
139.0 0.359415838417 1.0
7.0 0.322820152603 1.0
195.0 -2.10349393364 1.0
55.0 1.04736790232 0.0
175.0 1.68526403818 1.0
177.0 3.54511768642 0.0
165.0 2.15986995561 0.0
196.0 1.33819335988 1.0
50.0 1.0196515016 0.0
46.0 0.34677390704 1.0
88.0 1.05712624673 0.0
126.0 0.384222229558 1.0
31.0 0.307838938215 1.0
124.0 0.269204542883 1.0
37.0 0.996578567055 0.0
84.0 0.333007944907 1.0
174.0 5.08686095242 0.0
149.0 -1.22969078516 1.0
61.0 0.42618484077 1.0
138.0 0.290738089782 1.0
object 89	1.0:0.5 -16.9782910503:0.5
45.0 0.970049783286 0.0
189.0 -16.2032837972 1.0
92.0 -17.0484691942 1.0
117.0 1.02696382584 0.0
126.0 1.0358402323 0.0
88.0 -16.9760499433 1.0
61.0 -16.9756774352 1.0
25.0 1.01494528551 0.0
30.0 1.09579722463 0.0
144.0 -14.9398897709 1.0
3.0 -17.0173681482 1.0
191.0 -19.0882974054 1.0
52.0 -16.9625952612 1.0
72.0 1.00548964687 0.0
130.0 -17.0225083885 1.0
94.0 -16.8966045867 1.0
105.0 -16.9896199894 1.0
44.0 0.992647901262 0.0
177.0 -10.368439843 1.0
6.0 -16.9529475274 1.0
49.0 0.983256705498 0.0
102.0 -16.9781216356 1.0
48.0 -16.9573320171 1.0
75.0 0.91668091096 0.0
58.0 0.929194128928 0.0
36.0 0.976234568737 0.0
103.0 0.898571539196 0.0
object 90	1.0:0.5 -13.1288682535:0.5
110.0 0.964925686055 0.0
117.0 0.995151254086 0.0
188.0 2.456980788 0.0
99.0 -13.149671915 1.0
156.0 0.347508321693 0.0
49.0 1.06289648536 0.0
67.0 -13.0794056912 1.0
128.0 -13.1190276701 1.0
199.0 0.148532256936 0.0
28.0 -13.1884896374 1.0
184.0 -13.518997949 1.0
92.0 1.04166348238 0.0
181.0 -12.4583962086 1.0
160.0 -14.6914980536 1.0
138.0 1.0649921624 0.0
168.0 1.24447282006 0.0
182.0 -8.95652031023 1.0
6.0 0.961991770306 0.0
116.0 1.06687225089 0.0
198.0 2.44304179518 0.0
113.0 -13.1729661145 1.0
57.0 -13.2170377841 1.0
94.0 0.982098124346 0.0
2.0 -13.0739499648 1.0
66.0 1.0534677448 0.0
78.0 -13.0902767968 1.0
122.0 -13.1955634797 1.0
194.0 1.27335259286 0.0
106.0 -13.18601838 1.0
185.0 -5.25952643748 0.0
104.0 -13.0548501157 1.0
176.0 0.442752413245 0.0
167.0 -13.407020472 1.0
84.0 -13.1856675506 1.0
72.0 -13.1563936651 1.0
102.0 -12.990844371 1.0
59.0 -13.1074182314 1.0
object 91	1.0:0.5 -14.3359713777:0.5
134.0 0.934934727094 0.0
54.0 1.00898466673 0.0
174.0 -0.0801389534466 0.0
184.0 3.50083079696 0.0
197.0 -12.7976917117 1.0
8.0 0.959743838829 0.0
121.0 1.07076072881 0.0
161.0 2.68451633605 0.0
60.0 -14.3986805479 1.0
194.0 -0.219722419977 0.0
75.0 0.968302740282 0.0
160.0 -14.1510237583 1.0
177.0 4.11986547818 0.0
61.0 0.98277494875 0.0
137.0 -14.4074318931 1.0
10.0 -14.3031826777 1.0
109.0 1.00877562405 0.0
91.0 -14.3818269051 1.0
118.0 0.921813517244 0.0
131.0 1.08116114241 0.0
114.0 1.03923232503 0.0
14.0 1.03520149518 0.0
16.0 -14.3500796336 1.0
85.0 -14.2625018799 1.0
188.0 0.278486348735 0.0
146.0 5.52346609335 0.0
154.0 3.30131670751 0.0
173.0 -12.1635315058 1.0
115.0 1.02592204916 0.0
129.0 1.01984963694 0.0
32.0 1.04426002896 0.0
36.0 -14.3182027926 1.0
object 92	1.0:0.5 16.3941910885:0.5
83.0 1.09189436254 0.0
78.0 16.4358222445 1.0
199.0 18.8067099071 1.0
23.0 16.350141214 1.0
197.0 16.9178241508 1.0
125.0 1.10450107 0.0
24.0 16.4359161941 1.0
36.0 16.3022330755 1.0
90.0 16.3916643484 1.0
142.0 -0.945664410847 0.0
18.0 16.3930626239 1.0
177.0 10.3819055346 1.0
100.0 16.3684888271 1.0
44.0 0.942914365401 0.0
127.0 16.4328350247 1.0
28.0 16.4820316575 1.0
182.0 13.8628721434 1.0
134.0 16.341473911 1.0
115.0 1.00165423448 0.0
38.0 1.0315613045 0.0
163.0 1.21049310569 0.0
35.0 1.07204738403 0.0
196.0 18.9334679794 1.0
104.0 0.927952455485 0.0
7.0 0.902228948665 0.0
159.0 14.8422797001 1.0
77.0 16.3025997598 1.0
120.0 16.404034446 1.0
object 93	1.0:0.5 -18.7274376889:0.5
172.0 -1.403313077 0.0
158.0 -20.2678145488 1.0
145.0 2.47959741317 0.0
156.0 -4.29909846126 0.0
130.0 1.04033026074 0.0
131.0 -18.6835673987 1.0
185.0 5.76829867094 0.0
22.0 1.06231045914 0.0
57.0 -18.7007533417 1.0
94.0 -18.6506816974 1.0
163.0 -19.5613272219 1.0
167.0 -0.296824949177 0.0
80.0 -18.7359557472 1.0
132.0 -18.7190114777 1.0
93.0 1.03496777743 0.0
43.0 0.957775647174 0.0
188.0 -16.9772730893 1.0
86.0 -18.7571234174 1.0
39.0 -18.7617581991 1.0
71.0 -18.6709048645 1.0
90.0 1.01423328118 0.0
2.0 -18.6675856748 1.0
95.0 1.0289162466 0.0
73.0 -18.7312685778 1.0
164.0 -18.6566632474 1.0
25.0 1.00940511806 0.0
175.0 -18.1470575844 1.0
46.0 1.06659485956 0.0
81.0 1.10771526277 0.0
192.0 -18.8039984394 1.0
37.0 -18.7931804851 1.0
object 94	1.0:0.5 -11.4211365787:0.5
159.0 4.49676222438 0.0
57.0 -11.4582024047 1.0
188.0 -12.6212890037 1.0
39.0 0.953457934088 0.0
38.0 -11.404627028 1.0
167.0 -12.6257887728 1.0
116.0 1.03097524557 0.0
18.0 1.0451375682 0.0
172.0 -12.6182122029 1.0
30.0 0.960599543056 0.0
169.0 -0.580814743683 0.0
94.0 0.974215887304 0.0
58.0 1.0222018607 0.0
179.0 -10.6024765582 1.0
140.0 1.94575412098 0.0
173.0 -9.24418944321 1.0
53.0 1.00028282169 0.0
49.0 -11.4420958914 1.0
162.0 -1.4011647886 0.0
90.0 0.985339672885 0.0
51.0 1.0364555896 0.0
175.0 -9.77254860607 1.0
130.0 1.00404730656 0.0
2.0 1.0570328326 0.0
133.0 -11.3839943649 1.0
0.0 -11.3449226171 1.0
134.0 1.06571698383 0.0
178.0 1.02315910242 0.0
101.0 1.01381393773 0.0
151.0 1.16882323292 0.0
33.0 0.914645698385 0.0
1.0 0.980717650012 0.0
object 95	1.0:0.5 17.5655121107:0.5
137.0 17.5589653724 1.0
122.0 1.02231292877 0.0
88.0 0.915925744804 0.0
190.0 1.85237896192 0.0
78.0 17.5635694641 1.0
136.0 17.5884088812 1.0
191.0 15.4337467904 1.0
114.0 1.02394808137 0.0
125.0 17.6290312143 1.0
30.0 17.5247694681 1.0
17.0 1.01095906054 0.0
61.0 1.04222975379 0.0
126.0 0.927983430729 0.0
103.0 1.05622662671 0.0
87.0 17.5631004429 1.0
127.0 0.985539542993 0.0
27.0 1.00050862434 0.0
96.0 0.946246434073 0.0
141.0 0.113732450135 0.0
181.0 2.52019589551 0.0
148.0 -6.81943748622 0.0
171.0 -4.42816095446 0.0
144.0 12.084212729 1.0
140.0 7.47640978431 0.0
21.0 1.01288769092 0.0
149.0 14.0608530866 1.0
93.0 17.4974832649 1.0
49.0 17.5675341287 1.0
92.0 1.02978366675 0.0
37.0 17.6343300585 1.0
192.0 21.3149319152 1.0
object 96	1.0:0.5 -0.82307755559:0.5
20.0 -0.857978315333 1.0
24.0 -0.810822226638 1.0
87.0 1.02361296315 0.0
146.0 1.88707594299 1.0
152.0 -0.523065015689 1.0
147.0 1.38640868432 0.0
120.0 -0.845461212563 1.0
29.0 -0.84429528765 1.0
13.0 0.965364432931 0.0
131.0 1.03497161005 0.0
46.0 0.989088554787 0.0
130.0 1.11951626827 0.0
194.0 -1.74176288096 0.0
199.0 0.113582399602 0.0
25.0 -0.891156881552 1.0
105.0 1.0593336914 0.0
155.0 0.857975326837 0.0
71.0 0.997691357053 0.0
123.0 1.06147361048 0.0
56.0 -0.785100942283 1.0
59.0 0.982475255106 0.0
164.0 7.06904395044 0.0
92.0 0.927926624084 0.0
162.0 -3.43277186447 1.0
175.0 2.47947898301 0.0
26.0 1.0249049092 0.0
165.0 -0.70079651582 1.0
170.0 -0.250546172095 0.0
72.0 1.0302231907 0.0
101.0 1.05934825558 0.0
197.0 -1.98529390575 1.0
97.0 1.09365969421 0.0
47.0 0.948474950855 0.0
68.0 0.972454373941 0.0
40.0 0.950735732024 0.0
144.0 5.46685570602 0.0
object 97	1.0:0.5 16.7029630366:0.5
100.0 1.05555586221 0.0
68.0 1.00435177941 0.0
145.0 1.35510722289 0.0
194.0 17.7439497613 1.0
187.0 -2.08329861848 0.0
148.0 18.8018472455 1.0
84.0 16.6930152974 1.0
115.0 16.6673258697 1.0
167.0 0.633291953743 0.0
0.0 16.6583368573 1.0
114.0 16.7161313192 1.0
19.0 16.6663393692 1.0
70.0 1.06632093348 0.0
2.0 16.6416601413 1.0
138.0 1.04491000309 0.0
184.0 2.8941651925 0.0
109.0 16.6892591216 1.0
130.0 16.6738733557 1.0
71.0 16.7177597342 1.0
134.0 16.7113496399 1.0
65.0 16.7076920773 1.0
67.0 0.990568440922 0.0
50.0 16.6774107237 1.0
14.0 0.9881065955 0.0
25.0 0.951414121527 0.0
102.0 1.02890208364 0.0
151.0 2.27403972163 0.0
133.0 1.03481354728 0.0
62.0 16.6927126541 1.0
124.0 16.6986665764 1.0
48.0 0.98816452882 0.0
61.0 1.00950738213 0.0
29.0 16.6886506097 1.0
26.0 16.5968612241 1.0
119.0 0.914053624016 0.0
7.0 16.7119318794 1.0
object 98	1.0:0.5 -8.35156608927:0.5
132.0 1.03406598111 0.0
79.0 0.958399475444 0.0
85.0 -8.37597866308 1.0
185.0 -4.32988777385 0.0
44.0 0.998948588458 0.0
198.0 -4.87796221642 1.0
136.0 0.98193405198 0.0
121.0 -8.37930764355 1.0
22.0 1.00646342573 0.0
72.0 -8.33674591646 1.0
166.0 -3.50627001168 1.0
99.0 1.01274987999 0.0
73.0 -8.33293232542 1.0
29.0 1.04559324549 0.0
145.0 -0.258346299867 0.0
172.0 -9.09013217431 1.0
91.0 -8.3799674446 1.0
81.0 -8.33888958632 1.0
135.0 0.98847590113 0.0
68.0 0.895461248729 0.0
67.0 1.0482186075 0.0
105.0 -8.24458918227 1.0
17.0 1.03526741118 0.0
186.0 5.21779629073 0.0
28.0 -8.28040138443 1.0
61.0 0.990221402569 0.0
23.0 0.975669364052 0.0
object 99	1.0:0.5 2.01409869196:0.5
34.0 2.0513963607 1.0
144.0 3.93267532428 0.0
167.0 1.32721538606 1.0
125.0 1.99767359751 1.0
12.0 2.01402743743 1.0
89.0 1.00554100677 0.0
13.0 1.93300823966 1.0
11.0 2.02862447837 1.0
60.0 2.0191636454 1.0
67.0 1.0522979403 0.0
175.0 2.92220456035 0.0
152.0 -1.86777734461 0.0
179.0 5.65373237464 1.0
157.0 0.487070307786 0.0
118.0 2.00367928319 1.0
94.0 1.01621109032 0.0
185.0 10.3599393748 0.0
126.0 1.07358658958 0.0
57.0 0.955042398627 0.0
165.0 -1.31427578476 0.0
69.0 2.06522762961 1.0
58.0 1.04641513878 0.0
32.0 1.99130662112 1.0
47.0 1.99781684128 1.0
196.0 8.82139141547 0.0
117.0 1.04696437038 0.0
