object 0	1.0:1.0
174.0 0.97053862705 1.0
9.0 1.01439532538 1.0
198.0 0.683685772169 1.0
83.0 1.00788326581 1.0
26.0 1.00308650044 1.0
12.0 1.03865159284 1.0
59.0 1.01399052746 1.0
92.0 1.00369090658 1.0
23.0 1.00551731591 1.0
193.0 -3.44461506199 1.0
24.0 0.970893773685 1.0
121.0 1.02897107882 1.0
53.0 1.06254462902 1.0
50.0 1.04220446637 1.0
89.0 1.0062708189 1.0
177.0 1.01541399966 1.0
167.0 1.03944986976 1.0
67.0 0.992954203841 1.0
163.0 0.993400536559 1.0
64.0 1.00527085135 1.0
192.0 4.29476322497 1.0
176.0 1.05449989254 1.0
131.0 0.993965550496 1.0
7.0 0.999772884244 1.0
145.0 0.992344736952 1.0
58.0 0.990516681312 1.0
135.0 1.02469696192 1.0
11.0 1.00428942065 1.0
168.0 1.00906516575 1.0
object 1	1.0:1.0
178.0 1.00368650832 1.0
5.0 1.02516361495 1.0
94.0 0.951936006971 1.0
21.0 1.00781402944 1.0
174.0 0.964435539209 1.0
57.0 0.970338343946 1.0
123.0 1.01845040854 1.0
124.0 0.964302093221 1.0
61.0 1.00020394423 1.0
19.0 1.00915624661 1.0
51.0 0.971439410462 1.0
64.0 0.988720092862 1.0
150.0 0.959057801169 1.0
199.0 7.03375396989 1.0
11.0 1.02117387438 1.0
93.0 0.955107726837 1.0
6.0 0.938009157827 1.0
127.0 1.0012672101 1.0
115.0 0.93907121571 1.0
159.0 0.984362433536 1.0
31.0 0.955602251378 1.0
2.0 0.977988511686 1.0
80.0 0.989973854549 1.0
object 2	1.0:1.0
5.0 1.02672625042 1.0
54.0 0.968042313148 1.0
120.0 0.966172007566 1.0
51.0 0.962411086423 1.0
101.0 1.05447947036 1.0
48.0 1.00012724984 1.0
131.0 0.995786431042 1.0
174.0 0.98400063742 1.0
95.0 1.01039958074 1.0
87.0 0.99321943688 1.0
125.0 0.942772104884 1.0
14.0 1.03373897432 1.0
56.0 0.990154829851 1.0
27.0 0.979879203534 1.0
194.0 0.59119174943 1.0
104.0 0.984753417713 1.0
146.0 0.993574774846 1.0
object 3	1.0:1.0
126.0 1.01847407349 1.0
149.0 1.00075688213 1.0
81.0 0.995959673287 1.0
123.0 0.971198652861 1.0
4.0 0.955899376051 1.0
104.0 0.986360826854 1.0
158.0 0.998801930422 1.0
112.0 0.988114780259 1.0
163.0 1.00902191531 1.0
70.0 1.01181042586 1.0
77.0 1.06266870018 1.0
164.0 0.970345592816 1.0
37.0 0.996246818335 1.0
106.0 0.939655029238 1.0
175.0 0.986859887116 1.0
89.0 0.980773174426 1.0
47.0 0.999383013233 1.0
8.0 1.06292533978 1.0
171.0 1.03569933339 1.0
54.0 0.973138394744 1.0
24.0 1.05583184789 1.0
185.0 1.57463203793 1.0
object 4	1.0:1.0
14.0 1.04929320858 1.0
16.0 1.04385773623 1.0
112.0 0.98986279082 1.0
110.0 0.98352131754 1.0
145.0 0.950710731515 1.0
102.0 0.999092747243 1.0
9.0 1.01367890641 1.0
44.0 0.959332292413 1.0
194.0 -3.47611757568 1.0
62.0 1.03390932619 1.0
51.0 0.960466464441 1.0
4.0 0.955680242472 1.0
121.0 1.01323685852 1.0
148.0 0.979309057027 1.0
173.0 1.02211190601 1.0
118.0 1.00670050147 1.0
53.0 0.989262380667 1.0
10.0 1.00808813027 1.0
160.0 1.02952334831 1.0
96.0 1.00167792869 1.0
144.0 1.00543718836 1.0
111.0 1.01673372776 1.0
37.0 1.00161822582 1.0
35.0 0.960825150233 1.0
155.0 1.00023538221 1.0
30.0 0.983473202478 1.0
59.0 0.985722374552 1.0
70.0 1.00835368851 1.0
163.0 1.03387757573 1.0
15.0 1.05560509413 1.0
object 5	1.0:1.0
161.0 0.998995591138 1.0
45.0 1.0348139752 1.0
34.0 0.888362517603 1.0
40.0 0.970043409171 1.0
133.0 1.01282666667 1.0
44.0 1.02998508664 1.0
190.0 -3.63298140488 1.0
112.0 0.970221341188 1.0
126.0 0.984167503007 1.0
20.0 1.02255168598 1.0
185.0 -0.0748988567059 1.0
191.0 -0.816235238733 1.0
151.0 0.9785258771 1.0
140.0 0.918330497268 1.0
91.0 0.986779606765 1.0
102.0 1.02798240883 1.0
152.0 1.10681682322 1.0
122.0 1.00503743319 1.0
80.0 1.00408998426 1.0
6.0 1.03680922091 1.0
object 6	1.0:1.0
139.0 1.02280446747 1.0
41.0 1.01886701502 1.0
9.0 1.00864652192 1.0
155.0 1.02233112128 1.0
138.0 0.983401334471 1.0
8.0 0.976364625244 1.0
79.0 0.972157586685 1.0
31.0 1.01850742238 1.0
33.0 1.05183902523 1.0
7.0 1.00568002784 1.0
144.0 1.00868245434 1.0
117.0 0.982361517723 1.0
12.0 0.986950504303 1.0
67.0 0.959032228156 1.0
10.0 1.00671244644 1.0
181.0 1.35787629372 1.0
173.0 0.992913640548 1.0
150.0 1.0469463125 1.0
124.0 0.982170471094 1.0
0.0 0.97996629285 1.0
46.0 1.03557010289 1.0
66.0 1.01697262083 1.0
72.0 0.967318508206 1.0
109.0 0.976786559089 1.0
180.0 3.72513331813 1.0
115.0 0.973937542467 1.0
38.0 0.995838960221 1.0
96.0 1.00305385575 1.0
116.0 1.03488373513 1.0
47.0 0.967379401319 1.0
object 7	1.0:1.0
98.0 0.98357267035 1.0
12.0 0.982703000652 1.0
46.0 0.906452141503 1.0
155.0 1.0138869529 1.0
5.0 1.02070604006 1.0
86.0 1.0051382678 1.0
18.0 0.908868431733 1.0
188.0 0.315869075933 1.0
33.0 0.966243345747 1.0
118.0 0.994613017359 1.0
38.0 1.0125460365 1.0
21.0 0.987527785916 1.0
145.0 1.02451679622 1.0
84.0 0.995280001057 1.0
99.0 0.998760265299 1.0
128.0 1.00267024444 1.0
74.0 0.928795826325 1.0
47.0 0.994988258039 1.0
193.0 -3.80344199688 1.0
26.0 0.997783335232 1.0
124.0 1.03388511544 1.0
81.0 1.02011622249 1.0
48.0 1.02227248906 1.0
15.0 0.994055927269 1.0
59.0 0.991864029778 1.0
104.0 0.994889083045 1.0
76.0 1.02748965465 1.0
object 8	1.0:1.0
1.0 1.04204797514 1.0
142.0 1.01581459177 1.0
62.0 1.00553633799 1.0
46.0 1.05377035246 1.0
5.0 0.985219073907 1.0
98.0 0.967700182996 1.0
119.0 0.957778089588 1.0
135.0 1.01733805556 1.0
34.0 0.954606294626 1.0
156.0 0.982524510167 1.0
127.0 0.98415907683 1.0
190.0 2.13814394349 1.0
147.0 0.981838455487 1.0
152.0 0.969657900298 1.0
148.0 0.994174246344 1.0
41.0 0.945503493886 1.0
24.0 1.00487488473 1.0
186.0 0.717443570978 1.0
133.0 1.03211769258 1.0
63.0 0.987907676735 1.0
107.0 1.01603284809 1.0
139.0 0.979828709691 1.0
160.0 0.993516130537 1.0
138.0 0.977406399257 1.0
84.0 1.05331990833 1.0
54.0 0.943819784728 1.0
105.0 1.00145177635 1.0
object 9	1.0:1.0
49.0 1.00256455476 1.0
50.0 1.00808703621 1.0
74.0 0.984471089494 1.0
60.0 0.984773366202 1.0
197.0 -2.85093683328 1.0
111.0 0.90613158006 1.0
172.0 1.00997706696 1.0
138.0 0.997341376635 1.0
188.0 -1.08997939848 1.0
177.0 1.00525426226 1.0
91.0 1.0260847659 1.0
78.0 0.947562475054 1.0
159.0 1.00208479436 1.0
148.0 0.988984652768 1.0
131.0 1.01619020499 1.0
88.0 1.08149194271 1.0
191.0 8.53985703308 1.0
object 10	1.0:1.0
57.0 0.993785269536 1.0
102.0 0.976092467371 1.0
100.0 1.06160950644 1.0
157.0 1.02267069834 1.0
58.0 1.04866364087 1.0
194.0 1.86585978771 1.0
35.0 1.05144751733 1.0
139.0 1.0320840461 1.0
48.0 1.02357240275 1.0
20.0 0.992512605071 1.0
6.0 0.981875883515 1.0
85.0 0.927207258717 1.0
44.0 0.95845660304 1.0
70.0 0.992336183286 1.0
23.0 0.946925958793 1.0
156.0 1.02272508715 1.0
187.0 3.75888944548 1.0
95.0 0.994832070486 1.0
37.0 0.999560408828 1.0
object 11	1.0:1.0
65.0 0.970231113404 1.0
4.0 1.01318796257 1.0
116.0 0.956849443649 1.0
177.0 1.00055015627 1.0
175.0 0.990990640825 1.0
167.0 1.07587846199 1.0
165.0 0.984889788686 1.0
45.0 1.01666499768 1.0
123.0 0.964202262853 1.0
183.0 -0.532407761596 1.0
178.0 1.03779339339 1.0
193.0 -2.41205487889 1.0
132.0 1.00693957527 1.0
145.0 1.03848389167 1.0
104.0 1.0071907636 1.0
object 12	1.0:1.0
3.0 1.01070397295 1.0
150.0 1.07769388408 1.0
167.0 0.989250165042 1.0
10.0 0.994738972111 1.0
189.0 1.4199137344 1.0
93.0 0.998449727266 1.0
47.0 1.03001067564 1.0
136.0 1.04105119166 1.0
170.0 1.09128546963 1.0
9.0 0.973833745791 1.0
30.0 1.01439006388 1.0
83.0 0.99663712938 1.0
186.0 -0.154458733986 1.0
39.0 0.982547907018 1.0
79.0 1.02769313274 1.0
130.0 0.964784218311 1.0
95.0 1.00792603572 1.0
199.0 7.04822010913 1.0
81.0 0.933572854459 1.0
182.0 1.6791667787 1.0
15.0 0.991336934065 1.0
113.0 0.992070421083 1.0
184.0 2.45958111608 1.0
object 13	1.0:1.0
171.0 0.98282638753 1.0
147.0 0.97990306288 1.0
36.0 0.973703846295 1.0
56.0 1.00903814189 1.0
130.0 0.984588532141 1.0
154.0 0.985113306464 1.0
109.0 1.02612129423 1.0
98.0 1.01600628016 1.0
55.0 1.00016857973 1.0
112.0 1.0567466001 1.0
38.0 0.981826198688 1.0
30.0 0.982709852548 1.0
50.0 0.969476572284 1.0
78.0 1.00958408848 1.0
100.0 0.953470585252 1.0
71.0 1.00260852816 1.0
113.0 0.998581739805 1.0
64.0 0.994362256837 1.0
120.0 0.996770745489 1.0
28.0 1.04345756885 1.0
49.0 0.956162154861 1.0
185.0 -2.53614405406 1.0
73.0 0.987966846377 1.0
79.0 1.02096593826 1.0
7.0 1.00980351052 1.0
140.0 0.959482084103 1.0
31.0 0.958793522382 1.0
182.0 -4.03777038381 1.0
129.0 0.979921300186 1.0
183.0 1.4015051859 1.0
160.0 0.983927161687 1.0
142.0 0.99710697856 1.0
23.0 1.06831423888 1.0
object 14	1.0:1.0
129.0 1.02105460106 1.0
191.0 -1.67092529706 1.0
150.0 0.922775957155 1.0
199.0 3.06558094033 1.0
134.0 1.00341645825 1.0
128.0 1.02901713964 1.0
66.0 0.956776433927 1.0
44.0 1.01758773921 1.0
130.0 0.995111322593 1.0
83.0 0.979648749484 1.0
65.0 1.02333358094 1.0
132.0 0.98041613551 1.0
84.0 1.04413093225 1.0
38.0 1.0062665842 1.0
82.0 1.02819240555 1.0
87.0 0.961649602662 1.0
138.0 0.988483228207 1.0
139.0 1.01647640534 1.0
198.0 1.56918375549 1.0
16.0 1.01629966251 1.0
92.0 1.00766284079 1.0
100.0 0.952820028767 1.0
119.0 1.0214711171 1.0
11.0 0.981174649203 1.0
171.0 1.04526367379 1.0
196.0 1.52950760667 1.0
148.0 1.00032303672 1.0
109.0 1.00415481703 1.0
121.0 0.999031362112 1.0
object 15	1.0:1.0
32.0 1.00504573194 1.0
145.0 1.0219026399 1.0
46.0 0.992795080505 1.0
25.0 0.974579462363 1.0
33.0 1.00364610469 1.0
107.0 0.923242860041 1.0
55.0 1.00271926417 1.0
89.0 1.02031085118 1.0
94.0 1.02715602672 1.0
75.0 1.044081602 1.0
132.0 1.02746427644 1.0
133.0 0.983877159655 1.0
93.0 0.997500671129 1.0
39.0 1.01546308761 1.0
163.0 1.00232194731 1.0
136.0 1.02983838747 1.0
8.0 1.05060006306 1.0
14.0 1.00403209593 1.0
158.0 1.00411394942 1.0
object 16	1.0:1.0
16.0 1.0494123645 1.0
128.0 0.979621971465 1.0
148.0 1.00044454562 1.0
108.0 1.02078544084 1.0
12.0 0.989318122423 1.0
81.0 0.985011767249 1.0
115.0 1.00385440933 1.0
10.0 1.02203291155 1.0
17.0 0.953832840751 1.0
89.0 0.948726928138 1.0
70.0 0.990997250313 1.0
13.0 1.03111126582 1.0
151.0 0.964382454921 1.0
138.0 1.01170429822 1.0
42.0 0.955282733666 1.0
103.0 1.00174018606 1.0
19.0 1.00575256226 1.0
40.0 1.02041577544 1.0
73.0 1.01260728288 1.0
50.0 0.954579983655 1.0
156.0 1.02865787773 1.0
62.0 0.998559117705 1.0
35.0 1.03170588205 1.0
163.0 1.01269979623 1.0
100.0 1.01672039592 1.0
101.0 1.00816917484 1.0
136.0 0.984046580228 1.0
143.0 1.00760738807 1.0
14.0 0.951529976039 1.0
object 17	1.0:1.0
24.0 0.963486330981 1.0
113.0 0.995834091299 1.0
25.0 1.05833300308 1.0
196.0 -1.16066455903 1.0
48.0 0.986277392092 1.0
107.0 1.04318136656 1.0
142.0 1.00163741468 1.0
146.0 1.0304642769 1.0
57.0 1.0893522967 1.0
111.0 1.07975244519 1.0
180.0 0.178365323438 1.0
60.0 0.988223054579 1.0
195.0 2.10290192081 1.0
133.0 0.999373480495 1.0
12.0 0.996512745432 1.0
103.0 1.01230716541 1.0
144.0 0.972352759059 1.0
69.0 1.0010506052 1.0
65.0 0.988043074927 1.0
186.0 3.36821013562 1.0
55.0 1.00523928999 1.0
166.0 0.992571514399 1.0
14.0 0.995355390648 1.0
184.0 -0.533808561185 1.0
171.0 1.01322413953 1.0
197.0 -2.95579028941 1.0
164.0 0.954340800928 1.0
102.0 1.04927378374 1.0
object 18	1.0:1.0
53.0 1.01466433984 1.0
37.0 0.978748865501 1.0
140.0 1.01202563301 1.0
72.0 1.00909235216 1.0
36.0 0.980749433356 1.0
197.0 2.18300584347 1.0
13.0 0.997884123989 1.0
158.0 0.983396701621 1.0
12.0 0.990207642543 1.0
159.0 0.987465678032 1.0
148.0 0.995639863045 1.0
169.0 1.00414526595 1.0
118.0 0.970853309449 1.0
38.0 0.979191818004 1.0
192.0 3.95129537664 1.0
130.0 0.957085859846 1.0
55.0 1.00199066339 1.0
193.0 0.660052361451 1.0
109.0 0.983988631399 1.0
194.0 6.16581826076 1.0
35.0 1.03059364214 1.0
100.0 0.965720976238 1.0
object 19	1.0:1.0
171.0 1.05136784896 1.0
173.0 0.970707236484 1.0
45.0 0.999202683085 1.0
134.0 0.995469006559 1.0
188.0 1.55298903758 1.0
128.0 0.985603701493 1.0
187.0 1.18324398442 1.0
77.0 0.909611588134 1.0
196.0 3.67293151026 1.0
0.0 0.977424784088 1.0
170.0 0.982454854181 1.0
9.0 0.994018859749 1.0
32.0 0.986660084358 1.0
156.0 0.9361577579 1.0
169.0 0.963164961886 1.0
63.0 0.969118085178 1.0
68.0 0.955989049023 1.0
44.0 0.984137301039 1.0
178.0 0.994674507825 1.0
41.0 0.989275856169 1.0
137.0 1.01383829116 1.0
109.0 0.980639514473 1.0
object 20	1.0:1.0
163.0 0.996651896607 1.0
48.0 1.00677523719 1.0
114.0 1.01015304002 1.0
167.0 0.923931655777 1.0
169.0 0.991906600768 1.0
164.0 0.92351094418 1.0
128.0 1.00601390029 1.0
182.0 -1.99846968914 1.0
90.0 1.00993056674 1.0
184.0 2.22304582437 1.0
72.0 0.977396275274 1.0
13.0 0.99037439546 1.0
113.0 0.96985097042 1.0
object 21	1.0:1.0
153.0 1.02322354229 1.0
107.0 0.984735911971 1.0
172.0 1.07768049275 1.0
93.0 0.986387437082 1.0
24.0 1.01648564821 1.0
67.0 1.0062003587 1.0
76.0 1.01598228525 1.0
103.0 1.00397418354 1.0
85.0 1.01773625889 1.0
34.0 0.983877856624 1.0
80.0 0.994369748796 1.0
163.0 0.978861517156 1.0
197.0 10.7679371558 1.0
32.0 1.00490740075 1.0
161.0 1.00912549743 1.0
196.0 -1.01776798665 1.0
23.0 0.98235242541 1.0
28.0 0.935805431815 1.0
125.0 1.00871705784 1.0
75.0 0.98025071019 1.0
57.0 1.09518791226 1.0
169.0 0.971216561045 1.0
44.0 1.04284659979 1.0
111.0 1.0126756866 1.0
object 22	1.0:1.0
52.0 1.00688596719 1.0
69.0 0.98795010358 1.0
57.0 0.995319443744 1.0
135.0 1.01353164041 1.0
150.0 1.00337511445 1.0
190.0 3.87841698362 1.0
47.0 1.04596081012 1.0
181.0 0.690147158443 1.0
4.0 1.05633389884 1.0
90.0 1.03251968732 1.0
9.0 0.998937837999 1.0
80.0 1.00930508111 1.0
158.0 1.01056059198 1.0
13.0 1.02211211653 1.0
189.0 1.19815881228 1.0
122.0 1.0389618406 1.0
109.0 1.01312955615 1.0
20.0 0.979122256756 1.0
198.0 1.21978309298 1.0
172.0 0.993913357396 1.0
118.0 0.993470142726 1.0
159.0 1.01356121521 1.0
142.0 0.999755361826 1.0
164.0 1.04139315866 1.0
191.0 -0.963697856445 1.0
177.0 1.00898745056 1.0
107.0 0.95867477184 1.0
162.0 1.00507462609 1.0
object 23	1.0:1.0
149.0 0.971736498351 1.0
128.0 1.01060697722 1.0
64.0 0.996463356558 1.0
105.0 0.996625336031 1.0
177.0 0.992293870202 1.0
82.0 0.99964423797 1.0
56.0 1.02665450088 1.0
62.0 0.99939314495 1.0
118.0 1.00519853805 1.0
97.0 1.00572273144 1.0
27.0 0.938706855888 1.0
72.0 0.954154226062 1.0
161.0 1.00715990666 1.0
129.0 0.978960705138 1.0
193.0 3.98390073214 1.0
109.0 1.00481654404 1.0
51.0 0.992621673314 1.0
181.0 2.28794977928 1.0
104.0 0.894166426637 1.0
146.0 0.973492259157 1.0
44.0 0.996351998139 1.0
26.0 0.962326432934 1.0
34.0 1.00436960454 1.0
198.0 -0.0708138380511 1.0
108.0 0.983178451227 1.0
object 24	1.0:1.0
150.0 1.02553885095 1.0
111.0 0.934941999362 1.0
47.0 1.01942490514 1.0
154.0 1.0028013628 1.0
175.0 1.01183654894 1.0
45.0 0.970781556952 1.0
78.0 0.927363266984 1.0
124.0 1.00389891573 1.0
135.0 0.930445159799 1.0
1.0 0.912978852045 1.0
184.0 3.42492821484 1.0
180.0 1.91098940848 1.0
41.0 1.0147059723 1.0
22.0 0.993422675646 1.0
54.0 1.0209548971 1.0
139.0 0.999306581329 1.0
119.0 0.979211375762 1.0
142.0 0.99283406593 1.0
60.0 0.967537218722 1.0
110.0 0.981568901875 1.0
109.0 0.979477117833 1.0
91.0 1.04543083949 1.0
182.0 1.56249695006 1.0
3.0 1.00893028382 1.0
171.0 1.08954168825 1.0
88.0 1.00135421974 1.0
179.0 0.957043552069 1.0
187.0 0.124187998896 1.0
4.0 1.00768782127 1.0
object 25	1.0:1.0
162.0 1.00808591255 1.0
44.0 0.98255864768 1.0
156.0 1.05731695382 1.0
54.0 0.973275866019 1.0
40.0 0.938737358644 1.0
43.0 0.985581133043 1.0
18.0 1.04180173037 1.0
95.0 0.971710620309 1.0
186.0 4.766003994 1.0
139.0 1.03181019858 1.0
153.0 0.954484705069 1.0
58.0 0.991854643759 1.0
171.0 0.990197855659 1.0
69.0 0.988877804885 1.0
125.0 1.06700144793 1.0
104.0 1.0415820813 1.0
111.0 0.97792922262 1.0
181.0 2.03461803621 1.0
179.0 1.00052240646 1.0
192.0 3.68990833643 1.0
object 26	1.0:1.0
43.0 0.984908382628 1.0
21.0 1.01383831241 1.0
179.0 1.01366074688 1.0
87.0 1.00728535534 1.0
197.0 -0.655815802563 1.0
117.0 1.01531361001 1.0
28.0 1.01161723923 1.0
120.0 0.999542685712 1.0
27.0 0.96370619587 1.0
48.0 1.00083950944 1.0
99.0 1.00066036158 1.0
172.0 1.03686817897 1.0
149.0 1.03424332286 1.0
58.0 1.00380851762 1.0
8.0 0.912849289808 1.0
185.0 -1.71963426964 1.0
191.0 -7.36814807689 1.0
23.0 1.00358820811 1.0
183.0 1.24160495327 1.0
object 27	1.0:1.0
186.0 -2.38171082572 1.0
46.0 0.998307061817 1.0
17.0 1.00462769776 1.0
123.0 1.00148914905 1.0
167.0 0.961699586787 1.0
199.0 1.40738881803 1.0
48.0 0.977719756382 1.0
86.0 0.973261886832 1.0
75.0 1.02438169381 1.0
177.0 0.992144905236 1.0
135.0 1.05732970541 1.0
84.0 0.991938480241 1.0
22.0 1.09446895513 1.0
82.0 1.011851225 1.0
197.0 7.58076902298 1.0
33.0 1.03087170055 1.0
152.0 0.970312163318 1.0
122.0 0.993779428602 1.0
171.0 1.00697181113 1.0
187.0 0.889168449743 1.0
109.0 1.01836399248 1.0
7.0 1.01595282302 1.0
8.0 1.00273132352 1.0
125.0 0.967183207412 1.0
185.0 1.59480668967 1.0
54.0 0.97615906976 1.0
141.0 1.02640046704 1.0
195.0 0.212072197914 1.0
128.0 0.976988693212 1.0
object 28	1.0:1.0
171.0 0.971089757149 1.0
94.0 1.0103517492 1.0
39.0 1.00104040082 1.0
186.0 -0.305569704998 1.0
198.0 -0.152605316613 1.0
35.0 0.962466142155 1.0
126.0 1.00511946511 1.0
194.0 -8.19602079654 1.0
157.0 1.01396711443 1.0
109.0 1.00408988068 1.0
92.0 0.982861412283 1.0
57.0 1.09577949502 1.0
32.0 1.01160137511 1.0
82.0 0.99074260617 1.0
53.0 0.973095613345 1.0
173.0 0.996270340853 1.0
60.0 1.02160862586 1.0
137.0 0.984365620689 1.0
75.0 0.990041015182 1.0
164.0 0.971654254042 1.0
95.0 1.0063200006 1.0
167.0 0.999470851903 1.0
19.0 0.987119640359 1.0
object 29	1.0:1.0
57.0 0.945664852374 1.0
0.0 1.0115491437 1.0
23.0 1.06281787547 1.0
10.0 1.04076179913 1.0
8.0 0.976253490934 1.0
161.0 1.01081315211 1.0
187.0 -0.118476683466 1.0
122.0 0.963706394856 1.0
198.0 -0.476684407246 1.0
112.0 1.00185068205 1.0
84.0 0.966443180403 1.0
118.0 1.0017515691 1.0
155.0 1.0149864595 1.0
85.0 0.969514799556 1.0
26.0 0.979081506957 1.0
157.0 0.996248700728 1.0
24.0 1.01468154718 1.0
147.0 1.02777704298 1.0
181.0 0.624944760612 1.0
50.0 0.988826369915 1.0
186.0 4.71179567967 1.0
177.0 0.991685897742 1.0
4.0 0.992393142867 1.0
160.0 0.978460609784 1.0
69.0 1.01771655801 1.0
136.0 0.974146649002 1.0
107.0 0.980555806528 1.0
28.0 1.03292782717 1.0
87.0 0.93955784283 1.0
object 30	1.0:1.0
38.0 0.974722497685 1.0
155.0 1.06812797022 1.0
197.0 6.57713595143 1.0
112.0 1.04436490361 1.0
154.0 0.982729637756 1.0
72.0 1.04624077593 1.0
99.0 0.983435655483 1.0
113.0 0.973931760895 1.0
181.0 0.00712114145663 1.0
33.0 0.938576753585 1.0
53.0 0.987441494389 1.0
92.0 0.988767981936 1.0
133.0 0.976295555503 1.0
49.0 1.00547870235 1.0
85.0 0.992176942305 1.0
71.0 1.01275903209 1.0
14.0 1.06557999106 1.0
8.0 1.00398857891 1.0
30.0 1.04125288518 1.0
104.0 0.946287328642 1.0
68.0 1.00280781448 1.0
198.0 -0.108879845528 1.0
object 31	1.0:1.0
107.0 0.988763614563 1.0
195.0 1.15727719686 1.0
182.0 -0.832819582769 1.0
172.0 0.948306718138 1.0
94.0 1.00742191688 1.0
142.0 0.986906781632 1.0
6.0 1.00636848444 1.0
113.0 1.01906264915 1.0
177.0 0.997663786865 1.0
92.0 0.985447903369 1.0
97.0 0.981799829651 1.0
27.0 1.02487751765 1.0
191.0 7.67899031029 1.0
72.0 0.975731464271 1.0
20.0 1.00174138924 1.0
79.0 1.00808052062 1.0
151.0 1.04274670485 1.0
45.0 1.02665894063 1.0
57.0 1.08841990699 1.0
29.0 0.906082577469 1.0
110.0 1.00561186214 1.0
7.0 0.997742572264 1.0
25.0 0.994900908573 1.0
46.0 1.02013468434 1.0
0.0 1.00345949639 1.0
object 32	1.0:1.0
125.0 0.943401366063 1.0
37.0 1.01350854932 1.0
13.0 1.01242906771 1.0
14.0 1.02542878495 1.0
42.0 1.00748301335 1.0
74.0 1.00934648858 1.0
58.0 1.05009154624 1.0
157.0 0.951056336581 1.0
191.0 -3.46733219551 1.0
185.0 1.16075559948 1.0
86.0 0.999507416708 1.0
194.0 -2.15198411698 1.0
53.0 1.0638959962 1.0
177.0 1.00399456861 1.0
172.0 0.979370588393 1.0
48.0 1.01723621865 1.0
120.0 1.00285291928 1.0
149.0 0.984023381519 1.0
63.0 1.01521223056 1.0
28.0 1.01399029355 1.0
object 33	1.0:1.0
43.0 0.996052675749 1.0
85.0 0.948782467353 1.0
16.0 1.00031061445 1.0
54.0 0.924374582226 1.0
61.0 0.975370945223 1.0
64.0 1.02122549868 1.0
181.0 -0.752426024409 1.0
106.0 1.0737736742 1.0
25.0 0.991145664429 1.0
119.0 0.942719161681 1.0
158.0 0.995705721056 1.0
172.0 0.955892196264 1.0
15.0 1.00066677232 1.0
109.0 1.00181268275 1.0
121.0 0.949031151385 1.0
124.0 1.00994045188 1.0
192.0 1.12547322814 1.0
178.0 0.976726293972 1.0
98.0 0.967075740535 1.0
122.0 1.01311896267 1.0
199.0 -4.08988117005 1.0
95.0 0.989704419301 1.0
42.0 1.00602572314 1.0
142.0 0.995969240354 1.0
156.0 0.928523248305 1.0
73.0 0.997593063869 1.0
object 34	1.0:1.0
116.0 1.00963308226 1.0
39.0 0.993941903882 1.0
99.0 0.986168836526 1.0
148.0 1.00629995283 1.0
184.0 0.602188742522 1.0
12.0 1.03106375902 1.0
173.0 0.975088451931 1.0
55.0 1.00715932769 1.0
95.0 1.00239453584 1.0
49.0 0.994109675262 1.0
131.0 1.00198729218 1.0
120.0 1.01655484016 1.0
147.0 1.01867428185 1.0
177.0 1.00153890362 1.0
124.0 0.96218885249 1.0
4.0 0.98306213225 1.0
137.0 1.01322854494 1.0
161.0 0.974486915837 1.0
60.0 1.06126521596 1.0
141.0 0.997736482207 1.0
61.0 0.971541269897 1.0
16.0 0.978327019189 1.0
52.0 0.993633891442 1.0
object 35	1.0:1.0
72.0 0.96313121744 1.0
133.0 0.982039445049 1.0
99.0 0.957212005362 1.0
115.0 1.00567458059 1.0
198.0 2.34301243289 1.0
5.0 1.00525119824 1.0
81.0 1.06022803459 1.0
56.0 1.03261845771 1.0
12.0 0.979873158739 1.0
50.0 0.949937778678 1.0
80.0 0.984254721065 1.0
46.0 0.962244249685 1.0
90.0 1.02034457337 1.0
157.0 0.969979582601 1.0
77.0 0.926866178626 1.0
61.0 0.999599269105 1.0
132.0 1.0288247544 1.0
51.0 1.00483158244 1.0
91.0 0.981952648104 1.0
95.0 1.01871042755 1.0
118.0 1.00314703648 1.0
23.0 1.02088600327 1.0
199.0 7.00641128816 1.0
196.0 2.21502286043 1.0
object 36	1.0:1.0
149.0 1.00477047588 1.0
56.0 1.01071313701 1.0
110.0 1.00033661349 1.0
2.0 0.958028962253 1.0
66.0 1.07076061211 1.0
96.0 1.02740881283 1.0
187.0 3.2566376131 1.0
71.0 0.987116668084 1.0
31.0 1.03209220374 1.0
54.0 0.975681160741 1.0
170.0 1.04395147413 1.0
123.0 0.932406219136 1.0
167.0 1.01016970609 1.0
174.0 0.96313601291 1.0
57.0 0.978835457396 1.0
144.0 1.06953937156 1.0
28.0 1.01814304968 1.0
80.0 0.959536301193 1.0
36.0 1.02052753221 1.0
68.0 0.956724553522 1.0
136.0 1.12835128426 1.0
42.0 1.03069116275 1.0
90.0 1.01497424945 1.0
45.0 1.00108083482 1.0
89.0 0.978878615273 1.0
15.0 0.992962153668 1.0
3.0 0.991057609731 1.0
151.0 0.962046659114 1.0
86.0 1.02521912258 1.0
139.0 1.02007313854 1.0
object 37	1.0:1.0
80.0 1.00907963236 1.0
119.0 1.07139727431 1.0
175.0 1.0038117774 1.0
155.0 1.00032284565 1.0
152.0 1.08917531791 1.0
16.0 1.02818188237 1.0
15.0 1.03857141987 1.0
100.0 0.961918199448 1.0
174.0 1.0004151702 1.0
147.0 1.03205715233 1.0
45.0 0.987683624986 1.0
57.0 0.970294609578 1.0
88.0 1.00232616242 1.0
161.0 1.00894122416 1.0
186.0 9.95831309126 1.0
108.0 1.01967878361 1.0
146.0 1.04124479035 1.0
30.0 0.967758654467 1.0
19.0 0.944738128272 1.0
185.0 3.87169072127 1.0
168.0 1.00578225168 1.0
12.0 0.978928905738 1.0
105.0 1.00546922636 1.0
object 38	1.0:1.0
81.0 1.05424311003 1.0
150.0 1.04147444039 1.0
87.0 0.965665098062 1.0
30.0 0.954192888657 1.0
33.0 0.934253805189 1.0
9.0 0.988732915538 1.0
83.0 0.96756608786 1.0
82.0 0.994824055817 1.0
95.0 0.994743491413 1.0
160.0 0.983288143494 1.0
166.0 0.994751220721 1.0
119.0 1.03987001578 1.0
29.0 0.965477354856 1.0
54.0 0.951826828981 1.0
44.0 0.993962613113 1.0
60.0 0.996429220481 1.0
117.0 0.997495742434 1.0
154.0 0.987659139419 1.0
49.0 1.00004869723 1.0
155.0 1.01856610781 1.0
99.0 1.00178474234 1.0
126.0 0.94211772215 1.0
object 39	1.0:1.0
62.0 1.00888839618 1.0
71.0 1.00144654775 1.0
111.0 0.943420303647 1.0
145.0 1.00800644029 1.0
19.0 0.961891469456 1.0
161.0 0.982760629031 1.0
94.0 0.9295414341 1.0
171.0 0.986749513267 1.0
4.0 1.01790879657 1.0
185.0 1.88150423483 1.0
114.0 1.01365857769 1.0
81.0 0.987982156706 1.0
55.0 1.00594374662 1.0
3.0 0.993960730556 1.0
42.0 0.958220500707 1.0
158.0 0.974172945264 1.0
39.0 1.02147202778 1.0
14.0 0.923300620909 1.0
125.0 1.06056546256 1.0
60.0 1.01974489118 1.0
180.0 0.717367312436 1.0
108.0 0.966799080959 1.0
120.0 0.983201900674 1.0
129.0 1.02122251022 1.0
21.0 1.01227060669 1.0
9.0 1.00486989953 1.0
188.0 2.13552288914 1.0
5.0 1.05187069388 1.0
27.0 1.02546676498 1.0
151.0 1.0070129781 1.0
7.0 0.998179569088 1.0
object 40	1.0:1.0
188.0 -0.664637549844 1.0
52.0 1.00943180021 1.0
165.0 0.988523920368 1.0
147.0 1.04131125923 1.0
177.0 1.00500728408 1.0
83.0 1.01941269311 1.0
169.0 0.978331489614 1.0
116.0 0.972921624529 1.0
92.0 0.933931325029 1.0
41.0 1.01883119354 1.0
15.0 0.973766977188 1.0
186.0 -0.922863888333 1.0
50.0 1.00729339565 1.0
110.0 1.0460544419 1.0
182.0 3.23363725514 1.0
53.0 0.958177107288 1.0
20.0 1.00431732839 1.0
79.0 0.967945686547 1.0
127.0 1.02263308713 1.0
95.0 0.986810832918 1.0
137.0 1.0086839862 1.0
197.0 -2.12718596006 1.0
126.0 1.03600109717 1.0
object 41	1.0:1.0
110.0 1.06473740294 1.0
1.0 0.989073024819 1.0
118.0 1.03445478038 1.0
170.0 1.02387964534 1.0
80.0 1.03180983225 1.0
130.0 1.05762906318 1.0
140.0 0.989636959623 1.0
167.0 1.09201219833 1.0
29.0 0.979529843438 1.0
121.0 1.02756973333 1.0
46.0 0.966820177813 1.0
95.0 0.998795214292 1.0
22.0 0.986171691884 1.0
89.0 0.962689414784 1.0
175.0 0.984702175478 1.0
72.0 0.998006651398 1.0
7.0 1.00537750927 1.0
178.0 0.985999364545 1.0
109.0 0.997771665591 1.0
172.0 1.07892837971 1.0
190.0 4.05017308017 1.0
55.0 0.994747820237 1.0
42.0 0.979720974048 1.0
185.0 1.65723890377 1.0
28.0 0.99552758716 1.0
157.0 1.04424106974 1.0
5.0 0.956903100757 1.0
120.0 0.988459248695 1.0
86.0 1.01737968584 1.0
169.0 1.0338427368 1.0
143.0 1.0083861681 1.0
97.0 0.941889387556 1.0
150.0 0.971002040772 1.0
34.0 0.995698834349 1.0
13.0 1.01342215772 1.0
198.0 -1.00039395122 1.0
135.0 0.98811322268 1.0
61.0 0.961285754673 1.0
object 42	1.0:1.0
107.0 0.968616192618 1.0
22.0 1.00892129788 1.0
47.0 1.04502702069 1.0
32.0 1.01313749698 1.0
145.0 0.966145398034 1.0
109.0 0.966535259944 1.0
106.0 1.02956568216 1.0
83.0 0.975919477492 1.0
10.0 1.00244901862 1.0
123.0 1.05307961425 1.0
152.0 0.977029540569 1.0
153.0 1.0002475131 1.0
163.0 1.00617755042 1.0
148.0 1.00644930702 1.0
132.0 1.00238315628 1.0
183.0 2.6731847938 1.0
151.0 0.989561161952 1.0
19.0 1.01589581775 1.0
45.0 1.00011550593 1.0
90.0 0.982098071841 1.0
5.0 1.01421473671 1.0
48.0 0.997588374813 1.0
59.0 1.0065861885 1.0
52.0 0.985945647787 1.0
189.0 2.27048113776 1.0
35.0 0.95624889173 1.0
55.0 1.00613298941 1.0
object 43	1.0:1.0
67.0 0.989091364725 1.0
14.0 1.0451364577 1.0
119.0 1.02901849849 1.0
156.0 1.01139120813 1.0
188.0 -0.0479372480332 1.0
164.0 0.995784396725 1.0
116.0 1.02609343929 1.0
8.0 0.960544841885 1.0
151.0 1.02047529591 1.0
143.0 1.01410013074 1.0
185.0 2.58319586383 1.0
149.0 1.03625454745 1.0
92.0 0.992111961983 1.0
108.0 0.970113714416 1.0
184.0 2.19131084291 1.0
165.0 1.00511043507 1.0
51.0 1.05861776223 1.0
26.0 0.991771305548 1.0
4.0 1.06003407354 1.0
96.0 1.01179913293 1.0
106.0 1.10350915336 1.0
103.0 0.994455779976 1.0
176.0 0.956331932736 1.0
50.0 0.980863504381 1.0
167.0 0.953398924349 1.0
194.0 3.90237570109 1.0
60.0 1.02810917535 1.0
object 44	1.0:1.0
113.0 1.06600761292 1.0
5.0 0.92587739947 1.0
151.0 0.964484201098 1.0
39.0 0.997478653982 1.0
140.0 0.945392382862 1.0
194.0 6.3876467188 1.0
104.0 0.991736725006 1.0
189.0 1.77806059851 1.0
116.0 1.04133217416 1.0
164.0 1.0906810201 1.0
173.0 1.01367845551 1.0
138.0 0.98520411358 1.0
80.0 1.00468114175 1.0
149.0 0.995147252973 1.0
170.0 0.995477526719 1.0
131.0 1.02882571662 1.0
157.0 1.04803026483 1.0
22.0 1.05026599943 1.0
object 45	1.0:1.0
129.0 0.983201299302 1.0
194.0 10.5613250679 1.0
198.0 -0.540782969396 1.0
119.0 0.982163795949 1.0
107.0 1.01510051823 1.0
36.0 0.980861212165 1.0
108.0 1.00530733007 1.0
112.0 0.942526723663 1.0
106.0 1.04234797481 1.0
199.0 -1.18475937305 1.0
120.0 0.990069722227 1.0
136.0 0.995414671241 1.0
105.0 0.993370457829 1.0
160.0 1.03028504922 1.0
134.0 0.977081077204 1.0
56.0 1.02408760434 1.0
object 46	1.0:1.0
63.0 1.00215267731 1.0
94.0 1.03948088035 1.0
43.0 1.01883644803 1.0
190.0 -1.8102125215 1.0
114.0 1.00517457394 1.0
133.0 1.03841115389 1.0
14.0 0.978375936265 1.0
137.0 1.0245228598 1.0
134.0 0.977931447084 1.0
48.0 1.00224616596 1.0
70.0 1.02471759801 1.0
196.0 -1.66571151137 1.0
95.0 0.999464826971 1.0
72.0 1.03380979321 1.0
165.0 0.9934246863 1.0
89.0 1.00516366395 1.0
191.0 -4.32025182983 1.0
116.0 0.964593951537 1.0
76.0 0.976431045257 1.0
71.0 1.00610191282 1.0
7.0 1.02474115388 1.0
41.0 0.972998716398 1.0
173.0 0.979330177922 1.0
167.0 0.963811275004 1.0
26.0 0.995438642038 1.0
113.0 0.99437161165 1.0
30.0 0.982814143316 1.0
32.0 0.996931912692 1.0
119.0 0.989837299048 1.0
object 47	1.0:1.0
157.0 0.983921947391 1.0
58.0 0.996450943369 1.0
176.0 1.10646305446 1.0
183.0 3.95651016371 1.0
146.0 1.0422534868 1.0
178.0 1.00113861695 1.0
189.0 2.34798583073 1.0
50.0 0.974691188944 1.0
29.0 0.988051368129 1.0
129.0 1.01940345918 1.0
60.0 0.987428222145 1.0
185.0 1.44850547635 1.0
137.0 1.00850074737 1.0
109.0 1.00459256044 1.0
150.0 0.942752063604 1.0
87.0 1.04570049434 1.0
75.0 0.976617998326 1.0
4.0 0.998542755512 1.0
88.0 0.914986343492 1.0
159.0 1.00216349932 1.0
100.0 0.983551008006 1.0
105.0 1.03751116011 1.0
26.0 0.985942345909 1.0
71.0 1.03909243972 1.0
191.0 0.425733341827 1.0
69.0 0.9926404378 1.0
190.0 6.78152897102 1.0
126.0 0.990905505244 1.0
object 48	1.0:1.0
198.0 0.349946956372 1.0
132.0 1.01596611042 1.0
135.0 1.02264866204 1.0
77.0 1.06216834299 1.0
57.0 0.904361615884 1.0
98.0 1.01532243458 1.0
53.0 1.0038133178 1.0
195.0 -2.99431242243 1.0
33.0 1.0073268681 1.0
118.0 1.02307071657 1.0
146.0 0.998692079945 1.0
189.0 -0.585706135762 1.0
144.0 1.01923145163 1.0
11.0 1.02009312488 1.0
178.0 1.01908956595 1.0
140.0 1.04035210972 1.0
173.0 1.02372767763 1.0
192.0 -2.00876009881 1.0
175.0 0.99482797547 1.0
94.0 0.846883777508 1.0
12.0 1.00330031513 1.0
68.0 1.00938706343 1.0
44.0 0.999640811367 1.0
8.0 1.03667984926 1.0
64.0 1.01006594397 1.0
26.0 1.0181075885 1.0
121.0 0.98810632657 1.0
187.0 3.76987323622 1.0
object 49	1.0:1.0
105.0 0.978821748936 1.0
164.0 1.03991812468 1.0
157.0 1.07739949863 1.0
110.0 0.993938184171 1.0
133.0 1.03150391945 1.0
101.0 1.02001762026 1.0
144.0 1.08982405512 1.0
178.0 0.989514397249 1.0
31.0 0.977918729647 1.0
42.0 1.04456210407 1.0
170.0 0.938641219304 1.0
90.0 1.02497950428 1.0
169.0 0.912225876348 1.0
46.0 0.922736079943 1.0
27.0 1.03129403935 1.0
140.0 0.904471261786 1.0
11.0 1.03428514341 1.0
117.0 1.01865800178 1.0
53.0 0.95036989124 1.0
108.0 0.988645119451 1.0
object 50	1.0:0.5 5.09289906021:0.5
184.0 3.85472218036 1.0
5.0 5.14697880448 1.0
60.0 5.13305915147 1.0
15.0 5.12803956687 1.0
81.0 5.09700058961 1.0
47.0 1.02590898637 0.0
97.0 5.19230172381 1.0
197.0 1.53001574074 0.0
41.0 1.05075067601 0.0
101.0 1.03203583536 0.0
84.0 5.06511635666 1.0
53.0 0.981865297519 0.0
103.0 5.15530531858 1.0
98.0 0.975962144052 0.0
21.0 5.11702325503 1.0
95.0 5.21421888411 1.0
93.0 0.982034574547 0.0
167.0 5.09246157468 1.0
82.0 5.11322782129 1.0
163.0 1.00355768926 0.0
31.0 5.10563469047 1.0
72.0 0.989068599941 0.0
117.0 5.10376450427 1.0
133.0 5.08653595124 1.0
183.0 3.98273429511 1.0
38.0 1.01441563427 0.0
object 51	1.0:0.5 18.6110471597:0.5
94.0 1.01878621637 0.0
138.0 18.5163901052 1.0
66.0 18.6395534122 1.0
173.0 18.6324337764 1.0
137.0 0.998142186412 0.0
143.0 18.5649574647 1.0
5.0 0.921037771937 0.0
18.0 0.944174996975 0.0
135.0 0.983264780491 0.0
93.0 18.631621369 1.0
186.0 19.0493324711 1.0
99.0 0.932899549325 0.0
118.0 18.5841475065 1.0
191.0 18.4464441656 1.0
145.0 18.5795812771 1.0
163.0 0.986535418547 0.0
68.0 18.6516903496 1.0
object 52	1.0:0.5 -9.91951795119:0.5
48.0 -9.8737792993 1.0
22.0 1.07307470359 0.0
19.0 -9.8860323371 1.0
174.0 -9.82999782101 1.0
89.0 0.881470046657 0.0
126.0 0.9865575613 0.0
62.0 -9.8418311366 1.0
18.0 -9.95346347885 1.0
24.0 -9.90910844547 1.0
75.0 -9.9745518204 1.0
52.0 1.0048523157 0.0
196.0 0.843803295394 0.0
102.0 1.07290645822 0.0
142.0 -9.85655057216 1.0
117.0 1.03933951953 0.0
141.0 -9.95404319612 1.0
63.0 -10.0137075435 1.0
59.0 -9.92467929992 1.0
138.0 -9.98931322583 1.0
97.0 1.06349353964 0.0
5.0 1.0176259933 0.0
78.0 -9.95922786405 1.0
186.0 1.46707404406 0.0
169.0 1.03292094271 0.0
70.0 1.05793801261 0.0
136.0 0.982109954623 0.0
object 53	1.0:0.5 2.46793528721:0.5
22.0 0.974248614559 0.0
192.0 7.54940735392 1.0
45.0 2.54509663101 1.0
21.0 2.38057208037 1.0
16.0 1.0619274118 0.0
54.0 1.01236026179 0.0
194.0 3.86067356421 1.0
188.0 5.6892345584 1.0
82.0 1.02202484148 0.0
88.0 2.4012374333 1.0
197.0 2.66538529374 1.0
72.0 1.00804299311 0.0
122.0 2.36234418055 1.0
118.0 2.59797865526 1.0
161.0 1.0464042913 0.0
114.0 2.40668647755 1.0
59.0 2.42988463606 1.0
2.0 1.06798657443 0.0
49.0 2.52025685441 1.0
103.0 1.04636634678 0.0
167.0 2.43398894796 1.0
180.0 -3.69358876535 0.0
81.0 0.958337602701 0.0
object 54	1.0:0.5 -6.70705761333:0.5
62.0 1.05121401752 0.0
73.0 1.04211190212 0.0
49.0 0.945164415838 0.0
120.0 1.05783851903 0.0
177.0 0.965223842095 0.0
0.0 0.974284835368 0.0
126.0 -6.66361537353 1.0
30.0 0.96863229162 0.0
57.0 0.940442719217 0.0
130.0 1.05394315005 0.0
53.0 -6.72966857174 1.0
181.0 2.20811547717 0.0
127.0 -6.70210786553 1.0
9.0 1.06721494663 0.0
199.0 -9.25857020173 1.0
15.0 0.967488749976 0.0
125.0 1.01568475377 0.0
137.0 0.995428727842 0.0
156.0 1.0032948804 0.0
39.0 -6.68338040083 1.0
178.0 -6.74041565386 1.0
33.0 1.00653033456 0.0
25.0 1.01724110435 0.0
89.0 1.04386177255 0.0
107.0 -6.70389767128 1.0
93.0 -6.68481242498 1.0
50.0 0.894402032477 0.0
22.0 -6.74258041775 1.0
17.0 -6.64167483857 1.0
147.0 -6.75967472213 1.0
55.0 0.937124466881 0.0
object 55	1.0:0.5 -17.1286860916:0.5
46.0 -17.2774076095 1.0
40.0 1.04828609338 0.0
155.0 -17.1274200998 1.0
175.0 1.09641901174 0.0
42.0 -17.146370859 1.0
198.0 -14.4770710179 1.0
86.0 0.992122284082 0.0
98.0 0.995676725879 0.0
23.0 -17.1068114351 1.0
64.0 -17.1323424288 1.0
151.0 0.923949495203 0.0
81.0 -17.0638449634 1.0
0.0 1.06871058433 0.0
32.0 -17.0974131236 1.0
34.0 -17.1260803739 1.0
137.0 0.996886507072 0.0
132.0 -17.1233434764 1.0
185.0 -0.960777809305 0.0
193.0 -15.5582423808 1.0
76.0 0.967161189976 0.0
178.0 -17.144491629 1.0
28.0 1.02397684023 0.0
110.0 -17.1306081821 1.0
object 56	1.0:0.5 5.30565876004:0.5
146.0 0.938621255793 0.0
90.0 1.02117376469 0.0
173.0 5.32310867156 1.0
22.0 5.21871924301 1.0
139.0 0.971241706223 0.0
69.0 5.24835161352 1.0
21.0 5.33693733002 1.0
150.0 1.04607775466 0.0
97.0 0.931438986474 0.0
177.0 5.22844401017 1.0
116.0 5.32289769442 1.0
95.0 5.32767129659 1.0
192.0 2.37086382389 0.0
188.0 3.94980913129 1.0
102.0 1.04478568075 0.0
object 57	1.0:0.5 12.8945258573:0.5
3.0 1.00161082419 0.0
183.0 8.6481430859 1.0
128.0 0.964088397364 0.0
47.0 12.9345563202 1.0
71.0 12.8900008146 1.0
134.0 0.988541703897 0.0
99.0 0.933594842941 0.0
53.0 1.01199443595 0.0
117.0 12.95241581 1.0
127.0 12.8391150312 1.0
165.0 0.963428945774 0.0
145.0 12.941729977 1.0
72.0 1.04289809555 0.0
5.0 0.982709699988 0.0
74.0 1.00994936325 0.0
30.0 12.8473730535 1.0
110.0 0.921657583583 0.0
144.0 12.886989478 1.0
91.0 0.977720886494 0.0
126.0 12.8908169868 1.0
177.0 1.02413839334 0.0
174.0 1.02094075481 0.0
95.0 12.9061537735 1.0
166.0 0.965777959801 0.0
171.0 0.988200446005 0.0
107.0 12.7918795953 1.0
31.0 1.11528906665 0.0
object 58	1.0:0.5 -27.5853012424:0.5
142.0 -27.6809405261 1.0
49.0 0.923731424269 0.0
71.0 0.979526408831 0.0
174.0 0.903620885718 0.0
18.0 1.00537483844 0.0
89.0 -27.5445145962 1.0
75.0 1.04907818816 0.0
141.0 -27.6688301859 1.0
169.0 -27.5985452705 1.0
17.0 -27.6297559674 1.0
32.0 -27.7173830488 1.0
88.0 -27.6461288599 1.0
184.0 1.34605800287 0.0
108.0 -27.5707692054 1.0
90.0 -27.5982048904 1.0
191.0 -1.11374586128 0.0
196.0 1.2551591212 0.0
100.0 1.00502646227 0.0
4.0 -27.5343523572 1.0
0.0 -27.609945992 1.0
173.0 -27.5328861459 1.0
181.0 -0.45743132718 0.0
72.0 -27.545302362 1.0
136.0 -27.5348037095 1.0
113.0 1.03272272292 0.0
13.0 0.919508003085 0.0
145.0 0.940764133733 0.0
127.0 -27.5535915827 1.0
84.0 -27.5461378477 1.0
object 59	1.0:0.5 -12.2438573625:0.5
102.0 -12.2940132317 1.0
81.0 0.971772016079 0.0
44.0 1.04580840124 0.0
46.0 -12.3233825568 1.0
64.0 -12.3063964662 1.0
22.0 -12.2418793914 1.0
84.0 -12.211619442 1.0
179.0 -12.2791845087 1.0
127.0 1.04885231131 0.0
177.0 1.00128058581 0.0
72.0 -12.2685447673 1.0
142.0 1.04968495237 0.0
25.0 -12.2384383144 1.0
178.0 -12.3753626999 1.0
121.0 1.08227988667 0.0
146.0 1.0241462713 0.0
1.0 0.990163067226 0.0
23.0 -12.2025301215 1.0
65.0 -12.2292998966 1.0
3.0 -12.2944132015 1.0
32.0 -12.178713594 1.0
9.0 -12.2979278312 1.0
118.0 -12.2124487489 1.0
114.0 -12.2480724702 1.0
113.0 0.976904851765 0.0
129.0 0.927077703671 0.0
161.0 0.967178575772 0.0
91.0 0.984583014756 0.0
24.0 -12.2504353801 1.0
28.0 -12.2884918664 1.0
37.0 1.05425529884 0.0
object 60	1.0:0.5 -14.5766689058:0.5
21.0 0.965567194934 0.0
121.0 0.911351569729 0.0
185.0 -15.5917179987 1.0
129.0 0.982945474771 0.0
77.0 0.945943850856 0.0
178.0 -14.6632887971 1.0
52.0 0.950891466906 0.0
173.0 -14.598858518 1.0
76.0 -14.5999973334 1.0
57.0 0.892249143803 0.0
50.0 -14.4923060472 1.0
169.0 -14.5068802089 1.0
158.0 1.09758626248 0.0
23.0 -14.5384564979 1.0
146.0 -14.5870278915 1.0
56.0 1.00324504247 0.0
177.0 -14.5478163722 1.0
63.0 0.995990656531 0.0
123.0 1.02506580559 0.0
133.0 -14.6170253205 1.0
149.0 -14.5830871286 1.0
187.0 -16.4981666945 1.0
72.0 -14.6205645175 1.0
object 61	1.0:0.5 9.06633424104:0.5
177.0 8.98813978807 1.0
180.0 -5.54855168038 0.0
171.0 0.911852106213 0.0
106.0 0.906153795368 0.0
181.0 0.0257692948724 0.0
43.0 1.09918384091 0.0
51.0 9.10809954669 1.0
1.0 1.06609204698 0.0
82.0 0.967979437534 0.0
144.0 0.987085173859 0.0
139.0 1.09121753881 0.0
183.0 3.58349611559 1.0
110.0 9.10443845544 1.0
127.0 1.06680631432 0.0
35.0 0.974531440371 0.0
105.0 9.02703471741 1.0
114.0 9.0800290365 1.0
132.0 9.10798270415 1.0
92.0 0.936899452855 0.0
57.0 0.953646919717 0.0
object 62	1.0:0.5 -5.37698621969:0.5
76.0 1.06059133379 0.0
3.0 0.961735423068 0.0
116.0 1.02067158362 0.0
92.0 -5.40016090943 1.0
147.0 1.04488687388 0.0
54.0 -5.36582808604 1.0
154.0 0.933821310203 0.0
151.0 0.978400162711 0.0
155.0 -5.3560898807 1.0
40.0 0.996670514647 0.0
63.0 1.07126168933 0.0
163.0 1.05445319196 0.0
197.0 1.38288611704 0.0
120.0 -5.33284366921 1.0
71.0 -5.35719740943 1.0
142.0 -5.43615146028 1.0
182.0 0.0470404665302 0.0
123.0 -5.34192371578 1.0
141.0 -5.41643563324 1.0
25.0 1.00138969477 0.0
6.0 -5.41062182422 1.0
125.0 -5.41690408202 1.0
152.0 -5.3921327491 1.0
75.0 -5.37697064261 1.0
161.0 1.05812625261 0.0
24.0 -5.41677994408 1.0
109.0 1.01570204823 0.0
38.0 1.00544821669 0.0
150.0 -5.35348244175 1.0
194.0 -4.01876506868 1.0
130.0 -5.35782753114 1.0
67.0 -5.41758462643 1.0
18.0 -5.30865558516 1.0
78.0 1.19136834834 0.0
121.0 -5.45293941878 1.0
137.0 -5.39144689404 1.0
16.0 -5.38936725482 1.0
43.0 -5.32364526106 1.0
object 63	1.0:0.5 -4.89973995415:0.5
183.0 4.34182633515 0.0
73.0 0.97147240115 0.0
189.0 -8.84032656796 1.0
100.0 -4.8569146453 1.0
125.0 -4.75934154695 1.0
88.0 -4.82120789506 1.0
47.0 -4.88688021299 1.0
165.0 1.03137715816 0.0
44.0 -4.90842649727 1.0
48.0 -4.86343170137 1.0
0.0 -4.89742412895 1.0
185.0 -0.0477032276282 0.0
65.0 0.944003025902 0.0
169.0 0.952782945481 0.0
137.0 -4.96917686867 1.0
188.0 -7.19157780495 1.0
197.0 1.05396113813 0.0
186.0 -2.87574822072 1.0
object 64	1.0:0.5 -3.96464450013:0.5
124.0 1.10651454982 0.0
44.0 -3.99965946653 1.0
69.0 1.12797336538 0.0
183.0 4.29159517969 0.0
26.0 -4.05219798606 1.0
36.0 -3.94225993364 1.0
83.0 1.0380685389 0.0
13.0 -3.98826431261 1.0
197.0 2.09434550898 0.0
110.0 -4.02793321632 1.0
53.0 -4.0228511957 1.0
153.0 -3.96834813039 1.0
68.0 1.01636772766 0.0
113.0 -4.05922021597 1.0
81.0 0.959065520604 0.0
32.0 0.923270509936 0.0
163.0 -4.00526756885 1.0
109.0 0.992611560877 0.0
15.0 0.975635124583 0.0
34.0 -3.9599045018 1.0
141.0 -3.88364614555 1.0
30.0 0.940193610737 0.0
137.0 1.04643276086 0.0
165.0 0.998282282223 0.0
7.0 -3.91704682812 1.0
172.0 -3.90714676219 1.0
169.0 -4.02692732968 1.0
104.0 1.02326311184 0.0
171.0 -3.89274156747 1.0
186.0 -7.42203670653 1.0
56.0 -4.01515645287 1.0
91.0 -3.94779174545 1.0
67.0 -3.97313929961 1.0
3.0 1.0733826805 0.0
176.0 1.0375337897 0.0
78.0 1.06329085238 0.0
155.0 1.0952026878 0.0
object 65	1.0:0.5 18.337604127:0.5
38.0 0.980939096906 0.0
111.0 18.3140668944 1.0
148.0 0.959899847962 0.0
0.0 1.11513237616 0.0
161.0 18.3437611392 1.0
88.0 0.975339923424 0.0
192.0 3.18595626034 0.0
129.0 18.3526144022 1.0
5.0 18.2726795386 1.0
61.0 1.0163924906 0.0
74.0 18.3081203563 1.0
158.0 0.996344145533 0.0
112.0 0.973031494635 0.0
54.0 18.3538114107 1.0
83.0 1.07835070809 0.0
138.0 0.914770990045 0.0
128.0 18.3044347167 1.0
125.0 0.961692579779 0.0
131.0 1.00904155712 0.0
68.0 18.3798240014 1.0
90.0 18.2536680008 1.0
145.0 18.3092704163 1.0
object 66	1.0:0.5 5.97902339832:0.5
7.0 5.94773488049 1.0
156.0 1.01384193822 0.0
130.0 1.01854841594 0.0
17.0 6.02632764643 1.0
50.0 5.88320223627 1.0
38.0 0.972270710207 0.0
103.0 0.957023095222 0.0
129.0 1.00259200615 0.0
48.0 0.992616546526 0.0
127.0 1.00471512172 0.0
86.0 0.91101570363 0.0
63.0 5.92432829208 1.0
194.0 2.85664124657 0.0
145.0 0.935259317755 0.0
2.0 1.05044242189 0.0
162.0 5.8905428812 1.0
10.0 5.91933827183 1.0
88.0 6.01329916531 1.0
47.0 5.95261994628 1.0
142.0 1.01515015948 0.0
190.0 3.19565592154 0.0
123.0 0.922493089673 0.0
21.0 6.03467998424 1.0
160.0 1.04756233632 0.0
195.0 10.3258310391 1.0
113.0 0.952793240983 0.0
116.0 5.9483497783 1.0
179.0 6.08370821007 1.0
object 67	1.0:0.5 1.37004628756:0.5
103.0 1.35513958189 1.0
66.0 1.31545557642 1.0
187.0 -5.53308007213 0.0
100.0 0.947237638487 0.0
110.0 1.02003440032 0.0
56.0 0.974939397744 0.0
43.0 1.06967164647 0.0
15.0 1.10169081794 0.0
171.0 1.3851377088 1.0
86.0 1.34010693916 1.0
64.0 1.01744871105 0.0
107.0 0.985620826817 0.0
157.0 1.34794456129 1.0
60.0 1.3539568542 1.0
159.0 0.968532248006 0.0
27.0 0.911376994559 0.0
167.0 1.24962200095 1.0
143.0 1.417887968 1.0
92.0 0.966979643552 0.0
97.0 1.05688211812 0.0
49.0 1.03154102779 0.0
125.0 1.39586818114 1.0
185.0 1.3560758338 0.0
object 68	1.0:0.5 -5.01031432386:0.5
87.0 -5.0071254581 1.0
197.0 -2.48228171905 1.0
92.0 1.04424285042 0.0
62.0 -4.98142228385 1.0
13.0 -4.95766582054 1.0
77.0 0.938456189387 0.0
114.0 1.03860938541 0.0
109.0 -5.00121291483 1.0
116.0 0.964944349041 0.0
160.0 -5.03140496376 1.0
126.0 -5.00121604924 1.0
130.0 -5.00729173128 1.0
140.0 -4.95427707972 1.0
156.0 -5.02059757037 1.0
0.0 -4.97338663426 1.0
169.0 -4.98545787946 1.0
165.0 -4.94951222265 1.0
50.0 -5.03201546271 1.0
80.0 -4.96396111565 1.0
91.0 1.02833095133 0.0
object 69	1.0:0.5 14.2636564621:0.5
10.0 1.06118034754 0.0
170.0 14.2666252188 1.0
37.0 14.3602071255 1.0
165.0 14.242080912 1.0
68.0 0.990013407444 0.0
135.0 14.2085083964 1.0
53.0 14.2468387954 1.0
78.0 1.07393282488 0.0
151.0 0.954157867966 0.0
92.0 0.9770582175 0.0
154.0 1.04496163995 0.0
26.0 0.948486069599 0.0
127.0 14.2203299271 1.0
128.0 1.00994701552 0.0
66.0 14.2510757689 1.0
52.0 0.963283750834 0.0
29.0 14.2802474977 1.0
143.0 14.2773833123 1.0
object 70	1.0:0.5 -1.28993972202:0.5
153.0 -1.34193099357 1.0
169.0 1.04574415462 0.0
4.0 1.01719003649 0.0
167.0 0.962730650782 0.0
90.0 -1.24357123663 1.0
20.0 0.996496577913 0.0
165.0 -1.23904458351 1.0
150.0 -1.35740689028 1.0
17.0 1.01295398832 0.0
184.0 -3.72583965726 1.0
78.0 -1.3078167978 1.0
22.0 -1.36127711103 1.0
105.0 -1.24767100121 1.0
146.0 1.03748109106 0.0
5.0 1.07001029843 0.0
67.0 -1.16432494499 1.0
154.0 -1.2480130871 1.0
102.0 -1.3121413889 1.0
188.0 -3.5377693464 1.0
24.0 -1.2720297257 1.0
106.0 -1.36379493141 1.0
164.0 0.993645908879 0.0
155.0 -1.33391905731 1.0
81.0 -1.35274469935 1.0
192.0 19.1357131431 0.0
25.0 -1.27498382158 1.0
163.0 1.1127956782 0.0
124.0 -1.21859821971 1.0
77.0 -1.33688804629 1.0
142.0 0.907009088258 0.0
56.0 -1.20085152665 1.0
71.0 0.940682949467 0.0
30.0 -1.36280230115 1.0
9.0 -1.25427266169 1.0
118.0 0.940505426345 0.0
123.0 0.881060769156 0.0
119.0 1.0933527774 0.0
object 71	1.0:0.5 6.04385481439:0.5
146.0 0.975432650847 0.0
34.0 6.07010409185 1.0
85.0 6.02667267409 1.0
104.0 6.0640055455 1.0
122.0 1.02393587463 0.0
38.0 6.09189720633 1.0
149.0 1.09136940397 0.0
144.0 6.12431967217 1.0
152.0 0.953657269693 0.0
52.0 6.09762504174 1.0
91.0 1.0070451764 0.0
74.0 1.02363751163 0.0
148.0 1.06031340027 0.0
126.0 1.03662671468 0.0
14.0 1.02155999892 0.0
71.0 1.01478748799 0.0
128.0 6.01650866354 1.0
139.0 6.02299120954 1.0
59.0 1.03362811796 0.0
58.0 6.0181952761 1.0
32.0 6.09577746392 1.0
98.0 1.09336996583 0.0
130.0 1.00707026213 0.0
155.0 0.987162554541 0.0
45.0 1.04762669393 0.0
184.0 -0.436514616282 0.0
object 72	1.0:0.5 3.60564563255:0.5
167.0 0.981419389012 0.0
46.0 3.66045940741 1.0
198.0 5.67543759141 1.0
119.0 3.56167099546 1.0
116.0 1.04429523725 0.0
44.0 0.923878092639 0.0
184.0 2.6078376155 1.0
10.0 1.04479436385 0.0
186.0 2.37609959225 1.0
110.0 0.979164877876 0.0
42.0 0.937467367547 0.0
135.0 0.982062256974 0.0
129.0 3.62032064865 1.0
80.0 3.56123148963 1.0
57.0 3.54420822211 1.0
170.0 0.951779776235 0.0
148.0 3.6039606827 1.0
154.0 0.853819995703 0.0
17.0 0.960454942709 0.0
94.0 3.56544266896 1.0
35.0 3.61472211481 1.0
61.0 1.03541053245 0.0
152.0 1.07022676279 0.0
86.0 3.6379409661 1.0
123.0 1.02837172439 0.0
102.0 3.59375794985 1.0
object 73	1.0:0.5 -6.01146498864:0.5
178.0 -6.04036662478 1.0
182.0 2.46910244594 0.0
176.0 1.02751334991 0.0
159.0 1.01723226874 0.0
28.0 1.01248610271 0.0
64.0 1.04775533938 0.0
196.0 -6.95099589232 1.0
27.0 0.939357697298 0.0
92.0 -6.0103117639 1.0
44.0 0.966875300947 0.0
34.0 -6.03358888199 1.0
20.0 1.06796551984 0.0
115.0 -6.08245562723 1.0
180.0 -3.57434939266 1.0
91.0 0.990525190634 0.0
22.0 -6.08450197158 1.0
164.0 -6.0994187209 1.0
157.0 -6.00423379915 1.0
79.0 -6.0178728687 1.0
69.0 0.976676106731 0.0
197.0 -7.56972628297 1.0
150.0 -5.98920046355 1.0
15.0 1.00919136171 0.0
199.0 6.34764374362 0.0
113.0 -5.97429611802 1.0
99.0 -6.09220588104 1.0
21.0 1.04445370352 0.0
4.0 1.02300754022 0.0
143.0 1.06860679041 0.0
48.0 0.993536935048 0.0
109.0 -6.02828418771 1.0
193.0 -4.43053172349 1.0
97.0 -6.01386412328 1.0
5.0 1.02234866443 0.0
32.0 0.907248077167 0.0
55.0 0.929404083685 0.0
168.0 -6.03670320107 1.0
42.0 0.950578975528 0.0
object 74	1.0:0.5 5.86753476782:0.5
93.0 5.84507199223 1.0
21.0 5.87501974294 1.0
9.0 5.89701210622 1.0
61.0 1.01552329551 0.0
129.0 1.03799800134 0.0
77.0 5.88415682647 1.0
1.0 0.940847525407 0.0
116.0 5.89699815804 1.0
60.0 0.97074364167 0.0
76.0 0.98413267633 0.0
184.0 6.69610607333 1.0
191.0 5.1620026513 1.0
13.0 0.964260941058 0.0
127.0 5.90526887807 1.0
192.0 2.50471578964 1.0
33.0 5.93607352331 1.0
20.0 0.989160091833 0.0
186.0 1.92451410648 0.0
126.0 0.993743284321 0.0
189.0 -1.24441511261 1.0
163.0 1.0254583746 0.0
125.0 1.00898211492 0.0
object 75	1.0:0.5 9.25794232843:0.5
88.0 0.969881520601 0.0
112.0 1.00426301805 0.0
147.0 1.06979619457 0.0
194.0 6.16890503765 0.0
146.0 1.01329078195 0.0
131.0 0.969228964757 0.0
29.0 1.02341485489 0.0
134.0 0.920360563408 0.0
121.0 0.987535941221 0.0
102.0 0.965526787184 0.0
139.0 0.95556844891 0.0
161.0 1.01119693238 0.0
132.0 9.14530506795 1.0
59.0 9.29430132758 1.0
92.0 1.06784124889 0.0
109.0 9.30995159515 1.0
37.0 0.989192694317 0.0
11.0 9.27200619488 1.0
151.0 0.948000184394 0.0
44.0 9.27681982411 1.0
130.0 1.02813660373 0.0
105.0 0.965188652634 0.0
71.0 1.0550563442 0.0
181.0 4.82006063009 0.0
object 76	1.0:0.5 0.109155077664:0.5
71.0 1.06055322917 0.0
59.0 0.172669388182 1.0
37.0 0.109314042138 1.0
65.0 0.123346541442 1.0
92.0 0.0954963646826 1.0
185.0 -1.01162312442 0.0
17.0 0.138790615929 1.0
39.0 0.126036700923 1.0
68.0 1.02352671435 0.0
93.0 0.0145669911044 1.0
173.0 0.124106363674 1.0
188.0 -1.96025039296 0.0
22.0 0.998127283418 0.0
63.0 0.126055401687 1.0
23.0 0.073752499749 1.0
6.0 0.0814310052936 1.0
94.0 0.987111778226 0.0
134.0 0.0915086491972 1.0
111.0 0.0695068899489 1.0
159.0 0.185720475956 1.0
84.0 1.01868234004 0.0
27.0 0.0199403575791 1.0
163.0 1.02337080027 0.0
object 77	1.0:0.5 -0.145833305761:0.5
182.0 -1.11963980764 1.0
122.0 -0.129299827679 1.0
197.0 -0.361471013484 0.0
17.0 -0.229772364159 1.0
58.0 -0.221403089712 1.0
82.0 -0.199545759403 1.0
85.0 -0.183722291562 1.0
91.0 1.02136464037 0.0
103.0 -0.11966088184 1.0
141.0 -0.156378149272 1.0
108.0 1.04772300865 0.0
109.0 1.06317378321 0.0
35.0 -0.0971303954541 1.0
10.0 -0.181342012226 1.0
60.0 -0.207621575031 1.0
84.0 1.02322670797 0.0
124.0 0.949796515313 0.0
37.0 1.01096783252 0.0
72.0 1.03845674849 0.0
177.0 -0.233922826764 1.0
27.0 -0.0969154003399 1.0
132.0 0.925864083706 0.0
179.0 1.01531732644 0.0
86.0 1.06690382622 0.0
183.0 -2.68918892188 1.0
163.0 -0.111449685516 1.0
object 78	1.0:0.5 3.08374427816:0.5
81.0 1.00355244519 0.0
173.0 3.11304880561 1.0
50.0 1.00160654492 0.0
11.0 3.09091906512 1.0
97.0 3.12957353255 1.0
35.0 3.10429847684 1.0
186.0 5.09154403389 0.0
0.0 0.989993693769 0.0
52.0 3.00152381361 1.0
12.0 3.04256036922 1.0
86.0 1.03124577985 0.0
158.0 0.948364846227 0.0
47.0 1.03663293668 0.0
118.0 1.08403715543 0.0
154.0 1.02162989713 0.0
150.0 1.00797087456 0.0
153.0 3.09508597562 1.0
184.0 3.63383997134 0.0
46.0 1.05647803993 0.0
61.0 2.96179989532 1.0
58.0 0.99670621174 0.0
99.0 3.13600063114 1.0
67.0 1.04039054339 0.0
132.0 3.13960415056 1.0
26.0 0.963895443663 0.0
126.0 1.02006578453 0.0
3.0 3.15370390279 1.0
object 79	1.0:0.5 1.47274966627:0.5
138.0 1.4637815242 1.0
73.0 1.0152094166 0.0
81.0 1.46140903583 1.0
159.0 1.46489748368 1.0
104.0 1.06987611029 0.0
6.0 1.48372960579 1.0
63.0 1.50187856289 1.0
82.0 1.05180648062 0.0
56.0 1.50221834124 1.0
149.0 0.925686291117 0.0
71.0 1.02065038457 0.0
2.0 0.973365671657 0.0
90.0 1.52584388212 1.0
126.0 1.01905713867 0.0
199.0 -3.33335863731 0.0
60.0 0.948941896904 0.0
156.0 0.961281398832 0.0
12.0 0.95816887686 0.0
142.0 1.03868629006 0.0
140.0 1.50059164024 1.0
189.0 1.05184726965 0.0
171.0 1.46274269593 1.0
153.0 1.57307289723 1.0
160.0 1.03705473614 0.0
192.0 1.41929960439 0.0
106.0 1.43247298716 1.0
34.0 1.00768891295 0.0
186.0 1.73819142798 1.0
157.0 1.40536660347 1.0
175.0 1.43338807434 1.0
61.0 1.55212163618 1.0
object 80	1.0:0.5 5.07133373513:0.5
76.0 5.07422772554 1.0
70.0 1.03613664642 0.0
48.0 5.03473766004 1.0
161.0 1.04389345667 0.0
26.0 5.06824616622 1.0
34.0 1.04795522315 0.0
23.0 0.93265432038 0.0
165.0 1.09044184276 0.0
120.0 0.954331222714 0.0
141.0 0.945486628084 0.0
139.0 0.933968302581 0.0
29.0 5.13405435372 1.0
99.0 1.0643504914 0.0
153.0 5.09620867343 1.0
24.0 5.02770618089 1.0
98.0 5.08497152196 1.0
172.0 0.99281839799 0.0
94.0 5.07860317639 1.0
176.0 1.0107418131 0.0
180.0 3.06337638444 1.0
18.0 5.04449023848 1.0
155.0 5.08296035331 1.0
79.0 0.979128717643 0.0
179.0 5.02953237281 1.0
object 81	1.0:0.5 -1.94757925808:0.5
65.0 -1.94471444765 1.0
123.0 1.05595756458 0.0
163.0 -1.93128702241 1.0
124.0 -1.9976276596 1.0
79.0 -1.9646598097 1.0
186.0 0.482513947183 1.0
75.0 0.980517206614 0.0
141.0 1.02994749911 0.0
20.0 0.976382145486 0.0
17.0 -1.92613386938 1.0
145.0 1.01094520337 0.0
97.0 1.09339164748 0.0
63.0 1.02853060746 0.0
147.0 -1.92876544894 1.0
193.0 -4.87061458182 1.0
188.0 -3.48127525684 1.0
38.0 1.01368621307 0.0
152.0 0.964986509931 0.0
72.0 -1.90299849023 1.0
32.0 1.08909022978 0.0
48.0 1.01253459774 0.0
139.0 -1.99554623248 1.0
1.0 1.01820332269 0.0
object 82	1.0:0.5 1.14198819756:0.5
82.0 1.18606541506 1.0
35.0 1.01754048079 0.0
87.0 0.925307530676 0.0
64.0 1.04879438847 0.0
175.0 1.17748025555 1.0
91.0 0.951153202476 0.0
46.0 0.968538153554 0.0
43.0 1.03176281374 1.0
32.0 0.966818396503 0.0
165.0 1.0009143061 0.0
183.0 2.94537398296 1.0
29.0 1.13573964471 1.0
181.0 2.63429273065 1.0
50.0 1.03706394212 1.0
26.0 1.09656268878 1.0
89.0 1.09135418791 0.0
124.0 1.24518566936 1.0
7.0 1.20622775356 1.0
104.0 1.00091249636 0.0
148.0 1.0742951354 1.0
object 83	1.0:0.5 8.36834793586:0.5
183.0 -1.80990332065 0.0
13.0 0.957607881978 0.0
109.0 8.40444130943 1.0
27.0 1.03443009715 0.0
69.0 8.3375853382 1.0
34.0 1.08156810944 0.0
17.0 0.932333324935 0.0
172.0 1.04984319019 0.0
186.0 2.9807142192 0.0
118.0 8.34380730555 1.0
149.0 8.29774843256 1.0
148.0 8.39344953109 1.0
112.0 8.30282079334 1.0
199.0 3.52339457546 0.0
168.0 8.37411169583 1.0
158.0 1.02110663414 0.0
object 84	1.0:0.5 -2.02390045007:0.5
10.0 1.05509305361 0.0
0.0 0.983644745222 0.0
148.0 0.987046852385 0.0
182.0 -0.0289201752931 0.0
25.0 -2.047082069 1.0
126.0 -1.98890315941 1.0
125.0 1.05837491359 0.0
157.0 -1.90961214302 1.0
111.0 0.980237991735 0.0
127.0 1.01707198037 0.0
198.0 4.21441236611 0.0
158.0 0.998885908216 0.0
197.0 -0.227245185621 0.0
159.0 0.941745758715 0.0
85.0 -2.01276710796 1.0
77.0 1.11686806622 0.0
75.0 0.956049341994 0.0
52.0 -2.03193465932 1.0
40.0 -2.0247023071 1.0
161.0 0.988073174356 0.0
68.0 -2.0531646162 1.0
171.0 1.01466369615 0.0
47.0 0.956391335724 0.0
object 85	1.0:0.5 1.13528411725:0.5
88.0 0.868489780525 0.0
100.0 1.14698183021 1.0
4.0 0.984990530128 0.0
46.0 1.01858696947 0.0
111.0 1.1909008408 1.0
182.0 -3.15082645896 1.0
191.0 1.99816912942 0.0
19.0 0.997302778395 0.0
73.0 1.237069542 1.0
189.0 -5.57014098012 0.0
145.0 0.998952197763 0.0
5.0 0.992897288329 0.0
22.0 0.97724699815 0.0
185.0 1.18595922945 0.0
128.0 1.06634907342 0.0
53.0 0.954462323011 0.0
78.0 0.937068557373 0.0
41.0 1.04936269682 0.0
26.0 1.00523974172 0.0
45.0 0.997862699367 0.0
50.0 1.08625387995 0.0
62.0 1.00983250013 0.0
173.0 1.26908801041 1.0
object 86	1.0:0.5 1.09220237897:0.5
112.0 1.01152766568 0.0
13.0 0.997682043455 0.0
188.0 1.16818547594 0.0
16.0 1.02344911028 0.0
78.0 0.943645873896 0.0
75.0 1.09477275828 1.0
21.0 1.07917935214 1.0
12.0 1.07478169395 1.0
116.0 1.01563837708 0.0
61.0 0.997742221878 0.0
134.0 1.09190990553 1.0
94.0 1.05246012741 0.0
40.0 0.989934181177 0.0
129.0 0.940133251726 0.0
155.0 0.974667865719 0.0
165.0 1.03411262087 0.0
77.0 1.075268831 1.0
101.0 1.11728101367 1.0
170.0 0.977405874614 0.0
54.0 0.950189961178 0.0
71.0 0.988319316534 0.0
190.0 2.77295305532 1.0
25.0 1.02092370482 1.0
91.0 1.07011020316 0.0
11.0 1.00239938658 0.0
194.0 3.1306915529 1.0
object 87	1.0:0.5 4.1227656581:0.5
19.0 0.922559826964 0.0
141.0 4.19845464806 1.0
127.0 1.01341836905 0.0
122.0 4.07472974176 1.0
29.0 4.05446047558 1.0
130.0 4.00218403615 1.0
34.0 1.0189991306 0.0
150.0 1.00730304604 0.0
114.0 0.974410330663 0.0
72.0 1.06882041592 0.0
98.0 4.18338641794 1.0
7.0 0.913945388401 0.0
71.0 0.981238238497 0.0
120.0 4.1188989241 1.0
5.0 4.01160529732 1.0
182.0 1.88432276686 0.0
104.0 4.1672311174 1.0
128.0 0.938304283184 0.0
object 88	1.0:0.5 10.1004235811:0.5
53.0 0.996406949891 0.0
193.0 5.09263082618 1.0
17.0 10.218191719 1.0
20.0 10.2301733683 1.0
199.0 -6.65329407926 0.0
146.0 10.0384292481 1.0
118.0 0.997209456419 0.0
120.0 0.931979399078 0.0
43.0 10.1341979886 1.0
186.0 11.489507506 1.0
198.0 9.48540628418 1.0
95.0 1.03122799938 0.0
135.0 10.0356198374 1.0
46.0 10.0759915194 1.0
181.0 0.598138974502 0.0
99.0 10.1250319285 1.0
114.0 10.0899627327 1.0
64.0 10.0487968879 1.0
4.0 0.989857827539 0.0
103.0 10.0922395056 1.0
38.0 0.947846750776 0.0
115.0 1.00820426736 0.0
13.0 10.0954316856 1.0
192.0 -2.32506733539 0.0
57.0 1.05005031355 0.0
102.0 10.0778540181 1.0
object 89	1.0:0.5 12.0574967828:0.5
119.0 0.967529795815 0.0
62.0 0.979708296048 0.0
8.0 12.0176916787 1.0
134.0 12.0667564845 1.0
45.0 1.02713840283 0.0
26.0 1.05219065139 0.0
90.0 12.0933585022 1.0
72.0 1.01231453542 0.0
3.0 12.0762896285 1.0
108.0 0.964588124489 0.0
151.0 12.0412717202 1.0
142.0 12.0492558907 1.0
77.0 0.945522255332 0.0
168.0 1.00160029702 0.0
93.0 12.1581394395 1.0
42.0 12.0405924647 1.0
99.0 1.06820846151 0.0
47.0 12.0663237687 1.0
195.0 6.63629171661 1.0
15.0 0.987238928786 0.0
189.0 16.5964446817 1.0
130.0 1.03047869624 0.0
137.0 1.09968465675 0.0
29.0 12.2274709711 1.0
6.0 12.0585240715 1.0
69.0 1.00719688732 0.0
object 90	1.0:0.5 1.95145864231:0.5
4.0 0.984000714612 0.0
132.0 1.96432637095 1.0
133.0 1.96663437928 1.0
141.0 1.83334051632 1.0
53.0 1.97224779979 1.0
43.0 1.01360842522 0.0
39.0 1.0329225402 0.0
197.0 1.20310309959 1.0
54.0 0.995609646121 0.0
32.0 1.00979039907 0.0
17.0 2.01140245415 1.0
121.0 0.954115828899 0.0
31.0 1.0353675282 0.0
119.0 1.94556624907 1.0
115.0 1.92163642952 1.0
161.0 0.995998439683 0.0
90.0 1.99260069842 1.0
107.0 1.94500510811 1.0
172.0 0.961179406084 0.0
124.0 0.854002682426 0.0
75.0 1.89647744157 1.0
36.0 0.960196757447 0.0
147.0 1.921584483 1.0
12.0 1.96584357013 1.0
128.0 1.95852785543 1.0
object 91	1.0:0.5 16.4985466856:0.5
16.0 16.5801215338 1.0
162.0 16.5392403828 1.0
100.0 16.4757704397 1.0
165.0 16.4935491144 1.0
10.0 1.03008376297 0.0
21.0 16.4695733263 1.0
112.0 1.03980720114 0.0
81.0 1.01267216964 0.0
189.0 3.22703567837 0.0
185.0 15.6357601883 1.0
61.0 1.04624813119 0.0
96.0 16.4569738944 1.0
46.0 0.949103066353 0.0
78.0 16.4938014172 1.0
153.0 16.5372003334 1.0
object 92	1.0:0.5 -2.99452143019:0.5
97.0 -3.02015463549 1.0
76.0 1.02163140252 0.0
104.0 -3.06971238443 1.0
19.0 0.920234587555 0.0
147.0 -2.95564191218 1.0
73.0 -2.94887231576 1.0
14.0 -3.06081971611 1.0
90.0 -2.98187705593 1.0
31.0 1.01739822141 0.0
163.0 1.04192989138 0.0
198.0 5.70798425673 0.0
42.0 1.10332161365 0.0
49.0 -2.89768184962 1.0
186.0 6.85903975179 0.0
169.0 0.975705593824 0.0
44.0 -2.98766637478 1.0
138.0 -2.91017341875 1.0
103.0 0.98423963464 0.0
58.0 1.0208800688 0.0
122.0 1.00381644523 0.0
36.0 -2.9807386848 1.0
47.0 -2.96924543299 1.0
63.0 -2.98894655421 1.0
object 93	1.0:0.5 -7.72071384964:0.5
74.0 -7.71739678841 1.0
100.0 -7.75204524659 1.0
38.0 1.03745697158 0.0
28.0 -7.71634249888 1.0
23.0 -7.80318688341 1.0
173.0 0.972325545546 0.0
130.0 1.06250597548 0.0
155.0 1.02654675045 0.0
6.0 0.923043729988 0.0
193.0 -7.37883061407 1.0
46.0 1.00037056956 0.0
128.0 0.996530487186 0.0
160.0 1.00630084508 0.0
110.0 1.03371664819 0.0
116.0 -7.63737033996 1.0
13.0 1.00223706164 0.0
167.0 1.03992050198 0.0
31.0 -7.69675607681 1.0
146.0 0.968760331219 0.0
44.0 0.965930362101 0.0
197.0 -5.96700588138 1.0
object 94	1.0:0.5 -19.2869870959:0.5
59.0 0.921288334464 0.0
175.0 -19.2686217615 1.0
71.0 -19.3523247364 1.0
86.0 -19.1722177334 1.0
27.0 0.9725859325 0.0
51.0 -19.3164685265 1.0
180.0 -26.613128113 1.0
116.0 -19.3212974015 1.0
68.0 -19.2661859839 1.0
147.0 -19.2793132054 1.0
92.0 1.03908227274 0.0
150.0 -19.2883088443 1.0
36.0 -19.2699492987 1.0
33.0 -19.2655150842 1.0
190.0 -20.5660893539 1.0
72.0 -19.2487091952 1.0
12.0 -19.2803630142 1.0
object 95	1.0:0.5 13.3250843584:0.5
153.0 13.3264478322 1.0
81.0 13.3003374021 1.0
87.0 1.03170732081 0.0
140.0 13.2498556759 1.0
33.0 0.951021078829 0.0
52.0 0.989004979049 0.0
187.0 1.81965084195 0.0
39.0 13.3799680738 1.0
85.0 1.03734130767 0.0
189.0 9.6883475523 0.0
49.0 1.06981231617 0.0
133.0 0.970435193101 0.0
130.0 13.3737885295 1.0
197.0 14.4580441329 1.0
93.0 13.3198960436 1.0
34.0 1.0743227126 0.0
129.0 13.3825051667 1.0
109.0 1.008085051 0.0
112.0 13.2713402808 1.0
181.0 2.90297146602 0.0
166.0 0.917192556584 0.0
124.0 0.97198162538 0.0
180.0 7.69742979445 1.0
73.0 13.3724954317 1.0
131.0 0.907432995878 0.0
12.0 13.4049295676 1.0
28.0 1.0698105341 0.0
57.0 1.05712994944 0.0
95.0 0.997212703606 0.0
object 96	1.0:0.5 -11.0396668451:0.5
184.0 -11.6046696533 1.0
192.0 0.0301285007236 1.0
139.0 -11.0322079155 1.0
155.0 -11.061475135 1.0
68.0 -11.0575446386 1.0
27.0 1.04979597945 0.0
0.0 1.03094014038 0.0
142.0 -11.0868777525 1.0
8.0 1.01501384615 0.0
150.0 -11.0723616043 1.0
102.0 1.01351154386 0.0
148.0 -11.0564070863 1.0
183.0 -15.866022341 1.0
82.0 1.01394777088 0.0
119.0 1.04598332207 0.0
126.0 0.973275997871 0.0
176.0 -11.0395211786 1.0
39.0 -11.1298617117 1.0
94.0 -11.0382998131 1.0
174.0 -10.9523773035 1.0
195.0 -7.1350162506 1.0
71.0 -11.0077444579 1.0
108.0 -10.9836376587 1.0
186.0 6.0267818518 0.0
13.0 -11.0360385744 1.0
118.0 -11.1117362408 1.0
38.0 1.0321679498 0.0
object 97	1.0:0.5 16.3844359363:0.5
119.0 0.999780178179 0.0
53.0 16.3418476295 1.0
71.0 16.4421336185 1.0
31.0 1.00496586621 0.0
52.0 1.01892813634 0.0
173.0 16.3482693383 1.0
129.0 16.3346004589 1.0
195.0 14.8955675488 1.0
120.0 16.4020562892 1.0
5.0 0.969183421054 0.0
123.0 0.888072745009 0.0
45.0 16.3372276139 1.0
137.0 16.3065284039 1.0
174.0 16.3407985376 1.0
64.0 1.02419668945 0.0
161.0 0.912938995552 0.0
63.0 16.3885840157 1.0
124.0 16.3003231996 1.0
130.0 0.995037467549 0.0
46.0 0.98118477928 0.0
78.0 16.3141004809 1.0
50.0 16.3965170122 1.0
94.0 0.903344480288 0.0
111.0 16.3608067656 1.0
192.0 3.53740256532 0.0
86.0 0.969711504031 0.0
34.0 0.936055968118 0.0
197.0 2.36435542034 0.0
95.0 0.991849400667 0.0
40.0 16.3355673413 1.0
object 98	1.0:0.5 4.45303309067:0.5
65.0 0.958084597103 0.0
14.0 4.45394935776 1.0
171.0 4.44182293843 1.0
40.0 4.49000461177 1.0
137.0 0.917722770344 0.0
41.0 4.53795981708 1.0
193.0 6.29491641417 0.0
26.0 4.44543464115 1.0
114.0 4.49955661853 1.0
153.0 4.46377488688 1.0
12.0 0.975487764754 0.0
75.0 1.11043968087 0.0
17.0 0.971034735655 0.0
175.0 1.03237423981 0.0
110.0 1.0198146533 0.0
160.0 1.04179451044 0.0
143.0 4.44983238049 1.0
71.0 0.987042229723 0.0
69.0 4.41653040392 1.0
36.0 4.46199440604 1.0
176.0 4.49669933571 1.0
128.0 4.46120435942 1.0
66.0 4.49609675434 1.0
112.0 1.02289693333 0.0
44.0 4.42596341628 1.0
126.0 4.48278572363 1.0
177.0 0.976011954764 0.0
91.0 4.4934337136 1.0
object 99	1.0:0.5 -12.9633353737:0.5
15.0 0.970228128328 0.0
25.0 -13.0397910251 1.0
137.0 0.975340613967 0.0
105.0 -12.8815645473 1.0
180.0 0.910184432287 0.0
23.0 -13.0361272572 1.0
24.0 -12.9700156934 1.0
135.0 0.973549725272 0.0
161.0 -12.8843158562 1.0
174.0 1.04343049462 0.0
93.0 0.964894067122 0.0
171.0 1.03685245807 0.0
14.0 0.99463490198 0.0
169.0 1.01894391961 0.0
65.0 -12.9276754671 1.0
50.0 0.963508867143 0.0
58.0 -12.9930573327 1.0
165.0 1.01652771443 0.0
157.0 0.978884928486 0.0
102.0 1.00091326085 0.0
187.0 -0.663780283897 0.0
164.0 0.978475538796 0.0
4.0 1.0465442671 0.0
155.0 1.02345131065 0.0
13.0 -12.8546190013 1.0
64.0 -12.9025201295 1.0
32.0 -12.9775990054 1.0
154.0 1.00587844709 0.0
136.0 -12.9686661072 1.0
97.0 1.035088452 0.0
