object 0	1.0:1.0
105.0 1.00526565895 1.0
97.0 0.973661669852 1.0
196.0 1.29805100052 1.0
104.0 0.985702657369 1.0
1.0 0.975242206621 1.0
74.0 0.996046016754 1.0
36.0 0.956038004253 1.0
65.0 0.984859908565 1.0
85.0 1.00889102426 1.0
75.0 0.995533763334 1.0
119.0 0.926668926203 1.0
122.0 0.979355357707 1.0
54.0 1.00881933322 1.0
19.0 1.01141796804 1.0
164.0 -3.73167527611 1.0
128.0 1.00839599506 1.0
62.0 1.0074082883 1.0
92.0 0.936687505379 1.0
111.0 1.007438776 1.0
127.0 1.04289753301 1.0
88.0 0.968390670461 1.0
58.0 1.01847881468 1.0
39.0 1.03220335728 1.0
94.0 1.02618064519 1.0
object 1	1.0:1.0
70.0 0.944002397599 1.0
122.0 1.01111271995 1.0
49.0 1.01226962778 1.0
137.0 1.01831468989 1.0
118.0 0.986686730524 1.0
96.0 0.934334117986 1.0
62.0 0.950828341896 1.0
171.0 3.65662876596 1.0
20.0 1.05925822327 1.0
53.0 1.00001294764 1.0
172.0 11.9733782729 1.0
39.0 0.976615312506 1.0
38.0 0.98466961204 1.0
102.0 1.02688669138 1.0
4.0 1.02122344457 1.0
3.0 0.98813406841 1.0
152.0 0.955154458465 1.0
18.0 0.915123130257 1.0
74.0 0.983087170412 1.0
166.0 4.92680773324 1.0
30.0 0.986663338132 1.0
154.0 1.0212325941 1.0
object 2	1.0:1.0
92.0 1.02923816597 1.0
46.0 0.943563993573 1.0
89.0 0.997131714123 1.0
70.0 0.998091319396 1.0
69.0 0.968800204283 1.0
112.0 0.997166420897 1.0
96.0 1.05159452266 1.0
28.0 0.993813112063 1.0
95.0 1.06992380626 1.0
173.0 3.52952653375 1.0
37.0 0.964491470255 1.0
190.0 -0.0169074046762 1.0
100.0 1.02876698383 1.0
18.0 0.987793230095 1.0
127.0 0.998757520857 1.0
35.0 1.02117749654 1.0
142.0 0.912493342794 1.0
157.0 1.00139844403 1.0
196.0 4.36002256737 1.0
12.0 1.00312482999 1.0
118.0 1.03321958089 1.0
object 3	1.0:1.0
75.0 0.991714362919 1.0
2.0 0.990441842671 1.0
25.0 1.0018369457 1.0
48.0 1.04460603757 1.0
53.0 0.988306413906 1.0
125.0 1.08411119455 1.0
97.0 1.01144923949 1.0
185.0 -1.88945277746 1.0
144.0 1.00180581896 1.0
66.0 0.971857237883 1.0
76.0 0.96564286551 1.0
23.0 1.01085619712 1.0
12.0 1.00696056241 1.0
99.0 1.05965218857 1.0
171.0 3.30390686941 1.0
86.0 0.989394422121 1.0
9.0 1.02550885707 1.0
24.0 0.958091968028 1.0
112.0 0.986562426548 1.0
166.0 3.71144942803 1.0
70.0 1.01589571452 1.0
165.0 2.98921801144 1.0
73.0 1.04810044602 1.0
175.0 1.29217988968 1.0
27.0 1.01424310002 1.0
174.0 -5.80134742029 1.0
object 4	1.0:1.0
141.0 1.01084357707 1.0
82.0 0.977697430875 1.0
69.0 1.00171858156 1.0
86.0 0.954799505485 1.0
52.0 1.07174906394 1.0
97.0 0.994888914894 1.0
192.0 1.31967967637 1.0
108.0 1.05884794481 1.0
87.0 1.01001539252 1.0
58.0 1.0085513979 1.0
77.0 1.01206427776 1.0
171.0 1.00426202349 1.0
134.0 0.941088022915 1.0
object 5	1.0:1.0
102.0 0.966938267218 1.0
189.0 1.24889235471 1.0
51.0 0.984279429005 1.0
178.0 -0.22962953377 1.0
144.0 0.978994147561 1.0
105.0 0.998796830712 1.0
9.0 1.00547637312 1.0
103.0 0.9224246332 1.0
38.0 1.00368210669 1.0
188.0 0.192498054389 1.0
11.0 0.938806936182 1.0
20.0 1.05164103767 1.0
164.0 3.97186825293 1.0
161.0 -0.309492742414 1.0
28.0 0.989061538048 1.0
112.0 1.01884691527 1.0
174.0 -2.27564014449 1.0
192.0 -0.180925142253 1.0
169.0 0.915644348908 1.0
170.0 0.923695166066 1.0
154.0 1.04111817922 1.0
45.0 1.01896347514 1.0
119.0 0.998273453531 1.0
163.0 1.86489299363 1.0
139.0 0.976566236221 1.0
56.0 0.960924996749 1.0
3.0 1.02014643774 1.0
54.0 0.981673371413 1.0
object 6	1.0:1.0
6.0 1.04861497518 1.0
92.0 0.976963059951 1.0
47.0 0.96906803655 1.0
19.0 1.00460752561 1.0
131.0 1.00995400452 1.0
155.0 1.00158449659 1.0
143.0 1.01659480885 1.0
130.0 1.03565016276 1.0
83.0 1.00449042513 1.0
79.0 1.02862406716 1.0
186.0 -0.85948830875 1.0
168.0 1.56473002929 1.0
77.0 0.976552735149 1.0
51.0 0.992822948316 1.0
4.0 0.982228881479 1.0
104.0 1.03935016207 1.0
53.0 1.00521736233 1.0
129.0 1.00124711882 1.0
189.0 -0.462606542154 1.0
17.0 0.987159103624 1.0
46.0 1.02514827602 1.0
166.0 8.31072401266 1.0
48.0 1.02552270646 1.0
76.0 1.1210561352 1.0
object 7	1.0:1.0
125.0 1.00298091856 1.0
189.0 2.90327208087 1.0
13.0 1.01463437788 1.0
89.0 1.03337108273 1.0
165.0 0.0949090056361 1.0
66.0 0.947910990937 1.0
103.0 1.02133989165 1.0
131.0 0.978354109884 1.0
69.0 1.00991095877 1.0
155.0 1.01469556308 1.0
91.0 1.05304533252 1.0
68.0 1.03937929435 1.0
118.0 0.971209469846 1.0
44.0 0.99958429094 1.0
180.0 0.790793114511 1.0
34.0 1.00769861996 1.0
145.0 1.02112285422 1.0
116.0 1.027999524 1.0
149.0 1.00886928012 1.0
object 8	1.0:1.0
120.0 0.997200759902 1.0
93.0 0.959881501498 1.0
154.0 1.03446263764 1.0
49.0 1.01041897528 1.0
98.0 0.90975241288 1.0
26.0 0.956814990348 1.0
75.0 0.981960714664 1.0
145.0 1.00277767689 1.0
96.0 0.978423753208 1.0
100.0 0.97167289881 1.0
17.0 0.996586523769 1.0
171.0 2.77996394495 1.0
133.0 0.996407103351 1.0
40.0 0.981224637761 1.0
95.0 0.990733741453 1.0
187.0 -1.21614923193 1.0
114.0 1.01484707935 1.0
161.0 1.01041543442 1.0
85.0 1.05579188889 1.0
116.0 0.974906575293 1.0
32.0 1.00393064011 1.0
79.0 1.01536836325 1.0
198.0 4.92830645773 1.0
object 9	1.0:1.0
25.0 1.01348255478 1.0
184.0 4.92492897962 1.0
161.0 -0.17317874085 1.0
84.0 1.01635794671 1.0
47.0 0.927317630519 1.0
10.0 0.980397658439 1.0
8.0 0.999442823567 1.0
181.0 -3.98624250089 1.0
154.0 1.02035380293 1.0
102.0 1.02856123837 1.0
7.0 0.985361134498 1.0
86.0 0.935784914183 1.0
194.0 0.733715191346 1.0
142.0 1.0429474445 1.0
65.0 1.01223862156 1.0
175.0 0.558980566039 1.0
74.0 0.979534176005 1.0
81.0 0.998312452661 1.0
66.0 1.00737167731 1.0
73.0 0.972280699277 1.0
157.0 1.02561576968 1.0
20.0 0.997280690674 1.0
39.0 1.00980169024 1.0
78.0 0.953768845168 1.0
127.0 0.995796631758 1.0
174.0 -2.04483278423 1.0
54.0 1.03304279013 1.0
object 10	1.0:1.0
66.0 1.0105562191 1.0
153.0 1.02207610877 1.0
46.0 1.05206819362 1.0
117.0 1.03490315778 1.0
58.0 1.0090281443 1.0
50.0 0.931247629033 1.0
55.0 1.04437228847 1.0
40.0 1.00956083954 1.0
7.0 0.983877500876 1.0
47.0 0.909563222805 1.0
33.0 1.01501113034 1.0
183.0 -2.39590935327 1.0
133.0 1.0000449152 1.0
97.0 0.991193161641 1.0
179.0 3.24816457237 1.0
object 11	1.0:1.0
126.0 0.976313743746 1.0
95.0 0.996358234283 1.0
162.0 0.760989705979 1.0
9.0 1.01510813598 1.0
91.0 0.935537347109 1.0
109.0 0.987235809659 1.0
46.0 1.03701029499 1.0
142.0 0.982445165144 1.0
157.0 1.01736884889 1.0
68.0 1.03673477565 1.0
188.0 0.232497519534 1.0
20.0 1.11715967155 1.0
27.0 0.99284839997 1.0
167.0 -0.766889554206 1.0
70.0 1.03976695045 1.0
3.0 1.02298042028 1.0
123.0 0.993479491449 1.0
66.0 0.96607762744 1.0
object 12	1.0:1.0
66.0 0.992633329508 1.0
116.0 1.03834935314 1.0
52.0 0.956121627077 1.0
80.0 1.03694726549 1.0
186.0 2.53874648648 1.0
112.0 1.02366025743 1.0
9.0 1.00743126057 1.0
175.0 1.0471535887 1.0
184.0 8.96678783774 1.0
91.0 0.96050315944 1.0
46.0 0.986034730478 1.0
103.0 1.01708652522 1.0
123.0 0.939487415709 1.0
50.0 0.989392174956 1.0
68.0 1.04437495719 1.0
136.0 0.964423649699 1.0
125.0 0.99136263852 1.0
192.0 -1.66891071321 1.0
8.0 0.99386042969 1.0
120.0 1.01027712063 1.0
173.0 -1.3605687945 1.0
object 13	1.0:1.0
28.0 0.935242360453 1.0
78.0 0.977573235081 1.0
15.0 1.01131042135 1.0
180.0 0.444191600815 1.0
46.0 1.05872242206 1.0
9.0 0.971136117584 1.0
51.0 0.971043585347 1.0
107.0 0.926116420483 1.0
143.0 1.01193241665 1.0
82.0 1.03597045247 1.0
165.0 2.19316606653 1.0
124.0 0.993305270623 1.0
19.0 1.02067677231 1.0
177.0 -2.00912815478 1.0
1.0 0.985306119217 1.0
88.0 1.01865697939 1.0
138.0 0.994166618777 1.0
178.0 3.55330492464 1.0
67.0 1.03447123407 1.0
182.0 3.23743913369 1.0
125.0 1.06009699344 1.0
171.0 0.852864991025 1.0
11.0 0.975867919575 1.0
62.0 1.01737292658 1.0
106.0 1.02776645733 1.0
196.0 -0.572449398061 1.0
163.0 0.025207063952 1.0
110.0 1.01716904926 1.0
30.0 0.989687743129 1.0
38.0 1.02816884631 1.0
199.0 0.11846910499 1.0
object 14	1.0:1.0
53.0 1.00519759847 1.0
152.0 1.03773512424 1.0
194.0 2.67670750615 1.0
74.0 1.00873475337 1.0
60.0 0.993173804229 1.0
146.0 1.00905096578 1.0
0.0 1.04154467882 1.0
94.0 1.02609848966 1.0
147.0 0.997935390821 1.0
38.0 0.996889963948 1.0
165.0 2.40792306506 1.0
142.0 1.0319587484 1.0
81.0 0.986662455322 1.0
61.0 0.995589607067 1.0
104.0 1.00549126991 1.0
85.0 0.974401388997 1.0
137.0 0.999562007275 1.0
151.0 1.00742556725 1.0
86.0 0.965044012487 1.0
45.0 0.989020980293 1.0
154.0 1.00094337384 1.0
115.0 1.00120952206 1.0
101.0 0.984177736481 1.0
object 15	1.0:1.0
89.0 1.00335171045 1.0
117.0 1.0525723528 1.0
45.0 1.00516549049 1.0
38.0 0.998863517427 1.0
10.0 1.0336064586 1.0
49.0 1.00959124261 1.0
110.0 1.02662114655 1.0
19.0 1.01377508694 1.0
1.0 1.00345359289 1.0
36.0 0.976744383481 1.0
184.0 5.79953601125 1.0
166.0 1.89315631966 1.0
185.0 -2.04537184474 1.0
96.0 0.956384341805 1.0
56.0 1.01192049268 1.0
149.0 0.982175084787 1.0
169.0 1.6181544982 1.0
104.0 0.994570214538 1.0
object 16	1.0:1.0
133.0 0.993381279487 1.0
182.0 2.80341854078 1.0
172.0 2.07688007906 1.0
39.0 0.988402395957 1.0
192.0 3.94718773398 1.0
112.0 0.979043227015 1.0
34.0 0.94342990228 1.0
19.0 1.0053357729 1.0
30.0 1.00499618571 1.0
123.0 1.00492742324 1.0
43.0 1.00552902438 1.0
11.0 0.94549787806 1.0
105.0 1.03996656283 1.0
171.0 1.00845137961 1.0
85.0 0.885252869981 1.0
29.0 0.947404196685 1.0
31.0 1.08759848509 1.0
49.0 0.992462354499 1.0
15.0 0.985927411837 1.0
191.0 -4.00314518721 1.0
90.0 1.05937348024 1.0
28.0 0.955354543157 1.0
152.0 1.02543191275 1.0
50.0 0.997388079008 1.0
object 17	1.0:1.0
68.0 0.994168013164 1.0
65.0 0.999271034599 1.0
141.0 0.970693899213 1.0
195.0 -0.398132807027 1.0
148.0 1.00468701193 1.0
42.0 0.995410293809 1.0
97.0 0.97082344273 1.0
109.0 1.03790887162 1.0
169.0 -0.450845660751 1.0
168.0 1.06979837072 1.0
3.0 0.998490657108 1.0
118.0 0.991568115007 1.0
116.0 0.999707906089 1.0
33.0 1.00135247851 1.0
6.0 0.977780822739 1.0
52.0 1.00926302608 1.0
122.0 1.00662227204 1.0
105.0 1.02251472045 1.0
175.0 4.44650336111 1.0
196.0 -0.335411484018 1.0
160.0 -3.37792292547 1.0
124.0 0.981219127414 1.0
176.0 2.90693152864 1.0
165.0 0.00491115506181 1.0
object 18	1.0:1.0
56.0 1.00265333066 1.0
106.0 1.04249508918 1.0
38.0 0.992132080278 1.0
150.0 1.03143955754 1.0
144.0 0.982507574159 1.0
4.0 0.988076907983 1.0
25.0 1.01470562214 1.0
109.0 0.97162987347 1.0
48.0 1.03814584588 1.0
100.0 0.980357703395 1.0
53.0 0.997833255494 1.0
12.0 0.966468694644 1.0
14.0 0.996954436897 1.0
70.0 1.06388508505 1.0
123.0 0.978603955262 1.0
69.0 1.02537974188 1.0
81.0 1.01727791562 1.0
164.0 -5.22728462226 1.0
23.0 1.0189304965 1.0
108.0 0.96807815798 1.0
183.0 2.7395733833 1.0
52.0 0.941751216136 1.0
154.0 0.922605347047 1.0
60.0 0.995438645648 1.0
object 19	1.0:1.0
4.0 0.97518462628 1.0
117.0 0.991126948032 1.0
197.0 4.8476826943 1.0
28.0 0.995416545443 1.0
145.0 0.973091682606 1.0
136.0 1.05079401566 1.0
120.0 0.974336589618 1.0
174.0 6.68232202443 1.0
68.0 0.942552435578 1.0
167.0 2.62955339327 1.0
26.0 1.00445521113 1.0
135.0 0.994791394674 1.0
180.0 -0.312228749347 1.0
24.0 0.953783118987 1.0
99.0 1.02381006734 1.0
111.0 0.97621526786 1.0
178.0 4.23536634249 1.0
141.0 0.949675113759 1.0
40.0 1.03805050718 1.0
194.0 2.27015589737 1.0
168.0 2.91179811428 1.0
171.0 0.619709509687 1.0
157.0 0.999145973691 1.0
90.0 0.926500296924 1.0
125.0 1.01215518695 1.0
105.0 1.07702954666 1.0
87.0 1.04104792638 1.0
140.0 1.03859159449 1.0
object 20	1.0:1.0
134.0 0.994395480282 1.0
167.0 2.07742381895 1.0
120.0 1.06863884882 1.0
72.0 0.964597026439 1.0
187.0 -1.32217000343 1.0
147.0 0.993724842259 1.0
114.0 1.04639744913 1.0
196.0 -0.080790850425 1.0
52.0 1.00720226468 1.0
39.0 0.957285714762 1.0
95.0 0.985454935121 1.0
30.0 1.01731756649 1.0
47.0 0.910538240259 1.0
23.0 1.00864119013 1.0
182.0 5.48393159424 1.0
21.0 1.08293243491 1.0
158.0 0.998748308667 1.0
144.0 1.05556696251 1.0
143.0 1.00876385832 1.0
4.0 0.975171932341 1.0
115.0 0.999269103782 1.0
180.0 3.97972824527 1.0
109.0 1.03081250425 1.0
154.0 1.07523642041 1.0
163.0 2.22754053566 1.0
192.0 -0.260350405867 1.0
40.0 0.974656807247 1.0
89.0 1.00448644062 1.0
33.0 0.973413819488 1.0
28.0 1.0448283106 1.0
153.0 0.997019558263 1.0
80.0 1.00079283533 1.0
9.0 0.98981198476 1.0
object 21	1.0:1.0
111.0 0.997597169188 1.0
130.0 0.971091948564 1.0
166.0 -1.93751561493 1.0
63.0 1.00211048554 1.0
56.0 0.966440773621 1.0
75.0 1.0128187578 1.0
18.0 0.981160963492 1.0
72.0 0.966093401028 1.0
1.0 0.96786633412 1.0
88.0 0.97064878487 1.0
140.0 0.989582425087 1.0
50.0 0.990805979994 1.0
30.0 0.999078302891 1.0
5.0 0.990388169467 1.0
176.0 1.18011574463 1.0
128.0 0.971027186621 1.0
149.0 0.994971825997 1.0
82.0 1.00501238526 1.0
189.0 0.742449975601 1.0
179.0 -0.586232017677 1.0
120.0 1.02606150107 1.0
103.0 0.971236228191 1.0
148.0 1.00481703771 1.0
191.0 -8.98107717409 1.0
object 22	1.0:1.0
95.0 0.998323071135 1.0
186.0 5.23327683604 1.0
42.0 0.989468102576 1.0
109.0 0.99741905434 1.0
49.0 1.00050617441 1.0
179.0 0.456377540243 1.0
152.0 0.92947593641 1.0
133.0 0.996843739337 1.0
158.0 0.992527708502 1.0
80.0 0.997329098638 1.0
98.0 0.93606595349 1.0
51.0 0.998854822897 1.0
159.0 1.01254814302 1.0
154.0 1.00558052619 1.0
19.0 1.02718140524 1.0
145.0 0.95612609681 1.0
64.0 0.971877256716 1.0
43.0 1.0333811272 1.0
23.0 1.02061564817 1.0
100.0 0.94312165899 1.0
111.0 1.01065388688 1.0
24.0 0.987603604569 1.0
37.0 0.994680127068 1.0
38.0 1.00555871302 1.0
91.0 0.972121015316 1.0
124.0 0.997491420763 1.0
2.0 1.015550956 1.0
120.0 0.986659428332 1.0
53.0 0.990491456715 1.0
11.0 0.887417986058 1.0
27.0 0.991147091505 1.0
25.0 1.01565959119 1.0
138.0 1.0135322998 1.0
198.0 2.01560643562 1.0
167.0 -1.65724312675 1.0
object 23	1.0:1.0
33.0 1.00020987865 1.0
175.0 2.90701698182 1.0
182.0 0.937766887391 1.0
98.0 1.02460719007 1.0
30.0 0.988304271492 1.0
70.0 1.00153735632 1.0
191.0 5.73793198453 1.0
178.0 -0.612513051305 1.0
71.0 0.985391431834 1.0
137.0 0.995337799925 1.0
26.0 1.0448077475 1.0
94.0 0.989171668656 1.0
99.0 1.01216866981 1.0
159.0 1.02367690577 1.0
198.0 2.37842835366 1.0
14.0 0.996562927121 1.0
80.0 0.994946616358 1.0
9.0 0.989798185992 1.0
144.0 1.03497946301 1.0
29.0 0.94581305495 1.0
172.0 -2.69102296686 1.0
5.0 1.00217987105 1.0
73.0 0.950950289935 1.0
177.0 2.18395795287 1.0
24.0 1.03561996705 1.0
96.0 0.971642915443 1.0
32.0 0.987578162459 1.0
114.0 1.02029406434 1.0
object 24	1.0:1.0
11.0 0.949926644637 1.0
185.0 3.35552504387 1.0
186.0 2.83340788991 1.0
32.0 1.01538662426 1.0
54.0 1.00466516137 1.0
151.0 1.00123036757 1.0
8.0 1.06246963273 1.0
29.0 1.00916525835 1.0
135.0 0.961899056999 1.0
16.0 1.02519108846 1.0
123.0 0.954481965581 1.0
178.0 0.696416481399 1.0
70.0 0.992890009826 1.0
20.0 0.916061656548 1.0
198.0 -0.434289582658 1.0
90.0 0.941487326039 1.0
84.0 0.973994498361 1.0
159.0 0.943639082959 1.0
65.0 0.999397055106 1.0
10.0 0.99689455778 1.0
163.0 0.720072348717 1.0
112.0 1.04655004906 1.0
155.0 1.01532064721 1.0
154.0 0.980358548787 1.0
43.0 0.992002517251 1.0
122.0 0.968931115575 1.0
130.0 1.00878824046 1.0
105.0 1.01995197492 1.0
136.0 0.993645939573 1.0
82.0 1.01934308525 1.0
object 25	1.0:1.0
27.0 1.01155162608 1.0
93.0 1.04155641199 1.0
15.0 0.994052027907 1.0
69.0 0.984105577942 1.0
59.0 0.991707585583 1.0
47.0 1.04228280967 1.0
157.0 1.0153542443 1.0
50.0 1.11930325266 1.0
102.0 1.00431182792 1.0
138.0 1.00493140419 1.0
7.0 0.990810183639 1.0
121.0 1.00886147296 1.0
46.0 0.969652472683 1.0
139.0 1.07945912784 1.0
37.0 0.977239757741 1.0
70.0 1.03908065128 1.0
41.0 0.989763903693 1.0
151.0 1.01056168967 1.0
143.0 0.956478856707 1.0
29.0 1.00921021854 1.0
90.0 1.10775760381 1.0
object 26	1.0:1.0
59.0 0.98844263714 1.0
148.0 0.995366115358 1.0
100.0 1.00081309504 1.0
37.0 1.02126284107 1.0
143.0 0.957050267725 1.0
39.0 1.03301929032 1.0
81.0 1.00390948503 1.0
159.0 1.02191815641 1.0
150.0 1.01891010723 1.0
53.0 0.986639681082 1.0
71.0 1.00864359304 1.0
111.0 1.00642650767 1.0
119.0 0.980220948488 1.0
161.0 -0.783089093215 1.0
192.0 5.15279780474 1.0
120.0 0.978965586453 1.0
42.0 0.973585704105 1.0
182.0 -2.67384437445 1.0
110.0 1.038241157 1.0
38.0 0.975610986801 1.0
114.0 0.988212600655 1.0
30.0 1.00750033976 1.0
72.0 1.03793012088 1.0
object 27	1.0:1.0
1.0 0.983974347255 1.0
11.0 1.01317081153 1.0
74.0 1.01137392775 1.0
48.0 0.964863976317 1.0
92.0 1.04143254766 1.0
189.0 1.52092753069 1.0
115.0 1.04465471253 1.0
90.0 1.00260544587 1.0
84.0 0.983476065742 1.0
159.0 0.982717265045 1.0
4.0 1.0109699136 1.0
128.0 1.02483522896 1.0
60.0 0.991801235611 1.0
188.0 1.85158143018 1.0
93.0 1.05797884795 1.0
79.0 0.973073536053 1.0
10.0 0.990868326724 1.0
198.0 -2.29942061326 1.0
138.0 1.00469908199 1.0
122.0 0.996493749349 1.0
148.0 0.970528222767 1.0
66.0 1.04878996964 1.0
183.0 2.78883896522 1.0
object 28	1.0:1.0
133.0 0.985124053547 1.0
162.0 1.63284131461 1.0
97.0 0.961036072617 1.0
145.0 0.992048394163 1.0
192.0 2.65592591853 1.0
86.0 1.04931337866 1.0
148.0 0.980990323359 1.0
94.0 0.979074910483 1.0
51.0 1.00405885391 1.0
124.0 0.96294113749 1.0
34.0 0.949193579722 1.0
21.0 0.991138144929 1.0
120.0 0.98631612246 1.0
96.0 1.02927553443 1.0
193.0 -0.237219523636 1.0
81.0 1.02506212047 1.0
22.0 1.01772455258 1.0
144.0 1.03283154889 1.0
85.0 1.00637390956 1.0
187.0 3.4367353645 1.0
126.0 1.00778904018 1.0
30.0 0.996665398827 1.0
147.0 1.00164091776 1.0
146.0 0.995685574078 1.0
80.0 0.99338275852 1.0
116.0 1.01289034579 1.0
19.0 0.994690317169 1.0
140.0 0.977942155324 1.0
73.0 1.05105491926 1.0
186.0 -5.86258261632 1.0
object 29	1.0:1.0
100.0 0.98816429041 1.0
97.0 0.976945355533 1.0
69.0 0.978415655283 1.0
70.0 1.04467767244 1.0
26.0 1.03310020818 1.0
102.0 0.987494101899 1.0
1.0 1.02960068311 1.0
126.0 0.973438117072 1.0
181.0 2.37355086771 1.0
27.0 1.00488607284 1.0
53.0 0.992661286949 1.0
128.0 1.00318343127 1.0
145.0 0.998802020639 1.0
127.0 1.00688391684 1.0
37.0 0.996514802994 1.0
109.0 0.973687888703 1.0
143.0 1.00262794669 1.0
132.0 0.968907342484 1.0
110.0 1.01325088441 1.0
135.0 0.996550856938 1.0
171.0 -0.286957624565 1.0
7.0 1.00727954525 1.0
89.0 0.974346221939 1.0
156.0 0.985047687001 1.0
157.0 0.990098500366 1.0
4.0 0.974177075002 1.0
object 30	1.0:1.0
104.0 0.996712668659 1.0
170.0 -6.72626254756 1.0
22.0 0.985323042614 1.0
110.0 1.00194538483 1.0
52.0 0.932044294447 1.0
146.0 0.993054617225 1.0
79.0 1.0044406102 1.0
97.0 0.988889021729 1.0
130.0 0.993974131848 1.0
82.0 0.961943585473 1.0
126.0 1.00698703783 1.0
1.0 1.0043945766 1.0
196.0 8.3738667707 1.0
108.0 0.964171120469 1.0
25.0 1.01545716576 1.0
101.0 1.01364432715 1.0
50.0 1.01896369515 1.0
65.0 0.997577039124 1.0
object 31	1.0:1.0
102.0 1.01633727723 1.0
184.0 -3.526006399 1.0
132.0 1.03098459394 1.0
164.0 9.16592915402 1.0
147.0 1.00966217464 1.0
38.0 1.00568158724 1.0
40.0 1.01768167527 1.0
155.0 1.00838255219 1.0
135.0 1.00805384153 1.0
194.0 9.97776093038 1.0
142.0 1.05966476111 1.0
76.0 1.06188261974 1.0
126.0 0.999316506421 1.0
151.0 1.01148634473 1.0
21.0 1.05528985896 1.0
6.0 0.987378695451 1.0
143.0 0.998012882014 1.0
97.0 1.01502423808 1.0
94.0 1.02463645375 1.0
73.0 0.929561163102 1.0
85.0 1.01000715911 1.0
33.0 0.995935832135 1.0
88.0 1.0013660656 1.0
157.0 0.966565177553 1.0
192.0 0.711520260577 1.0
object 32	1.0:1.0
82.0 1.00157351008 1.0
140.0 1.06108126757 1.0
106.0 1.00641337047 1.0
105.0 1.00002762881 1.0
111.0 0.991236008511 1.0
185.0 0.283606465601 1.0
110.0 0.993685508711 1.0
64.0 0.954080395883 1.0
160.0 2.23994719551 1.0
162.0 1.73324279759 1.0
126.0 1.01391002967 1.0
87.0 1.00208485282 1.0
121.0 1.03449579463 1.0
137.0 1.01460031406 1.0
91.0 0.988254927073 1.0
37.0 1.00003433433 1.0
52.0 0.98862854211 1.0
67.0 1.03627280434 1.0
63.0 0.98765920772 1.0
19.0 1.01401477638 1.0
148.0 1.01557481223 1.0
158.0 1.03399937779 1.0
199.0 -4.4096848664 1.0
object 33	1.0:1.0
127.0 1.00585682986 1.0
21.0 0.97132631586 1.0
48.0 1.00723231021 1.0
30.0 1.00231962249 1.0
130.0 1.04428009352 1.0
198.0 -2.50509056783 1.0
152.0 1.00347205865 1.0
190.0 0.43250998425 1.0
19.0 0.966415290321 1.0
114.0 0.930620661544 1.0
36.0 0.964499088414 1.0
176.0 3.47445249093 1.0
52.0 0.990290028335 1.0
42.0 1.04288627198 1.0
174.0 3.77177850691 1.0
188.0 0.44252085481 1.0
78.0 1.03373870969 1.0
27.0 1.01378044277 1.0
80.0 1.03289644662 1.0
171.0 -0.210082540358 1.0
99.0 0.978682563442 1.0
63.0 0.962093488989 1.0
23.0 1.00461666375 1.0
3.0 1.00374837788 1.0
133.0 1.00557108351 1.0
145.0 0.977344493154 1.0
object 34	1.0:1.0
188.0 1.75492871376 1.0
144.0 0.975329033879 1.0
181.0 -0.969163510298 1.0
155.0 0.988982942711 1.0
109.0 0.971093969525 1.0
20.0 0.955563750126 1.0
107.0 0.993708551525 1.0
82.0 1.02008014328 1.0
105.0 1.01484750018 1.0
71.0 0.974614526922 1.0
53.0 1.00838099325 1.0
146.0 0.959819504721 1.0
156.0 0.982175051971 1.0
74.0 1.00055880871 1.0
169.0 2.17628198884 1.0
58.0 1.00271457774 1.0
30.0 1.01054713651 1.0
184.0 -0.731878078326 1.0
49.0 0.981532107453 1.0
86.0 0.97733064297 1.0
117.0 1.04496169293 1.0
178.0 11.3464179603 1.0
137.0 0.974522505164 1.0
43.0 1.00707949546 1.0
162.0 2.81275456935 1.0
73.0 1.02036181602 1.0
object 35	1.0:1.0
132.0 0.981562596127 1.0
153.0 0.921129654628 1.0
86.0 0.987292804098 1.0
26.0 0.960557098052 1.0
190.0 2.37061070925 1.0
172.0 -3.82837683289 1.0
192.0 4.0165558588 1.0
117.0 0.97753449085 1.0
186.0 -0.576569962709 1.0
47.0 1.00694657389 1.0
175.0 1.19687484629 1.0
29.0 1.0477352454 1.0
44.0 1.01090078933 1.0
151.0 1.0239180292 1.0
110.0 0.9799025977 1.0
182.0 -1.42539737491 1.0
79.0 0.978620933312 1.0
170.0 -4.77381498997 1.0
118.0 1.02206705931 1.0
object 36	1.0:1.0
184.0 -4.20166632241 1.0
72.0 0.946118207352 1.0
68.0 0.943946625167 1.0
189.0 0.812935671476 1.0
152.0 0.997405457052 1.0
34.0 1.02377060904 1.0
182.0 -1.83819718917 1.0
93.0 0.977037750027 1.0
30.0 0.997587597581 1.0
129.0 1.01872632123 1.0
141.0 0.999209619191 1.0
100.0 1.01592477882 1.0
185.0 -0.874845137133 1.0
91.0 0.978428212984 1.0
44.0 0.983641875458 1.0
74.0 0.966938932842 1.0
12.0 1.00817813191 1.0
1.0 0.974875805264 1.0
142.0 1.0032833978 1.0
63.0 0.985072190841 1.0
115.0 0.984039834445 1.0
object 37	1.0:1.0
45.0 1.00748854829 1.0
128.0 0.996922525812 1.0
24.0 1.0149163954 1.0
146.0 0.972115201924 1.0
54.0 1.00218386153 1.0
2.0 0.968365802386 1.0
0.0 1.02370619253 1.0
83.0 1.00531753118 1.0
41.0 1.01372251749 1.0
129.0 1.03236183528 1.0
90.0 1.00440303274 1.0
13.0 1.00508725867 1.0
148.0 0.981400522913 1.0
36.0 0.999571660215 1.0
86.0 0.940562092992 1.0
26.0 0.987595810429 1.0
72.0 1.09554940621 1.0
25.0 1.01054980848 1.0
113.0 1.01925392858 1.0
92.0 1.07790050729 1.0
165.0 3.33466455202 1.0
14.0 0.991913537915 1.0
141.0 1.03739179553 1.0
15.0 0.988154237345 1.0
object 38	1.0:1.0
71.0 0.978321475945 1.0
127.0 1.04172793241 1.0
94.0 0.960247115286 1.0
117.0 0.987656458769 1.0
110.0 1.01453112524 1.0
105.0 1.03588990746 1.0
74.0 0.95601399736 1.0
19.0 1.02012734194 1.0
50.0 1.04635193577 1.0
124.0 0.997710820651 1.0
24.0 1.02959052246 1.0
122.0 0.986270396426 1.0
92.0 0.990610629394 1.0
11.0 1.02465813033 1.0
135.0 0.986434929211 1.0
118.0 0.902507115042 1.0
37.0 0.993453540137 1.0
40.0 0.995656014983 1.0
5.0 0.978396514793 1.0
196.0 -7.31264336663 1.0
148.0 1.00880053056 1.0
43.0 1.00699995329 1.0
108.0 1.01307077526 1.0
object 39	1.0:1.0
15.0 1.01795815733 1.0
94.0 1.01203622374 1.0
145.0 0.975755422959 1.0
179.0 -1.82407906894 1.0
142.0 1.00117228299 1.0
21.0 1.00109779836 1.0
151.0 1.00058865744 1.0
82.0 0.980420913604 1.0
0.0 1.03222573337 1.0
103.0 1.03574242655 1.0
197.0 0.375380988676 1.0
102.0 0.976261317398 1.0
117.0 1.01207829541 1.0
181.0 6.19827330575 1.0
122.0 0.993494433216 1.0
130.0 0.986697210962 1.0
75.0 0.976724109645 1.0
164.0 5.76091666934 1.0
46.0 1.04833455602 1.0
23.0 1.01048486261 1.0
104.0 1.01232337358 1.0
object 40	1.0:1.0
71.0 0.986243576386 1.0
69.0 1.00519887682 1.0
80.0 1.0160045985 1.0
53.0 1.02384096048 1.0
132.0 0.974618160429 1.0
21.0 0.982057462101 1.0
28.0 0.966113280213 1.0
135.0 0.951601164607 1.0
57.0 1.03318338901 1.0
51.0 1.01773465102 1.0
123.0 1.01429115218 1.0
116.0 1.01669457679 1.0
74.0 1.0507133408 1.0
49.0 0.957106580848 1.0
164.0 -4.30587875595 1.0
62.0 1.03317133489 1.0
68.0 0.945840338797 1.0
77.0 1.02078489719 1.0
151.0 1.00679422854 1.0
145.0 1.00718301031 1.0
171.0 -0.420748265274 1.0
46.0 1.06535844361 1.0
23.0 1.00015230331 1.0
object 41	1.0:1.0
19.0 0.978357438866 1.0
117.0 1.05486674741 1.0
154.0 1.01074667086 1.0
9.0 1.0170633971 1.0
90.0 0.956263669517 1.0
76.0 1.00896919438 1.0
95.0 0.955191768057 1.0
193.0 6.83432306571 1.0
111.0 0.986706007234 1.0
92.0 0.972380306169 1.0
169.0 -1.82019640869 1.0
63.0 0.982268590984 1.0
54.0 0.888743576773 1.0
190.0 3.69544837409 1.0
11.0 0.954618702618 1.0
71.0 1.00374033146 1.0
43.0 0.990952149352 1.0
131.0 0.953897961515 1.0
173.0 8.37094215441 1.0
191.0 0.512192116208 1.0
91.0 1.01098440576 1.0
3.0 1.00134840671 1.0
128.0 1.0165124033 1.0
149.0 1.0140234953 1.0
15.0 0.985160017774 1.0
4.0 1.00568993315 1.0
100.0 0.956171779927 1.0
object 42	1.0:1.0
137.0 1.03554455062 1.0
159.0 0.947094938613 1.0
52.0 0.995441469253 1.0
143.0 0.993354086899 1.0
79.0 0.994591772397 1.0
17.0 0.989528906113 1.0
158.0 0.99218105542 1.0
150.0 0.938252198205 1.0
4.0 0.979240474737 1.0
45.0 1.00546721539 1.0
5.0 1.03515182281 1.0
95.0 0.981318484496 1.0
117.0 1.02528504643 1.0
163.0 0.697504083433 1.0
97.0 0.981893279186 1.0
92.0 0.96209874974 1.0
180.0 -2.14487148332 1.0
170.0 3.95748767408 1.0
19.0 0.985446361796 1.0
123.0 1.09569291752 1.0
148.0 0.991176376159 1.0
102.0 1.03307740388 1.0
165.0 2.43557380064 1.0
194.0 -8.80648034038 1.0
164.0 -2.83492062171 1.0
25.0 1.00306816826 1.0
object 43	1.0:1.0
82.0 1.02169983027 1.0
81.0 1.01839402333 1.0
174.0 2.13415490583 1.0
160.0 2.19519185599 1.0
59.0 0.98654956128 1.0
172.0 2.01348781358 1.0
105.0 1.00873261956 1.0
76.0 1.00322303471 1.0
116.0 0.99231237732 1.0
30.0 0.975493070279 1.0
34.0 0.981335371962 1.0
16.0 0.989060244112 1.0
42.0 0.989637039064 1.0
177.0 -1.52263942529 1.0
117.0 0.99119103349 1.0
17.0 1.00987254857 1.0
11.0 0.996588785239 1.0
78.0 1.05926468902 1.0
29.0 0.995650132101 1.0
109.0 1.01970736798 1.0
object 44	1.0:1.0
188.0 0.875749618902 1.0
168.0 1.7798376746 1.0
199.0 -5.43250250819 1.0
163.0 3.31967933547 1.0
114.0 1.05495528988 1.0
84.0 1.0006655211 1.0
175.0 -0.266517988889 1.0
45.0 1.00301074318 1.0
194.0 -0.841195417749 1.0
118.0 1.01429029025 1.0
24.0 0.986105728388 1.0
165.0 3.61189864124 1.0
149.0 0.999862621878 1.0
43.0 0.987040366249 1.0
120.0 0.965200364583 1.0
190.0 1.75255303734 1.0
59.0 0.977331931095 1.0
7.0 1.00167806446 1.0
36.0 1.01192815853 1.0
107.0 1.05428968406 1.0
77.0 0.982897123746 1.0
74.0 0.98063321454 1.0
10.0 1.01536862997 1.0
50.0 1.0155957206 1.0
object 45	1.0:1.0
110.0 1.03796920742 1.0
37.0 0.977518528045 1.0
33.0 1.02353822592 1.0
143.0 1.0198388691 1.0
20.0 1.02925392245 1.0
132.0 1.02983703367 1.0
40.0 1.01672474674 1.0
84.0 1.01524806206 1.0
14.0 1.01544379684 1.0
59.0 1.00470044135 1.0
63.0 1.00857677222 1.0
104.0 0.986269018309 1.0
80.0 0.998930159697 1.0
4.0 1.00089740539 1.0
15.0 0.99300085077 1.0
190.0 0.480467003821 1.0
13.0 1.015099808 1.0
83.0 1.02924672198 1.0
198.0 -1.50038659991 1.0
46.0 0.969259805486 1.0
55.0 0.961439058005 1.0
188.0 2.38380826091 1.0
5.0 0.989531905594 1.0
77.0 0.995079210429 1.0
7.0 0.940899279966 1.0
69.0 0.992262353176 1.0
171.0 -0.681757233845 1.0
object 46	1.0:1.0
111.0 0.999456514887 1.0
181.0 3.62384040541 1.0
137.0 1.08623571343 1.0
102.0 1.04395890302 1.0
146.0 1.03115520347 1.0
115.0 1.03709892632 1.0
82.0 0.998053441749 1.0
100.0 1.00705734947 1.0
33.0 0.981138318567 1.0
40.0 0.997516107247 1.0
158.0 1.01028783791 1.0
38.0 1.03683730783 1.0
72.0 1.05066219648 1.0
27.0 1.02057710704 1.0
50.0 1.01909378584 1.0
81.0 1.00300399572 1.0
156.0 1.01791431945 1.0
67.0 0.988389150865 1.0
15.0 1.00006767819 1.0
58.0 1.01648320787 1.0
189.0 0.937943380889 1.0
29.0 0.961425021661 1.0
185.0 2.56537165934 1.0
55.0 0.967245783343 1.0
136.0 1.00917660158 1.0
198.0 3.17630196105 1.0
16.0 0.993975906541 1.0
194.0 1.98470922595 1.0
163.0 -1.78828483545 1.0
60.0 1.00721753401 1.0
object 47	1.0:1.0
147.0 0.98247504568 1.0
188.0 0.64856843827 1.0
186.0 2.24833825791 1.0
199.0 4.35956512431 1.0
155.0 0.980202145653 1.0
58.0 1.02774556293 1.0
120.0 1.0442065074 1.0
45.0 0.969993470134 1.0
22.0 0.995616202359 1.0
116.0 0.970642252706 1.0
160.0 2.58859940339 1.0
154.0 0.952092250431 1.0
47.0 1.02489897227 1.0
96.0 1.09999597988 1.0
166.0 -0.660469328234 1.0
108.0 0.983833346001 1.0
129.0 1.02725251917 1.0
79.0 1.00909118357 1.0
81.0 0.999351387413 1.0
104.0 1.03552367287 1.0
6.0 1.01766266664 1.0
185.0 1.38851525657 1.0
56.0 1.0096042655 1.0
18.0 1.03038547594 1.0
112.0 1.01386832229 1.0
177.0 1.64106904837 1.0
102.0 1.03264686989 1.0
121.0 0.980152303639 1.0
object 48	1.0:1.0
79.0 1.01961902937 1.0
193.0 0.968012824183 1.0
144.0 1.07016864622 1.0
99.0 0.977251720427 1.0
195.0 5.28004358954 1.0
137.0 0.995856837497 1.0
97.0 0.967777559336 1.0
105.0 0.976046833059 1.0
128.0 1.0042898036 1.0
196.0 3.24058532362 1.0
192.0 -3.40563508655 1.0
173.0 -0.449660392632 1.0
155.0 0.990561678835 1.0
89.0 1.01603593691 1.0
88.0 1.00732782624 1.0
34.0 0.983959169462 1.0
190.0 0.989076354104 1.0
106.0 0.981847043286 1.0
6.0 0.968492218908 1.0
object 49	1.0:1.0
31.0 0.990859120412 1.0
17.0 0.988947860843 1.0
103.0 1.01415741678 1.0
28.0 0.99895088316 1.0
152.0 1.05624171322 1.0
58.0 1.00689584392 1.0
182.0 -0.632773833339 1.0
66.0 1.01776042935 1.0
183.0 -1.7917319936 1.0
8.0 0.985748857407 1.0
102.0 0.998154608774 1.0
34.0 0.981602026965 1.0
26.0 1.00098410089 1.0
126.0 1.00315705544 1.0
185.0 2.12195247598 1.0
156.0 0.998299039199 1.0
195.0 1.76352606315 1.0
60.0 1.00410787076 1.0
135.0 0.965246048107 1.0
128.0 1.01467165619 1.0
99.0 1.00334020091 1.0
10.0 1.00092063811 1.0
198.0 1.37715541928 1.0
179.0 -5.46566865731 1.0
object 50	1.0:0.5 -6.73811824509:0.5
31.0 0.97051006322 0.0
136.0 1.01797827609 0.0
19.0 0.99729847619 0.0
40.0 1.02515917484 0.0
48.0 -6.82864954284 1.0
79.0 -6.80196122816 1.0
11.0 -6.7130686945 1.0
188.0 1.47397816117 0.0
60.0 1.02907256627 0.0
176.0 -6.68318326003 1.0
92.0 0.930676364348 0.0
34.0 -6.7588639471 1.0
99.0 1.00213593334 0.0
115.0 0.962246798368 0.0
137.0 -6.6927305636 1.0
74.0 -6.71917036737 1.0
37.0 0.972245022949 0.0
114.0 1.00928303145 0.0
107.0 0.962424309646 0.0
86.0 -6.74761279979 1.0
183.0 -1.67605424768 0.0
104.0 1.06520447556 0.0
25.0 -6.71780258007 1.0
199.0 -5.53996761264 1.0
24.0 -6.72103726283 1.0
87.0 -6.70187371316 1.0
178.0 -6.60156968049 1.0
67.0 -6.77563499571 1.0
98.0 1.05921290279 0.0
80.0 -6.67992624847 1.0
30.0 1.06879308407 0.0
2.0 1.045461807 0.0
object 51	1.0:0.5 -7.02511387259:0.5
179.0 -0.418195021483 0.0
112.0 -6.9012667045 1.0
91.0 -6.92469524727 1.0
26.0 1.07165391777 0.0
64.0 1.04392115778 0.0
25.0 -6.99113956867 1.0
19.0 -7.08592837026 1.0
84.0 1.11093925262 0.0
100.0 -7.07838242478 1.0
132.0 -7.01229875799 1.0
129.0 0.98464700896 0.0
33.0 -6.97578890614 1.0
40.0 -6.95739310067 1.0
38.0 -7.07221757159 1.0
133.0 0.980723679265 0.0
73.0 -7.09656605345 1.0
object 52	1.0:0.5 -0.671283477647:0.5
54.0 -0.661940351363 1.0
114.0 1.00907427336 0.0
162.0 3.02583126836 0.0
66.0 0.945118466163 0.0
155.0 1.10123656631 0.0
158.0 -0.637006362589 1.0
70.0 1.02270452431 0.0
4.0 -0.675333493042 1.0
140.0 -0.590937636512 1.0
173.0 -4.89143822864 1.0
99.0 1.00256590311 0.0
161.0 -1.51481636066 1.0
178.0 -4.06456351991 0.0
166.0 -1.40305820377 1.0
150.0 -0.693717466495 1.0
167.0 -0.293444699338 1.0
180.0 -4.14533935378 1.0
87.0 -0.618709591005 1.0
148.0 1.00349091424 0.0
40.0 -0.762121671626 1.0
91.0 -0.624905925253 1.0
62.0 0.964122106184 0.0
15.0 -0.710969888522 1.0
198.0 -1.63571164623 0.0
24.0 -0.699542832386 1.0
object 53	1.0:0.5 -7.093194801:0.5
173.0 3.55021013006 0.0
88.0 -7.04919883785 1.0
183.0 2.84907008513 0.0
110.0 -7.02207259974 1.0
4.0 -7.12377133229 1.0
150.0 -7.08285161628 1.0
29.0 0.923500901609 0.0
44.0 -7.12639749927 1.0
180.0 -5.42377383562 1.0
101.0 -7.09994071224 1.0
31.0 -7.16429272414 1.0
48.0 0.906394228113 0.0
28.0 -7.11050080561 1.0
109.0 1.06070201349 0.0
176.0 -0.395917128579 0.0
81.0 0.926011115113 0.0
56.0 1.02882677999 0.0
106.0 -7.19160150471 1.0
143.0 -7.04530785757 1.0
158.0 -7.05954438379 1.0
161.0 -3.17437386604 0.0
147.0 -7.15768063593 1.0
148.0 0.996038634795 0.0
object 54	1.0:0.5 2.42504574274:0.5
127.0 2.35743308943 1.0
69.0 2.39204896995 1.0
161.0 2.23832949871 1.0
173.0 -0.29977166501 0.0
168.0 2.85441913123 1.0
82.0 2.47371397724 1.0
190.0 4.27632607834 1.0
77.0 2.40279366679 1.0
159.0 1.01167279401 0.0
88.0 2.43196990697 1.0
119.0 0.970395906149 0.0
81.0 0.999251571284 0.0
102.0 0.977970554265 0.0
44.0 2.56131531458 1.0
108.0 2.4391464186 1.0
1.0 1.01908052866 0.0
67.0 0.970938742493 0.0
11.0 2.41621198361 1.0
155.0 2.43438962911 1.0
78.0 0.966326818311 0.0
129.0 0.967792169255 0.0
171.0 1.96440708648 0.0
55.0 0.996915975658 0.0
59.0 2.40503514336 1.0
151.0 0.972296734087 0.0
118.0 2.46886845518 1.0
198.0 4.05026267096 1.0
58.0 1.03362979627 0.0
4.0 2.43283793728 1.0
object 55	1.0:0.5 3.08151706353:0.5
26.0 3.11603961884 1.0
167.0 0.47520770583 0.0
98.0 0.962287845569 0.0
53.0 3.13239419169 1.0
102.0 1.01908205518 0.0
172.0 0.0493672671941 0.0
152.0 0.884265209073 0.0
108.0 0.981258924759 0.0
71.0 1.05437547902 0.0
55.0 3.00632055343 1.0
160.0 3.31819028088 1.0
72.0 0.978541314351 0.0
object 56	1.0:0.5 16.9586082059:0.5
3.0 0.949567567564 0.0
115.0 16.9880153489 1.0
173.0 10.2342056989 0.0
55.0 16.9650519466 1.0
89.0 0.979166294317 0.0
53.0 16.9420900163 1.0
76.0 16.8353974318 1.0
16.0 16.9081081111 1.0
103.0 0.994763504842 0.0
7.0 17.0185324231 1.0
184.0 16.8282316969 1.0
125.0 17.0467426789 1.0
126.0 17.0583308188 1.0
27.0 16.9641598256 1.0
180.0 14.2525916875 1.0
82.0 0.94415286781 0.0
158.0 0.968566392153 0.0
141.0 16.8896544734 1.0
151.0 17.0155262218 1.0
185.0 17.269185245 1.0
object 57	1.0:0.5 10.0355253464:0.5
37.0 0.989419454444 0.0
177.0 10.8125255148 1.0
21.0 1.01351141163 0.0
33.0 9.94307815813 1.0
124.0 10.0784399227 1.0
110.0 10.0722046115 1.0
191.0 -1.25486110033 0.0
87.0 1.06749271621 0.0
7.0 10.1052555119 1.0
154.0 0.947925707244 0.0
114.0 9.97115028871 1.0
97.0 10.0926694904 1.0
43.0 10.0218918496 1.0
50.0 10.0602894122 1.0
153.0 10.0491267026 1.0
122.0 0.99160210582 0.0
196.0 10.424428229 1.0
71.0 1.00786213624 0.0
159.0 0.994394827298 0.0
63.0 10.0305053737 1.0
1.0 0.992027568265 0.0
12.0 0.939206786575 0.0
81.0 10.0180011605 1.0
58.0 9.84204357406 1.0
152.0 1.03004025122 0.0
192.0 2.50489893471 0.0
151.0 0.992385813349 0.0
object 58	1.0:0.5 2.62861015042:0.5
67.0 2.6476506594 1.0
38.0 1.04727601253 0.0
11.0 1.07007920417 0.0
40.0 2.65693106645 1.0
196.0 4.61338208758 0.0
160.0 3.6001484089 0.0
59.0 1.00458485158 0.0
108.0 2.64039304668 1.0
172.0 -1.79781959456 0.0
118.0 2.64544996775 1.0
141.0 1.04823792906 0.0
134.0 0.945097836405 0.0
63.0 0.922026681844 0.0
156.0 0.926138206268 0.0
157.0 1.00957939331 0.0
147.0 2.67327517477 1.0
175.0 2.96715499275 0.0
55.0 0.978730176063 0.0
30.0 0.97674823496 0.0
197.0 9.53055855961 1.0
97.0 2.73948229814 1.0
129.0 2.68687289842 1.0
171.0 4.72710025328 1.0
object 59	1.0:0.5 17.4966952452:0.5
198.0 15.5532614918 1.0
158.0 17.4987701035 1.0
16.0 17.4791814626 1.0
125.0 0.980678212622 0.0
27.0 17.545821742 1.0
71.0 17.5482098758 1.0
160.0 -4.0187928625 0.0
193.0 4.87172172775 0.0
197.0 2.69295785722 0.0
50.0 17.5099804751 1.0
177.0 17.5429951725 1.0
140.0 1.00009963207 0.0
0.0 17.474916977 1.0
21.0 17.5008151585 1.0
46.0 17.4623740179 1.0
92.0 1.11903607661 0.0
178.0 16.6693590958 1.0
49.0 1.03683388358 0.0
38.0 17.5503638039 1.0
183.0 19.2452729892 1.0
118.0 1.04788036926 0.0
14.0 0.966351647903 0.0
39.0 1.04238675044 0.0
48.0 0.929983427375 0.0
144.0 17.4879184221 1.0
15.0 0.950764264256 0.0
196.0 11.4978731086 1.0
object 60	1.0:0.5 5.21916880795:0.5
69.0 1.01444238553 0.0
127.0 0.985395795727 0.0
65.0 5.17332373406 1.0
164.0 9.75351079989 1.0
71.0 0.969371868712 0.0
6.0 5.22344080899 1.0
54.0 1.0128428256 0.0
108.0 5.21809295178 1.0
50.0 5.19076760543 1.0
42.0 5.21381812536 1.0
10.0 1.00431929747 0.0
97.0 0.933424387318 0.0
67.0 1.07284101717 0.0
66.0 0.96749697798 0.0
152.0 5.13003827184 1.0
130.0 5.1888114366 1.0
100.0 0.993245582587 0.0
46.0 0.884779221945 0.0
146.0 0.901628307899 0.0
188.0 2.49817401221 0.0
140.0 0.960690957071 0.0
0.0 1.01580568687 0.0
106.0 0.99510727731 0.0
object 61	1.0:0.5 -5.00955900016:0.5
186.0 0.528126135446 0.0
104.0 -5.0367315795 1.0
144.0 1.06411703643 0.0
152.0 -5.00212540059 1.0
112.0 0.938292935524 0.0
145.0 1.02663670738 0.0
151.0 0.989729272711 0.0
22.0 0.968777285319 0.0
189.0 10.5199159186 0.0
62.0 -4.98983905806 1.0
43.0 -5.04621020322 1.0
85.0 -4.96734632788 1.0
137.0 -5.06474315552 1.0
150.0 0.976968771525 0.0
55.0 0.995944184999 0.0
81.0 -5.03000978542 1.0
69.0 -4.95861268969 1.0
174.0 -0.757282424318 0.0
66.0 -5.06452236097 1.0
105.0 -5.02152749612 1.0
2.0 0.996162239595 0.0
object 62	1.0:0.5 2.14717488869:0.5
167.0 1.09495162912 0.0
140.0 0.898484088947 0.0
53.0 1.01502391493 0.0
107.0 2.22366288755 1.0
59.0 1.05669312556 0.0
186.0 0.0846966841543 0.0
147.0 2.14400871444 1.0
23.0 0.89120372869 0.0
79.0 1.08066532999 0.0
42.0 0.973850811876 0.0
66.0 2.16142358609 1.0
17.0 2.23649017702 1.0
5.0 1.00267349883 0.0
162.0 7.1134057233 0.0
133.0 1.10538494805 0.0
141.0 0.998802954964 0.0
49.0 2.10624106144 1.0
9.0 2.14445503248 1.0
object 63	1.0:0.5 7.47651208314:0.5
33.0 7.44413480648 1.0
144.0 0.940487044803 0.0
89.0 7.42366233825 1.0
25.0 0.961506177042 0.0
177.0 -5.25534300444 0.0
52.0 0.948734585489 0.0
153.0 7.44393811334 1.0
97.0 0.95495850325 0.0
62.0 1.01360756339 0.0
49.0 7.42268582613 1.0
175.0 7.01068943137 1.0
195.0 1.7337349403 0.0
184.0 2.08274242182 0.0
35.0 0.922201363006 0.0
179.0 6.33181942257 0.0
180.0 -1.84203189209 1.0
137.0 1.07876677695 0.0
183.0 7.1837578611 1.0
27.0 7.41526224605 1.0
object 64	1.0:0.5 -4.1321220257:0.5
118.0 -4.09816069504 1.0
121.0 -4.08524291148 1.0
60.0 -4.10600141349 1.0
165.0 -1.78937751475 1.0
134.0 -4.13896731289 1.0
149.0 0.928822003385 0.0
86.0 -4.16764708893 1.0
74.0 -4.14420480675 1.0
152.0 0.966487058427 0.0
7.0 0.933258914814 0.0
103.0 -4.12989062883 1.0
135.0 0.899919739676 0.0
44.0 1.05907997161 0.0
30.0 1.03226489475 0.0
62.0 -4.11417647618 1.0
95.0 -4.06712324316 1.0
26.0 1.01535217013 0.0
150.0 -4.12550437979 1.0
80.0 1.01724523795 0.0
24.0 -4.14593600798 1.0
126.0 1.06846940786 0.0
124.0 0.910510522527 0.0
90.0 0.962067966892 0.0
136.0 0.997083688028 0.0
object 65	1.0:0.5 3.58243353113:0.5
46.0 3.63250135092 1.0
198.0 5.51628575237 0.0
78.0 3.58324225615 1.0
185.0 4.26873041191 1.0
35.0 0.956433734072 0.0
53.0 3.55702193563 1.0
114.0 3.55494828973 1.0
118.0 3.51416471342 1.0
8.0 0.98150583372 0.0
82.0 1.02025863038 0.0
81.0 3.55984296932 1.0
7.0 3.5629713959 1.0
77.0 3.57330134653 1.0
30.0 3.62247775813 1.0
31.0 3.53899527393 1.0
131.0 3.60616472146 1.0
72.0 1.05486209343 0.0
186.0 3.36361578702 1.0
51.0 3.5975255015 1.0
145.0 1.00152976663 0.0
85.0 3.60460212847 1.0
173.0 2.08610120256 0.0
object 66	1.0:0.5 -4.7218500366:0.5
128.0 1.07992960513 0.0
197.0 -2.76805471802 1.0
145.0 0.941905700991 0.0
75.0 0.908754818591 0.0
127.0 -4.77536074299 1.0
27.0 1.00597624754 0.0
89.0 0.89037439012 0.0
191.0 -1.33547956394 1.0
16.0 1.14959675002 0.0
77.0 1.01810931946 0.0
138.0 -4.74450563339 1.0
190.0 -5.94542588803 1.0
52.0 1.0275667286 0.0
55.0 1.01033147338 0.0
156.0 1.01232063633 0.0
109.0 -4.71973443301 1.0
169.0 2.47051431777 0.0
114.0 1.04164287312 0.0
20.0 0.969375648143 0.0
13.0 -4.74420761609 1.0
179.0 0.737414770853 0.0
object 67	1.0:0.5 -13.6224577833:0.5
123.0 1.00485768615 0.0
182.0 -10.9945903621 1.0
160.0 -12.9869763964 1.0
100.0 -13.6386441714 1.0
128.0 1.00827576803 0.0
35.0 0.965341421765 0.0
110.0 1.03569836167 0.0
44.0 -13.6215116538 1.0
173.0 -18.514964517 1.0
60.0 0.961603332533 0.0
135.0 1.00040135883 0.0
29.0 -13.6486169904 1.0
89.0 1.01556838421 0.0
42.0 1.01558662474 0.0
114.0 0.950705335376 0.0
113.0 -13.6080183364 1.0
131.0 -13.6264229018 1.0
72.0 -13.6318889715 1.0
31.0 0.974927177636 0.0
41.0 0.898063182959 0.0
143.0 0.982620535741 0.0
52.0 -13.6422639791 1.0
8.0 -13.575895522 1.0
154.0 -13.6738810647 1.0
156.0 0.971642407098 0.0
28.0 -13.6256048759 1.0
18.0 -13.64408221 1.0
124.0 -13.676468168 1.0
118.0 -13.541836101 1.0
1.0 0.973191423072 0.0
23.0 0.966504252239 0.0
112.0 1.03109803478 0.0
107.0 0.893722840525 0.0
87.0 0.996588148785 0.0
object 68	1.0:0.5 2.33029415415:0.5
61.0 1.05953668884 0.0
25.0 1.03145895929 0.0
18.0 2.28933275596 1.0
78.0 0.980233879499 0.0
71.0 1.0518540429 0.0
95.0 2.36617020085 1.0
31.0 1.06624612208 0.0
21.0 0.963918861554 0.0
138.0 1.07050649842 0.0
43.0 2.32085473936 1.0
26.0 1.01769469017 0.0
38.0 1.0423259463 0.0
167.0 -0.449416355764 0.0
91.0 0.990050039911 0.0
100.0 0.910640218748 0.0
65.0 0.989039943858 0.0
94.0 0.943861883339 0.0
28.0 1.03092063104 0.0
192.0 1.13636105786 1.0
165.0 3.0108130289 1.0
object 69	1.0:0.5 -10.0628562429:0.5
43.0 -10.032920622 1.0
16.0 -9.98305384324 1.0
127.0 -10.0377132086 1.0
152.0 -10.0658511902 1.0
51.0 0.976087487316 0.0
102.0 -10.1087252632 1.0
24.0 -10.071992431 1.0
6.0 0.946276473809 0.0
135.0 1.08200825238 0.0
113.0 1.04088999236 0.0
147.0 -10.0967289733 1.0
161.0 -9.73481532965 0.0
185.0 -12.6260378123 1.0
15.0 0.982742710596 0.0
160.0 -8.69388836589 1.0
186.0 1.3394029046 0.0
33.0 0.980190422732 0.0
153.0 0.981959446902 0.0
130.0 -10.2086687761 1.0
22.0 -10.035260035 1.0
177.0 -12.4366038827 1.0
39.0 -10.0682507712 1.0
25.0 -9.9841809267 1.0
58.0 -10.0341915048 1.0
101.0 1.03888758415 0.0
195.0 -1.239937299 1.0
179.0 2.14269422125 0.0
131.0 -10.0809448684 1.0
128.0 -10.0777398611 1.0
object 70	1.0:0.5 12.2578518857:0.5
55.0 12.310275446 1.0
70.0 1.0091604386 0.0
56.0 12.2944949491 1.0
109.0 1.08431203344 0.0
170.0 10.9464784705 1.0
21.0 12.1618160041 1.0
190.0 9.11079103497 1.0
126.0 0.991624171101 0.0
145.0 1.07196977245 0.0
138.0 0.997140793785 0.0
46.0 12.2053081819 1.0
96.0 1.01377959023 0.0
33.0 12.2506005148 1.0
168.0 0.500137094859 0.0
136.0 12.3118027621 1.0
90.0 12.2388105453 1.0
180.0 1.3987360683 0.0
121.0 12.1936587967 1.0
31.0 0.988236342803 0.0
156.0 12.2646355308 1.0
108.0 12.2248549426 1.0
100.0 12.2465877628 1.0
160.0 -0.700611615188 0.0
197.0 13.2855132768 1.0
23.0 0.996055199206 0.0
60.0 12.288850249 1.0
147.0 0.962638488683 0.0
181.0 3.44435876511 0.0
76.0 12.2552939048 1.0
59.0 1.0288555987 0.0
51.0 12.2072742793 1.0
38.0 0.984882315621 0.0
47.0 12.3223367559 1.0
object 71	1.0:0.5 -15.7110671456:0.5
37.0 0.978190047836 0.0
149.0 1.01868698387 0.0
137.0 -15.8060846295 1.0
169.0 0.0143409040653 0.0
102.0 1.11745537869 0.0
17.0 0.982951079009 0.0
179.0 -19.7094318316 1.0
171.0 0.557600341731 0.0
52.0 0.970713385257 0.0
108.0 0.937832034744 0.0
166.0 -17.5157800666 1.0
194.0 0.260551463689 0.0
154.0 -15.6280157999 1.0
191.0 -16.5186965667 1.0
193.0 -16.7480029485 1.0
54.0 0.952836641967 0.0
111.0 -15.7436315214 1.0
35.0 -15.7083959444 1.0
79.0 1.01487882869 0.0
40.0 -15.6999540585 1.0
3.0 -15.617628106 1.0
131.0 0.992812201961 0.0
48.0 -15.681968153 1.0
130.0 0.911261661092 0.0
50.0 -15.7085633638 1.0
30.0 -15.7096633203 1.0
object 72	1.0:0.5 2.14634517005:0.5
35.0 2.13232471901 1.0
22.0 2.12183824306 1.0
124.0 1.09654916473 0.0
34.0 2.16854004594 1.0
156.0 2.22524244763 1.0
85.0 1.00201482909 0.0
151.0 0.967705294721 0.0
39.0 1.03859672874 0.0
46.0 2.13736322404 1.0
114.0 2.16217727756 1.0
9.0 2.09334349231 1.0
12.0 2.12731688803 1.0
23.0 0.970895532147 0.0
58.0 0.976432130744 0.0
111.0 2.23220951362 1.0
86.0 2.22665484972 1.0
136.0 1.01703243382 0.0
31.0 0.965225050607 0.0
43.0 1.06378357431 0.0
106.0 2.14550884477 1.0
172.0 -0.28655408191 1.0
50.0 2.24702031417 1.0
36.0 1.07127764292 0.0
192.0 -0.0423578778885 0.0
object 73	1.0:0.5 3.56779754493:0.5
162.0 3.56182395491 0.0
142.0 1.10233471982 0.0
93.0 3.61981490395 1.0
194.0 4.83589206811 1.0
124.0 1.04417587497 0.0
102.0 3.52244485955 1.0
21.0 1.01689004873 0.0
148.0 3.52134326739 1.0
70.0 0.969740152366 0.0
187.0 1.2639588949 1.0
199.0 10.65105809 1.0
120.0 3.74216255359 1.0
82.0 3.5408198562 1.0
75.0 3.58449408185 1.0
86.0 0.98870855114 0.0
43.0 0.951115961097 0.0
92.0 0.970011934506 0.0
44.0 1.00395027485 0.0
10.0 0.872381102276 0.0
41.0 3.58622688059 1.0
190.0 5.13645389319 1.0
158.0 0.975479659097 0.0
56.0 1.02441944652 0.0
99.0 1.00087607802 0.0
157.0 3.55903906159 1.0
169.0 0.449994927003 0.0
83.0 3.57519354319 1.0
32.0 0.995766858666 0.0
42.0 3.60559928394 1.0
object 74	1.0:0.5 5.64170090011:0.5
84.0 5.65414429388 1.0
40.0 1.01178663478 0.0
146.0 5.57191126672 1.0
41.0 5.57601820268 1.0
46.0 0.983796583007 0.0
100.0 1.03432775549 0.0
125.0 1.03185575225 0.0
10.0 5.67559871753 1.0
129.0 0.976458897998 0.0
192.0 2.54002853635 0.0
54.0 0.938085250859 0.0
69.0 5.65361157197 1.0
23.0 5.6859123082 1.0
102.0 1.03254063973 0.0
130.0 0.989310194345 0.0
156.0 0.943113889971 0.0
150.0 1.02224922391 0.0
27.0 5.66336953877 1.0
78.0 1.01779143269 0.0
71.0 1.05764555384 0.0
87.0 1.0390962216 0.0
object 75	1.0:0.5 11.2367410591:0.5
159.0 0.866139976173 0.0
50.0 0.968630199257 0.0
16.0 0.88811150673 0.0
137.0 0.962444378086 0.0
151.0 11.2834053174 1.0
48.0 11.1847991203 1.0
169.0 11.4649862079 1.0
96.0 11.2410146236 1.0
28.0 11.3473786065 1.0
176.0 11.8891778569 1.0
90.0 11.2214065997 1.0
69.0 11.2068100986 1.0
194.0 13.615324674 1.0
24.0 1.0599980289 0.0
52.0 11.234953999 1.0
157.0 1.00710551637 0.0
57.0 0.907898440863 0.0
180.0 10.4836335439 1.0
150.0 11.1618561271 1.0
12.0 0.985052567963 0.0
56.0 1.05706184122 0.0
184.0 0.397486294429 0.0
100.0 11.2109111909 1.0
122.0 1.04544695422 0.0
94.0 1.06489698103 0.0
89.0 1.00498306067 0.0
163.0 -2.81172083355 0.0
object 76	1.0:0.5 -5.9978500123:0.5
0.0 -6.092798951 1.0
126.0 -6.07582903003 1.0
121.0 -6.04587032289 1.0
177.0 -6.25930456294 1.0
171.0 -5.58495822045 1.0
76.0 0.9875643786 0.0
6.0 -5.90706999442 1.0
66.0 1.06447937444 0.0
160.0 2.61013050999 0.0
36.0 0.921037053735 0.0
8.0 1.00988988604 0.0
59.0 1.09520015272 0.0
13.0 1.06501151223 0.0
163.0 -3.79154346779 1.0
117.0 0.98854616249 0.0
114.0 -6.0163665159 1.0
148.0 1.03957980803 0.0
185.0 -8.03030860173 1.0
109.0 0.933421014324 0.0
61.0 1.01510861049 0.0
35.0 1.06654003517 0.0
129.0 -5.99637814461 1.0
124.0 -5.91124469861 1.0
object 77	1.0:0.5 11.4620430163:0.5
0.0 11.5576058876 1.0
23.0 11.3929921117 1.0
138.0 11.3914590085 1.0
161.0 8.39800358127 1.0
72.0 11.3997106527 1.0
190.0 0.781557594603 0.0
109.0 11.4682934263 1.0
111.0 11.4811398475 1.0
80.0 11.5062769726 1.0
89.0 1.00152266079 0.0
36.0 11.4295303588 1.0
17.0 11.4517322413 1.0
125.0 0.986670063479 0.0
157.0 11.4476828397 1.0
74.0 11.4369740572 1.0
187.0 -0.416154268174 0.0
129.0 1.05822577384 0.0
30.0 1.08869377934 0.0
66.0 11.5148700767 1.0
object 78	1.0:0.5 15.3573835173:0.5
122.0 15.2978700997 1.0
31.0 15.347604296 1.0
168.0 4.21805062114 0.0
103.0 1.03142172799 0.0
178.0 1.68610591421 0.0
177.0 14.6098906447 1.0
149.0 15.2962102364 1.0
47.0 15.3841993336 1.0
137.0 15.3730520935 1.0
199.0 -1.74278882479 0.0
160.0 0.52839888296 0.0
171.0 1.53414362539 0.0
133.0 1.05638740673 0.0
125.0 1.05328389057 0.0
112.0 1.01436426248 0.0
95.0 15.366809852 1.0
62.0 1.03262496948 0.0
85.0 0.954829032151 0.0
84.0 0.934331431424 0.0
16.0 15.2869190628 1.0
123.0 15.3449946016 1.0
194.0 1.09932905168 0.0
97.0 0.938170336689 0.0
96.0 0.992720214994 0.0
195.0 19.1558146337 1.0
150.0 1.04196080148 0.0
object 79	1.0:0.5 -11.6848069887:0.5
63.0 0.935986899033 0.0
81.0 -11.6350535595 1.0
186.0 3.7435081628 0.0
149.0 0.953378643568 0.0
35.0 0.949817244775 0.0
116.0 -11.7104070758 1.0
193.0 -3.06717696203 0.0
74.0 0.955889558998 0.0
76.0 0.979611003304 0.0
69.0 -11.6536482971 1.0
171.0 1.83094483668 0.0
20.0 0.936713347516 0.0
67.0 -11.6787920375 1.0
75.0 1.02315668158 0.0
101.0 1.11077502953 0.0
object 80	1.0:0.5 6.83677819704:0.5
173.0 8.68148732303 1.0
149.0 6.70915765438 1.0
165.0 1.42027888797 0.0
61.0 6.83559638359 1.0
47.0 6.85077055694 1.0
84.0 1.01535105447 0.0
155.0 1.05181333462 0.0
197.0 7.57293110683 1.0
97.0 6.81816534144 1.0
5.0 0.977146392902 0.0
82.0 1.04265551051 0.0
179.0 7.42333730931 1.0
193.0 5.9088543857 1.0
39.0 0.97615353718 0.0
15.0 6.81959740922 1.0
98.0 1.0333918866 0.0
75.0 6.85610962356 1.0
154.0 6.78716256466 1.0
object 81	1.0:0.5 -8.6061511128:0.5
123.0 1.00509459272 0.0
22.0 0.957933145188 0.0
42.0 -8.64564234741 1.0
137.0 0.995497476358 0.0
78.0 0.97720044105 0.0
17.0 -8.60033604876 1.0
45.0 1.11259207604 0.0
131.0 0.981688315083 0.0
108.0 1.03623433787 0.0
110.0 -8.65928192201 1.0
97.0 0.970729460251 0.0
66.0 1.01454650419 0.0
162.0 5.5166393485 0.0
119.0 1.08172257731 0.0
76.0 -8.44037874378 1.0
178.0 -1.42329388791 0.0
120.0 -8.62992169102 1.0
165.0 -9.08454540971 1.0
46.0 -8.6536314538 1.0
86.0 -8.61126750803 1.0
85.0 -8.62879863089 1.0
2.0 -8.62769417292 1.0
40.0 1.04217422656 0.0
80.0 -8.59605540294 1.0
69.0 -8.55724256657 1.0
object 82	1.0:0.5 0.792449631251:0.5
153.0 0.78533262438 1.0
42.0 1.0360514815 0.0
86.0 0.810937833311 1.0
182.0 3.44047846484 0.0
169.0 0.0784368383434 1.0
66.0 1.06010150747 0.0
133.0 0.789056289854 1.0
61.0 0.729603407702 1.0
102.0 0.726841149681 1.0
148.0 0.957089730891 0.0
95.0 1.01937669413 0.0
23.0 0.980822032762 0.0
146.0 0.883555475108 1.0
183.0 -1.06467108759 0.0
21.0 1.01530107562 0.0
197.0 -7.95589481528 1.0
46.0 0.694867653468 1.0
3.0 0.930480651762 0.0
170.0 8.99697466934 0.0
171.0 1.65732937188 1.0
30.0 1.01960386302 0.0
118.0 1.074574785 0.0
130.0 1.01327242569 0.0
69.0 0.77988343512 1.0
189.0 7.95163814812 1.0
172.0 8.42390526092 1.0
179.0 -5.93469645979 1.0
40.0 0.974691640335 0.0
43.0 0.768855895267 1.0
object 83	1.0:0.5 -15.4620953212:0.5
190.0 1.0267650262 0.0
131.0 0.975306461441 0.0
63.0 -15.4334705781 1.0
103.0 -15.5198423181 1.0
128.0 -15.5756821123 1.0
32.0 1.02478284198 0.0
148.0 -15.4909069716 1.0
72.0 0.97529500072 0.0
25.0 1.07769444454 0.0
23.0 -15.4660008074 1.0
68.0 -15.5058816727 1.0
110.0 0.970587681506 0.0
180.0 -17.5792710429 1.0
129.0 -15.5114090259 1.0
44.0 -15.4681900093 1.0
135.0 -15.4965845076 1.0
142.0 1.00475927238 0.0
168.0 -14.4359782052 1.0
125.0 0.976229510127 0.0
191.0 -16.9787514126 1.0
100.0 0.981058951004 0.0
104.0 1.05266404716 0.0
184.0 2.69053264418 0.0
144.0 -15.4235622983 1.0
48.0 -15.5463069342 1.0
object 84	1.0:0.5 -0.486692358579:0.5
54.0 0.980557320914 0.0
117.0 -0.47218938636 1.0
145.0 -0.425548448117 1.0
51.0 -0.574356304472 1.0
196.0 1.01062469705 1.0
26.0 -0.55957047279 1.0
18.0 0.97070664571 0.0
161.0 -6.31704503379 0.0
189.0 8.30339422546 0.0
3.0 0.942006781618 0.0
181.0 0.63687399253 1.0
64.0 -0.525424004194 1.0
15.0 -0.483535852567 1.0
112.0 1.07259072775 0.0
43.0 -0.470641524171 1.0
121.0 1.05596469933 0.0
27.0 -0.546711009339 1.0
49.0 0.98114784583 0.0
153.0 -0.51251249764 1.0
96.0 -0.549533213055 1.0
10.0 0.933486157334 0.0
4.0 0.900909604408 0.0
176.0 -3.89304568488 1.0
131.0 0.958913999815 0.0
81.0 1.1515454099 0.0
44.0 -0.453520290393 1.0
9.0 1.07313388805 0.0
171.0 -0.537834822762 1.0
124.0 0.97810625081 0.0
136.0 0.895477973464 0.0
187.0 -1.68437216395 1.0
142.0 -0.558883522996 1.0
object 85	1.0:0.5 6.63485933846:0.5
42.0 6.60703073434 1.0
50.0 6.62904268128 1.0
177.0 1.74262528453 0.0
123.0 6.64299961883 1.0
81.0 6.69471629398 1.0
131.0 6.6632234895 1.0
54.0 1.03353804542 0.0
39.0 1.07759708584 0.0
6.0 6.61201272737 1.0
154.0 6.65561195688 1.0
172.0 3.59933910183 0.0
16.0 6.59912093052 1.0
155.0 1.0179832747 0.0
139.0 6.71831268121 1.0
156.0 6.67721591437 1.0
199.0 -2.90561050411 0.0
27.0 0.94465997216 0.0
24.0 6.57061699003 1.0
180.0 9.98342173725 1.0
175.0 0.665692768808 0.0
8.0 6.63343539997 1.0
112.0 6.68703060369 1.0
119.0 6.61546082798 1.0
186.0 5.70031979934 1.0
object 86	1.0:0.5 -21.3529041878:0.5
15.0 1.01986516554 0.0
16.0 -21.4391534665 1.0
2.0 0.956101377716 0.0
34.0 -21.3021238743 1.0
75.0 -21.3078696384 1.0
63.0 -21.3664614192 1.0
186.0 -19.795524461 1.0
154.0 -21.3896409469 1.0
152.0 -21.3629935799 1.0
40.0 -21.3769087826 1.0
118.0 -21.333435446 1.0
90.0 1.06021443625 0.0
196.0 -22.0018584455 1.0
115.0 -21.4122310236 1.0
86.0 -21.3797116079 1.0
77.0 -21.2879388976 1.0
81.0 0.959325097705 0.0
121.0 -21.3601968704 1.0
67.0 -21.3292295246 1.0
182.0 -4.36790780768 0.0
71.0 0.979102904348 0.0
object 87	1.0:0.5 -8.60714244822:0.5
97.0 0.909132275505 0.0
149.0 1.02960489463 0.0
26.0 -8.66433500608 1.0
10.0 -8.59088140864 1.0
101.0 -8.58425734027 1.0
71.0 -8.57630101406 1.0
46.0 -8.60274642681 1.0
0.0 -8.64201275365 1.0
36.0 -8.58568647807 1.0
70.0 -8.61966766661 1.0
78.0 -8.70655091349 1.0
5.0 -8.71404594444 1.0
27.0 -8.59440676238 1.0
145.0 -8.61105932215 1.0
34.0 0.931016249154 0.0
99.0 -8.61040986855 1.0
80.0 -8.57645099895 1.0
62.0 0.899835040552 0.0
12.0 -8.59305521119 1.0
175.0 2.66577280437 0.0
157.0 -8.56690547535 1.0
2.0 1.05502027881 0.0
76.0 0.922261530297 0.0
126.0 -8.57688712877 1.0
object 88	1.0:0.5 -14.3795402553:0.5
46.0 0.953051598225 0.0
67.0 1.07020065174 0.0
122.0 1.02272645843 0.0
10.0 0.96441132363 0.0
186.0 -12.7987940553 1.0
92.0 0.987650723099 0.0
175.0 -13.0894221017 1.0
128.0 0.938931529105 0.0
13.0 1.03842144067 0.0
142.0 -14.3751998046 1.0
15.0 0.957878867492 0.0
107.0 0.982616588521 0.0
103.0 1.02795592549 0.0
180.0 -11.7278301103 1.0
172.0 -3.94137745906 0.0
58.0 -14.4399384638 1.0
34.0 1.0241507112 0.0
8.0 -14.4029815441 1.0
90.0 1.0644142595 0.0
178.0 -12.3452925619 1.0
93.0 -14.4211067684 1.0
188.0 -15.587502291 1.0
108.0 1.04220267758 0.0
190.0 2.71285985867 0.0
23.0 -14.4401104995 1.0
96.0 -14.3735162225 1.0
191.0 3.93040407524 0.0
9.0 1.00966074135 0.0
object 89	1.0:0.5 10.0502593439:0.5
42.0 10.0342616111 1.0
116.0 0.992940975568 0.0
179.0 -0.560333705301 0.0
92.0 0.99800564768 0.0
105.0 10.0814755106 1.0
57.0 1.06064284591 0.0
147.0 0.981883422634 0.0
144.0 1.01621338037 0.0
28.0 10.0534731464 1.0
80.0 1.0056274017 0.0
74.0 9.94717480816 1.0
146.0 0.942102634371 0.0
104.0 9.99867783037 1.0
121.0 9.9904302743 1.0
18.0 10.0144351927 1.0
67.0 10.0873731018 1.0
129.0 1.0000157411 0.0
76.0 10.0446757553 1.0
106.0 9.97394938057 1.0
82.0 10.0734225565 1.0
190.0 2.07579608209 0.0
107.0 1.01231061565 0.0
58.0 10.044257648 1.0
object 90	1.0:0.5 -7.98560092149:0.5
189.0 -14.5139341252 1.0
65.0 0.969863696151 0.0
126.0 1.10939064809 0.0
6.0 -8.05180160026 1.0
164.0 7.32990781093 0.0
80.0 1.03135546915 0.0
5.0 -8.02544076978 1.0
26.0 0.990453744698 0.0
155.0 -7.94091340282 1.0
174.0 -9.87837911989 1.0
77.0 0.940660518849 0.0
90.0 1.04049470931 0.0
24.0 -8.04313565268 1.0
199.0 3.79814860431 0.0
22.0 1.02734298373 0.0
29.0 0.900558309067 0.0
160.0 -8.45736554625 1.0
151.0 1.00069321435 0.0
149.0 -7.96349513795 1.0
142.0 -8.07319624981 1.0
49.0 -8.01933799089 1.0
17.0 1.02682395605 0.0
40.0 0.982559399009 0.0
19.0 0.892148321038 0.0
35.0 -7.9143448133 1.0
23.0 -8.01378933857 1.0
136.0 1.04613557651 0.0
107.0 -8.02644459981 1.0
116.0 1.03537315092 0.0
68.0 -8.03143659573 1.0
184.0 0.246113636298 0.0
55.0 0.984164077877 0.0
145.0 0.977315739575 0.0
object 91	1.0:0.5 -5.41899449851:0.5
129.0 0.99718980959 0.0
11.0 -5.44306912257 1.0
175.0 -0.926063296551 0.0
54.0 0.997159195167 0.0
44.0 1.05866779633 0.0
144.0 -5.57399859626 1.0
159.0 1.07114102776 0.0
34.0 -5.44128721578 1.0
30.0 -5.46264944529 1.0
113.0 1.02683453236 0.0
22.0 -5.37865639362 1.0
23.0 -5.34373058099 1.0
65.0 -5.40309440953 1.0
161.0 5.79728481248 0.0
73.0 -5.3423974474 1.0
135.0 -5.47757357598 1.0
141.0 1.05026380157 0.0
object 92	1.0:0.5 -9.72762787278:0.5
181.0 -2.36962903646 1.0
75.0 -9.66934098326 1.0
79.0 -9.68090848434 1.0
41.0 -9.80122532705 1.0
66.0 0.9585645464 0.0
103.0 1.00141807174 0.0
120.0 -9.68756142433 1.0
91.0 0.951610049459 0.0
144.0 0.928723925526 0.0
142.0 0.968390298218 0.0
22.0 0.978887328383 0.0
175.0 1.31104101608 0.0
100.0 1.03688502098 0.0
73.0 -9.78875430305 1.0
154.0 -9.71626504824 1.0
195.0 0.732753696516 0.0
87.0 0.998033048919 0.0
157.0 1.04545276384 0.0
38.0 -9.75131915554 1.0
160.0 -8.48042099082 1.0
object 93	1.0:0.5 13.8030671431:0.5
153.0 1.12099598918 0.0
29.0 1.01350973823 0.0
74.0 0.964599034033 0.0
113.0 13.8688894433 1.0
112.0 0.960577869781 0.0
89.0 13.745257648 1.0
161.0 11.8839109909 1.0
105.0 13.7767202054 1.0
190.0 -1.81162285079 0.0
94.0 1.00714613385 0.0
171.0 2.03245688352 0.0
180.0 3.72430143379 0.0
124.0 13.7761508756 1.0
110.0 0.953159710477 0.0
142.0 13.7297329008 1.0
185.0 1.59881216071 0.0
30.0 13.7834900139 1.0
49.0 1.00579770243 0.0
object 94	1.0:0.5 -2.13442632218:0.5
14.0 0.933183491333 0.0
154.0 -2.08250408486 1.0
81.0 -2.18319004399 1.0
179.0 -3.3482195584 1.0
87.0 -2.19311827387 1.0
165.0 -2.92597864317 1.0
182.0 -0.269696231205 0.0
39.0 -2.13320903587 1.0
4.0 -2.21188548641 1.0
96.0 1.00179226498 0.0
31.0 -2.15378873395 1.0
108.0 -2.05938793432 1.0
23.0 -2.15061456471 1.0
89.0 0.955750489322 0.0
30.0 0.968118051923 0.0
132.0 0.98053539805 0.0
128.0 1.05144346012 0.0
78.0 -2.08872029618 1.0
181.0 -1.70546790133 0.0
160.0 0.582184812518 1.0
72.0 1.03605062107 0.0
69.0 1.03241431795 0.0
126.0 0.991915802373 0.0
object 95	1.0:0.5 -1.40207844725:0.5
191.0 -2.65646681451 0.0
101.0 -1.42932335545 1.0
50.0 0.936454222218 0.0
136.0 0.986906185728 0.0
44.0 0.931214153877 0.0
10.0 0.96664288136 0.0
194.0 -0.59241779545 0.0
166.0 -0.630449045556 1.0
140.0 1.03307367472 0.0
0.0 1.07971494608 0.0
52.0 0.942115435996 0.0
134.0 -1.39453851141 1.0
145.0 1.05918383717 0.0
103.0 0.938890108665 0.0
173.0 -3.06815769286 1.0
1.0 -1.37093574105 1.0
133.0 1.07211375386 0.0
156.0 -1.41223215437 1.0
45.0 -1.37345671843 1.0
118.0 0.973104367593 0.0
61.0 -1.34444565702 1.0
150.0 1.07747462088 0.0
169.0 2.28224523309 0.0
55.0 1.01736283326 0.0
object 96	1.0:0.5 -10.0648403349:0.5
109.0 0.895271946721 0.0
97.0 -9.98376737501 1.0
34.0 -10.0426509624 1.0
143.0 0.955373174372 0.0
41.0 -10.0174947618 1.0
121.0 0.992253418876 0.0
163.0 -7.33865487275 1.0
65.0 -10.1767159329 1.0
64.0 1.06344578613 0.0
37.0 -10.0733458939 1.0
192.0 4.92846597319 0.0
125.0 1.01244951827 0.0
129.0 -9.94942687819 1.0
108.0 -10.0692005122 1.0
140.0 0.957028155737 0.0
43.0 -10.0565801004 1.0
94.0 0.956325006369 0.0
174.0 -0.562782932569 0.0
70.0 1.03612100163 0.0
22.0 -9.95363496815 1.0
object 97	1.0:0.5 1.37503718892:0.5
194.0 0.932716640409 0.0
128.0 1.06738545637 0.0
184.0 -0.782032796519 0.0
120.0 1.43425969485 1.0
111.0 0.983683859967 0.0
22.0 1.28689939446 1.0
80.0 1.3368243894 1.0
166.0 -2.72946928159 0.0
114.0 1.49712655234 1.0
196.0 2.0603987104 0.0
68.0 0.917644356111 0.0
193.0 6.87848651076 0.0
78.0 1.39310187729 1.0
67.0 1.35041603172 1.0
104.0 1.5132724871 1.0
40.0 1.29170284581 1.0
153.0 1.37693815979 1.0
66.0 1.00954821696 0.0
121.0 1.32962303676 1.0
107.0 1.40175372932 1.0
149.0 1.12766788754 0.0
130.0 0.962778008988 0.0
19.0 0.926252983694 0.0
51.0 0.955233994569 0.0
24.0 1.00969708351 0.0
31.0 1.05059976026 0.0
123.0 1.0111412764 0.0
157.0 1.00107605708 0.0
117.0 1.06243368792 0.0
object 98	1.0:0.5 12.5516640642:0.5
40.0 12.5732232774 1.0
28.0 12.5283612817 1.0
85.0 0.961328962354 0.0
147.0 12.5732259828 1.0
26.0 1.04266084928 0.0
171.0 14.5982688693 1.0
145.0 12.4874505732 1.0
161.0 5.48978193052 1.0
131.0 12.5841969682 1.0
41.0 1.14252441378 0.0
52.0 1.00934297108 0.0
75.0 12.6222699663 1.0
92.0 12.5440208078 1.0
12.0 12.5848758822 1.0
94.0 1.04581514757 0.0
65.0 0.968534812756 0.0
0.0 12.4904784778 1.0
5.0 12.4979730271 1.0
51.0 12.5442669451 1.0
18.0 0.968670358125 0.0
11.0 12.5865531505 1.0
74.0 0.956831224498 0.0
174.0 -2.90503739431 0.0
133.0 12.5578491081 1.0
object 99	1.0:0.5 4.26718077124:0.5
74.0 1.0036069223 0.0
57.0 0.999837699405 0.0
70.0 1.01483183801 0.0
35.0 1.02194250223 0.0
143.0 0.972515242881 0.0
20.0 1.02323017753 0.0
142.0 1.03325862001 0.0
154.0 4.15790448792 1.0
115.0 4.23651697709 1.0
17.0 4.30082979803 1.0
104.0 0.931853713971 0.0
156.0 4.31525175007 1.0
111.0 1.02821389372 0.0
178.0 6.03162285182 0.0
0.0 1.01166312952 0.0
81.0 4.28201251314 1.0
176.0 -2.33581220123 0.0
135.0 4.28152830264 1.0
172.0 11.061209736 1.0
127.0 4.33153801544 1.0
51.0 1.01760053401 0.0
6.0 4.2700748907 1.0
