object 0	1.0:1.0
65.0 1.01070686387 1.0
91.0 0.953134685678 1.0
103.0 1.0036501218 1.0
82.0 1.02486038418 1.0
180.0 2.5106089514 1.0
98.0 1.00436548844 1.0
object 1	1.0:1.0
27.0 1.0023524481 1.0
61.0 0.979114497983 1.0
132.0 1.05496674705 1.0
179.0 5.24774782462 1.0
126.0 0.949644508913 1.0
77.0 1.04838943489 1.0
48.0 1.01997670355 1.0
object 2	1.0:1.0
81.0 1.00835858443 1.0
139.0 1.02332528568 1.0
156.0 1.01185058776 1.0
2.0 0.979484736411 1.0
196.0 -5.5409196517 1.0
189.0 3.78912209509 1.0
100.0 1.0221724776 1.0
object 3	1.0:1.0
17.0 1.02784444125 1.0
191.0 4.77775431791 1.0
59.0 0.9815232649 1.0
100.0 0.964205613014 1.0
object 4	1.0:1.0
149.0 1.02562302097 1.0
191.0 4.9722501525 1.0
143.0 0.995415246614 1.0
object 5	1.0:1.0
113.0 0.952644327679 1.0
133.0 0.99177067596 1.0
69.0 0.972348929442 1.0
40.0 0.968642040817 1.0
68.0 1.01638059503 1.0
11.0 1.00552150721 1.0
166.0 0.513464492075 1.0
object 6	1.0:1.0
30.0 0.99977458089 1.0
125.0 1.04738765115 1.0
53.0 0.982949258555 1.0
81.0 0.976247749352 1.0
131.0 1.04134044021 1.0
88.0 0.985536122234 1.0
162.0 -0.613160922961 1.0
90.0 1.05744615458 1.0
62.0 0.987048554368 1.0
100.0 0.981416865329 1.0
object 7	1.0:1.0
15.0 0.938085842275 1.0
167.0 0.459945025298 1.0
11.0 1.01529308483 1.0
154.0 0.962918094048 1.0
157.0 1.01086758573 1.0
192.0 5.51033340139 1.0
145.0 0.975104121663 1.0
object 8	1.0:1.0
184.0 2.02991392388 1.0
25.0 0.911000646624 1.0
103.0 0.99569834512 1.0
99.0 0.972523375735 1.0
98.0 1.00094329438 1.0
152.0 1.00169402466 1.0
173.0 -5.42263750532 1.0
179.0 -7.15523944912 1.0
120.0 0.99037733137 1.0
22.0 0.998505137015 1.0
137.0 0.996908055043 1.0
166.0 4.33412143023 1.0
object 9	1.0:1.0
7.0 1.00493309225 1.0
177.0 -1.89969983122 1.0
131.0 0.982017338385 1.0
186.0 -0.565458939759 1.0
123.0 1.00536624583 1.0
130.0 1.00636210715 1.0
object 10	1.0:1.0
32.0 1.00740111638 1.0
182.0 1.45965876364 1.0
172.0 1.40711822612 1.0
0.0 1.01533431583 1.0
184.0 0.789226259445 1.0
110.0 0.918760592036 1.0
115.0 0.995704640199 1.0
25.0 0.936399720117 1.0
127.0 1.01288710088 1.0
21.0 0.986012862133 1.0
173.0 6.39576502603 1.0
72.0 1.05350351017 1.0
object 11	1.0:1.0
71.0 1.04007269711 1.0
197.0 -1.2294080945 1.0
136.0 0.989124468486 1.0
35.0 1.01550369933 1.0
153.0 1.07189595545 1.0
151.0 0.985046524873 1.0
86.0 1.00938670395 1.0
162.0 3.64378475026 1.0
object 12	1.0:1.0
89.0 0.996143797817 1.0
100.0 0.951574875995 1.0
106.0 1.02119093706 1.0
61.0 0.979117296736 1.0
187.0 3.98708745308 1.0
73.0 0.99346405427 1.0
151.0 1.00620302076 1.0
object 13	1.0:1.0
159.0 1.05766437245 1.0
121.0 1.00957637232 1.0
1.0 0.959824576127 1.0
153.0 0.99535267919 1.0
object 14	1.0:1.0
15.0 0.958491208961 1.0
166.0 0.0925709293487 1.0
object 15	1.0:1.0
122.0 0.975868691934 1.0
114.0 1.07060869281 1.0
7.0 0.987894126942 1.0
80.0 1.05272615968 1.0
34.0 0.990260724728 1.0
28.0 0.974532222796 1.0
91.0 1.00821779007 1.0
95.0 0.94920626576 1.0
129.0 0.982403203616 1.0
object 16	1.0:1.0
160.0 -4.00534039757 1.0
4.0 1.00200764124 1.0
55.0 1.03206892759 1.0
object 17	1.0:1.0
171.0 4.41361003741 1.0
36.0 0.968183567152 1.0
105.0 0.997144566741 1.0
16.0 1.00101453229 1.0
144.0 1.03183556301 1.0
155.0 1.01391757355 1.0
85.0 0.997310377365 1.0
object 18	1.0:1.0
90.0 0.980329569684 1.0
85.0 0.996005599981 1.0
52.0 1.0169977039 1.0
105.0 1.00090787741 1.0
56.0 1.01765804911 1.0
187.0 0.406389295945 1.0
object 19	1.0:1.0
8.0 1.06057303624 1.0
121.0 1.0055506305 1.0
85.0 1.03266008079 1.0
151.0 0.89112263572 1.0
156.0 1.00692924718 1.0
181.0 1.44928386751 1.0
145.0 1.0438110697 1.0
194.0 1.45060832367 1.0
102.0 1.00151510634 1.0
object 20	1.0:1.0
182.0 2.74715695163 1.0
52.0 1.03479562621 1.0
object 21	1.0:1.0
90.0 0.919718730772 1.0
2.0 1.00796865278 1.0
39.0 1.00276636668 1.0
199.0 2.60702574935 1.0
52.0 0.979723026533 1.0
67.0 0.985699760028 1.0
14.0 0.942906683167 1.0
object 22	1.0:1.0
147.0 1.00793866175 1.0
175.0 3.03839612919 1.0
85.0 0.950758948051 1.0
47.0 0.970780060328 1.0
181.0 -1.95814975786 1.0
73.0 0.995214339357 1.0
3.0 0.957558960016 1.0
56.0 0.986425390202 1.0
57.0 1.01523705359 1.0
object 23	1.0:1.0
72.0 0.894242850638 1.0
107.0 0.980956366494 1.0
40.0 0.994835952994 1.0
99.0 1.01764698164 1.0
13.0 1.01752119971 1.0
164.0 8.32797221696 1.0
165.0 1.33429213444 1.0
27.0 0.994218851305 1.0
119.0 0.924888799064 1.0
object 24	1.0:1.0
197.0 -2.81676071055 1.0
19.0 1.02054300346 1.0
89.0 1.0139538851 1.0
39.0 0.968252904726 1.0
32.0 0.967918565398 1.0
158.0 0.977612249476 1.0
86.0 0.982238539359 1.0
71.0 0.971836385656 1.0
66.0 0.975401233952 1.0
166.0 -0.825558152966 1.0
99.0 1.03756431263 1.0
object 25	1.0:1.0
51.0 0.98879017205 1.0
119.0 0.971688318306 1.0
44.0 1.00120379543 1.0
166.0 0.318820985115 1.0
128.0 1.03197186922 1.0
41.0 0.995993520281 1.0
88.0 0.937712097674 1.0
object 26	1.0:1.0
55.0 0.948494883326 1.0
175.0 5.99661711192 1.0
5.0 1.00510033589 1.0
170.0 -0.38660022006 1.0
91.0 0.992616974596 1.0
130.0 1.01244724615 1.0
2.0 1.00458789362 1.0
52.0 0.943287002463 1.0
142.0 1.00965012706 1.0
157.0 0.998693252943 1.0
79.0 1.09276243393 1.0
185.0 -0.97825985913 1.0
186.0 2.22239973608 1.0
object 27	1.0:1.0
62.0 0.991234363225 1.0
81.0 1.01045582018 1.0
189.0 -3.37052218097 1.0
163.0 2.45987398025 1.0
158.0 0.998697948881 1.0
73.0 0.991620371468 1.0
55.0 1.01738261976 1.0
object 28	1.0:1.0
30.0 0.994388795062 1.0
158.0 0.971577657636 1.0
108.0 1.01453343419 1.0
56.0 1.03811791632 1.0
187.0 -3.31377122092 1.0
127.0 1.01104199406 1.0
105.0 0.993963809541 1.0
object 29	1.0:1.0
109.0 0.972545432807 1.0
149.0 0.967643896341 1.0
48.0 0.959188608459 1.0
37.0 1.00803937669 1.0
68.0 1.03845604506 1.0
138.0 0.959040948398 1.0
10.0 1.08020226027 1.0
object 30	1.0:1.0
109.0 1.01933890727 1.0
169.0 -3.78273301421 1.0
160.0 4.34360357817 1.0
78.0 1.03841986011 1.0
167.0 1.27935074146 1.0
24.0 1.02857601188 1.0
object 31	1.0:1.0
78.0 0.917437710915 1.0
125.0 1.01345792878 1.0
118.0 1.01275420504 1.0
151.0 1.02896748794 1.0
156.0 0.980716747189 1.0
111.0 1.0223490758 1.0
11.0 1.00510819072 1.0
12.0 1.00062998765 1.0
180.0 5.52973995087 1.0
39.0 1.01746837385 1.0
159.0 0.964171198128 1.0
object 32	1.0:1.0
172.0 2.80340283614 1.0
174.0 -0.100330670425 1.0
175.0 1.17832490494 1.0
52.0 0.989593444471 1.0
138.0 1.01582764602 1.0
132.0 0.911431062328 1.0
190.0 1.58332833761 1.0
116.0 0.997956569992 1.0
object 33	1.0:1.0
42.0 0.974457744164 1.0
172.0 -3.26595181529 1.0
2.0 0.974449994978 1.0
56.0 1.05466193289 1.0
195.0 1.34299321717 1.0
79.0 0.998191544453 1.0
179.0 3.8584375386 1.0
198.0 -3.18655126666 1.0
70.0 0.971666373989 1.0
71.0 0.98080684912 1.0
108.0 1.02966462015 1.0
object 34	1.0:1.0
31.0 1.00349455757 1.0
129.0 1.01630050283 1.0
63.0 0.988762559801 1.0
13.0 1.02405482242 1.0
29.0 0.998737757533 1.0
93.0 0.981700836229 1.0
object 35	1.0:1.0
186.0 -0.95253099315 1.0
15.0 0.980910911516 1.0
115.0 1.0362577886 1.0
54.0 0.99288469726 1.0
140.0 1.01292423677 1.0
object 36	1.0:1.0
126.0 1.00725147673 1.0
141.0 1.02424546031 1.0
149.0 1.0022746419 1.0
147.0 1.0274463931 1.0
object 37	1.0:1.0
160.0 -3.76713291377 1.0
12.0 0.983179254231 1.0
149.0 0.988178716321 1.0
184.0 2.52214760859 1.0
57.0 0.932340901699 1.0
127.0 1.04739240376 1.0
38.0 0.995207719797 1.0
132.0 1.02347637105 1.0
object 38	1.0:1.0
0.0 1.01115901014 1.0
18.0 1.02602681096 1.0
126.0 1.00793905325 1.0
94.0 0.977705701096 1.0
49.0 0.995780822194 1.0
133.0 1.02734214039 1.0
134.0 1.00451868833 1.0
83.0 1.0168815024 1.0
object 39	1.0:1.0
50.0 0.982127743186 1.0
56.0 1.0614962701 1.0
172.0 -0.482098936619 1.0
67.0 0.953268430498 1.0
127.0 0.987552571202 1.0
2.0 0.978006972124 1.0
object 40	1.0:1.0
183.0 4.02494295459 1.0
82.0 1.00132248759 1.0
67.0 0.993710382871 1.0
9.0 0.970103580807 1.0
140.0 1.00697233937 1.0
148.0 1.0259920957 1.0
90.0 1.0574129184 1.0
131.0 1.03639863365 1.0
object 41	1.0:1.0
163.0 0.223359199322 1.0
176.0 -1.35586834873 1.0
92.0 1.01190652126 1.0
131.0 0.946416463528 1.0
74.0 1.06705322133 1.0
79.0 0.960759055334 1.0
object 42	1.0:1.0
113.0 0.974855248672 1.0
65.0 0.975094498946 1.0
171.0 -1.25334586469 1.0
120.0 1.01475335543 1.0
132.0 1.00591733059 1.0
116.0 1.04353740614 1.0
43.0 1.02576290776 1.0
object 43	1.0:1.0
130.0 0.985118292087 1.0
192.0 1.74365569409 1.0
11.0 1.01256791169 1.0
188.0 -3.70836114301 1.0
2.0 0.994044133641 1.0
22.0 0.995109136836 1.0
32.0 0.989580959093 1.0
125.0 0.985446800092 1.0
170.0 1.77689074209 1.0
object 44	1.0:1.0
29.0 0.990915258966 1.0
87.0 1.0396269214 1.0
37.0 1.04742231031 1.0
66.0 1.00695796923 1.0
object 45	1.0:1.0
103.0 1.03688527645 1.0
151.0 1.011058881 1.0
69.0 0.898633096025 1.0
156.0 1.00426614046 1.0
47.0 1.03198122228 1.0
124.0 1.0206929038 1.0
object 46	1.0:1.0
168.0 2.15777557042 1.0
12.0 0.980801002469 1.0
92.0 1.04196513644 1.0
15.0 0.994015219867 1.0
155.0 1.02376473505 1.0
87.0 1.08819122521 1.0
185.0 -1.66143991932 1.0
90.0 0.961072873252 1.0
125.0 1.01418142881 1.0
120.0 1.00377888149 1.0
object 47	1.0:1.0
135.0 1.00238523266 1.0
59.0 0.9911079638 1.0
7.0 1.01566299091 1.0
118.0 0.957432014127 1.0
163.0 1.53855464368 1.0
19.0 1.02589527357 1.0
object 48	1.0:1.0
165.0 7.19249608372 1.0
177.0 -0.714271411109 1.0
151.0 1.1065543266 1.0
78.0 0.961182130936 1.0
145.0 1.02019713031 1.0
173.0 5.62178342328 1.0
122.0 1.0132138009 1.0
99.0 1.03059811378 1.0
85.0 0.995198613167 1.0
object 49	1.0:1.0
38.0 0.963434699094 1.0
166.0 -3.18700657853 1.0
196.0 -0.112453311856 1.0
142.0 1.03743531582 1.0
84.0 1.03894381781 1.0
object 50	1.0:1.0
70.0 0.995979043479 1.0
36.0 1.03601088125 1.0
152.0 0.988392172407 1.0
129.0 1.00009310578 1.0
54.0 1.00049526087 1.0
10.0 1.05390873062 1.0
38.0 0.960481953266 1.0
157.0 0.977582745841 1.0
87.0 0.993279166443 1.0
object 51	1.0:1.0
4.0 0.994206093027 1.0
113.0 1.03743062828 1.0
142.0 0.990639922978 1.0
76.0 1.02323702022 1.0
31.0 1.00567461843 1.0
object 52	1.0:1.0
23.0 1.00178847974 1.0
163.0 -1.22810931747 1.0
128.0 1.00984532385 1.0
40.0 0.974174458094 1.0
75.0 1.01375809387 1.0
27.0 0.98353670998 1.0
174.0 -1.58433049098 1.0
46.0 0.985891659232 1.0
143.0 1.00396223308 1.0
153.0 1.04575863497 1.0
object 53	1.0:1.0
67.0 0.96908523151 1.0
181.0 0.118689278787 1.0
36.0 1.06681215057 1.0
78.0 1.01539817177 1.0
105.0 1.01619050584 1.0
3.0 0.966374741388 1.0
object 54	1.0:1.0
7.0 0.997650579656 1.0
63.0 0.962918540185 1.0
115.0 0.988227206501 1.0
168.0 -0.0704487334392 1.0
84.0 1.01013272073 1.0
129.0 0.983250653109 1.0
object 55	1.0:1.0
105.0 0.994603407527 1.0
54.0 1.0332331035 1.0
61.0 1.01798832728 1.0
104.0 1.03953355351 1.0
39.0 0.994463110861 1.0
79.0 0.941592515163 1.0
7.0 0.979812666511 1.0
198.0 -0.0547558448189 1.0
147.0 0.991857411897 1.0
98.0 1.01675328195 1.0
99.0 0.960186482343 1.0
119.0 0.939018611418 1.0
object 56	1.0:1.0
37.0 1.00810540815 1.0
61.0 0.972699672413 1.0
157.0 0.990157991252 1.0
92.0 1.02711776646 1.0
28.0 0.94132220587 1.0
125.0 0.97874446021 1.0
13.0 1.00911175949 1.0
166.0 -3.45251841495 1.0
object 57	1.0:1.0
118.0 1.0323171222 1.0
181.0 -0.0497106426527 1.0
101.0 0.993719900929 1.0
131.0 1.03489624675 1.0
9.0 0.976098827699 1.0
68.0 1.02635667139 1.0
object 58	1.0:1.0
34.0 1.02211426681 1.0
25.0 1.08099854298 1.0
67.0 1.08786495559 1.0
46.0 1.00574231494 1.0
65.0 1.00787258839 1.0
object 59	1.0:1.0
12.0 0.995761108972 1.0
55.0 1.00607950109 1.0
93.0 0.958793217509 1.0
109.0 0.998409814002 1.0
62.0 1.00778776344 1.0
94.0 0.971235644193 1.0
object 60	1.0:1.0
109.0 0.999943785789 1.0
120.0 0.967911748536 1.0
167.0 0.992211164076 1.0
155.0 1.01361054442 1.0
38.0 0.969224334023 1.0
object 61	1.0:1.0
21.0 0.996931605384 1.0
153.0 0.975940336806 1.0
140.0 0.993714525911 1.0
4.0 1.02431571798 1.0
97.0 1.02039021209 1.0
117.0 0.989284049001 1.0
120.0 0.997216304222 1.0
170.0 -0.936516768182 1.0
124.0 0.973481195128 1.0
object 62	1.0:1.0
26.0 0.966565799845 1.0
185.0 -4.61020356913 1.0
37.0 0.984201802011 1.0
74.0 0.99468090096 1.0
169.0 1.69765049156 1.0
56.0 1.0648064707 1.0
31.0 1.00786999161 1.0
object 63	1.0:1.0
144.0 0.989542408287 1.0
135.0 1.03279641511 1.0
89.0 0.97221980372 1.0
101.0 1.02887047655 1.0
187.0 1.54728291606 1.0
78.0 1.01438590376 1.0
94.0 0.986258457975 1.0
181.0 1.74349578281 1.0
object 64	1.0:1.0
168.0 0.776240858568 1.0
152.0 0.996820623667 1.0
16.0 0.998839644535 1.0
182.0 0.690192061378 1.0
179.0 -0.31566910088 1.0
object 65	1.0:1.0
119.0 0.983258865434 1.0
1.0 1.03484258916 1.0
62.0 0.946790820773 1.0
166.0 -1.26348893706 1.0
177.0 2.37951796563 1.0
object 66	1.0:1.0
102.0 1.03281054267 1.0
92.0 1.0026990539 1.0
object 67	1.0:1.0
28.0 1.01300443999 1.0
194.0 -1.6400348328 1.0
57.0 0.921032598535 1.0
133.0 1.01258530781 1.0
134.0 0.989275686324 1.0
125.0 0.975445572681 1.0
138.0 0.977053501576 1.0
71.0 1.01685608219 1.0
156.0 1.00504599479 1.0
object 68	1.0:1.0
126.0 0.992301144772 1.0
23.0 0.991933205963 1.0
133.0 0.987863999672 1.0
162.0 -1.17871932674 1.0
181.0 0.979681254802 1.0
106.0 0.974327499368 1.0
9.0 1.04527593249 1.0
184.0 0.847360758785 1.0
34.0 1.02244892391 1.0
object 69	1.0:1.0
110.0 0.994693700076 1.0
78.0 0.932314848438 1.0
68.0 1.00751200437 1.0
102.0 1.03497517622 1.0
71.0 0.978892452575 1.0
144.0 0.984230327223 1.0
object 70	1.0:1.0
126.0 0.974508801259 1.0
189.0 -1.34280777942 1.0
113.0 0.996476563055 1.0
163.0 1.06407713764 1.0
39.0 1.00483542426 1.0
46.0 1.03931077356 1.0
175.0 1.06091610504 1.0
87.0 0.96995122884 1.0
object 71	1.0:1.0
171.0 -3.49744437182 1.0
6.0 1.02716742336 1.0
134.0 0.980025638625 1.0
83.0 0.999221908111 1.0
4.0 1.04280041445 1.0
7.0 0.994094693444 1.0
170.0 2.1867442327 1.0
117.0 0.987333056763 1.0
52.0 1.02977063665 1.0
185.0 4.88498280474 1.0
85.0 1.01416754534 1.0
object 72	1.0:1.0
69.0 1.11222505838 1.0
93.0 0.902062090051 1.0
189.0 0.0930056228181 1.0
178.0 4.63199386757 1.0
112.0 1.00179250619 1.0
85.0 1.04174529482 1.0
84.0 1.02197367452 1.0
object 73	1.0:1.0
61.0 0.97332023737 1.0
41.0 0.992933590859 1.0
32.0 0.993244709351 1.0
135.0 1.00662802944 1.0
94.0 1.05380247951 1.0
44.0 0.999756155113 1.0
object 74	1.0:1.0
71.0 0.983468262727 1.0
4.0 0.983255941136 1.0
object 75	1.0:1.0
167.0 0.45110312092 1.0
193.0 7.48653493384 1.0
124.0 1.02552565693 1.0
145.0 1.00894601373 1.0
24.0 1.00379596787 1.0
148.0 0.984375297851 1.0
object 76	1.0:1.0
50.0 0.97975443264 1.0
145.0 1.00126855158 1.0
114.0 0.953110441695 1.0
object 77	1.0:1.0
124.0 0.999365131051 1.0
51.0 1.00507561687 1.0
104.0 1.01624178888 1.0
29.0 0.986050598728 1.0
37.0 0.958140504577 1.0
82.0 1.01501118877 1.0
155.0 1.17465343961 1.0
168.0 2.28329432997 1.0
112.0 0.979851880031 1.0
120.0 1.00321025137 1.0
143.0 1.00932177176 1.0
169.0 -1.45399749488 1.0
176.0 1.48616996002 1.0
object 78	1.0:1.0
160.0 3.79289199337 1.0
184.0 1.43633920426 1.0
189.0 5.07839837077 1.0
104.0 1.02173515562 1.0
33.0 0.952796709562 1.0
57.0 1.02506021362 1.0
192.0 4.05371128359 1.0
object 79	1.0:1.0
105.0 0.99924986833 1.0
90.0 1.07390447826 1.0
22.0 1.04836489539 1.0
14.0 0.958203799263 1.0
108.0 0.986834813353 1.0
93.0 1.01886276923 1.0
object 80	1.0:1.0
65.0 0.997927670281 1.0
98.0 0.985132401457 1.0
10.0 0.988144112948 1.0
120.0 0.974154288996 1.0
196.0 -0.675862238649 1.0
49.0 0.999508571789 1.0
155.0 0.954676916068 1.0
47.0 1.04025787788 1.0
149.0 1.03495519765 1.0
object 81	1.0:1.0
22.0 1.03925805656 1.0
169.0 -8.49328837204 1.0
68.0 1.02129247543 1.0
191.0 1.21520521019 1.0
35.0 1.00574474239 1.0
100.0 1.01028553368 1.0
60.0 0.952674398302 1.0
188.0 5.90277928774 1.0
182.0 -1.44418084788 1.0
object 82	1.0:1.0
173.0 0.147950646916 1.0
77.0 0.961522250852 1.0
137.0 1.00233408847 1.0
42.0 0.996794375949 1.0
13.0 0.996869339758 1.0
165.0 3.24228057963 1.0
8.0 1.00503287309 1.0
24.0 0.979594663787 1.0
object 83	1.0:1.0
143.0 1.0380608516 1.0
116.0 0.93168128555 1.0
101.0 1.00168119139 1.0
4.0 1.00358734251 1.0
149.0 0.991017262062 1.0
68.0 0.992935118352 1.0
object 84	1.0:1.0
93.0 0.972279801999 1.0
78.0 1.03020809144 1.0
172.0 -1.32901990063 1.0
184.0 0.145181948457 1.0
146.0 0.969744849799 1.0
0.0 1.00320160321 1.0
object 85	1.0:1.0
83.0 1.0343262197 1.0
152.0 0.98483725231 1.0
129.0 1.02169728925 1.0
84.0 1.00123786103 1.0
192.0 -2.99597046385 1.0
65.0 0.976098452056 1.0
160.0 3.85788947441 1.0
106.0 1.00607639408 1.0
193.0 5.80020360372 1.0
object 86	1.0:1.0
141.0 0.946423911338 1.0
77.0 0.979492261636 1.0
138.0 0.974041720621 1.0
131.0 1.0514962374 1.0
143.0 1.04423732973 1.0
124.0 1.01196220854 1.0
76.0 0.954278006588 1.0
38.0 0.979139341936 1.0
105.0 0.981822819809 1.0
object 87	1.0:1.0
57.0 0.946921484432 1.0
110.0 0.989383203213 1.0
111.0 1.00069219879 1.0
21.0 0.978209463341 1.0
65.0 1.020232827 1.0
187.0 4.05125790424 1.0
75.0 0.960769975665 1.0
30.0 0.938232874405 1.0
165.0 -3.54077341411 1.0
89.0 1.01092237214 1.0
87.0 0.996507893895 1.0
162.0 5.71573662635 1.0
object 88	1.0:1.0
17.0 0.981089558848 1.0
171.0 5.38421943798 1.0
157.0 0.944122974326 1.0
56.0 0.979184180452 1.0
3.0 1.00061514078 1.0
195.0 3.98265633848 1.0
115.0 0.997580316753 1.0
object 89	1.0:1.0
181.0 1.443641689 1.0
139.0 0.943572517096 1.0
90.0 1.00796259969 1.0
129.0 1.01407121603 1.0
128.0 1.01850305389 1.0
193.0 -0.606569283004 1.0
object 90	1.0:1.0
96.0 0.992381728484 1.0
181.0 2.42575926432 1.0
20.0 0.995555564386 1.0
145.0 0.996720214121 1.0
object 91	1.0:1.0
171.0 -2.22774667358 1.0
181.0 -1.52361652511 1.0
140.0 1.00424325307 1.0
35.0 1.02210365199 1.0
39.0 1.02918219334 1.0
186.0 0.76794738287 1.0
3.0 0.984741979761 1.0
6.0 0.983983929233 1.0
49.0 0.999664881052 1.0
143.0 0.951712237378 1.0
50.0 1.00045048939 1.0
object 92	1.0:1.0
3.0 0.973592929044 1.0
37.0 0.964074738904 1.0
117.0 0.974921151318 1.0
121.0 0.978004267704 1.0
98.0 0.983677504754 1.0
65.0 1.0062622386 1.0
111.0 0.984093013656 1.0
object 93	1.0:1.0
108.0 1.00579949221 1.0
85.0 1.0347751153 1.0
66.0 1.01302555306 1.0
167.0 0.536792316667 1.0
183.0 4.33318001025 1.0
60.0 0.973711708663 1.0
48.0 0.947951712391 1.0
40.0 1.0342182064 1.0
47.0 1.0236262319 1.0
object 94	1.0:1.0
10.0 1.07621040807 1.0
26.0 0.951456492302 1.0
111.0 0.969251468007 1.0
36.0 1.01566191515 1.0
51.0 0.976708324213 1.0
61.0 0.99511768429 1.0
33.0 1.0330972254 1.0
object 95	1.0:1.0
151.0 0.957103385746 1.0
17.0 1.00570341048 1.0
103.0 1.02235714797 1.0
174.0 5.01893484163 1.0
171.0 0.924423280182 1.0
object 96	1.0:1.0
167.0 -0.439976836134 1.0
179.0 1.94150926235 1.0
37.0 1.02289325255 1.0
83.0 1.02160796894 1.0
159.0 0.972641067044 1.0
144.0 0.965458317505 1.0
object 97	1.0:1.0
78.0 0.987904623517 1.0
189.0 -0.795258565351 1.0
82.0 0.998792805945 1.0
107.0 0.974590523018 1.0
104.0 0.991000696364 1.0
66.0 1.00000795691 1.0
173.0 4.99930518418 1.0
135.0 0.943340598125 1.0
123.0 0.994166820821 1.0
133.0 1.03074376393 1.0
98.0 0.998009749084 1.0
182.0 -0.131241570994 1.0
object 98	1.0:1.0
8.0 1.0319850564 1.0
15.0 1.01215092217 1.0
31.0 1.01861133294 1.0
42.0 0.998021251953 1.0
199.0 -0.787233946661 1.0
36.0 0.968679571397 1.0
object 99	1.0:1.0
194.0 3.28230650025 1.0
11.0 0.999449050366 1.0
179.0 -8.49186179602 1.0
39.0 1.01947478825 1.0
199.0 -0.296810051173 1.0
78.0 0.943835764728 1.0
