object 0	1.0:1.0
164.0 2.36544587723 1.0
67.0 0.952117516741 1.0
79.0 1.03041645752 1.0
154.0 -2.68032247764 1.0
50.0 0.989041625944 1.0
object 1	1.0:1.0
68.0 0.991839722419 1.0
190.0 -1.92662166715 1.0
175.0 -0.355541773773 1.0
49.0 0.948127300145 1.0
11.0 1.01200093483 1.0
67.0 0.96686388648 1.0
168.0 0.691229121614 1.0
object 2	1.0:1.0
61.0 1.01622568188 1.0
81.0 0.943603703516 1.0
87.0 0.999823808457 1.0
84.0 0.977277136381 1.0
object 3	1.0:1.0
41.0 1.01604299924 1.0
30.0 1.00972833623 1.0
134.0 0.998004104689 1.0
175.0 1.97067302549 1.0
59.0 0.945713399751 1.0
149.0 -1.78601102348 1.0
129.0 1.01386071278 1.0
31.0 1.0171249535 1.0
object 4	1.0:1.0
74.0 1.01568370006 1.0
173.0 4.69234137441 1.0
155.0 -0.0904099654126 1.0
65.0 0.987071267219 1.0
4.0 0.921760761782 1.0
26.0 0.973493410362 1.0
139.0 0.945183733474 1.0
82.0 0.932747812596 1.0
object 5	1.0:1.0
143.0 -2.86643586149 1.0
11.0 0.999915724331 1.0
185.0 4.37865514849 1.0
81.0 0.951695941096 1.0
46.0 1.01671675877 1.0
176.0 2.03262335588 1.0
object 6	1.0:1.0
48.0 0.980666719539 1.0
124.0 0.997347012678 1.0
52.0 1.02930752867 1.0
99.0 0.966538345163 1.0
89.0 1.0490955768 1.0
117.0 0.988335983562 1.0
object 7	1.0:1.0
132.0 1.04488348906 1.0
55.0 1.02289830769 1.0
129.0 1.00787489433 1.0
62.0 1.00179256379 1.0
117.0 1.0195626203 1.0
object 8	1.0:1.0
109.0 1.06436799222 1.0
99.0 0.972163224632 1.0
143.0 5.30485145827 1.0
106.0 1.02606472909 1.0
130.0 0.971155917094 1.0
74.0 0.966623591845 1.0
154.0 -8.74539364764 1.0
object 9	1.0:1.0
0.0 0.981389449466 1.0
23.0 0.995557113604 1.0
142.0 -1.22134053618 1.0
102.0 1.01793926613 1.0
131.0 1.0042061158 1.0
122.0 1.00832224198 1.0
41.0 1.008592096 1.0
55.0 1.02041825661 1.0
144.0 2.27593473347 1.0
168.0 10.4740364794 1.0
object 10	1.0:1.0
28.0 1.01657414489 1.0
1.0 0.952898408051 1.0
25.0 0.938072178262 1.0
126.0 0.948236107263 1.0
86.0 0.978985284432 1.0
107.0 0.993119810729 1.0
object 11	1.0:1.0
66.0 1.00657384942 1.0
7.0 0.987029525223 1.0
2.0 1.0301286654 1.0
99.0 1.0079424057 1.0
159.0 4.03752115325 1.0
14.0 1.02928333415 1.0
49.0 0.977229304546 1.0
177.0 0.919510410733 1.0
181.0 2.3386967305 1.0
50.0 0.992200321665 1.0
object 12	1.0:1.0
92.0 0.991765357282 1.0
62.0 0.99171350466 1.0
7.0 1.02589881468 1.0
98.0 1.02803818925 1.0
146.0 1.86874606229 1.0
object 13	1.0:1.0
104.0 1.06018434077 1.0
44.0 1.00471102573 1.0
41.0 1.0300820266 1.0
113.0 1.01473612317 1.0
128.0 0.984303012657 1.0
50.0 0.960725324719 1.0
14.0 0.899032816304 1.0
object 14	1.0:1.0
50.0 0.979788832225 1.0
156.0 -1.27950593774 1.0
182.0 2.24263010784 1.0
30.0 0.991008595961 1.0
167.0 1.1326875187 1.0
5.0 1.01179027508 1.0
147.0 1.51245633132 1.0
134.0 0.997739096093 1.0
67.0 1.00627748643 1.0
0.0 0.980642062414 1.0
66.0 0.995069453635 1.0
36.0 1.00643252122 1.0
89.0 1.02175466137 1.0
63.0 1.01231282687 1.0
object 15	1.0:1.0
112.0 1.02214213879 1.0
8.0 1.00885845074 1.0
object 16	1.0:1.0
9.0 1.00373927391 1.0
193.0 -1.2647253565 1.0
33.0 0.966798608136 1.0
7.0 1.03137661988 1.0
17.0 1.00166602843 1.0
148.0 -5.42721231696 1.0
132.0 0.946911368123 1.0
77.0 0.964982955625 1.0
178.0 3.67738813897 1.0
122.0 1.02049279315 1.0
175.0 0.190839988417 1.0
162.0 -1.88650936581 1.0
21.0 1.00739755 1.0
108.0 0.965568678234 1.0
object 17	1.0:1.0
136.0 0.972008987627 1.0
37.0 0.924431674753 1.0
109.0 1.0040325314 1.0
35.0 1.01566996252 1.0
110.0 1.07890314249 1.0
163.0 3.16796923729 1.0
16.0 0.920766390239 1.0
object 18	1.0:1.0
64.0 0.988057477416 1.0
159.0 3.08741234346 1.0
155.0 1.79924522106 1.0
139.0 0.984795465903 1.0
186.0 0.56810601938 1.0
object 19	1.0:1.0
21.0 0.988062823185 1.0
73.0 1.01396084769 1.0
78.0 0.99557765848 1.0
object 20	1.0:1.0
14.0 0.977989760668 1.0
75.0 0.976466740119 1.0
191.0 0.696234674284 1.0
118.0 1.01143967775 1.0
object 21	1.0:1.0
170.0 2.25789846856 1.0
169.0 4.19124349612 1.0
36.0 1.02150238185 1.0
56.0 1.0548164909 1.0
141.0 2.63607511152 1.0
48.0 0.98870341689 1.0
90.0 0.999592485528 1.0
66.0 0.997532338131 1.0
171.0 -5.56947445212 1.0
object 22	1.0:1.0
16.0 1.00393936623 1.0
17.0 1.01932276356 1.0
197.0 -0.0153993763575 1.0
26.0 0.971428276819 1.0
140.0 -2.56847127862 1.0
185.0 3.92707167428 1.0
125.0 1.06907067998 1.0
127.0 1.03317274625 1.0
61.0 1.01886661064 1.0
174.0 1.68233922382 1.0
object 23	1.0:1.0
115.0 0.999488760187 1.0
112.0 1.00469778711 1.0
object 24	1.0:1.0
60.0 0.94802749466 1.0
183.0 0.70481475405 1.0
110.0 1.03993071291 1.0
144.0 3.08402677618 1.0
34.0 1.00087289659 1.0
87.0 1.02991862172 1.0
11.0 1.03504374658 1.0
28.0 0.967683200127 1.0
80.0 0.986439026111 1.0
108.0 0.961799622782 1.0
object 25	1.0:1.0
155.0 0.600200782857 1.0
196.0 1.5792555241 1.0
6.0 0.954190991156 1.0
133.0 1.00593781566 1.0
172.0 7.24417724366 1.0
24.0 1.0052804963 1.0
28.0 1.00529692947 1.0
object 26	1.0:1.0
27.0 0.983526922188 1.0
1.0 0.993619068426 1.0
134.0 1.00479117247 1.0
114.0 1.00164659992 1.0
145.0 -7.23517860851 1.0
15.0 1.01904503915 1.0
object 27	1.0:1.0
105.0 1.00205176742 1.0
78.0 1.00380523726 1.0
11.0 0.9927948314 1.0
45.0 1.06326651501 1.0
34.0 1.06896723418 1.0
17.0 0.999883333655 1.0
140.0 3.23073008645 1.0
76.0 1.02534607694 1.0
168.0 0.737951021495 1.0
182.0 0.509252713085 1.0
18.0 1.01353935316 1.0
159.0 -3.00776031706 1.0
object 28	1.0:1.0
30.0 1.01091224474 1.0
124.0 1.07087462836 1.0
2.0 0.979295081233 1.0
14.0 0.959017053092 1.0
126.0 0.98566149182 1.0
40.0 1.02616136702 1.0
0.0 0.987922758708 1.0
196.0 1.97519401521 1.0
object 29	1.0:1.0
144.0 -1.94866430019 1.0
13.0 0.954701560717 1.0
111.0 0.96424919757 1.0
5.0 0.997202384956 1.0
161.0 1.55031823571 1.0
object 30	1.0:1.0
111.0 0.980952086203 1.0
69.0 1.03702433053 1.0
22.0 0.981897907698 1.0
43.0 0.99046767495 1.0
67.0 0.972136881964 1.0
18.0 0.99790659203 1.0
151.0 3.09133633566 1.0
84.0 1.0282166214 1.0
4.0 0.984301321331 1.0
81.0 1.05357224071 1.0
178.0 -0.624222783601 1.0
object 31	1.0:1.0
198.0 0.222142192214 1.0
98.0 0.989378207585 1.0
11.0 1.00108951154 1.0
0.0 1.03272130221 1.0
40.0 0.959512140792 1.0
object 32	1.0:1.0
133.0 1.03116626943 1.0
196.0 2.52357099844 1.0
31.0 0.998758788587 1.0
169.0 0.56134617258 1.0
10.0 0.980958253326 1.0
54.0 1.00202436612 1.0
1.0 0.95534858067 1.0
object 33	1.0:1.0
186.0 -0.184491445778 1.0
71.0 0.982467150678 1.0
66.0 1.02908215961 1.0
104.0 0.959661048396 1.0
122.0 1.00608408862 1.0
object 34	1.0:1.0
41.0 1.00507069729 1.0
164.0 -7.68590182242 1.0
20.0 0.989948414487 1.0
5.0 1.00018186046 1.0
98.0 1.02076858473 1.0
108.0 1.01941881972 1.0
31.0 1.00462403567 1.0
object 35	1.0:1.0
112.0 1.01701118606 1.0
71.0 1.02910739092 1.0
36.0 0.992950947834 1.0
1.0 0.963980449742 1.0
188.0 -0.370827674136 1.0
8.0 1.02567534412 1.0
136.0 1.02738327873 1.0
170.0 0.265693984318 1.0
object 36	1.0:1.0
75.0 0.999526792353 1.0
105.0 0.983250628692 1.0
117.0 0.955956205683 1.0
150.0 1.11000733518 1.0
object 37	1.0:1.0
17.0 1.00572488557 1.0
109.0 0.9723305543 1.0
76.0 1.03985599632 1.0
135.0 0.993812810622 1.0
31.0 1.01553261171 1.0
object 38	1.0:1.0
12.0 1.00158446118 1.0
82.0 1.00999034748 1.0
156.0 -2.06764903617 1.0
25.0 0.986803840261 1.0
75.0 1.01414185457 1.0
174.0 1.21586461062 1.0
61.0 0.995602315917 1.0
134.0 0.99004637562 1.0
object 39	1.0:1.0
33.0 1.03031641773 1.0
108.0 0.966211335076 1.0
35.0 0.994176445589 1.0
198.0 2.67682285357 1.0
118.0 0.993098276442 1.0
object 40	1.0:1.0
195.0 5.83027874973 1.0
199.0 -0.946622847565 1.0
77.0 1.0407659973 1.0
178.0 1.44703872864 1.0
63.0 0.981993068228 1.0
148.0 3.99198589905 1.0
106.0 1.00886374717 1.0
object 41	1.0:1.0
85.0 1.03691140995 1.0
175.0 6.80308413064 1.0
171.0 8.69068401407 1.0
76.0 0.956300411811 1.0
62.0 1.04803810628 1.0
21.0 1.03749040004 1.0
82.0 0.998014190838 1.0
34.0 0.910941025238 1.0
70.0 0.997416988194 1.0
136.0 1.03655179926 1.0
169.0 5.25523280276 1.0
39.0 0.998167059758 1.0
44.0 1.10545447678 1.0
65.0 0.987986108451 1.0
104.0 1.01694499365 1.0
object 42	1.0:1.0
88.0 1.02423281136 1.0
45.0 0.964010116244 1.0
2.0 1.02907933751 1.0
171.0 1.21159926296 1.0
128.0 0.969382900185 1.0
65.0 0.897672697084 1.0
object 43	1.0:1.0
24.0 1.00202187697 1.0
119.0 1.01928459735 1.0
182.0 1.46209807568 1.0
6.0 1.04306520222 1.0
19.0 1.02307375259 1.0
128.0 0.991499445751 1.0
129.0 0.993178521348 1.0
111.0 1.05139797541 1.0
object 44	1.0:1.0
199.0 2.93511701538 1.0
54.0 1.01803253251 1.0
166.0 -1.37770682124 1.0
180.0 -5.58866224467 1.0
106.0 0.991684497445 1.0
object 45	1.0:1.0
168.0 0.703100365529 1.0
172.0 2.56382726433 1.0
object 46	1.0:1.0
104.0 1.02030829663 1.0
168.0 -7.60528140307 1.0
177.0 1.42644195817 1.0
17.0 0.990945628409 1.0
116.0 0.95945275111 1.0
21.0 0.960127678938 1.0
4.0 0.979641913695 1.0
object 47	1.0:1.0
156.0 0.955420591501 1.0
25.0 0.946990781227 1.0
193.0 -2.73452091662 1.0
83.0 0.999012661711 1.0
object 48	1.0:1.0
49.0 0.965625390444 1.0
89.0 1.00437756447 1.0
181.0 2.29775873749 1.0
175.0 -0.971680699548 1.0
188.0 6.59141242375 1.0
108.0 1.0095725865 1.0
91.0 1.02166789877 1.0
object 49	1.0:1.0
136.0 0.980648687718 1.0
1.0 1.01346628092 1.0
131.0 1.01144642648 1.0
181.0 -4.78692558523 1.0
37.0 1.05062582221 1.0
78.0 1.01518365042 1.0
115.0 0.995195618782 1.0
object 50	1.0:1.0
53.0 0.997659306608 1.0
8.0 1.02713162908 1.0
object 51	1.0:1.0
103.0 0.967656947477 1.0
178.0 3.70239247398 1.0
2.0 0.978564837604 1.0
157.0 -0.365162570596 1.0
100.0 1.05915666566 1.0
137.0 1.01657522297 1.0
89.0 0.956324948069 1.0
125.0 1.02398378437 1.0
74.0 1.00098684462 1.0
115.0 1.01821417549 1.0
object 52	1.0:1.0
10.0 1.02296249977 1.0
95.0 0.985707081453 1.0
185.0 0.661785046215 1.0
106.0 0.991602371935 1.0
196.0 9.04022846211 1.0
115.0 1.00064374056 1.0
193.0 8.64513228196 1.0
object 53	1.0:1.0
161.0 3.1859430685 1.0
38.0 0.940789473996 1.0
69.0 0.997500936092 1.0
145.0 -5.02475003598 1.0
66.0 1.04353324692 1.0
30.0 1.00018483914 1.0
155.0 -0.516578246825 1.0
4.0 1.01645702611 1.0
141.0 2.88518774628 1.0
object 54	1.0:1.0
34.0 0.977360605988 1.0
95.0 1.0052412994 1.0
160.0 -2.18229722128 1.0
139.0 0.981149504096 1.0
148.0 -4.19943728683 1.0
24.0 0.967796359767 1.0
157.0 -4.43298765749 1.0
119.0 0.984045976879 1.0
159.0 2.05104385871 1.0
101.0 1.00009200456 1.0
object 55	1.0:1.0
79.0 1.00780283223 1.0
92.0 0.992800892301 1.0
57.0 1.01703956839 1.0
154.0 1.4154224122 1.0
54.0 1.04880485721 1.0
67.0 1.01324831029 1.0
41.0 0.997561422056 1.0
155.0 -0.153936420313 1.0
object 56	1.0:1.0
61.0 1.01005959647 1.0
148.0 -1.18929870303 1.0
2.0 0.999513850604 1.0
154.0 1.84279466387 1.0
126.0 0.968540559255 1.0
129.0 0.999953317141 1.0
45.0 0.895349746437 1.0
11.0 0.993186283877 1.0
object 57	1.0:1.0
18.0 1.00583722812 1.0
75.0 1.01687524335 1.0
114.0 0.993727827737 1.0
30.0 0.997346243045 1.0
7.0 0.968190529488 1.0
object 58	1.0:1.0
38.0 0.969609099887 1.0
190.0 0.115137625663 1.0
131.0 1.01291178134 1.0
2.0 1.01918574897 1.0
128.0 0.955511052482 1.0
112.0 0.992716620426 1.0
object 59	1.0:1.0
43.0 0.998550821351 1.0
87.0 0.988859812115 1.0
20.0 1.001702928 1.0
32.0 0.972380346788 1.0
120.0 0.942574324476 1.0
72.0 0.996330433959 1.0
28.0 1.00943693115 1.0
164.0 3.86955355645 1.0
110.0 0.971250877074 1.0
194.0 5.44308066228 1.0
45.0 0.972439279395 1.0
object 60	1.0:1.0
137.0 1.03635633309 1.0
126.0 0.960297823549 1.0
117.0 0.976289451348 1.0
66.0 0.998503202275 1.0
43.0 1.00153471452 1.0
object 61	1.0:1.0
139.0 0.869591292273 1.0
174.0 0.537125628695 1.0
17.0 1.00453484679 1.0
67.0 0.956297627862 1.0
44.0 0.968746553381 1.0
71.0 0.981091035707 1.0
6.0 1.00197877678 1.0
105.0 0.94249650316 1.0
3.0 0.997266653929 1.0
0.0 1.03189309164 1.0
59.0 1.02666659271 1.0
43.0 0.967884730237 1.0
object 62	1.0:1.0
157.0 3.93375598021 1.0
182.0 2.01763447078 1.0
object 63	1.0:1.0
136.0 0.948220146397 1.0
26.0 1.06295582011 1.0
50.0 0.988388620675 1.0
24.0 0.989164943468 1.0
152.0 1.2819064666 1.0
130.0 1.01645506707 1.0
68.0 0.998138773951 1.0
96.0 1.0163883581 1.0
184.0 1.28540177694 1.0
52.0 1.02282597031 1.0
131.0 0.993239147184 1.0
140.0 -0.800065504926 1.0
148.0 -1.31780820124 1.0
137.0 1.01936068997 1.0
object 64	1.0:1.0
148.0 -1.65062798483 1.0
2.0 1.02324493316 1.0
99.0 1.01221631453 1.0
191.0 1.8616078794 1.0
86.0 0.951147205488 1.0
60.0 0.971450153159 1.0
30.0 0.984525794296 1.0
46.0 1.08295900271 1.0
object 65	1.0:1.0
154.0 -5.07503884978 1.0
48.0 1.00108825467 1.0
64.0 0.986373691064 1.0
191.0 1.86523035247 1.0
190.0 -3.05059802357 1.0
object 66	1.0:1.0
94.0 0.99387094369 1.0
33.0 0.95410719618 1.0
16.0 1.00869105274 1.0
object 67	1.0:1.0
95.0 1.0112676107 1.0
153.0 -8.32769703455 1.0
49.0 1.02813058107 1.0
132.0 0.98002881925 1.0
64.0 1.02033797166 1.0
39.0 1.01126833644 1.0
90.0 1.00754388017 1.0
60.0 1.01297294823 1.0
80.0 0.989676564057 1.0
65.0 0.961353544016 1.0
85.0 0.975784308286 1.0
54.0 0.975759242199 1.0
100.0 0.963361642307 1.0
121.0 1.02117226343 1.0
24.0 1.00478340777 1.0
object 68	1.0:1.0
165.0 1.80286982062 1.0
121.0 1.0052391676 1.0
192.0 2.82562961808 1.0
1.0 0.9667636634 1.0
126.0 0.952655984729 1.0
62.0 0.955106625337 1.0
151.0 -0.719853566393 1.0
7.0 0.977250381377 1.0
155.0 0.605530577759 1.0
88.0 0.99089859925 1.0
3.0 0.991438359633 1.0
54.0 0.937219672797 1.0
47.0 0.996489663831 1.0
object 69	1.0:1.0
14.0 0.897793203016 1.0
156.0 -0.74309665615 1.0
63.0 0.99841085441 1.0
55.0 0.988279820958 1.0
161.0 -2.86403052798 1.0
191.0 4.36076796447 1.0
37.0 1.06717606311 1.0
17.0 0.985805763181 1.0
object 70	1.0:1.0
132.0 0.967603935064 1.0
65.0 0.894918782764 1.0
31.0 1.00254863681 1.0
155.0 -0.481315493031 1.0
197.0 -3.0831215971 1.0
87.0 0.980680766359 1.0
object 71	1.0:1.0
117.0 0.978610283178 1.0
141.0 -10.7076681687 1.0
40.0 0.970988068292 1.0
176.0 -1.41703642257 1.0
9.0 1.03575057421 1.0
187.0 -2.53226487008 1.0
object 72	1.0:1.0
73.0 0.935261757999 1.0
92.0 1.00283305942 1.0
156.0 2.14508440291 1.0
126.0 0.956359790563 1.0
95.0 0.994497390618 1.0
36.0 0.994566709168 1.0
16.0 0.924212555421 1.0
109.0 0.98578688955 1.0
106.0 1.01454087182 1.0
object 73	1.0:1.0
125.0 0.947637774834 1.0
163.0 1.65146402167 1.0
14.0 0.981091561772 1.0
99.0 0.971114772963 1.0
73.0 1.03686777819 1.0
35.0 1.01025944154 1.0
37.0 1.0092764483 1.0
165.0 1.79729193137 1.0
22.0 1.00909100956 1.0
66.0 0.966429079302 1.0
object 74	1.0:1.0
1.0 0.991296477989 1.0
114.0 1.01532960155 1.0
132.0 1.0020142523 1.0
84.0 0.939109576983 1.0
3.0 0.972554715778 1.0
object 75	1.0:1.0
65.0 1.02075340273 1.0
13.0 0.988611508099 1.0
112.0 1.01268491515 1.0
97.0 0.933252907387 1.0
35.0 0.994360103089 1.0
84.0 0.99291941386 1.0
127.0 1.06845675007 1.0
153.0 -8.95591522558 1.0
196.0 1.1216628386 1.0
object 76	1.0:1.0
21.0 0.983762199745 1.0
87.0 1.02390454171 1.0
64.0 0.999862078372 1.0
137.0 0.999800973807 1.0
56.0 0.955191961072 1.0
196.0 -0.853295688287 1.0
42.0 1.02852249219 1.0
6.0 0.939927695715 1.0
147.0 2.81256998806 1.0
object 77	1.0:1.0
49.0 1.04425570273 1.0
130.0 1.01922131331 1.0
60.0 1.01614523833 1.0
104.0 0.982500496518 1.0
59.0 1.00094710072 1.0
object 78	1.0:1.0
88.0 1.01500555661 1.0
143.0 -2.45409866765 1.0
87.0 1.00856361446 1.0
6.0 0.967177535346 1.0
48.0 0.995024607366 1.0
104.0 1.01534769666 1.0
object 79	1.0:1.0
167.0 -1.31927876443 1.0
107.0 1.02501082754 1.0
44.0 0.987652721107 1.0
99.0 1.00318295818 1.0
49.0 0.95042080456 1.0
168.0 0.886794667684 1.0
196.0 6.23919763694 1.0
object 80	1.0:1.0
141.0 -2.75110506128 1.0
154.0 -3.79200615389 1.0
7.0 0.963995946788 1.0
41.0 0.977638785486 1.0
95.0 1.01051682832 1.0
61.0 0.982731157022 1.0
169.0 -3.97031598411 1.0
60.0 1.02758226064 1.0
53.0 1.00666999836 1.0
96.0 0.964943739224 1.0
object 81	1.0:1.0
94.0 1.04257937886 1.0
30.0 0.978158433289 1.0
16.0 0.993936577003 1.0
149.0 2.43454696438 1.0
151.0 -1.49714855963 1.0
160.0 0.481766060124 1.0
22.0 1.02402289693 1.0
object 82	1.0:1.0
102.0 0.966500635307 1.0
139.0 1.02907663002 1.0
128.0 1.03459852904 1.0
36.0 1.0080331418 1.0
136.0 0.984211201086 1.0
51.0 1.0053817146 1.0
130.0 0.98057634247 1.0
149.0 -0.0996467321369 1.0
object 83	1.0:1.0
17.0 0.984440904392 1.0
131.0 0.956162939467 1.0
196.0 5.31639726783 1.0
108.0 1.05957991095 1.0
124.0 0.983918928774 1.0
84.0 1.00399900274 1.0
143.0 -1.13283358212 1.0
object 84	1.0:1.0
168.0 6.35527239222 1.0
86.0 0.890666363358 1.0
79.0 0.952065405196 1.0
159.0 -3.48070189704 1.0
5.0 0.996770895776 1.0
64.0 1.02562638846 1.0
96.0 0.922192065817 1.0
70.0 1.05436079464 1.0
object 85	1.0:1.0
197.0 6.3356553424 1.0
195.0 1.39047409685 1.0
67.0 1.02713680101 1.0
32.0 1.09465449567 1.0
34.0 1.01033531263 1.0
145.0 6.01348076822 1.0
198.0 -0.153003594274 1.0
137.0 1.02023157278 1.0
136.0 1.02361568947 1.0
object 86	1.0:1.0
27.0 0.995192174976 1.0
193.0 -3.88384090302 1.0
53.0 0.996337708356 1.0
48.0 1.00916892167 1.0
74.0 1.00394717187 1.0
129.0 0.9994663787 1.0
167.0 0.557029290672 1.0
16.0 0.940849415246 1.0
185.0 0.48934542809 1.0
172.0 0.776430126582 1.0
163.0 -0.274016333607 1.0
123.0 1.03836930343 1.0
object 87	1.0:1.0
11.0 0.967560722454 1.0
75.0 0.972701589317 1.0
63.0 0.998023255479 1.0
59.0 1.02662535971 1.0
198.0 2.98669244423 1.0
10.0 0.988723278033 1.0
169.0 3.53681589853 1.0
111.0 0.990056330433 1.0
object 88	1.0:1.0
155.0 0.734129760916 1.0
89.0 0.949537253917 1.0
59.0 0.917441529574 1.0
56.0 1.01918247434 1.0
114.0 1.00837526873 1.0
107.0 0.999798674383 1.0
69.0 0.97950391851 1.0
158.0 3.30362118252 1.0
object 89	1.0:1.0
102.0 1.00910142367 1.0
8.0 1.05076210727 1.0
58.0 0.953881738872 1.0
90.0 1.0100121398 1.0
159.0 2.88517961268 1.0
55.0 0.983432200172 1.0
16.0 0.957356805493 1.0
object 90	1.0:1.0
7.0 0.989282877175 1.0
84.0 1.06706926635 1.0
103.0 0.999392881452 1.0
179.0 1.24753007188 1.0
80.0 0.909430672098 1.0
100.0 1.01466711266 1.0
35.0 1.00249699836 1.0
9.0 1.03927804298 1.0
object 91	1.0:1.0
120.0 1.06328168975 1.0
95.0 1.00719046444 1.0
112.0 1.00645893661 1.0
170.0 0.204735156899 1.0
119.0 0.988527466492 1.0
145.0 2.98404019773 1.0
23.0 1.01417943582 1.0
189.0 -0.599793125099 1.0
object 92	1.0:1.0
139.0 0.947196521838 1.0
173.0 3.40815200918 1.0
56.0 0.948294073064 1.0
186.0 1.98422737694 1.0
170.0 1.51836544132 1.0
188.0 -0.71429620158 1.0
92.0 0.994677078933 1.0
76.0 1.08615478861 1.0
object 93	1.0:1.0
92.0 0.989986732714 1.0
24.0 0.990684376769 1.0
0.0 0.989777115194 1.0
188.0 -2.83807087798 1.0
119.0 1.01877515092 1.0
object 94	1.0:1.0
22.0 0.969734269649 1.0
73.0 1.04047660857 1.0
139.0 1.00400535552 1.0
47.0 1.00746960072 1.0
44.0 1.05506208666 1.0
14.0 1.03714182757 1.0
83.0 1.01422082054 1.0
object 95	1.0:1.0
190.0 -1.32494890399 1.0
7.0 0.989949746596 1.0
141.0 -0.507123695305 1.0
3.0 1.00301359231 1.0
object 96	1.0:1.0
187.0 5.58982459184 1.0
102.0 0.991797186606 1.0
32.0 1.07949926334 1.0
92.0 0.985886211984 1.0
23.0 1.0022367075 1.0
160.0 4.1857487283 1.0
125.0 0.980773010543 1.0
142.0 2.29951629288 1.0
object 97	1.0:1.0
197.0 2.84779812966 1.0
110.0 1.01009552718 1.0
2.0 0.998379597785 1.0
56.0 1.04193321021 1.0
3.0 0.985759925284 1.0
134.0 0.995649906595 1.0
156.0 3.72252106613 1.0
137.0 0.99592422472 1.0
96.0 0.999470071176 1.0
126.0 1.02821810102 1.0
161.0 1.71886465784 1.0
object 98	1.0:1.0
167.0 1.08970215179 1.0
140.0 -4.5871974952 1.0
56.0 1.04338346284 1.0
185.0 -0.981006267268 1.0
179.0 -9.72891415219 1.0
102.0 0.999682180744 1.0
object 99	1.0:1.0
179.0 0.71132338945 1.0
93.0 0.93914668035 1.0
199.0 -1.69376760053 1.0
160.0 0.628424623202 1.0
130.0 0.997711855835 1.0
36.0 1.00885913655 1.0
82.0 1.05721053516 1.0
183.0 -0.0334259568207 1.0
124.0 1.05681630234 1.0
