object 0	1.0:1.0
191.0 -0.857665492926 1.0
98.0 0.979078698118 1.0
object 1	1.0:1.0
32.0 0.974671816775 1.0
50.0 0.990130961904 1.0
object 2	1.0:1.0
43.0 0.98803545667 1.0
194.0 3.89778283784 1.0
object 3	1.0:1.0
158.0 1.03391247563 1.0
175.0 1.00839126818 1.0
object 4	1.0:1.0
159.0 0.974988894534 1.0
86.0 1.0042820069 1.0
95.0 0.987403533181 1.0
object 5	1.0:1.0
117.0 0.969793852943 1.0
62.0 0.957062664243 1.0
object 6	1.0:1.0
68.0 0.989827786497 1.0
23.0 0.976766199597 1.0
190.0 5.1341836941 1.0
0.0 0.989495209842 1.0
object 7	1.0:1.0
83.0 1.03792589798 1.0
67.0 1.03799736864 1.0
object 8	1.0:1.0
16.0 1.01005513572 1.0
72.0 1.0098199174 1.0
object 9	1.0:1.0
103.0 0.987856767659 1.0
38.0 1.00768674202 1.0
125.0 1.01355515174 1.0
41.0 0.975933496798 1.0
object 10	1.0:1.0
114.0 1.01204236988 1.0
49.0 1.05051544097 1.0
1.0 1.04937208477 1.0
28.0 1.13472855616 1.0
object 11	1.0:1.0
105.0 1.09881521089 1.0
180.0 -4.45738746412 1.0
object 12	1.0:1.0
78.0 0.997907918504 1.0
5.0 1.00434908369 1.0
183.0 -1.64855607161 1.0
object 13	1.0:1.0
14.0 1.02048926998 1.0
184.0 1.83690033189 1.0
145.0 1.05086077656 1.0
object 14	1.0:1.0
143.0 0.997405477993 1.0
49.0 1.01195054311 1.0
object 15	1.0:1.0
186.0 0.924043575493 1.0
133.0 1.06690355931 1.0
object 16	1.0:1.0
131.0 0.951978209997 1.0
87.0 0.969693578465 1.0
40.0 0.907444569767 1.0
object 17	1.0:1.0
194.0 2.8483218524 1.0
26.0 0.943233115304 1.0
62.0 0.981256796492 1.0
148.0 0.974073535083 1.0
object 18	1.0:1.0
127.0 0.981002115738 1.0
156.0 1.00153141621 1.0
object 19	1.0:1.0
65.0 0.994885681406 1.0
28.0 0.983232226899 1.0
object 20	1.0:1.0
3.0 1.0497286149 1.0
60.0 1.0423267657 1.0
26.0 0.981625401331 1.0
36.0 1.00070650416 1.0
object 21	1.0:1.0
43.0 0.997673654421 1.0
124.0 1.01221079484 1.0
object 22	1.0:1.0
155.0 0.973748321768 1.0
140.0 1.00520772843 1.0
40.0 1.04959484258 1.0
81.0 0.952070081311 1.0
object 23	1.0:1.0
91.0 0.928332331126 1.0
96.0 0.988984559655 1.0
171.0 1.01541296643 1.0
object 24	1.0:1.0
25.0 1.02216813487 1.0
132.0 1.00046219901 1.0
116.0 1.00703974339 1.0
object 25	1.0:1.0
127.0 0.992079848832 1.0
28.0 0.919936147726 1.0
123.0 1.01713977277 1.0
59.0 1.02274905482 1.0
3.0 0.977426855668 1.0
107.0 1.02680526803 1.0
object 26	1.0:1.0
11.0 1.04508534711 1.0
132.0 1.03973438743 1.0
object 27	1.0:1.0
184.0 -0.323233005003 1.0
128.0 1.00542428402 1.0
96.0 0.988599126557 1.0
object 28	1.0:1.0
161.0 0.996542508188 1.0
15.0 1.00380636524 1.0
object 29	1.0:1.0
15.0 0.997261858972 1.0
187.0 -1.72658625795 1.0
object 30	1.0:1.0
100.0 0.990965240472 1.0
193.0 4.61500793718 1.0
145.0 1.00825988474 1.0
object 31	1.0:1.0
153.0 0.959718775642 1.0
108.0 1.05138853333 1.0
129.0 0.992625205025 1.0
159.0 0.976066895067 1.0
object 32	1.0:1.0
62.0 1.03650233295 1.0
104.0 0.963934373293 1.0
192.0 2.04229005192 1.0
object 33	1.0:1.0
111.0 1.0244028108 1.0
121.0 0.973738236353 1.0
object 34	1.0:1.0
172.0 1.00600142379 1.0
49.0 0.923369548731 1.0
object 35	1.0:1.0
150.0 0.991943564529 1.0
110.0 1.00917418227 1.0
91.0 1.02533638764 1.0
59.0 0.967825652927 1.0
10.0 1.00813817337 1.0
object 36	1.0:1.0
165.0 1.0269679308 1.0
102.0 0.989475917933 1.0
142.0 1.04098852321 1.0
object 37	1.0:1.0
99.0 0.975827576322 1.0
150.0 1.00759696782 1.0
190.0 -1.61213731308 1.0
189.0 0.129509092046 1.0
object 38	1.0:1.0
2.0 0.997234484182 1.0
34.0 1.00915807024 1.0
199.0 6.37427688177 1.0
object 39	1.0:1.0
78.0 0.973777247021 1.0
70.0 1.00587524161 1.0
168.0 0.984649991381 1.0
180.0 4.44953246311 1.0
object 40	1.0:1.0
144.0 1.02370005755 1.0
111.0 1.02394160096 1.0
object 41	1.0:1.0
117.0 0.999758733978 1.0
174.0 1.01774783989 1.0
36.0 1.00797297703 1.0
80.0 0.986891852719 1.0
53.0 0.992974121987 1.0
object 42	1.0:1.0
182.0 1.97225210303 1.0
183.0 1.10624668912 1.0
26.0 0.989704584436 1.0
190.0 -5.92022695203 1.0
196.0 1.15383756526 1.0
object 43	1.0:1.0
64.0 0.968355187131 1.0
80.0 0.979688017648 1.0
122.0 1.01650226859 1.0
154.0 0.972335918042 1.0
134.0 0.979104956385 1.0
10.0 0.967233802635 1.0
object 44	1.0:1.0
44.0 1.04314667541 1.0
39.0 1.0103234438 1.0
8.0 0.905712946596 1.0
object 45	1.0:1.0
1.0 1.01404990131 1.0
181.0 4.73188108726 1.0
63.0 0.994214401371 1.0
174.0 1.00409143953 1.0
100.0 1.01797553911 1.0
190.0 6.62875576048 1.0
object 46	1.0:1.0
39.0 0.962832128161 1.0
61.0 0.995813657789 1.0
36.0 1.00967084789 1.0
181.0 7.75411543636 1.0
136.0 0.950856679866 1.0
object 47	1.0:1.0
156.0 0.998430131167 1.0
90.0 1.00745197013 1.0
100.0 1.0210807505 1.0
72.0 0.989655649358 1.0
object 48	1.0:1.0
2.0 1.01066608635 1.0
180.0 -0.535669732054 1.0
140.0 0.995989811603 1.0
object 49	1.0:1.0
118.0 1.02636912189 1.0
160.0 1.01532561969 1.0
7.0 1.00333054757 1.0
56.0 1.01192876176 1.0
185.0 0.627339393579 1.0
object 50	1.0:1.0
100.0 0.987192077839 1.0
196.0 3.32496068004 1.0
69.0 1.0147866593 1.0
31.0 1.02468440471 1.0
45.0 0.99393001802 1.0
164.0 0.979479914043 1.0
184.0 4.81971099957 1.0
114.0 1.02108011586 1.0
object 51	1.0:1.0
59.0 0.981800122336 1.0
68.0 0.989504530724 1.0
19.0 0.938565875036 1.0
object 52	1.0:1.0
48.0 1.00100709564 1.0
55.0 0.974635722299 1.0
21.0 0.979723931569 1.0
33.0 1.02882661399 1.0
196.0 1.09230957114 1.0
object 53	1.0:1.0
38.0 0.966094809922 1.0
179.0 0.993586685995 1.0
148.0 1.05033361392 1.0
object 54	1.0:1.0
31.0 0.930913942554 1.0
28.0 1.0358066527 1.0
172.0 0.96091381538 1.0
170.0 1.010119685 1.0
134.0 1.01001624313 1.0
158.0 1.015244973 1.0
object 55	1.0:1.0
104.0 1.03287193016 1.0
90.0 0.99538900719 1.0
174.0 1.02320263902 1.0
object 56	1.0:1.0
132.0 1.02026309273 1.0
77.0 1.00812256765 1.0
142.0 0.993254623344 1.0
118.0 0.978662846948 1.0
object 57	1.0:1.0
63.0 0.986507854873 1.0
110.0 1.00275315261 1.0
114.0 1.01555879966 1.0
object 58	1.0:1.0
28.0 1.01476268118 1.0
9.0 0.989540314762 1.0
60.0 0.988305247426 1.0
25.0 0.986823470691 1.0
object 59	1.0:1.0
139.0 0.980071285319 1.0
180.0 1.48905326196 1.0
18.0 0.975863394216 1.0
object 60	1.0:1.0
94.0 1.00590096767 1.0
20.0 0.983774903876 1.0
174.0 0.971291759 1.0
169.0 0.997329105742 1.0
49.0 1.02263437507 1.0
171.0 0.957907233331 1.0
object 61	1.0:1.0
47.0 1.0361177331 1.0
99.0 1.01582704139 1.0
2.0 1.04680732048 1.0
object 62	1.0:1.0
147.0 1.00095944172 1.0
186.0 0.240708262442 1.0
59.0 1.02167432414 1.0
91.0 0.97860402867 1.0
object 63	1.0:1.0
194.0 2.34831438195 1.0
13.0 1.06539678365 1.0
44.0 1.00011562884 1.0
95.0 1.01144196144 1.0
object 64	1.0:1.0
64.0 1.04435280101 1.0
154.0 0.945777190355 1.0
object 65	1.0:1.0
3.0 1.00913382377 1.0
27.0 0.959062101172 1.0
object 66	1.0:1.0
111.0 0.981168380654 1.0
199.0 1.69757906817 1.0
63.0 0.995354992801 1.0
119.0 1.0437705338 1.0
183.0 4.06710852413 1.0
93.0 1.06782508622 1.0
87.0 0.980983599555 1.0
object 67	1.0:1.0
78.0 0.998007264152 1.0
72.0 0.952209577969 1.0
25.0 1.05740231667 1.0
168.0 0.985854763665 1.0
154.0 1.00228941632 1.0
object 68	1.0:1.0
124.0 1.02590417771 1.0
23.0 1.01811181411 1.0
95.0 1.02876357818 1.0
object 69	1.0:1.0
18.0 1.05993573572 1.0
19.0 1.0066465477 1.0
object 70	1.0:1.0
186.0 2.03973251994 1.0
117.0 1.05757387211 1.0
155.0 1.03664607154 1.0
53.0 1.0679107037 1.0
object 71	1.0:1.0
191.0 -4.29454958263 1.0
5.0 0.964820170667 1.0
152.0 0.993087252821 1.0
94.0 1.00184077574 1.0
object 72	1.0:1.0
26.0 1.04718213306 1.0
178.0 0.98570257766 1.0
object 73	1.0:1.0
47.0 1.01497334216 1.0
63.0 1.0005920509 1.0
object 74	1.0:1.0
151.0 0.952628706426 1.0
80.0 1.0187968196 1.0
11.0 0.975037222868 1.0
134.0 0.989650132803 1.0
27.0 1.03407730053 1.0
object 75	1.0:1.0
18.0 0.973883086212 1.0
16.0 1.01069490274 1.0
73.0 0.989686121823 1.0
140.0 1.02864696462 1.0
98.0 1.02529546048 1.0
85.0 1.00072019714 1.0
object 76	1.0:1.0
165.0 1.0037251218 1.0
132.0 0.987679560664 1.0
object 77	1.0:1.0
192.0 1.24778488106 1.0
89.0 1.05359486227 1.0
object 78	1.0:1.0
53.0 1.0380642938 1.0
4.0 1.00560747009 1.0
21.0 1.00514142774 1.0
38.0 1.02510097295 1.0
75.0 1.03709263225 1.0
126.0 1.06492521895 1.0
37.0 1.02476101347 1.0
100.0 1.00960094028 1.0
object 79	1.0:1.0
98.0 0.990423975308 1.0
18.0 0.965987261415 1.0
115.0 0.975667781092 1.0
object 80	1.0:1.0
140.0 1.01226637716 1.0
22.0 0.991344177847 1.0
object 81	1.0:1.0
165.0 1.01359610471 1.0
136.0 1.00594744117 1.0
125.0 0.997492217769 1.0
107.0 0.984490918164 1.0
20.0 1.01319220918 1.0
132.0 0.998094711872 1.0
object 82	1.0:1.0
140.0 1.00350149244 1.0
84.0 0.986232428986 1.0
object 83	1.0:1.0
168.0 0.985706863121 1.0
54.0 1.02466862367 1.0
object 84	1.0:1.0
190.0 3.50417665973 1.0
9.0 1.02215712927 1.0
172.0 0.950862544636 1.0
object 85	1.0:1.0
113.0 1.01930382632 1.0
2.0 0.99740785896 1.0
object 86	1.0:1.0
173.0 0.980465976609 1.0
159.0 1.01501887957 1.0
object 87	1.0:1.0
149.0 0.956004401162 1.0
13.0 1.00180633328 1.0
object 88	1.0:1.0
12.0 0.926897666912 1.0
174.0 0.964092440975 1.0
92.0 1.03428466095 1.0
1.0 1.02346598511 1.0
199.0 -2.58688609941 1.0
object 89	1.0:1.0
129.0 0.993779958257 1.0
170.0 0.998876194624 1.0
object 90	1.0:1.0
195.0 0.0858204413481 1.0
117.0 1.03661930355 1.0
154.0 0.948427654363 1.0
object 91	1.0:1.0
187.0 -1.01844444965 1.0
94.0 1.00869590645 1.0
140.0 0.999045131029 1.0
object 92	1.0:1.0
20.0 1.02410652207 1.0
187.0 3.04167240348 1.0
164.0 0.9895524385 1.0
object 93	1.0:1.0
46.0 0.994003388164 1.0
118.0 0.971750541517 1.0
object 94	1.0:1.0
176.0 0.983091342305 1.0
104.0 1.01077480933 1.0
object 95	1.0:1.0
182.0 -2.18951139709 1.0
110.0 1.0182791863 1.0
138.0 0.973172341873 1.0
116.0 1.03317897107 1.0
object 96	1.0:1.0
13.0 1.0226555355 1.0
125.0 0.974716313748 1.0
1.0 1.01908672075 1.0
130.0 1.03988670704 1.0
134.0 1.05317910652 1.0
object 97	1.0:1.0
25.0 0.996391355344 1.0
77.0 0.982633502783 1.0
173.0 1.01238987814 1.0
object 98	1.0:1.0
51.0 1.02040294148 1.0
124.0 1.0200257202 1.0
101.0 0.988569036808 1.0
80.0 1.04891286029 1.0
object 99	1.0:1.0
112.0 0.990110768168 1.0
160.0 0.993803597203 1.0
64.0 0.981285405443 1.0
186.0 4.81631059505 1.0
96.0 1.02260753242 1.0
198.0 0.0547336113733 1.0
