object 0	1.0:1.0
159.0 -0.089840795782 1.0
55.0 0.996229685591 1.0
15.0 1.02651328182 1.0
111.0 1.00642410121 1.0
124.0 0.996815687994 1.0
83.0 0.978442945583 1.0
88.0 1.02941528249 1.0
78.0 1.05038492809 1.0
178.0 0.608116873465 1.0
142.0 -4.18350436782 1.0
49.0 0.9565939079 1.0
126.0 0.971289493978 1.0
80.0 1.02602921246 1.0
60.0 0.991411891001 1.0
5.0 0.998224586462 1.0
150.0 -1.59744735781 1.0
object 1	1.0:1.0
183.0 1.77973977016 1.0
99.0 1.03491579326 1.0
47.0 1.02466214708 1.0
106.0 1.06120620887 1.0
196.0 4.90175028348 1.0
161.0 -5.52210805516 1.0
179.0 2.8720810321 1.0
182.0 2.05460759399 1.0
9.0 0.974195318056 1.0
45.0 1.03978948593 1.0
69.0 1.00168140547 1.0
154.0 2.18249935917 1.0
121.0 1.01068336105 1.0
38.0 1.02162861302 1.0
80.0 0.99247876485 1.0
123.0 0.997221655047 1.0
75.0 1.02447714534 1.0
98.0 1.0121617023 1.0
102.0 0.964790401 1.0
25.0 0.986882377045 1.0
52.0 1.00702657117 1.0
33.0 0.990168139277 1.0
126.0 0.985552944681 1.0
103.0 0.989931434482 1.0
18.0 1.00036254271 1.0
object 2	1.0:1.0
192.0 1.85595705589 1.0
102.0 0.993151001353 1.0
20.0 0.99917199331 1.0
142.0 -1.35833475483 1.0
19.0 0.95114439725 1.0
134.0 0.98663554908 1.0
91.0 1.00774359681 1.0
69.0 0.971945976559 1.0
183.0 -0.838953392083 1.0
184.0 4.13757734416 1.0
145.0 3.57105526853 1.0
65.0 1.02779243967 1.0
42.0 1.03860775844 1.0
124.0 1.00920870079 1.0
140.0 0.316505938791 1.0
93.0 0.962383239941 1.0
88.0 1.01247152229 1.0
12.0 0.967702240239 1.0
57.0 1.02982372345 1.0
141.0 8.58147527179 1.0
22.0 0.957770266238 1.0
86.0 0.997512153396 1.0
45.0 1.04478894565 1.0
17.0 0.94697378197 1.0
object 3	1.0:1.0
153.0 3.25632621043 1.0
121.0 0.957033718196 1.0
7.0 0.996613296106 1.0
128.0 0.89269497284 1.0
79.0 1.07998982106 1.0
112.0 1.06512009927 1.0
30.0 1.02716251223 1.0
48.0 1.03993521416 1.0
101.0 0.993361942844 1.0
149.0 -1.24862783848 1.0
93.0 1.01344822208 1.0
116.0 1.00730604484 1.0
45.0 0.99271196745 1.0
70.0 1.0469228678 1.0
147.0 2.91398697698 1.0
185.0 1.95428480663 1.0
80.0 0.993288686729 1.0
46.0 0.995810099584 1.0
60.0 0.989584689149 1.0
53.0 0.988199457862 1.0
152.0 1.24789046048 1.0
21.0 0.978983839071 1.0
54.0 1.00501991369 1.0
5.0 1.03420366175 1.0
90.0 1.00517591319 1.0
object 4	1.0:1.0
55.0 1.0084687695 1.0
162.0 0.423826708562 1.0
159.0 -1.18356031391 1.0
151.0 1.44952626922 1.0
20.0 1.02036125706 1.0
129.0 0.994549090743 1.0
52.0 0.969916155667 1.0
138.0 1.03206360815 1.0
38.0 1.06570442229 1.0
65.0 0.989410766074 1.0
150.0 0.738055724134 1.0
102.0 0.990207470745 1.0
185.0 0.879473277314 1.0
111.0 0.960196685752 1.0
22.0 1.07335671307 1.0
6.0 1.0062041945 1.0
184.0 -6.00954706433 1.0
object 5	1.0:1.0
199.0 0.630943434456 1.0
99.0 0.938545125056 1.0
167.0 -0.0282732269715 1.0
175.0 -0.146395058314 1.0
172.0 -0.616328554932 1.0
185.0 4.86791706268 1.0
129.0 1.01247436669 1.0
33.0 1.01440478437 1.0
79.0 0.999301718041 1.0
178.0 0.911166597237 1.0
162.0 -0.623695442221 1.0
137.0 1.03304035548 1.0
163.0 4.85797975813 1.0
184.0 -2.6462176144 1.0
182.0 -3.41285129969 1.0
28.0 1.03042948181 1.0
6.0 0.995875952065 1.0
object 6	1.0:1.0
82.0 1.01835854279 1.0
48.0 1.06951411321 1.0
65.0 1.00603076593 1.0
100.0 0.99700431448 1.0
51.0 0.980017971964 1.0
101.0 1.04230429897 1.0
125.0 1.02031551907 1.0
63.0 0.991872516138 1.0
88.0 0.978367345082 1.0
105.0 0.993353585454 1.0
151.0 -5.59146702837 1.0
97.0 0.995164289947 1.0
117.0 1.10779264397 1.0
61.0 0.9905417771 1.0
71.0 1.00584124968 1.0
196.0 3.29745670948 1.0
84.0 0.967669245831 1.0
39.0 1.01174410299 1.0
137.0 0.949673682306 1.0
156.0 -2.22045003546 1.0
98.0 1.01124764106 1.0
29.0 1.05079720698 1.0
36.0 0.995861074525 1.0
object 7	1.0:1.0
105.0 1.01446289316 1.0
40.0 0.982482130181 1.0
126.0 0.993885397972 1.0
5.0 0.967686923326 1.0
152.0 3.40617264438 1.0
96.0 1.02705960515 1.0
110.0 0.987215362411 1.0
186.0 0.0295741632858 1.0
26.0 0.994245731839 1.0
37.0 0.935262314639 1.0
195.0 -6.48263828714 1.0
138.0 0.99923145403 1.0
113.0 1.00206542935 1.0
116.0 1.00367312587 1.0
30.0 0.961496589928 1.0
94.0 1.01098237551 1.0
73.0 0.967509455941 1.0
122.0 1.01058649473 1.0
107.0 0.982849760364 1.0
112.0 0.968233095113 1.0
164.0 -0.99134886199 1.0
56.0 0.995146246273 1.0
61.0 0.973397565987 1.0
87.0 0.976156388824 1.0
131.0 1.00847629366 1.0
177.0 3.35491663544 1.0
72.0 0.989306311388 1.0
130.0 1.00690904032 1.0
28.0 1.05903178641 1.0
150.0 2.5130459174 1.0
111.0 1.00425583579 1.0
117.0 1.03622109915 1.0
167.0 7.13107962231 1.0
6.0 0.994562988925 1.0
159.0 -3.65885917987 1.0
3.0 0.954523464889 1.0
object 8	1.0:1.0
133.0 0.940383269418 1.0
95.0 1.00807320636 1.0
54.0 0.995311063859 1.0
159.0 -2.70055312648 1.0
53.0 1.00015798833 1.0
18.0 1.00153683641 1.0
148.0 6.01276167975 1.0
178.0 1.72820857814 1.0
119.0 0.967913401763 1.0
109.0 0.967028315854 1.0
104.0 0.962655971355 1.0
167.0 -2.59590741156 1.0
51.0 0.950424936825 1.0
12.0 1.02168518449 1.0
106.0 0.957137114808 1.0
105.0 1.00108624721 1.0
107.0 0.929305384004 1.0
67.0 1.01427646641 1.0
147.0 2.79302329393 1.0
11.0 1.01650288836 1.0
48.0 1.01704073648 1.0
199.0 1.61223048145 1.0
124.0 0.976373162917 1.0
57.0 0.938416316006 1.0
69.0 0.980641343213 1.0
17.0 1.01854804751 1.0
179.0 0.891468570803 1.0
13.0 1.00816617111 1.0
29.0 0.997711793867 1.0
85.0 0.975040825164 1.0
96.0 1.10626122133 1.0
132.0 1.03833790459 1.0
47.0 1.03364207781 1.0
149.0 -0.317778651038 1.0
object 9	1.0:1.0
163.0 -0.483581733032 1.0
160.0 -0.388378039917 1.0
13.0 1.00160173662 1.0
156.0 -3.0029452412 1.0
22.0 1.01569484549 1.0
136.0 0.999981832381 1.0
108.0 1.00900250058 1.0
168.0 -3.61819126734 1.0
10.0 0.983094109368 1.0
12.0 1.02012027564 1.0
149.0 0.895715610665 1.0
34.0 1.00471710503 1.0
45.0 1.0016728253 1.0
173.0 2.80480782502 1.0
113.0 0.968156889487 1.0
82.0 0.979586568741 1.0
135.0 0.980524326309 1.0
47.0 0.96258305845 1.0
33.0 1.00820437115 1.0
object 10	1.0:1.0
68.0 0.992954322381 1.0
74.0 1.10909116403 1.0
77.0 0.984722233051 1.0
13.0 1.01966048889 1.0
98.0 0.997860451549 1.0
150.0 -1.75139881871 1.0
56.0 1.0130103759 1.0
102.0 1.02332854967 1.0
78.0 1.0109094874 1.0
97.0 0.991940419496 1.0
1.0 1.00171545763 1.0
121.0 0.958599339248 1.0
39.0 0.983374851095 1.0
180.0 -5.66561213328 1.0
43.0 1.0317205818 1.0
187.0 1.8918249881 1.0
152.0 0.422178732431 1.0
107.0 1.01367721902 1.0
27.0 0.985993959374 1.0
12.0 0.993880249329 1.0
2.0 1.01581897236 1.0
163.0 -1.67041065884 1.0
14.0 0.974383180775 1.0
64.0 1.00534439346 1.0
122.0 0.998146933744 1.0
100.0 1.01736917218 1.0
49.0 1.03862673849 1.0
object 11	1.0:1.0
104.0 1.05430430768 1.0
51.0 0.96940816311 1.0
163.0 3.83816941824 1.0
28.0 0.936662923422 1.0
60.0 1.01084188075 1.0
106.0 0.944501727727 1.0
33.0 0.995610094301 1.0
54.0 0.973893971548 1.0
82.0 0.986454183533 1.0
99.0 1.02564488231 1.0
48.0 1.05538170343 1.0
123.0 1.0046595663 1.0
125.0 0.938981901965 1.0
157.0 -1.00554764455 1.0
147.0 1.08622462284 1.0
72.0 0.936223324905 1.0
153.0 4.56319339006 1.0
6.0 1.01059018257 1.0
164.0 2.68241500338 1.0
146.0 4.49126581483 1.0
85.0 1.01885581983 1.0
127.0 0.984112053678 1.0
73.0 0.994867371165 1.0
65.0 0.998678168836 1.0
17.0 0.965582073917 1.0
16.0 1.05884309686 1.0
134.0 1.00090201631 1.0
object 12	1.0:1.0
45.0 1.00286954266 1.0
68.0 1.01872594227 1.0
34.0 0.998613687415 1.0
160.0 1.7547573534 1.0
69.0 0.977117525474 1.0
127.0 0.976785137169 1.0
84.0 0.957648677425 1.0
24.0 1.02989765894 1.0
148.0 2.5702392565 1.0
73.0 1.0677759402 1.0
125.0 0.972731320708 1.0
36.0 1.00153550267 1.0
137.0 1.02529185784 1.0
132.0 0.962322228161 1.0
124.0 0.996179967676 1.0
17.0 0.982753928719 1.0
190.0 9.49725900011 1.0
180.0 0.410345689794 1.0
141.0 6.01723617912 1.0
118.0 0.978061806685 1.0
173.0 3.77440651701 1.0
157.0 -3.76212624723 1.0
23.0 1.01548224113 1.0
99.0 1.06016105868 1.0
110.0 0.971482355318 1.0
object 13	1.0:1.0
105.0 1.01941553957 1.0
146.0 -0.882531255446 1.0
114.0 1.00520476061 1.0
97.0 0.964375074993 1.0
7.0 1.03219923103 1.0
165.0 2.18684015032 1.0
170.0 -1.04767647692 1.0
44.0 1.02804405103 1.0
36.0 1.01679934207 1.0
163.0 -1.59690138076 1.0
107.0 1.04188190569 1.0
168.0 0.137231799588 1.0
37.0 1.0525257861 1.0
8.0 1.02705861475 1.0
88.0 0.994466369815 1.0
59.0 1.0217737577 1.0
42.0 0.994315341394 1.0
23.0 0.982642216351 1.0
193.0 -1.89227450474 1.0
149.0 4.72689267941 1.0
28.0 0.990722199879 1.0
object 14	1.0:1.0
187.0 2.00290027735 1.0
14.0 0.927520974962 1.0
122.0 0.990364469441 1.0
78.0 1.01306481926 1.0
110.0 1.02315609496 1.0
124.0 0.991247530263 1.0
154.0 0.695091055189 1.0
125.0 1.05936102384 1.0
137.0 1.13603460356 1.0
4.0 1.02763728875 1.0
196.0 3.10876653897 1.0
151.0 1.58776998927 1.0
40.0 1.02211606502 1.0
69.0 0.97163029815 1.0
20.0 1.02274599726 1.0
148.0 -2.40818177271 1.0
106.0 1.03025859461 1.0
97.0 0.978242889178 1.0
41.0 0.97857246755 1.0
153.0 5.20313879885 1.0
109.0 0.994898145721 1.0
2.0 0.956496039918 1.0
130.0 1.00898312574 1.0
176.0 -3.68450744361 1.0
5.0 0.904632905804 1.0
66.0 1.04500533228 1.0
object 15	1.0:1.0
39.0 0.983143496769 1.0
102.0 1.00043797182 1.0
58.0 0.946305717498 1.0
100.0 1.0369525115 1.0
94.0 1.01479687574 1.0
37.0 0.922989027702 1.0
25.0 0.98919793631 1.0
90.0 0.965033089181 1.0
8.0 1.02703502623 1.0
155.0 4.24731655367 1.0
69.0 1.00115009259 1.0
129.0 1.02198344053 1.0
14.0 0.959448479981 1.0
136.0 1.00547727618 1.0
180.0 -2.26945349452 1.0
176.0 2.19334509041 1.0
18.0 1.00629929635 1.0
156.0 -1.98852218904 1.0
161.0 -0.594799219474 1.0
193.0 -0.264529455479 1.0
145.0 4.74664098007 1.0
46.0 0.973394188588 1.0
13.0 1.01072132954 1.0
190.0 2.79689652419 1.0
88.0 0.979479361035 1.0
143.0 -6.03474961487 1.0
object 16	1.0:1.0
194.0 -0.744155010476 1.0
163.0 6.11294675699 1.0
118.0 1.05865226454 1.0
140.0 1.38189410152 1.0
84.0 1.00922961642 1.0
46.0 0.995151976617 1.0
60.0 0.991703843935 1.0
20.0 1.01566254915 1.0
51.0 1.02806088065 1.0
38.0 0.967872176863 1.0
156.0 -0.0588163666048 1.0
93.0 1.00215284988 1.0
189.0 1.62481122889 1.0
56.0 1.01695034233 1.0
120.0 0.971845234375 1.0
175.0 4.23415022195 1.0
22.0 0.996629003598 1.0
134.0 0.99098624643 1.0
176.0 -2.18362924025 1.0
33.0 1.00951354619 1.0
138.0 0.987911621325 1.0
57.0 0.98133380219 1.0
198.0 2.83769074398 1.0
45.0 1.00226550369 1.0
152.0 -3.98774632056 1.0
142.0 4.00606955513 1.0
165.0 0.457617760948 1.0
157.0 2.92412293864 1.0
95.0 0.978268487669 1.0
166.0 -1.15509916072 1.0
103.0 0.961707508104 1.0
49.0 1.02116142964 1.0
48.0 1.05839490117 1.0
76.0 1.00191815982 1.0
3.0 1.03357525331 1.0
173.0 4.39126081474 1.0
150.0 1.81121325376 1.0
object 17	1.0:1.0
119.0 0.974506225947 1.0
13.0 0.985610455933 1.0
165.0 0.127557120055 1.0
57.0 0.976035809237 1.0
80.0 0.999645838066 1.0
112.0 0.932792622878 1.0
67.0 0.98076799792 1.0
116.0 1.005711168 1.0
5.0 0.962494703905 1.0
2.0 0.999168035059 1.0
146.0 -0.0420104688056 1.0
149.0 3.1432152073 1.0
25.0 0.990218916595 1.0
178.0 2.70800844017 1.0
170.0 -3.10764858174 1.0
45.0 0.987090080435 1.0
26.0 0.95668258784 1.0
187.0 1.30618132302 1.0
136.0 1.00569180351 1.0
92.0 0.986045788491 1.0
68.0 0.98300999416 1.0
141.0 6.99687766393 1.0
65.0 1.0092330513 1.0
71.0 0.989160087101 1.0
72.0 0.980022427168 1.0
164.0 5.77292647817 1.0
53.0 1.00649129966 1.0
127.0 1.00140551126 1.0
object 18	1.0:1.0
48.0 1.01949034213 1.0
84.0 1.08126265446 1.0
59.0 1.02192826769 1.0
164.0 0.799508406922 1.0
112.0 1.01376650985 1.0
90.0 0.983019371196 1.0
147.0 -2.23966094768 1.0
129.0 0.951292122219 1.0
154.0 -0.955173502321 1.0
167.0 3.59671459561 1.0
170.0 -4.53636334818 1.0
105.0 0.993302603208 1.0
128.0 1.01418532563 1.0
187.0 0.593341021088 1.0
30.0 0.957012650869 1.0
52.0 1.00175329795 1.0
152.0 4.62894132106 1.0
81.0 1.0076167299 1.0
149.0 -1.78672427776 1.0
58.0 0.870976701782 1.0
23.0 0.987782338218 1.0
181.0 -2.43519455618 1.0
120.0 1.01530726524 1.0
8.0 0.982715622726 1.0
object 19	1.0:1.0
129.0 1.03583900415 1.0
3.0 0.971023535621 1.0
0.0 0.991180390832 1.0
164.0 -0.932108129859 1.0
69.0 1.00853520992 1.0
102.0 0.995328537041 1.0
114.0 0.999481413067 1.0
121.0 1.02673178056 1.0
189.0 0.722209522439 1.0
170.0 4.30353856032 1.0
38.0 1.09044832735 1.0
48.0 0.990559601878 1.0
75.0 1.02529199953 1.0
18.0 1.01180138539 1.0
14.0 1.03297632698 1.0
169.0 2.5739187095 1.0
82.0 0.985236945347 1.0
159.0 6.75907035926 1.0
98.0 0.979456051334 1.0
45.0 0.997866126114 1.0
16.0 0.981037299048 1.0
78.0 0.993886410226 1.0
182.0 1.19323680663 1.0
142.0 -10.4816972667 1.0
6.0 1.00842318128 1.0
object 20	1.0:1.0
139.0 1.03050146986 1.0
197.0 2.24136591095 1.0
107.0 0.995565784725 1.0
98.0 0.999532196965 1.0
153.0 0.356162965578 1.0
10.0 0.970639171504 1.0
176.0 -1.86293935019 1.0
49.0 0.993584329238 1.0
141.0 0.107667721535 1.0
0.0 0.98887812977 1.0
163.0 -2.18872714207 1.0
190.0 -4.95590530213 1.0
145.0 1.39789502612 1.0
146.0 -2.80336200152 1.0
125.0 0.97611277422 1.0
47.0 0.974852527046 1.0
129.0 1.00590699034 1.0
157.0 -1.30050416355 1.0
171.0 1.6006200808 1.0
136.0 1.0065048852 1.0
41.0 1.01488885916 1.0
object 21	1.0:1.0
101.0 0.961552337682 1.0
125.0 1.0048808885 1.0
186.0 1.66935485017 1.0
131.0 0.96132394993 1.0
167.0 -0.895354112844 1.0
128.0 0.973082600915 1.0
149.0 -0.873743903957 1.0
85.0 1.02706729328 1.0
133.0 1.03865101242 1.0
119.0 1.00982290736 1.0
26.0 0.993064831315 1.0
180.0 -0.904901452713 1.0
175.0 2.11038879667 1.0
39.0 1.00574845721 1.0
91.0 1.03063492755 1.0
89.0 0.980830356505 1.0
145.0 -4.51347978359 1.0
34.0 1.00390141312 1.0
185.0 0.606135805137 1.0
108.0 1.01754990143 1.0
21.0 1.02167303438 1.0
142.0 -4.53190678707 1.0
99.0 0.983225843937 1.0
163.0 -0.815718815866 1.0
28.0 1.03433158297 1.0
66.0 0.981616164726 1.0
152.0 3.52587575474 1.0
126.0 1.00328138475 1.0
105.0 0.999901409887 1.0
object 22	1.0:1.0
93.0 1.01748152395 1.0
177.0 -0.139066287906 1.0
157.0 -0.242225113327 1.0
12.0 1.03098622961 1.0
120.0 0.99403545296 1.0
30.0 0.957273644725 1.0
70.0 1.04921215969 1.0
96.0 0.962270275599 1.0
197.0 6.40406947341 1.0
154.0 -1.10326711915 1.0
63.0 1.01450944839 1.0
105.0 0.99869537142 1.0
47.0 1.03721320004 1.0
60.0 0.996948941058 1.0
181.0 -3.95366650763 1.0
186.0 1.04441248684 1.0
107.0 0.989645888623 1.0
9.0 0.953393698989 1.0
174.0 -1.54903286991 1.0
84.0 1.01099103147 1.0
102.0 0.982917926173 1.0
98.0 0.993214800511 1.0
111.0 1.01982994126 1.0
156.0 0.925759486617 1.0
97.0 1.01871346837 1.0
object 23	1.0:1.0
166.0 -3.46693079179 1.0
156.0 1.54878142059 1.0
184.0 -4.06755333298 1.0
151.0 0.183776886726 1.0
23.0 1.01297149876 1.0
31.0 1.02028047493 1.0
182.0 4.14930097796 1.0
92.0 1.0113426006 1.0
161.0 -6.5168875469 1.0
69.0 1.01207917973 1.0
65.0 0.965614014252 1.0
35.0 1.0055163053 1.0
100.0 1.06495628231 1.0
179.0 -0.00589868142358 1.0
85.0 1.0121174356 1.0
194.0 0.267126302486 1.0
3.0 0.980325032738 1.0
20.0 0.988094635537 1.0
84.0 0.925977739766 1.0
109.0 1.01005016167 1.0
6.0 1.02010451114 1.0
103.0 0.998177166614 1.0
198.0 -1.79459081658 1.0
object 24	1.0:1.0
86.0 0.979101630923 1.0
118.0 1.03230966118 1.0
171.0 1.64898979328 1.0
188.0 8.48290256689 1.0
45.0 1.00689634702 1.0
162.0 1.50810835939 1.0
113.0 1.04472172416 1.0
143.0 1.1017350646 1.0
57.0 1.02191480325 1.0
0.0 0.987942389119 1.0
63.0 0.998712581607 1.0
61.0 0.997651566946 1.0
67.0 0.97850427658 1.0
164.0 2.18234074339 1.0
183.0 0.836176993455 1.0
5.0 0.921429651412 1.0
35.0 1.04004171181 1.0
33.0 0.980946333658 1.0
19.0 1.03336497248 1.0
90.0 0.994035101973 1.0
88.0 1.00082325665 1.0
object 25	1.0:1.0
140.0 1.6434247464 1.0
141.0 1.6764392139 1.0
53.0 1.02193732222 1.0
65.0 1.02354034892 1.0
111.0 0.972926093767 1.0
110.0 0.952065143564 1.0
177.0 2.58207494623 1.0
84.0 0.934891448237 1.0
44.0 1.00839033545 1.0
61.0 0.976638279669 1.0
144.0 -0.333141970729 1.0
60.0 0.986356428664 1.0
28.0 1.06222654349 1.0
168.0 0.662888162982 1.0
37.0 1.0228585112 1.0
76.0 1.02880290584 1.0
12.0 1.01712346938 1.0
35.0 0.992679232738 1.0
52.0 1.00803567677 1.0
85.0 0.980334900457 1.0
112.0 0.991631921986 1.0
107.0 1.01410782878 1.0
51.0 1.00789712039 1.0
40.0 1.03688530156 1.0
8.0 1.02181889873 1.0
55.0 1.00312041962 1.0
57.0 1.00269249627 1.0
153.0 2.41095158374 1.0
191.0 1.78495241823 1.0
192.0 0.935904365332 1.0
105.0 0.998838817564 1.0
99.0 1.04358359567 1.0
object 26	1.0:1.0
152.0 2.4998647755 1.0
44.0 0.95430715483 1.0
42.0 0.976794960915 1.0
129.0 1.01958488999 1.0
75.0 0.965177348221 1.0
88.0 0.962455831922 1.0
155.0 -0.303489197434 1.0
37.0 1.1154358831 1.0
189.0 -1.74695159407 1.0
24.0 1.03817052858 1.0
1.0 0.978623098367 1.0
191.0 3.46976156132 1.0
85.0 0.957766977331 1.0
81.0 0.982959912819 1.0
174.0 3.58253209755 1.0
154.0 4.72594734101 1.0
165.0 1.61807914362 1.0
0.0 0.964090943171 1.0
110.0 1.00730418028 1.0
53.0 0.97972433658 1.0
115.0 1.07350047526 1.0
101.0 0.986206768688 1.0
64.0 0.977824760078 1.0
98.0 0.985656659593 1.0
164.0 -2.90682472814 1.0
148.0 8.84425227942 1.0
116.0 1.00448912971 1.0
14.0 1.04082988281 1.0
91.0 0.973401576352 1.0
118.0 1.01613071749 1.0
66.0 1.08474842802 1.0
166.0 2.74081229129 1.0
80.0 0.996730131899 1.0
173.0 5.00752818189 1.0
object 27	1.0:1.0
131.0 1.00112461644 1.0
44.0 0.982076545887 1.0
28.0 0.99402290125 1.0
199.0 -1.35669147572 1.0
188.0 5.83285047433 1.0
26.0 1.00470112545 1.0
177.0 -0.909849033531 1.0
172.0 1.50790425251 1.0
73.0 0.992961837356 1.0
68.0 1.00744724966 1.0
133.0 0.976448416546 1.0
29.0 0.983922312711 1.0
143.0 2.10471552464 1.0
48.0 0.95392157884 1.0
140.0 -0.200720172335 1.0
197.0 5.41739998364 1.0
122.0 0.999018330203 1.0
101.0 1.00009493113 1.0
198.0 2.64089081491 1.0
165.0 -0.127566159291 1.0
144.0 1.26820930032 1.0
121.0 0.980730778474 1.0
object 28	1.0:1.0
89.0 1.01503934794 1.0
111.0 1.02616308308 1.0
155.0 1.87553058314 1.0
176.0 0.331799910744 1.0
82.0 0.979874771971 1.0
4.0 0.973005479836 1.0
161.0 3.97637349763 1.0
174.0 2.15911525746 1.0
37.0 0.962529787787 1.0
182.0 -0.235302508456 1.0
40.0 0.962266922056 1.0
85.0 0.995676087819 1.0
11.0 1.01395835205 1.0
22.0 0.952537999349 1.0
25.0 0.996798562564 1.0
113.0 0.964138022259 1.0
34.0 1.01036083795 1.0
30.0 1.02510016643 1.0
49.0 0.989662216039 1.0
63.0 1.02788750542 1.0
180.0 2.52503707501 1.0
object 29	1.0:1.0
168.0 3.62675181206 1.0
177.0 3.63697500322 1.0
92.0 1.0051823118 1.0
63.0 1.0661870613 1.0
124.0 1.00458752149 1.0
104.0 0.917471066194 1.0
127.0 0.958957482462 1.0
184.0 3.40244996812 1.0
97.0 1.03148758338 1.0
47.0 0.948389975028 1.0
197.0 0.979805712742 1.0
155.0 2.47111341872 1.0
57.0 0.98096818304 1.0
48.0 0.963845284815 1.0
147.0 1.58759012033 1.0
134.0 0.988843283216 1.0
121.0 1.0422550563 1.0
138.0 0.998552869042 1.0
21.0 1.01369512363 1.0
103.0 0.985952915263 1.0
39.0 1.0718281445 1.0
object 30	1.0:1.0
153.0 3.35111047024 1.0
109.0 0.996786936488 1.0
146.0 1.81803308479 1.0
40.0 0.997437494224 1.0
172.0 1.22260367896 1.0
21.0 0.978533167024 1.0
25.0 0.996443909635 1.0
35.0 1.0158547812 1.0
38.0 1.09230371091 1.0
83.0 1.01130691405 1.0
112.0 0.980526423617 1.0
61.0 1.00000773944 1.0
107.0 1.0879372827 1.0
188.0 2.13896068108 1.0
65.0 0.998750813993 1.0
86.0 0.978569327482 1.0
57.0 0.991061595677 1.0
147.0 1.56501435254 1.0
132.0 1.08841260258 1.0
156.0 1.43787463844 1.0
96.0 1.0612717993 1.0
97.0 1.02646402037 1.0
134.0 0.963238061157 1.0
137.0 1.08414040618 1.0
140.0 1.42030018298 1.0
167.0 -1.95312672917 1.0
object 31	1.0:1.0
48.0 0.963141497285 1.0
20.0 0.9799320501 1.0
46.0 0.984041105174 1.0
102.0 0.98578796929 1.0
35.0 0.972932674499 1.0
197.0 5.2538182253 1.0
99.0 1.01563966635 1.0
9.0 0.985918609458 1.0
125.0 0.986615430825 1.0
59.0 0.989866909565 1.0
89.0 1.00018256955 1.0
4.0 1.00610410973 1.0
82.0 0.971029679099 1.0
100.0 1.01417141352 1.0
147.0 -2.72489679563 1.0
72.0 1.01702843994 1.0
109.0 0.985038246291 1.0
135.0 0.990331728796 1.0
106.0 1.03460642942 1.0
7.0 1.00379574484 1.0
30.0 1.00660399498 1.0
36.0 0.987757246471 1.0
65.0 0.976399479476 1.0
161.0 10.5844330604 1.0
38.0 1.02206270653 1.0
40.0 0.99707998916 1.0
63.0 0.997031445495 1.0
3.0 0.970229250837 1.0
162.0 -2.73794138087 1.0
object 32	1.0:1.0
57.0 0.973090367187 1.0
144.0 1.05086114205 1.0
123.0 1.00672623209 1.0
125.0 1.01018991926 1.0
95.0 1.02304867253 1.0
140.0 0.54238655806 1.0
102.0 0.999291144123 1.0
33.0 0.998508277374 1.0
118.0 0.995836170525 1.0
158.0 1.92958654502 1.0
184.0 2.80079440899 1.0
76.0 1.02547559945 1.0
36.0 0.984305830827 1.0
62.0 1.02626330638 1.0
190.0 -7.94912577064 1.0
20.0 0.986144880163 1.0
43.0 0.998249971409 1.0
135.0 1.0157946016 1.0
6.0 0.978450084739 1.0
117.0 1.0395405196 1.0
3.0 1.10094052723 1.0
88.0 1.00123069148 1.0
109.0 1.01029121252 1.0
11.0 1.0198153108 1.0
13.0 0.995565692503 1.0
161.0 5.97072371052 1.0
129.0 0.999162532197 1.0
103.0 0.986285099521 1.0
object 33	1.0:1.0
114.0 0.971285213994 1.0
103.0 1.0188281077 1.0
70.0 1.00712497295 1.0
145.0 -4.19249270697 1.0
34.0 1.01430496416 1.0
22.0 0.937216612515 1.0
35.0 1.00234618514 1.0
132.0 1.02432811295 1.0
6.0 1.01287724969 1.0
86.0 1.01283460935 1.0
87.0 1.01895846169 1.0
148.0 -5.22236528469 1.0
72.0 0.971040730594 1.0
110.0 0.999094418157 1.0
28.0 0.986540366089 1.0
180.0 2.8392377716 1.0
17.0 0.955250265021 1.0
176.0 5.03371934978 1.0
object 34	1.0:1.0
127.0 1.00497540763 1.0
193.0 -0.411742867566 1.0
50.0 0.988930205002 1.0
88.0 0.999744631685 1.0
139.0 0.895791023068 1.0
83.0 1.01904136666 1.0
134.0 1.02279803117 1.0
76.0 1.03734248122 1.0
145.0 1.42376649565 1.0
113.0 0.925056914702 1.0
199.0 2.34395221663 1.0
5.0 1.02975147006 1.0
97.0 0.966446228369 1.0
30.0 0.969324348978 1.0
123.0 0.999077292953 1.0
119.0 1.00172047544 1.0
54.0 1.01012707557 1.0
60.0 0.991923593254 1.0
57.0 1.00991043561 1.0
186.0 0.231328039151 1.0
188.0 2.85741954293 1.0
95.0 0.993280376635 1.0
178.0 -2.66984570586 1.0
40.0 0.982013791246 1.0
71.0 1.05127652666 1.0
147.0 2.302518585 1.0
10.0 1.02014024154 1.0
85.0 0.976070623941 1.0
169.0 4.75486541296 1.0
131.0 1.03531942433 1.0
object 35	1.0:1.0
150.0 -2.92301390613 1.0
46.0 1.00907448795 1.0
102.0 0.991170258936 1.0
159.0 -5.51141295365 1.0
152.0 -1.28450769468 1.0
58.0 1.07419662784 1.0
163.0 0.881237849633 1.0
162.0 4.40278474849 1.0
2.0 1.00080852135 1.0
70.0 0.951582790682 1.0
82.0 1.0045450089 1.0
119.0 1.0238971742 1.0
37.0 1.0207035308 1.0
146.0 -1.25516341028 1.0
166.0 2.4178414105 1.0
77.0 0.875665949378 1.0
83.0 1.00741268639 1.0
87.0 1.0167588537 1.0
175.0 3.18044166218 1.0
133.0 0.935237858721 1.0
155.0 1.00295961132 1.0
8.0 0.980722408649 1.0
26.0 0.972781970408 1.0
153.0 3.87733933076 1.0
object 36	1.0:1.0
156.0 -0.495297266294 1.0
43.0 0.949501274744 1.0
184.0 6.47307314873 1.0
77.0 0.97604722112 1.0
193.0 0.414487584537 1.0
95.0 0.970030447392 1.0
53.0 1.00846026667 1.0
122.0 1.00008283575 1.0
154.0 -1.34503587248 1.0
133.0 1.05078718072 1.0
150.0 -7.66881444599 1.0
30.0 1.01695291552 1.0
141.0 -3.27282488133 1.0
12.0 1.04344089885 1.0
149.0 -2.33754074848 1.0
5.0 0.931929334274 1.0
41.0 1.01115016952 1.0
118.0 1.07592315778 1.0
83.0 0.972864208585 1.0
10.0 1.01116047079 1.0
6.0 0.943870816534 1.0
11.0 0.999805978862 1.0
132.0 0.92682921782 1.0
102.0 1.00799958609 1.0
object 37	1.0:1.0
74.0 1.05745053415 1.0
151.0 5.52782042475 1.0
129.0 0.984733388946 1.0
145.0 4.2210052724 1.0
49.0 0.973757315891 1.0
98.0 1.00990593932 1.0
94.0 1.00702841363 1.0
181.0 -0.902009210571 1.0
70.0 0.984001862214 1.0
62.0 1.03599523583 1.0
182.0 -0.326887843785 1.0
72.0 0.990952705038 1.0
139.0 1.02733126898 1.0
30.0 0.952951675044 1.0
44.0 0.963634041894 1.0
156.0 3.51128275255 1.0
123.0 0.998798377365 1.0
110.0 1.00107653641 1.0
135.0 0.976400673436 1.0
167.0 3.25484603538 1.0
75.0 0.999321043434 1.0
143.0 -1.67398730881 1.0
153.0 1.14048854739 1.0
161.0 6.1063207548 1.0
100.0 0.922322792704 1.0
191.0 -1.50854230848 1.0
50.0 1.00987986884 1.0
37.0 0.950055320107 1.0
88.0 1.00775781973 1.0
99.0 0.971510509887 1.0
126.0 1.00550503239 1.0
168.0 -2.0112707259 1.0
121.0 1.03076355101 1.0
192.0 -0.492130218437 1.0
object 38	1.0:1.0
180.0 0.219772228415 1.0
28.0 1.04430384001 1.0
190.0 -3.08913016573 1.0
159.0 -3.36187737043 1.0
85.0 0.990895967317 1.0
15.0 0.941419904298 1.0
95.0 0.993236532946 1.0
52.0 0.991226506516 1.0
51.0 1.038983211 1.0
119.0 0.984453938808 1.0
140.0 1.47509178619 1.0
195.0 -3.26022815623 1.0
182.0 1.70674466263 1.0
46.0 1.02536333517 1.0
137.0 0.842604146606 1.0
118.0 0.983656481969 1.0
1.0 0.983354976857 1.0
117.0 1.02250934883 1.0
4.0 0.900698204397 1.0
173.0 2.92621634857 1.0
150.0 -0.572564704311 1.0
29.0 1.02110775286 1.0
30.0 1.05841416052 1.0
153.0 -2.0400372132 1.0
object 39	1.0:1.0
96.0 0.983769694758 1.0
89.0 0.998253778599 1.0
102.0 1.00191573599 1.0
21.0 1.01997008929 1.0
101.0 1.0491791771 1.0
131.0 1.0070617842 1.0
154.0 1.93815893462 1.0
178.0 1.40782826357 1.0
160.0 3.94269770763 1.0
87.0 0.97286808237 1.0
42.0 1.08481581961 1.0
119.0 0.963022843122 1.0
66.0 0.983514499675 1.0
199.0 5.81510285721 1.0
49.0 1.00921264698 1.0
121.0 1.06012606396 1.0
100.0 0.888180444238 1.0
112.0 0.962239628338 1.0
132.0 1.03857483549 1.0
181.0 -2.09791449641 1.0
40.0 0.931477109084 1.0
81.0 0.991093902354 1.0
85.0 1.01333913459 1.0
118.0 1.02216069811 1.0
135.0 1.02779231485 1.0
130.0 0.944320571739 1.0
99.0 1.01356277992 1.0
95.0 1.00275102938 1.0
187.0 2.6879841616 1.0
115.0 0.945840128427 1.0
object 40	1.0:1.0
177.0 2.58926660609 1.0
29.0 1.03943015666 1.0
117.0 0.959949458959 1.0
85.0 1.02321538991 1.0
110.0 1.01993576193 1.0
19.0 1.08000200168 1.0
77.0 1.03331829297 1.0
198.0 1.87372521058 1.0
104.0 0.994459683597 1.0
139.0 1.02454255332 1.0
170.0 -3.95402411899 1.0
5.0 0.990395411424 1.0
57.0 0.953392482477 1.0
14.0 1.0752985515 1.0
67.0 1.08121944944 1.0
148.0 1.10685716287 1.0
158.0 -0.161085208471 1.0
82.0 1.01734344864 1.0
75.0 1.04322907504 1.0
60.0 0.971147554629 1.0
176.0 3.48428667476 1.0
89.0 1.00749314202 1.0
156.0 3.20227064219 1.0
27.0 1.06643965206 1.0
51.0 0.965252506899 1.0
41.0 1.00579460825 1.0
131.0 0.997463678547 1.0
94.0 0.977052515598 1.0
object 41	1.0:1.0
71.0 0.963445489267 1.0
124.0 0.994043060914 1.0
135.0 0.981317573338 1.0
76.0 1.02632058087 1.0
99.0 1.03557363116 1.0
145.0 -0.198791398976 1.0
137.0 0.951967824401 1.0
93.0 0.974763815878 1.0
82.0 1.00366269974 1.0
55.0 0.982984057314 1.0
172.0 -0.994275571291 1.0
16.0 0.924533662744 1.0
150.0 1.40861622198 1.0
109.0 1.05199252073 1.0
63.0 0.942015006476 1.0
194.0 4.95002745985 1.0
92.0 1.07550423077 1.0
61.0 1.00501577381 1.0
128.0 1.04071444644 1.0
101.0 1.00612814804 1.0
85.0 0.957410020538 1.0
191.0 4.27674908225 1.0
143.0 -3.14430635681 1.0
78.0 0.990672260895 1.0
87.0 0.997352189295 1.0
133.0 0.968399501412 1.0
47.0 0.97003241973 1.0
object 42	1.0:1.0
183.0 -4.55487980209 1.0
150.0 7.45387898552 1.0
175.0 0.26944809532 1.0
138.0 0.998114580614 1.0
192.0 2.88221292008 1.0
142.0 -5.49611139736 1.0
137.0 0.958114720264 1.0
161.0 3.03915117268 1.0
174.0 -4.28753385329 1.0
113.0 0.929254483972 1.0
193.0 0.555071051739 1.0
68.0 1.01073127728 1.0
91.0 0.962213543603 1.0
30.0 0.953703779473 1.0
109.0 0.991667707262 1.0
117.0 0.98513286851 1.0
92.0 0.997363950753 1.0
65.0 1.01405810805 1.0
149.0 -0.882114511044 1.0
159.0 -3.17914105365 1.0
47.0 0.974455714087 1.0
object 43	1.0:1.0
63.0 0.943325582123 1.0
92.0 0.991669875464 1.0
32.0 1.02853210426 1.0
141.0 -1.27630595234 1.0
157.0 5.00589052063 1.0
170.0 -0.565041159712 1.0
9.0 1.01309145289 1.0
136.0 0.96725175527 1.0
193.0 3.72433466663 1.0
147.0 1.9682597833 1.0
183.0 -2.83940001693 1.0
159.0 17.3962175683 1.0
26.0 1.0111738803 1.0
197.0 0.760165116291 1.0
35.0 0.990298051441 1.0
53.0 1.00755371562 1.0
93.0 0.986496785037 1.0
8.0 0.980207579088 1.0
176.0 7.71640685605 1.0
object 44	1.0:1.0
194.0 2.26578128754 1.0
37.0 1.04892909686 1.0
24.0 1.02675664283 1.0
10.0 1.02808650635 1.0
11.0 0.960474537416 1.0
170.0 -2.41823110457 1.0
142.0 7.99664969082 1.0
162.0 -0.484804362111 1.0
165.0 0.435188487954 1.0
39.0 0.939365856665 1.0
131.0 0.976611055614 1.0
187.0 0.718522336046 1.0
109.0 1.02580101616 1.0
152.0 1.11188365752 1.0
89.0 1.03863739209 1.0
35.0 0.972724482495 1.0
160.0 -3.91930649289 1.0
68.0 0.997799576637 1.0
153.0 1.6829457303 1.0
82.0 0.975643585244 1.0
197.0 -0.00580975295379 1.0
120.0 0.955345863841 1.0
169.0 -0.0053134011851 1.0
151.0 4.74091382383 1.0
127.0 1.01409502292 1.0
42.0 0.982712691508 1.0
124.0 1.00239229347 1.0
113.0 0.999680790256 1.0
31.0 1.01201509238 1.0
30.0 0.981935541808 1.0
188.0 0.0111716964044 1.0
object 45	1.0:1.0
159.0 -4.65363093257 1.0
34.0 1.00480882321 1.0
145.0 3.5003484124 1.0
186.0 1.93587763375 1.0
198.0 -3.92764354847 1.0
84.0 1.0156825012 1.0
127.0 1.01429579217 1.0
165.0 -1.69709787108 1.0
91.0 0.976141811581 1.0
152.0 -1.82252625339 1.0
37.0 0.994618550937 1.0
183.0 0.72605700477 1.0
52.0 0.982257763752 1.0
102.0 0.987369707812 1.0
130.0 1.02889892183 1.0
116.0 1.02409237234 1.0
73.0 0.988802566657 1.0
20.0 0.992610754084 1.0
185.0 4.34252355965 1.0
45.0 1.00528259184 1.0
111.0 0.990824494522 1.0
78.0 1.00636579668 1.0
18.0 0.998026872107 1.0
94.0 1.00586450827 1.0
42.0 0.952542889983 1.0
181.0 3.52207466107 1.0
124.0 0.997629795493 1.0
158.0 -1.00023603803 1.0
object 46	1.0:1.0
178.0 0.765126747918 1.0
157.0 4.46337706224 1.0
94.0 0.988197993473 1.0
14.0 1.00223552856 1.0
166.0 -3.35999621425 1.0
126.0 1.01252257642 1.0
151.0 2.58663326792 1.0
153.0 1.34280939379 1.0
137.0 0.988769547305 1.0
135.0 0.991378625371 1.0
181.0 -3.20818546039 1.0
118.0 1.01070399816 1.0
162.0 2.23870061647 1.0
87.0 1.03290872595 1.0
133.0 1.01407958843 1.0
171.0 2.63657070638 1.0
184.0 1.30366468904 1.0
30.0 1.00587690207 1.0
152.0 2.24664463063 1.0
48.0 1.05878760062 1.0
80.0 1.02222180971 1.0
167.0 1.64868522383 1.0
24.0 0.953959488614 1.0
72.0 0.976133239879 1.0
66.0 1.00827382366 1.0
195.0 -0.471309517104 1.0
object 47	1.0:1.0
140.0 0.955118214209 1.0
105.0 0.98402392298 1.0
152.0 1.97699874948 1.0
31.0 0.979143181448 1.0
145.0 4.22768202065 1.0
15.0 1.06840451134 1.0
60.0 0.978054300884 1.0
19.0 0.936499625889 1.0
192.0 0.172868753152 1.0
56.0 0.999766052277 1.0
124.0 1.00429982274 1.0
66.0 1.03349408313 1.0
59.0 1.01312830951 1.0
168.0 -4.70593969585 1.0
174.0 -2.9266878941 1.0
197.0 0.213708622367 1.0
46.0 1.02221363998 1.0
16.0 1.01957743385 1.0
150.0 -10.4178870741 1.0
0.0 0.997690109728 1.0
156.0 -2.72003387845 1.0
148.0 1.63759827223 1.0
88.0 1.01668428958 1.0
9.0 0.963520221614 1.0
object 48	1.0:1.0
85.0 1.02102623621 1.0
101.0 1.01222873493 1.0
61.0 1.06846288862 1.0
150.0 -1.19478115429 1.0
115.0 1.059735694 1.0
138.0 0.987451229703 1.0
126.0 0.981675515403 1.0
51.0 0.967087748903 1.0
75.0 0.996223821679 1.0
191.0 1.25805922876 1.0
26.0 1.02064396839 1.0
171.0 3.34908667382 1.0
88.0 0.978792300443 1.0
5.0 1.00234865346 1.0
141.0 3.04969866189 1.0
12.0 0.963840962893 1.0
114.0 0.977253018095 1.0
21.0 0.997135967473 1.0
176.0 3.24486163346 1.0
43.0 0.991308671183 1.0
82.0 0.984525888549 1.0
52.0 0.998810431352 1.0
object 49	1.0:1.0
195.0 -0.37486534153 1.0
136.0 0.968757554926 1.0
181.0 2.21477299321 1.0
122.0 0.990908295869 1.0
28.0 1.05168676976 1.0
55.0 1.00663295725 1.0
129.0 0.958079703239 1.0
199.0 0.848483342738 1.0
33.0 0.981034468533 1.0
180.0 10.3572999157 1.0
159.0 -1.75651008588 1.0
64.0 1.005438346 1.0
118.0 1.00542012406 1.0
140.0 -1.11797293697 1.0
101.0 0.928709529543 1.0
34.0 0.996590428408 1.0
158.0 0.318292314876 1.0
78.0 0.993540314825 1.0
22.0 0.954580151824 1.0
102.0 0.984024776479 1.0
92.0 0.967439570999 1.0
152.0 2.49982324728 1.0
95.0 0.929020440933 1.0
53.0 1.02311362912 1.0
128.0 1.02748624371 1.0
object 50	1.0:0.5 20.6628020866:0.5
144.0 1.17077623663 0.0
140.0 20.6266725138 1.0
79.0 0.998110390308 0.0
83.0 1.01348992688 0.0
159.0 19.0983203175 1.0
183.0 -1.25756070082 0.0
63.0 20.671791662 1.0
38.0 1.0844619984 0.0
142.0 18.5486652278 1.0
19.0 20.6516248383 1.0
107.0 20.6332182219 1.0
163.0 23.1140314718 1.0
104.0 1.01184402361 0.0
151.0 3.3977459177 0.0
158.0 21.3169779594 1.0
123.0 1.00212463048 0.0
154.0 21.0183480693 1.0
59.0 20.6556624631 1.0
146.0 25.0435783006 1.0
75.0 20.6239702764 1.0
97.0 1.0263506576 0.0
179.0 23.8145859592 1.0
46.0 1.06903423315 0.0
138.0 20.7328687681 1.0
193.0 20.0199591735 1.0
72.0 1.05904215869 0.0
42.0 20.6975794216 1.0
52.0 20.6894346149 1.0
98.0 1.04439687463 0.0
50.0 20.6476598918 1.0
object 51	1.0:0.5 -11.3446877659:0.5
174.0 3.07869142521 0.0
45.0 -11.3143025672 1.0
137.0 -11.4782937316 1.0
167.0 0.456390226893 0.0
9.0 -11.3431501989 1.0
185.0 -9.38267928134 1.0
49.0 -11.3534892132 1.0
31.0 -11.4051157031 1.0
129.0 -11.3246438658 1.0
14.0 -11.3500704024 1.0
184.0 0.458682181611 0.0
106.0 -11.2993184819 1.0
117.0 -11.4389067344 1.0
146.0 -11.7392276286 1.0
65.0 -11.3805729893 1.0
52.0 -11.2370383647 1.0
165.0 -0.0259211611452 0.0
193.0 4.39168445255 0.0
56.0 0.986475989508 0.0
25.0 -11.303607405 1.0
180.0 1.89805435625 0.0
83.0 1.04807145157 0.0
91.0 -11.4022988463 1.0
179.0 6.05850948475 0.0
41.0 0.93955459891 0.0
object 52	1.0:0.5 11.0547755963:0.5
189.0 8.96581366252 1.0
45.0 1.01934051476 0.0
193.0 7.24844774424 1.0
10.0 11.1133661479 1.0
122.0 1.04462206895 0.0
153.0 11.6268780177 0.0
116.0 1.00637890685 0.0
53.0 1.04306696887 0.0
180.0 0.193399744937 0.0
54.0 1.00297167191 0.0
41.0 11.1357608442 1.0
113.0 0.991962140055 0.0
94.0 11.0454077002 1.0
80.0 11.0767753718 1.0
78.0 11.095354342 1.0
146.0 9.13932175937 1.0
20.0 0.983942729009 0.0
22.0 0.942053225351 0.0
33.0 11.0280660895 1.0
150.0 0.585745522817 0.0
182.0 3.55568970909 0.0
object 53	1.0:0.5 -10.2249734968:0.5
196.0 1.64046409241 0.0
15.0 -10.2383818382 1.0
93.0 0.986685198928 0.0
37.0 -10.2181880211 1.0
94.0 -10.1483116807 1.0
87.0 -10.3001177437 1.0
131.0 1.00364003247 0.0
192.0 4.3803195663 0.0
122.0 1.0972922912 0.0
132.0 1.01000118943 0.0
150.0 -14.1434445733 1.0
55.0 -10.2132196533 1.0
113.0 1.02414837216 0.0
147.0 -8.81080380482 1.0
121.0 0.921138033427 0.0
97.0 -10.2859361236 1.0
66.0 0.980336917273 0.0
56.0 -10.225875381 1.0
6.0 0.997417306395 0.0
152.0 5.99230199929 0.0
103.0 0.994335225123 0.0
75.0 -10.1863763176 1.0
object 54	1.0:0.5 -8.87227721604:0.5
189.0 -9.91352619022 1.0
64.0 -8.84661891525 1.0
43.0 1.07819276317 0.0
86.0 -8.89894557673 1.0
157.0 -3.93553477651 0.0
142.0 -4.36632896503 0.0
27.0 -8.87983062947 1.0
34.0 0.941401335573 0.0
144.0 -8.26390212045 1.0
188.0 0.461033127871 0.0
47.0 1.07973759038 0.0
150.0 4.52520301674 0.0
95.0 -8.79947869949 1.0
136.0 -8.85269855961 1.0
60.0 -8.8573490383 1.0
85.0 -8.80201578432 1.0
58.0 -8.84548298648 1.0
80.0 -8.85408855097 1.0
121.0 -8.86142424056 1.0
73.0 1.00816389925 0.0
139.0 1.00046819591 0.0
196.0 -8.84571512357 1.0
object 55	1.0:0.5 -11.5894630126:0.5
54.0 -11.5509712124 1.0
146.0 1.01313151454 0.0
94.0 -11.6396402355 1.0
39.0 0.960592728238 0.0
46.0 0.982742213838 0.0
134.0 0.999686532659 0.0
19.0 0.971327503446 0.0
170.0 2.40324608537 0.0
64.0 1.04770791444 0.0
44.0 1.01995616818 0.0
141.0 -2.2795372629 0.0
81.0 1.08845668006 0.0
28.0 1.0016691969 0.0
27.0 0.979869305761 0.0
98.0 1.04052349937 0.0
49.0 0.991959181245 0.0
122.0 1.0299783667 0.0
116.0 -11.5634971203 1.0
16.0 -11.6180152969 1.0
29.0 1.01994450159 0.0
18.0 1.02066452991 0.0
148.0 -0.508078982856 0.0
121.0 -11.5302874051 1.0
77.0 1.04425402323 0.0
4.0 1.02225350081 0.0
84.0 -11.5758450291 1.0
139.0 -11.5420087683 1.0
object 56	1.0:0.5 -5.31291813091:0.5
4.0 0.899884098973 0.0
29.0 0.924068562379 0.0
41.0 0.967667454961 0.0
98.0 0.969403230036 0.0
174.0 0.642370007307 0.0
88.0 -5.32440098745 1.0
145.0 3.54771919347 0.0
144.0 2.20810200025 0.0
72.0 1.06059088549 0.0
181.0 -6.37584259971 1.0
95.0 1.04531543911 0.0
113.0 1.0100837996 0.0
69.0 -5.35216042845 1.0
75.0 -5.26137224271 1.0
139.0 0.988217589531 0.0
31.0 -5.33038685095 1.0
89.0 -5.32464658211 1.0
57.0 1.00861298852 0.0
3.0 1.05632173358 0.0
182.0 1.92354873338 0.0
object 57	1.0:0.5 15.3369932442:0.5
121.0 15.3350728649 1.0
94.0 1.0004531464 0.0
199.0 14.4171076765 1.0
117.0 15.3707266884 1.0
91.0 15.3545339788 1.0
174.0 16.7851627893 1.0
120.0 15.2634446732 1.0
75.0 15.3978747872 1.0
31.0 15.3514212799 1.0
60.0 0.974939355744 0.0
99.0 15.4473397633 1.0
35.0 15.4130597113 1.0
175.0 -2.45103695849 0.0
134.0 0.974049787788 0.0
39.0 1.06777060474 0.0
84.0 1.08095464401 0.0
34.0 15.3746094533 1.0
62.0 15.3095350211 1.0
28.0 1.01576343338 0.0
184.0 17.4278122891 1.0
112.0 0.990926241277 0.0
78.0 15.279155139 1.0
85.0 15.3084440852 1.0
10.0 0.997561839933 0.0
83.0 15.4075940738 1.0
25.0 0.945674464987 0.0
195.0 12.0118787663 1.0
151.0 0.903939063439 0.0
196.0 14.0357866328 1.0
73.0 15.4085871485 1.0
102.0 15.3673594903 1.0
64.0 1.06476089543 0.0
11.0 1.03892155441 0.0
54.0 1.02305614857 0.0
77.0 15.305741345 1.0
object 58	1.0:0.5 2.90054438928:0.5
164.0 11.6816920275 1.0
151.0 -7.08929147467 1.0
111.0 0.958665399539 0.0
101.0 0.957040341278 0.0
170.0 3.06274618271 0.0
3.0 2.87181015673 1.0
34.0 0.987076468519 0.0
46.0 2.91040062551 1.0
16.0 1.08434303706 0.0
79.0 0.931218206596 0.0
98.0 2.93390645263 1.0
59.0 2.92008781113 1.0
199.0 2.65960945111 0.0
175.0 2.98425951611 1.0
174.0 -0.0444381625973 0.0
80.0 2.99403765175 1.0
176.0 1.13770649146 0.0
138.0 2.88835676414 1.0
156.0 3.23095951162 1.0
18.0 1.02785592869 0.0
104.0 0.931829531806 0.0
12.0 1.11365503571 0.0
118.0 1.00201851637 0.0
129.0 2.69350584091 1.0
144.0 2.62110268943 0.0
21.0 2.89992970662 1.0
147.0 6.00492707516 0.0
106.0 0.968568256365 0.0
object 59	1.0:0.5 -2.29469049926:0.5
132.0 0.95331218779 0.0
27.0 1.00739666854 0.0
164.0 -0.0611748554176 1.0
61.0 1.06690556416 0.0
137.0 -2.37539062398 1.0
173.0 -4.91661481364 1.0
73.0 -2.38453637994 1.0
124.0 1.05116769021 0.0
119.0 0.937048546508 0.0
34.0 0.981709967389 0.0
142.0 0.702399375306 0.0
160.0 -3.6147491131 0.0
12.0 1.05008811652 0.0
56.0 1.0250034555 0.0
95.0 1.04966739248 0.0
16.0 -2.16288950691 1.0
158.0 2.89252199648 0.0
161.0 -0.108873052444 0.0
144.0 -2.83677974402 1.0
66.0 -2.22690832546 1.0
84.0 -2.32380422415 1.0
149.0 -1.74342926935 1.0
159.0 -2.08064938493 0.0
object 60	1.0:0.5 2.67213200395:0.5
44.0 1.02522404025 0.0
183.0 1.27680639931 0.0
153.0 0.0263525794895 0.0
78.0 0.961539443193 0.0
139.0 1.06644586743 0.0
146.0 8.03349964763 1.0
148.0 3.43600624203 1.0
131.0 1.07569309308 0.0
175.0 4.84578268619 1.0
25.0 2.71821130868 1.0
5.0 1.05227133716 0.0
126.0 2.62893861543 1.0
198.0 2.15759715346 0.0
41.0 2.68129216359 1.0
98.0 0.873898820282 0.0
31.0 2.62080657165 1.0
186.0 4.87134874984 0.0
2.0 2.66251689285 1.0
147.0 -2.04023325978 0.0
71.0 1.05769063857 0.0
18.0 2.66219443179 1.0
85.0 2.74123762243 1.0
176.0 -2.88657321797 1.0
37.0 2.52332001862 1.0
173.0 0.0854120181981 0.0
102.0 2.61645922882 1.0
117.0 0.964953574098 0.0
59.0 2.65002404423 1.0
193.0 2.3855199513 0.0
66.0 1.06292186666 0.0
61.0 2.54736527496 1.0
object 61	1.0:0.5 -8.00969820885:0.5
67.0 -7.97074881687 1.0
49.0 1.00435296406 0.0
101.0 -8.00688079067 1.0
126.0 -8.0140958942 1.0
111.0 0.966107477206 0.0
55.0 1.03403115212 0.0
22.0 0.990219090927 0.0
161.0 -5.8398210786 1.0
89.0 -8.01697035399 1.0
129.0 0.951640957715 0.0
154.0 -6.47794059674 1.0
12.0 0.935806580143 0.0
153.0 -11.4535126836 1.0
object 62	1.0:0.5 -2.5890726675:0.5
53.0 -2.62267885868 1.0
163.0 7.51976335507 0.0
28.0 -2.6547302708 1.0
151.0 3.12880555116 0.0
194.0 3.85132852567 0.0
0.0 -2.63120697773 1.0
79.0 0.97706721 0.0
102.0 -2.51988920496 1.0
109.0 -2.52051628623 1.0
190.0 2.91077875868 0.0
148.0 -4.71099992254 1.0
4.0 1.04836910669 0.0
8.0 -2.62832750733 1.0
72.0 -2.61215658652 1.0
124.0 -2.56503722698 1.0
183.0 2.95449534952 0.0
18.0 0.945143638073 0.0
145.0 -1.25125993381 0.0
184.0 -2.84117371204 1.0
185.0 -1.75141858305 0.0
19.0 -2.58196408173 1.0
78.0 0.982958590922 0.0
82.0 -2.64340922994 1.0
71.0 -2.69050859642 1.0
12.0 1.06747795895 0.0
60.0 -2.64477748257 1.0
11.0 0.968788948211 0.0
34.0 1.0685923314 0.0
26.0 0.894882878584 0.0
140.0 -2.90796220328 1.0
41.0 1.06117222908 0.0
object 63	1.0:0.5 -15.4232256636:0.5
165.0 -12.681117372 1.0
172.0 -17.3009700502 1.0
93.0 0.992569777432 0.0
92.0 -15.3986747468 1.0
72.0 -15.4323915669 1.0
62.0 0.886858072759 0.0
83.0 -15.3978304192 1.0
159.0 3.40751690047 0.0
143.0 -15.1110013604 1.0
80.0 -15.3847566664 1.0
15.0 -15.3873043245 1.0
52.0 -15.4993317484 1.0
130.0 -15.3912286728 1.0
190.0 -16.318107731 1.0
101.0 1.00302781961 0.0
61.0 -15.4242684709 1.0
2.0 1.00895014399 0.0
36.0 -15.3865393711 1.0
135.0 0.934828587678 0.0
object 64	1.0:0.5 4.90424128381:0.5
87.0 1.01398773377 0.0
144.0 -2.38551379242 0.0
1.0 4.92616471559 1.0
80.0 4.87379611125 1.0
0.0 0.969770885518 0.0
50.0 1.03323350731 0.0
150.0 0.506591771885 0.0
157.0 -7.5220210163 0.0
169.0 1.80454120613 0.0
88.0 1.06180659977 0.0
75.0 4.91779810234 1.0
94.0 0.947484313469 0.0
object 65	1.0:0.5 -7.00859485596:0.5
23.0 1.00716192841 0.0
12.0 -6.99861006484 1.0
29.0 -7.06547432056 1.0
49.0 1.00003831608 0.0
58.0 0.932777695091 0.0
75.0 0.961949130671 0.0
72.0 -6.95807805393 1.0
4.0 -6.97895701294 1.0
165.0 -1.19573080326 0.0
82.0 0.979825493231 0.0
37.0 -7.01639318448 1.0
125.0 1.00516542241 0.0
0.0 0.985253046084 0.0
38.0 -7.04768244277 1.0
35.0 -7.0790866511 1.0
153.0 -4.0402138079 1.0
object 66	1.0:0.5 8.03403887881:0.5
17.0 7.982436879 1.0
183.0 4.08515736435 1.0
141.0 0.809314683585 0.0
170.0 7.54381665994 1.0
35.0 8.01967543787 1.0
120.0 8.08350817933 1.0
134.0 1.02827365213 0.0
166.0 14.2199641807 1.0
189.0 -3.85372354673 0.0
18.0 1.02521932526 0.0
26.0 1.01533575072 0.0
127.0 8.0421116022 1.0
185.0 9.51706790766 1.0
171.0 -1.4017572671 0.0
187.0 2.89186395975 0.0
188.0 1.92914941589 0.0
192.0 9.96428837022 1.0
102.0 0.95754013551 0.0
148.0 0.794172659281 0.0
143.0 8.17153737994 1.0
31.0 8.01949797632 1.0
193.0 7.0650735143 1.0
34.0 1.00876916347 0.0
87.0 1.03841295565 0.0
37.0 8.07786289333 1.0
152.0 -7.4061070858 0.0
49.0 8.00553807516 1.0
11.0 1.04035459745 0.0
object 67	1.0:0.5 -8.22924508598:0.5
73.0 1.12175820971 0.0
56.0 0.99308491652 0.0
22.0 -8.23327980068 1.0
189.0 -8.87398106732 1.0
5.0 1.04395417184 0.0
18.0 -8.201228597 1.0
109.0 1.04755922735 0.0
59.0 1.01611923433 0.0
113.0 -8.33054066278 1.0
85.0 0.93899432125 0.0
79.0 1.03674951552 0.0
128.0 -8.22868519201 1.0
14.0 -8.21935809569 1.0
95.0 1.00879802698 0.0
115.0 -8.28455560011 1.0
141.0 -10.5632951064 1.0
25.0 0.970331443562 0.0
150.0 4.61777778841 0.0
37.0 0.97598699216 0.0
55.0 -8.23134609343 1.0
191.0 -8.06851105405 1.0
15.0 -8.16060977869 1.0
71.0 1.04213897404 0.0
4.0 1.05352957533 0.0
91.0 -8.16546888464 1.0
99.0 0.899985706239 0.0
138.0 0.884745245385 0.0
107.0 -8.21564728252 1.0
80.0 -8.18668114918 1.0
161.0 1.625105199 0.0
116.0 -8.25780754199 1.0
32.0 -8.253499055 1.0
45.0 -8.20866009205 1.0
object 68	1.0:0.5 -0.930441396334:0.5
78.0 -0.927153620481 1.0
49.0 -0.985147670487 1.0
11.0 1.04055013804 0.0
113.0 1.0672071401 0.0
21.0 -1.03354392757 1.0
186.0 -2.17522417614 1.0
142.0 3.58534927607 0.0
13.0 0.957293610487 0.0
4.0 0.96391210225 0.0
184.0 2.33548103543 1.0
93.0 1.04321206004 0.0
171.0 0.514412171508 0.0
88.0 -0.913815231341 1.0
37.0 -1.01902058253 1.0
106.0 -0.929543000684 1.0
170.0 -1.51886283714 1.0
53.0 -0.901874985872 1.0
107.0 -0.893059602109 1.0
75.0 -0.865120258663 1.0
125.0 -0.938175952331 1.0
111.0 1.0949700357 0.0
57.0 0.942760766464 0.0
97.0 0.889733919633 0.0
192.0 0.21590650011 1.0
101.0 -0.849774071943 1.0
22.0 -0.955487258979 1.0
187.0 3.62303754243 0.0
175.0 2.37128664288 0.0
152.0 0.907029648724 1.0
146.0 1.20255300455 1.0
129.0 0.945317699589 0.0
74.0 0.980408067868 0.0
85.0 0.980956397063 0.0
39.0 0.948559399188 0.0
51.0 -0.959929086052 1.0
90.0 1.00746499733 0.0
15.0 -0.76281304455 1.0
object 69	1.0:0.5 2.19828666484:0.5
179.0 2.59011565333 1.0
106.0 2.22265325286 1.0
105.0 2.05414866925 1.0
165.0 1.55464004489 1.0
140.0 -2.2189498963 0.0
104.0 2.12646145733 1.0
5.0 0.929143422128 0.0
13.0 1.05147110857 0.0
119.0 1.03206347349 0.0
66.0 2.16933630994 1.0
83.0 2.2000651894 1.0
122.0 2.25009818544 1.0
187.0 0.474994114071 1.0
162.0 4.39006701321 0.0
4.0 0.895982950644 0.0
14.0 2.34003292262 1.0
object 70	1.0:0.5 3.90094806814:0.5
105.0 0.955505451327 0.0
78.0 0.913901250188 0.0
155.0 8.22885145814 0.0
35.0 3.90982659922 1.0
13.0 3.87088323199 1.0
136.0 0.987297268488 0.0
25.0 3.86630006716 1.0
4.0 3.89397719408 1.0
180.0 0.832862043389 0.0
193.0 -2.50441470361 0.0
154.0 4.44304507675 1.0
68.0 3.89868338121 1.0
76.0 3.8000339226 1.0
189.0 3.28967640034 1.0
3.0 3.79709114395 1.0
74.0 0.978215902868 0.0
84.0 3.90034299223 1.0
48.0 1.04235294741 0.0
163.0 2.04616884492 0.0
41.0 1.09893574308 0.0
object 71	1.0:0.5 -5.35513608086:0.5
124.0 -5.3646426306 1.0
174.0 -7.00590634 1.0
132.0 -5.36091647575 1.0
189.0 -3.37951542984 1.0
177.0 -9.41719468168 1.0
39.0 1.03777162867 0.0
118.0 -5.37825011748 1.0
193.0 9.27463567337 0.0
194.0 -1.81295926279 1.0
163.0 5.62802007272 0.0
70.0 -5.38158232738 1.0
59.0 -5.34119192608 1.0
136.0 0.880308423777 0.0
122.0 1.01553606613 0.0
92.0 1.00338034453 0.0
53.0 -5.22707463292 1.0
183.0 -2.12618877333 0.0
178.0 -1.45597779004 0.0
172.0 -15.0685249666 1.0
25.0 0.988269741507 0.0
171.0 -9.38975571838 1.0
152.0 -9.75745213308 0.0
197.0 3.52860153508 0.0
181.0 4.1868217046 0.0
63.0 -5.47267010168 1.0
77.0 -5.31211428035 1.0
106.0 1.01291551927 0.0
object 72	1.0:0.5 -5.89205793588:0.5
189.0 -0.00662422306192 0.0
192.0 1.13409134911 0.0
139.0 -5.81766883474 1.0
132.0 -5.95849499471 1.0
88.0 0.992077445557 0.0
199.0 -7.41612806189 1.0
177.0 2.67501744108 0.0
110.0 -5.8539371324 1.0
120.0 -5.89274266045 1.0
65.0 0.972034891226 0.0
83.0 1.00701646951 0.0
115.0 0.967573871407 0.0
102.0 0.962498277698 0.0
61.0 1.02480051439 0.0
38.0 -5.95720738287 1.0
195.0 5.86854347718 0.0
26.0 -5.90657060605 1.0
97.0 1.0198949334 0.0
117.0 -5.97666919218 1.0
69.0 0.962871311054 0.0
56.0 0.979012300293 0.0
17.0 -5.863920339 1.0
71.0 0.949022227125 0.0
67.0 0.955923365322 0.0
170.0 0.762981884678 0.0
87.0 1.02126310088 0.0
133.0 0.935232813446 0.0
object 73	1.0:0.5 -3.34931904104:0.5
44.0 -3.3863934569 1.0
88.0 1.00368959204 0.0
89.0 -3.35391379839 1.0
170.0 -1.09180054745 0.0
166.0 -4.91008001505 1.0
72.0 -3.30720522201 1.0
176.0 0.400612432199 0.0
3.0 0.994435001764 0.0
23.0 -3.34449775989 1.0
155.0 0.0827496451575 0.0
39.0 0.995151533324 0.0
137.0 1.06318116067 0.0
119.0 0.954165276372 0.0
191.0 -4.10007158609 1.0
0.0 0.985893883861 0.0
71.0 -3.31969705268 1.0
164.0 -7.34855127033 1.0
21.0 1.01430848446 0.0
180.0 1.6987699146 0.0
17.0 -3.28141429625 1.0
62.0 0.948748872815 0.0
122.0 -3.29051753332 1.0
172.0 -7.7468438787 0.0
54.0 -3.33273821534 1.0
106.0 -3.38558345564 1.0
139.0 0.961960559964 0.0
118.0 0.988311799354 0.0
18.0 -3.3815851679 1.0
object 74	1.0:0.5 2.85575229237:0.5
72.0 2.81699569642 1.0
30.0 0.977503055541 0.0
129.0 1.03797031666 0.0
41.0 2.83699832932 1.0
164.0 3.63513334924 0.0
140.0 -2.28504395037 0.0
83.0 2.86186856298 1.0
46.0 2.82671289745 1.0
28.0 2.8985398297 1.0
184.0 3.16035859831 1.0
187.0 -0.404907675804 0.0
115.0 0.937878254225 0.0
118.0 1.0142002416 0.0
110.0 2.82541031764 1.0
55.0 1.0228655399 0.0
88.0 1.02529961474 0.0
73.0 1.03597522339 0.0
147.0 -1.31831837963 1.0
object 75	1.0:0.5 -1.79364518431:0.5
10.0 -1.71377439293 1.0
182.0 -0.0288101657541 1.0
170.0 0.605588271251 1.0
137.0 -1.86507787311 1.0
45.0 -1.79395036447 1.0
144.0 -0.941175458449 1.0
62.0 -1.85310912304 1.0
171.0 0.760095103719 1.0
139.0 -1.80819676483 1.0
53.0 0.9801586359 0.0
14.0 1.06590498099 0.0
157.0 -3.86901466448 1.0
11.0 1.04798748484 0.0
36.0 1.00078115809 0.0
71.0 1.00033652942 0.0
175.0 -5.06876622822 1.0
130.0 -1.89767196119 1.0
127.0 -1.81049168834 1.0
133.0 -1.85426533616 1.0
object 76	1.0:0.5 -1.06503663583:0.5
38.0 -0.957976385528 1.0
44.0 -1.07497081193 1.0
69.0 -1.06398474978 1.0
9.0 1.0269157326 0.0
97.0 -0.947758929431 1.0
169.0 -6.1068761545 1.0
61.0 -1.07924710353 1.0
150.0 0.702329283188 1.0
63.0 -1.13821801727 1.0
112.0 1.0180574008 0.0
42.0 -1.14378947926 1.0
100.0 0.985857146798 0.0
6.0 -1.18205191543 1.0
1.0 0.927579649447 0.0
26.0 0.920427155044 0.0
148.0 -3.91689402041 1.0
135.0 1.00419808565 0.0
119.0 1.09987777032 0.0
160.0 -7.31007268194 1.0
23.0 0.985667768355 0.0
object 77	1.0:0.5 -0.22426573224:0.5
134.0 -0.295916873357 1.0
92.0 0.937192588004 0.0
149.0 -1.27420575241 1.0
161.0 -3.12517035317 0.0
49.0 -0.214988162815 1.0
28.0 1.08935932228 0.0
22.0 0.947274703421 0.0
82.0 -0.188052989885 1.0
27.0 1.00472101029 0.0
9.0 1.03855369488 0.0
142.0 2.75542375793 1.0
41.0 -0.197670380222 1.0
20.0 -0.17998892006 1.0
112.0 0.986108893945 0.0
94.0 -0.218959219632 1.0
103.0 -0.334937721503 1.0
55.0 1.01443152629 0.0
10.0 0.9632684878 0.0
181.0 -2.90893436566 1.0
96.0 -0.286340754519 1.0
88.0 -0.210021087925 1.0
145.0 -1.58503338796 1.0
74.0 1.00980820114 0.0
133.0 -0.303564897562 1.0
object 78	1.0:0.5 -8.30446062888:0.5
156.0 -9.47914317889 1.0
110.0 -8.31125925203 1.0
86.0 -8.30139126361 1.0
49.0 1.04353552948 0.0
95.0 1.01606251808 0.0
35.0 0.913237380674 0.0
162.0 -7.69383590727 1.0
106.0 1.04069197405 0.0
10.0 -8.34972995207 1.0
80.0 -8.30925260362 1.0
60.0 0.902151815351 0.0
55.0 1.06229799642 0.0
193.0 0.742009172227 0.0
180.0 0.983667066506 0.0
168.0 -6.31192455175 1.0
114.0 0.958642401656 0.0
151.0 -9.56683681142 1.0
61.0 1.03705736128 0.0
178.0 -12.3283282853 1.0
44.0 0.926507583598 0.0
67.0 -8.268064152 1.0
79.0 0.978236992636 0.0
94.0 1.03138827672 0.0
72.0 0.993846825221 0.0
186.0 2.35632561046 0.0
142.0 6.18695758967 0.0
149.0 -8.95848451911 1.0
131.0 1.04239762066 0.0
7.0 1.04433592728 0.0
object 79	1.0:0.5 -0.00183886804687:0.5
127.0 -0.0222149746198 1.0
106.0 1.00211527551 0.0
80.0 -0.00364149367974 1.0
188.0 -0.200291684949 1.0
52.0 1.0766067779 0.0
102.0 0.96418610684 0.0
136.0 0.00834145421129 1.0
3.0 0.946597618893 0.0
193.0 0.913082099756 0.0
50.0 1.06108901664 0.0
147.0 2.98480307396 1.0
160.0 -0.0974951784097 1.0
151.0 2.10207060031 0.0
28.0 -0.0141199806318 1.0
196.0 1.02449747281 1.0
123.0 0.98317396866 0.0
111.0 0.930416863562 0.0
166.0 -2.33481760116 1.0
47.0 1.08123895909 0.0
7.0 1.06652532308 0.0
18.0 -0.000595403427779 1.0
115.0 1.02471732979 0.0
31.0 -0.0604217774615 1.0
24.0 -0.00155998887312 1.0
100.0 -0.0288646605268 1.0
107.0 0.991146289455 0.0
object 80	1.0:0.5 7.94755047163:0.5
138.0 0.982976884173 0.0
100.0 1.02642075544 0.0
1.0 1.07066141587 0.0
193.0 7.15825654652 1.0
17.0 7.92463926762 1.0
95.0 7.96271562619 1.0
38.0 1.0609025218 0.0
63.0 8.00141647448 1.0
129.0 8.02204669235 1.0
92.0 1.03305104899 0.0
97.0 1.01237927539 0.0
175.0 4.52873758251 1.0
132.0 0.990236508489 0.0
33.0 0.995855426505 0.0
103.0 7.97633212902 1.0
3.0 7.90480298381 1.0
199.0 -3.49870805957 0.0
181.0 8.42859298015 1.0
188.0 0.942071985394 0.0
94.0 7.92248978851 1.0
117.0 0.907241910992 0.0
170.0 2.05166994916 0.0
89.0 0.934559863162 0.0
167.0 11.5010173929 1.0
192.0 5.87936007953 1.0
152.0 2.38266001507 1.0
186.0 2.42499408518 0.0
91.0 7.97866034153 1.0
78.0 1.02029710327 0.0
195.0 -0.633578291614 0.0
15.0 1.02217079697 0.0
111.0 7.9546204223 1.0
object 81	1.0:0.5 12.2424262099:0.5
199.0 17.7978243588 1.0
116.0 0.95217454968 0.0
150.0 -3.29337930421 0.0
160.0 8.87478326798 1.0
54.0 0.979702958053 0.0
158.0 12.5410426332 1.0
95.0 12.2935273706 1.0
20.0 1.01950834817 0.0
49.0 1.04487561659 0.0
76.0 12.1588740678 1.0
181.0 9.2422132178 1.0
132.0 0.965220379507 0.0
108.0 1.01733758673 0.0
98.0 12.3023788064 1.0
122.0 12.1779633777 1.0
138.0 1.01418626994 0.0
84.0 0.964682405383 0.0
147.0 1.34758796078 0.0
168.0 3.89223586757 1.0
87.0 12.3210242282 1.0
139.0 1.00156818942 0.0
156.0 3.14078049929 0.0
37.0 12.2176891579 1.0
27.0 1.03236654224 0.0
148.0 0.0440210211514 0.0
47.0 12.2863176983 1.0
118.0 0.921101386088 0.0
object 82	1.0:0.5 -21.752051851:0.5
41.0 -21.8204236076 1.0
139.0 -21.7911582168 1.0
26.0 1.03108487172 0.0
15.0 0.987279172869 0.0
124.0 1.04508410074 0.0
172.0 2.6873103 0.0
90.0 0.977885386881 0.0
24.0 -21.7396696329 1.0
40.0 0.949004135566 0.0
173.0 -16.7140867557 1.0
116.0 -21.7442714059 1.0
100.0 -21.7929354046 1.0
166.0 -19.7029243559 1.0
64.0 0.974005997265 0.0
175.0 -17.8099925689 1.0
19.0 -21.7740185399 1.0
119.0 -21.8139207125 1.0
75.0 0.947448176665 0.0
60.0 0.991927111551 0.0
156.0 -0.236160395229 0.0
195.0 -24.242272535 1.0
20.0 0.954769147822 0.0
25.0 0.967104614318 0.0
194.0 -27.6971591919 1.0
95.0 -21.8124827395 1.0
44.0 0.957560326435 0.0
object 83	1.0:0.5 -6.70466236494:0.5
2.0 0.868695537916 0.0
64.0 -6.67969682706 1.0
98.0 -6.7037968999 1.0
140.0 5.91602315635 0.0
145.0 3.0511749058 0.0
179.0 -10.8154808643 1.0
80.0 1.00534503797 0.0
88.0 -6.71285161412 1.0
191.0 5.96201568862 0.0
81.0 0.930936722635 0.0
3.0 1.08127703583 0.0
142.0 -13.7609570407 1.0
100.0 0.987796808063 0.0
82.0 1.02253122675 0.0
69.0 1.03006886618 0.0
107.0 0.976643664217 0.0
150.0 0.294324335122 0.0
153.0 2.3916653086 0.0
175.0 -4.33866479136 1.0
143.0 -1.4194476964 0.0
124.0 0.988721458803 0.0
31.0 -6.63252463571 1.0
57.0 -6.70258179201 1.0
object 84	1.0:0.5 -2.68159129933:0.5
171.0 1.36130043036 0.0
107.0 1.0214702198 0.0
25.0 0.985629289645 0.0
122.0 0.997427535663 0.0
61.0 1.06856667105 0.0
174.0 -0.589339854533 1.0
27.0 1.09328280483 0.0
119.0 -2.71924566098 1.0
47.0 -2.74587883708 1.0
55.0 -2.68705898719 1.0
91.0 1.03182174926 0.0
181.0 9.36150943416 0.0
43.0 1.05115425564 0.0
99.0 0.974400440846 0.0
141.0 -0.967881424458 0.0
75.0 -2.67948730614 1.0
123.0 0.979634223274 0.0
152.0 5.52951156653 1.0
95.0 1.02957574723 0.0
115.0 0.999871753482 0.0
164.0 0.395395809151 0.0
54.0 0.899698905257 0.0
97.0 -2.66774436703 1.0
197.0 0.250433293438 0.0
71.0 0.99113645909 0.0
143.0 -4.543158139 1.0
object 85	1.0:0.5 -10.3243035872:0.5
139.0 0.981181803981 0.0
36.0 1.03602094262 0.0
58.0 0.835679971619 0.0
10.0 0.933051789836 0.0
39.0 -10.3488501726 1.0
182.0 -11.9272580668 1.0
146.0 -1.90939661727 0.0
44.0 -10.2864084151 1.0
62.0 -10.3328688952 1.0
154.0 1.87945727204 0.0
105.0 1.0603700894 0.0
57.0 0.991278059986 0.0
24.0 -10.3277055415 1.0
140.0 -3.49062827077 0.0
54.0 0.973794355674 0.0
136.0 -10.4934577743 1.0
103.0 0.916973281601 0.0
3.0 -10.3095493596 1.0
45.0 -10.3641746087 1.0
21.0 -10.3947123409 1.0
88.0 1.01565913291 0.0
199.0 -1.5264153021 0.0
129.0 -10.3337514599 1.0
107.0 0.964474166788 0.0
61.0 -10.3229797142 1.0
22.0 0.988541078213 0.0
168.0 0.73333078421 0.0
30.0 -10.3292342996 1.0
53.0 1.03766226016 0.0
110.0 -10.3789771775 1.0
13.0 -10.3661346168 1.0
113.0 -10.3926553048 1.0
189.0 7.14319294136 0.0
150.0 -9.24148757229 1.0
198.0 -12.271846372 1.0
167.0 -11.8419987975 1.0
object 86	1.0:0.5 14.7236742104:0.5
136.0 14.7385453776 1.0
72.0 14.629385303 1.0
169.0 16.563241889 1.0
45.0 14.7423155377 1.0
0.0 0.969683316147 0.0
139.0 1.01926919229 0.0
154.0 14.4669067767 1.0
38.0 14.6343684931 1.0
84.0 1.01450697281 0.0
160.0 4.74533908998 0.0
152.0 14.5361344781 1.0
145.0 -4.96686201214 0.0
176.0 16.7281032917 1.0
80.0 0.943294342013 0.0
69.0 14.6982836637 1.0
94.0 14.8275214876 1.0
188.0 13.6115477592 1.0
174.0 -0.132868778888 0.0
156.0 13.4931936238 1.0
73.0 14.8092015972 1.0
184.0 0.0577864785679 0.0
40.0 0.965297751781 0.0
92.0 14.7459227325 1.0
object 87	1.0:0.5 6.28851354053:0.5
13.0 1.05058792015 0.0
81.0 6.31272725673 1.0
71.0 1.04150708756 0.0
42.0 0.997367219267 0.0
95.0 6.23002000456 1.0
22.0 0.982764053625 0.0
111.0 1.00295188349 0.0
97.0 6.28847417149 1.0
58.0 0.986780637842 0.0
50.0 0.911398118019 0.0
128.0 0.982326600112 0.0
70.0 1.04773871559 0.0
107.0 6.23698830977 1.0
139.0 0.967666576764 0.0
182.0 4.88156106354 0.0
47.0 6.25307605066 1.0
10.0 6.28340167865 1.0
37.0 0.916181806733 0.0
185.0 8.43967816899 1.0
110.0 1.02745724523 0.0
119.0 6.30441568042 1.0
40.0 6.29834634571 1.0
object 88	1.0:0.5 14.1346937688:0.5
168.0 17.0766956164 1.0
115.0 14.1765152696 1.0
164.0 4.76980740918 0.0
28.0 0.927971841483 0.0
162.0 -0.961535492166 0.0
156.0 -0.33134032123 0.0
45.0 14.1594709799 1.0
132.0 14.112695379 1.0
58.0 14.1101146239 1.0
167.0 -1.28600769458 0.0
99.0 14.1427322295 1.0
78.0 1.02379918559 0.0
96.0 0.954666977235 0.0
15.0 1.04480145393 0.0
125.0 14.1558687753 1.0
55.0 14.1933093589 1.0
111.0 0.975069862122 0.0
151.0 8.24663124799 1.0
6.0 14.1033583937 1.0
117.0 14.141845011 1.0
59.0 14.1291382577 1.0
160.0 22.8381646797 1.0
94.0 14.0798540451 1.0
79.0 14.1521433318 1.0
56.0 0.98976945536 0.0
149.0 12.3301699087 1.0
40.0 14.1183098731 1.0
165.0 12.6766454478 1.0
190.0 16.5838043383 1.0
object 89	1.0:0.5 18.7050498438:0.5
6.0 0.964582860647 0.0
14.0 0.953196606293 0.0
158.0 1.12461923027 0.0
111.0 1.03922692838 0.0
192.0 5.91638937713 0.0
180.0 1.17964276955 0.0
29.0 0.967265571394 0.0
8.0 1.05679636441 0.0
38.0 1.01934591797 0.0
109.0 0.977321134307 0.0
136.0 18.5631387856 1.0
35.0 18.7360399658 1.0
152.0 25.9187044898 1.0
93.0 0.987423572342 0.0
58.0 1.04353164177 0.0
171.0 3.64427506289 0.0
5.0 18.5952417152 1.0
102.0 18.7281750008 1.0
190.0 17.8760536942 1.0
90.0 0.989981857582 0.0
3.0 1.08671831295 0.0
194.0 -0.651066722735 0.0
71.0 1.03308608422 0.0
107.0 1.03332288999 0.0
object 90	1.0:0.5 -8.13933696787:0.5
48.0 -8.06252363002 1.0
8.0 1.04809331614 0.0
162.0 -7.71405095035 1.0
99.0 -8.06018920244 1.0
192.0 0.100988017959 0.0
76.0 1.02812606969 0.0
149.0 -6.65045192164 1.0
145.0 5.95626321469 0.0
21.0 1.04985099543 0.0
199.0 9.05880144259 0.0
142.0 6.48345530224 0.0
185.0 -6.32032957523 1.0
18.0 0.949836912386 0.0
198.0 -10.8760877235 1.0
165.0 -8.01391507225 1.0
106.0 -8.12805245166 1.0
38.0 -8.2054885515 1.0
166.0 1.73802697334 0.0
24.0 1.04096156772 0.0
109.0 0.924354491638 0.0
object 91	1.0:0.5 -0.225309301495:0.5
111.0 -0.246531162645 1.0
78.0 0.935896707972 0.0
2.0 0.987690110831 0.0
171.0 0.35724859018 1.0
95.0 1.09729305486 0.0
120.0 -0.256893419602 1.0
38.0 -0.175382393144 1.0
15.0 -0.25958065799 1.0
5.0 -0.14413914454 1.0
142.0 5.33725012633 1.0
187.0 2.10204115766 1.0
181.0 0.4388984826 0.0
194.0 1.55541843609 0.0
107.0 -0.211226469848 1.0
22.0 0.995925814671 0.0
124.0 1.02896250183 0.0
91.0 0.991244352381 0.0
60.0 0.965840010617 0.0
12.0 1.01192608479 0.0
67.0 1.02867169124 0.0
109.0 -0.240241340814 1.0
94.0 0.940948119126 0.0
27.0 0.903470955857 0.0
190.0 1.08433229358 1.0
127.0 -0.26049491683 1.0
145.0 -1.58741949564 1.0
197.0 -2.92448077478 1.0
object 92	1.0:0.5 12.7148163134:0.5
34.0 12.6427419925 1.0
169.0 -5.98008957067 0.0
140.0 -0.603339433132 0.0
125.0 12.6157989289 1.0
57.0 0.925522858261 0.0
100.0 12.6433131589 1.0
73.0 12.7468591646 1.0
117.0 1.04778025905 0.0
166.0 1.74414114223 0.0
70.0 12.6961902291 1.0
2.0 0.974429947825 0.0
150.0 9.81703758051 1.0
162.0 -4.55261661295 0.0
28.0 0.968657588188 0.0
118.0 12.7407329635 1.0
95.0 1.08620556071 0.0
136.0 12.6088644026 1.0
115.0 12.7188576948 1.0
148.0 14.6337897458 1.0
168.0 8.06322344997 0.0
129.0 12.6863687999 1.0
192.0 13.3326090886 1.0
55.0 12.6128524727 1.0
138.0 12.7002157488 1.0
7.0 12.677333188 1.0
9.0 1.01034794616 0.0
74.0 12.8636207743 1.0
142.0 -7.72936852913 0.0
182.0 8.90076523331 1.0
object 93	1.0:0.5 -5.53442774611:0.5
93.0 1.01713386277 0.0
30.0 -5.48497393293 1.0
62.0 -5.53301643326 1.0
70.0 -5.56392599577 1.0
51.0 -5.51406011754 1.0
4.0 -5.49451132738 1.0
186.0 0.957789094357 0.0
52.0 0.9951102183 0.0
102.0 1.03600823276 0.0
23.0 -5.52434530921 1.0
199.0 -3.30519572307 0.0
44.0 1.03261393747 0.0
73.0 -5.54475206725 1.0
139.0 -5.49901708736 1.0
36.0 -5.55367631525 1.0
39.0 1.08204017144 0.0
194.0 -7.64147584021 1.0
61.0 0.948933849179 0.0
92.0 0.956902000989 0.0
196.0 -6.14003085567 1.0
object 94	1.0:0.5 -11.689807284:0.5
76.0 -11.7257848504 1.0
48.0 -11.7065962349 1.0
155.0 0.127936708283 0.0
101.0 0.998205219212 0.0
74.0 -11.6203243305 1.0
92.0 0.989338291104 0.0
3.0 0.927232056847 0.0
27.0 -11.6895741758 1.0
94.0 0.913118109768 0.0
39.0 -11.7941966471 1.0
65.0 1.03000110461 0.0
168.0 8.27415676405 0.0
6.0 -11.726531572 1.0
120.0 0.942654447644 0.0
167.0 -5.92890210197 1.0
14.0 0.964152732068 0.0
98.0 1.06734178357 0.0
68.0 0.947134837371 0.0
90.0 0.98887592891 0.0
32.0 -11.6968033152 1.0
147.0 -12.2667286273 1.0
178.0 -10.8828675766 1.0
64.0 1.04646995056 0.0
object 95	1.0:0.5 8.05875930212:0.5
120.0 0.996853877678 0.0
165.0 0.998083375782 0.0
56.0 8.15504946394 1.0
14.0 8.00883495363 1.0
115.0 0.979714922889 0.0
103.0 8.01295840437 1.0
51.0 8.03152485864 1.0
6.0 8.02722420745 1.0
171.0 10.8578030659 1.0
117.0 8.127240527 1.0
61.0 0.930695840811 0.0
40.0 1.0202831384 0.0
175.0 3.86033289985 0.0
154.0 8.47235321868 1.0
191.0 13.4882347306 1.0
92.0 8.1244464477 1.0
1.0 8.11133030479 1.0
131.0 1.02939643143 0.0
159.0 -0.220038303769 0.0
35.0 8.09958454691 1.0
24.0 7.99923156591 1.0
111.0 8.04735971496 1.0
64.0 0.877991795182 0.0
108.0 0.995457466327 0.0
167.0 6.74228080135 0.0
156.0 -0.498268170177 0.0
object 96	1.0:0.5 -15.8933112775:0.5
182.0 0.490427312063 0.0
190.0 -17.1143908348 1.0
1.0 1.01230548998 0.0
129.0 -15.9349889557 1.0
17.0 -15.850349295 1.0
2.0 -15.9391815816 1.0
120.0 -15.8846533381 1.0
97.0 1.06641323005 0.0
32.0 1.03921746943 0.0
90.0 0.900664628319 0.0
145.0 -13.6780887018 1.0
20.0 -15.8788759474 1.0
54.0 1.01661907917 0.0
111.0 -15.9030771345 1.0
133.0 -15.8734435799 1.0
18.0 0.962111792961 0.0
196.0 0.831720167739 0.0
48.0 0.984850883967 0.0
14.0 -15.8155858751 1.0
40.0 -15.8415473139 1.0
91.0 -15.8516305573 1.0
172.0 0.0822597355854 0.0
84.0 -15.965393306 1.0
159.0 5.1971922978 0.0
object 97	1.0:0.5 -11.7705061261:0.5
21.0 -11.7859254436 1.0
20.0 -11.8064795077 1.0
145.0 0.283241357854 0.0
94.0 -11.7952200131 1.0
32.0 1.0273616407 0.0
182.0 -10.8084937318 1.0
113.0 1.00775807806 0.0
183.0 -0.501305495336 0.0
190.0 0.756673104623 0.0
88.0 -11.7653114483 1.0
186.0 -0.129373811552 0.0
71.0 -11.8266553969 1.0
8.0 -11.7929201111 1.0
153.0 -8.83107239059 1.0
2.0 -11.7538689497 1.0
97.0 1.05390846665 0.0
0.0 -11.7721329101 1.0
24.0 0.964162168176 0.0
81.0 -11.8570869765 1.0
62.0 1.06143628519 0.0
39.0 -11.7566326682 1.0
114.0 -11.9166673546 1.0
14.0 1.01902623001 0.0
4.0 0.933338603768 0.0
179.0 -10.9862525472 1.0
object 98	1.0:0.5 -18.3981456825:0.5
121.0 -18.287275149 1.0
186.0 -18.9925623074 1.0
187.0 0.953646010851 0.0
118.0 -18.4263775552 1.0
59.0 1.03119510555 0.0
152.0 -16.6384934556 1.0
194.0 -2.314310752 0.0
62.0 0.981808263747 0.0
136.0 -18.4213633898 1.0
54.0 -18.3898730123 1.0
154.0 3.00321157551 0.0
116.0 -18.4304499208 1.0
94.0 1.00541811971 0.0
88.0 0.960285171163 0.0
119.0 -18.3523797837 1.0
38.0 1.02728278311 0.0
100.0 -18.4401718254 1.0
106.0 1.0126079903 0.0
164.0 2.40959957237 0.0
148.0 -18.0094124136 1.0
42.0 1.01925700571 0.0
140.0 0.418032824526 0.0
178.0 0.81758256033 0.0
object 99	1.0:0.5 17.8356898641:0.5
193.0 12.612541305 1.0
92.0 0.915742149342 0.0
110.0 17.7930332152 1.0
186.0 1.71023543376 0.0
127.0 17.8744506732 1.0
9.0 0.951419394718 0.0
141.0 17.3046668196 1.0
88.0 0.912112723919 0.0
102.0 1.11412174273 0.0
171.0 16.1184031436 1.0
85.0 17.8571595155 1.0
26.0 0.984852575033 0.0
144.0 16.8235422538 1.0
178.0 17.1809100936 1.0
79.0 17.8261837729 1.0
11.0 0.97752811033 0.0
162.0 0.970840226519 0.0
29.0 17.8153606878 1.0
131.0 17.8465284168 1.0
32.0 17.8215746135 1.0
49.0 0.862259033441 0.0
3.0 17.7808777134 1.0
155.0 1.73611513191 0.0
192.0 18.2513365519 1.0
195.0 0.669319954646 0.0
