object 0	1.0:1.0
74.0 1.06572997227 1.0
17.0 1.01091338283 1.0
95.0 1.03451862569 1.0
118.0 1.0268664105 1.0
136.0 0.955329781889 1.0
7.0 1.00878104355 1.0
196.0 -5.11665148326 1.0
16.0 0.983860556569 1.0
191.0 1.42351019173 1.0
78.0 0.993396214117 1.0
126.0 1.01879394872 1.0
164.0 1.13117209539 1.0
43.0 1.00448783157 1.0
65.0 1.02722469447 1.0
148.0 0.976634800961 1.0
179.0 -9.34227824185 1.0
83.0 1.01011963263 1.0
171.0 4.01234456257 1.0
139.0 0.994921988836 1.0
173.0 0.88781428394 1.0
object 1	1.0:1.0
103.0 0.97574599829 1.0
26.0 0.990528785801 1.0
32.0 0.997377902688 1.0
193.0 1.84360002502 1.0
105.0 1.09405330183 1.0
143.0 1.01863058127 1.0
7.0 0.960775432834 1.0
114.0 0.973454040427 1.0
70.0 0.99485784456 1.0
137.0 0.98579431727 1.0
43.0 0.999799725154 1.0
18.0 1.02382260821 1.0
84.0 0.94517880975 1.0
30.0 0.92667124626 1.0
139.0 1.00550883948 1.0
52.0 0.98054500441 1.0
180.0 -1.8052252212 1.0
140.0 1.00066679253 1.0
13.0 0.919217232634 1.0
125.0 0.948424899204 1.0
126.0 1.01337735008 1.0
28.0 0.987554672591 1.0
95.0 1.0010208263 1.0
66.0 0.971668163554 1.0
135.0 0.999212487254 1.0
133.0 0.999702238959 1.0
183.0 2.88615280615 1.0
178.0 2.58788508615 1.0
134.0 1.03713915153 1.0
46.0 1.02376079796 1.0
132.0 0.999541366515 1.0
83.0 1.02799421378 1.0
167.0 -11.0231237705 1.0
128.0 0.972697564114 1.0
109.0 0.956891414486 1.0
94.0 0.978197717806 1.0
100.0 0.989815728238 1.0
129.0 1.01026114708 1.0
68.0 0.999049272788 1.0
155.0 1.01196208566 1.0
object 2	1.0:1.0
60.0 0.990363562817 1.0
64.0 1.00274927051 1.0
180.0 0.021787916325 1.0
96.0 0.98630598561 1.0
149.0 0.993001533367 1.0
150.0 1.06859303207 1.0
128.0 0.962875990438 1.0
31.0 0.980233923511 1.0
12.0 1.01772400395 1.0
82.0 1.0393584723 1.0
10.0 0.940981173054 1.0
83.0 1.03191037356 1.0
32.0 1.01518544837 1.0
56.0 1.00478109403 1.0
118.0 0.98799102659 1.0
53.0 0.997750960761 1.0
1.0 0.972966805252 1.0
28.0 0.999773127973 1.0
133.0 1.0097378627 1.0
45.0 0.977218755996 1.0
169.0 -6.51060118287 1.0
73.0 0.954329430442 1.0
37.0 0.993928387078 1.0
39.0 1.04990140356 1.0
130.0 1.0218069615 1.0
object 3	1.0:1.0
67.0 0.992129331525 1.0
156.0 0.968673745888 1.0
58.0 1.01105350199 1.0
32.0 1.03203849573 1.0
94.0 0.957161272829 1.0
144.0 1.01946088652 1.0
91.0 0.990044384434 1.0
7.0 1.04131561236 1.0
40.0 1.00136684385 1.0
172.0 3.78778028929 1.0
159.0 1.01615563587 1.0
143.0 0.958368129996 1.0
33.0 1.05714454874 1.0
97.0 1.07032054549 1.0
187.0 1.46457202155 1.0
195.0 4.02467403721 1.0
174.0 -0.718680541067 1.0
49.0 1.07613069464 1.0
153.0 1.00836448357 1.0
84.0 1.00107641394 1.0
31.0 1.036202608 1.0
181.0 6.02188369964 1.0
101.0 1.02141035095 1.0
object 4	1.0:1.0
40.0 1.00229631308 1.0
38.0 1.02929518959 1.0
180.0 -0.679209606329 1.0
114.0 0.927845948627 1.0
124.0 0.979337392545 1.0
3.0 1.03992624715 1.0
44.0 0.988331458289 1.0
66.0 0.995439240425 1.0
80.0 0.99354460015 1.0
29.0 0.941297643402 1.0
46.0 1.03543666006 1.0
54.0 0.9977744248 1.0
174.0 0.251226068312 1.0
182.0 -0.0227761339897 1.0
28.0 1.02372781559 1.0
127.0 1.03510305478 1.0
11.0 1.01460703119 1.0
141.0 1.01470121166 1.0
77.0 1.00278645583 1.0
2.0 1.02985504275 1.0
45.0 0.973071495319 1.0
186.0 -10.3452411999 1.0
122.0 1.11504115817 1.0
23.0 1.042450647 1.0
136.0 1.05578329737 1.0
72.0 1.01604945145 1.0
145.0 0.988963490275 1.0
48.0 0.978351496217 1.0
33.0 1.04997765798 1.0
103.0 0.967011871959 1.0
199.0 2.65312056929 1.0
190.0 1.03564306351 1.0
71.0 0.992456199903 1.0
68.0 0.994221839535 1.0
object 5	1.0:1.0
95.0 0.990709735025 1.0
125.0 0.971852939994 1.0
182.0 3.54656461445 1.0
82.0 0.981731066309 1.0
113.0 0.939122963916 1.0
47.0 1.00271992013 1.0
86.0 0.99933183891 1.0
69.0 0.993299893375 1.0
25.0 0.994107509269 1.0
97.0 0.958984410752 1.0
13.0 1.03247198858 1.0
40.0 0.960294052642 1.0
159.0 1.05058517808 1.0
0.0 0.989383529172 1.0
183.0 -9.43914911522 1.0
138.0 1.05414601153 1.0
26.0 1.03339180878 1.0
7.0 1.0094298649 1.0
81.0 1.02156993834 1.0
55.0 0.996818201502 1.0
91.0 0.964668776054 1.0
129.0 0.985737406589 1.0
191.0 -2.95619377583 1.0
181.0 0.796835575402 1.0
140.0 0.966982780362 1.0
152.0 0.995549075215 1.0
44.0 1.00435016693 1.0
73.0 0.991051918814 1.0
23.0 0.995419484459 1.0
79.0 1.00021884766 1.0
76.0 1.01947860941 1.0
154.0 1.00189593873 1.0
117.0 0.975866390295 1.0
197.0 -0.951579108556 1.0
object 6	1.0:1.0
166.0 6.47221461407 1.0
141.0 0.986447986386 1.0
97.0 0.99110008109 1.0
15.0 1.02312905338 1.0
129.0 0.971898597521 1.0
12.0 0.997652609621 1.0
31.0 1.05798717044 1.0
198.0 -1.80012251283 1.0
186.0 4.94708197961 1.0
196.0 0.839056182111 1.0
189.0 -7.65446708751 1.0
45.0 0.929135267733 1.0
58.0 1.04251070902 1.0
111.0 1.00249739261 1.0
197.0 0.971419617426 1.0
5.0 1.00988854126 1.0
173.0 3.00998637758 1.0
29.0 0.945054681123 1.0
152.0 0.953469550477 1.0
46.0 0.956347484619 1.0
76.0 1.06457542495 1.0
115.0 1.02356548943 1.0
69.0 0.989246624216 1.0
54.0 0.995425270553 1.0
161.0 1.24505858707 1.0
object 7	1.0:1.0
170.0 3.01737959254 1.0
140.0 1.00352898876 1.0
2.0 0.978161101579 1.0
38.0 0.951141625816 1.0
145.0 0.98940630997 1.0
27.0 0.948037318962 1.0
169.0 4.34660010819 1.0
118.0 0.991653846199 1.0
188.0 8.91361974565 1.0
154.0 0.997193771308 1.0
77.0 1.01662595368 1.0
33.0 0.993413039075 1.0
152.0 0.978179513335 1.0
97.0 1.01407038902 1.0
72.0 1.04683132671 1.0
6.0 0.953643987403 1.0
75.0 0.99226115192 1.0
96.0 1.00428421312 1.0
142.0 0.997685477866 1.0
110.0 0.969666844228 1.0
184.0 -1.1102613918 1.0
139.0 1.03476520328 1.0
20.0 1.0195792448 1.0
54.0 1.0026731814 1.0
107.0 0.933362482886 1.0
62.0 1.02225736244 1.0
186.0 5.7974771666 1.0
65.0 1.04544254341 1.0
object 8	1.0:1.0
193.0 0.925459221825 1.0
88.0 0.98713077708 1.0
85.0 1.04921672538 1.0
24.0 1.0261739222 1.0
71.0 0.970447391881 1.0
75.0 1.002216282 1.0
189.0 6.64741337844 1.0
21.0 1.02657457675 1.0
68.0 1.01242155046 1.0
169.0 1.33293352885 1.0
120.0 1.01114087448 1.0
141.0 0.988485962222 1.0
65.0 0.951424052221 1.0
111.0 0.995286096244 1.0
121.0 1.02642897379 1.0
143.0 1.02207127817 1.0
195.0 1.04717730653 1.0
91.0 1.04105912912 1.0
137.0 0.991253207754 1.0
18.0 0.952188403207 1.0
67.0 1.01222822657 1.0
116.0 1.02118816916 1.0
6.0 1.01518928779 1.0
149.0 0.980216068325 1.0
object 9	1.0:1.0
108.0 0.976066332122 1.0
189.0 -0.180280609011 1.0
137.0 1.02363790428 1.0
121.0 0.997293392034 1.0
154.0 1.00530329665 1.0
125.0 1.01014196778 1.0
74.0 0.992681107152 1.0
92.0 0.995997785764 1.0
144.0 1.00076592478 1.0
158.0 0.998834159293 1.0
76.0 1.03152088116 1.0
117.0 0.970150554265 1.0
87.0 0.974041939829 1.0
195.0 -1.12033201903 1.0
175.0 1.39177646185 1.0
37.0 1.00240149744 1.0
95.0 0.98580681187 1.0
110.0 1.05299590436 1.0
41.0 1.03444329361 1.0
130.0 0.91428053898 1.0
18.0 0.943954411958 1.0
122.0 1.01075547666 1.0
30.0 1.02634376369 1.0
71.0 0.963609287676 1.0
35.0 0.980042169831 1.0
168.0 3.51963372827 1.0
31.0 1.00263787321 1.0
194.0 -3.57181297541 1.0
63.0 0.926914611183 1.0
111.0 0.976201837103 1.0
84.0 1.0588191454 1.0
149.0 0.941944226843 1.0
object 10	1.0:1.0
118.0 1.00395443547 1.0
176.0 1.03636252714 1.0
144.0 1.00737488732 1.0
175.0 6.06186199329 1.0
91.0 0.968184594891 1.0
116.0 1.02684518815 1.0
156.0 1.02205345047 1.0
142.0 1.01344650832 1.0
20.0 0.947861447201 1.0
157.0 1.05169810334 1.0
28.0 0.975072866506 1.0
148.0 1.00402944582 1.0
165.0 0.179942478463 1.0
89.0 0.977737920591 1.0
66.0 1.00546264234 1.0
99.0 1.0517662917 1.0
136.0 1.02942472453 1.0
190.0 -1.5410741488 1.0
7.0 0.992620942278 1.0
196.0 1.90919211673 1.0
78.0 0.971328357737 1.0
193.0 0.249081225019 1.0
186.0 1.99484968292 1.0
object 11	1.0:1.0
77.0 0.969581396801 1.0
57.0 0.965344324248 1.0
179.0 6.0636814471 1.0
158.0 1.05311936676 1.0
127.0 0.999988063891 1.0
160.0 -0.742993563213 1.0
118.0 0.979507821261 1.0
175.0 0.330983233031 1.0
50.0 1.04129621052 1.0
110.0 1.10587355903 1.0
3.0 1.01105936034 1.0
183.0 2.25339954065 1.0
151.0 1.02717243574 1.0
140.0 1.02371537449 1.0
72.0 1.03763569783 1.0
157.0 1.04542306411 1.0
78.0 1.02441457512 1.0
124.0 1.02427600135 1.0
37.0 1.00676566625 1.0
190.0 -2.79588883404 1.0
188.0 0.400754120997 1.0
18.0 1.02041261519 1.0
189.0 -4.27126397326 1.0
4.0 1.02553768029 1.0
73.0 1.02375502686 1.0
120.0 0.978210445344 1.0
99.0 1.01003454224 1.0
27.0 1.00619961849 1.0
87.0 0.983289679628 1.0
173.0 -1.55129618888 1.0
65.0 1.04137844117 1.0
135.0 0.988255550015 1.0
39.0 0.972018663121 1.0
81.0 1.06393234724 1.0
96.0 1.0109571253 1.0
object 12	1.0:1.0
65.0 0.959035448355 1.0
61.0 1.01249785643 1.0
131.0 0.997104499775 1.0
19.0 0.977659102781 1.0
75.0 1.00613484154 1.0
166.0 1.84111516375 1.0
82.0 0.950322985187 1.0
43.0 1.01613800936 1.0
153.0 1.03591122605 1.0
119.0 1.06471433785 1.0
14.0 0.975741424441 1.0
2.0 0.966553866975 1.0
42.0 0.965227615675 1.0
145.0 1.03511023554 1.0
127.0 1.06005782668 1.0
183.0 -2.65706005262 1.0
100.0 0.973431634649 1.0
138.0 0.987533453194 1.0
95.0 0.989232999957 1.0
85.0 1.02073184859 1.0
77.0 0.971311581766 1.0
152.0 1.07057509634 1.0
8.0 1.01300866106 1.0
125.0 1.04981244571 1.0
123.0 0.932725409475 1.0
148.0 1.04783387043 1.0
50.0 1.04881566394 1.0
196.0 4.64522828051 1.0
object 13	1.0:1.0
123.0 0.96698910351 1.0
77.0 1.00901362495 1.0
186.0 -3.03356537581 1.0
88.0 0.988124334916 1.0
111.0 0.973584356077 1.0
127.0 1.02636128286 1.0
27.0 1.06053388037 1.0
74.0 0.987538499896 1.0
195.0 2.88120157419 1.0
39.0 1.03568493606 1.0
170.0 2.41742643038 1.0
45.0 0.986003106589 1.0
62.0 0.95753568876 1.0
6.0 1.06131102383 1.0
130.0 1.04356481424 1.0
96.0 0.995267460603 1.0
17.0 0.994274666823 1.0
87.0 0.998481228609 1.0
63.0 0.993554129225 1.0
165.0 1.99107732796 1.0
14.0 0.972112611564 1.0
13.0 0.983963748884 1.0
69.0 0.991021179978 1.0
161.0 2.5735667955 1.0
20.0 1.04576895827 1.0
22.0 0.998374812803 1.0
156.0 1.06878286409 1.0
34.0 0.989465555167 1.0
180.0 -0.954613702339 1.0
55.0 1.04188996096 1.0
60.0 1.02501527848 1.0
66.0 0.980935881039 1.0
object 14	1.0:1.0
75.0 0.94982196964 1.0
34.0 0.998766206377 1.0
99.0 1.00521677653 1.0
78.0 1.01758826564 1.0
198.0 8.85655800045 1.0
51.0 0.967744874447 1.0
123.0 0.999833673348 1.0
157.0 1.03826068715 1.0
108.0 1.02065791188 1.0
94.0 0.989651089143 1.0
154.0 0.998566746691 1.0
106.0 0.978427586735 1.0
2.0 0.902654676209 1.0
190.0 5.04187006515 1.0
114.0 1.02379706627 1.0
9.0 0.985065439335 1.0
155.0 1.03239868095 1.0
7.0 1.06255434111 1.0
12.0 1.00424992762 1.0
118.0 1.00256281176 1.0
47.0 0.97403138001 1.0
85.0 1.01878618581 1.0
97.0 0.940821303334 1.0
object 15	1.0:1.0
59.0 1.04727850357 1.0
173.0 2.95528045455 1.0
82.0 0.991823443456 1.0
140.0 1.02989750105 1.0
105.0 1.00453037122 1.0
79.0 1.02540166833 1.0
151.0 1.02629184768 1.0
177.0 0.127006814024 1.0
152.0 0.991030296211 1.0
17.0 0.98397853945 1.0
45.0 1.04310707629 1.0
56.0 0.941838789938 1.0
5.0 0.998423846428 1.0
139.0 0.995005378749 1.0
22.0 1.00184275178 1.0
102.0 0.941790207526 1.0
13.0 0.994421834346 1.0
16.0 1.01569647467 1.0
118.0 1.03377742394 1.0
19.0 1.032566439 1.0
23.0 0.975054906363 1.0
121.0 1.03311668263 1.0
96.0 1.00259131175 1.0
148.0 1.05593122742 1.0
64.0 1.00599198612 1.0
180.0 1.95432653872 1.0
156.0 0.994488214605 1.0
81.0 0.964611313073 1.0
192.0 -2.67862586573 1.0
70.0 0.988097982662 1.0
4.0 0.997374529623 1.0
83.0 0.945279213445 1.0
91.0 1.02731204446 1.0
object 16	1.0:1.0
130.0 1.05561640376 1.0
40.0 0.987372276278 1.0
59.0 0.965127309037 1.0
39.0 1.00297617563 1.0
129.0 1.00395014526 1.0
146.0 0.969716077674 1.0
131.0 0.999394753318 1.0
35.0 1.00848253688 1.0
114.0 1.0788590054 1.0
21.0 1.00056640607 1.0
2.0 0.964167883711 1.0
98.0 0.991814371645 1.0
156.0 1.02103444873 1.0
100.0 0.992554225686 1.0
141.0 0.990289873586 1.0
128.0 1.02693751673 1.0
71.0 1.05464083753 1.0
111.0 1.02993363665 1.0
23.0 0.972297135098 1.0
87.0 0.975992340182 1.0
17.0 1.02374786086 1.0
33.0 0.981858317522 1.0
82.0 1.01177851898 1.0
81.0 1.00914857541 1.0
159.0 1.02511346208 1.0
13.0 0.999257306271 1.0
162.0 2.93604239986 1.0
158.0 0.989268737422 1.0
object 17	1.0:1.0
198.0 9.36347648754 1.0
24.0 1.01827411601 1.0
9.0 1.02441935749 1.0
84.0 0.968959058012 1.0
145.0 0.984047477373 1.0
105.0 1.02688693902 1.0
191.0 -5.51955868504 1.0
156.0 0.931305297902 1.0
101.0 0.954983896894 1.0
154.0 0.998581055959 1.0
162.0 2.50925583783 1.0
170.0 -0.312553909014 1.0
186.0 5.79608309974 1.0
118.0 1.01127913471 1.0
199.0 -0.366159874851 1.0
131.0 1.00287659231 1.0
150.0 0.99739901834 1.0
167.0 -0.992937076374 1.0
113.0 1.04511310883 1.0
72.0 1.00631895481 1.0
45.0 0.981984763608 1.0
153.0 1.01436280773 1.0
77.0 1.01758550446 1.0
95.0 1.00058730378 1.0
3.0 0.993774815627 1.0
188.0 -4.50235692117 1.0
128.0 0.97128467014 1.0
155.0 1.00850076604 1.0
60.0 0.979768948695 1.0
130.0 1.05590381909 1.0
object 18	1.0:1.0
94.0 0.944448853133 1.0
96.0 1.02409107153 1.0
65.0 1.04497900953 1.0
165.0 -3.72831743222 1.0
27.0 0.975782081818 1.0
120.0 1.01573479951 1.0
117.0 1.02532206631 1.0
26.0 0.989620974995 1.0
146.0 1.024125923 1.0
149.0 0.953102087292 1.0
113.0 0.961228339288 1.0
70.0 1.00501441285 1.0
67.0 1.01428105379 1.0
47.0 0.945345353984 1.0
105.0 0.943285741127 1.0
131.0 0.987488868306 1.0
191.0 4.39395692246 1.0
144.0 1.02396999972 1.0
88.0 1.03566570987 1.0
40.0 0.990483122319 1.0
29.0 0.930297446257 1.0
52.0 0.97661764358 1.0
114.0 1.02523607203 1.0
33.0 0.934262400751 1.0
172.0 3.36704956728 1.0
118.0 0.991110961056 1.0
138.0 1.02175767919 1.0
169.0 0.19357556384 1.0
2.0 1.01936816026 1.0
25.0 1.00716803429 1.0
object 19	1.0:1.0
177.0 1.86314376391 1.0
74.0 1.02396848594 1.0
97.0 1.01475628668 1.0
153.0 0.984340512055 1.0
148.0 1.00162659191 1.0
34.0 0.997311377534 1.0
109.0 1.02582277264 1.0
132.0 0.993107629864 1.0
187.0 2.42775321735 1.0
121.0 0.938366799825 1.0
93.0 1.00405618413 1.0
0.0 1.01881882711 1.0
160.0 1.59296161356 1.0
127.0 1.0595048603 1.0
135.0 1.05754238931 1.0
71.0 0.957984081354 1.0
39.0 0.985163547968 1.0
162.0 -7.54710967395 1.0
70.0 0.999104934724 1.0
56.0 0.960256518779 1.0
165.0 -6.03395772602 1.0
141.0 0.985415365432 1.0
28.0 1.00283767702 1.0
128.0 0.997887067653 1.0
123.0 1.01370247819 1.0
114.0 1.01393935961 1.0
150.0 1.0167992478 1.0
149.0 1.00949871601 1.0
79.0 0.998501529764 1.0
60.0 0.978085629621 1.0
64.0 0.983052731199 1.0
31.0 1.0014019429 1.0
158.0 0.991297714791 1.0
145.0 1.05371318401 1.0
object 20	1.0:1.0
127.0 1.00271226905 1.0
141.0 1.01503369726 1.0
39.0 1.0663197524 1.0
96.0 0.97375829722 1.0
159.0 0.956366825228 1.0
48.0 0.959040256061 1.0
74.0 0.955651840984 1.0
8.0 0.997435971379 1.0
42.0 0.99147702744 1.0
52.0 0.958294787492 1.0
61.0 1.02311324634 1.0
24.0 0.943369604819 1.0
145.0 0.958947917551 1.0
194.0 -1.4962228123 1.0
32.0 1.01609745681 1.0
113.0 1.05320471872 1.0
198.0 3.03413120524 1.0
138.0 0.962717210559 1.0
object 21	1.0:1.0
166.0 -2.06420573235 1.0
128.0 0.989761587194 1.0
81.0 0.910343942747 1.0
150.0 1.00603717552 1.0
140.0 0.958941465708 1.0
162.0 2.28274962278 1.0
57.0 0.981283989738 1.0
138.0 0.949782069256 1.0
60.0 0.986213482764 1.0
47.0 1.02092443653 1.0
141.0 1.00441843652 1.0
62.0 1.02246586348 1.0
30.0 0.973944488752 1.0
19.0 1.01164934608 1.0
12.0 0.995039418753 1.0
171.0 -0.22214232739 1.0
89.0 0.986412480693 1.0
110.0 0.992223599656 1.0
145.0 1.07026255731 1.0
33.0 0.995842122156 1.0
38.0 1.05819519683 1.0
130.0 0.955903116111 1.0
144.0 1.03219432221 1.0
156.0 0.996907744136 1.0
170.0 -0.868312382166 1.0
18.0 0.983216301488 1.0
133.0 1.01838482756 1.0
26.0 1.00150092182 1.0
56.0 0.855280957455 1.0
139.0 0.988263549024 1.0
object 22	1.0:1.0
124.0 0.999864546975 1.0
170.0 0.991886957529 1.0
193.0 0.273827390622 1.0
2.0 1.03402673531 1.0
8.0 1.0023633094 1.0
83.0 0.935168193128 1.0
141.0 0.997083301129 1.0
135.0 0.99768470889 1.0
153.0 0.982974977108 1.0
76.0 1.02264440055 1.0
57.0 0.939512534421 1.0
54.0 1.0278655669 1.0
161.0 4.32126358071 1.0
72.0 0.980892642313 1.0
93.0 0.977029205469 1.0
167.0 2.37791391356 1.0
17.0 1.02353382314 1.0
35.0 1.00001537756 1.0
162.0 -3.29832647279 1.0
85.0 0.964387125369 1.0
121.0 1.02319480989 1.0
155.0 0.916368257362 1.0
133.0 0.999846403079 1.0
84.0 1.02229636709 1.0
58.0 0.971957832207 1.0
190.0 3.90787453055 1.0
163.0 1.13220633829 1.0
100.0 0.982704431802 1.0
52.0 1.00762883901 1.0
29.0 0.96409060017 1.0
0.0 0.962464068095 1.0
10.0 0.94616311405 1.0
154.0 1.01944171425 1.0
object 23	1.0:1.0
26.0 1.04806557133 1.0
197.0 4.53523272723 1.0
115.0 1.03528500812 1.0
4.0 1.03952925229 1.0
135.0 1.05535859267 1.0
36.0 1.07351156857 1.0
80.0 1.01666778519 1.0
120.0 0.982193956662 1.0
77.0 0.989808202801 1.0
5.0 0.999503577398 1.0
90.0 0.96848542389 1.0
154.0 0.995782874117 1.0
103.0 0.933163228634 1.0
42.0 0.985477930103 1.0
113.0 1.04958227502 1.0
25.0 0.999796363058 1.0
0.0 1.01591608965 1.0
49.0 0.986176115496 1.0
193.0 0.638593445039 1.0
50.0 1.04117829048 1.0
119.0 0.988722201109 1.0
194.0 4.36909460946 1.0
152.0 0.998869925548 1.0
102.0 1.10050194459 1.0
56.0 0.955468931896 1.0
object 24	1.0:1.0
145.0 1.05259908379 1.0
131.0 0.985094760679 1.0
106.0 1.03905332829 1.0
30.0 1.02890485076 1.0
198.0 7.40868529711 1.0
149.0 1.00510957307 1.0
15.0 0.974803587632 1.0
114.0 1.07492465089 1.0
20.0 1.01599631277 1.0
78.0 0.968902373368 1.0
72.0 0.983412695935 1.0
119.0 1.00317716152 1.0
34.0 1.03413347892 1.0
118.0 0.969587732664 1.0
100.0 0.991896913697 1.0
132.0 0.988007499853 1.0
169.0 1.26211709865 1.0
94.0 1.02504382148 1.0
165.0 2.05486441724 1.0
56.0 1.05794286018 1.0
11.0 1.03748120536 1.0
126.0 1.00614836564 1.0
105.0 0.964220048717 1.0
95.0 0.973815980871 1.0
44.0 1.00260496371 1.0
75.0 1.01057294488 1.0
127.0 1.01956239817 1.0
147.0 1.00166003852 1.0
object 25	1.0:1.0
190.0 2.73230550477 1.0
75.0 1.0012749137 1.0
92.0 0.983431882813 1.0
78.0 0.999863371266 1.0
198.0 -4.17300010759 1.0
154.0 0.99544671355 1.0
182.0 0.023404925014 1.0
2.0 0.968218766718 1.0
125.0 1.06628571745 1.0
160.0 2.37833615047 1.0
150.0 1.02813328863 1.0
70.0 0.983988239017 1.0
91.0 0.958296952917 1.0
97.0 1.01120895154 1.0
54.0 0.980869337859 1.0
39.0 1.02403675426 1.0
143.0 0.995478794199 1.0
81.0 0.954163599373 1.0
7.0 1.00295196064 1.0
164.0 -6.39051928876 1.0
135.0 1.08433979146 1.0
6.0 1.01224721636 1.0
24.0 1.01509314918 1.0
136.0 1.05128363943 1.0
3.0 0.955326314183 1.0
172.0 3.12914547772 1.0
69.0 1.00538455019 1.0
74.0 0.899055917557 1.0
15.0 1.09065036718 1.0
122.0 1.01799565896 1.0
87.0 0.995004219573 1.0
object 26	1.0:1.0
191.0 1.10495350094 1.0
184.0 1.82288916554 1.0
11.0 1.01965238682 1.0
136.0 1.08080893278 1.0
47.0 0.976088626859 1.0
12.0 1.00126482493 1.0
29.0 0.93353672016 1.0
124.0 0.948799735931 1.0
192.0 8.40016585804 1.0
25.0 1.01796289355 1.0
165.0 2.99146611026 1.0
118.0 0.993519523979 1.0
53.0 1.05302359139 1.0
173.0 3.55461471842 1.0
152.0 0.98226012293 1.0
88.0 1.03272597724 1.0
137.0 0.996177486361 1.0
132.0 0.991134260779 1.0
76.0 0.997802651849 1.0
157.0 0.974041671923 1.0
95.0 1.06413713018 1.0
181.0 3.64317654055 1.0
123.0 0.979939216592 1.0
62.0 0.92980569134 1.0
object 27	1.0:1.0
153.0 1.05751798588 1.0
70.0 1.01278802846 1.0
120.0 0.964631406616 1.0
185.0 5.65170467188 1.0
91.0 0.998238880416 1.0
37.0 0.97882612047 1.0
149.0 1.06428412782 1.0
122.0 0.977025419084 1.0
22.0 1.01148003063 1.0
33.0 0.99053121955 1.0
57.0 1.01372911079 1.0
9.0 0.972998650481 1.0
41.0 0.990743099929 1.0
146.0 0.953891411464 1.0
21.0 1.00827670414 1.0
197.0 -0.565018245518 1.0
18.0 0.952909247618 1.0
38.0 0.935672710198 1.0
82.0 0.940192793966 1.0
116.0 1.00925503886 1.0
127.0 0.984042391304 1.0
35.0 1.00244565753 1.0
58.0 1.0156850007 1.0
161.0 1.10516448933 1.0
192.0 -3.1550591034 1.0
40.0 1.00439368608 1.0
19.0 1.04505486193 1.0
169.0 -3.05262940493 1.0
187.0 1.94267780091 1.0
166.0 8.89313019104 1.0
object 28	1.0:1.0
51.0 1.00572056425 1.0
197.0 -0.669595671356 1.0
191.0 0.868640528278 1.0
60.0 0.969246522648 1.0
150.0 1.0261269264 1.0
72.0 1.01715575311 1.0
170.0 2.09409686926 1.0
143.0 0.939133897472 1.0
136.0 0.958945303361 1.0
129.0 1.00702787963 1.0
142.0 0.990033198845 1.0
24.0 0.973247872489 1.0
188.0 5.43068504844 1.0
28.0 1.00251114784 1.0
30.0 1.04572047432 1.0
113.0 0.986244755008 1.0
183.0 5.80078423944 1.0
86.0 1.00730106494 1.0
92.0 0.959772799374 1.0
43.0 0.994439648264 1.0
154.0 1.00480119831 1.0
73.0 0.964999406492 1.0
85.0 1.01053023996 1.0
31.0 0.99439715 1.0
67.0 0.997782675069 1.0
88.0 0.983521392192 1.0
96.0 1.01027567987 1.0
object 29	1.0:1.0
117.0 0.999862690695 1.0
113.0 0.991602374568 1.0
105.0 1.04093447144 1.0
106.0 0.996728564661 1.0
125.0 1.00553054382 1.0
35.0 1.0260581678 1.0
9.0 0.994687263619 1.0
179.0 3.08991343593 1.0
26.0 1.02221951183 1.0
168.0 8.14052559005 1.0
139.0 0.96853315946 1.0
94.0 0.99500424226 1.0
102.0 0.997314820725 1.0
75.0 0.98610458769 1.0
51.0 0.983888614893 1.0
8.0 1.00884604104 1.0
170.0 0.251315281781 1.0
116.0 0.990963436757 1.0
42.0 1.01956089635 1.0
167.0 2.7097817634 1.0
17.0 1.00398113472 1.0
74.0 1.01635752877 1.0
91.0 0.993924124221 1.0
58.0 1.03946521399 1.0
144.0 0.988931689333 1.0
190.0 -2.94751312359 1.0
37.0 1.00665992733 1.0
103.0 0.990011382584 1.0
123.0 0.954853382755 1.0
189.0 4.32228090512 1.0
27.0 0.891171564958 1.0
82.0 0.99714574041 1.0
155.0 0.916304582101 1.0
72.0 0.988357172342 1.0
197.0 1.69536890762 1.0
93.0 1.00410467349 1.0
object 30	1.0:1.0
65.0 1.00825514126 1.0
178.0 -2.51251363336 1.0
159.0 0.969458439289 1.0
78.0 1.01532566613 1.0
96.0 1.01344663587 1.0
124.0 0.978587894762 1.0
148.0 0.997280879185 1.0
183.0 -3.17196834763 1.0
139.0 0.979424276754 1.0
129.0 1.00424610847 1.0
57.0 1.04346775952 1.0
24.0 0.985108698336 1.0
118.0 1.09048930259 1.0
147.0 0.980360911644 1.0
132.0 0.990083270919 1.0
112.0 0.977658941745 1.0
104.0 0.967765153773 1.0
31.0 0.977684723837 1.0
113.0 0.98679224488 1.0
144.0 0.996258854579 1.0
0.0 0.975052984392 1.0
102.0 1.01657372257 1.0
9.0 0.984556122309 1.0
98.0 1.0241636152 1.0
86.0 0.989796208201 1.0
157.0 1.02880390188 1.0
20.0 0.910656088527 1.0
68.0 0.992201227126 1.0
43.0 1.01084014845 1.0
object 31	1.0:1.0
36.0 0.992624300517 1.0
177.0 8.56458480858 1.0
183.0 11.8797684018 1.0
179.0 -1.97472066226 1.0
124.0 1.00286068772 1.0
22.0 0.975527551405 1.0
166.0 2.15457217393 1.0
98.0 0.997628326669 1.0
118.0 0.990959053447 1.0
77.0 1.00320997826 1.0
160.0 -0.279141672035 1.0
115.0 0.988599992552 1.0
70.0 0.967325828681 1.0
178.0 0.0236717866712 1.0
131.0 0.979178469627 1.0
150.0 1.00617369479 1.0
63.0 1.07744933496 1.0
113.0 0.989595905448 1.0
48.0 1.0056061908 1.0
51.0 0.992363550503 1.0
47.0 1.03288146121 1.0
85.0 1.01359828162 1.0
3.0 1.0522807502 1.0
19.0 0.992281827598 1.0
158.0 0.992676558881 1.0
175.0 -4.34091000867 1.0
57.0 1.00179198958 1.0
164.0 -3.02026908482 1.0
101.0 1.0274128344 1.0
object 32	1.0:1.0
31.0 1.0192506187 1.0
48.0 0.901087045997 1.0
141.0 0.997791111931 1.0
19.0 0.955117226352 1.0
144.0 1.00214341281 1.0
80.0 0.983096017117 1.0
36.0 0.999207594108 1.0
112.0 0.97832532327 1.0
105.0 0.968730578753 1.0
3.0 1.03738811334 1.0
1.0 1.02657185296 1.0
50.0 1.01698349418 1.0
147.0 1.00868772486 1.0
46.0 0.990839515712 1.0
133.0 0.998777575844 1.0
0.0 1.04815891334 1.0
94.0 0.953663721103 1.0
52.0 1.03964438529 1.0
99.0 1.06034268784 1.0
124.0 0.975542066693 1.0
136.0 1.07723008263 1.0
54.0 0.993946208489 1.0
103.0 0.980938917061 1.0
15.0 1.00878519827 1.0
55.0 0.943984389639 1.0
82.0 1.02541793916 1.0
object 33	1.0:1.0
56.0 1.01212739953 1.0
175.0 -1.07876272583 1.0
97.0 1.04095097275 1.0
139.0 0.994378817975 1.0
2.0 1.04261289154 1.0
47.0 1.00478715398 1.0
46.0 1.02363206575 1.0
19.0 0.976204513302 1.0
38.0 1.05811105524 1.0
9.0 1.04187800621 1.0
145.0 0.972751022379 1.0
162.0 -6.60083805782 1.0
54.0 0.996028523642 1.0
155.0 1.03194779255 1.0
197.0 4.27598070048 1.0
171.0 3.90207467826 1.0
21.0 0.983039959599 1.0
121.0 0.985580495035 1.0
154.0 1.00279466423 1.0
50.0 0.930204515281 1.0
183.0 3.50790973086 1.0
186.0 2.1878332543 1.0
65.0 0.98432877677 1.0
127.0 0.992575945893 1.0
149.0 0.967307442031 1.0
64.0 1.0270563577 1.0
160.0 0.28569155446 1.0
4.0 1.02929107106 1.0
80.0 0.957007074784 1.0
22.0 1.00897918614 1.0
108.0 1.00183894701 1.0
111.0 0.958461831362 1.0
153.0 0.977077603233 1.0
object 34	1.0:1.0
10.0 1.0322381915 1.0
109.0 0.98088657287 1.0
68.0 1.02443600689 1.0
140.0 1.01289607865 1.0
103.0 0.97231673477 1.0
60.0 1.05502657075 1.0
135.0 0.923056267627 1.0
131.0 0.990448931542 1.0
55.0 0.972415624208 1.0
106.0 1.02904810609 1.0
97.0 0.999552100953 1.0
128.0 0.993452970431 1.0
89.0 0.988619693157 1.0
127.0 1.03154844687 1.0
6.0 0.989461177031 1.0
13.0 1.04761138956 1.0
86.0 0.995418534277 1.0
65.0 0.99024248875 1.0
145.0 0.877823273905 1.0
165.0 0.710037522678 1.0
31.0 0.955049973215 1.0
69.0 0.99535845721 1.0
66.0 1.00648253047 1.0
95.0 1.02077204585 1.0
object 35	1.0:1.0
20.0 0.957084640987 1.0
132.0 1.00842964892 1.0
179.0 5.99539741173 1.0
3.0 1.01465277067 1.0
124.0 0.954510057867 1.0
109.0 1.00591249621 1.0
169.0 -2.71596484018 1.0
197.0 -0.194666529072 1.0
17.0 0.968957084624 1.0
161.0 2.28305682099 1.0
133.0 0.984911630885 1.0
31.0 0.981651620943 1.0
155.0 1.05143576873 1.0
188.0 2.99873690875 1.0
137.0 1.11081641492 1.0
80.0 1.01058265824 1.0
186.0 1.03294209924 1.0
190.0 -1.64292758712 1.0
22.0 1.03717973248 1.0
184.0 0.911611460015 1.0
75.0 1.01048144631 1.0
150.0 0.97374438675 1.0
12.0 1.01700256033 1.0
180.0 1.7938718986 1.0
30.0 1.03279833053 1.0
119.0 0.98046379025 1.0
82.0 1.00902009406 1.0
24.0 0.925170066107 1.0
59.0 0.958891370078 1.0
object 36	1.0:1.0
176.0 2.64075694829 1.0
53.0 0.9762886093 1.0
82.0 1.01397246352 1.0
90.0 0.992345013277 1.0
62.0 0.993499172154 1.0
107.0 0.954607270708 1.0
113.0 0.981926944419 1.0
75.0 1.00189412172 1.0
55.0 0.991542414278 1.0
54.0 0.993556557717 1.0
105.0 0.943137397023 1.0
64.0 0.995306175642 1.0
9.0 0.954654694885 1.0
177.0 -1.00724952636 1.0
198.0 1.80491602645 1.0
153.0 1.00390056467 1.0
85.0 1.02582402285 1.0
23.0 0.971958371935 1.0
35.0 1.00107211227 1.0
114.0 0.948951079609 1.0
141.0 0.992835616909 1.0
36.0 1.0181616731 1.0
26.0 1.05722765018 1.0
12.0 1.00955458063 1.0
151.0 0.946479495865 1.0
100.0 0.984437204562 1.0
18.0 1.01023611433 1.0
63.0 0.972702469378 1.0
102.0 1.00574420048 1.0
156.0 0.97532605543 1.0
41.0 0.995100467257 1.0
196.0 -3.09138643962 1.0
184.0 1.14807620607 1.0
object 37	1.0:1.0
190.0 -4.49139998891 1.0
164.0 3.75991991801 1.0
106.0 0.994794899238 1.0
105.0 0.871763177654 1.0
24.0 0.990831049546 1.0
192.0 2.39904111901 1.0
155.0 0.98117372618 1.0
63.0 1.01398168513 1.0
45.0 0.980132668497 1.0
52.0 1.03208015896 1.0
0.0 1.01247649626 1.0
32.0 0.99026758429 1.0
49.0 0.991250653614 1.0
78.0 0.997117878588 1.0
191.0 8.00730104821 1.0
193.0 -0.0300454370345 1.0
121.0 0.964624484362 1.0
37.0 0.982487789632 1.0
180.0 -2.13867373487 1.0
102.0 0.980863562487 1.0
187.0 -0.663035847218 1.0
163.0 -0.671389912518 1.0
93.0 0.998622296752 1.0
44.0 0.993007843031 1.0
object 38	1.0:1.0
129.0 1.01352105377 1.0
38.0 0.960395343267 1.0
1.0 1.00371570389 1.0
20.0 1.04501667431 1.0
80.0 1.01986879813 1.0
183.0 4.78874371987 1.0
149.0 1.05367935158 1.0
86.0 1.00643532615 1.0
95.0 1.05309041116 1.0
118.0 1.04832542513 1.0
85.0 0.974553052913 1.0
91.0 0.999268608059 1.0
144.0 0.978073047547 1.0
162.0 4.45022541982 1.0
163.0 -2.71352021824 1.0
61.0 0.98293347864 1.0
175.0 3.5214958345 1.0
8.0 1.00813890366 1.0
68.0 1.01737197391 1.0
134.0 0.996725853763 1.0
178.0 0.407190751626 1.0
57.0 1.00517195598 1.0
146.0 1.03030552111 1.0
179.0 1.10861140161 1.0
104.0 1.00524708404 1.0
49.0 0.966931987337 1.0
161.0 1.02812732835 1.0
188.0 -4.10796275616 1.0
99.0 1.03136107284 1.0
37.0 1.00403890676 1.0
24.0 1.00017703341 1.0
87.0 0.961445854313 1.0
184.0 0.228100285116 1.0
119.0 1.05191035805 1.0
42.0 0.981818480197 1.0
153.0 0.968418183675 1.0
78.0 0.939625092533 1.0
object 39	1.0:1.0
21.0 1.04568996817 1.0
179.0 0.362203293881 1.0
92.0 0.97036164771 1.0
173.0 1.40459016806 1.0
53.0 1.00526525488 1.0
190.0 2.75249498404 1.0
189.0 2.31256334633 1.0
64.0 0.981299846272 1.0
169.0 -0.0959011306539 1.0
17.0 1.02769101293 1.0
45.0 1.0298490674 1.0
136.0 0.99685120175 1.0
178.0 5.98456101056 1.0
194.0 -2.54636106457 1.0
82.0 0.983793093922 1.0
2.0 0.948377148827 1.0
122.0 0.943809840064 1.0
87.0 0.97468240367 1.0
111.0 1.04737223735 1.0
19.0 1.00007236502 1.0
175.0 1.95289639381 1.0
139.0 1.01451322834 1.0
55.0 1.01400318132 1.0
172.0 3.38512355637 1.0
63.0 1.02499188417 1.0
140.0 1.00259445151 1.0
33.0 0.988641780475 1.0
43.0 1.03507217948 1.0
85.0 0.997183144812 1.0
9.0 1.03609445426 1.0
8.0 0.998515371356 1.0
12.0 0.998177575959 1.0
object 40	1.0:1.0
78.0 0.956620343235 1.0
67.0 1.03975208385 1.0
136.0 1.04396745478 1.0
25.0 1.01537238154 1.0
24.0 1.04892467473 1.0
196.0 -2.13028180084 1.0
60.0 1.00737611289 1.0
140.0 1.02140162423 1.0
129.0 0.978540672515 1.0
168.0 -2.9172403465 1.0
37.0 1.00829905559 1.0
85.0 1.01537438938 1.0
156.0 0.941508150262 1.0
190.0 -2.71847722058 1.0
147.0 1.00850792791 1.0
69.0 0.967683657494 1.0
58.0 0.991369067145 1.0
13.0 1.01677587283 1.0
130.0 1.00948154756 1.0
175.0 6.96063127803 1.0
96.0 0.994166453547 1.0
39.0 0.98214339514 1.0
70.0 1.01173695794 1.0
87.0 1.02544539073 1.0
object 41	1.0:1.0
76.0 0.977567964389 1.0
197.0 -3.8510606294 1.0
29.0 0.906699034357 1.0
162.0 -4.096830147 1.0
138.0 0.928322862538 1.0
149.0 0.975083632445 1.0
23.0 1.02250562813 1.0
105.0 1.07840282271 1.0
114.0 1.03090232777 1.0
38.0 0.989572926776 1.0
49.0 0.983978739217 1.0
128.0 1.02289341944 1.0
85.0 1.06612232811 1.0
36.0 0.98641774108 1.0
72.0 1.02556829336 1.0
106.0 0.985820324328 1.0
186.0 6.98207283169 1.0
109.0 0.971148817904 1.0
83.0 1.01449877976 1.0
178.0 5.6448328666 1.0
17.0 1.00723686266 1.0
152.0 1.00166026511 1.0
53.0 1.02236308681 1.0
161.0 -3.87555253924 1.0
104.0 0.949746465785 1.0
30.0 1.10108309311 1.0
150.0 1.01018687155 1.0
39.0 1.01293033403 1.0
13.0 0.976090782234 1.0
27.0 0.996121662427 1.0
198.0 1.03138251173 1.0
object 42	1.0:1.0
150.0 0.994879502783 1.0
17.0 0.963826241954 1.0
186.0 -4.42585743083 1.0
56.0 1.03495864233 1.0
72.0 0.996595534593 1.0
174.0 4.78829035205 1.0
152.0 0.956982953301 1.0
59.0 1.00983292962 1.0
70.0 0.991698340847 1.0
104.0 0.965024884822 1.0
183.0 -1.77412099761 1.0
175.0 5.63539537638 1.0
171.0 1.39584009515 1.0
36.0 0.94452381633 1.0
143.0 1.00352464 1.0
120.0 0.952041381467 1.0
84.0 0.934973344516 1.0
64.0 1.01216613379 1.0
157.0 0.972760945452 1.0
32.0 1.02111331504 1.0
25.0 0.994019660562 1.0
160.0 1.19512365962 1.0
49.0 1.00754388928 1.0
103.0 1.04883974743 1.0
53.0 0.946726700495 1.0
178.0 1.41630826319 1.0
98.0 0.94152369072 1.0
58.0 1.01656025266 1.0
60.0 0.96545536912 1.0
165.0 2.96084092853 1.0
197.0 -3.3513898732 1.0
114.0 1.02154776072 1.0
193.0 1.38816987566 1.0
137.0 1.02771971508 1.0
119.0 0.980848558384 1.0
object 43	1.0:1.0
199.0 1.96900247106 1.0
191.0 1.33612993801 1.0
141.0 1.01079235861 1.0
48.0 1.07683224842 1.0
28.0 1.01201555582 1.0
26.0 0.956425863255 1.0
189.0 0.856158414269 1.0
98.0 0.960919196471 1.0
18.0 1.02744458292 1.0
45.0 1.04862318611 1.0
91.0 1.017004455 1.0
154.0 1.02248595953 1.0
148.0 1.0167445697 1.0
146.0 1.02030048487 1.0
81.0 1.02146554479 1.0
92.0 0.984296327243 1.0
44.0 0.998598715998 1.0
179.0 -0.765797812855 1.0
64.0 1.0013507795 1.0
62.0 0.917639453986 1.0
151.0 1.07572219044 1.0
63.0 1.00158553951 1.0
188.0 0.0676748331451 1.0
135.0 1.01577752395 1.0
173.0 -1.94817911512 1.0
121.0 1.04026403115 1.0
22.0 1.01808853108 1.0
159.0 1.11703719796 1.0
168.0 4.15465897145 1.0
object 44	1.0:1.0
144.0 0.990081865126 1.0
24.0 1.01138312415 1.0
195.0 2.05492782095 1.0
69.0 0.971512062251 1.0
49.0 0.971097798825 1.0
120.0 1.01445904546 1.0
182.0 2.1433918626 1.0
135.0 0.979508935111 1.0
13.0 0.979045087772 1.0
93.0 1.00649942958 1.0
86.0 1.00799022221 1.0
103.0 0.946589519973 1.0
2.0 0.96754596878 1.0
30.0 1.00411036136 1.0
191.0 -8.47110352156 1.0
112.0 0.997660615594 1.0
105.0 0.967120874806 1.0
20.0 1.00674208992 1.0
123.0 1.0031023799 1.0
7.0 1.00204487612 1.0
113.0 0.970163306698 1.0
169.0 -1.3586495473 1.0
27.0 1.01428337723 1.0
37.0 1.00013043841 1.0
object 45	1.0:1.0
120.0 1.04359741307 1.0
23.0 1.00860846539 1.0
136.0 0.951155238563 1.0
40.0 1.01692011181 1.0
91.0 0.987610715532 1.0
172.0 3.45702335951 1.0
148.0 1.02358607925 1.0
145.0 0.988247736095 1.0
90.0 0.954786142871 1.0
191.0 -2.12777088085 1.0
84.0 0.996731131057 1.0
187.0 1.69162259249 1.0
152.0 0.994406461402 1.0
137.0 0.926923756752 1.0
175.0 0.6812876722 1.0
184.0 0.947634272276 1.0
67.0 0.966072198229 1.0
124.0 1.02217068957 1.0
36.0 0.974299008371 1.0
76.0 1.03069571604 1.0
61.0 0.993322725889 1.0
141.0 0.997382438521 1.0
78.0 0.965481832433 1.0
98.0 0.927967280887 1.0
186.0 -0.489238785148 1.0
83.0 1.0653389807 1.0
99.0 0.996827410891 1.0
9.0 0.991035124291 1.0
object 46	1.0:1.0
180.0 -0.700461642357 1.0
10.0 1.05324031074 1.0
127.0 1.04133328302 1.0
186.0 3.28446493737 1.0
76.0 1.018593597 1.0
25.0 0.988997718135 1.0
91.0 1.02619409264 1.0
145.0 1.03869314573 1.0
48.0 1.06966522447 1.0
19.0 1.035207248 1.0
104.0 0.96948665972 1.0
16.0 1.01310194529 1.0
138.0 1.01823014832 1.0
159.0 0.95915260521 1.0
81.0 1.03798547774 1.0
64.0 0.986463809668 1.0
67.0 0.978160515467 1.0
4.0 1.02458273587 1.0
66.0 1.00973786226 1.0
173.0 1.74079642723 1.0
168.0 4.55863015004 1.0
199.0 0.90554389496 1.0
92.0 0.997753020673 1.0
object 47	1.0:1.0
194.0 0.820619046139 1.0
144.0 1.01736766924 1.0
199.0 -0.333901426532 1.0
198.0 -1.78813939039 1.0
140.0 1.00809635364 1.0
86.0 0.982953386405 1.0
132.0 1.01656903851 1.0
29.0 1.01806106881 1.0
28.0 0.988874646082 1.0
137.0 0.943074776342 1.0
38.0 0.950379806593 1.0
35.0 1.00628261848 1.0
55.0 1.00809860647 1.0
188.0 5.18378857938 1.0
4.0 1.0301899215 1.0
48.0 1.10137615047 1.0
0.0 0.996734221656 1.0
17.0 1.01777081564 1.0
139.0 1.01976026074 1.0
20.0 0.98915430826 1.0
158.0 1.01730614692 1.0
14.0 0.98652698418 1.0
53.0 1.018111394 1.0
15.0 1.06065234467 1.0
5.0 0.990139256313 1.0
82.0 1.01651235036 1.0
113.0 0.990948614406 1.0
69.0 0.985648516259 1.0
65.0 0.966046040132 1.0
71.0 1.02659732485 1.0
155.0 0.998145787857 1.0
126.0 1.0073314987 1.0
76.0 0.971675027635 1.0
146.0 0.960439620255 1.0
46.0 1.02827662391 1.0
98.0 1.00291612887 1.0
39.0 0.999725362359 1.0
90.0 1.03478194924 1.0
67.0 0.926742942326 1.0
85.0 0.992295879171 1.0
91.0 1.01225227873 1.0
87.0 1.02363665991 1.0
43.0 0.984385259044 1.0
75.0 0.985057021778 1.0
object 48	1.0:1.0
171.0 -0.0522544156414 1.0
103.0 0.924430321571 1.0
37.0 1.00118336426 1.0
195.0 0.0598418458656 1.0
42.0 1.0120503381 1.0
9.0 1.0271026223 1.0
84.0 0.985953275842 1.0
197.0 5.92492666845 1.0
166.0 1.5349540016 1.0
15.0 1.04766534031 1.0
180.0 1.23195979812 1.0
184.0 -2.06176543737 1.0
182.0 2.50000825496 1.0
135.0 1.04511960309 1.0
151.0 0.960545857283 1.0
191.0 4.34689357464 1.0
41.0 0.974994434909 1.0
199.0 3.28925172991 1.0
59.0 1.05642406686 1.0
190.0 1.07819231974 1.0
163.0 0.799680439901 1.0
178.0 0.344302454851 1.0
94.0 0.963999635951 1.0
126.0 0.990641217857 1.0
139.0 1.02262972483 1.0
73.0 1.02438894579 1.0
object 49	1.0:1.0
132.0 1.00702161496 1.0
155.0 0.988927722517 1.0
49.0 0.926975879862 1.0
1.0 1.01329090136 1.0
139.0 1.02052300873 1.0
149.0 0.977213928168 1.0
64.0 1.00467994824 1.0
199.0 1.61260374991 1.0
126.0 1.00921323988 1.0
83.0 1.01833859211 1.0
153.0 0.971724299476 1.0
88.0 0.928424666079 1.0
93.0 0.989948574366 1.0
160.0 0.266164368299 1.0
134.0 0.996292440834 1.0
179.0 -0.102645595091 1.0
31.0 1.01282327632 1.0
128.0 1.001601739 1.0
165.0 1.65791341708 1.0
120.0 0.98282894778 1.0
102.0 0.993781622608 1.0
169.0 -10.2030244206 1.0
60.0 0.982593998078 1.0
100.0 0.982348919374 1.0
137.0 1.03583587923 1.0
0.0 0.955732293448 1.0
object 50	1.0:0.5 35.0280512342:0.5
154.0 35.0953056401 1.0
116.0 34.9549071062 1.0
122.0 1.01965159605 0.0
44.0 0.958521167513 0.0
144.0 35.0421477147 1.0
13.0 1.02864868174 0.0
4.0 1.01966668781 0.0
93.0 1.00437467443 0.0
167.0 2.547715086 0.0
188.0 0.652289881112 0.0
106.0 34.9358450865 1.0
75.0 0.954353994351 0.0
147.0 34.9978324645 1.0
174.0 30.6200100593 1.0
137.0 35.0159633428 1.0
83.0 1.03299877054 0.0
159.0 35.0009172519 1.0
15.0 35.0274205498 1.0
121.0 34.9767347077 1.0
57.0 34.9483439041 1.0
123.0 1.11026826933 0.0
119.0 35.0334818902 1.0
110.0 0.995125914105 0.0
128.0 34.9977016212 1.0
34.0 0.9825270577 0.0
object 51	1.0:0.5 -10.8384836246:0.5
140.0 1.09833934552 0.0
127.0 -10.8089364764 1.0
137.0 -10.8678531323 1.0
27.0 0.96093366472 0.0
65.0 -10.7739061119 1.0
53.0 0.964902736138 0.0
157.0 -10.8467574166 1.0
33.0 -10.7530383919 1.0
129.0 -10.894104529 1.0
40.0 0.987050791339 0.0
78.0 1.03462053637 0.0
101.0 -10.8342231192 1.0
52.0 0.944869969885 0.0
39.0 0.909994012215 0.0
124.0 -10.9029043823 1.0
87.0 0.944555064249 0.0
31.0 1.06971377304 0.0
156.0 -10.8675979466 1.0
185.0 -10.6936623093 1.0
104.0 -10.8101408587 1.0
114.0 1.03205087646 0.0
6.0 0.873993654385 0.0
113.0 -10.9053248848 1.0
144.0 1.04773567944 0.0
46.0 1.03166519895 0.0
188.0 0.733093250279 0.0
77.0 1.04840662261 0.0
object 52	1.0:0.5 -12.7445157334:0.5
109.0 1.14396633237 0.0
110.0 0.970265799268 0.0
56.0 -12.8028623625 1.0
31.0 -12.7335603514 1.0
95.0 -12.7143030892 1.0
136.0 -12.7256401073 1.0
137.0 -12.7174690922 1.0
26.0 -12.7895551793 1.0
117.0 0.942930073669 0.0
48.0 -12.7884405274 1.0
102.0 1.00599137453 0.0
44.0 -12.8177130374 1.0
185.0 -12.7728094434 1.0
32.0 -12.7210001405 1.0
155.0 -12.770791103 1.0
153.0 -12.7212309801 1.0
150.0 -12.7112180099 1.0
145.0 -12.7753578339 1.0
61.0 -12.7431683266 1.0
23.0 1.00243686799 0.0
91.0 -12.6812105398 1.0
52.0 -12.6888968175 1.0
49.0 0.987688610805 0.0
81.0 1.06575722688 0.0
object 53	1.0:0.5 7.87415834064:0.5
67.0 1.01871096887 0.0
101.0 0.985030820663 0.0
192.0 3.74792281865 0.0
181.0 3.38204212417 0.0
139.0 1.05955043046 0.0
10.0 0.945088314771 0.0
19.0 7.79273492079 1.0
117.0 0.977094228688 0.0
3.0 0.993481744298 0.0
135.0 1.03018691715 0.0
108.0 7.95302199871 1.0
82.0 0.998138413728 0.0
118.0 1.02292976414 0.0
26.0 7.87615563448 1.0
72.0 7.8787471711 1.0
148.0 0.935470092763 0.0
190.0 0.724752134393 0.0
9.0 7.85041462389 1.0
155.0 7.90632182325 1.0
57.0 0.976023821947 0.0
91.0 0.949460870401 0.0
52.0 1.01901533292 0.0
87.0 7.88742445114 1.0
129.0 1.01021734739 0.0
163.0 -1.66005207512 0.0
18.0 0.931855857739 0.0
8.0 7.91328958177 1.0
74.0 7.81786586199 1.0
5.0 7.865986992 1.0
182.0 -3.0124377085 0.0
193.0 7.87234754729 1.0
object 54	1.0:0.5 -19.5604405148:0.5
48.0 0.983481638419 0.0
16.0 -19.5249793223 1.0
89.0 -19.5927822062 1.0
36.0 0.926522335438 0.0
153.0 -19.6253762689 1.0
183.0 -20.7424318345 1.0
43.0 1.04532124669 0.0
139.0 1.10327281789 0.0
39.0 0.969050591439 0.0
82.0 0.997077281154 0.0
99.0 -19.5768028659 1.0
11.0 1.010629322 0.0
68.0 -19.4849361191 1.0
9.0 0.996523282264 0.0
125.0 -19.5520187176 1.0
64.0 -19.6138076175 1.0
47.0 -19.59240681 1.0
38.0 1.06042982657 0.0
172.0 -20.6929718583 1.0
13.0 1.05576765832 0.0
162.0 -16.833758987 1.0
26.0 0.96671681228 0.0
130.0 -19.4965357226 1.0
15.0 -19.6189038495 1.0
80.0 -19.5024682379 1.0
61.0 1.01766543937 0.0
23.0 0.944715573207 0.0
115.0 -19.616979096 1.0
132.0 -19.5974419892 1.0
18.0 0.971235885582 0.0
33.0 0.996984267382 0.0
152.0 0.9722683563 0.0
27.0 1.02107836027 0.0
72.0 0.963292610747 0.0
1.0 1.02595365675 0.0
75.0 -19.5295224296 1.0
73.0 -19.587886494 1.0
146.0 0.988850816091 0.0
160.0 -19.0396685731 1.0
object 55	1.0:0.5 3.52539580399:0.5
68.0 0.957517934063 0.0
105.0 0.921926746218 0.0
163.0 3.89871485659 1.0
199.0 0.219521385132 1.0
188.0 5.08631091843 1.0
89.0 3.55942873228 1.0
13.0 3.55117695426 1.0
69.0 1.02176370283 0.0
102.0 1.03139407115 0.0
60.0 1.01786099975 0.0
149.0 3.53710356486 1.0
7.0 3.3833147364 1.0
117.0 1.00491909589 0.0
122.0 3.56457816878 1.0
55.0 1.00514016235 0.0
134.0 1.00577603526 0.0
27.0 3.59563232033 1.0
34.0 1.03766516459 0.0
143.0 3.56442971305 1.0
151.0 3.61004161513 1.0
193.0 0.127037788787 0.0
75.0 3.55560562978 1.0
197.0 3.26212220062 1.0
64.0 0.969427524974 0.0
32.0 1.00116403871 0.0
150.0 1.07255765738 0.0
183.0 2.2811191152 0.0
object 56	1.0:0.5 -7.92039546238:0.5
149.0 1.10981402248 0.0
177.0 -11.8197856622 1.0
49.0 -7.88255111457 1.0
184.0 -10.8297062481 1.0
152.0 0.9061256288 0.0
77.0 0.927001324214 0.0
136.0 -7.84832237126 1.0
103.0 -7.92739372208 1.0
79.0 1.03351919343 0.0
182.0 -14.0061515503 1.0
50.0 0.96562320807 0.0
118.0 0.911401257105 0.0
146.0 -7.95880555272 1.0
2.0 -7.94009418729 1.0
15.0 0.948347870864 0.0
67.0 0.996118721821 0.0
113.0 0.923678852073 0.0
181.0 -0.724483438212 0.0
131.0 1.07839170955 0.0
83.0 -7.89523079937 1.0
10.0 0.950209861688 0.0
196.0 -6.42171640771 1.0
102.0 1.03481086468 0.0
42.0 -7.92635263756 1.0
195.0 2.92454041694 0.0
100.0 -7.93023476164 1.0
31.0 -7.91041164776 1.0
144.0 -7.91372336266 1.0
object 57	1.0:0.5 17.0823413035:0.5
152.0 17.1002477332 1.0
69.0 17.0217646618 1.0
145.0 1.05799712143 0.0
47.0 17.1312190813 1.0
127.0 17.2097062358 1.0
22.0 17.0673503175 1.0
45.0 17.1185671863 1.0
16.0 0.927589046443 0.0
30.0 17.0756009554 1.0
108.0 1.07642315129 0.0
32.0 17.0411971846 1.0
46.0 17.0694767192 1.0
66.0 1.04063058906 0.0
48.0 17.0460934768 1.0
65.0 17.0790276312 1.0
118.0 0.967278571623 0.0
62.0 1.07476975653 0.0
100.0 1.02182059821 0.0
51.0 1.07835791922 0.0
19.0 17.0582297887 1.0
198.0 15.4623796696 1.0
173.0 0.0296641810406 0.0
172.0 5.29680561945 0.0
7.0 17.0735090422 1.0
148.0 0.985112303127 0.0
117.0 17.082561341 1.0
73.0 17.0885229516 1.0
4.0 17.105600869 1.0
8.0 0.967167966715 0.0
88.0 17.0891300931 1.0
135.0 17.0672878347 1.0
29.0 1.0274315449 0.0
110.0 17.1452908296 1.0
169.0 16.5615694769 1.0
142.0 1.07465117411 0.0
113.0 0.997284398923 0.0
object 58	1.0:0.5 16.1302246885:0.5
41.0 16.1847207304 1.0
156.0 16.08462175 1.0
14.0 1.03889235139 0.0
144.0 0.985234219232 0.0
176.0 -0.279290410796 0.0
1.0 16.1010960417 1.0
21.0 1.02729176146 0.0
161.0 -1.96298788926 0.0
100.0 0.971807515493 0.0
9.0 0.963230269707 0.0
149.0 16.0726149561 1.0
110.0 1.01289239142 0.0
191.0 17.3168079796 1.0
112.0 0.986224396928 0.0
81.0 0.983955485894 0.0
126.0 1.01305079996 0.0
117.0 16.0698005415 1.0
85.0 16.1951808594 1.0
29.0 1.07357930162 0.0
99.0 16.0988684175 1.0
92.0 15.9732106144 1.0
45.0 0.958137361387 0.0
113.0 1.04774712626 0.0
object 59	1.0:0.5 -12.3530334618:0.5
139.0 -12.3961506696 1.0
127.0 -12.4068850116 1.0
1.0 1.02306346519 0.0
185.0 1.75433756738 0.0
124.0 1.07216542382 0.0
82.0 1.00374671822 0.0
113.0 1.00879751209 0.0
133.0 0.960001454946 0.0
24.0 -12.3443806639 1.0
192.0 -16.2351112093 1.0
162.0 -7.3050431154 1.0
91.0 -12.3396435132 1.0
28.0 1.01215601757 0.0
32.0 0.928420450487 0.0
149.0 1.05484388675 0.0
108.0 1.02811361564 0.0
73.0 0.894647595519 0.0
150.0 -12.455221632 1.0
53.0 -12.3695468552 1.0
93.0 -12.4342523808 1.0
111.0 -12.3574537846 1.0
75.0 0.962103731287 0.0
62.0 -12.3296974549 1.0
142.0 0.920329006655 0.0
173.0 -11.4779399049 1.0
57.0 1.0133472854 0.0
101.0 0.921647012328 0.0
39.0 0.942579977883 0.0
66.0 -12.4160505519 1.0
154.0 -12.345506157 1.0
78.0 -12.3319785101 1.0
33.0 1.10272681509 0.0
153.0 -12.3933548346 1.0
99.0 0.945202522869 0.0
30.0 0.948193384913 0.0
165.0 2.66631353409 0.0
160.0 -18.7719166286 1.0
61.0 -12.3144714094 1.0
44.0 -12.2687641693 1.0
49.0 -12.3485056588 1.0
58.0 -12.3568889242 1.0
object 60	1.0:0.5 -1.92467968276:0.5
121.0 -2.03307705542 1.0
94.0 -1.85731053203 1.0
157.0 0.99898943237 0.0
118.0 -1.95784550463 1.0
148.0 1.08741504606 0.0
69.0 0.995715441739 0.0
20.0 -1.91345445186 1.0
139.0 -1.9665628274 1.0
68.0 1.00463347878 0.0
14.0 -1.83467194029 1.0
146.0 -1.9621550045 1.0
122.0 0.987015960955 0.0
25.0 -1.97244580173 1.0
100.0 -1.99036791841 1.0
31.0 -1.91238090984 1.0
136.0 0.991809057136 0.0
58.0 -1.94092043469 1.0
163.0 -4.28341341313 1.0
153.0 -1.85979737643 1.0
107.0 -1.93139823992 1.0
115.0 0.991805577474 0.0
80.0 1.03217121197 0.0
83.0 1.02313752861 0.0
190.0 -0.768712270162 1.0
48.0 -1.83410888729 1.0
75.0 1.07430719726 0.0
24.0 -1.93190489826 1.0
164.0 7.73201596333 0.0
141.0 -1.92841567386 1.0
179.0 -2.09496458828 1.0
145.0 0.988431598446 0.0
3.0 -1.91022139698 1.0
95.0 0.97581881625 0.0
5.0 -1.94043803802 1.0
162.0 2.54335190911 0.0
196.0 -2.54097129953 1.0
object 61	1.0:0.5 -7.43026754658:0.5
98.0 0.959658135338 0.0
35.0 -7.46487299451 1.0
83.0 0.983624959319 0.0
10.0 -7.41772156053 1.0
147.0 0.970987287558 0.0
127.0 1.01703286595 0.0
153.0 -7.48623039583 1.0
77.0 -7.41432236511 1.0
81.0 1.05966385692 0.0
188.0 1.91371768488 0.0
143.0 -7.43773044063 1.0
161.0 -11.2484389372 1.0
9.0 0.983677674327 0.0
170.0 -10.0959167811 1.0
103.0 -7.38511174908 1.0
70.0 -7.38121321803 1.0
195.0 1.78317188559 0.0
96.0 -7.47151886803 1.0
115.0 -7.35727609216 1.0
31.0 -7.40784782481 1.0
73.0 -7.52273989097 1.0
177.0 -7.06094134386 1.0
44.0 -7.4111003047 1.0
object 62	1.0:0.5 5.84933545339:0.5
36.0 0.978297577744 0.0
163.0 1.07427417637 0.0
76.0 0.900693226357 0.0
45.0 5.8697437913 1.0
138.0 1.0231857712 0.0
107.0 1.11383782754 0.0
24.0 0.979207693466 0.0
49.0 5.85758684075 1.0
99.0 5.81702762101 1.0
46.0 0.958051476367 0.0
124.0 1.08304877077 0.0
186.0 1.48197343514 0.0
146.0 1.05066375921 0.0
110.0 5.83115172078 1.0
144.0 5.83969161965 1.0
50.0 1.01683339245 0.0
122.0 5.87079412613 1.0
161.0 -1.19041733307 0.0
72.0 5.82875367879 1.0
111.0 5.83772003387 1.0
178.0 5.90977747948 1.0
93.0 5.82225239501 1.0
78.0 0.943305887875 0.0
83.0 0.941904171501 0.0
102.0 5.82549958434 1.0
26.0 5.86410231882 1.0
104.0 5.74767924321 1.0
103.0 5.92940566674 1.0
123.0 0.919498643443 0.0
object 63	1.0:0.5 6.0909304425:0.5
96.0 0.861051928197 0.0
189.0 -0.197593026133 0.0
141.0 6.17211106686 1.0
29.0 6.07491743102 1.0
28.0 6.15165019303 1.0
5.0 6.13750989666 1.0
99.0 6.01457010021 1.0
131.0 1.0115796966 0.0
20.0 6.11534259655 1.0
110.0 0.917268926402 0.0
15.0 0.968982990164 0.0
90.0 6.00793114288 1.0
94.0 1.06429484559 0.0
175.0 4.67116952498 0.0
45.0 0.989334276244 0.0
105.0 1.02648037452 0.0
170.0 1.0641058267 0.0
6.0 6.11742816703 1.0
126.0 0.912800292986 0.0
27.0 6.08930162218 1.0
139.0 1.07058684148 0.0
163.0 3.43262599666 1.0
187.0 0.30722210258 0.0
155.0 0.978031219079 0.0
181.0 3.99493484141 0.0
object 64	1.0:0.5 -7.76634185022:0.5
39.0 0.984692583674 0.0
160.0 -2.11109156954 0.0
56.0 -7.85502946701 1.0
148.0 0.951462691686 0.0
53.0 -7.6800223869 1.0
171.0 9.55935583642 0.0
108.0 -7.76508140549 1.0
13.0 -7.74365180913 1.0
143.0 1.01642455244 0.0
183.0 4.62629752741 0.0
96.0 -7.70133831653 1.0
130.0 -7.76047305003 1.0
76.0 -7.75029501953 1.0
134.0 -7.66527869691 1.0
10.0 1.02894637672 0.0
128.0 -7.80118129613 1.0
35.0 0.950611249299 0.0
106.0 -7.86958109125 1.0
85.0 -7.82653751785 1.0
90.0 -7.76815976621 1.0
55.0 1.02924782058 0.0
2.0 0.961906213023 0.0
59.0 1.09060863386 0.0
17.0 -7.81491034411 1.0
164.0 6.31048761947 0.0
181.0 1.18208841516 0.0
105.0 -7.77427471263 1.0
24.0 -7.83011404606 1.0
51.0 1.07288944488 0.0
33.0 0.997239587525 0.0
98.0 -7.78734109609 1.0
121.0 -7.84321235913 1.0
object 65	1.0:0.5 1.26955351739:0.5
133.0 0.952134512687 0.0
119.0 1.36586663095 1.0
92.0 1.31479395995 1.0
153.0 1.029654561 0.0
150.0 1.30604891449 1.0
140.0 0.909727950813 0.0
91.0 1.06813613808 0.0
183.0 2.41143285106 1.0
45.0 1.25049499602 1.0
192.0 4.48458734127 0.0
36.0 1.25395516684 1.0
58.0 1.28354862746 1.0
168.0 1.44528802187 1.0
48.0 1.34925836165 1.0
0.0 1.24670949442 1.0
68.0 1.02213405543 0.0
184.0 -3.99418606004 0.0
190.0 2.89887785414 1.0
74.0 1.04388447068 0.0
115.0 1.27307345961 1.0
87.0 1.12552315884 0.0
111.0 0.982739813999 0.0
71.0 1.06109124499 0.0
164.0 -1.06307980538 0.0
122.0 1.24150122061 1.0
23.0 0.969938386939 0.0
3.0 1.0754529469 0.0
160.0 -0.295708972068 0.0
137.0 1.28263563728 1.0
99.0 1.22555008402 1.0
object 66	1.0:0.5 8.18930995101:0.5
192.0 9.3366107037 1.0
26.0 1.00405365257 0.0
174.0 0.373729109781 0.0
122.0 8.23706480492 1.0
48.0 0.980609954956 0.0
32.0 8.22838372149 1.0
40.0 8.15509912727 1.0
154.0 8.15453321147 1.0
140.0 8.1853873571 1.0
24.0 8.19690862913 1.0
199.0 -4.03389171928 0.0
52.0 1.16099893892 0.0
172.0 4.31566997602 1.0
13.0 8.24120965622 1.0
132.0 8.17904939867 1.0
116.0 0.962123366935 0.0
68.0 1.01675854794 0.0
127.0 1.03361861266 0.0
125.0 0.898576981229 0.0
119.0 1.03898879165 0.0
128.0 0.994954753257 0.0
object 67	1.0:0.5 26.0106963988:0.5
170.0 6.77190319475 0.0
45.0 1.00388885049 0.0
62.0 25.9754625668 1.0
125.0 26.0847571148 1.0
99.0 26.0321687876 1.0
47.0 26.047888401 1.0
173.0 7.35944443624 0.0
35.0 1.02647346428 0.0
60.0 25.9646006166 1.0
52.0 0.982496578223 0.0
76.0 25.9346486518 1.0
140.0 0.945662889714 0.0
130.0 26.0339289346 1.0
191.0 26.7146851205 1.0
91.0 26.0277297011 1.0
129.0 1.01871544079 0.0
71.0 25.9705077685 1.0
117.0 26.0113455808 1.0
49.0 26.0047702587 1.0
178.0 27.5438715412 1.0
95.0 1.01864189085 0.0
103.0 26.0847791348 1.0
184.0 -11.0883832548 0.0
193.0 28.2118085915 1.0
86.0 1.06901504856 0.0
174.0 24.9869674043 1.0
94.0 0.952981931806 0.0
56.0 1.09161772566 0.0
167.0 26.3667687095 1.0
152.0 25.9133129972 1.0
126.0 26.0234001484 1.0
40.0 0.999981266215 0.0
134.0 26.0218277641 1.0
188.0 1.46550338675 0.0
115.0 0.983816241603 0.0
154.0 1.02814955011 0.0
27.0 26.0438522369 1.0
object 68	1.0:0.5 -7.72659498445:0.5
97.0 -7.72230172541 1.0
12.0 -7.68618772185 1.0
71.0 -7.6752797578 1.0
30.0 -7.79633119164 1.0
88.0 0.919202571116 0.0
139.0 -7.68539879004 1.0
61.0 -7.84437311957 1.0
133.0 -7.71017162639 1.0
196.0 2.52015352537 0.0
141.0 1.00864415638 0.0
66.0 0.969623457492 0.0
3.0 -7.7428229386 1.0
15.0 -7.74877141064 1.0
116.0 0.92409446603 0.0
119.0 0.943974429861 0.0
51.0 1.01039372531 0.0
40.0 -7.72065048903 1.0
37.0 1.02360020045 0.0
161.0 -5.26121364042 1.0
42.0 -7.7082856484 1.0
44.0 -7.78254796473 1.0
190.0 -2.21634742493 0.0
1.0 1.00259360373 0.0
8.0 0.971232898121 0.0
132.0 -7.73090209474 1.0
183.0 2.26822676695 0.0
70.0 -7.77210241025 1.0
156.0 0.996771895157 0.0
184.0 -7.00538277556 1.0
188.0 -6.12190867318 1.0
194.0 -6.12559342778 1.0
147.0 -7.74306098425 1.0
object 69	1.0:0.5 22.2046472699:0.5
127.0 1.08689797795 0.0
176.0 24.6759113817 1.0
135.0 1.04806219568 0.0
11.0 1.04268724981 0.0
173.0 26.9326705753 1.0
85.0 0.951498691037 0.0
138.0 1.09837933261 0.0
53.0 0.989806959236 0.0
131.0 1.01535106457 0.0
22.0 22.2546805079 1.0
118.0 22.2554485876 1.0
64.0 22.269980985 1.0
2.0 0.995942231229 0.0
153.0 0.921696023988 0.0
48.0 22.1988229253 1.0
194.0 0.0926195859812 0.0
36.0 1.04265065683 0.0
160.0 14.8462107861 1.0
72.0 0.876017246712 0.0
57.0 0.988002537483 0.0
195.0 -2.65015389639 0.0
24.0 22.2534992531 1.0
187.0 1.89460591819 0.0
25.0 22.2102280459 1.0
165.0 -5.31942450247 0.0
object 70	1.0:0.5 -3.9473567512:0.5
130.0 1.1110604808 0.0
146.0 1.01900602277 0.0
170.0 -1.70144162566 0.0
15.0 -4.03836249507 1.0
51.0 -3.86685840068 1.0
34.0 0.964019872678 0.0
18.0 -3.92322965525 1.0
45.0 0.977530337626 0.0
156.0 1.12715874211 0.0
65.0 -3.97320277692 1.0
22.0 -3.92677130989 1.0
5.0 -3.87218987142 1.0
97.0 -3.96809092815 1.0
40.0 -3.88795048567 1.0
74.0 -3.91636861463 1.0
196.0 3.85935133102 0.0
193.0 -5.93043062986 1.0
182.0 1.36700288787 0.0
148.0 -4.01519968762 1.0
128.0 0.898203664851 0.0
55.0 -4.03388952853 1.0
25.0 1.09710764613 0.0
20.0 -4.02284978992 1.0
197.0 -2.81138957316 1.0
60.0 0.997359682039 0.0
132.0 -3.93801914354 1.0
94.0 0.945552306097 0.0
111.0 0.999092557669 0.0
47.0 1.04236356885 0.0
171.0 -10.6498029393 1.0
object 71	1.0:0.5 0.656849326529:0.5
169.0 7.27074836003 0.0
188.0 -1.30197241361 0.0
96.0 1.06291971083 0.0
58.0 0.684298954751 1.0
165.0 -0.624053941832 1.0
4.0 0.627454135628 1.0
156.0 0.996597659085 0.0
185.0 -0.0453439002312 0.0
11.0 1.02288695955 0.0
108.0 1.00809012405 0.0
111.0 0.695991563751 1.0
22.0 0.621227933125 1.0
51.0 0.977677207773 0.0
78.0 0.992205413264 0.0
103.0 0.544619436461 1.0
162.0 9.27460301585 1.0
168.0 -1.18405303266 0.0
61.0 0.975100869766 0.0
34.0 0.901087681898 0.0
140.0 0.989530525206 0.0
20.0 0.665924076965 1.0
167.0 2.46958526624 1.0
101.0 0.673469369159 1.0
196.0 1.96685226414 1.0
object 72	1.0:0.5 -17.0153498523:0.5
184.0 2.50285610076 0.0
40.0 -16.9990375124 1.0
25.0 -16.9981625762 1.0
143.0 -17.0600482092 1.0
91.0 0.999748544575 0.0
153.0 -17.0140986529 1.0
169.0 -18.6082870242 1.0
29.0 0.902463830025 0.0
168.0 2.93785956737 0.0
19.0 -17.0166416486 1.0
82.0 -17.0884141679 1.0
138.0 1.06900203277 0.0
195.0 5.67453044102 0.0
85.0 0.974790115093 0.0
86.0 -16.9917600115 1.0
5.0 -17.0462470063 1.0
21.0 -16.9732516835 1.0
68.0 -17.0233725995 1.0
117.0 -17.0869940273 1.0
37.0 -16.9981875555 1.0
193.0 2.47877311426 0.0
166.0 -15.5695511121 1.0
191.0 2.66994417027 0.0
41.0 -17.1093569721 1.0
94.0 -17.0982888396 1.0
8.0 -17.0552923659 1.0
44.0 0.973855525312 0.0
object 73	1.0:0.5 16.0853643785:0.5
70.0 16.1135316891 1.0
132.0 16.1793850443 1.0
38.0 16.1283666653 1.0
71.0 0.903865036069 0.0
68.0 0.967998908952 0.0
112.0 16.0547910944 1.0
193.0 17.3727019104 1.0
41.0 1.04141987135 0.0
35.0 1.01847363619 0.0
86.0 1.02316156587 0.0
80.0 0.95289564726 0.0
77.0 1.07546712316 0.0
126.0 0.922717274474 0.0
63.0 16.0320703499 1.0
164.0 10.2151405703 1.0
117.0 16.1465058804 1.0
102.0 16.1618899449 1.0
79.0 0.905641944972 0.0
154.0 1.05842660007 0.0
181.0 20.0186983754 1.0
162.0 19.2866974212 1.0
0.0 16.0937530334 1.0
17.0 0.994733748704 0.0
161.0 16.3732046172 1.0
30.0 16.1558143533 1.0
113.0 0.980895175648 0.0
176.0 0.56100714783 0.0
178.0 16.8640306694 1.0
object 74	1.0:0.5 -4.16518298435:0.5
7.0 -4.19716915518 1.0
86.0 -4.13680685405 1.0
56.0 -4.20721559478 1.0
59.0 0.979127332153 0.0
149.0 -4.18606635244 1.0
184.0 0.66652040233 0.0
125.0 0.944016143502 0.0
121.0 -4.07741748834 1.0
159.0 1.03042637027 0.0
132.0 -4.17196396501 1.0
160.0 -5.68896881034 1.0
82.0 1.01799916855 0.0
146.0 1.02874746576 0.0
15.0 -4.14809961224 1.0
101.0 0.994729775841 0.0
54.0 -4.12187222644 1.0
95.0 0.90661410693 0.0
189.0 -5.18938670169 1.0
161.0 -0.768343034202 1.0
92.0 -4.1269045185 1.0
78.0 -4.13489548637 1.0
object 75	1.0:0.5 2.97604027615:0.5
158.0 1.0041299791 0.0
7.0 2.95600071698 1.0
130.0 2.88756212915 1.0
178.0 -0.726587597844 0.0
26.0 1.03983483156 0.0
15.0 1.05557964626 0.0
106.0 1.0123889363 0.0
5.0 3.0494521843 1.0
24.0 1.086731071 0.0
29.0 1.06288268766 0.0
22.0 2.93462164752 1.0
127.0 2.83701648064 1.0
90.0 3.0745755616 1.0
83.0 2.91367465588 1.0
176.0 3.65560589543 1.0
57.0 1.07103445447 0.0
157.0 3.05369519763 1.0
28.0 2.99054430061 1.0
144.0 1.03764989965 0.0
175.0 -2.84729665528 0.0
116.0 0.919799830616 0.0
136.0 2.99346445906 1.0
108.0 0.983898568249 0.0
196.0 4.59372453185 1.0
44.0 0.951165226368 0.0
99.0 2.95765827629 1.0
165.0 1.24000236631 0.0
object 76	1.0:0.5 -14.081000881:0.5
151.0 -14.0668209623 1.0
43.0 0.939829071087 0.0
41.0 -14.0671969679 1.0
69.0 1.03076780853 0.0
121.0 -14.0798869236 1.0
105.0 -14.0646851481 1.0
67.0 -14.1772880579 1.0
99.0 -14.0757002755 1.0
199.0 -15.8765007978 1.0
164.0 -8.15004893294 1.0
42.0 -14.1701791511 1.0
100.0 1.00690762209 0.0
177.0 4.00786062588 0.0
23.0 -14.1167987019 1.0
72.0 1.0386896577 0.0
77.0 1.0325122913 0.0
137.0 -14.0479179194 1.0
30.0 -14.0646547489 1.0
59.0 -14.1013455305 1.0
113.0 0.995058160594 0.0
146.0 1.05449580357 0.0
52.0 -14.036977083 1.0
138.0 1.00425255558 0.0
5.0 -14.0659879348 1.0
118.0 0.92189183925 0.0
141.0 1.02074769878 0.0
82.0 1.05455264675 0.0
object 77	1.0:0.5 -2.77362507032:0.5
140.0 -2.76991554215 1.0
73.0 -2.77607463031 1.0
86.0 0.942225104487 0.0
96.0 -2.68591483309 1.0
79.0 -2.76541942964 1.0
90.0 -2.73945655387 1.0
14.0 -2.72381482166 1.0
48.0 -2.72237870133 1.0
105.0 -2.7376857549 1.0
7.0 -2.81067899512 1.0
134.0 0.952518901249 0.0
181.0 -1.74552128068 1.0
114.0 -2.81425292872 1.0
162.0 2.59045606211 0.0
17.0 -2.85329349056 1.0
57.0 1.06355376873 0.0
171.0 -8.24019710912 1.0
19.0 0.98120473245 0.0
156.0 0.925992754719 0.0
85.0 1.0283250344 0.0
120.0 -2.80747561539 1.0
198.0 3.60544215621 0.0
177.0 -6.44245637694 0.0
4.0 1.03217308474 0.0
63.0 -2.71567445988 1.0
100.0 -2.68105258283 1.0
113.0 0.882763469871 0.0
36.0 1.00172225518 0.0
66.0 0.987178982405 0.0
188.0 3.72597305559 0.0
118.0 0.985878226279 0.0
52.0 -2.77451299114 1.0
88.0 -2.82724320906 1.0
31.0 -2.78055643861 1.0
115.0 -2.78960306203 1.0
151.0 0.938135959193 0.0
103.0 1.10258914001 0.0
173.0 2.19646633746 0.0
object 78	1.0:0.5 3.33491037138:0.5
6.0 3.43068394119 1.0
74.0 3.3480582023 1.0
151.0 0.991051416794 0.0
130.0 1.00805266165 0.0
5.0 0.933630872959 0.0
181.0 -0.821726899947 0.0
119.0 3.42298043776 1.0
187.0 2.44967546709 0.0
72.0 3.36910448127 1.0
14.0 1.03169565493 0.0
145.0 3.31687802594 1.0
191.0 0.990133470466 1.0
184.0 4.64630897218 1.0
150.0 1.04297501527 0.0
111.0 1.0226739183 0.0
12.0 3.39303112596 1.0
175.0 2.52096955246 1.0
122.0 3.37852837038 1.0
21.0 1.03714508567 0.0
176.0 2.49637185073 1.0
40.0 3.32642134306 1.0
192.0 -5.00107832155 0.0
object 79	1.0:0.5 9.01458906996:0.5
31.0 9.00639063857 1.0
146.0 9.01060085925 1.0
128.0 9.04207791432 1.0
70.0 9.06950574074 1.0
14.0 8.92668516323 1.0
36.0 8.84675185597 1.0
191.0 9.63527513157 1.0
5.0 9.00125734201 1.0
16.0 0.924434255993 0.0
109.0 9.06170731286 1.0
141.0 0.941132698023 0.0
55.0 0.967536821469 0.0
165.0 -3.49171248814 0.0
29.0 0.993539866129 0.0
20.0 9.04202798765 1.0
157.0 9.04486037697 1.0
139.0 9.06458553256 1.0
111.0 8.93093131644 1.0
1.0 0.989600101225 0.0
189.0 8.87234707728 1.0
80.0 1.05127507204 0.0
68.0 1.02088220171 0.0
153.0 1.03799331856 0.0
122.0 8.9741331637 1.0
71.0 1.03730018481 0.0
188.0 -1.8560990432 0.0
95.0 1.11716869184 0.0
79.0 1.03729198355 0.0
163.0 8.51277552478 1.0
37.0 9.01860463285 1.0
33.0 0.985500901436 0.0
171.0 1.22200193678 0.0
62.0 0.940321636697 0.0
43.0 1.02439645831 0.0
154.0 1.04672432213 0.0
object 80	1.0:0.5 -1.79153991154:0.5
141.0 1.01665231384 0.0
147.0 -1.85009462155 1.0
71.0 0.978639105383 0.0
72.0 1.0134283058 0.0
67.0 0.92907816235 0.0
163.0 -3.13998773851 1.0
38.0 0.961070736187 0.0
39.0 0.933445829012 0.0
23.0 -1.80897169055 1.0
30.0 -1.82260525469 1.0
151.0 -1.8730396154 1.0
183.0 -3.77246990659 1.0
89.0 -1.7873790993 1.0
82.0 -1.86025739275 1.0
128.0 1.00998398052 0.0
104.0 -1.74251875482 1.0
25.0 -1.82043487605 1.0
172.0 -3.84275717853 1.0
177.0 -2.91050754335 1.0
6.0 1.00795048714 0.0
198.0 -1.71921977017 0.0
74.0 1.05798991573 0.0
139.0 1.06964537069 0.0
93.0 0.948355835164 0.0
object 81	1.0:0.5 1.14942605649:0.5
82.0 1.02833087682 0.0
58.0 1.00146890176 0.0
89.0 1.07364370786 1.0
172.0 -5.00756478345 0.0
108.0 0.97888335302 0.0
34.0 0.971142050566 0.0
74.0 0.975992044181 0.0
83.0 0.97792132774 0.0
64.0 1.10488193238 1.0
154.0 1.2044640938 1.0
174.0 1.43892682771 1.0
180.0 -2.19923279769 1.0
111.0 1.15549824676 1.0
106.0 1.16872204014 1.0
2.0 1.00201495369 0.0
95.0 1.03918633671 0.0
90.0 1.01740204056 0.0
45.0 1.07668554377 0.0
182.0 7.20109666415 1.0
197.0 11.8121548184 0.0
130.0 1.16193925351 1.0
18.0 1.09132419218 1.0
100.0 1.13922932441 1.0
object 82	1.0:0.5 11.836578582:0.5
148.0 11.8961797799 1.0
121.0 11.8489237776 1.0
84.0 11.852386248 1.0
79.0 1.00789871006 0.0
179.0 -0.401677139355 0.0
116.0 0.978913215928 0.0
43.0 11.7758303953 1.0
135.0 1.06440699112 0.0
136.0 1.02543052597 0.0
122.0 1.0256754476 0.0
44.0 11.8423213323 1.0
76.0 1.00833917098 0.0
110.0 11.7934095257 1.0
169.0 14.2036257983 1.0
29.0 1.03607387352 0.0
108.0 11.8624883979 1.0
183.0 -1.46037831254 0.0
62.0 0.992406732778 0.0
155.0 11.7853752502 1.0
124.0 11.8201209301 1.0
25.0 1.01118906905 0.0
181.0 5.76162944257 0.0
52.0 11.8048271689 1.0
114.0 11.8805314239 1.0
197.0 11.7610975703 1.0
194.0 0.103594662577 0.0
53.0 11.9211048588 1.0
61.0 1.01694216045 0.0
11.0 0.933734973143 0.0
161.0 -1.52160179437 0.0
107.0 1.02582060453 0.0
100.0 0.971006747759 0.0
184.0 -0.936691825423 0.0
118.0 0.980371182958 0.0
75.0 11.8337061798 1.0
193.0 12.6058683952 1.0
145.0 1.02658586015 0.0
30.0 1.02290060276 0.0
150.0 11.9017236919 1.0
144.0 11.8733466896 1.0
182.0 -2.86150930435 0.0
object 83	1.0:0.5 7.50900514038:0.5
137.0 0.938080224092 0.0
118.0 7.59883641796 1.0
58.0 7.4921772198 1.0
39.0 1.006496354 0.0
48.0 7.55017709962 1.0
130.0 7.49882734201 1.0
198.0 0.660412742047 0.0
136.0 1.06022872973 0.0
22.0 1.00192914587 0.0
190.0 7.96673272472 1.0
10.0 7.40186304299 1.0
20.0 0.961104625246 0.0
103.0 7.50180984937 1.0
197.0 5.88442986917 1.0
139.0 7.53064577069 1.0
85.0 7.55993935761 1.0
138.0 1.0387471184 0.0
61.0 1.00244739146 0.0
156.0 7.61274666101 1.0
object 84	1.0:0.5 -2.01366771691:0.5
189.0 -1.39698299131 1.0
97.0 0.975876052523 0.0
28.0 -2.12283899191 1.0
19.0 -2.03747001468 1.0
71.0 1.0615608896 0.0
117.0 -1.99062657112 1.0
6.0 1.0099857819 0.0
151.0 1.00402450566 0.0
46.0 -2.0532157297 1.0
68.0 -1.96223744995 1.0
194.0 -3.36080777683 1.0
137.0 -2.0263403955 1.0
132.0 -2.00509766525 1.0
81.0 -2.05753738454 1.0
169.0 -1.3806103677 0.0
25.0 -2.04280535114 1.0
138.0 -1.9811343089 1.0
21.0 -1.99604947965 1.0
196.0 1.87287642753 0.0
32.0 0.931694061045 0.0
123.0 -2.08262087492 1.0
121.0 -1.92651090436 1.0
167.0 -2.24385631507 1.0
199.0 1.38195976088 1.0
74.0 -2.08401940309 1.0
41.0 -2.13877520447 1.0
173.0 1.89744286928 1.0
130.0 -2.01250726127 1.0
object 85	1.0:0.5 8.77573383714:0.5
40.0 0.952616849371 0.0
146.0 0.985455445707 0.0
32.0 8.74239707538 1.0
30.0 8.81905449407 1.0
172.0 -4.42795255965 0.0
52.0 1.03292955802 0.0
154.0 1.04641948282 0.0
182.0 11.8422745123 1.0
186.0 8.760617937 1.0
122.0 8.84361211523 1.0
164.0 5.05350575291 1.0
54.0 0.998936103216 0.0
133.0 8.90562780676 1.0
129.0 8.80567596172 1.0
173.0 10.9488709635 1.0
162.0 14.6095928075 1.0
79.0 8.85755815535 1.0
78.0 0.998008296961 0.0
187.0 8.11728277515 1.0
110.0 0.943913437136 0.0
48.0 8.81314371593 1.0
5.0 0.929397505364 0.0
167.0 -0.853336368004 0.0
143.0 0.958351504866 0.0
66.0 0.912061628999 0.0
136.0 1.04295075068 0.0
96.0 8.75735615352 1.0
42.0 8.87669280966 1.0
16.0 0.980517594311 0.0
198.0 -2.46882613807 0.0
125.0 0.984340303775 0.0
object 86	1.0:0.5 7.63642711392:0.5
67.0 7.55837984108 1.0
35.0 7.6554429081 1.0
196.0 10.5387383332 1.0
69.0 0.884606273661 0.0
38.0 1.08055356392 0.0
25.0 1.03768547486 0.0
30.0 7.63047109509 1.0
8.0 7.60220551863 1.0
9.0 7.66990862944 1.0
179.0 -3.24823444569 0.0
84.0 7.66312069001 1.0
90.0 0.95721985446 0.0
44.0 7.70865653042 1.0
122.0 7.6378402069 1.0
180.0 4.33548899974 1.0
155.0 7.5714145575 1.0
95.0 7.63277982923 1.0
101.0 7.58414385821 1.0
54.0 7.58509846562 1.0
109.0 1.02173547467 0.0
42.0 1.06685258689 0.0
27.0 7.66154324533 1.0
15.0 1.06580988081 0.0
173.0 10.2440535739 1.0
19.0 0.987156216626 0.0
34.0 1.0099082189 0.0
104.0 1.00278083537 0.0
102.0 7.70721394298 1.0
141.0 1.02239984188 0.0
103.0 0.950798939945 0.0
41.0 0.998368070706 0.0
139.0 0.984526465648 0.0
object 87	1.0:0.5 -14.6060809561:0.5
194.0 -14.330835372 1.0
157.0 -14.5362025436 1.0
59.0 -14.6658952963 1.0
116.0 -14.5596839622 1.0
83.0 1.00348402658 0.0
2.0 0.891604836546 0.0
122.0 0.940478294159 0.0
65.0 -14.4817296718 1.0
57.0 -14.5071146639 1.0
123.0 1.00209888962 0.0
129.0 -14.5635821063 1.0
73.0 -14.4915820564 1.0
184.0 3.60779497727 0.0
14.0 -14.652482994 1.0
185.0 -15.8333162394 1.0
51.0 0.953555002195 0.0
156.0 1.0246918926 0.0
135.0 1.03518820618 0.0
82.0 1.00279278827 0.0
22.0 -14.5677919491 1.0
113.0 -14.5013926637 1.0
13.0 -14.5649619114 1.0
102.0 0.971850368053 0.0
152.0 0.961474089684 0.0
77.0 -14.6761366457 1.0
179.0 2.22708256716 0.0
164.0 2.94011492131 0.0
78.0 0.999277877741 0.0
object 88	1.0:0.5 12.2154863869:0.5
9.0 12.1909451126 1.0
182.0 12.1551947521 1.0
123.0 0.972313134501 0.0
178.0 11.1777650953 1.0
85.0 0.992778802342 0.0
155.0 1.03304424772 0.0
94.0 0.978752077211 0.0
131.0 0.990682775469 0.0
146.0 1.0438339415 0.0
59.0 12.223377954 1.0
80.0 0.943282533456 0.0
180.0 1.82432848149 0.0
110.0 1.0004408636 0.0
0.0 1.01680891147 0.0
28.0 0.9583475765 0.0
195.0 -3.01260248994 0.0
159.0 1.05572050493 0.0
64.0 1.08846784784 0.0
23.0 12.1799125858 1.0
3.0 1.0029178214 0.0
183.0 14.4289073055 1.0
127.0 0.984576173921 0.0
8.0 1.01734994894 0.0
148.0 12.302211171 1.0
111.0 0.968235413472 0.0
143.0 1.08986073006 0.0
188.0 -5.80530886912 0.0
135.0 0.892986324923 0.0
115.0 12.1977817817 1.0
144.0 1.02957753097 0.0
42.0 0.890130402644 0.0
object 89	1.0:0.5 4.90492890443:0.5
175.0 -0.144744051478 0.0
89.0 4.88647536747 1.0
127.0 1.03796341324 0.0
198.0 0.810633188611 0.0
3.0 1.07887350383 0.0
118.0 4.93753896927 1.0
75.0 0.995596195658 0.0
51.0 4.92214958913 1.0
30.0 4.89902380499 1.0
116.0 1.02726094464 0.0
23.0 4.94010738663 1.0
165.0 5.22788149734 0.0
12.0 1.02354108877 0.0
164.0 13.7162688701 1.0
154.0 4.8685342189 1.0
173.0 0.599957025955 0.0
106.0 1.00605780707 0.0
38.0 1.02591047707 0.0
94.0 4.97242933539 1.0
9.0 4.91860141134 1.0
79.0 0.964349346214 0.0
120.0 4.923739826 1.0
24.0 4.95362875672 1.0
87.0 4.90993180703 1.0
134.0 4.92039983367 1.0
108.0 4.8702609941 1.0
8.0 1.04343989328 0.0
25.0 1.06427687036 0.0
105.0 0.931183034458 0.0
19.0 5.00495439663 1.0
22.0 4.89888491404 1.0
97.0 4.92262385345 1.0
188.0 -0.226548028642 1.0
object 90	1.0:0.5 -5.42924999289:0.5
22.0 -5.5031403518 1.0
184.0 -2.77259825266 1.0
9.0 -5.37618826211 1.0
52.0 -5.48770686726 1.0
30.0 0.973879191539 0.0
64.0 1.00515893689 0.0
5.0 -5.47245191432 1.0
54.0 0.981992584142 0.0
126.0 1.00290295049 0.0
164.0 4.46719048173 0.0
136.0 -5.36580817879 1.0
179.0 -2.9033808432 1.0
114.0 -5.50346942577 1.0
125.0 -5.42114492386 1.0
198.0 -3.87095290952 1.0
156.0 -5.47807592734 1.0
86.0 -5.47649286397 1.0
29.0 -5.51021889956 1.0
141.0 -5.49901168512 1.0
185.0 0.562149252392 0.0
49.0 -5.4631332769 1.0
142.0 0.958176056832 0.0
100.0 -5.35028751745 1.0
127.0 -5.40921058083 1.0
33.0 -5.3634092391 1.0
161.0 3.23992812648 0.0
187.0 -4.28518485916 1.0
153.0 0.978011587668 0.0
154.0 -5.480617835 1.0
149.0 -5.42862457115 1.0
162.0 -3.4143472735 1.0
117.0 0.965649000208 0.0
50.0 -5.48536391978 1.0
17.0 -5.44130556352 1.0
177.0 -6.93066814058 1.0
object 91	1.0:0.5 3.1489457169:0.5
195.0 7.79689209084 0.0
35.0 3.0457672096 1.0
68.0 3.04906444319 1.0
125.0 3.13571092457 1.0
151.0 0.992448049925 0.0
11.0 1.05252930955 0.0
22.0 1.01583975596 0.0
98.0 3.15898347618 1.0
160.0 -1.19448787333 0.0
77.0 1.01726142867 0.0
122.0 1.0114186131 0.0
89.0 3.21350395166 1.0
109.0 3.19054101863 1.0
52.0 1.11631770744 0.0
83.0 1.03280085738 0.0
78.0 0.958001898689 0.0
15.0 1.02842948396 0.0
81.0 1.02664929271 0.0
102.0 0.969564061785 0.0
32.0 0.99464900346 0.0
173.0 -1.84252103417 0.0
54.0 1.05687260792 0.0
4.0 3.2041875614 1.0
24.0 0.954389426055 0.0
110.0 3.0467990537 1.0
object 92	1.0:0.5 2.7956038216:0.5
142.0 2.83765375773 1.0
176.0 -3.40246792735 1.0
74.0 0.982275761192 0.0
149.0 1.04134226299 0.0
78.0 0.973709931586 0.0
184.0 5.24474793317 0.0
112.0 0.92463899097 0.0
135.0 1.05155460947 0.0
130.0 0.995099552708 0.0
156.0 0.996373401261 0.0
107.0 2.71633025477 1.0
97.0 2.87028801826 1.0
67.0 1.09936452998 0.0
120.0 1.03918989074 0.0
75.0 2.76699881427 1.0
25.0 0.938793599 0.0
60.0 1.0196139572 0.0
186.0 3.85188373184 1.0
45.0 2.8801784518 1.0
145.0 2.77010592052 1.0
183.0 2.50934004268 1.0
187.0 2.33565370931 1.0
192.0 0.420201779085 1.0
121.0 2.77240881266 1.0
88.0 2.7176197867 1.0
131.0 1.01230962334 0.0
144.0 2.7389218109 1.0
53.0 2.81370789892 1.0
43.0 0.972436827399 0.0
101.0 2.80731342108 1.0
118.0 0.965860262579 0.0
96.0 0.947604719481 0.0
object 93	1.0:0.5 -14.1668221172:0.5
18.0 -14.1995204019 1.0
22.0 0.937628340438 0.0
21.0 -14.1553455539 1.0
98.0 0.991623905817 0.0
139.0 1.12028251642 0.0
133.0 0.916207402375 0.0
53.0 1.03838986206 0.0
182.0 -19.2648314853 1.0
187.0 -13.8250053238 1.0
34.0 0.973547934032 0.0
47.0 -14.1397173603 1.0
174.0 0.709607918462 0.0
117.0 0.992968608906 0.0
170.0 -11.3028153083 1.0
194.0 -13.6833957239 1.0
57.0 0.975744229149 0.0
188.0 -21.7708903738 1.0
93.0 -14.1894039102 1.0
55.0 -14.1790920358 1.0
10.0 0.963151831078 0.0
198.0 -14.1299707836 1.0
131.0 1.08247845779 0.0
103.0 -14.128258428 1.0
77.0 -14.2218117792 1.0
167.0 -13.7550624147 1.0
65.0 -14.1803823249 1.0
82.0 1.08540791423 0.0
181.0 -15.0101351763 1.0
88.0 0.875616113121 0.0
12.0 0.971971207849 0.0
27.0 -14.2121785924 1.0
111.0 1.07922559656 0.0
159.0 -14.2230326903 1.0
object 94	1.0:0.5 2.25161650377:0.5
10.0 1.09854028549 0.0
18.0 0.984856248138 0.0
109.0 2.154313497 1.0
160.0 1.26179670049 0.0
42.0 0.959533420915 0.0
26.0 1.08607225549 0.0
189.0 2.57395622084 1.0
144.0 0.989054162344 0.0
193.0 5.6595486432 1.0
92.0 2.2475359367 1.0
154.0 2.20952264901 1.0
23.0 2.34319921642 1.0
44.0 1.00265281979 0.0
49.0 1.00058215882 0.0
173.0 2.055317342 0.0
55.0 2.34139035118 1.0
83.0 0.964545537148 0.0
7.0 0.842350841083 0.0
111.0 1.03357507087 0.0
136.0 2.28303908978 1.0
115.0 2.24520104094 1.0
0.0 1.12252434878 0.0
108.0 1.0772730286 0.0
152.0 0.960150792586 0.0
30.0 2.26205292339 1.0
object 95	1.0:0.5 -17.2312773902:0.5
62.0 -17.2711204722 1.0
33.0 0.999502810816 0.0
94.0 -17.2319580109 1.0
77.0 0.953260956664 0.0
165.0 4.46262835051 0.0
95.0 -17.2373800491 1.0
199.0 5.35698300071 0.0
75.0 1.05746278787 0.0
61.0 -17.1886812494 1.0
51.0 0.94829546212 0.0
16.0 1.03210994684 0.0
20.0 0.959319664095 0.0
17.0 -17.3151634885 1.0
171.0 2.97673149535 0.0
32.0 -17.217574643 1.0
66.0 -17.3033529864 1.0
100.0 -17.1431514208 1.0
127.0 -17.1402622448 1.0
85.0 1.04486956037 0.0
194.0 -1.74388025389 0.0
172.0 -0.339491197915 0.0
150.0 1.03853155647 0.0
39.0 -17.1375555365 1.0
96.0 0.967085094803 0.0
112.0 -17.2779587657 1.0
67.0 -17.2679049004 1.0
129.0 -17.1876411468 1.0
180.0 -15.9437609662 1.0
22.0 1.00126588567 0.0
126.0 -17.2289164418 1.0
58.0 1.02090156978 0.0
162.0 3.3227142398 0.0
97.0 -17.220894217 1.0
119.0 1.04080683368 0.0
175.0 2.72837983755 0.0
70.0 -17.1739499061 1.0
83.0 -17.2541827798 1.0
object 96	1.0:0.5 -14.9743405761:0.5
16.0 -15.0332508868 1.0
37.0 -14.9986971415 1.0
143.0 0.973361427831 0.0
148.0 0.966370507649 0.0
15.0 -15.0757045399 1.0
170.0 4.21374209406 0.0
112.0 0.947722039592 0.0
126.0 0.994738539918 0.0
127.0 0.997657065459 0.0
101.0 1.08586496709 0.0
6.0 -14.9796996367 1.0
122.0 0.980313821093 0.0
97.0 0.988376407382 0.0
161.0 0.767389797061 0.0
36.0 1.01027937762 0.0
194.0 -14.7937640838 1.0
47.0 1.06327500516 0.0
object 97	1.0:0.5 6.58345970276:0.5
95.0 1.05879366796 0.0
175.0 5.75096992293 0.0
131.0 6.67499516561 1.0
170.0 6.49043648195 1.0
26.0 6.61796152034 1.0
177.0 5.06978359478 0.0
42.0 6.54145537432 1.0
3.0 0.974020645657 0.0
192.0 1.79153198589 0.0
123.0 6.57953567142 1.0
63.0 6.65851630564 1.0
79.0 6.4901950028 1.0
37.0 0.892733716958 0.0
57.0 1.00822626869 0.0
85.0 0.971466140994 0.0
11.0 1.02193893391 0.0
78.0 0.938414341432 0.0
96.0 6.50098910885 1.0
81.0 6.59733106718 1.0
199.0 2.17460968401 0.0
74.0 0.930643474988 0.0
62.0 6.6362173245 1.0
83.0 0.986419232284 0.0
76.0 6.55789683694 1.0
134.0 1.00538131832 0.0
156.0 6.62441760453 1.0
91.0 6.69436280089 1.0
34.0 6.72478497885 1.0
54.0 6.64490178003 1.0
object 98	1.0:0.5 -26.1079305843:0.5
21.0 -26.1153253883 1.0
61.0 -26.1040268143 1.0
73.0 1.04039505103 0.0
76.0 1.06225885879 0.0
190.0 -26.8442319279 1.0
127.0 -26.2153223287 1.0
112.0 0.879167926236 0.0
42.0 0.910694655352 0.0
180.0 -25.1256870846 1.0
169.0 -23.2782398347 1.0
138.0 1.04653034314 0.0
28.0 -26.1242672223 1.0
119.0 1.05089647163 0.0
29.0 0.951505596909 0.0
129.0 0.961251747506 0.0
11.0 0.987057937725 0.0
197.0 -29.4127418005 1.0
174.0 -0.305170557068 0.0
124.0 1.06433623395 0.0
77.0 -26.1021479408 1.0
145.0 0.975156420935 0.0
128.0 -26.0595732025 1.0
26.0 -26.0978404352 1.0
199.0 -30.0238539547 1.0
111.0 0.900592709974 0.0
67.0 -26.0952669535 1.0
92.0 0.96989307325 0.0
166.0 -25.3370483577 1.0
100.0 1.0002099295 0.0
187.0 -24.8374700254 1.0
68.0 -25.9513518503 1.0
50.0 -26.0381956046 1.0
object 99	1.0:0.5 -0.650683991242:0.5
116.0 -0.72596717771 1.0
131.0 -0.623666396727 1.0
87.0 -0.648330359809 1.0
114.0 -0.612982430083 1.0
62.0 1.08659174522 0.0
101.0 1.00894853462 0.0
29.0 0.984860452894 0.0
4.0 -0.638480244524 1.0
157.0 1.0175505845 0.0
123.0 -0.689848170418 1.0
94.0 1.11023658358 0.0
99.0 1.03022299368 0.0
109.0 -0.705027144832 1.0
84.0 1.01246532616 0.0
15.0 1.01683976985 0.0
173.0 -7.43875549524 0.0
64.0 -0.611436592553 1.0
14.0 -0.583370703891 1.0
33.0 1.00291136989 0.0
38.0 -0.649204523439 1.0
172.0 5.02950840114 0.0
169.0 -5.2830359867 1.0
176.0 2.18589479403 0.0
34.0 1.00104166201 0.0
137.0 1.04962112423 0.0
102.0 -0.735922572961 1.0
41.0 1.05957055832 0.0
178.0 0.332098494045 1.0
80.0 -0.544696455424 1.0
155.0 0.971217907491 0.0
40.0 0.982392458214 0.0
49.0 -0.624059823151 1.0
185.0 1.10419507072 0.0
