object 0	1.0:1.0
22.0 1.01716072116 1.0
128.0 0.961453578859 1.0
196.0 2.11677719793 1.0
190.0 0.597709571458 1.0
117.0 0.973150694971 1.0
123.0 1.00610602229 1.0
111.0 1.02152432054 1.0
55.0 1.03870727885 1.0
153.0 0.990008363957 1.0
65.0 0.97687484603 1.0
31.0 1.0489946324 1.0
158.0 0.977757613799 1.0
25.0 1.04933746264 1.0
63.0 0.977920563109 1.0
101.0 0.978159459012 1.0
140.0 1.0111291709 1.0
187.0 3.86322347044 1.0
122.0 1.06872732742 1.0
134.0 1.03078448298 1.0
2.0 1.04604595559 1.0
191.0 -2.97558409635 1.0
95.0 1.02082779301 1.0
94.0 1.02548897598 1.0
151.0 1.01174610571 1.0
193.0 0.718683035016 1.0
172.0 0.930104724008 1.0
58.0 1.01999722636 1.0
85.0 1.00261595967 1.0
146.0 0.995699994067 1.0
184.0 4.96695980602 1.0
169.0 0.955338809251 1.0
104.0 0.962954573283 1.0
185.0 -2.58680302528 1.0
175.0 0.928895828976 1.0
object 1	1.0:1.0
80.0 0.968508603312 1.0
31.0 0.993479879127 1.0
35.0 1.03205679815 1.0
118.0 0.996855854008 1.0
89.0 1.00941216965 1.0
150.0 0.87483174487 1.0
153.0 1.01639614138 1.0
173.0 0.995306162454 1.0
105.0 0.999217010651 1.0
75.0 1.01982378661 1.0
19.0 1.06168684241 1.0
85.0 1.02124069478 1.0
36.0 1.02697307437 1.0
64.0 1.03093878129 1.0
49.0 0.935171997319 1.0
99.0 0.958861526129 1.0
59.0 1.04861780943 1.0
159.0 0.979929888321 1.0
23.0 1.01418322888 1.0
77.0 0.992537872868 1.0
6.0 1.01460287351 1.0
object 2	1.0:1.0
57.0 0.993011781142 1.0
106.0 0.96564864079 1.0
188.0 -1.16724712365 1.0
58.0 0.974094015733 1.0
63.0 0.968416719378 1.0
174.0 0.979663337121 1.0
142.0 0.988263452618 1.0
123.0 0.939527907318 1.0
193.0 0.773804292821 1.0
112.0 1.01615842154 1.0
197.0 3.31251554998 1.0
105.0 1.03422993402 1.0
75.0 1.05023945463 1.0
76.0 1.01386891907 1.0
152.0 0.985076291271 1.0
148.0 1.01737112483 1.0
178.0 1.10030573443 1.0
69.0 0.999864909368 1.0
176.0 1.01586114998 1.0
object 3	1.0:1.0
121.0 1.03361803129 1.0
118.0 0.990100650499 1.0
198.0 1.52990486797 1.0
196.0 1.10286280195 1.0
135.0 1.0618382288 1.0
31.0 1.01719640127 1.0
140.0 0.979520995157 1.0
88.0 0.916521060179 1.0
159.0 1.00880054203 1.0
176.0 1.00065573384 1.0
43.0 0.989641196866 1.0
177.0 0.983071067074 1.0
151.0 0.96960095773 1.0
94.0 1.003789559 1.0
155.0 0.988307742303 1.0
150.0 1.05776743601 1.0
46.0 0.992904362152 1.0
189.0 -0.057741465162 1.0
164.0 1.03144390598 1.0
21.0 0.998728321336 1.0
161.0 1.00186493595 1.0
41.0 0.991050082486 1.0
104.0 0.972909166399 1.0
83.0 1.002419951 1.0
174.0 0.996640217412 1.0
29.0 0.98227114584 1.0
4.0 0.995732575415 1.0
86.0 0.992313183501 1.0
object 4	1.0:1.0
4.0 0.998598927827 1.0
149.0 0.996614487082 1.0
145.0 0.990521037309 1.0
31.0 0.990766402813 1.0
70.0 0.985187262732 1.0
67.0 1.00740805426 1.0
121.0 1.03675785546 1.0
144.0 1.08156225109 1.0
15.0 1.01786087737 1.0
142.0 1.02220248181 1.0
100.0 1.01626284262 1.0
140.0 0.962046044097 1.0
56.0 1.01199732594 1.0
105.0 0.982721493958 1.0
159.0 0.994885395951 1.0
0.0 1.02720129117 1.0
8.0 1.04118314013 1.0
86.0 0.999712806246 1.0
135.0 0.966983319695 1.0
34.0 1.00497907538 1.0
55.0 1.00057209313 1.0
118.0 1.02875402724 1.0
197.0 1.41656883952 1.0
88.0 0.925317630654 1.0
30.0 1.02857650849 1.0
27.0 1.00293385441 1.0
object 5	1.0:1.0
32.0 1.02960633275 1.0
63.0 1.01874074669 1.0
148.0 1.01119227088 1.0
144.0 1.02064249619 1.0
131.0 1.00809144415 1.0
130.0 1.01413634007 1.0
77.0 1.02099660092 1.0
19.0 0.995736458834 1.0
3.0 0.966664940718 1.0
127.0 0.983508454984 1.0
57.0 0.99236046047 1.0
178.0 0.954718294429 1.0
142.0 0.896921328615 1.0
60.0 1.01352663208 1.0
128.0 1.00200785253 1.0
173.0 1.02231997633 1.0
26.0 0.993754407603 1.0
141.0 1.03072711321 1.0
140.0 1.01633815095 1.0
86.0 0.992892272514 1.0
102.0 1.00856533309 1.0
object 6	1.0:1.0
190.0 0.157106168301 1.0
157.0 1.0016317709 1.0
113.0 0.935796960083 1.0
106.0 1.05839062246 1.0
167.0 0.974492425194 1.0
46.0 0.992003478852 1.0
44.0 0.917478708292 1.0
47.0 0.99298273708 1.0
181.0 -3.54836590406 1.0
71.0 1.03528756925 1.0
174.0 1.01762050061 1.0
111.0 1.00331600709 1.0
31.0 0.98162202551 1.0
110.0 0.902268172272 1.0
35.0 0.992605193674 1.0
155.0 1.03885797544 1.0
39.0 0.997808002852 1.0
97.0 1.01110560364 1.0
50.0 1.00885397359 1.0
104.0 1.06642086773 1.0
object 7	1.0:1.0
115.0 0.957568269942 1.0
159.0 0.995803847576 1.0
145.0 0.977798955509 1.0
112.0 0.981854149763 1.0
132.0 1.01070070064 1.0
110.0 0.957489881495 1.0
146.0 0.991522267933 1.0
43.0 1.01174907304 1.0
193.0 1.56040309443 1.0
99.0 0.985017914284 1.0
48.0 1.03295739182 1.0
40.0 0.942604655064 1.0
49.0 0.926897767911 1.0
101.0 1.06818668051 1.0
47.0 1.00313966767 1.0
165.0 1.01237706345 1.0
89.0 0.992792548069 1.0
139.0 1.0046244405 1.0
31.0 0.995022596164 1.0
167.0 1.00656893383 1.0
136.0 1.03098824549 1.0
155.0 0.972704001299 1.0
44.0 0.933865960111 1.0
119.0 1.03259968183 1.0
97.0 1.01242155401 1.0
57.0 0.975752308303 1.0
30.0 1.01523732869 1.0
15.0 1.0059698008 1.0
120.0 1.01470240507 1.0
object 8	1.0:1.0
175.0 1.03227380703 1.0
102.0 1.01803863418 1.0
7.0 1.04850181354 1.0
126.0 0.948596637664 1.0
108.0 1.01880345258 1.0
3.0 0.996862623721 1.0
27.0 1.02269646303 1.0
38.0 1.03489405326 1.0
62.0 0.989215760164 1.0
127.0 1.02673028507 1.0
115.0 1.02678728103 1.0
65.0 1.02033343999 1.0
73.0 1.08829200496 1.0
169.0 1.02274485767 1.0
101.0 1.03620127884 1.0
37.0 0.954130640456 1.0
46.0 1.02966092361 1.0
86.0 1.05874041035 1.0
72.0 1.01119926907 1.0
96.0 0.986752248355 1.0
object 9	1.0:1.0
90.0 0.994019285105 1.0
21.0 1.01219230431 1.0
63.0 0.971994577097 1.0
179.0 0.956301682669 1.0
166.0 0.978801338945 1.0
84.0 1.02015539962 1.0
98.0 0.990764419428 1.0
24.0 0.934415258285 1.0
68.0 0.99590960458 1.0
100.0 0.978946979677 1.0
115.0 0.976016630866 1.0
5.0 0.989688806738 1.0
110.0 1.01048552639 1.0
124.0 0.991419448109 1.0
195.0 1.39504536695 1.0
186.0 -0.877439487178 1.0
129.0 0.944437133687 1.0
127.0 0.99701612989 1.0
16.0 1.01253212853 1.0
10.0 0.973333919892 1.0
45.0 1.0256841802 1.0
199.0 1.1408591298 1.0
3.0 0.999823264898 1.0
object 10	1.0:1.0
93.0 1.0161199828 1.0
187.0 10.4850267292 1.0
106.0 0.995395563006 1.0
60.0 0.942901928109 1.0
118.0 0.978843380694 1.0
10.0 0.971794215421 1.0
126.0 1.00322570328 1.0
29.0 0.982507263725 1.0
184.0 -8.19964757364 1.0
36.0 1.02324034721 1.0
188.0 -2.23969530484 1.0
75.0 1.06880566992 1.0
179.0 0.975159800657 1.0
109.0 1.00460292442 1.0
157.0 1.00430562965 1.0
149.0 0.982215131167 1.0
119.0 0.97518407579 1.0
85.0 1.01449944588 1.0
63.0 0.98499752885 1.0
59.0 1.03917583725 1.0
169.0 1.02034495458 1.0
30.0 1.00756450237 1.0
27.0 0.99961549053 1.0
66.0 0.985799950418 1.0
96.0 0.998929133995 1.0
68.0 0.941770245206 1.0
51.0 0.978805280547 1.0
object 11	1.0:1.0
107.0 0.985769147539 1.0
35.0 0.98921928738 1.0
52.0 1.00774036459 1.0
0.0 0.899752312552 1.0
54.0 0.966648157382 1.0
58.0 1.02289859521 1.0
57.0 0.975456335436 1.0
155.0 0.999761817448 1.0
2.0 0.995559760401 1.0
139.0 0.998256861618 1.0
169.0 0.955826938588 1.0
193.0 1.04840684221 1.0
6.0 1.01703244317 1.0
20.0 0.986683957502 1.0
60.0 0.98049814052 1.0
178.0 1.04615638753 1.0
74.0 0.94543282242 1.0
71.0 0.997861489633 1.0
120.0 0.960456077778 1.0
182.0 1.40172702482 1.0
3.0 1.0167384233 1.0
140.0 1.02147570858 1.0
101.0 0.985166767477 1.0
118.0 1.03819945625 1.0
79.0 1.07396451025 1.0
object 12	1.0:1.0
115.0 0.999586644252 1.0
95.0 0.97828963831 1.0
90.0 1.00933523236 1.0
132.0 1.05034402257 1.0
168.0 1.0266598009 1.0
32.0 1.00502251083 1.0
120.0 1.05261392532 1.0
85.0 1.01455043569 1.0
151.0 0.961903586208 1.0
1.0 1.03106983989 1.0
4.0 0.992243562123 1.0
163.0 0.987890354764 1.0
14.0 1.02940356328 1.0
15.0 1.02395997586 1.0
188.0 1.0108228978 1.0
22.0 1.01229631048 1.0
50.0 0.985675399853 1.0
156.0 1.02640861482 1.0
159.0 1.02205378648 1.0
7.0 0.968014338334 1.0
29.0 0.932375930354 1.0
63.0 1.01337347352 1.0
51.0 0.980750666176 1.0
137.0 1.00295034776 1.0
72.0 1.0163459436 1.0
184.0 -1.88476720036 1.0
57.0 0.987167495236 1.0
object 13	1.0:1.0
162.0 1.02679869515 1.0
144.0 0.975008268474 1.0
40.0 1.01625355521 1.0
154.0 1.01018447543 1.0
86.0 1.01513679466 1.0
35.0 1.01359137662 1.0
10.0 0.982732883123 1.0
135.0 0.924715905321 1.0
18.0 0.950357807322 1.0
136.0 0.96722927671 1.0
79.0 0.98769691435 1.0
59.0 0.955252481228 1.0
15.0 1.00331409325 1.0
150.0 1.03760763509 1.0
174.0 1.02678858847 1.0
127.0 0.994618595374 1.0
140.0 1.01537086088 1.0
object 14	1.0:1.0
138.0 0.978155516677 1.0
189.0 5.33167143334 1.0
88.0 0.973274478027 1.0
197.0 -0.185282182026 1.0
93.0 0.9387578623 1.0
135.0 0.997157009349 1.0
169.0 1.00574035697 1.0
118.0 1.0269684321 1.0
140.0 1.05400095397 1.0
136.0 0.986672272362 1.0
54.0 0.970569127841 1.0
61.0 1.02370320981 1.0
133.0 0.975188728685 1.0
184.0 3.70165761078 1.0
175.0 1.02874149384 1.0
97.0 1.04041054279 1.0
173.0 0.969222423122 1.0
16.0 1.00551487871 1.0
107.0 1.0576665331 1.0
148.0 0.952298582358 1.0
132.0 0.965972218741 1.0
179.0 1.04414559296 1.0
21.0 0.996252256203 1.0
3.0 1.03737489154 1.0
object 15	1.0:1.0
113.0 0.961331924221 1.0
170.0 1.03244410847 1.0
1.0 1.00889876983 1.0
67.0 0.995153800037 1.0
177.0 1.02497689764 1.0
161.0 1.0070335042 1.0
27.0 1.00847254954 1.0
54.0 1.02049264385 1.0
168.0 1.0074760165 1.0
50.0 1.00025565855 1.0
80.0 1.00753295601 1.0
141.0 1.01337912078 1.0
4.0 0.995106144022 1.0
99.0 0.995828198232 1.0
132.0 1.01357469035 1.0
194.0 6.73687897253 1.0
191.0 3.50869894518 1.0
166.0 1.00091499328 1.0
123.0 0.971541035188 1.0
14.0 1.04832708162 1.0
23.0 1.02015832071 1.0
136.0 1.07572090869 1.0
126.0 0.972503566705 1.0
167.0 0.998339422007 1.0
8.0 0.949994987564 1.0
object 16	1.0:1.0
85.0 1.03687861083 1.0
198.0 0.07810650833 1.0
36.0 0.995835161796 1.0
179.0 0.986302579429 1.0
92.0 1.00461422221 1.0
37.0 0.997079520856 1.0
127.0 0.994172155206 1.0
18.0 1.00643368743 1.0
196.0 3.0560120234 1.0
193.0 -0.00470199397893 1.0
129.0 0.953891249017 1.0
143.0 1.02122972819 1.0
74.0 0.96082577306 1.0
113.0 1.0142915247 1.0
6.0 1.00501845402 1.0
95.0 0.954358386544 1.0
123.0 1.01083736696 1.0
73.0 1.03788829658 1.0
173.0 0.972018883515 1.0
59.0 1.0210889623 1.0
150.0 0.976886443218 1.0
146.0 1.0020333413 1.0
77.0 1.01129859613 1.0
16.0 0.988258890601 1.0
163.0 1.04361184084 1.0
130.0 0.994891709801 1.0
128.0 1.04618108877 1.0
132.0 1.03828401704 1.0
84.0 0.959495618372 1.0
43.0 1.02011959053 1.0
188.0 -1.63723531332 1.0
object 17	1.0:1.0
25.0 1.01453397945 1.0
169.0 1.02192511853 1.0
12.0 0.997496821222 1.0
5.0 0.990947215331 1.0
49.0 0.933668590489 1.0
154.0 0.994148640909 1.0
141.0 0.990988779893 1.0
31.0 1.00590720142 1.0
152.0 1.01954438201 1.0
134.0 1.00308702082 1.0
103.0 0.98673871596 1.0
142.0 0.972404723942 1.0
160.0 0.918840517228 1.0
57.0 1.01352260737 1.0
77.0 1.01925529283 1.0
67.0 1.04518923104 1.0
2.0 1.00800734337 1.0
109.0 0.99967426425 1.0
148.0 1.01040302964 1.0
196.0 1.33987459663 1.0
68.0 0.958003486911 1.0
object 18	1.0:1.0
34.0 0.953174524906 1.0
90.0 1.00940891508 1.0
8.0 0.94611002674 1.0
161.0 1.01573773165 1.0
30.0 1.02967811214 1.0
167.0 0.998025183994 1.0
47.0 1.0019776481 1.0
102.0 0.958518246148 1.0
103.0 0.988247101093 1.0
11.0 1.00306134288 1.0
106.0 1.01909843755 1.0
7.0 0.980872859282 1.0
26.0 0.985391913932 1.0
40.0 1.01444031383 1.0
151.0 0.975670567418 1.0
158.0 0.912849955765 1.0
69.0 0.990446515893 1.0
object 19	1.0:1.0
146.0 1.00952223393 1.0
174.0 1.02158174651 1.0
120.0 0.95927763985 1.0
187.0 -0.785894165425 1.0
17.0 1.0042779016 1.0
118.0 0.969247622396 1.0
84.0 0.990921113106 1.0
25.0 0.989465082596 1.0
199.0 3.62345580724 1.0
78.0 0.999051469907 1.0
77.0 1.02909896884 1.0
10.0 1.0018746323 1.0
39.0 1.00605925246 1.0
34.0 1.05919966803 1.0
161.0 1.00259358757 1.0
33.0 0.994216561354 1.0
63.0 0.971539891588 1.0
116.0 0.986574586737 1.0
72.0 0.989958725111 1.0
41.0 0.975566587293 1.0
43.0 1.03004963795 1.0
12.0 1.00643438935 1.0
180.0 6.77618717501 1.0
57.0 1.03208356883 1.0
106.0 0.95379083335 1.0
50.0 0.977598272075 1.0
123.0 1.00718540445 1.0
111.0 1.01958335186 1.0
108.0 0.970912772478 1.0
object 20	1.0:1.0
136.0 0.965488451304 1.0
161.0 0.994487304951 1.0
91.0 1.01214921044 1.0
129.0 0.972324952906 1.0
125.0 0.960616168977 1.0
5.0 0.99440548893 1.0
56.0 0.984182604582 1.0
184.0 8.13557105199 1.0
133.0 0.97974609053 1.0
163.0 1.01895705714 1.0
189.0 -3.7531156695 1.0
105.0 1.00798773219 1.0
65.0 0.998900108015 1.0
26.0 1.00487126185 1.0
28.0 1.04379854021 1.0
157.0 0.972007742164 1.0
142.0 1.02174711248 1.0
126.0 1.00278621092 1.0
171.0 1.02439603841 1.0
188.0 -1.99930890124 1.0
103.0 1.01387174255 1.0
object 21	1.0:1.0
26.0 1.02603186913 1.0
182.0 1.42237470859 1.0
81.0 1.06107194134 1.0
167.0 1.00953382204 1.0
71.0 1.03463848506 1.0
149.0 1.00113506791 1.0
143.0 0.966529353885 1.0
114.0 1.0401810522 1.0
164.0 0.998285571024 1.0
190.0 0.698965967877 1.0
179.0 0.97323045869 1.0
69.0 0.973159877021 1.0
53.0 1.01347273081 1.0
56.0 0.986546519055 1.0
139.0 0.970967300747 1.0
6.0 0.995283457857 1.0
78.0 0.993238823768 1.0
73.0 0.942984218252 1.0
76.0 1.03153810428 1.0
9.0 1.01407760851 1.0
171.0 0.986477659558 1.0
102.0 0.980334140564 1.0
151.0 0.992941186062 1.0
145.0 0.957889884321 1.0
57.0 1.0011150412 1.0
object 22	1.0:1.0
91.0 0.995888433049 1.0
166.0 0.993725643464 1.0
35.0 1.03033252813 1.0
101.0 1.02769670762 1.0
99.0 1.03736988517 1.0
53.0 1.04101804415 1.0
194.0 2.54884050987 1.0
165.0 0.937614180787 1.0
41.0 1.01438759277 1.0
153.0 1.06500072217 1.0
179.0 0.923568646783 1.0
42.0 0.963298978701 1.0
85.0 0.97720523057 1.0
171.0 1.00806943873 1.0
30.0 1.01834443193 1.0
20.0 0.994327263313 1.0
32.0 0.952286682015 1.0
198.0 0.477656023499 1.0
49.0 0.948958625933 1.0
76.0 0.973114777559 1.0
68.0 1.02886124102 1.0
129.0 1.03536985617 1.0
22.0 0.985792357903 1.0
192.0 3.35055415399 1.0
118.0 0.99113285093 1.0
120.0 1.01867742299 1.0
122.0 0.975724952922 1.0
69.0 1.03461023373 1.0
133.0 0.952310973954 1.0
36.0 1.04818426647 1.0
object 23	1.0:1.0
105.0 0.963170304337 1.0
15.0 1.001745497 1.0
48.0 1.0324003799 1.0
46.0 1.01177723812 1.0
157.0 0.990123447853 1.0
171.0 1.00633092689 1.0
0.0 1.02654887441 1.0
31.0 0.953441436792 1.0
138.0 1.01338297375 1.0
168.0 0.999989617799 1.0
93.0 1.03526477753 1.0
104.0 1.02916399419 1.0
95.0 0.983455944836 1.0
122.0 1.0023039507 1.0
192.0 3.66463444016 1.0
118.0 1.00145875299 1.0
140.0 1.0716990582 1.0
68.0 1.05679855208 1.0
7.0 0.972725254583 1.0
115.0 0.956784818532 1.0
33.0 1.00823795701 1.0
193.0 2.96244341557 1.0
60.0 1.03826523628 1.0
30.0 0.99295026829 1.0
object 24	1.0:1.0
97.0 0.974613016576 1.0
16.0 0.995583540191 1.0
30.0 1.02497515203 1.0
87.0 1.00548923704 1.0
133.0 1.0246270372 1.0
58.0 1.0113980778 1.0
170.0 1.00769297909 1.0
157.0 1.00427587096 1.0
141.0 0.998267504092 1.0
166.0 1.00685304292 1.0
90.0 1.02219854661 1.0
19.0 1.06123421263 1.0
148.0 1.01717790894 1.0
121.0 0.983882042351 1.0
91.0 0.992753837723 1.0
83.0 1.01868301928 1.0
182.0 0.846420127524 1.0
172.0 0.975455168721 1.0
122.0 0.990199705759 1.0
object 25	1.0:1.0
150.0 1.00372436445 1.0
175.0 0.97804505575 1.0
139.0 1.03059099846 1.0
76.0 0.99791083725 1.0
168.0 0.970705825519 1.0
47.0 0.998306153605 1.0
108.0 1.00185033481 1.0
30.0 0.988878617624 1.0
179.0 0.977306339891 1.0
36.0 1.01030249245 1.0
159.0 0.982124284235 1.0
111.0 1.00976148704 1.0
41.0 1.01320275298 1.0
50.0 0.946380482712 1.0
118.0 0.968238264937 1.0
188.0 -0.421202606038 1.0
64.0 0.981776804078 1.0
186.0 0.202635146095 1.0
162.0 0.998922832355 1.0
101.0 0.967433688364 1.0
61.0 0.979542197473 1.0
193.0 1.11284739443 1.0
26.0 0.996643849244 1.0
105.0 1.01777619187 1.0
161.0 1.06104466591 1.0
object 26	1.0:1.0
133.0 0.972474242203 1.0
158.0 1.09148574186 1.0
50.0 0.974571622924 1.0
62.0 1.00104344626 1.0
56.0 1.01619365764 1.0
193.0 5.15957283155 1.0
16.0 0.994916422633 1.0
155.0 0.953597651275 1.0
78.0 1.01858669732 1.0
176.0 1.03217243375 1.0
156.0 0.995502309066 1.0
175.0 0.952972029231 1.0
80.0 1.01820108955 1.0
59.0 0.968135585078 1.0
28.0 0.969474296842 1.0
39.0 1.01646317948 1.0
173.0 1.01616295685 1.0
85.0 0.975809248057 1.0
6.0 1.01903289349 1.0
5.0 1.02081372085 1.0
112.0 0.916307388541 1.0
127.0 0.967383850772 1.0
178.0 1.02664693462 1.0
58.0 0.970077415197 1.0
92.0 0.998993766495 1.0
26.0 0.980647397201 1.0
51.0 1.0308160914 1.0
142.0 1.01678153306 1.0
38.0 0.985592893461 1.0
object 27	1.0:1.0
28.0 1.02371012369 1.0
30.0 1.0000286082 1.0
176.0 1.01855462404 1.0
165.0 0.994614695226 1.0
174.0 1.01652424928 1.0
42.0 0.984608463633 1.0
126.0 1.00169334459 1.0
98.0 0.962972826875 1.0
32.0 1.00475645919 1.0
186.0 1.79431326312 1.0
19.0 0.931645454655 1.0
189.0 2.15151875967 1.0
197.0 3.96873861526 1.0
173.0 0.998905648149 1.0
119.0 0.998519240007 1.0
187.0 2.97357488032 1.0
182.0 1.02874967072 1.0
159.0 0.973680314096 1.0
142.0 0.981813706811 1.0
177.0 1.02781885929 1.0
4.0 0.983596038025 1.0
115.0 1.00833368749 1.0
198.0 1.95820112904 1.0
71.0 0.986787359592 1.0
76.0 0.997900547177 1.0
68.0 1.00084077766 1.0
89.0 1.01946808002 1.0
168.0 0.964760086723 1.0
110.0 1.03796185872 1.0
148.0 0.932685765604 1.0
75.0 1.0013228604 1.0
58.0 1.01124462824 1.0
67.0 0.961868206504 1.0
101.0 1.00107949376 1.0
16.0 1.00807411866 1.0
90.0 1.00955267967 1.0
object 28	1.0:1.0
7.0 0.994606933486 1.0
195.0 1.22911272936 1.0
48.0 0.990352207401 1.0
1.0 0.950574937366 1.0
10.0 0.978829987356 1.0
69.0 0.977038109092 1.0
126.0 0.904660538091 1.0
6.0 1.00941631071 1.0
19.0 1.0344705208 1.0
24.0 1.03401060571 1.0
197.0 2.00256032717 1.0
164.0 1.0100714826 1.0
144.0 0.992101534871 1.0
182.0 1.39513910515 1.0
196.0 -1.03922924167 1.0
180.0 1.21914076279 1.0
72.0 0.994409397734 1.0
189.0 2.33164140673 1.0
57.0 1.03784664184 1.0
68.0 0.944404338622 1.0
184.0 -2.79419185145 1.0
object 29	1.0:1.0
142.0 0.932794054322 1.0
157.0 1.0864720398 1.0
77.0 0.991388686415 1.0
5.0 1.01855837268 1.0
163.0 1.02629838134 1.0
156.0 0.955889731513 1.0
111.0 0.992170765826 1.0
81.0 0.960699158429 1.0
41.0 1.00068005544 1.0
92.0 1.05789861515 1.0
169.0 1.03498606816 1.0
99.0 1.00827316518 1.0
137.0 1.00642707558 1.0
60.0 0.942383677165 1.0
178.0 0.979351786332 1.0
1.0 0.993496557948 1.0
162.0 1.01937127885 1.0
2.0 1.00583416365 1.0
132.0 0.99216580653 1.0
160.0 0.994613085769 1.0
53.0 0.965141214955 1.0
110.0 1.10806754434 1.0
154.0 0.994615978237 1.0
143.0 1.03047451754 1.0
165.0 1.01653663888 1.0
89.0 1.01996358206 1.0
36.0 1.02220973263 1.0
0.0 1.01469318463 1.0
133.0 0.975501021584 1.0
78.0 1.02608348172 1.0
83.0 0.998132120184 1.0
object 30	1.0:1.0
98.0 0.965786335528 1.0
167.0 1.005894173 1.0
157.0 1.05202222833 1.0
82.0 0.995345014989 1.0
173.0 1.01221367397 1.0
22.0 0.995498001276 1.0
145.0 0.938376603012 1.0
88.0 0.988878880044 1.0
194.0 -2.38635184415 1.0
198.0 0.664371029527 1.0
44.0 1.08087741532 1.0
193.0 -0.891888609737 1.0
107.0 0.990528127846 1.0
126.0 0.959100336096 1.0
104.0 1.04363664236 1.0
28.0 1.0285275016 1.0
178.0 0.922714712969 1.0
176.0 1.02030656758 1.0
15.0 1.01251877665 1.0
81.0 0.972900091513 1.0
64.0 1.00525844302 1.0
162.0 1.03756610046 1.0
33.0 0.985222087111 1.0
18.0 0.985956826493 1.0
149.0 0.993392924586 1.0
103.0 0.998713888648 1.0
191.0 -1.51439318587 1.0
174.0 0.984772574072 1.0
21.0 0.977808010263 1.0
53.0 0.972798678752 1.0
77.0 0.988366850162 1.0
52.0 1.05635486713 1.0
object 31	1.0:1.0
174.0 1.03464693202 1.0
12.0 0.98276425217 1.0
113.0 1.0458667354 1.0
74.0 0.991752104113 1.0
61.0 0.953013086326 1.0
138.0 0.993536960697 1.0
120.0 0.952665845242 1.0
68.0 1.03133446726 1.0
142.0 0.956603638108 1.0
45.0 1.0070479448 1.0
192.0 1.27914129884 1.0
182.0 0.371495705171 1.0
16.0 0.992357765085 1.0
49.0 0.966320793961 1.0
186.0 -2.20442249931 1.0
145.0 0.986180379398 1.0
134.0 1.00031934306 1.0
54.0 1.07763745927 1.0
87.0 0.946962211959 1.0
5.0 1.03416342598 1.0
102.0 0.991570627115 1.0
0.0 0.993905422661 1.0
128.0 1.0333148246 1.0
57.0 0.991611031612 1.0
40.0 1.00004157417 1.0
188.0 4.57574174379 1.0
183.0 2.50349271199 1.0
36.0 0.947724556535 1.0
100.0 1.00579272128 1.0
197.0 -0.704519121047 1.0
11.0 1.00266647306 1.0
object 32	1.0:1.0
155.0 0.967888959034 1.0
70.0 1.0294922787 1.0
60.0 1.0170803838 1.0
46.0 1.02021598954 1.0
65.0 0.975551938679 1.0
33.0 0.99076101055 1.0
167.0 0.996716294335 1.0
61.0 0.986201767731 1.0
135.0 0.984773780613 1.0
173.0 1.02326086917 1.0
94.0 0.965090223633 1.0
178.0 0.915892484503 1.0
168.0 1.01773897466 1.0
10.0 1.01129850633 1.0
102.0 0.986633502316 1.0
188.0 0.271938166436 1.0
151.0 0.957829201547 1.0
107.0 1.06244257304 1.0
86.0 1.01629096874 1.0
157.0 1.02775829148 1.0
97.0 1.03713429408 1.0
154.0 1.02518431871 1.0
89.0 1.00248203582 1.0
object 33	1.0:1.0
130.0 0.987269801794 1.0
194.0 1.26770314159 1.0
50.0 1.00563583808 1.0
132.0 1.02555339005 1.0
145.0 0.974415825198 1.0
166.0 0.985530465462 1.0
187.0 5.63869556699 1.0
95.0 1.00671861297 1.0
94.0 0.981479988475 1.0
14.0 0.974508981182 1.0
82.0 0.999951233532 1.0
37.0 1.01620230707 1.0
75.0 1.05313507129 1.0
180.0 1.01295276194 1.0
118.0 0.999428917427 1.0
176.0 0.985486661119 1.0
78.0 1.02929610276 1.0
28.0 0.999241079585 1.0
131.0 0.965064541968 1.0
105.0 1.00435571414 1.0
object 34	1.0:1.0
110.0 0.951415848747 1.0
11.0 1.00641898129 1.0
19.0 0.99612861528 1.0
145.0 0.996947600229 1.0
132.0 1.01416925276 1.0
120.0 0.999939359326 1.0
29.0 0.968138088908 1.0
2.0 0.982847857217 1.0
82.0 1.01467029049 1.0
192.0 2.17590306596 1.0
10.0 0.999995540424 1.0
44.0 1.03592827231 1.0
109.0 1.03574805798 1.0
171.0 1.01970724207 1.0
6.0 1.03447235171 1.0
129.0 1.01662871113 1.0
118.0 1.01414242887 1.0
144.0 0.964151110083 1.0
object 35	1.0:1.0
70.0 0.980774042969 1.0
77.0 0.986761288139 1.0
44.0 1.05294399192 1.0
111.0 0.988718368791 1.0
53.0 0.962861386377 1.0
90.0 1.01052002459 1.0
81.0 1.04511936175 1.0
140.0 0.989738941543 1.0
160.0 0.971611740848 1.0
63.0 1.00200495333 1.0
68.0 0.897067963454 1.0
146.0 0.997688005768 1.0
167.0 1.00223370991 1.0
184.0 -1.23284241879 1.0
178.0 0.980445562339 1.0
192.0 -0.629859532618 1.0
180.0 -1.1387329149 1.0
153.0 1.06099404552 1.0
127.0 0.984055324485 1.0
40.0 1.02615503439 1.0
59.0 0.952491714262 1.0
196.0 0.617868358955 1.0
11.0 1.0226149506 1.0
164.0 0.92695489264 1.0
136.0 1.01118202411 1.0
158.0 0.846654386197 1.0
65.0 0.970700787527 1.0
object 36	1.0:1.0
45.0 0.984970081621 1.0
19.0 1.04289684246 1.0
2.0 1.01378895513 1.0
145.0 1.01769973369 1.0
126.0 1.00921238932 1.0
27.0 0.99561031994 1.0
29.0 0.997516782788 1.0
77.0 1.00230895701 1.0
118.0 0.94622682443 1.0
164.0 1.0176690985 1.0
63.0 0.987269507907 1.0
15.0 1.01405820924 1.0
130.0 1.00287692308 1.0
148.0 1.0086737678 1.0
12.0 1.00871893208 1.0
142.0 1.03003396755 1.0
25.0 0.994549734492 1.0
151.0 1.07263686554 1.0
object 37	1.0:1.0
43.0 1.00289219638 1.0
96.0 1.01461757815 1.0
10.0 1.00008101139 1.0
32.0 0.925238414414 1.0
175.0 1.00750521951 1.0
82.0 1.01035821365 1.0
26.0 1.02880973458 1.0
90.0 1.00409370477 1.0
19.0 1.02367777009 1.0
0.0 0.947772056563 1.0
111.0 0.98768065463 1.0
102.0 1.04103531461 1.0
31.0 1.02365234658 1.0
172.0 1.00823512803 1.0
94.0 0.993261099088 1.0
36.0 1.0005447066 1.0
88.0 1.06524077871 1.0
163.0 0.975170676814 1.0
60.0 1.04900877675 1.0
123.0 1.03340138759 1.0
11.0 0.961082126868 1.0
object 38	1.0:1.0
18.0 0.993541001815 1.0
90.0 0.99479498643 1.0
77.0 1.00069384967 1.0
74.0 1.06609792487 1.0
56.0 1.00847872078 1.0
159.0 1.00190950854 1.0
117.0 0.977387164098 1.0
45.0 0.994944782144 1.0
162.0 0.980317173366 1.0
89.0 0.970400337012 1.0
50.0 0.996462182623 1.0
36.0 0.916751291559 1.0
13.0 0.993759977915 1.0
164.0 0.987359035562 1.0
108.0 1.00456926435 1.0
59.0 0.997834145137 1.0
173.0 1.02523513027 1.0
2.0 0.999843769971 1.0
176.0 1.00006275188 1.0
20.0 1.02465851443 1.0
197.0 1.71085700199 1.0
96.0 1.0056804447 1.0
46.0 1.00025594615 1.0
105.0 0.990883501066 1.0
180.0 -2.73401097234 1.0
118.0 1.0022963921 1.0
3.0 0.981145814518 1.0
21.0 0.956455856957 1.0
object 39	1.0:1.0
67.0 0.940431148741 1.0
11.0 1.00608329052 1.0
152.0 1.00580369298 1.0
146.0 1.00024711386 1.0
129.0 1.05979461977 1.0
63.0 1.01946356518 1.0
185.0 5.97797275155 1.0
174.0 0.983906725884 1.0
35.0 0.999688963753 1.0
21.0 0.969735977502 1.0
92.0 1.0590122381 1.0
124.0 0.973659007851 1.0
194.0 1.50559966461 1.0
179.0 1.05842032279 1.0
158.0 1.00634230235 1.0
193.0 0.758285988494 1.0
46.0 0.984226859776 1.0
172.0 1.0291878534 1.0
object 40	1.0:1.0
147.0 1.00517028132 1.0
3.0 1.01895158101 1.0
18.0 0.995102320707 1.0
164.0 0.981529466623 1.0
119.0 1.04668301069 1.0
185.0 -3.20427081649 1.0
126.0 0.982573634376 1.0
89.0 0.997489977099 1.0
60.0 1.11386024142 1.0
171.0 1.00871182764 1.0
110.0 1.04916121431 1.0
153.0 1.01479833474 1.0
33.0 0.957814735465 1.0
77.0 1.00214224534 1.0
1.0 1.01085186973 1.0
100.0 0.984863285143 1.0
95.0 1.01706402184 1.0
12.0 0.997829842161 1.0
46.0 0.983518059298 1.0
31.0 0.974669616691 1.0
50.0 1.01577288204 1.0
object 41	1.0:1.0
164.0 0.981063299215 1.0
179.0 0.93958804477 1.0
125.0 0.984369748206 1.0
161.0 0.975722729148 1.0
175.0 1.04443302405 1.0
190.0 -0.376463330751 1.0
83.0 1.01777054944 1.0
129.0 1.02535712318 1.0
91.0 1.01721794061 1.0
138.0 0.985959752071 1.0
144.0 1.03795435217 1.0
96.0 1.01996438978 1.0
174.0 0.970861860643 1.0
21.0 0.990005566728 1.0
157.0 0.939237027268 1.0
193.0 -4.00569854198 1.0
81.0 0.977795342952 1.0
168.0 0.985822413222 1.0
60.0 0.997869460205 1.0
15.0 1.00357412457 1.0
160.0 1.02203501307 1.0
57.0 0.981673530163 1.0
128.0 1.04538607585 1.0
170.0 0.99786174909 1.0
77.0 1.00272662933 1.0
41.0 0.993579385049 1.0
76.0 0.955026710852 1.0
80.0 1.00230313807 1.0
86.0 1.04498825222 1.0
object 42	1.0:1.0
186.0 0.0859283599585 1.0
122.0 1.00849452427 1.0
20.0 1.01356094112 1.0
6.0 0.994062278326 1.0
74.0 1.0005278377 1.0
164.0 1.05025585177 1.0
130.0 0.983533925834 1.0
171.0 0.992153585428 1.0
165.0 0.991128905087 1.0
10.0 0.991137498453 1.0
24.0 0.97996297579 1.0
91.0 1.00595464831 1.0
23.0 0.992360124892 1.0
48.0 0.968158515558 1.0
159.0 0.971600087683 1.0
190.0 0.721691151898 1.0
149.0 0.978221319356 1.0
1.0 0.971776849608 1.0
97.0 0.968684378619 1.0
67.0 1.13189437186 1.0
17.0 1.01620740037 1.0
179.0 1.02028624963 1.0
169.0 1.02976349369 1.0
192.0 0.910359137753 1.0
108.0 0.986906993574 1.0
object 43	1.0:1.0
85.0 1.02942958992 1.0
11.0 0.973847911461 1.0
88.0 1.00908097041 1.0
141.0 0.97540053062 1.0
67.0 1.0201359359 1.0
75.0 1.00278379558 1.0
54.0 1.07229836696 1.0
42.0 1.0217167754 1.0
97.0 1.00925101682 1.0
44.0 1.02545416769 1.0
152.0 1.00284710352 1.0
86.0 0.986324930037 1.0
18.0 1.02026699443 1.0
111.0 0.994684068374 1.0
127.0 1.01014432181 1.0
140.0 0.981650373205 1.0
190.0 1.03072263801 1.0
115.0 0.996916928495 1.0
47.0 1.00726268572 1.0
196.0 0.775749029103 1.0
119.0 0.998654432185 1.0
1.0 0.976125810856 1.0
87.0 0.984014038728 1.0
62.0 0.989994965516 1.0
object 44	1.0:1.0
142.0 1.03297627679 1.0
191.0 -3.57487532898 1.0
8.0 1.01207926299 1.0
45.0 1.00189975298 1.0
183.0 1.14948931503 1.0
194.0 2.68231433015 1.0
198.0 2.19896951517 1.0
150.0 0.933680888187 1.0
136.0 1.07517354571 1.0
179.0 1.04047382974 1.0
23.0 0.967003375851 1.0
139.0 1.01976785243 1.0
38.0 1.05399899783 1.0
146.0 1.02301907921 1.0
15.0 1.00829475934 1.0
100.0 1.00853339931 1.0
62.0 1.01549977708 1.0
67.0 0.958753387113 1.0
72.0 1.01018540098 1.0
64.0 0.977305649239 1.0
55.0 1.0024637515 1.0
54.0 0.941031962789 1.0
57.0 1.00981717814 1.0
object 45	1.0:1.0
95.0 1.00074605927 1.0
30.0 0.982985479689 1.0
142.0 0.993577631936 1.0
16.0 0.998418162402 1.0
180.0 2.57066745817 1.0
141.0 1.05271348306 1.0
102.0 0.922170942039 1.0
171.0 1.03851756075 1.0
17.0 1.01208546538 1.0
35.0 1.03000019717 1.0
21.0 0.984665289529 1.0
168.0 1.01862666619 1.0
137.0 0.981179009841 1.0
88.0 1.06035363833 1.0
155.0 0.932453379312 1.0
94.0 1.0155511224 1.0
33.0 0.952579591323 1.0
object 46	1.0:1.0
191.0 -5.91346760762 1.0
33.0 0.970458242533 1.0
82.0 0.994058850938 1.0
40.0 1.01574065311 1.0
54.0 1.08538672148 1.0
152.0 1.03052704961 1.0
4.0 0.99763184073 1.0
174.0 1.02072607831 1.0
166.0 0.976985311403 1.0
104.0 0.990395712216 1.0
73.0 0.973552320976 1.0
2.0 0.951502378023 1.0
20.0 0.967629395589 1.0
57.0 0.963922865225 1.0
122.0 0.993203860948 1.0
7.0 0.945685175961 1.0
45.0 1.02664245622 1.0
180.0 -0.848993954775 1.0
172.0 0.964435420248 1.0
84.0 0.960565147415 1.0
183.0 -0.900635209895 1.0
50.0 1.05547679152 1.0
1.0 1.02793461827 1.0
68.0 1.00507245286 1.0
181.0 6.09200581157 1.0
126.0 0.969702863229 1.0
object 47	1.0:1.0
196.0 0.0605216969628 1.0
172.0 0.99812008995 1.0
62.0 1.03282877581 1.0
173.0 0.995721637436 1.0
103.0 1.00600583467 1.0
184.0 -1.8522947705 1.0
39.0 0.998312010451 1.0
190.0 2.21672820318 1.0
46.0 1.01854249775 1.0
128.0 0.987459277658 1.0
25.0 1.02522083538 1.0
15.0 0.999510046255 1.0
36.0 1.06342210052 1.0
87.0 1.01585346266 1.0
192.0 0.643358937666 1.0
111.0 1.04519804421 1.0
75.0 1.05935348309 1.0
149.0 1.01187452397 1.0
118.0 1.05041046336 1.0
28.0 0.943735334328 1.0
155.0 0.946465528601 1.0
7.0 1.05155663781 1.0
188.0 -1.39849785097 1.0
72.0 0.996811829118 1.0
object 48	1.0:1.0
145.0 1.03165626569 1.0
151.0 1.02490511384 1.0
77.0 1.00905045046 1.0
38.0 1.00502491021 1.0
11.0 0.983563200015 1.0
125.0 1.02786453923 1.0
138.0 0.979821033041 1.0
192.0 5.88660640681 1.0
35.0 0.994291005397 1.0
174.0 1.02252476527 1.0
113.0 1.02956226454 1.0
112.0 0.970993966429 1.0
54.0 0.944077946283 1.0
179.0 1.01335211349 1.0
181.0 1.75156305797 1.0
100.0 1.00375631463 1.0
126.0 0.970267725427 1.0
39.0 0.993800559421 1.0
173.0 0.987152976421 1.0
65.0 0.994188901013 1.0
46.0 0.973423805437 1.0
75.0 0.995292014926 1.0
71.0 0.980497195281 1.0
40.0 0.965117858477 1.0
59.0 0.97850079445 1.0
198.0 0.218754215428 1.0
25.0 0.968265259627 1.0
12.0 0.997593152248 1.0
20.0 1.02178671394 1.0
64.0 1.0000145572 1.0
22.0 0.965316327098 1.0
object 49	1.0:1.0
97.0 0.988166137371 1.0
198.0 -1.01457829262 1.0
181.0 0.445275858903 1.0
79.0 0.956682025711 1.0
69.0 1.00017401673 1.0
155.0 1.04970875858 1.0
178.0 1.06797239111 1.0
171.0 1.01539848755 1.0
165.0 1.01144375075 1.0
145.0 0.976817657976 1.0
73.0 1.03397714603 1.0
33.0 0.999960180704 1.0
81.0 0.96151713298 1.0
45.0 1.00268637411 1.0
59.0 0.96186105867 1.0
162.0 1.03542382733 1.0
161.0 0.96882707257 1.0
156.0 1.06209345134 1.0
173.0 1.01653278078 1.0
56.0 0.981713503027 1.0
187.0 8.28848394364 1.0
116.0 0.981899727917 1.0
6.0 0.973185575514 1.0
55.0 1.01652541467 1.0
42.0 0.955725237239 1.0
99.0 0.973502118375 1.0
82.0 1.06907253991 1.0
object 50	1.0:0.5 8.3979732619:0.5
22.0 0.978841004211 0.0
96.0 1.02036133727 0.0
69.0 1.10728733956 0.0
59.0 1.00114423466 0.0
181.0 10.9532968722 1.0
18.0 0.93444004787 0.0
147.0 8.44499364515 1.0
97.0 8.31555590375 1.0
89.0 0.933090663359 0.0
10.0 0.988453344758 0.0
133.0 8.38679603383 1.0
136.0 0.946931609607 0.0
162.0 1.00201642599 0.0
186.0 1.22005905904 0.0
91.0 8.28409101355 1.0
32.0 8.37189601888 1.0
171.0 8.39827484218 1.0
92.0 1.0162384341 0.0
199.0 5.69326067901 1.0
40.0 0.973750310975 0.0
108.0 0.920117751831 0.0
45.0 8.35578949599 1.0
174.0 8.41103952506 1.0
11.0 1.06927960568 0.0
109.0 8.41219603251 1.0
150.0 0.938721887978 0.0
197.0 10.7982141763 1.0
object 51	1.0:0.5 8.67701409714:0.5
141.0 0.898798835011 0.0
184.0 9.27759666008 1.0
47.0 0.883084469072 0.0
108.0 8.64131052641 1.0
17.0 8.65473793339 1.0
81.0 1.04895314378 0.0
44.0 8.67883691268 1.0
121.0 8.70949221812 1.0
179.0 1.03061784636 0.0
94.0 0.920203546665 0.0
150.0 1.01216865005 0.0
168.0 8.66181102422 1.0
30.0 1.05424475183 0.0
177.0 0.913656096567 0.0
53.0 8.69779855716 1.0
122.0 8.66748259432 1.0
21.0 8.63889271961 1.0
45.0 0.911306412144 0.0
197.0 2.20725524044 0.0
object 52	1.0:0.5 -7.43812794251:0.5
118.0 1.02259164132 0.0
35.0 0.976823851468 0.0
76.0 0.943498183926 0.0
125.0 -7.49608328045 1.0
53.0 -7.44147475361 1.0
97.0 1.08433517189 0.0
82.0 1.12951501104 0.0
7.0 1.03629817788 0.0
199.0 0.70895511135 0.0
142.0 -7.54138112964 1.0
111.0 1.03761400812 0.0
15.0 -7.49319645618 1.0
131.0 1.01825172436 0.0
54.0 0.977679635458 0.0
198.0 -8.08843010834 1.0
11.0 -7.39110942539 1.0
179.0 1.0242771893 0.0
45.0 -7.41775496012 1.0
139.0 0.93770239523 0.0
2.0 1.04364137675 0.0
46.0 1.04855718876 0.0
165.0 0.998567484029 0.0
89.0 -7.34637606121 1.0
17.0 -7.50500581167 1.0
51.0 -7.4438949126 1.0
74.0 0.932158168039 0.0
66.0 -7.43978280502 1.0
141.0 1.05176603752 0.0
87.0 0.990037566537 0.0
36.0 1.05049131545 0.0
object 53	1.0:0.5 5.83231559026:0.5
17.0 5.85720861265 1.0
140.0 0.935478180268 0.0
101.0 5.7949224109 1.0
109.0 0.982597167067 0.0
118.0 0.975188613709 0.0
177.0 1.01404931334 0.0
125.0 1.05042229681 0.0
91.0 5.80083647172 1.0
49.0 5.8379685218 1.0
163.0 5.88483807509 1.0
189.0 -3.68838647671 0.0
150.0 5.87395441262 1.0
26.0 0.982012885564 0.0
164.0 0.878817323209 0.0
175.0 5.80606888695 1.0
195.0 6.51331608333 0.0
72.0 5.83773727033 1.0
155.0 0.955705788221 0.0
23.0 5.78344778868 1.0
148.0 5.87102896489 1.0
100.0 5.85084617015 1.0
112.0 1.04546872496 0.0
130.0 1.05472624298 0.0
198.0 -0.23689252742 0.0
162.0 5.77451087419 1.0
39.0 0.972418780305 0.0
65.0 0.981132981187 0.0
168.0 0.933568676074 0.0
139.0 5.84393705722 1.0
18.0 5.90182722678 1.0
22.0 0.998726927699 0.0
55.0 5.87975236233 1.0
28.0 5.89424623607 1.0
153.0 5.75710578019 1.0
object 54	1.0:0.5 10.3997025463:0.5
167.0 0.988046094044 0.0
170.0 10.4477989755 1.0
22.0 10.409942371 1.0
147.0 1.0518499636 0.0
47.0 10.4020962071 1.0
64.0 10.3761021433 1.0
192.0 9.15437684594 1.0
70.0 10.4609930862 1.0
99.0 0.97400214493 0.0
90.0 10.2932905633 1.0
135.0 10.3757330636 1.0
108.0 1.01631795431 0.0
95.0 1.02965069792 0.0
141.0 0.949819100266 0.0
31.0 0.962584240215 0.0
169.0 1.03048053225 0.0
131.0 0.94660758981 0.0
13.0 10.4385443443 1.0
45.0 10.3437679923 1.0
140.0 10.4134798466 1.0
87.0 10.4018847667 1.0
6.0 0.997865240836 0.0
7.0 10.465477737 1.0
121.0 10.3406131246 1.0
48.0 10.3629189099 1.0
object 55	1.0:0.5 -2.72720376817:0.5
172.0 -2.64670480759 1.0
152.0 1.05588914973 0.0
183.0 -6.50890188609 1.0
86.0 1.12126329161 0.0
53.0 1.05751484526 0.0
171.0 -2.65924918716 1.0
194.0 -1.95657023202 0.0
177.0 -2.6650223714 1.0
144.0 -2.73358324459 1.0
87.0 0.884476759031 0.0
180.0 -2.5035576839 1.0
59.0 -2.7189286958 1.0
190.0 -8.5450852931 1.0
153.0 -2.68038371877 1.0
109.0 1.07712962672 0.0
18.0 -2.77638619023 1.0
156.0 0.914274550706 0.0
102.0 -2.66612323609 1.0
120.0 1.04602741801 0.0
108.0 -2.72633562799 1.0
128.0 -2.71368401276 1.0
129.0 0.994752561182 0.0
36.0 0.900121075008 0.0
60.0 -2.78908340821 1.0
9.0 -2.74599649581 1.0
96.0 -2.73580761056 1.0
95.0 -2.64246749385 1.0
139.0 0.969769461509 0.0
57.0 -2.68249448784 1.0
68.0 0.941379440352 0.0
169.0 -2.71267597448 1.0
192.0 1.11817055246 0.0
176.0 1.02228767895 0.0
133.0 -2.73155775991 1.0
141.0 -2.83375578414 1.0
2.0 0.985414379063 0.0
19.0 -2.73049642939 1.0
object 56	1.0:0.5 -6.4998194933:0.5
121.0 -6.45849322816 1.0
21.0 0.98315354258 0.0
26.0 1.07185694818 0.0
13.0 0.923962248823 0.0
172.0 -6.50563706595 1.0
90.0 -6.49632812796 1.0
185.0 1.85395754153 0.0
119.0 -6.46867452303 1.0
111.0 0.987443525555 0.0
77.0 -6.47200744213 1.0
2.0 0.994820095732 0.0
196.0 -5.6526467095 1.0
28.0 -6.51885014177 1.0
136.0 1.04279704964 0.0
56.0 -6.56346074704 1.0
112.0 1.01182835778 0.0
87.0 0.997747544431 0.0
33.0 -6.49379648637 1.0
118.0 0.987750458797 0.0
88.0 -6.47466355081 1.0
183.0 4.45490964926 0.0
16.0 -6.43132643974 1.0
67.0 0.886588229594 0.0
150.0 -6.50777902473 1.0
18.0 0.969254362852 0.0
125.0 -6.46863962052 1.0
32.0 1.02449023291 0.0
object 57	1.0:0.5 -17.0954840993:0.5
179.0 0.973865892969 0.0
81.0 -17.0476947966 1.0
17.0 1.04507698369 0.0
87.0 -17.1104380576 1.0
91.0 -16.9939512655 1.0
142.0 -16.9801770575 1.0
128.0 -17.1114402881 1.0
3.0 -17.0727413598 1.0
155.0 0.964920457986 0.0
198.0 1.02740447618 0.0
57.0 -17.1157025176 1.0
13.0 -17.1098246328 1.0
24.0 0.959270651642 0.0
117.0 0.977828200401 0.0
153.0 -17.1316605389 1.0
78.0 1.00803688644 0.0
189.0 1.47050496761 0.0
79.0 -17.2108407688 1.0
113.0 -17.0588479945 1.0
188.0 -19.6817241544 1.0
182.0 -19.2976320767 1.0
95.0 -17.0271847407 1.0
49.0 -17.0838634377 1.0
162.0 1.04802328128 0.0
119.0 0.979562753386 0.0
75.0 -17.074803572 1.0
object 58	1.0:0.5 3.17676780988:0.5
0.0 0.964113942702 0.0
26.0 3.12315232016 1.0
166.0 3.16788088472 1.0
60.0 3.17678311173 1.0
152.0 3.17071521199 1.0
139.0 1.09710370227 0.0
56.0 0.880093884267 0.0
148.0 1.00214206331 0.0
133.0 1.00746108787 0.0
33.0 3.055153854 1.0
13.0 0.921275363282 0.0
45.0 3.26921785533 1.0
170.0 3.11495555359 1.0
114.0 3.19960299773 1.0
20.0 3.19561648982 1.0
25.0 3.20054964894 1.0
175.0 0.992458247271 0.0
142.0 0.923755735805 0.0
object 59	1.0:0.5 -10.3604121214:0.5
86.0 -10.2954815013 1.0
192.0 0.685294904108 0.0
57.0 0.930807518863 0.0
194.0 -13.2555649166 1.0
89.0 -10.3482222021 1.0
199.0 1.97069627296 0.0
169.0 0.959586911239 0.0
119.0 1.05934161167 0.0
113.0 -10.4173206425 1.0
107.0 0.968040278286 0.0
179.0 -10.3757191114 1.0
120.0 1.04516289477 0.0
172.0 -10.3359477324 1.0
190.0 -5.05755823565 1.0
151.0 -10.3753699366 1.0
88.0 1.02799673183 0.0
74.0 0.963941328364 0.0
135.0 -10.3256215151 1.0
object 60	1.0:0.5 20.9258214196:0.5
126.0 1.01512724613 0.0
177.0 20.8523989128 1.0
10.0 1.02916141427 0.0
118.0 1.01832055233 0.0
183.0 22.7463380684 1.0
33.0 20.9665698095 1.0
16.0 20.938209064 1.0
159.0 1.09853816673 0.0
45.0 0.9145657161 0.0
173.0 20.9311638097 1.0
74.0 20.9417085582 1.0
55.0 0.976799238447 0.0
196.0 -0.38709285463 0.0
49.0 0.955956798451 0.0
11.0 1.08820568743 0.0
115.0 20.8550400198 1.0
34.0 20.9042412996 1.0
141.0 0.934351929997 0.0
8.0 1.0177661863 0.0
25.0 0.965888808548 0.0
162.0 1.02684263985 0.0
168.0 20.8690618048 1.0
110.0 1.06379970158 0.0
47.0 21.0154659068 1.0
88.0 1.05222378824 0.0
72.0 1.01536280304 0.0
60.0 1.02681477494 0.0
128.0 1.03245381112 0.0
103.0 0.922614274302 0.0
83.0 20.8963436439 1.0
166.0 20.9408819739 1.0
object 61	1.0:0.5 12.3351038016:0.5
141.0 12.3040368058 1.0
54.0 0.956735223134 0.0
13.0 12.3514963072 1.0
148.0 12.4116634477 1.0
177.0 12.339809147 1.0
19.0 12.3457694472 1.0
100.0 0.922451524332 0.0
161.0 12.3336324525 1.0
144.0 1.06860641751 0.0
179.0 1.01432587942 0.0
17.0 0.991101210746 0.0
167.0 1.08723621386 0.0
110.0 1.00959563648 0.0
45.0 12.2773403085 1.0
57.0 1.11857930389 0.0
90.0 1.06853582072 0.0
193.0 7.06462136195 1.0
58.0 0.967081925114 0.0
104.0 12.4483373064 1.0
185.0 11.6291152173 1.0
72.0 12.2827108832 1.0
124.0 1.00408809035 0.0
32.0 0.907385817419 0.0
65.0 0.971151104655 0.0
44.0 12.326823236 1.0
55.0 12.349778732 1.0
123.0 0.979689366431 0.0
152.0 0.975050851603 0.0
object 62	1.0:0.5 0.189081261742:0.5
12.0 0.201153040188 1.0
160.0 0.278628179752 1.0
175.0 0.962000442945 0.0
96.0 0.980890847932 0.0
77.0 1.01908334247 0.0
9.0 1.00054350611 0.0
56.0 0.148653855167 1.0
150.0 1.02176523207 0.0
152.0 0.987674337935 0.0
69.0 0.112401879907 1.0
129.0 0.141369829386 1.0
15.0 0.225573011289 1.0
94.0 1.03581613992 0.0
102.0 1.10915981543 0.0
41.0 0.203963591787 1.0
103.0 0.959342003498 0.0
108.0 0.141882957658 1.0
123.0 1.00886032684 0.0
30.0 1.0091649441 0.0
71.0 1.01093730039 0.0
151.0 1.01311157353 0.0
165.0 0.162573488188 1.0
75.0 0.951322412511 0.0
10.0 0.244844809655 1.0
67.0 1.10581657258 0.0
127.0 0.132172288324 1.0
object 63	1.0:0.5 -0.382196563475:0.5
182.0 3.01277985765 0.0
157.0 1.06946746237 0.0
49.0 -0.352164846368 1.0
199.0 2.46591720985 0.0
85.0 0.935237612653 0.0
90.0 0.874341055517 0.0
16.0 1.04698497781 0.0
158.0 1.03666962937 0.0
135.0 0.916204763207 0.0
28.0 -0.259638884703 1.0
151.0 0.956574646815 0.0
179.0 -0.390637852842 1.0
171.0 -0.43548038634 1.0
154.0 -0.399284470444 1.0
137.0 -0.454023804402 1.0
147.0 1.04901028157 0.0
172.0 1.17968543421 0.0
196.0 -1.34531993789 1.0
45.0 -0.35073618268 1.0
78.0 0.97997385363 0.0
109.0 -0.339307149105 1.0
129.0 1.00316061893 0.0
120.0 -0.323800591427 1.0
24.0 -0.3648409712 1.0
object 64	1.0:0.5 1.35169915984:0.5
154.0 0.962983531262 0.0
48.0 0.989060129699 0.0
27.0 1.31894147696 1.0
38.0 1.40411155857 1.0
63.0 1.31216179658 1.0
156.0 1.03171855458 0.0
145.0 1.05679242952 0.0
17.0 1.40911460706 1.0
155.0 1.29449466582 1.0
112.0 1.12075263366 0.0
46.0 1.26667886972 1.0
16.0 1.28685303636 1.0
185.0 3.64260614631 1.0
3.0 1.01296449916 0.0
135.0 1.04385187001 0.0
132.0 1.03911891879 0.0
108.0 1.36515070678 1.0
object 65	1.0:0.5 -3.10564354385:0.5
161.0 -3.12383671635 1.0
155.0 0.993565343418 0.0
153.0 1.02853385991 0.0
170.0 0.987990044494 0.0
89.0 1.03455893695 0.0
166.0 -3.10889197625 1.0
198.0 3.92499758695 0.0
97.0 -3.10867572137 1.0
167.0 1.04992164027 0.0
4.0 -3.05813954125 1.0
24.0 0.944281532493 0.0
94.0 -3.04490939615 1.0
96.0 -3.13288962612 1.0
43.0 -3.18513622099 1.0
142.0 0.96042799918 0.0
38.0 1.07172347738 0.0
141.0 0.964080633285 0.0
8.0 1.05449118094 0.0
136.0 -3.10456534109 1.0
164.0 1.02491364801 0.0
33.0 1.00237770502 0.0
86.0 -3.14543384163 1.0
168.0 1.05716237257 0.0
185.0 0.771161799815 0.0
181.0 0.375026323218 0.0
172.0 -3.1280075287 1.0
92.0 -3.08047640791 1.0
193.0 -4.52557991301 1.0
157.0 0.962672797643 0.0
106.0 0.982472691158 0.0
163.0 -3.21033346319 1.0
51.0 -3.10600701035 1.0
88.0 -3.04796306663 1.0
178.0 1.06311066326 0.0
188.0 -7.22569861711 1.0
121.0 0.973549599748 0.0
82.0 1.02990788752 0.0
144.0 1.04807369973 0.0
57.0 1.04294328829 0.0
object 66	1.0:0.5 9.78580881614:0.5
168.0 0.955730195122 0.0
77.0 0.948961584895 0.0
80.0 0.912048732693 0.0
65.0 9.71632103571 1.0
120.0 0.951898325973 0.0
45.0 0.971064922164 0.0
27.0 0.987200181653 0.0
118.0 1.01170951223 0.0
67.0 9.77747485301 1.0
143.0 9.89692676083 1.0
106.0 9.73972058857 1.0
87.0 1.04618098669 0.0
26.0 9.73124255583 1.0
57.0 1.06326145574 0.0
23.0 9.76545656076 1.0
146.0 9.82665916616 1.0
62.0 1.00708256913 0.0
92.0 9.7620830801 1.0
48.0 9.83665212476 1.0
18.0 9.82523176904 1.0
188.0 2.83392653749 0.0
7.0 1.06663814343 0.0
169.0 1.01605093665 0.0
125.0 9.72617494314 1.0
object 67	1.0:0.5 6.31621700577:0.5
76.0 6.30856313857 1.0
183.0 8.73003351834 1.0
194.0 -0.780935431446 0.0
86.0 6.28997488707 1.0
33.0 6.25142930333 1.0
145.0 6.40862452685 1.0
36.0 0.996574179789 0.0
83.0 1.03503241691 0.0
108.0 6.25624076967 1.0
110.0 6.28107081308 1.0
127.0 1.01479950635 0.0
102.0 0.858512372288 0.0
2.0 6.2714205961 1.0
111.0 1.0622409527 0.0
21.0 0.968158811676 0.0
146.0 0.979640187041 0.0
131.0 1.03496220885 0.0
24.0 0.924529987958 0.0
122.0 6.26739770574 1.0
126.0 6.33667863843 1.0
59.0 6.33000136349 1.0
142.0 6.32265246098 1.0
149.0 6.29779587322 1.0
13.0 0.966085984308 0.0
82.0 0.915901346528 0.0
119.0 6.2155297348 1.0
77.0 6.2971358033 1.0
object 68	1.0:0.5 -6.9862400995:0.5
139.0 -7.05994225569 1.0
100.0 -6.95068725371 1.0
32.0 1.04772927856 0.0
5.0 0.987442928957 0.0
168.0 -6.9839129528 1.0
172.0 -6.94484648839 1.0
171.0 0.944714788443 0.0
33.0 0.88966750669 0.0
181.0 -5.30042757363 1.0
27.0 0.943380634138 0.0
190.0 1.89034215796 0.0
175.0 1.03899193995 0.0
90.0 -6.97259271235 1.0
180.0 -2.27685996744 0.0
81.0 -7.00009687696 1.0
187.0 2.24698891986 0.0
136.0 0.976370586955 0.0
26.0 -6.91058589979 1.0
20.0 -6.9851164079 1.0
95.0 1.08129993862 0.0
83.0 -7.02245487597 1.0
150.0 -7.0063750981 1.0
41.0 0.990566203092 0.0
8.0 -6.93491402008 1.0
147.0 1.01314732546 0.0
36.0 -6.89113204066 1.0
177.0 -6.90985056895 1.0
59.0 -6.97663343286 1.0
object 69	1.0:0.5 0.179697996668:0.5
114.0 0.142654282636 1.0
7.0 0.151510715249 1.0
53.0 1.06977553943 0.0
131.0 0.17728797066 1.0
96.0 0.937855219045 0.0
125.0 1.07865227476 0.0
138.0 1.03959628255 0.0
113.0 0.199874555674 1.0
39.0 1.06908112928 0.0
55.0 1.03869081573 0.0
36.0 1.02874026548 0.0
81.0 1.01797669933 0.0
10.0 0.926983986431 0.0
74.0 0.139526604654 1.0
163.0 1.08313794288 0.0
3.0 0.188363744117 1.0
161.0 0.28069973683 1.0
4.0 1.11155826158 0.0
object 70	1.0:0.5 -8.61944612437:0.5
23.0 -8.63458107953 1.0
54.0 1.00126186878 0.0
126.0 1.03223036745 0.0
173.0 0.951545246475 0.0
19.0 0.999453585696 0.0
116.0 -8.58042600988 1.0
124.0 -8.61769145119 1.0
101.0 -8.65248061954 1.0
51.0 0.958525042615 0.0
24.0 -8.67011598839 1.0
130.0 -8.6318922987 1.0
175.0 -8.58175846174 1.0
63.0 0.93531343343 0.0
129.0 1.04895355973 0.0
21.0 0.934937820665 0.0
98.0 1.01685964245 0.0
133.0 1.02590333995 0.0
153.0 -8.65885961153 1.0
112.0 1.05122868614 0.0
5.0 -8.60845718336 1.0
object 71	1.0:0.5 16.6223721276:0.5
33.0 1.03923032083 0.0
54.0 16.5972944606 1.0
168.0 16.6308100857 1.0
64.0 0.983555593531 0.0
94.0 16.5918299035 1.0
138.0 0.96108506713 0.0
118.0 16.5922911266 1.0
32.0 1.04542602301 0.0
78.0 1.0587993783 0.0
69.0 16.6354477549 1.0
157.0 0.959792102349 0.0
34.0 0.957985376202 0.0
39.0 0.999484177 0.0
13.0 16.6939981235 1.0
164.0 0.979985342634 0.0
80.0 1.00619934021 0.0
145.0 0.980508644387 0.0
121.0 16.6201254986 1.0
10.0 0.965407895592 0.0
14.0 1.04956768747 0.0
17.0 0.957418344282 0.0
71.0 1.01829733503 0.0
189.0 0.216059088097 0.0
154.0 16.61265472 1.0
105.0 0.935628557241 0.0
2.0 1.02245828328 0.0
58.0 0.986563458665 0.0
11.0 16.5740906928 1.0
96.0 16.6894900374 1.0
47.0 16.5967219487 1.0
object 72	1.0:0.5 -4.31151144357:0.5
1.0 0.970024046269 0.0
37.0 -4.27218920729 1.0
72.0 0.995385137162 0.0
116.0 -4.22408669835 1.0
132.0 -4.29575600832 1.0
104.0 0.89638120096 0.0
25.0 0.97599366156 0.0
110.0 1.03034593854 0.0
105.0 0.952433733725 0.0
34.0 0.966081056445 0.0
12.0 -4.39126134914 1.0
189.0 -4.33356638143 0.0
146.0 -4.27519546058 1.0
80.0 -4.3188757263 1.0
30.0 1.05275585514 0.0
191.0 -5.08851362017 1.0
117.0 -4.31511793596 1.0
133.0 -4.28126443449 1.0
157.0 -4.21068346164 1.0
96.0 -4.27490405148 1.0
143.0 0.987024868374 0.0
103.0 -4.31294290706 1.0
11.0 1.05034616039 0.0
128.0 -4.37967773531 1.0
111.0 0.970255770905 0.0
87.0 0.962403513385 0.0
object 73	1.0:0.5 5.04594935749:0.5
164.0 5.01403673717 1.0
82.0 5.06566942981 1.0
181.0 7.23110182107 1.0
149.0 1.00920615788 0.0
81.0 4.9661817055 1.0
28.0 5.07702415002 1.0
101.0 1.02093655003 0.0
163.0 1.09626715433 0.0
178.0 5.08802890416 1.0
136.0 1.02256995279 0.0
129.0 1.03904601711 0.0
165.0 5.04577924612 1.0
89.0 1.01720525195 0.0
148.0 0.988390571179 0.0
4.0 4.9860643613 1.0
96.0 5.09011248145 1.0
124.0 1.01527223275 0.0
43.0 0.995413973133 0.0
171.0 1.05271555288 0.0
75.0 0.958552883868 0.0
126.0 0.972224405277 0.0
127.0 0.993855694606 0.0
170.0 4.90862742062 1.0
137.0 0.911926122623 0.0
19.0 0.905788545089 0.0
54.0 5.02448124919 1.0
object 74	1.0:0.5 2.1550219642:0.5
71.0 2.12065504517 1.0
169.0 2.21888289439 1.0
83.0 2.21362198562 1.0
106.0 2.15743051704 1.0
134.0 2.21720536383 1.0
176.0 0.927889417222 0.0
129.0 0.90236634444 0.0
53.0 2.16175082527 1.0
113.0 1.06012144432 0.0
132.0 2.08214053009 1.0
82.0 2.20790497137 1.0
122.0 1.01761070809 0.0
168.0 2.2235639514 1.0
52.0 2.1603005554 1.0
41.0 2.12605671234 1.0
108.0 2.16539561153 1.0
70.0 0.958892376002 0.0
125.0 1.10772249597 0.0
86.0 2.15486645248 1.0
146.0 1.02905860982 0.0
21.0 2.16818335137 1.0
32.0 0.987851651661 0.0
163.0 0.976700191248 0.0
10.0 2.10620639563 1.0
100.0 0.981589269141 0.0
111.0 2.04812077195 1.0
139.0 2.13927878679 1.0
190.0 -3.07741323543 1.0
20.0 2.2273423768 1.0
124.0 1.07714665874 0.0
object 75	1.0:0.5 -0.306252371466:0.5
125.0 -0.273865679827 1.0
176.0 -0.381768141012 1.0
3.0 -0.258602202935 1.0
69.0 -0.301558925851 1.0
97.0 1.05096878612 0.0
53.0 -0.317211710156 1.0
187.0 -1.79146864256 0.0
163.0 1.10897645512 0.0
185.0 0.629586587895 1.0
2.0 -0.223866013225 1.0
40.0 -0.330771879464 1.0
82.0 -0.362807954073 1.0
138.0 -0.292969709832 1.0
8.0 0.995310573234 0.0
180.0 2.93960362396 1.0
111.0 0.992044551385 0.0
189.0 -3.99129105579 1.0
168.0 -0.214371513413 1.0
65.0 0.947990594206 0.0
24.0 1.00733412629 0.0
56.0 0.99678452172 0.0
54.0 1.03245302353 0.0
object 76	1.0:0.5 -5.09363949697:0.5
115.0 -5.04448227052 1.0
128.0 1.08107225578 0.0
196.0 -4.76800323733 1.0
61.0 1.05641290545 0.0
77.0 -4.98034310157 1.0
118.0 0.93204150433 0.0
90.0 -5.12342501718 1.0
138.0 -5.0914508991 1.0
136.0 0.953450586812 0.0
97.0 1.04933119407 0.0
176.0 0.969597385344 0.0
187.0 -4.43884585651 1.0
109.0 0.987737142935 0.0
83.0 1.04598251515 0.0
105.0 0.977372995339 0.0
3.0 1.07487236833 0.0
19.0 1.00408063118 0.0
object 77	1.0:0.5 5.95980444833:0.5
3.0 0.919591155521 0.0
126.0 5.97146850726 1.0
171.0 5.99068471382 1.0
104.0 1.02542794152 0.0
4.0 1.05467359275 0.0
51.0 6.00718649328 1.0
172.0 5.92357149947 1.0
99.0 0.985528409928 0.0
122.0 1.01543038561 0.0
67.0 1.04329097699 0.0
106.0 5.97696832441 1.0
153.0 0.969229179642 0.0
193.0 2.56493612902 1.0
116.0 0.989020654274 0.0
79.0 5.97848986786 1.0
178.0 5.98408633842 1.0
90.0 0.960289814955 0.0
146.0 1.04110987613 0.0
142.0 1.03860297664 0.0
11.0 5.97036515013 1.0
89.0 5.90865927823 1.0
132.0 1.03246985499 0.0
object 78	1.0:0.5 -0.462299362687:0.5
141.0 0.982792692883 0.0
109.0 -0.459262499078 1.0
163.0 0.908319877176 0.0
162.0 1.05592671028 0.0
70.0 -0.42917477225 1.0
179.0 1.05790090613 0.0
51.0 1.03003190067 0.0
144.0 0.934065414948 0.0
187.0 0.564640982289 0.0
43.0 0.97429062242 0.0
23.0 0.968083040517 0.0
62.0 -0.475102341808 1.0
154.0 0.990972298014 0.0
77.0 -0.377650783962 1.0
189.0 0.813192346227 1.0
192.0 -1.30634502404 1.0
15.0 -0.474480157452 1.0
object 79	1.0:0.5 9.35849831268:0.5
68.0 0.996591820462 0.0
7.0 9.43009265906 1.0
36.0 1.02680897268 0.0
0.0 9.40408387229 1.0
49.0 9.35253653628 1.0
74.0 1.0212965842 0.0
182.0 -0.529042140949 0.0
50.0 9.37952910152 1.0
188.0 1.06720646458 0.0
133.0 1.09747825841 0.0
138.0 0.917466088745 0.0
126.0 0.929823294388 0.0
140.0 1.06751478289 0.0
71.0 0.956651478719 0.0
78.0 9.31041036911 1.0
94.0 9.35345873302 1.0
37.0 1.02677921085 0.0
171.0 9.1970148705 1.0
4.0 1.0946529139 0.0
104.0 1.04234473133 0.0
30.0 1.03704963924 0.0
117.0 9.3696620584 1.0
12.0 1.04360580363 0.0
object 80	1.0:0.5 4.17151578104:0.5
180.0 3.18052820871 1.0
2.0 1.01937250054 0.0
104.0 1.09218722172 0.0
8.0 0.956569351141 0.0
125.0 4.14066213807 1.0
195.0 -2.65063255531 1.0
79.0 4.11438161288 1.0
158.0 4.12559577712 1.0
132.0 1.01526551564 0.0
142.0 4.21032150251 1.0
161.0 4.17788489641 1.0
138.0 4.19050269213 1.0
156.0 4.12919461761 1.0
97.0 4.21614345151 1.0
106.0 0.957400819378 0.0
166.0 0.941670854703 0.0
5.0 0.988812078443 0.0
13.0 4.21209721358 1.0
69.0 4.19355593686 1.0
123.0 4.1447052042 1.0
56.0 4.12261002461 1.0
190.0 6.93370791737 1.0
113.0 1.05399711168 0.0
111.0 0.934430597064 0.0
55.0 4.18415313704 1.0
28.0 1.04143085509 0.0
128.0 4.1620960882 1.0
193.0 6.16904026035 1.0
88.0 4.18936685737 1.0
174.0 4.21348556546 1.0
164.0 1.00126881374 0.0
75.0 4.07057243145 1.0
object 81	1.0:0.5 -15.2772895987:0.5
196.0 -16.5304071559 1.0
126.0 -15.2837835226 1.0
41.0 0.999210960798 0.0
15.0 -15.2302888847 1.0
118.0 1.02093115576 0.0
160.0 1.02739447301 0.0
88.0 1.07500044985 0.0
132.0 1.02587025977 0.0
104.0 1.02022300761 0.0
38.0 -15.2593001036 1.0
134.0 -15.3361484186 1.0
153.0 1.04700713982 0.0
154.0 1.03854689437 0.0
75.0 1.02687082302 0.0
74.0 1.00907757755 0.0
112.0 0.973254824637 0.0
43.0 -15.3178815924 1.0
54.0 0.960362714493 0.0
11.0 -15.3026104683 1.0
object 82	1.0:0.5 5.68901630389:0.5
71.0 5.76201152028 1.0
43.0 0.965837637922 0.0
170.0 5.76328434608 1.0
121.0 5.6095065811 1.0
110.0 5.73454754116 1.0
104.0 5.69080236422 1.0
39.0 5.60980890254 1.0
179.0 1.08043049283 0.0
35.0 1.00436132918 0.0
100.0 0.902329465353 0.0
144.0 5.72288850975 1.0
116.0 0.9410463969 0.0
79.0 5.70748653034 1.0
29.0 1.00160417686 0.0
135.0 5.66105464644 1.0
87.0 5.7129750093 1.0
89.0 0.961582414886 0.0
37.0 1.02583769874 0.0
194.0 5.7226659425 1.0
24.0 5.63772338588 1.0
68.0 0.973248609032 0.0
46.0 5.62698553243 1.0
31.0 5.73474555666 1.0
67.0 0.967761064656 0.0
123.0 1.05079308781 0.0
object 83	1.0:0.5 2.37739589318:0.5
69.0 2.34181380154 1.0
18.0 0.973635846258 0.0
20.0 2.36271357524 1.0
46.0 1.00725466363 0.0
165.0 1.03750480314 0.0
189.0 4.45251887274 0.0
138.0 2.41814830091 1.0
89.0 2.3517736539 1.0
26.0 2.29892102236 1.0
156.0 0.917462463267 0.0
124.0 0.955419407752 0.0
131.0 2.42370069032 1.0
191.0 2.83610935607 1.0
144.0 1.03404179802 0.0
19.0 2.29295056214 1.0
174.0 2.33084740637 1.0
10.0 1.05051828633 0.0
8.0 0.960459834043 0.0
object 84	1.0:0.5 -7.34774553089:0.5
110.0 0.952611179525 0.0
104.0 0.998381235682 0.0
92.0 1.04548905825 0.0
57.0 -7.3678351718 1.0
51.0 -7.3028493289 1.0
188.0 -1.75892376437 0.0
53.0 0.91322667228 0.0
68.0 -7.34916910129 1.0
101.0 1.036503355 0.0
103.0 1.03850970879 0.0
20.0 1.05842493334 0.0
143.0 1.05227301503 0.0
109.0 -7.35121590259 1.0
98.0 -7.33537643428 1.0
90.0 -7.4355374265 1.0
23.0 -7.40030476659 1.0
72.0 0.950058752535 0.0
185.0 -6.37058023457 1.0
133.0 0.977345471905 0.0
26.0 -7.2859318364 1.0
73.0 0.955338321616 0.0
107.0 -7.35651558306 1.0
19.0 -7.37528939435 1.0
41.0 -7.31435015041 1.0
94.0 0.93807856236 0.0
71.0 -7.35754931224 1.0
object 85	1.0:0.5 1.7784028242:0.5
62.0 1.80742517202 1.0
47.0 0.985414965855 0.0
183.0 6.42286449702 0.0
179.0 1.02566889732 0.0
142.0 1.04108860362 0.0
8.0 1.03009711426 0.0
54.0 1.77028484498 1.0
141.0 1.81988038982 1.0
5.0 0.919029732763 0.0
166.0 0.961658364345 0.0
57.0 1.72135729987 1.0
127.0 1.75202287413 1.0
80.0 1.81079377889 1.0
94.0 0.945031445502 0.0
7.0 0.968576548726 0.0
114.0 1.77041982391 1.0
87.0 1.83591724667 1.0
object 86	1.0:0.5 15.2542534537:0.5
12.0 1.01471164637 0.0
77.0 0.934996155708 0.0
88.0 0.945262992111 0.0
80.0 0.908887063761 0.0
78.0 1.01814856687 0.0
58.0 15.3081181023 1.0
40.0 1.01715797976 0.0
21.0 15.2787070743 1.0
34.0 1.07981264262 0.0
36.0 15.2040618039 1.0
153.0 0.941850829855 0.0
73.0 15.2793275415 1.0
159.0 0.979533387203 0.0
68.0 15.2258022197 1.0
188.0 1.18686020589 0.0
170.0 1.02890091885 0.0
5.0 15.2117478262 1.0
186.0 14.6409600473 1.0
43.0 0.92257283503 0.0
166.0 1.10902451975 0.0
67.0 15.2962668748 1.0
94.0 15.3146631393 1.0
object 87	1.0:0.5 10.4825380118:0.5
52.0 10.5863346234 1.0
170.0 10.3998176612 1.0
126.0 0.997342295277 0.0
100.0 10.5159217748 1.0
158.0 0.962067265693 0.0
115.0 1.05624175522 0.0
91.0 1.0156771552 0.0
132.0 10.4381401702 1.0
197.0 11.8110799608 1.0
24.0 10.4809074569 1.0
116.0 10.5716715549 1.0
97.0 10.3885956389 1.0
188.0 6.86949526408 1.0
178.0 1.02067553919 0.0
148.0 1.05639397777 0.0
32.0 10.4235562225 1.0
179.0 10.4976259616 1.0
25.0 0.96667898119 0.0
165.0 0.988566182855 0.0
181.0 1.04482101123 0.0
85.0 1.01363807436 0.0
142.0 10.433471171 1.0
object 88	1.0:0.5 11.3050889701:0.5
193.0 -0.470192539772 0.0
24.0 0.949392462472 0.0
49.0 1.00674364516 0.0
131.0 1.08981534863 0.0
117.0 11.2772900035 1.0
147.0 11.2353497021 1.0
47.0 1.00740879441 0.0
29.0 11.2723992665 1.0
195.0 11.0216985749 1.0
53.0 11.2765673402 1.0
110.0 0.983726627796 0.0
94.0 1.08363488754 0.0
137.0 0.952572438964 0.0
123.0 11.3464453657 1.0
84.0 1.07620124583 0.0
45.0 11.3176569631 1.0
188.0 -0.459603936166 1.0
119.0 11.2595418158 1.0
182.0 9.4072883531 1.0
122.0 0.944545833051 0.0
object 89	1.0:0.5 19.1607123592:0.5
70.0 19.1358290892 1.0
12.0 19.1003037231 1.0
85.0 0.969308904646 0.0
13.0 19.1129874463 1.0
146.0 1.01932511365 0.0
19.0 19.169087765 1.0
91.0 0.99359036186 0.0
60.0 0.982197893753 0.0
102.0 0.977347296818 0.0
15.0 0.954551747552 0.0
134.0 0.990921025787 0.0
78.0 0.945611452664 0.0
29.0 1.00659316056 0.0
193.0 -2.76654809342 0.0
64.0 0.923462351075 0.0
57.0 1.02361601134 0.0
79.0 19.1377725965 1.0
149.0 0.993246408226 0.0
90.0 0.932161418178 0.0
113.0 1.04575532244 0.0
63.0 0.910856071186 0.0
92.0 19.1581530497 1.0
75.0 0.959210482816 0.0
162.0 19.1983486538 1.0
176.0 0.980020822158 0.0
142.0 19.1344273248 1.0
61.0 1.04317753153 0.0
118.0 19.1389684597 1.0
173.0 19.2465640184 1.0
168.0 19.2046651473 1.0
object 90	1.0:0.5 -4.37136828767:0.5
171.0 0.984982409301 0.0
106.0 -4.34986256434 1.0
124.0 -4.36615940867 1.0
26.0 -4.43135446585 1.0
121.0 -4.35778441241 1.0
17.0 -4.41404613112 1.0
31.0 -4.29311747685 1.0
135.0 -4.37135605014 1.0
170.0 1.01136279734 0.0
199.0 -6.76898587844 1.0
0.0 1.02139962558 0.0
45.0 1.08627389442 0.0
101.0 -4.44965259129 1.0
74.0 -4.40173566044 1.0
175.0 -4.35680155003 1.0
80.0 0.978060615729 0.0
159.0 -4.38414756226 1.0
165.0 0.953910307161 0.0
115.0 1.13239742574 0.0
6.0 -4.43418315921 1.0
177.0 -4.42385807878 1.0
38.0 1.02734671504 0.0
25.0 1.01468430277 0.0
52.0 1.01085550507 0.0
157.0 0.97955962402 0.0
object 91	1.0:0.5 9.74722531664:0.5
138.0 1.04484422507 0.0
59.0 0.976128304054 0.0
19.0 9.76236061603 1.0
45.0 0.932868931855 0.0
167.0 9.70729671478 1.0
193.0 -2.14089352254 0.0
133.0 0.936773021456 0.0
1.0 9.79310371554 1.0
87.0 9.70226722716 1.0
128.0 0.969878299908 0.0
51.0 0.914833644366 0.0
175.0 9.74157048218 1.0
4.0 1.01761680039 0.0
119.0 9.76330050154 1.0
131.0 1.00872952086 0.0
13.0 1.04727404295 0.0
129.0 9.70250765413 1.0
198.0 3.25971899908 0.0
196.0 9.04453812094 1.0
22.0 1.02740029648 0.0
134.0 1.01190570169 0.0
182.0 9.47042743092 1.0
160.0 9.7650306989 1.0
91.0 9.78828996987 1.0
144.0 9.754508147 1.0
149.0 9.84851033893 1.0
75.0 9.68705033877 1.0
107.0 1.0605770742 0.0
159.0 9.78376462792 1.0
object 92	1.0:0.5 -5.12814724271:0.5
36.0 0.983992985516 0.0
129.0 0.947774213112 0.0
92.0 -5.13965370439 1.0
171.0 -5.11507534084 1.0
161.0 -5.12542280575 1.0
185.0 -0.69432255094 0.0
187.0 -1.69274338046 0.0
178.0 -5.10307905397 1.0
34.0 1.00032002093 0.0
66.0 0.979020040529 0.0
95.0 -5.10890907937 1.0
8.0 -5.15689166056 1.0
22.0 0.893167297539 0.0
51.0 0.994973482517 0.0
15.0 -5.17038074406 1.0
81.0 1.0267081548 0.0
object 93	1.0:0.5 16.8405754594:0.5
9.0 16.8278146194 1.0
195.0 11.2707605871 0.0
85.0 1.00660791732 0.0
153.0 0.886343756214 0.0
71.0 1.04312772095 0.0
7.0 0.97734940365 0.0
145.0 0.98573449068 0.0
108.0 16.8685851002 1.0
177.0 1.01526450623 0.0
48.0 1.05173067903 0.0
26.0 0.954067116712 0.0
97.0 0.915827206015 0.0
171.0 16.8932777173 1.0
110.0 0.99334485018 0.0
140.0 1.04660940957 0.0
143.0 16.9026623092 1.0
37.0 1.00360870289 0.0
127.0 1.00529122824 0.0
183.0 -8.69610359377 0.0
164.0 0.947003871127 0.0
190.0 6.16412267837 0.0
87.0 1.0084185076 0.0
99.0 0.92765610675 0.0
56.0 16.8837850483 1.0
180.0 1.17073634168 0.0
197.0 23.6024729838 1.0
object 94	1.0:0.5 8.01545948746:0.5
88.0 1.04603942744 0.0
165.0 8.0515073986 1.0
80.0 8.01607136547 1.0
156.0 0.984544938845 0.0
72.0 0.971288421854 0.0
111.0 1.03650567207 0.0
132.0 0.910195218143 0.0
183.0 5.12651905202 1.0
39.0 7.93095050181 1.0
114.0 8.08005963217 1.0
141.0 0.965578372198 0.0
43.0 8.06484667292 1.0
167.0 8.07903346623 1.0
149.0 8.12252974018 1.0
179.0 0.952619108458 0.0
161.0 8.05010051965 1.0
172.0 1.01878418936 0.0
145.0 7.99025127017 1.0
96.0 1.02778553177 0.0
56.0 8.08108411961 1.0
150.0 8.00998320847 1.0
26.0 0.990624919641 0.0
41.0 0.996528746817 0.0
166.0 8.05739416216 1.0
82.0 7.99764906852 1.0
180.0 2.41900252211 0.0
154.0 7.96139053973 1.0
107.0 8.04074449499 1.0
75.0 1.0695172298 0.0
object 95	1.0:0.5 -14.9950012182:0.5
115.0 1.00175449361 0.0
185.0 -15.3070290887 1.0
182.0 -1.38144198497 0.0
12.0 -14.9585806762 1.0
191.0 -16.3668162265 1.0
74.0 -15.0455596811 1.0
98.0 -15.0581679281 1.0
53.0 -14.9806932656 1.0
0.0 1.00452311604 0.0
90.0 0.996477933289 0.0
180.0 2.97665825592 0.0
103.0 1.01697700145 0.0
105.0 -14.9694407293 1.0
190.0 -16.1923806775 1.0
162.0 1.08547692083 0.0
144.0 -14.9576219293 1.0
3.0 -15.0173171091 1.0
170.0 -14.9874446874 1.0
13.0 -15.0477896273 1.0
86.0 -15.005391582 1.0
114.0 1.00888517669 0.0
174.0 0.883618453678 0.0
1.0 -15.002810253 1.0
object 96	1.0:0.5 4.24559470335:0.5
86.0 0.88460486774 0.0
163.0 4.18632057746 1.0
137.0 4.18900991552 1.0
51.0 4.35207727987 1.0
173.0 1.09966865897 0.0
131.0 0.965252030958 0.0
30.0 1.05766564028 0.0
198.0 6.08538948166 1.0
94.0 4.22670388728 1.0
83.0 0.969225875024 0.0
20.0 1.03610086624 0.0
97.0 0.905904310022 0.0
4.0 4.17913203303 1.0
103.0 1.10712053906 0.0
36.0 4.16366321734 1.0
129.0 0.891683605291 0.0
139.0 4.30901292315 1.0
7.0 1.08146626076 0.0
143.0 4.2615029808 1.0
71.0 4.33091282678 1.0
75.0 4.31140325601 1.0
15.0 4.2030475837 1.0
object 97	1.0:0.5 1.74704903679:0.5
22.0 1.00069989974 0.0
11.0 0.970351631327 0.0
99.0 1.81167484367 1.0
148.0 1.78523397888 1.0
189.0 3.23284599788 1.0
159.0 1.69370335722 1.0
2.0 1.82382170308 1.0
164.0 1.73816471757 1.0
80.0 0.934766427885 0.0
196.0 0.99576997035 0.0
63.0 1.00822202526 0.0
115.0 0.982305947005 0.0
84.0 1.77756866248 1.0
197.0 -0.354873576721 0.0
71.0 1.7764739232 1.0
133.0 1.74896765927 1.0
9.0 1.03100631823 0.0
55.0 0.990948978303 0.0
60.0 1.69381985036 1.0
154.0 1.76778897787 1.0
168.0 1.7514234602 1.0
65.0 1.72788776334 1.0
50.0 1.80140799906 1.0
14.0 1.00668172874 0.0
43.0 1.80021459739 1.0
122.0 0.911037078064 0.0
object 98	1.0:0.5 13.0401449922:0.5
157.0 0.962090646325 0.0
164.0 13.0122791043 1.0
150.0 13.0529725718 1.0
42.0 13.0119778033 1.0
102.0 13.0317405872 1.0
156.0 12.9968524587 1.0
145.0 0.978847722559 0.0
190.0 17.7254303604 1.0
180.0 -1.72645045274 0.0
89.0 13.0264497361 1.0
197.0 -2.28539364697 0.0
101.0 0.937939510742 0.0
50.0 0.921792740451 0.0
66.0 0.943417999517 0.0
133.0 1.0186522689 0.0
147.0 1.0016685032 0.0
112.0 13.0679930706 1.0
127.0 0.949765434757 0.0
32.0 1.03307698542 0.0
8.0 13.0276677104 1.0
151.0 13.0252551344 1.0
186.0 11.5959399509 1.0
109.0 13.0762187806 1.0
1.0 1.12131823233 0.0
2.0 1.04754454974 0.0
131.0 13.0312213545 1.0
173.0 13.0611786813 1.0
139.0 13.0811468213 1.0
27.0 13.0118051784 1.0
20.0 1.11808110017 0.0
103.0 1.04108895456 0.0
object 99	1.0:0.5 6.10142719801:0.5
118.0 0.943670034912 0.0
122.0 0.946161744431 0.0
155.0 1.07584188752 0.0
184.0 -0.554957883403 0.0
33.0 1.03240775577 0.0
191.0 0.506425083955 0.0
64.0 1.01456845394 0.0
127.0 0.918500835243 0.0
29.0 6.11419105475 1.0
119.0 6.17555273081 1.0
27.0 1.04332885016 0.0
55.0 0.951272618904 0.0
168.0 6.179472064 1.0
49.0 6.1223724084 1.0
111.0 1.03713718081 0.0
144.0 0.972164587578 0.0
172.0 6.08569106918 1.0
112.0 0.995004401568 0.0
30.0 6.11854728871 1.0
189.0 2.3752556487 0.0
93.0 1.00357599212 0.0
77.0 6.08522922744 1.0
