object 0	1.0:1.0
108.0 1.01152758408 1.0
166.0 0.281050568184 1.0
30.0 1.0143414081 1.0
3.0 1.03633799831 1.0
69.0 0.959161607454 1.0
196.0 -0.794936724179 1.0
150.0 -1.69001033091 1.0
176.0 2.05768410128 1.0
185.0 2.13684774073 1.0
object 1	1.0:1.0
95.0 1.02905863489 1.0
199.0 -0.991150168369 1.0
48.0 1.03332217738 1.0
62.0 1.03092057862 1.0
180.0 -0.982511418689 1.0
13.0 0.976168811286 1.0
16.0 1.00069017815 1.0
172.0 1.76294709133 1.0
10.0 1.01971829558 1.0
39.0 1.01143211002 1.0
object 2	1.0:1.0
137.0 1.01125345189 1.0
31.0 1.01401375947 1.0
73.0 1.01202000682 1.0
67.0 0.989875059738 1.0
93.0 1.02465182616 1.0
133.0 0.996772497826 1.0
14.0 1.02850696514 1.0
85.0 1.01615542729 1.0
59.0 1.01439475595 1.0
54.0 1.05024486317 1.0
197.0 1.9155322874 1.0
25.0 1.00068466751 1.0
71.0 1.02363809234 1.0
45.0 1.00054149076 1.0
2.0 0.997720249702 1.0
5.0 0.970475215269 1.0
151.0 0.985640671312 1.0
object 3	1.0:1.0
137.0 0.978605750184 1.0
146.0 2.62599912478 1.0
13.0 0.933517538685 1.0
187.0 -1.25685226677 1.0
116.0 1.03105967819 1.0
36.0 1.03671281105 1.0
104.0 0.9914352903 1.0
175.0 0.855220513605 1.0
object 4	1.0:1.0
131.0 1.02571430362 1.0
129.0 0.947640176067 1.0
114.0 1.06347721739 1.0
109.0 0.990108075331 1.0
165.0 -0.557872935752 1.0
124.0 1.0158141243 1.0
189.0 6.00263504436 1.0
130.0 1.00036509354 1.0
28.0 1.01421709441 1.0
52.0 0.975848294369 1.0
110.0 0.945765384509 1.0
158.0 0.897690337744 1.0
167.0 5.0513467423 1.0
77.0 0.996646471718 1.0
46.0 1.00126036926 1.0
107.0 1.01704790966 1.0
38.0 0.985918778195 1.0
180.0 -2.95352597187 1.0
62.0 1.00697819328 1.0
55.0 0.992436688341 1.0
171.0 2.00106516333 1.0
188.0 -0.569987931504 1.0
125.0 1.0280377266 1.0
object 5	1.0:1.0
37.0 0.937048215101 1.0
60.0 0.987988625389 1.0
113.0 0.969876873313 1.0
122.0 0.995533757962 1.0
130.0 0.993085867227 1.0
39.0 1.00309189968 1.0
34.0 0.965600414929 1.0
57.0 0.938670025083 1.0
153.0 1.33944030117 1.0
104.0 0.9880290208 1.0
171.0 0.883163425146 1.0
168.0 3.60040184594 1.0
94.0 1.07799924094 1.0
18.0 0.975242511305 1.0
object 6	1.0:1.0
35.0 0.99554727451 1.0
67.0 0.981569409698 1.0
95.0 1.01810994619 1.0
100.0 0.984258069684 1.0
156.0 -6.62914499742 1.0
108.0 0.997901543323 1.0
179.0 -0.561333659063 1.0
160.0 -0.882589451109 1.0
185.0 1.85881572827 1.0
7.0 1.00655718861 1.0
68.0 0.989474812192 1.0
112.0 0.978781598855 1.0
65.0 1.0304863361 1.0
134.0 0.999876706466 1.0
186.0 4.25716403128 1.0
object 7	1.0:1.0
178.0 4.60798202008 1.0
21.0 0.999853948133 1.0
28.0 1.03763661407 1.0
63.0 1.04667030184 1.0
98.0 0.983666744629 1.0
198.0 2.78199152171 1.0
20.0 1.00716827687 1.0
175.0 -2.2052359748 1.0
31.0 0.975466655147 1.0
78.0 0.993207773896 1.0
33.0 0.98777872559 1.0
186.0 -0.162124228107 1.0
object 8	1.0:1.0
20.0 0.990929622253 1.0
62.0 0.988110787225 1.0
7.0 0.990626297081 1.0
72.0 1.03890836608 1.0
184.0 3.10161520581 1.0
27.0 1.01439519264 1.0
87.0 1.03060976556 1.0
195.0 5.14043456768 1.0
51.0 0.981592898855 1.0
118.0 0.991806378264 1.0
36.0 1.05536724953 1.0
181.0 1.99696670805 1.0
106.0 1.02111130506 1.0
198.0 0.0330460272068 1.0
88.0 1.05442951892 1.0
53.0 0.995737249029 1.0
33.0 0.931467242996 1.0
102.0 0.977304677232 1.0
object 9	1.0:1.0
129.0 1.03543099262 1.0
107.0 1.00427262572 1.0
145.0 -1.5981565685 1.0
135.0 0.95076810339 1.0
94.0 1.0037130838 1.0
0.0 0.997137376867 1.0
37.0 1.05402521465 1.0
30.0 0.999590748164 1.0
171.0 2.87661441371 1.0
156.0 -1.3763076674 1.0
72.0 1.00050401195 1.0
87.0 1.00883226854 1.0
31.0 1.0180251601 1.0
56.0 1.00129388105 1.0
object 10	1.0:1.0
146.0 -0.87408860636 1.0
76.0 0.970980157084 1.0
191.0 -0.889467888734 1.0
79.0 0.991438389759 1.0
168.0 1.54330980132 1.0
32.0 0.983712494665 1.0
72.0 1.09117108409 1.0
29.0 1.02970805972 1.0
110.0 0.91256543611 1.0
7.0 0.991719821637 1.0
120.0 1.0751625319 1.0
42.0 1.07549763614 1.0
28.0 1.00505221788 1.0
111.0 0.999105258101 1.0
99.0 0.983470854503 1.0
148.0 -2.34896886437 1.0
object 11	1.0:1.0
32.0 0.959731497302 1.0
37.0 1.01184087168 1.0
167.0 -2.03034664815 1.0
144.0 4.2446689125 1.0
116.0 0.995312651437 1.0
87.0 0.989801624779 1.0
40.0 1.04570456119 1.0
165.0 -0.871507372971 1.0
113.0 1.02216970255 1.0
29.0 0.972981235576 1.0
82.0 0.986532540676 1.0
28.0 1.00160120969 1.0
object 12	1.0:1.0
176.0 2.21186221478 1.0
65.0 1.03395696178 1.0
34.0 0.987734355463 1.0
116.0 0.994840607659 1.0
3.0 1.00636057498 1.0
4.0 0.985198606175 1.0
83.0 0.99070019493 1.0
144.0 -3.43058091459 1.0
70.0 1.01085378401 1.0
57.0 1.01199976427 1.0
object 13	1.0:1.0
87.0 0.998114825109 1.0
70.0 0.97083865708 1.0
106.0 0.974913100067 1.0
114.0 1.02201504662 1.0
197.0 -6.92865852987 1.0
51.0 0.99900630279 1.0
88.0 1.00425947214 1.0
75.0 1.00766420553 1.0
59.0 0.985478297805 1.0
37.0 0.958838621696 1.0
116.0 1.01102921126 1.0
130.0 0.980223703004 1.0
18.0 0.989363746279 1.0
8.0 0.985577305519 1.0
40.0 1.00718811619 1.0
object 14	1.0:1.0
26.0 0.971237207068 1.0
155.0 -3.60564976187 1.0
16.0 0.991621049693 1.0
object 15	1.0:1.0
25.0 1.03026124424 1.0
142.0 -7.37168645758 1.0
191.0 5.07871213511 1.0
139.0 1.08353344578 1.0
68.0 0.976893084542 1.0
189.0 5.60073440422 1.0
135.0 0.971850293269 1.0
99.0 0.974319680762 1.0
17.0 1.01652311133 1.0
114.0 1.02588802354 1.0
108.0 1.0133063932 1.0
12.0 1.00425957235 1.0
50.0 1.0080408005 1.0
88.0 0.988013464601 1.0
60.0 0.965506603128 1.0
116.0 1.03119831806 1.0
object 16	1.0:1.0
93.0 1.00548601419 1.0
60.0 0.974057816562 1.0
65.0 0.979203749052 1.0
163.0 4.41771494343 1.0
29.0 0.998972852139 1.0
10.0 0.978744040678 1.0
84.0 0.971669693868 1.0
54.0 0.979076254169 1.0
127.0 0.994291271181 1.0
40.0 0.976077391482 1.0
160.0 8.05988853133 1.0
5.0 0.981615924941 1.0
168.0 1.36217633192 1.0
159.0 -3.28382486813 1.0
51.0 1.02676914982 1.0
object 17	1.0:1.0
13.0 0.9595379582 1.0
66.0 0.989228024368 1.0
67.0 1.03168219832 1.0
144.0 5.41327071222 1.0
176.0 0.652962729895 1.0
53.0 0.948823821591 1.0
153.0 -0.457990898426 1.0
191.0 0.339752209693 1.0
75.0 1.01229756838 1.0
31.0 1.00021463238 1.0
184.0 -0.568975009376 1.0
167.0 -0.456942980583 1.0
126.0 0.96968668096 1.0
object 18	1.0:1.0
40.0 1.04276638979 1.0
100.0 1.00770794843 1.0
183.0 1.63582655899 1.0
47.0 1.02627654058 1.0
129.0 1.01400964415 1.0
19.0 1.02106126143 1.0
161.0 -1.34503978068 1.0
114.0 1.02509335846 1.0
97.0 1.03007219814 1.0
128.0 1.03261632399 1.0
116.0 0.966185420168 1.0
162.0 -8.62312758249 1.0
158.0 2.39437851688 1.0
152.0 3.17959446084 1.0
object 19	1.0:1.0
120.0 0.99841465842 1.0
152.0 3.36319127791 1.0
28.0 1.02528090178 1.0
91.0 0.996075959079 1.0
59.0 0.962284747873 1.0
104.0 1.01104861273 1.0
52.0 0.978688911431 1.0
object 20	1.0:1.0
135.0 1.03279344278 1.0
82.0 1.02243010089 1.0
65.0 1.00722331874 1.0
188.0 7.28302248518 1.0
66.0 0.965948287344 1.0
171.0 -0.484740879695 1.0
39.0 0.992485386316 1.0
146.0 1.47263407291 1.0
108.0 0.986509878865 1.0
151.0 -2.03097118179 1.0
59.0 1.00539397875 1.0
99.0 1.01017543729 1.0
192.0 -1.18867806132 1.0
157.0 -2.21346878047 1.0
90.0 1.00410124965 1.0
object 21	1.0:1.0
77.0 0.999074595566 1.0
153.0 -0.010087658157 1.0
32.0 0.957845817809 1.0
60.0 0.962273226103 1.0
143.0 -1.43799819742 1.0
8.0 0.997377487194 1.0
196.0 1.40816636315 1.0
195.0 8.17614397119 1.0
125.0 1.01313722137 1.0
4.0 1.03283903293 1.0
119.0 1.00831051276 1.0
1.0 1.01520705874 1.0
24.0 0.995500808592 1.0
156.0 2.97717421849 1.0
179.0 3.12635210357 1.0
191.0 -0.745451885302 1.0
17.0 1.00613671576 1.0
object 22	1.0:1.0
121.0 0.989078125565 1.0
147.0 -1.50002858841 1.0
112.0 1.00542619767 1.0
30.0 1.01299975709 1.0
104.0 0.976919931378 1.0
23.0 0.991500080698 1.0
193.0 -1.83636911288 1.0
102.0 1.03868595854 1.0
170.0 4.10139481414 1.0
21.0 0.990892559365 1.0
169.0 -4.85047594756 1.0
106.0 0.988900052957 1.0
91.0 1.02395531149 1.0
144.0 6.68671535704 1.0
87.0 0.999042902776 1.0
151.0 1.5316329116 1.0
177.0 -1.07449736727 1.0
100.0 0.950974619284 1.0
object 23	1.0:1.0
171.0 1.95341533102 1.0
16.0 1.00165349362 1.0
65.0 0.981463347047 1.0
59.0 1.00815216447 1.0
143.0 -1.10250168962 1.0
124.0 0.88928456474 1.0
100.0 1.00113510794 1.0
24.0 1.00801017487 1.0
25.0 1.01221263258 1.0
140.0 6.91532878429 1.0
139.0 0.98642577273 1.0
178.0 2.63458959543 1.0
89.0 1.00320027231 1.0
object 24	1.0:1.0
69.0 0.97069319934 1.0
85.0 1.0009187627 1.0
165.0 1.45695972239 1.0
82.0 0.99894515221 1.0
157.0 1.05904378736 1.0
67.0 1.00437880748 1.0
172.0 8.58042309527 1.0
13.0 1.03838975954 1.0
129.0 0.96830599439 1.0
112.0 0.993462729621 1.0
151.0 1.12405452962 1.0
76.0 0.994277441163 1.0
24.0 1.01519135674 1.0
198.0 1.28429860126 1.0
34.0 1.00041640306 1.0
object 25	1.0:1.0
115.0 0.983976530122 1.0
72.0 0.886755411037 1.0
74.0 1.0021612674 1.0
129.0 1.01270789284 1.0
19.0 0.99521073271 1.0
185.0 4.45016993875 1.0
33.0 0.994012040118 1.0
77.0 1.00508034005 1.0
127.0 0.991771337489 1.0
107.0 0.993629282431 1.0
177.0 5.9751932728 1.0
68.0 1.04637960076 1.0
object 26	1.0:1.0
43.0 0.98636105227 1.0
95.0 1.04351868796 1.0
53.0 0.993807681915 1.0
122.0 0.998249830119 1.0
139.0 1.0054084461 1.0
38.0 1.03432135439 1.0
17.0 0.983076320478 1.0
130.0 0.944776698867 1.0
102.0 1.01800781226 1.0
145.0 5.27763514546 1.0
object 27	1.0:1.0
101.0 1.00177512401 1.0
95.0 0.954528558663 1.0
21.0 1.02212577936 1.0
50.0 1.01977383252 1.0
126.0 0.94834505029 1.0
8.0 1.01905509227 1.0
35.0 0.986558984752 1.0
135.0 1.0387981789 1.0
173.0 -0.682309536514 1.0
112.0 0.984049879714 1.0
147.0 -0.410697094609 1.0
99.0 0.98420289906 1.0
137.0 0.99083991662 1.0
155.0 1.82963286096 1.0
6.0 0.977011221867 1.0
170.0 0.181825461946 1.0
195.0 2.43213047028 1.0
25.0 1.03008477101 1.0
115.0 0.955550732307 1.0
146.0 1.32052110477 1.0
49.0 0.970207910717 1.0
object 28	1.0:1.0
102.0 0.990159036393 1.0
103.0 1.07702198079 1.0
83.0 0.997215220415 1.0
48.0 0.995131196218 1.0
115.0 0.974703299701 1.0
61.0 0.980891496414 1.0
139.0 1.00688494249 1.0
11.0 1.06116430895 1.0
18.0 0.984511938012 1.0
41.0 1.01306575889 1.0
99.0 1.0125653852 1.0
53.0 0.965445808385 1.0
object 29	1.0:1.0
53.0 1.01922399107 1.0
87.0 1.01091759167 1.0
199.0 4.6328094633 1.0
159.0 1.87152851665 1.0
152.0 2.06402762242 1.0
14.0 1.02370177266 1.0
71.0 0.979689166825 1.0
162.0 8.46213147654 1.0
190.0 1.90951900504 1.0
182.0 5.68358012399 1.0
88.0 0.996729974479 1.0
145.0 -0.104028461266 1.0
13.0 1.06396766616 1.0
140.0 -8.40216891718 1.0
object 30	1.0:1.0
40.0 1.07951506802 1.0
11.0 0.994709012128 1.0
27.0 1.00203164959 1.0
155.0 4.53707090998 1.0
145.0 1.39889043458 1.0
21.0 0.991020949605 1.0
30.0 1.00711594676 1.0
191.0 -2.01271812752 1.0
object 31	1.0:1.0
42.0 0.995700450106 1.0
54.0 1.04267683884 1.0
126.0 1.02726388435 1.0
101.0 1.02338970065 1.0
130.0 1.00201984261 1.0
179.0 1.44553997622 1.0
45.0 1.00826916233 1.0
148.0 1.20804624967 1.0
84.0 1.00454055488 1.0
16.0 1.00129964303 1.0
161.0 4.36991538868 1.0
27.0 1.0084759725 1.0
197.0 3.59810725239 1.0
120.0 1.0008980391 1.0
137.0 0.972658216024 1.0
object 32	1.0:1.0
172.0 -1.16690343121 1.0
100.0 0.987762176631 1.0
64.0 1.01297834221 1.0
20.0 0.992550298528 1.0
70.0 1.03414156658 1.0
15.0 0.987926931942 1.0
146.0 1.75304729399 1.0
132.0 1.02984759593 1.0
9.0 1.03828940847 1.0
101.0 1.0041641273 1.0
112.0 0.985684013134 1.0
object 33	1.0:1.0
18.0 1.01417808112 1.0
142.0 6.33312803353 1.0
1.0 1.03339981328 1.0
176.0 1.29434748824 1.0
24.0 1.0076818231 1.0
178.0 4.65114857577 1.0
103.0 1.07694672236 1.0
102.0 0.985263763728 1.0
46.0 1.01193892125 1.0
150.0 7.82364099651 1.0
130.0 1.01897251959 1.0
object 34	1.0:1.0
194.0 -3.12249487577 1.0
158.0 -1.75070294358 1.0
11.0 1.03986627034 1.0
199.0 0.7457596183 1.0
185.0 3.80118478082 1.0
125.0 1.03359323911 1.0
57.0 0.937023687728 1.0
29.0 0.983851156885 1.0
195.0 3.99524134182 1.0
143.0 1.4806909771 1.0
69.0 1.00816468488 1.0
41.0 0.981639833405 1.0
48.0 1.00748402474 1.0
140.0 1.04637929998 1.0
object 35	1.0:1.0
20.0 1.00449577009 1.0
68.0 0.980349687865 1.0
198.0 -0.402050171726 1.0
4.0 0.973695714215 1.0
139.0 0.994567244749 1.0
168.0 5.76439680562 1.0
172.0 -0.711518420215 1.0
39.0 0.957980364265 1.0
167.0 4.07190899419 1.0
195.0 6.62990999314 1.0
66.0 0.982903029379 1.0
object 36	1.0:1.0
99.0 1.0145777201 1.0
47.0 0.966322778286 1.0
11.0 1.04091743097 1.0
189.0 -3.49422282651 1.0
125.0 1.00330677779 1.0
143.0 2.08785792221 1.0
12.0 0.997489297722 1.0
106.0 0.984807444031 1.0
13.0 1.03344453988 1.0
159.0 -0.979705864167 1.0
object 37	1.0:1.0
152.0 4.17693635672 1.0
191.0 0.581892526849 1.0
4.0 1.03077740535 1.0
36.0 0.9760351603 1.0
198.0 -1.11485807552 1.0
79.0 0.973250434076 1.0
132.0 0.971094075697 1.0
28.0 1.00944587274 1.0
71.0 0.967167479723 1.0
8.0 0.995191628504 1.0
150.0 -6.29273226672 1.0
13.0 0.983069879174 1.0
109.0 0.973810848009 1.0
171.0 -3.1018391711 1.0
object 38	1.0:1.0
131.0 0.98462111794 1.0
63.0 0.988996585106 1.0
51.0 1.01679151418 1.0
102.0 0.985468484429 1.0
109.0 0.958333644382 1.0
180.0 -2.52590532355 1.0
56.0 1.02457692778 1.0
52.0 1.0015532376 1.0
186.0 5.18208803675 1.0
169.0 4.59050976514 1.0
object 39	1.0:1.0
149.0 0.12999383909 1.0
164.0 -0.943874398986 1.0
132.0 1.01724924519 1.0
172.0 -2.06342838325 1.0
118.0 0.995060908338 1.0
165.0 1.90566922392 1.0
104.0 1.02041890584 1.0
120.0 0.977836783865 1.0
24.0 1.01877145158 1.0
113.0 0.989290246227 1.0
object 40	1.0:1.0
84.0 0.957641330174 1.0
118.0 0.986656226193 1.0
155.0 -1.41817810783 1.0
141.0 1.1062527796 1.0
8.0 1.00893741576 1.0
137.0 0.978553215331 1.0
24.0 0.991545013053 1.0
159.0 -1.02754345474 1.0
88.0 0.976768872844 1.0
130.0 1.01732946293 1.0
43.0 0.972897634757 1.0
76.0 0.947494732929 1.0
14.0 0.998658741368 1.0
21.0 0.9961206092 1.0
135.0 1.00046154903 1.0
127.0 1.00763128844 1.0
198.0 1.20018097487 1.0
66.0 0.973030413948 1.0
132.0 1.02259083849 1.0
90.0 0.989985614902 1.0
64.0 0.965994027668 1.0
object 41	1.0:1.0
198.0 -1.51573292752 1.0
59.0 1.01253234637 1.0
17.0 0.991471598694 1.0
147.0 -1.30137348123 1.0
63.0 0.948243251104 1.0
127.0 1.01868558324 1.0
160.0 -3.17455578246 1.0
182.0 4.75205203111 1.0
140.0 -0.55790137866 1.0
20.0 0.99827547857 1.0
53.0 0.968775084783 1.0
7.0 0.980836890917 1.0
101.0 1.00543236454 1.0
188.0 -0.666796523377 1.0
135.0 0.962675436898 1.0
189.0 0.678766591861 1.0
15.0 0.997493073495 1.0
object 42	1.0:1.0
20.0 0.981265900982 1.0
137.0 1.02143092136 1.0
190.0 6.69414793958 1.0
74.0 0.998357517949 1.0
0.0 0.97885479 1.0
28.0 0.962211423704 1.0
134.0 1.01575538161 1.0
154.0 2.07265349548 1.0
174.0 0.49690246318 1.0
2.0 0.976275117548 1.0
158.0 3.75518946206 1.0
129.0 0.968255221084 1.0
95.0 0.990857510447 1.0
148.0 -1.18730518133 1.0
106.0 0.994872555122 1.0
object 43	1.0:1.0
44.0 0.982482106123 1.0
89.0 0.992245689532 1.0
129.0 1.02222140704 1.0
181.0 2.4473296282 1.0
29.0 0.939441762771 1.0
80.0 1.06213788018 1.0
116.0 0.984316658547 1.0
85.0 1.03756579816 1.0
194.0 -0.827545183399 1.0
192.0 1.28401039949 1.0
65.0 1.0106417531 1.0
40.0 0.933581065163 1.0
46.0 0.988839931066 1.0
102.0 1.01129398054 1.0
object 44	1.0:1.0
100.0 0.97908613526 1.0
42.0 1.03510433461 1.0
176.0 5.27382369114 1.0
46.0 0.999350465407 1.0
175.0 -0.266588342706 1.0
82.0 0.99553104043 1.0
124.0 0.9628763518 1.0
50.0 1.02246682807 1.0
129.0 1.10230626287 1.0
52.0 1.0091174047 1.0
86.0 0.989722703353 1.0
object 45	1.0:1.0
81.0 1.03045908168 1.0
66.0 1.0500759568 1.0
74.0 0.986892085644 1.0
12.0 0.979141105102 1.0
145.0 -11.1647350254 1.0
102.0 1.00801739379 1.0
167.0 -3.35446764895 1.0
84.0 1.09947793422 1.0
55.0 1.05341377059 1.0
96.0 1.01096439262 1.0
88.0 1.00720824595 1.0
76.0 0.959162646328 1.0
72.0 0.949854720981 1.0
156.0 -2.13056647053 1.0
14.0 1.02242152509 1.0
21.0 1.004929659 1.0
89.0 1.03147157871 1.0
56.0 0.956683852083 1.0
125.0 0.982877163399 1.0
object 46	1.0:1.0
152.0 5.22422873191 1.0
87.0 1.00628459828 1.0
128.0 0.981098753127 1.0
31.0 0.997385606618 1.0
114.0 0.987975645629 1.0
15.0 0.999487293358 1.0
1.0 1.01111240773 1.0
94.0 0.973915268258 1.0
112.0 1.00041666287 1.0
162.0 -4.04047528308 1.0
189.0 -0.358492379062 1.0
140.0 -4.00520951366 1.0
74.0 1.00168709016 1.0
96.0 0.979184750872 1.0
157.0 4.5168782059 1.0
155.0 4.13617765692 1.0
35.0 1.02336521129 1.0
180.0 3.62836836677 1.0
133.0 1.02156666754 1.0
object 47	1.0:1.0
125.0 0.953402923245 1.0
66.0 1.02395767069 1.0
153.0 3.89616258258 1.0
174.0 0.255583992815 1.0
140.0 0.655564467843 1.0
197.0 -5.2398411619 1.0
33.0 1.02627170338 1.0
101.0 1.00269740952 1.0
177.0 -7.46063034222 1.0
131.0 0.988123445303 1.0
38.0 1.04646310968 1.0
188.0 -2.07069190771 1.0
106.0 1.04916392087 1.0
61.0 0.957014654559 1.0
137.0 1.02362127423 1.0
object 48	1.0:1.0
30.0 0.99112188756 1.0
94.0 1.03329197967 1.0
184.0 -0.473425282751 1.0
52.0 0.998625529448 1.0
197.0 -1.0731600864 1.0
175.0 -0.963126659754 1.0
51.0 1.00233859923 1.0
19.0 1.01266485944 1.0
70.0 1.00435853968 1.0
110.0 1.06195625302 1.0
137.0 1.00571754519 1.0
160.0 -8.11104012336 1.0
104.0 1.01205189616 1.0
120.0 1.01151443591 1.0
149.0 3.87232726873 1.0
119.0 0.974995619643 1.0
59.0 1.04389393318 1.0
66.0 0.999457431823 1.0
object 49	1.0:1.0
189.0 -3.91920636187 1.0
110.0 1.02051207067 1.0
125.0 0.984648849932 1.0
113.0 0.916477746055 1.0
138.0 1.03811953696 1.0
194.0 8.42746775756 1.0
171.0 -1.29520189432 1.0
60.0 1.0377703878 1.0
145.0 1.73011293112 1.0
63.0 0.99768211683 1.0
135.0 1.01004456405 1.0
154.0 -0.309851752479 1.0
196.0 -0.726853017657 1.0
59.0 0.95176476679 1.0
71.0 1.06765359481 1.0
149.0 2.09160021362 1.0
12.0 0.978947149483 1.0
92.0 0.920175511821 1.0
90.0 1.0062154088 1.0
object 50	1.0:0.5 -3.03319204402:0.5
110.0 -3.05280331764 1.0
33.0 0.947613203118 0.0
96.0 1.07739435683 0.0
107.0 0.963861638862 0.0
196.0 -7.19429442922 1.0
146.0 -3.20898228926 1.0
198.0 -2.62849219536 1.0
48.0 -2.94610235741 1.0
112.0 -3.04258442967 1.0
103.0 -2.99252694848 1.0
17.0 1.05322487556 0.0
56.0 -3.02187735341 1.0
29.0 0.930405889273 0.0
164.0 -6.22000070195 1.0
140.0 -4.15834637172 1.0
122.0 -2.95249135317 1.0
66.0 -3.01753844501 1.0
169.0 -3.77068104817 1.0
object 51	1.0:0.5 -17.126314112:0.5
44.0 -17.153332876 1.0
117.0 1.01023735237 0.0
26.0 0.973164482403 0.0
13.0 -17.079415658 1.0
39.0 0.980648008613 0.0
114.0 -17.107424515 1.0
73.0 1.03890260269 0.0
18.0 0.939097930215 0.0
101.0 1.03085598567 0.0
191.0 -18.817500961 1.0
94.0 -17.1815215721 1.0
107.0 0.998129322868 0.0
100.0 1.04748993778 0.0
99.0 -17.1286007302 1.0
16.0 -17.0604520458 1.0
192.0 -1.98160118672 0.0
22.0 -17.0519887054 1.0
153.0 8.7637637531 0.0
183.0 -17.2147711349 1.0
8.0 1.00248644421 0.0
object 52	1.0:0.5 2.77043319431:0.5
118.0 1.05258419793 0.0
104.0 0.978865679016 0.0
2.0 1.09395965603 0.0
72.0 2.77761563304 1.0
194.0 3.47130129621 1.0
39.0 0.968618941563 0.0
75.0 0.997874156853 0.0
87.0 2.79133636055 1.0
179.0 1.98273588026 0.0
99.0 2.82481424072 1.0
166.0 -2.42785130203 0.0
22.0 1.00807737349 0.0
object 53	1.0:0.5 16.1503411364:0.5
111.0 1.05750197952 0.0
160.0 1.29013409072 0.0
162.0 2.58467615927 0.0
44.0 0.987740663056 0.0
77.0 16.2284427554 1.0
126.0 1.00117727146 0.0
94.0 16.0649016686 1.0
178.0 14.6792339629 1.0
82.0 16.2353848482 1.0
138.0 16.1596028203 1.0
43.0 16.113150848 1.0
45.0 0.991981533555 0.0
49.0 1.1121714622 0.0
23.0 16.1361656834 1.0
148.0 15.7140778649 1.0
85.0 1.02704058378 0.0
28.0 16.1283259237 1.0
64.0 1.0373640978 0.0
112.0 16.2192825778 1.0
89.0 1.01576548551 0.0
192.0 0.316308057073 0.0
11.0 16.2373106982 1.0
14.0 16.1776838438 1.0
object 54	1.0:0.5 -0.675892528111:0.5
13.0 0.970066841992 0.0
67.0 -0.640042021201 1.0
124.0 -0.756733013976 1.0
8.0 0.960707016361 0.0
104.0 -0.746245907974 1.0
99.0 0.994461957578 0.0
128.0 -0.639202823416 1.0
114.0 -0.652473060389 1.0
91.0 0.979976964542 0.0
103.0 0.891249606971 0.0
168.0 -1.9480033941 0.0
31.0 -0.592745998336 1.0
18.0 1.09919262277 0.0
object 55	1.0:0.5 -1.86024883422:0.5
7.0 0.992174746477 0.0
168.0 -4.0258041834 1.0
165.0 -1.31463964335 0.0
55.0 -1.84947858074 1.0
99.0 -1.72862413207 1.0
40.0 -1.94848502743 1.0
69.0 0.923144588525 0.0
26.0 -1.9083784449 1.0
50.0 0.947075232401 0.0
169.0 0.515722016961 0.0
133.0 -1.89299104417 1.0
109.0 -1.87321925691 1.0
160.0 -1.11327857649 0.0
120.0 -1.78343179761 1.0
62.0 -1.82462115379 1.0
20.0 -1.87662904707 1.0
object 56	1.0:0.5 -9.50171860803:0.5
59.0 -9.52710733071 1.0
147.0 -11.2128722048 1.0
96.0 -9.39013408436 1.0
144.0 -8.41071936703 1.0
21.0 -9.53883486399 1.0
44.0 1.04079539972 0.0
121.0 1.04369446949 0.0
193.0 0.0663189183578 0.0
103.0 0.986412715814 0.0
87.0 1.0161261819 0.0
187.0 1.36044118108 0.0
76.0 -9.49762880111 1.0
130.0 1.0317037276 0.0
47.0 1.02168807598 0.0
object 57	1.0:0.5 -5.95686247177:0.5
38.0 0.965259517625 0.0
34.0 1.07821434405 0.0
98.0 -5.92895725151 1.0
35.0 0.986347032772 0.0
55.0 -5.95323218957 1.0
160.0 1.03349053226 0.0
109.0 -5.90854481303 1.0
151.0 -7.68549806515 1.0
199.0 -5.73046084107 1.0
74.0 -5.94377108729 1.0
66.0 1.02234576535 0.0
157.0 -3.85489821968 1.0
27.0 -5.98242730911 1.0
11.0 -5.9498772175 1.0
object 58	1.0:0.5 1.19865652876:0.5
145.0 3.94243475133 0.0
187.0 0.564853714932 0.0
102.0 0.941254227785 0.0
89.0 1.23123840692 1.0
188.0 -0.099890833013 0.0
81.0 1.08834309662 0.0
72.0 1.23941899391 1.0
92.0 0.910510765453 0.0
53.0 1.01359146213 0.0
147.0 10.8480308067 1.0
113.0 0.947835535613 0.0
4.0 0.968413317002 0.0
133.0 1.22713698011 1.0
98.0 1.21389557848 1.0
118.0 1.22073071248 1.0
1.0 1.0191500831 0.0
96.0 1.26212401651 1.0
object 59	1.0:0.5 11.9482313485:0.5
192.0 13.908822313 1.0
109.0 1.02677217322 0.0
42.0 0.962753546937 0.0
189.0 0.160558514774 0.0
62.0 0.942871348567 0.0
73.0 1.09526261781 0.0
33.0 11.9323754014 1.0
179.0 0.691626538328 0.0
138.0 0.961030358049 0.0
86.0 0.962321225412 0.0
61.0 11.9081457059 1.0
96.0 0.93893246646 0.0
68.0 11.9058806004 1.0
object 60	1.0:0.5 -2.15204381709:0.5
159.0 -1.28985483648 0.0
108.0 -2.20148946605 1.0
102.0 1.07005386623 0.0
89.0 -2.18115945404 1.0
93.0 0.990289290303 0.0
2.0 1.00573915364 0.0
115.0 0.996538455534 0.0
106.0 -2.11887174278 1.0
11.0 -2.06462072337 1.0
58.0 1.05511105555 0.0
185.0 -1.52510170164 1.0
35.0 -2.16232364744 1.0
7.0 -2.18758355279 1.0
151.0 1.7149038648 0.0
object 61	1.0:0.5 9.23547369623:0.5
15.0 1.02793044727 0.0
69.0 9.19654803749 1.0
99.0 0.90350205642 0.0
167.0 8.65490746448 1.0
77.0 1.00510926049 0.0
17.0 1.00613843216 0.0
184.0 7.15498598373 1.0
112.0 9.28731303815 1.0
183.0 -0.442877443648 0.0
43.0 0.961045037892 0.0
117.0 1.03695845588 0.0
27.0 9.22936989691 1.0
80.0 1.00920150061 0.0
68.0 1.00618200884 0.0
61.0 9.25996556943 1.0
129.0 1.05431236391 0.0
object 62	1.0:0.5 -11.5830615764:0.5
22.0 0.974688154603 0.0
112.0 -11.5978203701 1.0
30.0 0.934407303738 0.0
147.0 -12.183207772 1.0
157.0 2.15333638181 0.0
101.0 1.11146606967 0.0
12.0 1.06261386285 0.0
21.0 0.973030094525 0.0
3.0 -11.5602542019 1.0
44.0 1.05509500203 0.0
170.0 2.19905484743 0.0
107.0 -11.5904439093 1.0
49.0 -11.6145323966 1.0
139.0 -11.4763932769 1.0
124.0 0.910608323242 0.0
192.0 0.284620321786 0.0
object 63	1.0:0.5 8.19042424007:0.5
29.0 8.24255524349 1.0
133.0 1.00426096024 0.0
33.0 8.18433054978 1.0
35.0 8.19867154942 1.0
13.0 8.16403895712 1.0
144.0 1.39177732818 0.0
104.0 0.938368990351 0.0
21.0 8.16153933293 1.0
139.0 8.10836947135 1.0
53.0 1.09259195027 0.0
62.0 8.19410754686 1.0
145.0 -0.728026958549 0.0
84.0 1.07236983869 0.0
140.0 5.32410056381 0.0
60.0 8.11789322096 1.0
81.0 0.983973655349 0.0
97.0 8.21332017458 1.0
30.0 0.947751097012 0.0
121.0 8.22005732642 1.0
196.0 -3.91854017501 0.0
object 64	1.0:0.5 -8.78624131579:0.5
73.0 1.04313289735 0.0
198.0 -8.37369124726 1.0
18.0 -8.84924779022 1.0
66.0 1.06378346361 0.0
127.0 1.04603214391 0.0
1.0 -8.87825726014 1.0
116.0 -8.83627821658 1.0
199.0 -0.286262825055 0.0
106.0 -8.77090206834 1.0
46.0 -8.78251689655 1.0
123.0 1.02852842195 0.0
60.0 0.989370116953 0.0
45.0 0.98309172288 0.0
97.0 -8.75617268341 1.0
133.0 1.03696178835 0.0
88.0 0.990275490063 0.0
141.0 0.322245733421 0.0
object 65	1.0:0.5 -0.544983573448:0.5
71.0 1.02151901441 0.0
144.0 -0.895642840395 1.0
172.0 0.989129963577 1.0
20.0 -0.510701559459 1.0
18.0 0.920030331121 0.0
102.0 0.942825189874 0.0
121.0 0.947197070596 0.0
object 66	1.0:0.5 10.8405002215:0.5
117.0 1.00971855221 0.0
186.0 -3.34019362705 0.0
168.0 -0.215573513919 0.0
15.0 10.8207449481 1.0
171.0 -0.860249038696 0.0
151.0 9.96573870128 1.0
178.0 4.78590261904 0.0
11.0 0.962122823121 0.0
14.0 10.8467494989 1.0
124.0 10.8495953076 1.0
96.0 10.8495687444 1.0
78.0 0.99504738537 0.0
79.0 10.8119227312 1.0
77.0 1.11533829101 0.0
102.0 0.945152691758 0.0
106.0 10.8415468717 1.0
object 67	1.0:0.5 13.4234880652:0.5
97.0 0.905725244504 0.0
3.0 13.3867170725 1.0
199.0 14.0913258013 1.0
13.0 0.988069735375 0.0
117.0 1.03516798933 0.0
152.0 13.9137731397 1.0
10.0 13.5739752269 1.0
123.0 13.4466082797 1.0
70.0 13.3622570218 1.0
122.0 13.436559086 1.0
120.0 13.3821931732 1.0
177.0 -4.43216335924 0.0
186.0 12.2903118695 1.0
102.0 13.4569585786 1.0
25.0 13.3985547384 1.0
84.0 1.0158428995 0.0
131.0 0.937000234874 0.0
107.0 13.4277187027 1.0
14.0 1.0119243775 0.0
23.0 13.4567298158 1.0
object 68	1.0:0.5 21.4044332406:0.5
57.0 21.4389907923 1.0
101.0 21.4671124831 1.0
189.0 20.6628950865 1.0
159.0 20.774974371 1.0
68.0 1.02545409237 0.0
121.0 21.3735577194 1.0
133.0 21.4086788638 1.0
29.0 21.3960740229 1.0
188.0 -1.66307689171 0.0
9.0 21.3666434969 1.0
161.0 14.5499362344 1.0
28.0 21.4599361061 1.0
150.0 -11.6720476865 0.0
97.0 0.928460039636 0.0
80.0 21.3776545746 1.0
136.0 21.3715859979 1.0
51.0 21.4383582774 1.0
40.0 21.4163966642 1.0
31.0 1.04152224992 0.0
62.0 21.3593935904 1.0
object 69	1.0:0.5 12.3074622696:0.5
51.0 12.3276818951 1.0
109.0 0.978314189394 0.0
117.0 12.275787103 1.0
175.0 3.27185042416 0.0
57.0 12.3621356378 1.0
29.0 0.953417546945 0.0
137.0 0.951521425061 0.0
194.0 2.11059196756 0.0
52.0 1.01457262651 0.0
9.0 12.3666574633 1.0
object 70	1.0:0.5 10.9940260523:0.5
116.0 1.02169178631 0.0
6.0 10.9944908361 1.0
149.0 9.429479202 1.0
128.0 11.0084531269 1.0
168.0 5.11885580761 0.0
153.0 3.48412797596 0.0
169.0 10.9633006158 1.0
158.0 9.8901575793 1.0
9.0 1.09366730126 0.0
42.0 1.00619720441 0.0
108.0 0.997596358285 0.0
194.0 11.2770014789 1.0
17.0 0.919273968398 0.0
80.0 11.0079357552 1.0
81.0 11.0063544419 1.0
30.0 1.11115009298 0.0
76.0 0.995109138544 0.0
37.0 11.1034489309 1.0
165.0 2.83290013615 0.0
64.0 10.9789249174 1.0
object 71	1.0:0.5 -29.9163054005:0.5
169.0 -0.278387973999 0.0
191.0 -32.0088374609 1.0
22.0 1.01736254991 0.0
144.0 -26.2723832256 1.0
198.0 -29.9979449198 1.0
195.0 -30.4857041737 1.0
63.0 1.11479682354 0.0
154.0 -2.59508170212 0.0
197.0 0.868120506 0.0
76.0 0.992958513419 0.0
18.0 1.01154919371 0.0
99.0 0.979068182871 0.0
139.0 -29.9645293073 1.0
object 72	1.0:0.5 4.36074814001:0.5
94.0 4.34718827334 1.0
177.0 -4.98785291822 0.0
187.0 4.85225425633 1.0
123.0 0.981871869027 0.0
34.0 0.952439457281 0.0
137.0 1.04297933249 0.0
65.0 4.31397679502 1.0
object 73	1.0:0.5 3.75043694011:0.5
30.0 3.73083405604 1.0
160.0 1.61580627034 0.0
4.0 3.71743543367 1.0
179.0 0.60398789005 0.0
76.0 3.70878391346 1.0
137.0 3.82542680215 1.0
185.0 7.89584620628 1.0
58.0 0.870250446565 0.0
95.0 1.01287334706 0.0
195.0 0.872629117353 0.0
152.0 1.30595007802 0.0
object 74	1.0:0.5 -3.3592072861:0.5
15.0 0.934281859671 0.0
162.0 -2.35049855938 1.0
34.0 1.02086545343 0.0
24.0 0.987083908076 0.0
199.0 -1.04317214947 0.0
54.0 -3.35709695561 1.0
58.0 -3.30684886184 1.0
119.0 0.952048486099 0.0
47.0 -3.39404561759 1.0
134.0 -3.31723890597 1.0
22.0 -3.29854831912 1.0
43.0 -3.37545433541 1.0
28.0 -3.26782751222 1.0
object 75	1.0:0.5 -17.3391197568:0.5
83.0 0.974269931099 0.0
149.0 4.73993610719 0.0
20.0 -17.2725135833 1.0
40.0 -17.3026442511 1.0
156.0 -20.6537207992 1.0
4.0 0.948826555007 0.0
69.0 1.00949670024 0.0
183.0 -15.3836184959 1.0
174.0 0.0363077582637 0.0
93.0 -17.3120812169 1.0
30.0 -17.3240160751 1.0
147.0 -13.4748410698 1.0
56.0 -17.2598802066 1.0
103.0 0.937255848535 0.0
46.0 0.923631135833 0.0
110.0 -17.3640498787 1.0
105.0 1.05227830554 0.0
160.0 -17.4985522519 1.0
0.0 0.943052632992 0.0
86.0 1.00461547205 0.0
118.0 0.994928125057 0.0
49.0 1.08992183164 0.0
26.0 1.00268603225 0.0
60.0 -17.295101696 1.0
68.0 -17.3432184404 1.0
object 76	1.0:0.5 -9.41943902553:0.5
36.0 -9.37321494628 1.0
152.0 -8.42545596817 1.0
49.0 -9.51000655709 1.0
156.0 5.36085456342 0.0
151.0 -11.1537438987 1.0
165.0 -1.4898080009 0.0
162.0 -1.09596374284 0.0
176.0 0.200705676155 0.0
106.0 0.98157256208 0.0
183.0 2.55430605764 0.0
29.0 -9.42880274715 1.0
18.0 -9.42694696851 1.0
53.0 -9.45099232145 1.0
177.0 -7.89157373527 1.0
2.0 0.907233263478 0.0
170.0 -6.60305659793 1.0
45.0 0.971716698801 0.0
107.0 -9.44804860774 1.0
50.0 1.05487169654 0.0
object 77	1.0:0.5 -13.9506926501:0.5
162.0 1.26271696086 0.0
19.0 1.02329170367 0.0
133.0 -13.9171875163 1.0
127.0 0.995674240724 0.0
159.0 -13.2607256701 1.0
180.0 -0.327851322466 0.0
139.0 -14.0569457134 1.0
125.0 0.976342807597 0.0
94.0 -13.9153780191 1.0
144.0 -0.96464251866 0.0
167.0 -15.6452131815 1.0
66.0 1.02398341285 0.0
90.0 0.998548628606 0.0
object 78	1.0:0.5 15.2161284403:0.5
171.0 -0.739243803947 0.0
66.0 15.2858342949 1.0
198.0 17.4750949626 1.0
42.0 15.2696916418 1.0
188.0 -6.86341390191 0.0
120.0 1.02723393951 0.0
139.0 15.1682588137 1.0
104.0 1.01304303433 0.0
38.0 15.1531843141 1.0
81.0 15.2125953757 1.0
169.0 15.2982306546 1.0
53.0 15.2369129712 1.0
106.0 15.2209095721 1.0
149.0 0.360884015215 0.0
133.0 15.2044491346 1.0
147.0 16.9652281632 1.0
object 79	1.0:0.5 -18.9405514568:0.5
186.0 -16.8129156423 1.0
51.0 -18.9455918714 1.0
74.0 -18.9730096995 1.0
20.0 -18.8799217381 1.0
15.0 -18.8995549696 1.0
134.0 -18.8924410261 1.0
86.0 1.03389511199 0.0
128.0 1.03565926725 0.0
64.0 -18.9169129717 1.0
176.0 -16.8913350756 1.0
object 80	1.0:0.5 6.13939753801:0.5
163.0 4.71185382411 0.0
20.0 0.937983474704 0.0
14.0 6.12184562708 1.0
19.0 6.06499941354 1.0
30.0 6.10098276448 1.0
155.0 6.08199542073 1.0
150.0 0.172936949302 0.0
184.0 5.5084003443 1.0
35.0 6.11042107518 1.0
57.0 0.953225595352 0.0
16.0 1.08253456126 0.0
38.0 0.972061884621 0.0
67.0 0.951638342487 0.0
90.0 1.03088563168 0.0
162.0 -0.775689745441 0.0
178.0 -0.469438176406 0.0
92.0 6.20091185828 1.0
104.0 0.969619764933 0.0
136.0 1.0441605687 0.0
56.0 6.22377378832 1.0
object 81	1.0:0.5 0.946835009655:0.5
99.0 0.948032646224 1.0
34.0 0.992780362292 0.0
12.0 0.90648300844 1.0
0.0 0.952710195688 1.0
94.0 0.942478768302 1.0
137.0 0.923374743201 1.0
52.0 1.1003828489 0.0
78.0 0.947319076857 1.0
46.0 0.96432359205 0.0
8.0 1.00242224688 0.0
161.0 0.243580205404 1.0
148.0 1.84348606904 1.0
37.0 1.04542874728 0.0
72.0 1.08746544223 0.0
object 82	1.0:0.5 -5.8878647742:0.5
98.0 0.981786819042 0.0
39.0 1.05644114579 0.0
6.0 0.945609716178 0.0
53.0 0.982973756721 0.0
65.0 -5.91465475385 1.0
79.0 -5.94299392169 1.0
87.0 -5.93926930123 1.0
32.0 -5.8694554491 1.0
186.0 -0.87340163472 0.0
17.0 1.0080326173 0.0
109.0 1.03538188429 0.0
11.0 1.01093614534 0.0
118.0 1.12890807524 0.0
object 83	1.0:0.5 7.97059709959:0.5
25.0 1.02088249531 0.0
143.0 9.4021685721 1.0
96.0 0.978093624912 0.0
77.0 7.94569762919 1.0
71.0 0.973348569827 0.0
93.0 1.09381356533 0.0
90.0 1.04289006971 0.0
72.0 1.0654340797 0.0
30.0 1.06671374909 0.0
119.0 7.95181758301 1.0
17.0 8.00577544866 1.0
145.0 13.7616326083 1.0
39.0 7.97802584678 1.0
155.0 8.65964441574 1.0
165.0 5.4782050808 0.0
179.0 2.4677014271 0.0
131.0 7.94800075321 1.0
object 84	1.0:0.5 -11.0957321002:0.5
177.0 -0.688472550423 0.0
43.0 -11.0557156019 1.0
34.0 1.01748125768 0.0
126.0 0.936305614493 0.0
131.0 1.04378216226 0.0
0.0 0.903409633715 0.0
6.0 -11.083142945 1.0
178.0 10.4603701752 0.0
77.0 1.07622292819 0.0
17.0 -11.1081290565 1.0
122.0 -11.0323394739 1.0
30.0 -11.1018483708 1.0
171.0 -12.0951614919 1.0
151.0 2.61040246631 0.0
14.0 -11.0644655405 1.0
58.0 -11.1873850477 1.0
137.0 -11.0042822211 1.0
object 85	1.0:0.5 -11.5283158142:0.5
133.0 0.994824171477 0.0
173.0 -12.4188735319 1.0
45.0 0.938852094187 0.0
60.0 0.930985644352 0.0
63.0 -11.5337587145 1.0
72.0 1.00246423975 0.0
108.0 -11.5603244783 1.0
52.0 -11.4715944504 1.0
object 86	1.0:0.5 -10.0815612447:0.5
5.0 0.952619786331 0.0
37.0 -10.1270251406 1.0
59.0 -10.1296674129 1.0
27.0 1.02063008592 0.0
78.0 -10.0826518968 1.0
127.0 -10.0786548604 1.0
12.0 -10.0667566892 1.0
30.0 0.940896392065 0.0
114.0 -10.0516081259 1.0
16.0 1.00061249982 0.0
61.0 -10.0632184063 1.0
144.0 -0.452992361742 0.0
191.0 -0.358866201323 0.0
object 87	1.0:0.5 3.36341020492:0.5
153.0 5.23355759794 0.0
60.0 0.909074384519 0.0
195.0 7.8882979355 1.0
123.0 3.34657003781 1.0
121.0 3.3979909792 1.0
126.0 0.94318468818 0.0
102.0 3.32719804989 1.0
85.0 0.975145609198 0.0
14.0 3.39130934696 1.0
116.0 3.32078765073 1.0
143.0 1.44235166206 0.0
142.0 3.2032635383 1.0
8.0 0.947392782215 0.0
object 88	1.0:0.5 9.60266064491:0.5
106.0 9.60265999757 1.0
82.0 9.68218566364 1.0
125.0 9.71567052637 1.0
104.0 9.64154189082 1.0
135.0 1.00420215315 0.0
56.0 0.99489319622 0.0
50.0 9.56374893931 1.0
26.0 0.932540992433 0.0
137.0 0.970885150567 0.0
75.0 9.56682878714 1.0
84.0 9.55845064406 1.0
object 89	1.0:0.5 10.4583577674:0.5
192.0 11.1291297929 1.0
128.0 10.4633433139 1.0
129.0 10.4372148592 1.0
49.0 10.4899259793 1.0
122.0 1.03862961863 0.0
148.0 8.95324706346 1.0
20.0 0.980638348442 0.0
146.0 3.74828495684 0.0
11.0 10.3049192362 1.0
160.0 3.94826001576 0.0
61.0 10.558224437 1.0
22.0 0.962765741861 0.0
34.0 10.5029893171 1.0
53.0 10.4367922091 1.0
26.0 1.00196810415 0.0
145.0 8.50729415423 1.0
72.0 0.924124387245 0.0
object 90	1.0:0.5 14.9910532807:0.5
98.0 15.0221915212 1.0
37.0 14.9748112428 1.0
151.0 0.633565145463 0.0
187.0 1.13358562573 0.0
176.0 14.9015551105 1.0
157.0 23.1144771655 1.0
69.0 0.919896520155 0.0
156.0 1.476044619 0.0
126.0 15.0399648786 1.0
105.0 14.9594753379 1.0
194.0 13.9117109747 1.0
38.0 0.959536371016 0.0
42.0 0.94510548259 0.0
66.0 1.0468790982 0.0
131.0 14.9616674682 1.0
object 91	1.0:0.5 6.71129017171:0.5
17.0 6.72518553694 1.0
182.0 6.68323861118 1.0
51.0 6.72999136827 1.0
183.0 7.10504814674 1.0
110.0 6.70232712458 1.0
49.0 1.06605332859 0.0
91.0 6.75102442249 1.0
157.0 6.90600287825 1.0
125.0 1.00250263611 0.0
5.0 1.03320608163 0.0
84.0 6.72596370841 1.0
37.0 6.69820617527 1.0
145.0 -3.58305762977 0.0
78.0 0.921320992349 0.0
47.0 1.05683407422 0.0
7.0 0.978735529448 0.0
object 92	1.0:0.5 3.68011263459:0.5
144.0 0.971482040814 0.0
115.0 1.02796234505 0.0
66.0 1.03842362885 0.0
112.0 3.62365126749 1.0
100.0 1.06483896272 0.0
17.0 0.917227993711 0.0
3.0 1.04220812616 0.0
136.0 1.01013606577 0.0
126.0 0.998989349649 0.0
88.0 3.70841923721 1.0
97.0 1.0188904953 0.0
71.0 0.959987939296 0.0
195.0 5.27525075293 0.0
79.0 3.73415075042 1.0
50.0 3.64596049848 1.0
object 93	1.0:0.5 -2.43568167308:0.5
181.0 -2.13385985708 1.0
47.0 -2.45064259548 1.0
158.0 1.22495694735 0.0
44.0 0.961980018967 0.0
37.0 -2.43877307756 1.0
154.0 -7.9382986478 1.0
39.0 -2.41084190207 1.0
178.0 0.31297079738 1.0
36.0 0.933057053676 0.0
59.0 0.919332569724 0.0
185.0 -2.38413926231 0.0
65.0 -2.45933967775 1.0
179.0 -1.64548309111 1.0
1.0 -2.4002278267 1.0
98.0 1.07474784519 0.0
134.0 0.988342991015 0.0
object 94	1.0:0.5 7.06161287509:0.5
170.0 0.317168741182 0.0
169.0 5.13532701964 1.0
13.0 1.09064347837 0.0
171.0 10.1070095973 1.0
121.0 1.03847829755 0.0
65.0 6.99236207263 1.0
173.0 11.7283079528 1.0
150.0 9.65623674386 1.0
7.0 1.05417695549 0.0
2.0 7.10728254812 1.0
190.0 6.61748655215 1.0
19.0 7.13913375504 1.0
86.0 1.03169371454 0.0
160.0 -0.843542892783 0.0
108.0 0.957231276326 0.0
179.0 0.0378716474081 0.0
50.0 0.967694337393 0.0
135.0 1.00075437329 0.0
139.0 1.10026404387 0.0
object 95	1.0:0.5 6.40816979113:0.5
193.0 6.45028809829 1.0
198.0 -0.427680101342 0.0
176.0 -2.19548721435 0.0
138.0 6.45826332274 1.0
18.0 6.37891453829 1.0
179.0 6.09351749194 1.0
189.0 2.32993971747 0.0
102.0 6.41507498693 1.0
9.0 6.46348921863 1.0
159.0 5.05386565006 1.0
72.0 6.2498763429 1.0
182.0 11.8049023059 1.0
47.0 6.40130689793 1.0
12.0 6.3590804353 1.0
152.0 8.3619089832 1.0
129.0 6.403449759 1.0
1.0 0.997385974724 0.0
161.0 6.66900814338 1.0
object 96	1.0:0.5 -2.9860725568:0.5
182.0 1.54951145503 1.0
72.0 0.950395021712 0.0
17.0 1.06181607871 0.0
20.0 1.13219652137 0.0
11.0 -2.96262994396 1.0
105.0 -2.95833018622 1.0
25.0 1.04203324426 0.0
158.0 -2.72530771072 1.0
62.0 0.995629027568 0.0
84.0 1.10450322659 0.0
196.0 -6.01323770455 1.0
51.0 0.923869073863 0.0
object 97	1.0:0.5 -27.0868364447:0.5
58.0 1.02047469039 0.0
28.0 -27.0656449625 1.0
33.0 1.0210525844 0.0
1.0 0.965265848643 0.0
118.0 -27.1878473178 1.0
44.0 0.91694277524 0.0
117.0 -27.1113793024 1.0
41.0 -27.0285029421 1.0
146.0 -26.0010279515 1.0
143.0 1.93291292022 0.0
102.0 0.903479856637 0.0
86.0 -27.0829156416 1.0
51.0 0.996284672692 0.0
27.0 1.05175855229 0.0
199.0 0.484674853706 0.0
47.0 1.02751602828 0.0
145.0 -3.03738444997 0.0
object 98	1.0:0.5 17.1617079824:0.5
157.0 6.12387189545 0.0
132.0 1.0027597445 0.0
108.0 17.0932168144 1.0
28.0 1.05109766027 0.0
181.0 15.4719616234 1.0
163.0 17.4858816924 1.0
195.0 -0.59727680295 0.0
50.0 17.1948760088 1.0
22.0 1.00830059794 0.0
80.0 17.1298465833 1.0
44.0 1.04333377767 0.0
object 99	1.0:0.5 -8.99589376773:0.5
94.0 -9.00966360608 1.0
73.0 1.00774010156 0.0
157.0 6.82377781851 0.0
161.0 -4.61786487982 0.0
57.0 -9.02203731535 1.0
163.0 1.80618254157 0.0
129.0 1.05515733353 0.0
103.0 -8.98768770503 1.0
96.0 -8.94687817616 1.0
9.0 -9.0437980494 1.0
104.0 -8.92303063278 1.0
23.0 1.03214422273 0.0
105.0 -8.97120900364 1.0
149.0 -9.50813569358 1.0
123.0 -9.02088071965 1.0
41.0 -9.07205218074 1.0
137.0 -9.02747567583 1.0
135.0 1.05525088482 0.0
128.0 -8.99044233531 1.0
26.0 -8.92168306803 1.0
39.0 -8.96150771802 1.0
98.0 -9.00992947418 1.0
