object 0	1.0:1.0
143.0 1.00093350777 1.0
59.0 1.00128337953 1.0
172.0 0.98978579715 1.0
148.0 0.96493609386 1.0
77.0 0.876737001614 1.0
47.0 1.04425357217 1.0
70.0 1.03888697584 1.0
44.0 0.930694438041 1.0
103.0 0.997094347727 1.0
127.0 1.03664074043 1.0
188.0 -1.58621237467 1.0
197.0 6.35529026284 1.0
48.0 1.03156221026 1.0
146.0 0.999754855926 1.0
3.0 1.09011895327 1.0
198.0 -0.213248358507 1.0
71.0 1.01401086913 1.0
75.0 1.02016867598 1.0
156.0 1.01245364947 1.0
81.0 1.02945940607 1.0
40.0 0.997839618785 1.0
92.0 1.04277738803 1.0
43.0 1.00039156583 1.0
120.0 1.00496574851 1.0
57.0 0.997079974679 1.0
102.0 0.942400602508 1.0
55.0 0.969745753333 1.0
190.0 -2.57446621853 1.0
50.0 1.0239886764 1.0
160.0 0.918997054523 1.0
object 1	1.0:1.0
57.0 1.00649402616 1.0
65.0 1.01036800685 1.0
35.0 0.975511325614 1.0
61.0 0.9758480348 1.0
142.0 0.974976793734 1.0
28.0 1.04519617616 1.0
90.0 0.966783066661 1.0
52.0 1.00896460725 1.0
196.0 0.773759430329 1.0
74.0 1.0432205556 1.0
87.0 0.994191635735 1.0
94.0 1.02755123915 1.0
97.0 1.03720649363 1.0
137.0 0.9511898312 1.0
114.0 0.994525950237 1.0
54.0 1.03317885867 1.0
116.0 0.992809076386 1.0
84.0 0.981012027163 1.0
109.0 1.02451149879 1.0
171.0 0.987355967256 1.0
120.0 1.00795203857 1.0
147.0 1.01889107175 1.0
178.0 0.989065891954 1.0
24.0 1.02780287336 1.0
89.0 1.01918497686 1.0
81.0 1.03399993087 1.0
object 2	1.0:1.0
107.0 0.988066240325 1.0
120.0 0.997727413314 1.0
112.0 0.984673764947 1.0
81.0 0.968715597155 1.0
2.0 1.04273709113 1.0
40.0 0.928678301349 1.0
3.0 0.960642711575 1.0
37.0 1.04566470879 1.0
191.0 -2.00613130581 1.0
111.0 1.02491545813 1.0
182.0 -1.28886428926 1.0
5.0 0.921041992081 1.0
7.0 0.980841605157 1.0
91.0 1.00271539959 1.0
36.0 1.07756335476 1.0
159.0 1.0213667629 1.0
97.0 0.98458784874 1.0
188.0 0.000555900603795 1.0
101.0 0.98445305659 1.0
132.0 0.958184959534 1.0
119.0 1.0194261564 1.0
160.0 0.996706546402 1.0
122.0 0.990667367309 1.0
60.0 1.00929699746 1.0
62.0 0.96956863746 1.0
67.0 0.967762589248 1.0
72.0 0.991528823515 1.0
object 3	1.0:1.0
88.0 0.94816091366 1.0
1.0 1.00984805841 1.0
157.0 1.02336480361 1.0
109.0 1.00215962679 1.0
45.0 0.924753718861 1.0
77.0 1.05379430511 1.0
154.0 0.99050565436 1.0
22.0 0.986303847222 1.0
183.0 -2.09102013166 1.0
41.0 0.997282487482 1.0
48.0 1.0089339587 1.0
16.0 1.03752754058 1.0
189.0 -1.85944157233 1.0
83.0 1.00674008771 1.0
114.0 1.023765019 1.0
155.0 0.991349971448 1.0
103.0 0.940640469438 1.0
40.0 0.943022790675 1.0
166.0 1.04633592888 1.0
44.0 1.06132032916 1.0
13.0 1.02404675107 1.0
178.0 0.965479925892 1.0
90.0 1.06009620992 1.0
39.0 1.00043871991 1.0
107.0 1.03029024192 1.0
object 4	1.0:1.0
182.0 8.70267171477 1.0
13.0 1.04516910485 1.0
4.0 0.968857346269 1.0
121.0 1.00719128216 1.0
91.0 1.02893004694 1.0
16.0 1.06398746072 1.0
34.0 0.976950172351 1.0
160.0 1.03810822222 1.0
38.0 1.05607523144 1.0
7.0 0.99587774023 1.0
181.0 2.7578813343 1.0
54.0 0.990094767272 1.0
89.0 1.01019025188 1.0
56.0 0.962978678348 1.0
132.0 1.02557692308 1.0
151.0 0.939347475602 1.0
41.0 1.0115081803 1.0
57.0 0.986959880912 1.0
31.0 0.998395568518 1.0
88.0 1.01175576541 1.0
141.0 0.936645856803 1.0
109.0 1.00441558974 1.0
43.0 0.998750212223 1.0
12.0 0.964616531471 1.0
168.0 0.99176571592 1.0
48.0 0.97697550267 1.0
11.0 1.0488837849 1.0
134.0 1.00555856238 1.0
115.0 0.997533578105 1.0
92.0 0.980316554624 1.0
63.0 1.00357090601 1.0
66.0 0.924147790016 1.0
36.0 1.05135423174 1.0
74.0 0.994592577287 1.0
156.0 1.00398736843 1.0
77.0 0.978128509149 1.0
165.0 0.956194050531 1.0
186.0 0.202555657164 1.0
object 5	1.0:1.0
130.0 1.01802790247 1.0
168.0 0.997223792243 1.0
174.0 1.05460890175 1.0
197.0 0.575862739027 1.0
175.0 0.955895738296 1.0
91.0 1.03318270997 1.0
122.0 1.05967349214 1.0
116.0 0.99299119093 1.0
108.0 1.00315657597 1.0
20.0 0.960064221805 1.0
194.0 -0.589493795849 1.0
22.0 1.02666871252 1.0
182.0 -4.94568620093 1.0
183.0 8.86347703516 1.0
144.0 1.0018502702 1.0
45.0 1.05292207297 1.0
49.0 0.988400833252 1.0
48.0 0.972109061632 1.0
124.0 0.986325663958 1.0
115.0 1.00424501631 1.0
0.0 1.01222843842 1.0
10.0 0.986432320061 1.0
38.0 0.964071953066 1.0
165.0 0.984421145687 1.0
84.0 1.00183924221 1.0
68.0 0.989221544857 1.0
11.0 0.974673529582 1.0
149.0 1.04273172337 1.0
21.0 1.00789690309 1.0
114.0 1.02922485015 1.0
160.0 0.996076142645 1.0
88.0 0.974642949468 1.0
33.0 1.00412538768 1.0
55.0 0.975192925003 1.0
156.0 0.986537804818 1.0
64.0 0.99276962236 1.0
195.0 8.95054921153 1.0
30.0 1.02996952314 1.0
15.0 0.972060103701 1.0
162.0 1.01025346469 1.0
object 6	1.0:1.0
57.0 0.98078884842 1.0
187.0 1.35580158025 1.0
85.0 1.02886239711 1.0
172.0 1.01556394492 1.0
36.0 0.930945377123 1.0
81.0 0.954109776475 1.0
49.0 0.99375976014 1.0
77.0 1.11813992413 1.0
40.0 0.973203761656 1.0
192.0 -0.411781805605 1.0
180.0 0.784514759623 1.0
136.0 0.917532421418 1.0
156.0 1.00926281624 1.0
31.0 1.00389407172 1.0
157.0 0.932295702454 1.0
29.0 1.04520374505 1.0
166.0 1.00301118381 1.0
83.0 1.07149999098 1.0
84.0 1.02440153051 1.0
96.0 0.935446951057 1.0
32.0 1.03653063913 1.0
146.0 0.983158503562 1.0
162.0 0.954750055989 1.0
20.0 1.03148297674 1.0
27.0 1.01431443976 1.0
142.0 1.05680928941 1.0
190.0 -2.01155953652 1.0
123.0 0.995773249908 1.0
7.0 1.01104202845 1.0
150.0 1.00259318924 1.0
199.0 -0.215365914102 1.0
171.0 0.991672211221 1.0
38.0 1.03508830783 1.0
161.0 0.992726069442 1.0
127.0 1.10499735033 1.0
186.0 0.314366924998 1.0
65.0 0.992915711184 1.0
117.0 1.02094771661 1.0
object 7	1.0:1.0
138.0 0.934006652621 1.0
58.0 1.05748987508 1.0
198.0 3.66306874207 1.0
88.0 0.979089863764 1.0
51.0 1.00997566452 1.0
27.0 0.962202760484 1.0
118.0 1.00272899206 1.0
73.0 0.972867968528 1.0
187.0 3.66512808532 1.0
180.0 0.762952031116 1.0
141.0 0.97353851531 1.0
49.0 1.00704824085 1.0
5.0 0.982463619882 1.0
42.0 1.00291907478 1.0
83.0 0.984875373418 1.0
22.0 1.00330922456 1.0
43.0 1.00035517716 1.0
176.0 0.993739962085 1.0
181.0 -3.16792429661 1.0
173.0 0.962312628105 1.0
72.0 1.01446174276 1.0
112.0 1.0037444455 1.0
80.0 0.97600784002 1.0
84.0 1.03410947641 1.0
182.0 0.461890817676 1.0
52.0 0.969646711169 1.0
136.0 0.965874797035 1.0
197.0 -4.28172693619 1.0
123.0 1.14595709012 1.0
40.0 1.01038725846 1.0
139.0 1.00455103602 1.0
21.0 0.993135706753 1.0
26.0 1.01363023862 1.0
54.0 1.01871632743 1.0
object 8	1.0:1.0
122.0 1.05452554707 1.0
116.0 1.00438528997 1.0
107.0 0.99249288588 1.0
52.0 1.02455267247 1.0
27.0 0.962223907054 1.0
14.0 1.04759357616 1.0
29.0 1.02717780142 1.0
182.0 1.66827975087 1.0
72.0 1.00128286469 1.0
38.0 1.00894504266 1.0
36.0 1.00897925129 1.0
140.0 0.961634820864 1.0
153.0 0.96945797662 1.0
70.0 0.977533605047 1.0
135.0 0.955891596354 1.0
120.0 1.00036915229 1.0
118.0 1.01531218434 1.0
108.0 0.989664454727 1.0
159.0 0.990015952628 1.0
67.0 1.00543115522 1.0
161.0 1.01175367792 1.0
2.0 1.01168777967 1.0
79.0 1.01589192609 1.0
133.0 1.04809841104 1.0
8.0 1.00771047794 1.0
104.0 0.959120728349 1.0
101.0 0.977371243673 1.0
113.0 0.948543978405 1.0
64.0 1.02452496826 1.0
119.0 0.992646517768 1.0
41.0 1.00191838122 1.0
object 9	1.0:1.0
99.0 0.982392624581 1.0
125.0 1.00038309096 1.0
179.0 0.986300400269 1.0
169.0 1.0104341483 1.0
189.0 2.99473836399 1.0
149.0 0.962531862333 1.0
176.0 0.892929945448 1.0
148.0 1.03336927354 1.0
56.0 0.98930535174 1.0
137.0 0.973214704242 1.0
57.0 0.986320538312 1.0
193.0 -1.83628121423 1.0
131.0 0.970441483918 1.0
32.0 1.01838342284 1.0
183.0 -4.07944853403 1.0
31.0 1.00769822755 1.0
85.0 1.00244397154 1.0
121.0 0.947636924136 1.0
64.0 1.01728495823 1.0
147.0 1.01536597599 1.0
43.0 1.01336543443 1.0
77.0 1.03574430237 1.0
26.0 0.999813784385 1.0
8.0 1.03412293299 1.0
58.0 0.955849110688 1.0
60.0 1.0025620659 1.0
72.0 0.993035496217 1.0
object 10	1.0:1.0
72.0 1.00652996092 1.0
188.0 -0.285833729511 1.0
97.0 0.99888348507 1.0
102.0 0.989001663102 1.0
98.0 0.984895569966 1.0
55.0 1.00474884467 1.0
62.0 1.02441125799 1.0
39.0 0.992010104269 1.0
123.0 0.899252662738 1.0
145.0 0.93437629147 1.0
65.0 0.987679185342 1.0
127.0 0.988749467881 1.0
88.0 1.02126980608 1.0
107.0 1.02051113525 1.0
49.0 1.01544436176 1.0
60.0 1.01788061997 1.0
189.0 0.286540463904 1.0
185.0 1.06079265718 1.0
45.0 0.999130499274 1.0
118.0 1.00820616307 1.0
180.0 0.200426426621 1.0
199.0 0.729557253465 1.0
52.0 1.02635461073 1.0
27.0 1.03489816193 1.0
143.0 1.03003813098 1.0
71.0 1.00019549114 1.0
109.0 0.993255859133 1.0
12.0 0.999208846872 1.0
121.0 0.973811676706 1.0
94.0 1.02505788893 1.0
22.0 0.979021356613 1.0
124.0 0.948945863678 1.0
37.0 1.03057612332 1.0
178.0 0.977861161571 1.0
169.0 1.0062374767 1.0
125.0 0.987725822569 1.0
177.0 0.989104714479 1.0
object 11	1.0:1.0
53.0 1.07162906455 1.0
82.0 0.953566127894 1.0
146.0 0.976114628382 1.0
145.0 1.02402253469 1.0
165.0 1.06691082757 1.0
30.0 0.994485357404 1.0
42.0 1.01672807893 1.0
88.0 0.932645073372 1.0
138.0 1.01214860417 1.0
137.0 1.07459472533 1.0
38.0 1.01993593923 1.0
150.0 0.97153802588 1.0
183.0 1.45893721165 1.0
117.0 1.00328346424 1.0
130.0 1.01069070042 1.0
121.0 0.989230172845 1.0
11.0 0.926709513525 1.0
71.0 1.00672637246 1.0
13.0 0.982180372084 1.0
167.0 0.972872496928 1.0
68.0 0.993319137384 1.0
91.0 0.974576063484 1.0
198.0 5.45970214653 1.0
89.0 0.991178003164 1.0
177.0 0.977052377831 1.0
163.0 0.968091604064 1.0
172.0 0.994554242822 1.0
176.0 1.00305828977 1.0
181.0 0.787647141618 1.0
5.0 1.00271337508 1.0
57.0 1.01934499743 1.0
36.0 0.914684547214 1.0
object 12	1.0:1.0
164.0 0.99557641996 1.0
114.0 1.00091935334 1.0
33.0 0.989836130253 1.0
126.0 0.980228715698 1.0
185.0 2.95503690083 1.0
3.0 0.984680991886 1.0
180.0 -0.294713598513 1.0
60.0 0.983381873851 1.0
2.0 0.976615662466 1.0
56.0 0.98246024234 1.0
15.0 0.929641261423 1.0
81.0 0.959900603915 1.0
79.0 1.0027557656 1.0
145.0 0.942660576426 1.0
14.0 0.998580071073 1.0
85.0 0.975493582233 1.0
177.0 0.993801795864 1.0
95.0 1.05263143037 1.0
130.0 0.941537873065 1.0
92.0 0.98883088443 1.0
32.0 0.999064073835 1.0
179.0 1.00708725862 1.0
29.0 1.01885348046 1.0
1.0 1.01012520903 1.0
70.0 1.05621949849 1.0
9.0 1.08424838535 1.0
171.0 1.00996525743 1.0
142.0 1.05963780698 1.0
76.0 0.996103225833 1.0
20.0 1.02034960786 1.0
115.0 1.06003949078 1.0
135.0 1.02405925288 1.0
43.0 0.981517109457 1.0
101.0 1.0014423254 1.0
68.0 0.995934779634 1.0
144.0 0.945295195102 1.0
object 13	1.0:1.0
58.0 0.927100461964 1.0
137.0 0.997661640479 1.0
25.0 0.979449171106 1.0
153.0 1.00411427565 1.0
122.0 0.945980475636 1.0
22.0 1.00353567369 1.0
131.0 0.998134926524 1.0
10.0 1.00391602852 1.0
110.0 1.02463074105 1.0
179.0 1.01983590755 1.0
49.0 1.00887219377 1.0
2.0 1.00308625146 1.0
191.0 7.12820820392 1.0
37.0 1.01684698377 1.0
197.0 0.827372883869 1.0
78.0 1.03305370773 1.0
48.0 0.950969088944 1.0
17.0 0.950711995022 1.0
31.0 0.957581596356 1.0
11.0 1.01070969701 1.0
73.0 0.954824201858 1.0
178.0 1.01333946289 1.0
24.0 0.988599505617 1.0
88.0 1.03125652106 1.0
192.0 2.37722403994 1.0
42.0 1.00373996433 1.0
115.0 1.0322208233 1.0
15.0 0.971964365622 1.0
96.0 0.942619623816 1.0
92.0 0.965353783535 1.0
29.0 0.965518006823 1.0
71.0 1.03065198685 1.0
127.0 0.97569794608 1.0
object 14	1.0:1.0
41.0 0.981631780794 1.0
75.0 0.976478694157 1.0
112.0 1.01051460224 1.0
59.0 1.0293550938 1.0
96.0 1.01496207174 1.0
48.0 1.03488607831 1.0
40.0 0.941848827318 1.0
16.0 0.95113454665 1.0
86.0 0.981647465026 1.0
95.0 0.983443725672 1.0
128.0 1.01040273325 1.0
150.0 0.986181591948 1.0
135.0 1.04530814117 1.0
113.0 1.01022302396 1.0
159.0 0.977697906428 1.0
69.0 1.00596475622 1.0
2.0 1.00717449961 1.0
73.0 0.962046638042 1.0
121.0 0.970682406003 1.0
5.0 1.02881836147 1.0
56.0 0.991856393729 1.0
9.0 0.965941909009 1.0
143.0 0.994022486349 1.0
199.0 1.27208220024 1.0
object 15	1.0:1.0
158.0 1.0490302987 1.0
18.0 0.947326693566 1.0
199.0 4.6377228454 1.0
69.0 1.02295428664 1.0
0.0 0.996418449841 1.0
167.0 1.02296133717 1.0
124.0 1.04768078965 1.0
114.0 1.01215221966 1.0
109.0 1.00989182347 1.0
27.0 0.980544548866 1.0
190.0 1.23248785036 1.0
187.0 1.72540350074 1.0
66.0 1.00347869024 1.0
181.0 -0.060942595784 1.0
198.0 -2.21578960494 1.0
175.0 1.0124490406 1.0
95.0 1.00929779979 1.0
152.0 1.01783402566 1.0
139.0 0.967025476908 1.0
33.0 0.972053563197 1.0
192.0 2.39675214144 1.0
44.0 1.0609586028 1.0
184.0 -1.82337822706 1.0
36.0 0.989896617331 1.0
156.0 1.00500646919 1.0
90.0 1.02726306274 1.0
137.0 0.921169147567 1.0
2.0 1.00235670573 1.0
70.0 0.995870875501 1.0
4.0 0.937051314811 1.0
119.0 0.967577825343 1.0
object 16	1.0:1.0
43.0 0.953455307749 1.0
35.0 0.965475386414 1.0
72.0 0.990648799156 1.0
31.0 0.977879958047 1.0
70.0 0.937067039945 1.0
98.0 0.990382763856 1.0
76.0 1.05963846072 1.0
149.0 0.929437482184 1.0
64.0 1.01136203168 1.0
83.0 1.05995577885 1.0
40.0 1.01850797505 1.0
142.0 1.06778144106 1.0
169.0 1.0165673018 1.0
52.0 0.969417559257 1.0
42.0 1.00237377836 1.0
84.0 1.00431028161 1.0
92.0 0.984506725337 1.0
27.0 1.00902171373 1.0
12.0 1.04245743654 1.0
168.0 0.985706685745 1.0
54.0 1.01351215964 1.0
38.0 1.05322778994 1.0
127.0 0.949806106602 1.0
96.0 1.00182900028 1.0
151.0 1.02488163835 1.0
22.0 0.999158145535 1.0
75.0 0.977074849901 1.0
193.0 3.1051741117 1.0
63.0 0.970817410182 1.0
186.0 -1.94865925841 1.0
143.0 1.02355514715 1.0
object 17	1.0:1.0
157.0 0.863620330231 1.0
24.0 0.999012903563 1.0
105.0 0.957233559674 1.0
89.0 1.01964764593 1.0
135.0 0.994932418789 1.0
53.0 1.0867497681 1.0
117.0 1.01262710782 1.0
156.0 1.0072900249 1.0
16.0 0.988598802419 1.0
137.0 1.03832140424 1.0
194.0 -6.15288950077 1.0
94.0 1.08408800793 1.0
144.0 0.962961587061 1.0
167.0 0.956633329912 1.0
195.0 -0.488764069404 1.0
18.0 0.967634032556 1.0
27.0 1.02314424953 1.0
68.0 1.01166720272 1.0
129.0 0.986033477896 1.0
108.0 0.973926816483 1.0
48.0 0.982191179094 1.0
40.0 1.00980948649 1.0
41.0 0.981673041593 1.0
106.0 1.0716216451 1.0
71.0 1.02812290783 1.0
151.0 0.940364487741 1.0
23.0 0.983493765527 1.0
142.0 1.00843330973 1.0
100.0 0.97940447086 1.0
168.0 1.00730191066 1.0
33.0 0.992322549192 1.0
10.0 1.01769930506 1.0
101.0 1.0108677426 1.0
155.0 1.01545713164 1.0
object 18	1.0:1.0
34.0 1.06330369974 1.0
178.0 0.983039225264 1.0
46.0 0.962249584062 1.0
57.0 0.982798889817 1.0
85.0 0.997025434342 1.0
66.0 0.984398023558 1.0
101.0 1.01594205749 1.0
75.0 0.987222117197 1.0
199.0 4.06752404236 1.0
168.0 0.995814427407 1.0
72.0 0.993325082238 1.0
169.0 0.998772838088 1.0
10.0 1.01856954435 1.0
84.0 0.977901556852 1.0
149.0 1.01548198632 1.0
9.0 0.998659103654 1.0
131.0 0.994242356044 1.0
175.0 0.98198193276 1.0
139.0 1.01705978734 1.0
198.0 -0.258947059637 1.0
47.0 0.946302147806 1.0
161.0 1.0215869844 1.0
30.0 1.02791976819 1.0
166.0 0.979868468433 1.0
4.0 1.04656970071 1.0
148.0 0.950614543242 1.0
24.0 0.996756253522 1.0
95.0 1.00229098682 1.0
158.0 1.01936751783 1.0
2.0 0.994319973275 1.0
44.0 0.929021828091 1.0
195.0 0.718254103246 1.0
122.0 0.991330708262 1.0
141.0 0.95188701303 1.0
61.0 0.997810689597 1.0
object 19	1.0:1.0
68.0 1.04588783954 1.0
114.0 1.03519508405 1.0
74.0 0.991572384132 1.0
158.0 1.02439951257 1.0
140.0 1.03437680557 1.0
128.0 0.991233858068 1.0
33.0 1.0153429181 1.0
167.0 0.966613955969 1.0
117.0 0.956181463218 1.0
35.0 1.01999008292 1.0
45.0 1.01334830017 1.0
43.0 0.989512371659 1.0
180.0 1.62546809192 1.0
55.0 1.02120078917 1.0
1.0 1.00645042463 1.0
116.0 0.952888709625 1.0
88.0 1.0064083783 1.0
90.0 1.03469461853 1.0
66.0 0.958692388936 1.0
77.0 0.918573173099 1.0
149.0 1.0544895001 1.0
69.0 1.10331265323 1.0
127.0 0.935158120321 1.0
47.0 1.03243939719 1.0
143.0 1.0212153594 1.0
108.0 1.04966574997 1.0
160.0 0.996918516205 1.0
159.0 1.0198769407 1.0
63.0 1.02285976526 1.0
163.0 0.985744077083 1.0
190.0 -1.86443039025 1.0
51.0 1.00358727797 1.0
110.0 0.952059693978 1.0
25.0 1.00483135901 1.0
0.0 0.967723985953 1.0
195.0 -5.86373586569 1.0
153.0 1.01953834004 1.0
148.0 0.971736790052 1.0
172.0 0.985524904717 1.0
89.0 0.995177058445 1.0
object 20	1.0:1.0
42.0 0.963308315957 1.0
183.0 3.8183539902 1.0
104.0 0.992344582168 1.0
34.0 0.967330770564 1.0
93.0 0.988326210728 1.0
44.0 0.962526052302 1.0
153.0 1.03320547547 1.0
90.0 0.967888936993 1.0
43.0 0.97030353408 1.0
154.0 1.02869343078 1.0
46.0 1.02379726524 1.0
138.0 0.966244951568 1.0
23.0 0.997237396487 1.0
176.0 1.04470420103 1.0
188.0 4.41204949501 1.0
9.0 0.99860231411 1.0
6.0 0.904643975687 1.0
49.0 0.982788756535 1.0
146.0 1.01279786585 1.0
109.0 1.00104925154 1.0
177.0 1.01836201537 1.0
118.0 0.968735122872 1.0
100.0 0.951695968661 1.0
1.0 1.01458978429 1.0
175.0 0.955961628731 1.0
object 21	1.0:1.0
127.0 0.923336291426 1.0
187.0 -1.54027948787 1.0
80.0 0.97535204997 1.0
60.0 1.01389581779 1.0
43.0 0.993957829698 1.0
194.0 8.12169284189 1.0
48.0 0.920583423082 1.0
32.0 0.958425939443 1.0
99.0 0.990194882971 1.0
111.0 1.05255182104 1.0
121.0 0.957595117107 1.0
109.0 0.990207846063 1.0
47.0 1.00261999726 1.0
101.0 0.957660549859 1.0
73.0 1.00561083495 1.0
45.0 0.970519970818 1.0
126.0 0.990589211526 1.0
94.0 0.962906369423 1.0
72.0 1.01689877346 1.0
150.0 0.965974684149 1.0
133.0 1.03625956621 1.0
108.0 1.01332317508 1.0
55.0 1.06582472497 1.0
56.0 1.00654923674 1.0
139.0 1.06586888729 1.0
17.0 1.02524972508 1.0
21.0 0.993158253148 1.0
22.0 0.983962726447 1.0
66.0 1.01719182207 1.0
41.0 1.01824623893 1.0
2.0 0.980205169434 1.0
object 22	1.0:1.0
66.0 1.01082301398 1.0
2.0 0.97990129238 1.0
152.0 1.00987968111 1.0
126.0 1.00590879715 1.0
70.0 0.993760566891 1.0
153.0 0.945242695398 1.0
141.0 0.898680584078 1.0
60.0 0.994943609835 1.0
23.0 1.00400352542 1.0
56.0 1.00390156866 1.0
167.0 1.02616416084 1.0
26.0 1.00766252115 1.0
49.0 1.01077681417 1.0
28.0 0.98219709715 1.0
4.0 1.04749620028 1.0
29.0 1.01980251221 1.0
187.0 1.08602620379 1.0
80.0 0.980836356245 1.0
142.0 0.989143832519 1.0
63.0 1.00527191432 1.0
182.0 0.0932802329904 1.0
58.0 1.0199705517 1.0
135.0 0.965324201648 1.0
65.0 0.983432717226 1.0
180.0 1.56098448846 1.0
164.0 0.990950362539 1.0
102.0 0.974859608605 1.0
7.0 1.01214385221 1.0
197.0 -1.74454118801 1.0
19.0 1.02361145033 1.0
173.0 0.915652044918 1.0
181.0 0.259887869023 1.0
79.0 0.996522879662 1.0
84.0 0.967675286211 1.0
25.0 0.983962032621 1.0
134.0 1.00083893163 1.0
31.0 1.01674732499 1.0
object 23	1.0:1.0
144.0 0.977910831143 1.0
122.0 1.01433636867 1.0
156.0 1.03018438098 1.0
169.0 0.976272245943 1.0
146.0 0.950975992414 1.0
69.0 0.892584504768 1.0
132.0 0.958055136916 1.0
114.0 1.03058751948 1.0
17.0 1.02516566115 1.0
157.0 0.995316107441 1.0
26.0 0.98376449004 1.0
49.0 0.994756361707 1.0
129.0 0.927792913783 1.0
40.0 1.05942711122 1.0
91.0 0.984403646643 1.0
72.0 1.01306587977 1.0
186.0 1.33120142678 1.0
86.0 0.999390761454 1.0
155.0 0.995114189294 1.0
161.0 0.994313627723 1.0
117.0 1.0299643 1.0
11.0 1.03729008608 1.0
74.0 1.009777052 1.0
28.0 1.01486924166 1.0
object 24	1.0:1.0
79.0 0.980888339504 1.0
13.0 0.950564434167 1.0
4.0 0.998929749486 1.0
67.0 1.00455159222 1.0
74.0 0.997209360594 1.0
98.0 0.964994447152 1.0
117.0 0.966200097938 1.0
197.0 -3.8942199868 1.0
153.0 1.07533710251 1.0
188.0 -0.420918698549 1.0
166.0 0.96827696229 1.0
31.0 1.02593469176 1.0
123.0 0.993951357201 1.0
174.0 1.02443351388 1.0
138.0 1.01975120732 1.0
110.0 0.999348799526 1.0
55.0 0.929923954692 1.0
70.0 0.954578169568 1.0
3.0 1.02722880726 1.0
108.0 1.00615546799 1.0
118.0 1.00549772506 1.0
86.0 1.01322049112 1.0
34.0 1.02021440938 1.0
20.0 1.05488397464 1.0
66.0 1.0086530907 1.0
64.0 1.02157137919 1.0
72.0 1.00529061075 1.0
91.0 1.00701787431 1.0
object 25	1.0:1.0
5.0 1.01491768094 1.0
58.0 1.06053080581 1.0
15.0 0.989869093968 1.0
59.0 1.03611345069 1.0
82.0 0.990857561793 1.0
64.0 0.975909115099 1.0
42.0 1.01782222104 1.0
121.0 1.02117514435 1.0
168.0 1.00637170191 1.0
176.0 0.94926643468 1.0
125.0 0.950817404195 1.0
103.0 0.982282931226 1.0
24.0 0.971247280008 1.0
68.0 0.977603770887 1.0
93.0 1.00541351993 1.0
56.0 0.995428025502 1.0
157.0 0.984495175394 1.0
74.0 1.00313919528 1.0
161.0 0.979679686655 1.0
110.0 0.963121555245 1.0
4.0 0.911368880165 1.0
85.0 1.01587578834 1.0
133.0 0.99117088788 1.0
87.0 1.00072431743 1.0
117.0 1.02317351703 1.0
107.0 1.0439167453 1.0
115.0 1.01471663901 1.0
183.0 8.66747572382 1.0
17.0 1.00931054931 1.0
50.0 1.03881784405 1.0
38.0 1.0269651588 1.0
113.0 0.970517988606 1.0
139.0 0.974826429632 1.0
0.0 0.974711193614 1.0
123.0 0.984315957063 1.0
object 26	1.0:1.0
175.0 0.979965300955 1.0
76.0 1.01989136031 1.0
141.0 1.0429041955 1.0
23.0 0.951534942265 1.0
152.0 1.01277456587 1.0
195.0 1.8369274214 1.0
71.0 0.977507678093 1.0
0.0 1.02119368312 1.0
164.0 0.999191726 1.0
196.0 2.92299156498 1.0
181.0 -0.331168706834 1.0
24.0 0.955539530699 1.0
122.0 0.910786874921 1.0
132.0 0.92557399909 1.0
9.0 1.0010591017 1.0
75.0 1.01663628414 1.0
186.0 -3.36976112182 1.0
129.0 0.989274229707 1.0
61.0 1.01987031816 1.0
189.0 0.229857164766 1.0
53.0 1.0044707113 1.0
163.0 0.988074788385 1.0
11.0 1.03804586601 1.0
110.0 0.96567138759 1.0
59.0 0.966105353043 1.0
184.0 2.76957383864 1.0
103.0 1.03091666203 1.0
160.0 0.99198245937 1.0
6.0 0.994333469703 1.0
65.0 0.99914968004 1.0
199.0 3.92575929088 1.0
1.0 0.980558677877 1.0
156.0 0.997524537994 1.0
31.0 0.988597089522 1.0
object 27	1.0:1.0
194.0 0.707470590888 1.0
53.0 0.971253645586 1.0
148.0 1.03404296278 1.0
117.0 0.975029181969 1.0
113.0 1.01278138249 1.0
112.0 1.02916182838 1.0
122.0 0.966360584863 1.0
34.0 0.93830044786 1.0
96.0 1.04401442644 1.0
66.0 1.03038788722 1.0
100.0 0.989388737107 1.0
71.0 1.03576259379 1.0
99.0 1.0217114945 1.0
67.0 0.993620994909 1.0
157.0 1.05253921223 1.0
179.0 1.00795675749 1.0
183.0 11.336095359 1.0
116.0 0.963158550413 1.0
188.0 4.96895707243 1.0
32.0 0.962333526343 1.0
101.0 1.04221715464 1.0
35.0 1.00678301159 1.0
137.0 0.982950613987 1.0
163.0 1.01729365157 1.0
118.0 0.980106586505 1.0
86.0 0.994740120331 1.0
140.0 0.993340439876 1.0
175.0 0.934288970426 1.0
193.0 8.92170366584 1.0
143.0 0.997171903197 1.0
13.0 0.974991706607 1.0
37.0 0.936655271604 1.0
156.0 1.01921320637 1.0
174.0 0.965717457066 1.0
108.0 1.03140261935 1.0
74.0 1.03179818422 1.0
38.0 0.97496463843 1.0
object 28	1.0:1.0
115.0 1.05646141457 1.0
87.0 1.00449430545 1.0
190.0 1.97487826732 1.0
13.0 0.949713021015 1.0
28.0 1.04319883354 1.0
35.0 1.00017380014 1.0
30.0 0.996155971158 1.0
193.0 0.559926105599 1.0
136.0 1.01293262934 1.0
43.0 0.976608586256 1.0
146.0 1.02540584704 1.0
0.0 0.993108149931 1.0
118.0 1.01423640134 1.0
45.0 1.01960595741 1.0
195.0 -4.70201755407 1.0
39.0 0.999525102524 1.0
11.0 1.0247325768 1.0
84.0 1.01581891959 1.0
99.0 0.98625715939 1.0
138.0 0.979727485095 1.0
181.0 2.6527478244 1.0
object 29	1.0:1.0
49.0 0.991276777946 1.0
79.0 0.966693216527 1.0
5.0 0.994650857287 1.0
152.0 1.00019057801 1.0
128.0 0.98647153141 1.0
55.0 1.02565794727 1.0
10.0 0.988995871399 1.0
141.0 1.03435349542 1.0
11.0 1.04090818407 1.0
181.0 0.660673690131 1.0
194.0 -0.559353404402 1.0
75.0 1.02147159363 1.0
176.0 0.961752973185 1.0
59.0 1.09983662718 1.0
144.0 0.966843384506 1.0
13.0 0.989566114605 1.0
37.0 0.99309448553 1.0
130.0 1.05175956566 1.0
38.0 1.04076844365 1.0
161.0 0.990451595144 1.0
197.0 -2.57247894751 1.0
174.0 1.02011803314 1.0
156.0 0.969582463041 1.0
60.0 1.01686602734 1.0
94.0 0.958953312454 1.0
90.0 1.00288606619 1.0
63.0 0.978794826078 1.0
8.0 1.01750357098 1.0
147.0 1.01624746419 1.0
29.0 1.01099743751 1.0
139.0 0.992792309235 1.0
116.0 1.02596992 1.0
177.0 1.07349505715 1.0
154.0 1.04556595364 1.0
35.0 0.994036023911 1.0
135.0 1.03046315015 1.0
183.0 -0.856458711849 1.0
47.0 1.01163476191 1.0
57.0 1.00094358643 1.0
object 30	1.0:1.0
37.0 1.02619663041 1.0
3.0 0.987497369173 1.0
195.0 -2.28153935696 1.0
94.0 0.996343247937 1.0
166.0 0.974607758736 1.0
150.0 1.02263179565 1.0
61.0 0.962242043948 1.0
56.0 1.04346715366 1.0
155.0 1.01243193373 1.0
192.0 -8.12891701615 1.0
55.0 1.06274176906 1.0
51.0 1.00798807915 1.0
13.0 1.03140215367 1.0
178.0 1.01357764104 1.0
186.0 1.3603197059 1.0
9.0 1.02769728782 1.0
194.0 -1.60363967794 1.0
10.0 1.01765607109 1.0
41.0 1.00694520005 1.0
108.0 1.04605103034 1.0
1.0 1.00437204363 1.0
196.0 1.23270280368 1.0
191.0 -0.0727088319115 1.0
199.0 2.92098563634 1.0
129.0 0.986568652058 1.0
33.0 1.02348005721 1.0
22.0 1.01031655443 1.0
122.0 0.971901545017 1.0
74.0 1.02760452938 1.0
90.0 0.964088124027 1.0
130.0 0.979131863834 1.0
15.0 1.03184676877 1.0
object 31	1.0:1.0
127.0 1.0358876149 1.0
113.0 0.973186582039 1.0
161.0 0.986384132474 1.0
148.0 1.02869338552 1.0
196.0 0.69171049167 1.0
60.0 1.00223036998 1.0
20.0 1.01646961045 1.0
187.0 4.764714049 1.0
5.0 0.990811356626 1.0
122.0 1.03852443127 1.0
6.0 0.995217413229 1.0
74.0 0.980270797353 1.0
135.0 1.03360121684 1.0
73.0 1.02226160779 1.0
197.0 6.0579985097 1.0
3.0 0.981822309601 1.0
86.0 0.989549554123 1.0
42.0 1.01520157828 1.0
194.0 3.47094001423 1.0
142.0 0.980222726529 1.0
85.0 0.967743100149 1.0
138.0 1.0219943859 1.0
166.0 1.01338671969 1.0
37.0 1.06342162996 1.0
110.0 0.933085747299 1.0
87.0 1.00629806461 1.0
26.0 1.02031262176 1.0
46.0 0.937342592201 1.0
144.0 0.924261241023 1.0
object 32	1.0:1.0
8.0 0.980565561105 1.0
63.0 0.993585945718 1.0
125.0 1.01599071479 1.0
0.0 0.970290808845 1.0
15.0 0.993036830878 1.0
54.0 0.982622024855 1.0
56.0 0.986644769594 1.0
47.0 0.997795433885 1.0
97.0 0.973633827018 1.0
10.0 0.989306728518 1.0
167.0 0.975219296134 1.0
39.0 0.985843618153 1.0
2.0 0.986133976355 1.0
77.0 1.02724215848 1.0
72.0 0.978198709686 1.0
109.0 1.00411332745 1.0
130.0 1.06513675927 1.0
49.0 1.00121562508 1.0
80.0 0.983644336522 1.0
173.0 0.8928622898 1.0
98.0 1.00202435426 1.0
20.0 0.985395939698 1.0
29.0 0.95621143899 1.0
object 33	1.0:1.0
14.0 0.941937092956 1.0
85.0 1.07591447543 1.0
141.0 0.956388161952 1.0
45.0 0.98213371256 1.0
47.0 1.0335556698 1.0
146.0 0.968232254337 1.0
65.0 0.995741099711 1.0
29.0 0.984083409042 1.0
196.0 0.403660970978 1.0
78.0 1.01061682812 1.0
139.0 1.04638347584 1.0
67.0 1.01868241149 1.0
38.0 1.0313081353 1.0
142.0 0.975945134596 1.0
100.0 0.961812345782 1.0
68.0 1.01585851773 1.0
152.0 1.03023789332 1.0
54.0 1.00536309778 1.0
170.0 1.00077714993 1.0
28.0 1.06137738114 1.0
118.0 0.975410434279 1.0
41.0 0.996568722323 1.0
3.0 1.02018215588 1.0
158.0 0.982155962616 1.0
object 34	1.0:1.0
135.0 0.996551945231 1.0
26.0 0.989693227326 1.0
152.0 1.03375016345 1.0
18.0 1.01057491496 1.0
15.0 0.937620978406 1.0
50.0 1.03293040801 1.0
168.0 1.01416843182 1.0
145.0 0.943118465897 1.0
127.0 1.01095719369 1.0
84.0 1.029425163 1.0
106.0 1.04305581608 1.0
2.0 0.999654736854 1.0
184.0 0.124282707663 1.0
180.0 0.797764410489 1.0
147.0 0.987844894564 1.0
148.0 0.99690563369 1.0
42.0 1.00646943461 1.0
27.0 1.0715472314 1.0
51.0 0.987893674769 1.0
58.0 0.966878310427 1.0
91.0 0.999595093915 1.0
54.0 0.967447779823 1.0
111.0 0.974359435755 1.0
102.0 0.994948552998 1.0
11.0 0.994691792492 1.0
138.0 0.999666154857 1.0
164.0 0.973225271544 1.0
64.0 0.971391281436 1.0
object 35	1.0:1.0
80.0 0.975590776782 1.0
101.0 1.0284184651 1.0
116.0 0.970539757481 1.0
10.0 0.990136066106 1.0
3.0 1.0069114283 1.0
140.0 0.987305609394 1.0
110.0 0.987838652881 1.0
81.0 1.01578460484 1.0
130.0 1.02134390738 1.0
153.0 1.01184659099 1.0
126.0 1.01020703134 1.0
152.0 1.01389315007 1.0
78.0 1.02530926579 1.0
128.0 1.02005733294 1.0
22.0 1.00066464132 1.0
106.0 1.06216984134 1.0
86.0 1.00844097668 1.0
182.0 -4.5618805778 1.0
95.0 0.975183296056 1.0
174.0 1.00303774162 1.0
61.0 1.02793841022 1.0
161.0 1.01262561733 1.0
121.0 0.978866503898 1.0
5.0 1.0200355875 1.0
20.0 0.981534504189 1.0
9.0 0.934724904261 1.0
41.0 0.997341170762 1.0
150.0 0.951759735129 1.0
55.0 0.960256769957 1.0
173.0 1.05026605625 1.0
46.0 1.05808659448 1.0
19.0 0.99191331418 1.0
176.0 0.973321780237 1.0
17.0 0.98720081036 1.0
object 36	1.0:1.0
20.0 0.933855186206 1.0
45.0 1.09511874465 1.0
46.0 1.04247912409 1.0
17.0 0.977870396264 1.0
188.0 1.27787460269 1.0
76.0 1.02475522046 1.0
39.0 1.02703718711 1.0
162.0 0.875366115977 1.0
148.0 0.952179039028 1.0
182.0 0.422207513267 1.0
74.0 1.02898419927 1.0
120.0 0.991361503199 1.0
37.0 0.999482546855 1.0
140.0 0.942780732677 1.0
2.0 0.981516504901 1.0
94.0 1.02387182846 1.0
66.0 1.00036638611 1.0
40.0 1.03972421671 1.0
150.0 1.03544967518 1.0
172.0 0.983395410691 1.0
56.0 1.02518482606 1.0
75.0 0.981935543769 1.0
35.0 1.03301295582 1.0
131.0 1.03677717465 1.0
118.0 1.03431678089 1.0
165.0 1.00602904453 1.0
44.0 1.02059257458 1.0
69.0 1.00765515106 1.0
183.0 -2.5564270933 1.0
180.0 1.38972397723 1.0
79.0 1.03322025836 1.0
object 37	1.0:1.0
109.0 1.01713765753 1.0
114.0 1.0106963636 1.0
101.0 1.01205586472 1.0
183.0 -0.159297583146 1.0
21.0 1.01062855635 1.0
55.0 1.10358729544 1.0
188.0 -0.300546774218 1.0
104.0 1.01161875128 1.0
71.0 1.00159784039 1.0
170.0 0.9845780717 1.0
56.0 0.963109297411 1.0
127.0 1.00709592249 1.0
94.0 0.930144799 1.0
62.0 1.06230947054 1.0
184.0 0.46316911459 1.0
112.0 0.996644124288 1.0
19.0 1.00846054273 1.0
157.0 0.976354760364 1.0
134.0 0.969775767179 1.0
80.0 1.00636281731 1.0
54.0 1.01409286197 1.0
68.0 1.0464471417 1.0
133.0 0.957912868254 1.0
182.0 1.01861386334 1.0
11.0 0.938923737762 1.0
119.0 0.991308330379 1.0
23.0 0.996100942478 1.0
65.0 1.00453737107 1.0
176.0 1.06465410201 1.0
67.0 1.02261268364 1.0
object 38	1.0:1.0
66.0 1.0159632186 1.0
194.0 -3.56590575963 1.0
147.0 0.981670547107 1.0
149.0 0.961110780858 1.0
108.0 1.00377892979 1.0
30.0 0.997453337648 1.0
31.0 1.01398228183 1.0
61.0 1.01049093619 1.0
93.0 1.02142925707 1.0
16.0 1.0255658657 1.0
120.0 0.998951979014 1.0
28.0 0.951459764535 1.0
144.0 1.00551609483 1.0
17.0 0.978965334654 1.0
40.0 0.934559641809 1.0
70.0 1.02167771961 1.0
127.0 1.02987931684 1.0
163.0 0.99214887247 1.0
145.0 0.975120079244 1.0
85.0 1.01862685482 1.0
178.0 1.01976349763 1.0
97.0 1.06010209981 1.0
174.0 0.99049620979 1.0
170.0 1.07096257696 1.0
172.0 1.0109463428 1.0
124.0 0.949152386742 1.0
46.0 1.05911899897 1.0
23.0 0.983512190139 1.0
106.0 1.07396957337 1.0
191.0 -0.0991233226804 1.0
79.0 1.04580650938 1.0
111.0 1.07696344683 1.0
114.0 1.01733506992 1.0
68.0 1.04447775253 1.0
object 39	1.0:1.0
194.0 2.54773512206 1.0
47.0 1.0192298403 1.0
198.0 0.215213867868 1.0
124.0 0.892617665503 1.0
183.0 -0.985221570618 1.0
155.0 1.00551655873 1.0
18.0 0.993049332615 1.0
150.0 0.989124024214 1.0
95.0 0.959519283849 1.0
33.0 1.01537786357 1.0
66.0 0.998131308635 1.0
3.0 0.973854187564 1.0
93.0 0.996900499627 1.0
181.0 4.72916779278 1.0
152.0 0.990031286501 1.0
0.0 0.995172699426 1.0
148.0 1.00081111619 1.0
43.0 1.02178050769 1.0
40.0 1.06886372569 1.0
1.0 1.02328184084 1.0
5.0 1.00539856485 1.0
135.0 0.964858695253 1.0
128.0 1.01588858269 1.0
20.0 1.03151118518 1.0
27.0 0.962042134887 1.0
156.0 1.00357858029 1.0
76.0 0.97786137177 1.0
109.0 0.985062662954 1.0
193.0 -3.10732257151 1.0
169.0 1.00675441634 1.0
object 40	1.0:1.0
91.0 0.986828103142 1.0
123.0 0.926360644725 1.0
86.0 0.991017794357 1.0
115.0 1.04237566919 1.0
69.0 0.995340186944 1.0
92.0 1.02292341979 1.0
182.0 -1.27976182745 1.0
109.0 1.00927747718 1.0
159.0 1.00075186585 1.0
160.0 0.975875167601 1.0
169.0 0.990657272126 1.0
23.0 0.973357539078 1.0
108.0 1.00168574682 1.0
7.0 0.995034874397 1.0
33.0 0.984289097406 1.0
151.0 0.963647720878 1.0
111.0 0.996314197689 1.0
85.0 1.00863920037 1.0
106.0 1.01924967552 1.0
129.0 0.985567760767 1.0
191.0 3.50669968964 1.0
110.0 1.01799579277 1.0
131.0 1.03399843155 1.0
174.0 1.02470769214 1.0
12.0 1.08292197585 1.0
195.0 2.51762373088 1.0
87.0 1.01117113095 1.0
0.0 0.997513821035 1.0
146.0 0.95696304904 1.0
object 41	1.0:1.0
154.0 1.03927163354 1.0
116.0 1.01146927618 1.0
26.0 1.06133401831 1.0
119.0 0.996920570485 1.0
161.0 0.98918240929 1.0
135.0 1.03655110567 1.0
132.0 0.95663489483 1.0
3.0 0.98006671887 1.0
57.0 0.980902168953 1.0
131.0 1.04380751107 1.0
106.0 1.01338007349 1.0
130.0 1.00453134884 1.0
32.0 0.979005813508 1.0
34.0 1.08005245711 1.0
73.0 0.999410025512 1.0
83.0 0.984600661776 1.0
182.0 3.23042048604 1.0
85.0 1.04979614934 1.0
6.0 1.04264298257 1.0
52.0 0.968362245301 1.0
181.0 0.377167707096 1.0
56.0 1.03396001719 1.0
191.0 -0.0210671534346 1.0
138.0 1.05465138484 1.0
166.0 1.0003613389 1.0
object 42	1.0:1.0
9.0 0.965184618816 1.0
183.0 -2.07745687938 1.0
86.0 0.996448157307 1.0
179.0 0.984795698931 1.0
64.0 0.997453068931 1.0
44.0 1.00745410659 1.0
178.0 0.99243166714 1.0
92.0 1.02538172757 1.0
173.0 1.07126792843 1.0
157.0 0.96771995147 1.0
82.0 0.961574590917 1.0
8.0 0.982716743548 1.0
94.0 1.00186702491 1.0
143.0 1.01133504352 1.0
72.0 0.98119178388 1.0
27.0 1.01503145038 1.0
199.0 6.05817314772 1.0
85.0 1.05070884957 1.0
124.0 1.02281612071 1.0
102.0 0.990172746523 1.0
116.0 0.976129134403 1.0
76.0 1.0177188582 1.0
37.0 1.02950664104 1.0
65.0 1.01522512083 1.0
23.0 1.01720235163 1.0
135.0 1.0585806436 1.0
object 43	1.0:1.0
111.0 1.04339557266 1.0
160.0 1.01587574039 1.0
148.0 0.965060793848 1.0
142.0 0.947244995143 1.0
74.0 0.992556614453 1.0
88.0 0.918819092715 1.0
60.0 0.992564280342 1.0
162.0 1.01587048613 1.0
194.0 4.36473065898 1.0
90.0 1.00612843477 1.0
140.0 1.01748440285 1.0
7.0 0.999021287121 1.0
126.0 1.00626612477 1.0
167.0 0.972446457391 1.0
50.0 1.01815396195 1.0
180.0 1.50511947356 1.0
1.0 1.02068476067 1.0
98.0 1.01757618456 1.0
2.0 1.00139265541 1.0
117.0 1.00553941178 1.0
108.0 0.962190167777 1.0
82.0 0.945721163758 1.0
158.0 1.04751358266 1.0
37.0 1.00450211148 1.0
85.0 0.982404611663 1.0
146.0 0.999017514581 1.0
107.0 0.972740150567 1.0
157.0 1.07345562757 1.0
object 44	1.0:1.0
120.0 0.998813460302 1.0
64.0 1.01655239358 1.0
27.0 0.973383784349 1.0
86.0 0.996651245465 1.0
174.0 0.994628131802 1.0
177.0 1.02688796324 1.0
168.0 0.992274871765 1.0
175.0 1.02102197905 1.0
9.0 1.00498745606 1.0
111.0 0.969202861857 1.0
24.0 1.01727545702 1.0
129.0 1.02911827065 1.0
102.0 1.00053813853 1.0
1.0 1.00010362654 1.0
119.0 1.02005539638 1.0
134.0 0.997220132426 1.0
37.0 1.00100006601 1.0
183.0 4.4033860361 1.0
179.0 0.999827219225 1.0
110.0 1.04090503258 1.0
71.0 0.98418409712 1.0
0.0 1.04339575871 1.0
160.0 0.973795499928 1.0
41.0 1.00141558769 1.0
169.0 0.994352828022 1.0
32.0 0.980273201777 1.0
164.0 0.992501126424 1.0
176.0 0.993887748797 1.0
8.0 0.977554801392 1.0
6.0 1.07470675492 1.0
163.0 1.07994186522 1.0
object 45	1.0:1.0
194.0 -1.19513698172 1.0
43.0 1.00678878224 1.0
138.0 1.00411223712 1.0
85.0 1.03229054012 1.0
147.0 0.998687685123 1.0
185.0 -2.14116594004 1.0
8.0 0.981285741663 1.0
184.0 0.0814401168224 1.0
52.0 1.01003299524 1.0
117.0 0.998584839829 1.0
128.0 0.990883476127 1.0
192.0 -1.41092743155 1.0
144.0 0.956836991166 1.0
174.0 1.01598589775 1.0
108.0 1.01341487277 1.0
176.0 1.04407311059 1.0
132.0 1.01367166539 1.0
19.0 1.01866438847 1.0
7.0 0.969280705487 1.0
188.0 2.6870790033 1.0
152.0 1.00638697541 1.0
55.0 0.979700310291 1.0
45.0 1.04257411132 1.0
114.0 0.953473784444 1.0
39.0 0.98159235208 1.0
119.0 1.02276011025 1.0
98.0 0.98779624091 1.0
148.0 1.00477530879 1.0
53.0 0.931617017689 1.0
50.0 0.996359428947 1.0
157.0 0.983012072852 1.0
38.0 1.01112570612 1.0
object 46	1.0:1.0
21.0 1.01763000258 1.0
173.0 1.0227012239 1.0
153.0 0.949695759473 1.0
29.0 0.966731674183 1.0
91.0 0.993416136171 1.0
46.0 1.01012992863 1.0
168.0 1.00124433857 1.0
96.0 0.971063009277 1.0
1.0 0.990106156877 1.0
154.0 1.00570469532 1.0
159.0 0.977109902749 1.0
183.0 2.73044777745 1.0
74.0 0.974043434269 1.0
95.0 1.04984605642 1.0
155.0 0.959868523043 1.0
111.0 1.02748544682 1.0
94.0 1.0632963307 1.0
175.0 0.991581731472 1.0
109.0 1.00774015134 1.0
160.0 1.04304589625 1.0
106.0 0.982542810118 1.0
25.0 0.996285117018 1.0
133.0 0.988891546709 1.0
114.0 0.951179151185 1.0
87.0 0.976151993366 1.0
113.0 0.96472570477 1.0
34.0 0.993293004671 1.0
71.0 0.999281861483 1.0
117.0 1.01194314626 1.0
105.0 0.994797333352 1.0
51.0 1.00149349699 1.0
30.0 1.05537230668 1.0
object 47	1.0:1.0
70.0 0.99053130903 1.0
130.0 0.989484830911 1.0
62.0 0.970783292186 1.0
73.0 0.999940907279 1.0
147.0 0.988962551544 1.0
112.0 1.02485146667 1.0
159.0 0.956326804852 1.0
133.0 1.02853448325 1.0
165.0 0.991644918662 1.0
91.0 1.03763236079 1.0
153.0 0.940939053874 1.0
49.0 0.988659901177 1.0
196.0 2.18938547572 1.0
106.0 0.975958485589 1.0
14.0 1.00263718852 1.0
58.0 0.982390042346 1.0
185.0 0.44430291547 1.0
135.0 1.03512527109 1.0
6.0 1.0377829355 1.0
120.0 0.996390912207 1.0
144.0 1.01629909358 1.0
8.0 1.0061080645 1.0
31.0 1.03498081734 1.0
35.0 1.00315043919 1.0
83.0 1.03911353476 1.0
177.0 0.963684029721 1.0
102.0 0.964686363137 1.0
64.0 0.993105921216 1.0
108.0 1.01817393109 1.0
0.0 0.94912109627 1.0
131.0 1.00484115047 1.0
128.0 1.00635062375 1.0
object 48	1.0:1.0
133.0 0.988021558452 1.0
134.0 0.976665482211 1.0
27.0 1.02277197843 1.0
140.0 1.01182690578 1.0
90.0 0.955803589958 1.0
45.0 1.048821298 1.0
81.0 0.988029645936 1.0
108.0 0.953363197476 1.0
20.0 0.992096579429 1.0
99.0 0.900844715386 1.0
41.0 1.0185886073 1.0
126.0 0.994949129985 1.0
149.0 0.985656568362 1.0
193.0 1.22821768572 1.0
37.0 1.03263375418 1.0
113.0 0.989480156699 1.0
8.0 0.980525422241 1.0
95.0 0.923294368156 1.0
87.0 1.02498925597 1.0
38.0 1.02933628344 1.0
7.0 0.98129697016 1.0
187.0 -2.21547859632 1.0
145.0 1.01170675027 1.0
0.0 1.03206573227 1.0
185.0 0.453308932836 1.0
62.0 1.05943733709 1.0
36.0 1.021925929 1.0
171.0 0.995236040164 1.0
object 49	1.0:1.0
150.0 0.990842019332 1.0
25.0 0.977736585988 1.0
78.0 1.002153242 1.0
100.0 0.996315075764 1.0
164.0 1.01806803202 1.0
122.0 0.99886305192 1.0
71.0 1.03588002314 1.0
17.0 1.02426227451 1.0
91.0 1.02608434094 1.0
93.0 1.00739968722 1.0
40.0 1.05195785674 1.0
126.0 0.998428953499 1.0
143.0 1.00728047448 1.0
199.0 1.88562586199 1.0
11.0 0.916877520612 1.0
57.0 0.991926469957 1.0
65.0 0.998229953047 1.0
174.0 1.00869615557 1.0
157.0 1.03255362391 1.0
161.0 1.01169393256 1.0
48.0 0.919542572211 1.0
object 50	1.0:0.5 5.40899069488:0.5
145.0 5.42350865132 1.0
33.0 5.46511041223 1.0
70.0 1.01369737086 0.0
124.0 5.39646058938 1.0
139.0 5.37752080594 1.0
126.0 0.970785433079 0.0
159.0 1.03686177059 0.0
166.0 0.960555549815 0.0
25.0 0.949206976196 0.0
31.0 5.3912930997 1.0
42.0 5.38750823122 1.0
96.0 5.36533153573 1.0
177.0 1.05401907354 0.0
152.0 1.04933336869 0.0
110.0 5.37009503987 1.0
179.0 5.34306176416 1.0
76.0 1.04317885071 0.0
187.0 1.39437275657 0.0
40.0 0.927802503336 0.0
193.0 -3.55239508521 1.0
134.0 1.04819607223 0.0
57.0 1.00874383948 0.0
182.0 1.62981289713 0.0
34.0 5.44730605512 1.0
68.0 5.46647636823 1.0
38.0 1.03285395809 0.0
196.0 -2.14345175754 0.0
140.0 1.0752659431 0.0
15.0 1.03188737581 0.0
object 51	1.0:0.5 -0.665851703991:0.5
130.0 -0.694272594809 1.0
20.0 1.05348555032 0.0
118.0 -0.770801770318 1.0
173.0 1.0399063832 0.0
77.0 -0.672159298335 1.0
134.0 0.995703589148 0.0
81.0 1.00197385937 0.0
147.0 -0.670033434383 1.0
5.0 0.951946254371 0.0
45.0 -0.640007492078 1.0
162.0 0.978141440369 0.0
34.0 -0.723373072747 1.0
176.0 -0.606691561784 1.0
148.0 1.06170679832 0.0
170.0 1.04485472946 0.0
14.0 -0.741355244737 1.0
111.0 0.915167427445 0.0
151.0 0.942146769835 0.0
60.0 -0.733588335909 1.0
133.0 -0.616751358278 1.0
189.0 -2.71489402543 1.0
44.0 1.06548212359 0.0
65.0 -0.678569628876 1.0
197.0 2.80650715516 0.0
29.0 -0.635415204052 1.0
object 52	1.0:0.5 -10.2210179176:0.5
74.0 -10.1958575751 1.0
131.0 -10.326194102 1.0
45.0 -10.2560398346 1.0
198.0 -12.1042722613 1.0
92.0 -10.1741718566 1.0
15.0 0.96920068805 0.0
12.0 0.972781606617 0.0
168.0 1.03728233871 0.0
100.0 1.0623049512 0.0
126.0 0.992668985536 0.0
28.0 0.922475808704 0.0
106.0 0.935654123053 0.0
172.0 -10.2108237754 1.0
31.0 -10.2470092159 1.0
81.0 -10.2559925951 1.0
189.0 -8.87868261635 1.0
122.0 -10.2063163289 1.0
127.0 1.05491466573 0.0
130.0 0.949329611258 0.0
156.0 0.978327811625 0.0
11.0 1.0477304721 0.0
143.0 -10.2560930036 1.0
46.0 -10.1616273006 1.0
111.0 0.981083996404 0.0
173.0 1.02091803963 0.0
29.0 1.01260303768 0.0
61.0 1.01661671591 0.0
object 53	1.0:0.5 -4.64382671313:0.5
57.0 -4.62761515545 1.0
91.0 1.05655417164 0.0
103.0 0.985281016437 0.0
137.0 -4.62600742816 1.0
198.0 -4.72821741362 1.0
50.0 -4.65418121074 1.0
134.0 -4.62228818931 1.0
83.0 -4.68330769549 1.0
170.0 -4.72081792317 1.0
0.0 -4.65139918907 1.0
199.0 -10.2368472831 1.0
13.0 1.02740574176 0.0
182.0 1.43873617703 0.0
191.0 -2.04887088578 0.0
139.0 0.952069142804 0.0
171.0 -4.67760033049 1.0
47.0 1.00605443452 0.0
40.0 0.975318678003 0.0
10.0 -4.69145749908 1.0
69.0 1.03147248556 0.0
109.0 1.01402182093 0.0
130.0 -4.62324081115 1.0
195.0 -4.10841135481 0.0
120.0 1.05938800408 0.0
27.0 -4.6044371342 1.0
149.0 0.987756122768 0.0
141.0 -4.68655899613 1.0
102.0 0.967599279219 0.0
28.0 -4.76061074504 1.0
46.0 -4.54650626859 1.0
101.0 1.04489787729 0.0
object 54	1.0:0.5 -0.958773356691:0.5
12.0 1.02986583507 0.0
154.0 -1.01116110816 1.0
104.0 1.04162284412 0.0
165.0 -0.940151532125 1.0
126.0 -0.980548286946 1.0
144.0 1.12988585852 0.0
167.0 0.987906515586 0.0
16.0 0.925442281811 0.0
78.0 -0.944667013163 1.0
22.0 0.987704000291 0.0
112.0 -0.94899092147 1.0
4.0 1.07224993877 0.0
155.0 1.08561725142 0.0
61.0 1.07850732527 0.0
11.0 -0.920580471123 1.0
108.0 1.08763385451 0.0
92.0 1.03449497503 0.0
188.0 1.2200909007 1.0
192.0 3.69117733998 1.0
106.0 1.02509684519 0.0
175.0 -0.929859849517 1.0
96.0 1.0543548312 0.0
128.0 1.08256195414 0.0
117.0 1.02041679143 0.0
69.0 1.01255133828 0.0
141.0 1.06264334844 0.0
158.0 -0.928060232056 1.0
85.0 -0.998683077235 1.0
object 55	1.0:0.5 5.04216935144:0.5
182.0 4.3654296338 1.0
24.0 5.06113423586 1.0
135.0 1.19759471934 0.0
120.0 0.993013138903 0.0
173.0 5.07676989385 1.0
55.0 5.05545276772 1.0
108.0 5.05004203855 1.0
84.0 0.993255703463 0.0
97.0 1.04307752462 0.0
11.0 5.03016369031 1.0
115.0 5.02334762421 1.0
85.0 0.99968913848 0.0
94.0 1.01106455901 0.0
87.0 4.93106166013 1.0
26.0 0.997324836907 0.0
1.0 0.941160140901 0.0
20.0 5.01315912549 1.0
60.0 5.1242362892 1.0
19.0 0.951409146815 0.0
185.0 7.96939864887 1.0
21.0 0.98819438948 0.0
194.0 -6.53326951699 0.0
47.0 0.91129829177 0.0
45.0 5.08645243493 1.0
109.0 5.02119500217 1.0
78.0 1.05906792842 0.0
61.0 0.991520058909 0.0
131.0 1.04413502626 0.0
137.0 5.00310602707 1.0
62.0 1.07299232107 0.0
169.0 1.00243900529 0.0
170.0 1.04764532243 0.0
136.0 1.03782139804 0.0
152.0 1.01910421944 0.0
99.0 0.936620445097 0.0
37.0 0.995427476142 0.0
119.0 5.0397364054 1.0
184.0 -0.930858028173 0.0
73.0 4.98884265935 1.0
146.0 0.868902814163 0.0
106.0 1.03663450829 0.0
object 56	1.0:0.5 -13.1231875949:0.5
79.0 1.06393476322 0.0
155.0 -13.2059199389 1.0
52.0 0.938756208119 0.0
196.0 -1.40820542166 0.0
39.0 1.06814609259 0.0
57.0 -13.1163691407 1.0
50.0 -13.0549587172 1.0
47.0 -13.1087635559 1.0
101.0 1.02886032257 0.0
32.0 1.01747464171 0.0
147.0 -13.0786983285 1.0
89.0 -13.0561246367 1.0
136.0 0.951408580922 0.0
73.0 -13.1220489021 1.0
145.0 1.05740359235 0.0
111.0 0.939104144576 0.0
166.0 0.955106692925 0.0
197.0 -14.0362664273 1.0
169.0 -13.0680238205 1.0
148.0 0.993191340337 0.0
104.0 0.977921706845 0.0
193.0 -12.3163986306 1.0
150.0 -13.1376585335 1.0
168.0 -13.1405282245 1.0
105.0 -13.1729935453 1.0
149.0 -13.0853255384 1.0
93.0 -13.1264606409 1.0
184.0 -8.65813132754 1.0
7.0 1.03037230654 0.0
119.0 0.943038845071 0.0
83.0 0.999761198513 0.0
138.0 -13.0662118672 1.0
object 57	1.0:0.5 5.74043699352:0.5
50.0 0.985400938732 0.0
1.0 5.78086089445 1.0
178.0 5.70697535623 1.0
194.0 6.60550613572 1.0
126.0 0.994061891016 0.0
15.0 0.962906733517 0.0
66.0 5.79264076422 1.0
58.0 0.972941567385 0.0
24.0 5.76812175906 1.0
48.0 5.78647199548 1.0
59.0 0.972406468249 0.0
54.0 0.956325049733 0.0
18.0 0.9980932298 0.0
10.0 0.977378228891 0.0
173.0 5.70825836428 1.0
164.0 0.910256217095 0.0
112.0 5.6882686935 1.0
79.0 5.74627944597 1.0
2.0 1.04532255134 0.0
185.0 1.72050945939 0.0
95.0 1.05383848695 0.0
141.0 1.08528283926 0.0
151.0 5.77424592643 1.0
152.0 0.989301973377 0.0
105.0 5.70061163096 1.0
7.0 0.999247278913 0.0
184.0 -2.92044483868 0.0
199.0 3.27536519417 0.0
163.0 0.974720601209 0.0
object 58	1.0:0.5 -5.40048130029:0.5
166.0 -5.40260451841 1.0
151.0 -5.46629734804 1.0
156.0 -5.42006887915 1.0
58.0 1.08852156696 0.0
65.0 -5.51007644906 1.0
40.0 -5.40604250639 1.0
95.0 1.11049491641 0.0
107.0 0.927091228615 0.0
46.0 1.04199103008 0.0
181.0 1.50795249087 0.0
123.0 -5.34816562599 1.0
87.0 -5.4635146658 1.0
114.0 -5.39178831854 1.0
155.0 0.986004887064 0.0
11.0 -5.28144993726 1.0
83.0 -5.4549498662 1.0
129.0 0.923589515828 0.0
152.0 1.05793684784 0.0
97.0 -5.33374359566 1.0
126.0 -5.39296335286 1.0
89.0 -5.40947058575 1.0
128.0 0.857362239108 0.0
183.0 4.01185795328 0.0
43.0 -5.45128354012 1.0
149.0 0.971124652699 0.0
42.0 -5.25224027587 1.0
object 59	1.0:0.5 1.82140171335:0.5
102.0 1.77545523376 1.0
152.0 1.7967072943 1.0
45.0 1.8341449128 1.0
29.0 1.00039067723 0.0
7.0 1.06985464023 0.0
72.0 0.989247453866 0.0
74.0 1.87050829564 1.0
173.0 1.83483073452 1.0
198.0 -0.290483098599 0.0
78.0 1.72555421454 1.0
153.0 1.80541695405 1.0
75.0 0.957989367797 0.0
50.0 1.85939605187 1.0
56.0 1.77944445544 1.0
98.0 0.957573234568 0.0
2.0 0.943477650053 0.0
8.0 1.87392357155 1.0
128.0 1.01590020209 0.0
31.0 1.035601929 0.0
135.0 1.79903932841 1.0
58.0 1.85789264525 1.0
51.0 1.84378908872 1.0
142.0 1.8515881637 1.0
193.0 -3.97163189866 0.0
147.0 1.71770816046 1.0
194.0 1.78505419861 0.0
97.0 1.84483824588 1.0
70.0 1.01522548915 0.0
62.0 1.83225893817 1.0
39.0 1.75516784829 1.0
151.0 0.950941222576 0.0
81.0 1.82289673069 1.0
160.0 1.0352145467 0.0
108.0 1.7839468353 1.0
66.0 1.91592257757 1.0
191.0 -1.73657725832 1.0
120.0 1.81711947086 1.0
89.0 1.04118592571 0.0
162.0 0.893209336908 0.0
object 60	1.0:0.5 6.41043383201:0.5
27.0 6.53743352539 1.0
125.0 0.9730641169 0.0
96.0 6.43863666958 1.0
118.0 6.44156379777 1.0
66.0 1.01609406107 0.0
162.0 6.44215093269 1.0
138.0 6.31578075782 1.0
130.0 6.37139259184 1.0
73.0 0.89159704994 0.0
49.0 0.978358019763 0.0
159.0 6.39822742397 1.0
15.0 6.39900748038 1.0
50.0 6.36332510439 1.0
83.0 0.991993600896 0.0
124.0 6.46947012526 1.0
134.0 6.42863547792 1.0
92.0 6.51791244325 1.0
89.0 0.947214148842 0.0
116.0 6.30183698402 1.0
52.0 6.40608167055 1.0
3.0 6.45332766629 1.0
13.0 6.40105297846 1.0
153.0 6.36767143489 1.0
117.0 6.33059525894 1.0
198.0 6.74552179072 1.0
71.0 6.32453601178 1.0
object 61	1.0:0.5 -9.3481887324:0.5
28.0 1.0418152797 0.0
160.0 1.07855071915 0.0
114.0 1.02193801732 0.0
175.0 0.963258952377 0.0
177.0 -9.42146106608 1.0
23.0 -9.42105191992 1.0
115.0 -9.28990147426 1.0
139.0 0.955315274468 0.0
120.0 1.08153834122 0.0
9.0 0.993796556731 0.0
4.0 -9.40536398474 1.0
199.0 -8.28442184915 1.0
164.0 -9.39021341989 1.0
172.0 -9.27188155737 1.0
91.0 -9.33284887645 1.0
42.0 -9.29745182714 1.0
141.0 0.917818975488 0.0
36.0 1.01342185489 0.0
116.0 0.916325473357 0.0
151.0 -9.36267363597 1.0
101.0 -9.373076688 1.0
19.0 -9.40027237528 1.0
129.0 -9.2739912277 1.0
135.0 -9.34831391956 1.0
76.0 1.00711973365 0.0
26.0 0.997361048497 0.0
138.0 0.996278392805 0.0
194.0 3.40224947765 0.0
150.0 -9.32661299629 1.0
94.0 -9.31337241201 1.0
object 62	1.0:0.5 -9.63374387976:0.5
16.0 -9.57207151074 1.0
192.0 -2.43314434339 1.0
102.0 -9.63032957776 1.0
46.0 -9.5431542281 1.0
128.0 -9.68100832796 1.0
111.0 -9.6940430276 1.0
147.0 1.06386904315 0.0
22.0 -9.67054158338 1.0
173.0 -9.55679847669 1.0
197.0 1.57714484088 0.0
131.0 -9.63480329635 1.0
11.0 -9.57359788676 1.0
27.0 0.983211876253 0.0
166.0 -9.71283501748 1.0
93.0 0.965937963241 0.0
89.0 1.05961702827 0.0
153.0 0.961487768626 0.0
165.0 1.02204590604 0.0
156.0 0.984956818203 0.0
61.0 0.962258217959 0.0
125.0 -9.68241420245 1.0
6.0 -9.66655245781 1.0
126.0 -9.67961320217 1.0
150.0 0.987085895225 0.0
28.0 -9.56699149373 1.0
177.0 0.949799641376 0.0
196.0 -8.26294691189 1.0
107.0 -9.68362156599 1.0
object 63	1.0:0.5 13.6241294915:0.5
134.0 13.6618375484 1.0
154.0 0.974083287989 0.0
121.0 13.6594380965 1.0
43.0 1.04188382892 0.0
114.0 1.0703662961 0.0
15.0 0.991640629788 0.0
173.0 0.952150587582 0.0
183.0 7.77894116008 0.0
108.0 0.999326591267 0.0
53.0 0.932489424432 0.0
140.0 1.0804076657 0.0
152.0 13.559629752 1.0
22.0 13.704456828 1.0
76.0 13.5918088085 1.0
77.0 13.6291226678 1.0
138.0 1.00632286445 0.0
28.0 0.932311515634 0.0
103.0 13.6680978387 1.0
36.0 1.05602128636 0.0
71.0 13.5862838538 1.0
55.0 1.07535831026 0.0
169.0 1.04403819199 0.0
133.0 0.974345754524 0.0
62.0 13.6751687976 1.0
191.0 12.3866323288 1.0
144.0 13.5162330753 1.0
82.0 1.02074467436 0.0
87.0 13.6323076684 1.0
34.0 13.6712242851 1.0
4.0 13.6610322418 1.0
75.0 0.99203400225 0.0
135.0 1.02249330656 0.0
1.0 1.02956877608 0.0
156.0 13.6646584367 1.0
object 64	1.0:0.5 15.874964925:0.5
167.0 15.8910498044 1.0
60.0 15.8921125025 1.0
76.0 15.895325606 1.0
153.0 15.7931078265 1.0
122.0 1.05593725369 0.0
16.0 0.934954891323 0.0
189.0 -0.783130122799 0.0
127.0 0.979963213116 0.0
178.0 0.981350491796 0.0
58.0 15.8582342812 1.0
142.0 15.8735468098 1.0
34.0 15.8535476789 1.0
13.0 15.9181276058 1.0
66.0 16.012115066 1.0
148.0 15.8705335207 1.0
75.0 15.9929226893 1.0
87.0 1.0264472579 0.0
44.0 15.8715533322 1.0
152.0 15.9859979825 1.0
97.0 1.08780476136 0.0
90.0 1.09303224599 0.0
9.0 15.7940294987 1.0
116.0 0.977848868124 0.0
117.0 15.8804162375 1.0
object 65	1.0:0.5 0.377787835819:0.5
141.0 0.443261552038 1.0
165.0 1.01094707692 0.0
17.0 0.992668323596 0.0
38.0 1.04814343477 0.0
21.0 0.367292150845 1.0
170.0 0.978699705826 0.0
4.0 1.00705198521 0.0
182.0 2.11177053118 0.0
59.0 1.06211414369 0.0
92.0 1.00614777423 0.0
24.0 0.507239271781 1.0
45.0 0.485919418359 1.0
130.0 0.411606651103 1.0
127.0 0.382577222348 1.0
40.0 0.38574322317 1.0
91.0 0.401359214364 1.0
115.0 0.987682135894 0.0
73.0 1.01943696437 0.0
31.0 0.331270106945 1.0
169.0 0.35709703433 1.0
189.0 -4.17906052142 0.0
63.0 1.07710002354 0.0
12.0 0.456110615226 1.0
180.0 -4.91329283868 1.0
16.0 1.01351953182 0.0
55.0 0.940287514889 0.0
64.0 0.353939441304 1.0
110.0 0.980410087623 0.0
68.0 0.989475494529 0.0
62.0 0.325728808539 1.0
object 66	1.0:0.5 -7.69359420224:0.5
118.0 -7.69077615693 1.0
180.0 0.466436733121 0.0
191.0 -12.5860779928 1.0
5.0 1.00492596109 0.0
69.0 1.0835252713 0.0
93.0 1.10979267123 0.0
163.0 0.888170807188 0.0
16.0 -7.66842790826 1.0
30.0 0.974999041464 0.0
3.0 -7.72469515929 1.0
123.0 0.979956041169 0.0
35.0 1.01572676666 0.0
158.0 -7.75308859455 1.0
114.0 1.02733219086 0.0
48.0 -7.76623353109 1.0
67.0 -7.63471416529 1.0
153.0 -7.57578729108 1.0
154.0 -7.61705932547 1.0
141.0 -7.80319309932 1.0
65.0 -7.68093332368 1.0
20.0 0.986133534792 0.0
82.0 1.04220054998 0.0
176.0 0.977848952163 0.0
33.0 -7.71769203557 1.0
83.0 0.95843288634 0.0
96.0 1.0305870265 0.0
45.0 0.971286577365 0.0
56.0 -7.64330343599 1.0
object 67	1.0:0.5 2.52406744876:0.5
116.0 2.58966774933 1.0
109.0 1.00182227351 0.0
108.0 2.57294893424 1.0
124.0 0.94648681767 0.0
40.0 2.5745656393 1.0
85.0 1.05892128798 0.0
27.0 1.02677530778 0.0
88.0 2.51954205148 1.0
158.0 1.02886744613 0.0
30.0 0.953350473594 0.0
184.0 -6.52768177834 1.0
111.0 2.44287032272 1.0
86.0 2.44425693486 1.0
70.0 2.54396623537 1.0
66.0 1.01091060652 0.0
134.0 1.00443330876 0.0
20.0 0.939834551829 0.0
14.0 2.67954731017 1.0
129.0 1.04764522084 0.0
131.0 0.980834258225 0.0
193.0 6.9077822927 1.0
83.0 2.50021980937 1.0
144.0 2.52472860243 1.0
48.0 1.10930489025 0.0
51.0 1.05077959047 0.0
100.0 0.920578421405 0.0
36.0 2.46836733036 1.0
114.0 0.914809940132 0.0
75.0 0.944266460855 0.0
object 68	1.0:0.5 -5.76650630828:0.5
80.0 0.919203616663 0.0
144.0 -5.83734129111 1.0
102.0 1.05822193431 0.0
177.0 -5.81275301375 1.0
112.0 1.01651638315 0.0
153.0 1.04024918369 0.0
136.0 -5.72345249555 1.0
25.0 0.971363868998 0.0
129.0 1.02256124928 0.0
146.0 -5.78347459204 1.0
79.0 -5.77517869006 1.0
34.0 0.983004990585 0.0
181.0 3.93058485661 0.0
21.0 0.963772662978 0.0
58.0 1.03327389682 0.0
149.0 -5.68791916737 1.0
147.0 -5.75421286998 1.0
74.0 -5.79675341931 1.0
197.0 -0.241511603679 0.0
148.0 0.968868366178 0.0
166.0 1.01346293115 0.0
13.0 1.09016193439 0.0
163.0 -5.84597489617 1.0
54.0 -5.75691902064 1.0
object 69	1.0:0.5 -4.93897699342:0.5
70.0 -4.95806682929 1.0
54.0 1.05146814959 0.0
64.0 0.992014151056 0.0
119.0 -4.94633209861 1.0
63.0 1.0120144816 0.0
190.0 -5.39301716163 1.0
8.0 -4.95819960414 1.0
144.0 -4.97820156662 1.0
27.0 1.03056153422 0.0
98.0 1.0228399803 0.0
95.0 -4.92735850677 1.0
196.0 -6.93190016175 1.0
4.0 1.02725042239 0.0
30.0 1.01655052193 0.0
15.0 0.997959192922 0.0
80.0 1.04689827367 0.0
191.0 -7.68077647914 1.0
74.0 -4.91907061033 1.0
131.0 -4.85041385244 1.0
11.0 0.97549506591 0.0
45.0 -4.86809620487 1.0
55.0 -4.94550998668 1.0
66.0 0.993573832116 0.0
17.0 1.02566544717 0.0
56.0 0.956240694555 0.0
object 70	1.0:0.5 -9.83513681641:0.5
189.0 4.82274339655 0.0
174.0 -9.75979851411 1.0
5.0 -9.81071654432 1.0
57.0 -9.76680251258 1.0
166.0 1.03965316195 0.0
25.0 -9.83277484124 1.0
115.0 1.03973498147 0.0
4.0 1.00271605749 0.0
197.0 -0.0532992556499 0.0
198.0 -0.585951213714 0.0
98.0 0.963485424321 0.0
77.0 0.9871922329 0.0
8.0 -9.84111672176 1.0
31.0 0.945679651489 0.0
148.0 1.00890727414 0.0
181.0 -11.6202167367 1.0
34.0 1.02178395985 0.0
68.0 0.990090036497 0.0
157.0 0.97860096553 0.0
137.0 0.983062158766 0.0
14.0 -9.84237477608 1.0
35.0 -9.85069342954 1.0
100.0 -9.8407261471 1.0
103.0 -9.88078025627 1.0
175.0 -9.86933206485 1.0
52.0 1.0050666988 0.0
97.0 1.08177927829 0.0
171.0 0.968277633031 0.0
36.0 -9.75711486214 1.0
161.0 1.0419415823 0.0
114.0 1.04260302358 0.0
182.0 -0.0685747814528 0.0
104.0 -9.87502164211 1.0
109.0 -9.78735665743 1.0
object 71	1.0:0.5 -3.24535570913:0.5
28.0 0.952793105703 0.0
45.0 1.01613633439 0.0
194.0 -2.18021759518 0.0
86.0 0.928699115859 0.0
155.0 -3.18727395802 1.0
19.0 1.06046706431 0.0
10.0 -3.20716560077 1.0
89.0 0.965427267257 0.0
64.0 -3.25140098352 1.0
150.0 -3.24906494927 1.0
119.0 1.01497078974 0.0
192.0 6.26976406303 0.0
196.0 0.0948224743563 0.0
172.0 1.06378758204 0.0
37.0 -3.30236871483 1.0
154.0 -3.2182219252 1.0
182.0 5.08996049985 1.0
90.0 -3.20245622926 1.0
31.0 0.999813383776 0.0
140.0 0.921272696469 0.0
128.0 -3.22197625365 1.0
132.0 -3.37286450572 1.0
object 72	1.0:0.5 5.90773746914:0.5
13.0 1.01685846456 0.0
71.0 1.04466777937 0.0
17.0 1.04466479674 0.0
87.0 5.8951624702 1.0
26.0 5.93092443426 1.0
121.0 5.79885582194 1.0
73.0 5.89719086178 1.0
148.0 0.928054354354 0.0
16.0 0.958909426693 0.0
140.0 1.08602344582 0.0
182.0 11.9906539295 1.0
25.0 0.976101905577 0.0
147.0 5.91719872715 1.0
124.0 1.04007475492 0.0
107.0 6.00302092683 1.0
154.0 0.978568909975 0.0
198.0 3.67783435423 0.0
192.0 1.50204226902 0.0
185.0 -0.265131110016 0.0
111.0 5.85992847197 1.0
96.0 5.94098889438 1.0
199.0 4.51155322102 0.0
128.0 0.873322314574 0.0
91.0 5.93631742801 1.0
132.0 1.08327653163 0.0
171.0 5.97707089205 1.0
48.0 5.88993121901 1.0
object 73	1.0:0.5 12.7098981743:0.5
186.0 -0.11533107901 0.0
32.0 1.03244658247 0.0
79.0 12.6916000461 1.0
149.0 12.6908984447 1.0
5.0 0.969109046184 0.0
182.0 12.0352170932 1.0
67.0 1.02075968564 0.0
105.0 12.7537438386 1.0
40.0 12.6576886696 1.0
4.0 12.7004607662 1.0
72.0 12.7780765273 1.0
165.0 0.962379021069 0.0
47.0 12.711423946 1.0
20.0 12.6201340383 1.0
70.0 12.6730521448 1.0
179.0 12.7518682488 1.0
22.0 0.981208373238 0.0
18.0 12.6468692496 1.0
132.0 0.977289281838 0.0
173.0 1.01152592419 0.0
94.0 12.7385194431 1.0
162.0 12.7659847166 1.0
44.0 1.04031643066 0.0
51.0 1.00866511363 0.0
97.0 12.6775745218 1.0
39.0 12.7477816217 1.0
78.0 0.9495437365 0.0
117.0 1.00084847825 0.0
145.0 12.6894955526 1.0
object 74	1.0:0.5 15.9331315635:0.5
32.0 16.0815601642 1.0
107.0 1.0356936818 0.0
93.0 0.992193206668 0.0
94.0 15.9743859332 1.0
19.0 15.9991324778 1.0
146.0 0.941295678497 0.0
152.0 15.9189694698 1.0
72.0 1.0438294051 0.0
172.0 0.940292302164 0.0
21.0 1.04370763797 0.0
75.0 15.7993151829 1.0
31.0 1.05323944974 0.0
165.0 15.8795815973 1.0
14.0 1.05207809602 0.0
119.0 15.9628228821 1.0
135.0 15.9757298415 1.0
129.0 15.9711058596 1.0
158.0 15.9561468874 1.0
193.0 23.2888638931 1.0
161.0 1.09950191667 0.0
174.0 0.972046778112 0.0
25.0 15.9144967226 1.0
139.0 15.8943768392 1.0
object 75	1.0:0.5 0.794217597701:0.5
44.0 0.967823335312 0.0
98.0 0.836968407175 1.0
5.0 1.05369543541 0.0
124.0 0.965122571764 0.0
136.0 0.785636216563 1.0
149.0 0.85399877845 1.0
137.0 1.07593552136 0.0
118.0 0.729053265226 1.0
47.0 0.839504801602 1.0
34.0 0.817985038508 1.0
147.0 0.79694027926 1.0
64.0 1.01039928671 0.0
100.0 0.786154274292 1.0
162.0 0.817428461032 1.0
158.0 0.753783372078 1.0
58.0 1.00373646786 0.0
106.0 0.99471964611 0.0
25.0 1.01525457929 0.0
28.0 0.965541241641 0.0
31.0 0.817740087104 1.0
84.0 0.794739146272 1.0
131.0 0.979540490675 0.0
97.0 0.726407110972 1.0
39.0 0.767247909921 1.0
164.0 0.751709001035 1.0
29.0 1.0182140557 0.0
object 76	1.0:0.5 1.00400403513:0.5
142.0 1.00157870857 0.0
86.0 1.01934409819 1.0
79.0 1.06125983018 0.0
78.0 0.903212128969 0.0
67.0 1.03488070362 0.0
190.0 -0.366878754624 0.0
36.0 1.02702695031 1.0
73.0 0.999812551326 0.0
11.0 1.02362397311 0.0
110.0 1.07982705541 0.0
107.0 1.0245062333 1.0
94.0 0.87302488344 0.0
82.0 0.953284623303 1.0
16.0 0.93899438924 1.0
52.0 0.988456502578 1.0
119.0 1.04411740155 0.0
149.0 1.10851310047 0.0
0.0 1.0269612733 1.0
89.0 1.06635647398 0.0
114.0 0.995518186021 1.0
91.0 1.06797826822 1.0
81.0 0.906517366109 0.0
101.0 1.0415106703 0.0
85.0 0.911139887266 1.0
172.0 1.13755061884 0.0
69.0 1.08862510104 1.0
183.0 4.77638856268 0.0
180.0 0.122013641459 0.0
182.0 -1.46847492642 0.0
169.0 1.06002864874 1.0
175.0 0.944276327253 0.0
132.0 1.0682280003 0.0
50.0 0.967096618894 1.0
object 77	1.0:0.5 -7.7975092283:0.5
25.0 1.06820469682 0.0
177.0 -7.72979294509 1.0
194.0 -1.2394168287 0.0
77.0 -7.78537948586 1.0
140.0 -7.83034432355 1.0
82.0 0.992461224575 0.0
173.0 -7.81498129067 1.0
145.0 0.982762632914 0.0
107.0 1.0972368451 0.0
142.0 1.05499446161 0.0
183.0 1.38857457077 0.0
185.0 -0.973602868985 0.0
165.0 -7.71205573583 1.0
78.0 -7.84176269894 1.0
48.0 -7.84683637825 1.0
12.0 1.02372741554 0.0
28.0 -7.88593685676 1.0
137.0 -7.88532942533 1.0
103.0 -7.86509707231 1.0
36.0 1.00268972417 0.0
62.0 -7.72116053913 1.0
122.0 1.01087554345 0.0
125.0 -7.82081424033 1.0
32.0 -7.81347816088 1.0
88.0 -7.81632963464 1.0
80.0 0.96570956071 0.0
166.0 -7.73348584438 1.0
object 78	1.0:0.5 6.48388998488:0.5
148.0 6.43567443276 1.0
25.0 1.01269574565 0.0
57.0 6.50076113119 1.0
86.0 0.880246661558 0.0
37.0 6.53427630931 1.0
20.0 1.02603770478 0.0
178.0 1.04228041203 0.0
162.0 6.54993666309 1.0
127.0 6.45892140821 1.0
94.0 0.913967451455 0.0
8.0 6.47340563142 1.0
145.0 6.51245997229 1.0
98.0 1.02156089067 0.0
180.0 6.27997853471 0.0
35.0 6.43817333183 1.0
124.0 1.08722614411 0.0
120.0 1.11027080779 0.0
173.0 0.949279051668 0.0
26.0 6.56277399658 1.0
19.0 6.60040891781 1.0
87.0 1.01818793194 0.0
3.0 1.07758070486 0.0
112.0 6.50885501601 1.0
92.0 1.01295401427 0.0
32.0 0.971283945313 0.0
41.0 1.04729419986 0.0
object 79	1.0:0.5 22.6617174037:0.5
19.0 22.6572150199 1.0
58.0 22.7184044076 1.0
6.0 1.00309266561 0.0
101.0 22.7308421153 1.0
23.0 22.6698330546 1.0
91.0 22.7579456346 1.0
195.0 -1.48371365974 0.0
120.0 22.6749511585 1.0
21.0 22.6975426074 1.0
60.0 0.939075110947 0.0
154.0 22.720243374 1.0
139.0 22.6889464564 1.0
192.0 6.29808008452 0.0
188.0 -0.0720812158717 0.0
145.0 1.05297693961 0.0
197.0 1.52017652427 0.0
13.0 22.6544485219 1.0
28.0 22.606787351 1.0
79.0 22.5796582182 1.0
109.0 1.05380413032 0.0
98.0 22.6038168493 1.0
133.0 1.08666201433 0.0
78.0 22.6705442455 1.0
155.0 22.7048838075 1.0
9.0 22.6648826242 1.0
67.0 22.6948086637 1.0
168.0 22.7004936506 1.0
118.0 0.950004904757 0.0
125.0 1.05511962339 0.0
42.0 1.08110341223 0.0
65.0 22.6449150444 1.0
1.0 22.7629920313 1.0
160.0 1.06966878671 0.0
130.0 22.7190693323 1.0
5.0 1.06843381745 0.0
object 80	1.0:0.5 6.49595096701:0.5
90.0 0.975796530488 0.0
148.0 6.59491859547 1.0
9.0 6.49819887449 1.0
27.0 6.43931015554 1.0
173.0 0.93150853718 0.0
3.0 0.977150759627 0.0
111.0 0.971187553019 0.0
194.0 6.78452634111 1.0
4.0 6.4749628663 1.0
115.0 0.973791588995 0.0
110.0 6.46728672425 1.0
123.0 6.48854942575 1.0
5.0 6.52534021369 1.0
101.0 1.01847978915 0.0
74.0 6.51077907577 1.0
31.0 6.43249019915 1.0
114.0 1.01730908592 0.0
102.0 1.05633637818 0.0
17.0 1.09872381095 0.0
65.0 0.981728888662 0.0
6.0 6.52024902699 1.0
139.0 0.951480400072 0.0
object 81	1.0:0.5 2.20815340228:0.5
88.0 0.918160632741 0.0
28.0 1.119669269 0.0
89.0 1.03597153565 0.0
119.0 0.910461423055 0.0
4.0 2.20887398823 1.0
189.0 4.39077463856 1.0
112.0 2.09245044668 1.0
47.0 1.04476031226 0.0
46.0 2.16215273702 1.0
44.0 0.978245995783 0.0
130.0 2.14082366494 1.0
93.0 1.02500495287 0.0
186.0 2.58998364005 0.0
2.0 2.20777190925 1.0
165.0 1.03692632197 0.0
96.0 2.24514356325 1.0
175.0 2.07225439991 1.0
37.0 1.00524515585 0.0
32.0 2.22302325679 1.0
187.0 -1.95442192387 0.0
5.0 2.23496574109 1.0
197.0 3.78802949694 0.0
55.0 2.20617578253 1.0
149.0 2.27380292496 1.0
object 82	1.0:0.5 1.27524710244:0.5
119.0 1.30626234243 1.0
96.0 1.01626959829 0.0
142.0 1.00842326239 0.0
165.0 1.32087857507 1.0
60.0 1.30105167576 1.0
126.0 0.982892806619 0.0
87.0 1.26456181771 1.0
192.0 7.55454683744 1.0
23.0 1.09973995065 0.0
168.0 1.27241707891 1.0
33.0 1.27396118968 1.0
63.0 1.28217056033 1.0
111.0 1.02068599865 0.0
26.0 1.25721441101 1.0
153.0 1.28627879284 1.0
76.0 1.3068044968 1.0
100.0 1.28133406115 1.0
30.0 0.947988817318 0.0
95.0 0.994031547824 0.0
94.0 1.00987587836 0.0
65.0 1.31185127461 1.0
89.0 1.03762309517 0.0
158.0 0.985080202117 0.0
117.0 1.13930596563 0.0
62.0 1.16485234853 1.0
22.0 1.28701680097 1.0
59.0 1.03293934291 0.0
134.0 1.15070965418 1.0
9.0 1.07450707244 0.0
191.0 4.30786928709 1.0
104.0 1.30234210181 1.0
40.0 1.34035182489 1.0
190.0 4.92511738269 1.0
131.0 1.01259954296 0.0
120.0 1.2267998718 1.0
81.0 0.971531139431 0.0
196.0 3.66606951599 0.0
97.0 0.974454455455 0.0
object 83	1.0:0.5 -2.49699908083:0.5
102.0 0.968011672491 0.0
91.0 0.957352913019 0.0
171.0 0.967136729642 0.0
43.0 -2.48438862472 1.0
142.0 -2.43506623465 1.0
50.0 0.921759593169 0.0
59.0 1.03919165532 0.0
95.0 -2.51154846722 1.0
13.0 -2.3849425677 1.0
169.0 -2.44649876125 1.0
150.0 -2.4677130007 1.0
36.0 -2.49357051548 1.0
193.0 2.65429056485 1.0
69.0 -2.46768012838 1.0
183.0 -10.5652833463 1.0
145.0 -2.48749131435 1.0
146.0 1.05769778696 0.0
130.0 -2.55554520199 1.0
122.0 0.943455532643 0.0
133.0 1.0804149173 0.0
84.0 -2.51066649982 1.0
176.0 1.07297424902 0.0
70.0 -2.60211292132 1.0
195.0 -2.80306710916 0.0
198.0 1.79458048152 0.0
52.0 0.963945851254 0.0
40.0 -2.48992606411 1.0
98.0 0.891009867909 0.0
45.0 -2.46412129917 1.0
9.0 -2.55111387654 1.0
197.0 -2.78291364326 1.0
119.0 -2.50520999516 1.0
111.0 1.00282459916 0.0
140.0 -2.5256373436 1.0
117.0 1.02609384442 0.0
139.0 1.01930721943 0.0
164.0 -2.48818579502 1.0
109.0 1.03656275409 0.0
21.0 -2.50784415861 1.0
62.0 -2.49925083496 1.0
14.0 1.03615368703 0.0
189.0 -4.12171853345 1.0
object 84	1.0:0.5 16.0332082448:0.5
195.0 15.1855670603 1.0
147.0 1.00625142864 0.0
12.0 0.937435717244 0.0
5.0 0.974456126745 0.0
109.0 16.0733064388 1.0
91.0 1.04025748001 0.0
190.0 17.8624784224 1.0
89.0 16.022131631 1.0
19.0 15.9896183013 1.0
66.0 16.0656615141 1.0
25.0 0.944975640697 0.0
125.0 16.0153226764 1.0
15.0 16.037931271 1.0
196.0 1.74030830174 0.0
128.0 0.932337013077 0.0
100.0 16.018247268 1.0
189.0 13.2408710704 1.0
53.0 0.954449208574 0.0
33.0 0.9565891247 0.0
41.0 16.015105599 1.0
63.0 15.9558135576 1.0
107.0 0.956379174086 0.0
169.0 16.0100033274 1.0
52.0 1.03141598023 0.0
26.0 16.0129162985 1.0
160.0 0.994627468055 0.0
145.0 0.983236619325 0.0
74.0 1.0274409913 0.0
104.0 0.981667613251 0.0
18.0 16.121802952 1.0
29.0 1.10686847078 0.0
79.0 16.0045031446 1.0
162.0 1.03871903542 0.0
object 85	1.0:0.5 -7.54068659791:0.5
39.0 -7.52594379547 1.0
155.0 -7.52164589885 1.0
38.0 -7.57259852468 1.0
46.0 0.961603323593 0.0
8.0 1.01465121868 0.0
28.0 0.951942862141 0.0
110.0 0.976920764961 0.0
108.0 -7.5257162918 1.0
63.0 0.959908843489 0.0
144.0 0.912414632581 0.0
148.0 0.97517275171 0.0
191.0 -2.69229598777 0.0
195.0 -8.04020060773 1.0
51.0 -7.5461079552 1.0
62.0 -7.39932768322 1.0
101.0 1.01722464389 0.0
89.0 -7.57454170009 1.0
94.0 -7.53761277232 1.0
4.0 0.971887648965 0.0
85.0 1.057698039 0.0
55.0 -7.50164597204 1.0
72.0 0.97845434544 0.0
83.0 -7.5642777937 1.0
10.0 0.950880325317 0.0
79.0 -7.44538757757 1.0
180.0 -0.392184736466 0.0
197.0 1.27768378471 0.0
134.0 -7.55502212844 1.0
170.0 -7.60607082252 1.0
97.0 0.901785523379 0.0
183.0 10.9369044226 0.0
128.0 1.00143450423 0.0
32.0 1.00360381839 0.0
67.0 -7.539766094 1.0
9.0 -7.49029545818 1.0
147.0 0.984289604908 0.0
2.0 0.981713258895 0.0
25.0 -7.49456925193 1.0
19.0 -7.60737737944 1.0
object 86	1.0:0.5 -11.0649803812:0.5
142.0 -11.0850371326 1.0
187.0 3.31758077929 0.0
166.0 -11.0530492696 1.0
59.0 1.02451366066 0.0
130.0 1.08641361653 0.0
113.0 -11.151892057 1.0
55.0 -11.0362193935 1.0
96.0 -11.0160789637 1.0
137.0 0.946463920227 0.0
47.0 -11.0555631602 1.0
29.0 -11.0023381578 1.0
17.0 1.07651815869 0.0
82.0 -11.0133131635 1.0
57.0 0.969150804733 0.0
40.0 -11.0056776677 1.0
45.0 0.983547330647 0.0
109.0 0.984959071912 0.0
192.0 -0.0906164632511 0.0
100.0 1.02091248732 0.0
127.0 1.02707742216 0.0
43.0 -11.0628462999 1.0
62.0 1.04921924737 0.0
20.0 0.981608539068 0.0
162.0 0.97038896605 0.0
169.0 1.05708962651 0.0
8.0 -11.0757243049 1.0
98.0 1.01250993509 0.0
object 87	1.0:0.5 19.3785458684:0.5
66.0 19.4263106803 1.0
32.0 0.98128499398 0.0
90.0 1.04380336245 0.0
178.0 19.2970643214 1.0
17.0 19.4337311517 1.0
2.0 19.3722129424 1.0
22.0 0.988746111889 0.0
31.0 19.408240758 1.0
181.0 18.3214032418 1.0
88.0 1.000660299 0.0
54.0 19.3316119979 1.0
165.0 1.00808515269 0.0
35.0 1.09937894212 0.0
79.0 0.953996764938 0.0
61.0 0.97217374475 0.0
170.0 19.4275549967 1.0
38.0 1.02644759357 0.0
15.0 19.2698444855 1.0
185.0 21.419071309 1.0
124.0 19.3722678171 1.0
105.0 1.09275763154 0.0
140.0 19.3730931591 1.0
174.0 19.3779354404 1.0
86.0 0.957787135166 0.0
183.0 26.2687596102 1.0
171.0 19.3867229566 1.0
object 88	1.0:0.5 -6.06536320386:0.5
46.0 1.01215398786 0.0
5.0 1.0321603652 0.0
35.0 -6.06216795859 1.0
60.0 1.02474376116 0.0
126.0 1.00049391331 0.0
62.0 -6.06019247891 1.0
42.0 -6.08247992383 1.0
135.0 1.07998189175 0.0
136.0 -6.0966882243 1.0
34.0 -6.06844147045 1.0
101.0 -6.14970066327 1.0
152.0 1.01451177158 0.0
156.0 0.93417616573 0.0
196.0 2.65501824164 0.0
19.0 1.09425348724 0.0
112.0 -5.90305199932 1.0
150.0 -6.1203750567 1.0
186.0 0.96301423107 0.0
74.0 -6.12692631066 1.0
13.0 -6.10197535874 1.0
109.0 -6.17459158785 1.0
3.0 1.03147818236 0.0
9.0 1.09865389843 0.0
95.0 1.15796453444 0.0
197.0 -5.19433919957 1.0
25.0 0.977454935544 0.0
144.0 0.997511549247 0.0
154.0 0.957991950954 0.0
82.0 1.06367452985 0.0
102.0 0.911202436085 0.0
175.0 -6.10386579203 1.0
54.0 -6.08788240019 1.0
33.0 -5.98279522186 1.0
184.0 -3.17228622249 0.0
100.0 0.877068757012 0.0
object 89	1.0:0.5 13.7039041529:0.5
117.0 13.7557803473 1.0
102.0 1.00711199819 0.0
175.0 0.971507491577 0.0
4.0 13.6697941996 1.0
48.0 0.89499058118 0.0
96.0 13.7042448527 1.0
77.0 1.00487201544 0.0
139.0 0.978764013964 0.0
69.0 13.6553985983 1.0
142.0 13.7866816497 1.0
161.0 13.6079518533 1.0
196.0 1.86288367823 0.0
19.0 0.935534146763 0.0
163.0 13.7232841602 1.0
79.0 13.6958420896 1.0
94.0 1.03266671818 0.0
135.0 1.09818317206 0.0
140.0 0.971747364407 0.0
133.0 13.7198519937 1.0
151.0 13.7060967598 1.0
40.0 13.6288156631 1.0
137.0 13.7093742313 1.0
63.0 0.958580290914 0.0
80.0 13.7428752683 1.0
object 90	1.0:0.5 18.5288788803:0.5
130.0 18.5079882054 1.0
114.0 1.00167841214 0.0
60.0 0.992617337452 0.0
168.0 0.950611602403 0.0
184.0 9.64629133386 1.0
101.0 18.5235684048 1.0
97.0 18.5187884659 1.0
33.0 0.995622888194 0.0
113.0 18.5365410522 1.0
103.0 18.5110943471 1.0
95.0 1.08036009224 0.0
109.0 1.01609580768 0.0
58.0 18.5901384917 1.0
105.0 1.05419677389 0.0
142.0 0.950514678538 0.0
174.0 18.5472674381 1.0
197.0 19.3469430801 1.0
116.0 18.4251622506 1.0
198.0 0.909030676128 0.0
153.0 18.5479729391 1.0
83.0 18.4772620791 1.0
39.0 18.5320227282 1.0
156.0 18.6107832519 1.0
30.0 0.987902960407 0.0
136.0 18.5202569385 1.0
29.0 18.4468717847 1.0
106.0 18.4412687854 1.0
86.0 0.925969878139 0.0
18.0 0.968670406944 0.0
38.0 18.5203243741 1.0
object 91	1.0:0.5 7.45837798049:0.5
144.0 7.43719636461 1.0
109.0 1.06947089169 0.0
131.0 7.45507028105 1.0
148.0 7.44417704063 1.0
102.0 1.00412878915 0.0
105.0 7.41744326251 1.0
106.0 7.45012718788 1.0
72.0 1.02960646411 0.0
107.0 7.46118567024 1.0
45.0 7.41720356666 1.0
172.0 1.0244053701 0.0
38.0 7.43799504189 1.0
82.0 1.03583588097 0.0
194.0 5.38663092375 1.0
126.0 7.46235725069 1.0
142.0 7.49385619843 1.0
157.0 7.41436864171 1.0
155.0 1.08393242788 0.0
186.0 1.34676324552 0.0
79.0 7.48397484695 1.0
31.0 7.46153863071 1.0
41.0 7.48446997947 1.0
163.0 0.900834710258 0.0
147.0 1.06493981015 0.0
178.0 1.01374642043 0.0
160.0 7.41483201648 1.0
173.0 1.03621668929 0.0
32.0 0.974567039229 0.0
object 92	1.0:0.5 8.64225549554:0.5
33.0 0.984938878736 0.0
86.0 8.69396441714 1.0
197.0 9.04937307665 1.0
76.0 1.00126556449 0.0
21.0 8.66190970519 1.0
124.0 8.64107212267 1.0
133.0 1.07877600308 0.0
38.0 8.72339219909 1.0
110.0 8.60061439155 1.0
42.0 1.00996714058 0.0
100.0 8.6036487608 1.0
161.0 8.66627695748 1.0
143.0 8.66400571074 1.0
138.0 0.914806754484 0.0
106.0 8.62794899076 1.0
123.0 8.64494046996 1.0
167.0 0.908180070179 0.0
112.0 8.73981517898 1.0
137.0 8.61188303843 1.0
37.0 8.6805174606 1.0
185.0 -1.76706994732 0.0
72.0 8.66012481066 1.0
173.0 8.67553847231 1.0
162.0 0.949091083892 0.0
30.0 8.70040587778 1.0
191.0 3.73795358568 1.0
29.0 1.01776774915 0.0
51.0 8.71619304756 1.0
68.0 8.62509327961 1.0
151.0 8.62736384436 1.0
74.0 0.970044279801 0.0
79.0 1.02150281074 0.0
165.0 0.969058415884 0.0
34.0 1.04076872103 0.0
187.0 0.761786936227 0.0
190.0 2.03543816218 0.0
127.0 8.6132602313 1.0
object 93	1.0:0.5 3.85355728684:0.5
5.0 3.85619439844 1.0
70.0 1.04348693689 0.0
56.0 3.88473283268 1.0
180.0 3.38140734286 1.0
129.0 0.99124595788 0.0
34.0 3.85398681765 1.0
153.0 0.922259599372 0.0
189.0 5.74467107665 0.0
150.0 3.90237019146 1.0
83.0 1.00314382185 0.0
140.0 3.81502152655 1.0
30.0 3.82811539228 1.0
199.0 5.7460254024 1.0
95.0 3.80130045916 1.0
192.0 7.37209231157 1.0
7.0 3.83991572253 1.0
147.0 0.976275106794 0.0
99.0 3.88129602348 1.0
36.0 3.88359378605 1.0
88.0 0.96344279935 0.0
28.0 1.04322286358 0.0
171.0 0.909263893139 0.0
187.0 0.0956675022757 0.0
151.0 1.06345611761 0.0
79.0 1.05103034581 0.0
61.0 3.9556972945 1.0
object 94	1.0:0.5 2.05239619112:0.5
171.0 1.01127976142 0.0
136.0 0.915273280342 0.0
24.0 2.05739468953 1.0
81.0 1.06528438546 0.0
108.0 2.05917899626 1.0
126.0 2.07778546972 1.0
41.0 1.05142027227 0.0
176.0 1.02416070677 0.0
12.0 2.03682687141 1.0
59.0 1.97327269716 1.0
169.0 2.11122818178 1.0
21.0 1.04490443865 0.0
158.0 0.922156641123 0.0
47.0 2.05160838868 1.0
67.0 2.04272284714 1.0
166.0 1.0388377 0.0
183.0 -0.980890043204 0.0
54.0 2.05695118129 1.0
101.0 0.926342724489 0.0
63.0 2.01498368141 1.0
87.0 2.02166485866 1.0
151.0 2.05786348353 1.0
50.0 1.05270985406 0.0
1.0 0.978178471576 0.0
38.0 2.04537610985 1.0
object 95	1.0:0.5 13.9671040481:0.5
77.0 0.979048715995 0.0
126.0 13.912634668 1.0
124.0 0.994625485994 0.0
197.0 -0.21203961954 0.0
121.0 13.9151952237 1.0
110.0 13.888506079 1.0
27.0 13.9785033897 1.0
26.0 13.9035433657 1.0
127.0 0.923020414949 0.0
13.0 0.908364908825 0.0
65.0 13.9805012121 1.0
195.0 16.1139193269 1.0
33.0 13.9222141513 1.0
62.0 0.98756859641 0.0
79.0 13.9348717761 1.0
120.0 13.9970713356 1.0
104.0 13.880144786 1.0
36.0 14.027196527 1.0
25.0 1.01432819544 0.0
125.0 13.8416309946 1.0
189.0 10.9037805239 1.0
84.0 14.0367759742 1.0
122.0 14.0372921643 1.0
185.0 3.95602055297 0.0
96.0 0.965920447037 0.0
3.0 0.995133058327 0.0
5.0 13.9398902888 1.0
29.0 1.03809877431 0.0
35.0 13.964908921 1.0
150.0 1.02382106569 0.0
42.0 0.984838652199 0.0
70.0 13.9742858133 1.0
9.0 0.976805499746 0.0
100.0 14.0097670728 1.0
17.0 0.940910325996 0.0
object 96	1.0:0.5 2.11173692433:0.5
106.0 2.03278261485 1.0
74.0 2.11420962482 1.0
120.0 2.09166676022 1.0
121.0 0.917214731521 0.0
60.0 1.02500367787 0.0
144.0 0.896410575352 0.0
105.0 2.1471040823 1.0
47.0 0.935319951709 0.0
21.0 2.20756355064 1.0
63.0 2.08481532315 1.0
79.0 0.916523873963 0.0
172.0 2.05614976996 1.0
169.0 2.10642198701 1.0
57.0 1.07664050993 0.0
115.0 1.08142204501 0.0
107.0 2.15549353031 1.0
153.0 0.947054121976 0.0
133.0 0.95290174774 0.0
69.0 2.09592069681 1.0
52.0 1.06695114265 0.0
122.0 2.10859616234 1.0
13.0 2.06141881358 1.0
104.0 0.982757791036 0.0
116.0 1.03530474064 0.0
112.0 2.01496988616 1.0
70.0 2.17038590283 1.0
124.0 2.0908430781 1.0
4.0 2.10962240904 1.0
7.0 2.14404389156 1.0
198.0 -0.798592729411 0.0
50.0 2.11675530726 1.0
67.0 0.930120102644 0.0
41.0 1.04602630661 0.0
73.0 2.06842562488 1.0
126.0 2.17841731003 1.0
78.0 2.09114579124 1.0
85.0 0.975053373054 0.0
99.0 2.11203186288 1.0
object 97	1.0:0.5 1.99673999216:0.5
5.0 1.08984465861 0.0
47.0 0.994268970576 0.0
21.0 2.00190514134 1.0
67.0 0.966758940705 0.0
159.0 0.977440904198 0.0
186.0 -0.609945455312 0.0
120.0 1.01275529751 0.0
76.0 1.90664137319 1.0
170.0 1.08188209697 0.0
81.0 1.91372504181 1.0
126.0 1.96717768585 1.0
175.0 1.08477096438 0.0
133.0 1.0350950111 0.0
127.0 2.02936776697 1.0
129.0 1.05231940549 0.0
100.0 1.03418218154 0.0
160.0 0.981250284734 0.0
98.0 2.03978919178 1.0
162.0 1.04161407611 0.0
145.0 2.09002356319 1.0
197.0 -1.47032694589 0.0
23.0 1.95085863334 1.0
164.0 2.04673787281 1.0
165.0 0.894472692262 0.0
83.0 2.00064580807 1.0
62.0 1.06823979078 0.0
156.0 1.09793487685 0.0
184.0 4.01363729326 0.0
48.0 0.922797541602 0.0
153.0 1.0409924226 0.0
42.0 1.03078928454 0.0
104.0 0.979977381956 0.0
161.0 1.06068786049 0.0
136.0 1.00655818034 0.0
189.0 -1.35863210145 1.0
25.0 1.97467730478 1.0
176.0 1.92592455005 1.0
18.0 2.01696333128 1.0
74.0 2.06732118768 1.0
116.0 0.944306604647 0.0
158.0 0.980150490727 0.0
90.0 1.0898011385 0.0
183.0 0.450861749396 0.0
object 98	1.0:0.5 -2.1075947801:0.5
33.0 -2.05241709237 1.0
124.0 -2.10658857898 1.0
125.0 -2.12288720061 1.0
40.0 1.04751195494 0.0
143.0 -2.10244727569 1.0
59.0 -2.15687647991 1.0
159.0 0.95324853698 0.0
155.0 -2.13907625007 1.0
123.0 1.02043433267 0.0
178.0 1.00451986664 0.0
150.0 1.07028035741 0.0
135.0 -2.10712854852 1.0
21.0 1.10887702375 0.0
87.0 1.06121645976 0.0
141.0 -2.1394296526 1.0
186.0 -0.57362207833 1.0
138.0 -2.13661089605 1.0
89.0 1.05792732592 0.0
20.0 -2.13472906828 1.0
112.0 0.993681824084 0.0
29.0 -2.16083014011 1.0
173.0 0.945414406372 0.0
151.0 1.02933345731 0.0
191.0 7.4016581161 0.0
82.0 -2.14472374587 1.0
86.0 -2.05747034997 1.0
126.0 -2.10761867954 1.0
134.0 -2.12114187519 1.0
0.0 0.971166623209 0.0
128.0 -2.1014798713 1.0
136.0 0.934713568677 0.0
50.0 0.937507809905 0.0
object 99	1.0:0.5 -5.83334022516:0.5
117.0 -5.90818781033 1.0
107.0 1.00652052485 0.0
180.0 -4.0703313684 0.0
162.0 -5.87809857315 1.0
157.0 0.97534607365 0.0
198.0 1.29906772119 0.0
115.0 -5.88088274008 1.0
114.0 -5.82932230352 1.0
187.0 -2.40382559547 1.0
160.0 0.963854033457 0.0
14.0 -5.78248250485 1.0
52.0 1.09981875986 0.0
96.0 -5.86032847354 1.0
113.0 0.957524926568 0.0
71.0 -5.72139082902 1.0
173.0 -5.84649582254 1.0
165.0 0.986959461918 0.0
123.0 1.04685161021 0.0
195.0 -5.13544290706 1.0
94.0 -5.81284908688 1.0
145.0 0.959321314844 0.0
122.0 1.03604225461 0.0
148.0 -5.83315104095 1.0
193.0 0.846705382025 0.0
