object 0	1.0:1.0
176.0 -0.958817341922 1.0
145.0 5.81191582071 1.0
191.0 0.441283125206 1.0
116.0 0.972712969029 1.0
15.0 0.971302191861 1.0
153.0 -2.84309230919 1.0
149.0 4.49707160315 1.0
195.0 -2.73116784073 1.0
129.0 1.00188301682 1.0
88.0 1.00519512228 1.0
121.0 1.01116246397 1.0
18.0 0.97378252327 1.0
137.0 1.01319503715 1.0
70.0 1.03411245293 1.0
17.0 0.980309767621 1.0
113.0 0.994901349031 1.0
19.0 1.01863320448 1.0
82.0 1.00425723804 1.0
59.0 0.995499358738 1.0
99.0 0.99737303705 1.0
91.0 0.967294815789 1.0
95.0 0.991807977947 1.0
128.0 0.975457497435 1.0
132.0 0.983479970316 1.0
55.0 0.937508685361 1.0
33.0 0.950833842152 1.0
111.0 1.06667353194 1.0
198.0 -5.66767592756 1.0
159.0 1.20902621364 1.0
182.0 0.973055850823 1.0
object 1	1.0:1.0
189.0 2.79164178286 1.0
141.0 -4.27691106323 1.0
96.0 0.983088798774 1.0
85.0 1.01142887109 1.0
42.0 0.978458003017 1.0
162.0 -2.85046915069 1.0
46.0 1.02645835885 1.0
50.0 0.97599652925 1.0
149.0 0.469843782223 1.0
3.0 0.996855193645 1.0
172.0 -1.02213766947 1.0
70.0 1.02968931242 1.0
54.0 1.01593180732 1.0
118.0 0.956099810679 1.0
150.0 5.2778609658 1.0
155.0 1.93170325354 1.0
41.0 0.980067780414 1.0
182.0 7.30748558646 1.0
131.0 0.995789922442 1.0
45.0 0.9914430469 1.0
154.0 -0.0633282828461 1.0
47.0 1.01095856817 1.0
196.0 -0.0175314719892 1.0
188.0 5.46837423526 1.0
157.0 0.499997774481 1.0
173.0 4.73432847513 1.0
81.0 0.981979446177 1.0
179.0 0.625760343254 1.0
169.0 -2.01310544927 1.0
11.0 1.01298546412 1.0
83.0 0.976028056897 1.0
95.0 1.03551154021 1.0
object 2	1.0:1.0
121.0 1.00151790062 1.0
126.0 0.991463145038 1.0
158.0 2.57806593026 1.0
3.0 0.986384497653 1.0
46.0 0.956681890677 1.0
142.0 2.99586190704 1.0
80.0 1.01143612029 1.0
190.0 -2.25376302973 1.0
134.0 1.00603766966 1.0
93.0 0.99883134603 1.0
193.0 0.830894692453 1.0
47.0 1.05672633817 1.0
69.0 0.999752999393 1.0
104.0 0.988757587981 1.0
33.0 1.02601191217 1.0
65.0 1.02138708317 1.0
39.0 1.05042093539 1.0
88.0 0.99115580732 1.0
179.0 0.664216287435 1.0
133.0 1.00786564772 1.0
188.0 -0.0464254301459 1.0
16.0 1.00524109724 1.0
163.0 0.978441628238 1.0
143.0 -5.70581035398 1.0
175.0 0.299211115628 1.0
object 3	1.0:1.0
155.0 2.57755101762 1.0
26.0 1.01384250379 1.0
111.0 0.96016991306 1.0
96.0 0.990407643113 1.0
186.0 0.845767147093 1.0
100.0 0.983494150651 1.0
33.0 0.983038595307 1.0
77.0 1.00107686373 1.0
199.0 -3.64349949033 1.0
177.0 5.46096535558 1.0
165.0 0.585876328864 1.0
95.0 1.04053424213 1.0
93.0 1.00930175121 1.0
10.0 1.01031485477 1.0
137.0 0.916579712225 1.0
36.0 1.03571891139 1.0
67.0 1.00420506939 1.0
159.0 2.26526866808 1.0
152.0 -1.82807506323 1.0
148.0 3.39229882272 1.0
150.0 2.05977503512 1.0
3.0 1.00992083318 1.0
62.0 0.976429545684 1.0
21.0 1.05262260206 1.0
190.0 -2.0019082657 1.0
object 4	1.0:1.0
54.0 1.04523831579 1.0
127.0 1.04335341754 1.0
123.0 0.990794925408 1.0
13.0 0.998962275865 1.0
96.0 0.973339006653 1.0
132.0 1.01330726015 1.0
72.0 0.999403836986 1.0
163.0 -0.743549445752 1.0
9.0 0.97447759523 1.0
48.0 1.02623020351 1.0
189.0 3.51188214641 1.0
78.0 1.01382391123 1.0
175.0 0.813970984303 1.0
128.0 0.970663789645 1.0
160.0 1.14473586564 1.0
194.0 -0.469771512984 1.0
7.0 1.03664612032 1.0
14.0 0.991467628204 1.0
15.0 1.00018884251 1.0
56.0 1.01420134287 1.0
42.0 1.02416085386 1.0
17.0 1.0280205727 1.0
138.0 0.966857891932 1.0
26.0 0.945830163265 1.0
1.0 1.0084690944 1.0
57.0 0.957309708914 1.0
50.0 0.956848981084 1.0
73.0 0.988199668468 1.0
44.0 0.988714393822 1.0
114.0 0.996735362159 1.0
39.0 0.976719279671 1.0
159.0 1.11919420245 1.0
34.0 0.986165076289 1.0
object 5	1.0:1.0
109.0 0.984232360605 1.0
7.0 1.10942539166 1.0
49.0 0.929413064649 1.0
119.0 1.0729489435 1.0
141.0 -3.71319630178 1.0
17.0 0.992826944856 1.0
137.0 0.962791493015 1.0
179.0 2.72971197899 1.0
60.0 0.952292733121 1.0
36.0 0.996658167533 1.0
196.0 -2.23669081087 1.0
152.0 3.22690205151 1.0
111.0 0.974211068794 1.0
56.0 1.00011588564 1.0
168.0 -1.68231888393 1.0
149.0 -2.05251859381 1.0
88.0 1.02200549044 1.0
39.0 1.00659827157 1.0
190.0 -1.34277968399 1.0
31.0 0.971688594888 1.0
89.0 1.0389363198 1.0
object 6	1.0:1.0
22.0 0.991771336827 1.0
92.0 0.997475019095 1.0
57.0 0.95118159261 1.0
126.0 0.995473891931 1.0
163.0 -2.5017882882 1.0
105.0 0.985935585018 1.0
40.0 0.964709944741 1.0
121.0 1.01560166782 1.0
181.0 -0.369924876102 1.0
64.0 1.05609649633 1.0
144.0 0.112972365771 1.0
2.0 0.973001413659 1.0
161.0 12.1262106635 1.0
13.0 1.06557624841 1.0
31.0 0.983851704901 1.0
17.0 1.0196891268 1.0
198.0 5.77228463783 1.0
156.0 0.793635137258 1.0
26.0 1.00809883769 1.0
112.0 1.06009320873 1.0
107.0 0.983174033606 1.0
10.0 1.05747422365 1.0
87.0 1.00903424513 1.0
145.0 4.93884496161 1.0
160.0 -0.0326582871051 1.0
27.0 1.00683547367 1.0
143.0 -2.18625113132 1.0
131.0 0.993986063902 1.0
154.0 4.28637473127 1.0
158.0 -7.02465635854 1.0
149.0 3.02098052749 1.0
object 7	1.0:1.0
106.0 0.989249520988 1.0
130.0 0.917671550377 1.0
6.0 0.982105641779 1.0
56.0 0.993225777761 1.0
63.0 1.01807844456 1.0
2.0 1.06101497714 1.0
50.0 0.952788074747 1.0
185.0 2.57198954303 1.0
90.0 0.998045500279 1.0
128.0 0.992262301475 1.0
186.0 3.05278131333 1.0
4.0 1.01759026607 1.0
190.0 6.80267325564 1.0
52.0 1.00528266872 1.0
68.0 1.01077191563 1.0
180.0 0.645373629363 1.0
70.0 0.933176261986 1.0
132.0 1.0178151385 1.0
17.0 0.997467438911 1.0
59.0 1.01120526056 1.0
122.0 1.03041716478 1.0
86.0 1.02583322693 1.0
145.0 4.08809243348 1.0
19.0 0.996193030666 1.0
179.0 1.9243523096 1.0
8.0 1.02261497363 1.0
51.0 0.973787769441 1.0
21.0 1.00079549123 1.0
116.0 0.986275038289 1.0
135.0 1.01909201941 1.0
16.0 1.00357050256 1.0
102.0 0.994957095305 1.0
192.0 1.26994141087 1.0
7.0 0.928287230408 1.0
55.0 1.00336771566 1.0
object 8	1.0:1.0
149.0 7.33596389498 1.0
169.0 2.94734773464 1.0
139.0 0.979773745328 1.0
0.0 0.982606063926 1.0
20.0 1.05414341905 1.0
75.0 1.00623520252 1.0
46.0 0.98447569868 1.0
88.0 0.965130703109 1.0
9.0 0.991399582013 1.0
183.0 -0.185691901169 1.0
40.0 1.03774237822 1.0
43.0 0.980017152168 1.0
32.0 0.92156295932 1.0
56.0 1.00834273212 1.0
21.0 0.988860096026 1.0
163.0 -1.23581947006 1.0
179.0 1.44057493798 1.0
104.0 1.0010769953 1.0
60.0 0.983734287022 1.0
object 9	1.0:1.0
20.0 0.999585678302 1.0
117.0 0.987376317498 1.0
0.0 0.980172834633 1.0
133.0 1.01205471953 1.0
37.0 1.0427491399 1.0
83.0 1.01888564442 1.0
21.0 0.984158801154 1.0
12.0 1.00150279431 1.0
150.0 0.418161344475 1.0
87.0 1.02889402625 1.0
156.0 2.95671738344 1.0
62.0 1.01560950446 1.0
177.0 0.260326365607 1.0
178.0 0.470002667922 1.0
175.0 0.373278214632 1.0
61.0 0.996528199296 1.0
188.0 1.03652801002 1.0
33.0 0.901382151674 1.0
104.0 1.00083691151 1.0
132.0 1.00350310425 1.0
object 10	1.0:1.0
17.0 0.990868450926 1.0
175.0 1.68618373808 1.0
187.0 4.27774795085 1.0
157.0 0.861637536292 1.0
77.0 0.993192153542 1.0
20.0 0.952298556934 1.0
113.0 0.994844838981 1.0
168.0 1.54390929239 1.0
5.0 1.00484022691 1.0
51.0 0.959171054248 1.0
125.0 1.10979149038 1.0
171.0 -0.141097475325 1.0
88.0 1.106268496 1.0
121.0 1.00306273977 1.0
11.0 1.05381229976 1.0
132.0 1.00778194453 1.0
151.0 -0.975049096039 1.0
object 11	1.0:1.0
139.0 1.01684613284 1.0
167.0 8.67012284139 1.0
43.0 0.977269831126 1.0
137.0 1.01755263008 1.0
53.0 1.00799099904 1.0
27.0 0.9932691842 1.0
35.0 0.966222430592 1.0
13.0 1.03357090394 1.0
102.0 0.94545385091 1.0
86.0 0.98554544927 1.0
117.0 0.949512190275 1.0
179.0 1.6322508798 1.0
34.0 1.02254272058 1.0
1.0 0.983221019711 1.0
147.0 0.627528584257 1.0
156.0 -0.162973332568 1.0
125.0 1.09946431842 1.0
19.0 0.993604583457 1.0
55.0 1.01552302237 1.0
123.0 0.982377532071 1.0
192.0 0.678696380211 1.0
194.0 1.49037751272 1.0
145.0 -2.67714616252 1.0
196.0 0.513706924634 1.0
180.0 5.17211176828 1.0
54.0 0.986460867711 1.0
object 12	1.0:1.0
141.0 -5.3338602864 1.0
170.0 0.653532650645 1.0
139.0 1.00908494806 1.0
74.0 1.01519015834 1.0
16.0 0.978674055672 1.0
41.0 0.997442653583 1.0
21.0 0.96700608576 1.0
92.0 0.995155726893 1.0
15.0 1.05296276443 1.0
6.0 0.989682062807 1.0
187.0 4.55565156675 1.0
35.0 0.995391218377 1.0
101.0 1.01853147848 1.0
69.0 0.991655574213 1.0
58.0 0.969872085382 1.0
161.0 0.292159052397 1.0
71.0 1.0256561805 1.0
123.0 1.00320784221 1.0
17.0 0.984111483837 1.0
57.0 1.03873772955 1.0
89.0 1.10915514192 1.0
44.0 1.01019008192 1.0
165.0 0.848336124058 1.0
object 13	1.0:1.0
115.0 0.990313303119 1.0
14.0 1.00596217554 1.0
142.0 -2.35608862645 1.0
155.0 -1.56674633356 1.0
139.0 1.00352487244 1.0
126.0 1.00545812036 1.0
19.0 1.00190666704 1.0
122.0 1.02630444244 1.0
131.0 0.975699426934 1.0
65.0 0.974475885776 1.0
25.0 1.0238895596 1.0
80.0 1.00525832087 1.0
82.0 0.990141104602 1.0
45.0 0.985160809297 1.0
68.0 1.08780325349 1.0
121.0 1.0079158971 1.0
148.0 0.497049562825 1.0
119.0 0.939492002531 1.0
179.0 1.80157037588 1.0
123.0 1.00305370417 1.0
71.0 0.99226944019 1.0
27.0 0.996772532225 1.0
object 14	1.0:1.0
172.0 -0.454828293986 1.0
78.0 1.01381703437 1.0
20.0 1.03569784236 1.0
100.0 0.999006297874 1.0
49.0 0.989971028801 1.0
9.0 1.0053980381 1.0
197.0 4.12969539138 1.0
137.0 1.01917137231 1.0
119.0 1.01359443885 1.0
183.0 -2.51575902827 1.0
13.0 1.02916494754 1.0
7.0 0.984629927909 1.0
120.0 1.03159961346 1.0
175.0 0.0154638154795 1.0
195.0 13.8632571914 1.0
53.0 0.995627499822 1.0
66.0 1.02783298697 1.0
object 15	1.0:1.0
113.0 1.01220645956 1.0
142.0 6.00616393412 1.0
180.0 -3.02867716595 1.0
118.0 1.0126050244 1.0
135.0 1.01363214356 1.0
105.0 1.01928651653 1.0
83.0 1.0502204256 1.0
77.0 1.02625926963 1.0
198.0 -2.46331056635 1.0
28.0 0.935779632176 1.0
14.0 0.983655321957 1.0
173.0 0.590079737793 1.0
94.0 1.05109410558 1.0
117.0 0.994681369683 1.0
140.0 -2.90545776938 1.0
145.0 -3.16767291583 1.0
101.0 0.96760510735 1.0
13.0 0.969083933426 1.0
61.0 0.947742741941 1.0
64.0 0.956106572521 1.0
106.0 1.00521127889 1.0
125.0 0.907557519259 1.0
128.0 0.985103805924 1.0
89.0 0.952945437491 1.0
196.0 -0.972678158587 1.0
object 16	1.0:1.0
176.0 -0.99505792356 1.0
65.0 0.973301371695 1.0
93.0 1.00956847831 1.0
168.0 0.769410298786 1.0
130.0 0.870752213652 1.0
32.0 0.981881800988 1.0
158.0 1.020982825 1.0
190.0 1.73872485645 1.0
104.0 1.00367393572 1.0
121.0 1.00794882516 1.0
185.0 1.30995917223 1.0
45.0 0.962114985547 1.0
107.0 1.02632603166 1.0
17.0 0.99495414612 1.0
28.0 0.998408190116 1.0
175.0 0.507005800833 1.0
183.0 7.96222533615 1.0
99.0 1.01092240963 1.0
26.0 1.00210735373 1.0
173.0 0.944436931403 1.0
66.0 1.04444346413 1.0
181.0 3.20182475511 1.0
118.0 1.00582154617 1.0
189.0 1.15775110934 1.0
147.0 0.196425877649 1.0
160.0 1.06845633339 1.0
137.0 0.985435918797 1.0
object 17	1.0:1.0
125.0 0.981770765385 1.0
114.0 1.06556237773 1.0
36.0 0.931976279793 1.0
65.0 0.938673587314 1.0
160.0 2.42185190978 1.0
94.0 0.977414820809 1.0
29.0 1.02093818578 1.0
117.0 1.0132675064 1.0
105.0 0.972914961426 1.0
49.0 1.00432112005 1.0
87.0 0.97461285286 1.0
6.0 0.999981189993 1.0
34.0 1.04308867464 1.0
120.0 1.00712585049 1.0
151.0 1.82983541714 1.0
8.0 0.992816391972 1.0
5.0 1.00553197303 1.0
70.0 0.969475369875 1.0
167.0 -0.81141099918 1.0
172.0 3.03323444403 1.0
111.0 1.02888479963 1.0
194.0 5.41273446151 1.0
37.0 1.01815430303 1.0
134.0 0.95799360656 1.0
89.0 0.960959511194 1.0
object 18	1.0:1.0
60.0 1.06543927518 1.0
174.0 1.15397132182 1.0
94.0 1.06480350529 1.0
108.0 1.00856619841 1.0
25.0 0.969207086612 1.0
51.0 0.964944784031 1.0
27.0 0.997824822581 1.0
61.0 0.910609240772 1.0
24.0 0.98473068962 1.0
87.0 1.00027108007 1.0
144.0 2.25358747874 1.0
140.0 -0.528490066103 1.0
4.0 1.02124435256 1.0
168.0 -0.283613713696 1.0
112.0 1.10601567098 1.0
191.0 -2.73878035112 1.0
47.0 0.968087085647 1.0
43.0 0.989429839358 1.0
53.0 1.00056285321 1.0
34.0 0.978221511334 1.0
139.0 1.0083709897 1.0
146.0 2.355348956 1.0
object 19	1.0:1.0
156.0 -1.7883683305 1.0
41.0 0.971992099052 1.0
129.0 0.999070285162 1.0
111.0 1.01727254393 1.0
144.0 0.336737826822 1.0
86.0 1.00358520094 1.0
18.0 0.986061199378 1.0
80.0 1.03819832742 1.0
128.0 1.02966866626 1.0
166.0 0.219517909376 1.0
162.0 3.88186439637 1.0
46.0 0.997986960021 1.0
177.0 2.07481443524 1.0
103.0 1.04561612996 1.0
194.0 1.50236968047 1.0
70.0 1.03719528796 1.0
25.0 1.00672544026 1.0
20.0 0.999399194015 1.0
79.0 0.994700539626 1.0
38.0 0.926642052479 1.0
131.0 0.970101631983 1.0
158.0 3.83744771957 1.0
115.0 1.04808231918 1.0
145.0 -1.12483078479 1.0
193.0 4.52409778919 1.0
63.0 0.992847907413 1.0
113.0 1.00800686019 1.0
134.0 1.0191695396 1.0
15.0 1.02988682748 1.0
object 20	1.0:1.0
103.0 0.975095086714 1.0
186.0 -2.04836297473 1.0
129.0 1.0031135023 1.0
112.0 1.05655343489 1.0
70.0 1.00301816594 1.0
141.0 2.42914097049 1.0
175.0 0.204420687592 1.0
75.0 0.984026732343 1.0
183.0 -2.64487667409 1.0
30.0 0.99796193778 1.0
193.0 -4.90130513145 1.0
1.0 0.993960462638 1.0
191.0 1.69102653069 1.0
56.0 0.999696833695 1.0
68.0 1.05908573642 1.0
93.0 0.990922680107 1.0
41.0 1.00969967456 1.0
84.0 1.00393348219 1.0
52.0 1.01060229541 1.0
57.0 0.959217826663 1.0
99.0 1.03307968539 1.0
6.0 1.03855348426 1.0
136.0 1.00675849325 1.0
104.0 1.00459216716 1.0
47.0 0.995980873872 1.0
154.0 3.42833105884 1.0
81.0 0.981969115806 1.0
23.0 0.976367543962 1.0
46.0 1.0150999385 1.0
55.0 1.0413992381 1.0
76.0 1.04513199867 1.0
97.0 0.946614280011 1.0
126.0 1.04618113254 1.0
110.0 0.970252067515 1.0
19.0 1.02527110863 1.0
object 21	1.0:1.0
134.0 1.04058107167 1.0
31.0 0.939412652341 1.0
198.0 3.8925436642 1.0
36.0 1.03316176507 1.0
26.0 0.987480909707 1.0
7.0 0.925440831025 1.0
142.0 -1.51102681906 1.0
164.0 -2.69515326655 1.0
76.0 1.03341216833 1.0
179.0 -0.121670572896 1.0
90.0 1.03332418208 1.0
69.0 0.984553943357 1.0
75.0 1.02169144597 1.0
54.0 1.05218117998 1.0
83.0 1.04226261017 1.0
163.0 4.85484162682 1.0
135.0 0.997938295709 1.0
14.0 1.01869781163 1.0
189.0 2.36910674908 1.0
95.0 1.04561269709 1.0
object 22	1.0:1.0
97.0 0.922033370123 1.0
72.0 0.972553799321 1.0
132.0 1.00136033991 1.0
0.0 1.01490838401 1.0
106.0 1.10352858827 1.0
54.0 0.997223605518 1.0
145.0 7.40280549329 1.0
158.0 -1.30562313921 1.0
196.0 0.997621574444 1.0
141.0 4.41522844043 1.0
43.0 0.968235535441 1.0
144.0 -0.74682490633 1.0
47.0 0.943640471028 1.0
26.0 0.921196071785 1.0
91.0 0.978702735594 1.0
87.0 1.00790911422 1.0
173.0 1.02111717852 1.0
90.0 0.998960065267 1.0
41.0 1.00985547328 1.0
191.0 1.54885866221 1.0
5.0 0.982929187107 1.0
177.0 3.751951831 1.0
183.0 -3.9288094664 1.0
79.0 0.978857046587 1.0
44.0 1.0209829713 1.0
55.0 0.99697143403 1.0
33.0 0.982989382607 1.0
11.0 0.988396268238 1.0
77.0 0.968277562283 1.0
186.0 4.52575601936 1.0
66.0 1.00047933907 1.0
195.0 -1.14945137384 1.0
object 23	1.0:1.0
9.0 1.02547193353 1.0
142.0 5.55815848767 1.0
12.0 0.97803463104 1.0
102.0 1.01725894981 1.0
71.0 1.04225488167 1.0
153.0 4.11766657812 1.0
90.0 1.0094794829 1.0
47.0 1.07047332916 1.0
94.0 1.01995611163 1.0
193.0 2.69081214354 1.0
69.0 0.999294412099 1.0
129.0 1.0165409188 1.0
143.0 6.1601029537 1.0
138.0 1.02312862316 1.0
95.0 0.983210179931 1.0
87.0 1.01338980557 1.0
29.0 1.00597214543 1.0
158.0 -1.88307833871 1.0
42.0 1.01295862355 1.0
197.0 -1.03521659639 1.0
172.0 3.13714428481 1.0
object 24	1.0:1.0
102.0 0.984935863813 1.0
127.0 1.02303431905 1.0
118.0 0.972462297803 1.0
61.0 1.09428881291 1.0
99.0 0.992073941 1.0
88.0 0.885189132629 1.0
5.0 0.977933457684 1.0
89.0 0.993962403496 1.0
161.0 8.82134553765 1.0
135.0 1.01489695076 1.0
190.0 0.353020106407 1.0
122.0 0.978746629933 1.0
28.0 1.06025308355 1.0
64.0 0.952090672634 1.0
172.0 -5.59153706243 1.0
86.0 0.909409311122 1.0
73.0 1.02580392448 1.0
83.0 1.10045358719 1.0
184.0 4.24108319989 1.0
175.0 2.42533518297 1.0
18.0 0.967814945566 1.0
97.0 0.96750593037 1.0
79.0 0.969719522199 1.0
159.0 1.76256238615 1.0
object 25	1.0:1.0
45.0 0.99908194645 1.0
145.0 7.39604765257 1.0
86.0 1.06737279633 1.0
4.0 1.03994730834 1.0
33.0 0.944679524384 1.0
17.0 1.01559165471 1.0
25.0 0.989752357159 1.0
97.0 0.975253323916 1.0
92.0 1.02611026785 1.0
48.0 0.96489606273 1.0
104.0 1.01946378596 1.0
169.0 -0.831204148181 1.0
181.0 3.30887713094 1.0
30.0 0.998437202513 1.0
178.0 0.304444629415 1.0
5.0 0.992423691015 1.0
136.0 1.00317686947 1.0
183.0 0.13752059633 1.0
135.0 1.00164688888 1.0
65.0 1.02785136268 1.0
76.0 0.989954805929 1.0
14.0 0.990194980731 1.0
84.0 1.00112686473 1.0
173.0 2.98268781953 1.0
149.0 -6.12127017795 1.0
62.0 0.968152795105 1.0
47.0 1.02724502014 1.0
42.0 0.992808225736 1.0
162.0 4.13285933284 1.0
13.0 1.1034994704 1.0
object 26	1.0:1.0
58.0 0.965298209197 1.0
155.0 8.20428079829 1.0
25.0 1.01967696064 1.0
46.0 1.00840904213 1.0
79.0 1.06180862665 1.0
159.0 -1.8321649319 1.0
115.0 0.982707006843 1.0
0.0 1.00302389146 1.0
103.0 0.977745114093 1.0
130.0 0.979278080051 1.0
82.0 1.00186863254 1.0
173.0 0.879198395073 1.0
70.0 0.95124117031 1.0
176.0 0.437857843855 1.0
188.0 10.4639045563 1.0
23.0 1.00504784201 1.0
185.0 4.24877026077 1.0
182.0 -6.62485860858 1.0
26.0 1.00570048883 1.0
153.0 1.72815200295 1.0
66.0 1.02536560956 1.0
194.0 2.75438650174 1.0
178.0 0.338032381774 1.0
57.0 1.04359297926 1.0
94.0 0.979557036193 1.0
104.0 1.02372707395 1.0
20.0 1.09394044811 1.0
object 27	1.0:1.0
28.0 1.02565975585 1.0
13.0 1.02744234464 1.0
50.0 1.07202615661 1.0
10.0 0.992440864421 1.0
141.0 3.69817188708 1.0
159.0 1.5424591202 1.0
103.0 0.920605670604 1.0
87.0 0.970762781853 1.0
180.0 0.45586461213 1.0
154.0 -1.61633044083 1.0
179.0 -0.274462604919 1.0
object 28	1.0:1.0
123.0 1.01940378706 1.0
60.0 0.977572713592 1.0
99.0 0.983839212437 1.0
165.0 1.19892454868 1.0
66.0 1.04195061141 1.0
166.0 1.4036794262 1.0
26.0 0.986298428088 1.0
163.0 2.62599952692 1.0
110.0 0.985604967329 1.0
100.0 1.03758215505 1.0
136.0 0.998285904257 1.0
75.0 1.02726838896 1.0
109.0 1.0064804014 1.0
53.0 1.01666765153 1.0
173.0 -6.87048170831 1.0
112.0 0.976412155402 1.0
68.0 0.955328854616 1.0
5.0 0.993901449962 1.0
32.0 0.937881102292 1.0
97.0 1.01919992533 1.0
object 29	1.0:1.0
106.0 0.998906444226 1.0
146.0 3.53122017016 1.0
109.0 1.00707034518 1.0
20.0 0.897685917261 1.0
64.0 1.05317180683 1.0
39.0 0.93734672211 1.0
31.0 0.998931473453 1.0
192.0 -1.35573824492 1.0
80.0 1.02870324202 1.0
42.0 0.989805676606 1.0
159.0 1.67056683 1.0
94.0 0.952923906425 1.0
6.0 0.989213577765 1.0
103.0 0.987141020392 1.0
131.0 0.982847520695 1.0
189.0 -1.21056559876 1.0
59.0 0.98240864682 1.0
163.0 3.09689997712 1.0
object 30	1.0:1.0
119.0 1.00374574699 1.0
64.0 0.955925385176 1.0
118.0 1.06333787741 1.0
23.0 0.995859383746 1.0
191.0 1.82352734591 1.0
39.0 0.958346416919 1.0
10.0 1.064783141 1.0
14.0 1.02051394546 1.0
34.0 1.04145577018 1.0
52.0 0.979361823073 1.0
168.0 2.53484035134 1.0
20.0 1.0366687121 1.0
5.0 1.01647020965 1.0
59.0 1.01765691017 1.0
77.0 1.00051971023 1.0
170.0 2.76150909448 1.0
95.0 1.06187429669 1.0
81.0 1.01976336845 1.0
187.0 4.15277324348 1.0
96.0 1.01713801691 1.0
68.0 1.07115037035 1.0
138.0 0.995536499518 1.0
48.0 1.00093438703 1.0
82.0 1.01659435818 1.0
73.0 0.984932229551 1.0
26.0 0.996315125753 1.0
69.0 0.995263934523 1.0
4.0 1.00714739161 1.0
123.0 1.01870882643 1.0
9.0 0.991656976127 1.0
object 31	1.0:1.0
31.0 0.926993860196 1.0
18.0 1.06737929851 1.0
42.0 0.997763826694 1.0
188.0 1.24461862847 1.0
40.0 0.979784968288 1.0
130.0 1.0161926164 1.0
189.0 0.255143932171 1.0
163.0 4.87006891574 1.0
125.0 1.05106013384 1.0
110.0 0.998896225136 1.0
80.0 0.989000366682 1.0
72.0 0.976671035025 1.0
193.0 1.5744446115 1.0
65.0 1.09019215362 1.0
120.0 1.00338139029 1.0
92.0 1.00953990168 1.0
73.0 0.965005796539 1.0
134.0 0.963047101131 1.0
39.0 0.986146977051 1.0
64.0 0.939871330704 1.0
173.0 0.148029367672 1.0
82.0 0.999230024806 1.0
62.0 1.01016441196 1.0
119.0 0.972802870511 1.0
171.0 -9.04725547206 1.0
68.0 0.998613266639 1.0
84.0 0.98495928872 1.0
26.0 0.988564241744 1.0
116.0 1.00261950757 1.0
191.0 2.11508980595 1.0
43.0 1.01848018673 1.0
111.0 0.962629900663 1.0
96.0 1.00023916491 1.0
79.0 1.05838899329 1.0
object 32	1.0:1.0
43.0 1.01949472041 1.0
139.0 1.01201071659 1.0
121.0 1.00755718446 1.0
176.0 6.18281791249 1.0
89.0 1.10338412593 1.0
131.0 1.02235385965 1.0
98.0 1.03664109363 1.0
76.0 1.04401240765 1.0
41.0 1.0093657383 1.0
144.0 0.566576647463 1.0
107.0 0.989277358999 1.0
84.0 0.99107236498 1.0
129.0 1.01388276815 1.0
195.0 5.7129843737 1.0
87.0 1.04249265673 1.0
152.0 1.58523160293 1.0
47.0 0.966777585655 1.0
175.0 0.0891420430645 1.0
143.0 -2.89644825472 1.0
92.0 1.03323854162 1.0
22.0 0.987346189779 1.0
124.0 0.954912445067 1.0
51.0 0.99431086178 1.0
174.0 -1.68529347856 1.0
106.0 0.977283872913 1.0
165.0 2.44593876622 1.0
36.0 1.04129672941 1.0
69.0 1.01497928011 1.0
119.0 1.02097983329 1.0
193.0 5.12505143117 1.0
29.0 0.998287216736 1.0
19.0 1.02156410483 1.0
133.0 0.981055819388 1.0
188.0 -4.0804252398 1.0
88.0 1.05263428746 1.0
object 33	1.0:1.0
70.0 0.975092029244 1.0
47.0 0.942446230132 1.0
63.0 1.01178646302 1.0
59.0 0.977628928299 1.0
78.0 1.0217196815 1.0
155.0 0.0619755173564 1.0
106.0 1.04572115475 1.0
1.0 0.990929279698 1.0
85.0 0.982972843173 1.0
198.0 1.86175382883 1.0
14.0 0.978119209383 1.0
126.0 1.02420081998 1.0
103.0 1.04595753712 1.0
158.0 4.19126531384 1.0
23.0 0.99190871949 1.0
46.0 1.00063062473 1.0
193.0 -0.433056916088 1.0
139.0 0.989579845408 1.0
110.0 0.999714693924 1.0
171.0 3.20439043767 1.0
183.0 0.688689597359 1.0
101.0 1.06589619622 1.0
94.0 0.980937328956 1.0
object 34	1.0:1.0
44.0 0.984692492268 1.0
84.0 1.00108262001 1.0
53.0 0.983149329464 1.0
165.0 -0.136493456055 1.0
12.0 0.991424927978 1.0
40.0 0.987148491807 1.0
190.0 1.37883784857 1.0
71.0 1.04495604295 1.0
49.0 0.987089481361 1.0
42.0 0.991528675852 1.0
78.0 0.984034022877 1.0
105.0 0.976351372991 1.0
185.0 1.04843603203 1.0
186.0 -1.99461133197 1.0
41.0 0.994617661691 1.0
9.0 0.951478061621 1.0
75.0 0.946762943421 1.0
35.0 0.962854780454 1.0
121.0 1.00904828438 1.0
143.0 6.69974542264 1.0
50.0 1.04052099962 1.0
14.0 0.983430722535 1.0
96.0 1.03691153035 1.0
48.0 1.0113259967 1.0
23.0 1.00011340141 1.0
187.0 0.485864590776 1.0
16.0 0.988328902781 1.0
156.0 3.06501457934 1.0
192.0 -0.594785690793 1.0
89.0 0.975842290026 1.0
122.0 0.97343843595 1.0
83.0 0.941552934795 1.0
108.0 1.00391178981 1.0
161.0 -1.23463506488 1.0
45.0 0.991240834555 1.0
object 35	1.0:1.0
138.0 0.95104298472 1.0
56.0 0.986890110678 1.0
74.0 0.996644875481 1.0
42.0 1.02701089621 1.0
2.0 1.00912676159 1.0
57.0 0.96647082494 1.0
197.0 -0.850929400955 1.0
92.0 0.958279372921 1.0
162.0 -1.92565423796 1.0
43.0 0.995614381792 1.0
77.0 1.0639704205 1.0
39.0 0.993056723938 1.0
193.0 3.04022395535 1.0
114.0 1.01637682374 1.0
13.0 0.997147544748 1.0
14.0 1.009059221 1.0
38.0 0.983556193577 1.0
131.0 1.00930843357 1.0
41.0 1.00983375132 1.0
1.0 0.998629539523 1.0
149.0 3.61040110463 1.0
85.0 1.03882590047 1.0
59.0 1.00260437677 1.0
37.0 1.02365590262 1.0
100.0 1.03374193148 1.0
88.0 1.01346235277 1.0
91.0 1.06290052027 1.0
101.0 0.913452429353 1.0
16.0 0.972623746688 1.0
6.0 0.945968219105 1.0
129.0 0.979826326236 1.0
12.0 1.00336762071 1.0
94.0 0.985861949555 1.0
object 36	1.0:1.0
174.0 2.6138251073 1.0
63.0 0.995012373839 1.0
152.0 -0.327869358732 1.0
75.0 0.975033371919 1.0
36.0 0.952626925516 1.0
132.0 0.994855680017 1.0
114.0 1.03365509769 1.0
127.0 0.980494187959 1.0
27.0 0.967132370774 1.0
24.0 1.01672584776 1.0
55.0 0.944410033357 1.0
108.0 1.00524187568 1.0
190.0 3.24363173854 1.0
45.0 1.00766031643 1.0
28.0 0.935854672651 1.0
2.0 1.02270251997 1.0
119.0 1.0483596538 1.0
33.0 0.922978601378 1.0
16.0 0.984522382109 1.0
189.0 -0.0563253062943 1.0
51.0 0.949870626038 1.0
161.0 -5.97447044677 1.0
12.0 0.959858633064 1.0
29.0 0.996471106233 1.0
194.0 0.0837847471125 1.0
17.0 1.00583769497 1.0
71.0 0.960809337796 1.0
59.0 1.01403398438 1.0
44.0 0.999934454844 1.0
154.0 0.600174649876 1.0
object 37	1.0:1.0
65.0 0.989334197333 1.0
20.0 0.968885725111 1.0
122.0 0.992154565566 1.0
104.0 1.01015805084 1.0
151.0 2.07120630532 1.0
73.0 1.06595245197 1.0
58.0 0.983402794775 1.0
56.0 1.0039208299 1.0
186.0 0.854493938042 1.0
171.0 1.50853913344 1.0
108.0 0.984790460792 1.0
88.0 1.06283432281 1.0
118.0 1.02250006954 1.0
184.0 -0.426800003624 1.0
object 38	1.0:1.0
194.0 3.5511684406 1.0
187.0 0.716887278695 1.0
169.0 5.01247203805 1.0
53.0 1.0198306528 1.0
12.0 1.00224203472 1.0
100.0 1.01164784438 1.0
47.0 1.02550114225 1.0
67.0 1.02443530209 1.0
182.0 -2.99261133448 1.0
22.0 1.09097859113 1.0
78.0 0.976411081032 1.0
32.0 0.986241234088 1.0
138.0 1.02428584261 1.0
126.0 1.00868757912 1.0
25.0 1.00421661777 1.0
98.0 0.969461536151 1.0
181.0 -1.50542418185 1.0
60.0 0.953790788536 1.0
33.0 0.96148742631 1.0
101.0 1.03936060001 1.0
132.0 0.996979285696 1.0
59.0 1.02168467608 1.0
54.0 0.997674497874 1.0
192.0 1.86752692212 1.0
175.0 2.93518500207 1.0
object 39	1.0:1.0
24.0 1.00412323582 1.0
55.0 1.04609487424 1.0
96.0 1.036409078 1.0
190.0 0.544008461846 1.0
63.0 1.02008060071 1.0
22.0 1.01483964212 1.0
199.0 5.19238427985 1.0
99.0 0.99163882409 1.0
118.0 0.942409105373 1.0
69.0 1.00960179156 1.0
105.0 0.991392615726 1.0
198.0 -3.56040047899 1.0
40.0 0.998533019447 1.0
13.0 1.0570838962 1.0
161.0 -1.60877835934 1.0
162.0 -0.912738844207 1.0
131.0 1.0072267711 1.0
78.0 0.968234848969 1.0
39.0 1.04120653163 1.0
object 40	1.0:1.0
138.0 0.993766167166 1.0
182.0 11.9288288928 1.0
93.0 0.9975224787 1.0
114.0 0.987701412556 1.0
156.0 2.33478714586 1.0
193.0 5.05741073341 1.0
111.0 1.02187790207 1.0
169.0 5.42846556687 1.0
98.0 1.01171121265 1.0
36.0 1.03413013531 1.0
43.0 0.999061902325 1.0
65.0 1.0055831398 1.0
142.0 4.55866881491 1.0
25.0 1.01084559803 1.0
19.0 1.00226585433 1.0
2.0 0.979130008968 1.0
79.0 1.05653844138 1.0
127.0 1.00978573973 1.0
131.0 0.998082829077 1.0
117.0 0.958018335173 1.0
139.0 0.967626754529 1.0
28.0 0.976030136639 1.0
196.0 -4.77978998723 1.0
123.0 0.997782377766 1.0
130.0 0.960736900311 1.0
112.0 1.06527458243 1.0
object 41	1.0:1.0
91.0 0.983737051669 1.0
138.0 0.986038976129 1.0
197.0 0.487080561582 1.0
120.0 1.03649363944 1.0
93.0 0.997308637369 1.0
22.0 0.909327206886 1.0
111.0 1.01501341094 1.0
36.0 0.962276694417 1.0
188.0 3.90989829849 1.0
158.0 -4.44863906415 1.0
149.0 2.30367379691 1.0
190.0 -2.94203091084 1.0
25.0 1.03003734842 1.0
62.0 1.02715469205 1.0
133.0 0.994752404486 1.0
103.0 0.968701940831 1.0
56.0 1.00248344245 1.0
10.0 1.03758121935 1.0
110.0 1.01646409404 1.0
63.0 1.0029410434 1.0
object 42	1.0:1.0
33.0 1.04915721705 1.0
13.0 1.13387731792 1.0
82.0 0.966179817814 1.0
71.0 1.00331414477 1.0
54.0 0.969451539286 1.0
79.0 0.952983949303 1.0
152.0 1.07332632633 1.0
72.0 0.994557232786 1.0
139.0 0.985235873798 1.0
192.0 0.784178142916 1.0
169.0 0.865389760741 1.0
38.0 0.97888042335 1.0
85.0 1.02289107829 1.0
199.0 0.995072611394 1.0
0.0 1.0110712636 1.0
131.0 1.01006656947 1.0
19.0 0.98352802126 1.0
89.0 0.928560770109 1.0
173.0 -2.59775157943 1.0
157.0 1.82908435342 1.0
163.0 4.8197263998 1.0
68.0 1.05241237201 1.0
32.0 1.03069217997 1.0
153.0 -1.29575822663 1.0
41.0 0.996483467723 1.0
object 43	1.0:1.0
96.0 0.953914535589 1.0
89.0 1.00610719051 1.0
65.0 0.989494599205 1.0
5.0 1.03888277491 1.0
1.0 0.992099356394 1.0
143.0 -4.07192676318 1.0
194.0 1.08469316116 1.0
151.0 3.00927690163 1.0
66.0 0.98061483113 1.0
135.0 0.986014506542 1.0
85.0 1.03179039143 1.0
152.0 -0.229389545982 1.0
158.0 -2.49577436886 1.0
191.0 -0.887524180132 1.0
161.0 -4.91446082694 1.0
38.0 1.0291962415 1.0
27.0 0.97026050198 1.0
116.0 1.06100823564 1.0
39.0 0.941244247198 1.0
67.0 0.983475671089 1.0
object 44	1.0:1.0
147.0 3.30129428679 1.0
78.0 1.04113088105 1.0
109.0 1.01054235074 1.0
80.0 0.99653966997 1.0
82.0 1.02211487444 1.0
63.0 1.00356739001 1.0
90.0 1.03136632358 1.0
115.0 1.02979321155 1.0
180.0 3.40134048039 1.0
139.0 0.99216586374 1.0
31.0 0.989910326727 1.0
191.0 -0.419457064257 1.0
176.0 -2.70483877794 1.0
59.0 0.964677094636 1.0
199.0 0.677253323857 1.0
172.0 4.84943025273 1.0
166.0 -0.319249038013 1.0
159.0 -0.527043830478 1.0
12.0 0.997674090242 1.0
15.0 1.03892543041 1.0
162.0 -5.26180698588 1.0
16.0 0.995810563768 1.0
85.0 0.994729533086 1.0
21.0 0.996394847856 1.0
9.0 0.987154919019 1.0
object 45	1.0:1.0
27.0 1.00446293451 1.0
174.0 1.63868563999 1.0
92.0 1.02914418471 1.0
10.0 0.96137618244 1.0
41.0 0.993567275304 1.0
47.0 0.993506919995 1.0
120.0 0.96647903064 1.0
155.0 -2.32313820944 1.0
85.0 0.975281994849 1.0
5.0 0.957945162168 1.0
51.0 1.00277176763 1.0
117.0 1.00566646149 1.0
165.0 1.69912748505 1.0
14.0 1.01814378226 1.0
68.0 1.02185306937 1.0
44.0 0.985020254422 1.0
162.0 -5.27202996969 1.0
150.0 2.92773458045 1.0
184.0 1.34406744415 1.0
1.0 1.02495206271 1.0
36.0 1.04638429372 1.0
189.0 0.153885519956 1.0
57.0 1.00251448632 1.0
66.0 0.960409249978 1.0
object 46	1.0:1.0
39.0 0.987447442879 1.0
165.0 0.225563383134 1.0
89.0 1.05943317936 1.0
136.0 1.00349418981 1.0
92.0 1.00258515423 1.0
53.0 1.00756789633 1.0
56.0 1.01695814599 1.0
0.0 0.941266156532 1.0
120.0 0.995213680087 1.0
156.0 0.846644136338 1.0
131.0 0.993109664469 1.0
98.0 1.00926594355 1.0
54.0 0.989962174813 1.0
29.0 0.987696062298 1.0
40.0 1.00111154137 1.0
127.0 0.982874058705 1.0
83.0 1.00692985234 1.0
170.0 -0.870246022543 1.0
object 47	1.0:1.0
4.0 0.970268340254 1.0
75.0 1.00308129103 1.0
26.0 1.01832222337 1.0
44.0 1.01664274358 1.0
3.0 1.03234283771 1.0
93.0 1.00109949829 1.0
2.0 0.987812845433 1.0
138.0 1.07948853881 1.0
177.0 0.974189421946 1.0
7.0 0.963905134063 1.0
152.0 1.94706914077 1.0
151.0 -2.24681953338 1.0
34.0 1.0082914641 1.0
199.0 2.23461175394 1.0
68.0 1.01190435547 1.0
159.0 0.258754489527 1.0
101.0 1.01076341681 1.0
147.0 3.67580412333 1.0
object 48	1.0:1.0
32.0 0.902681161761 1.0
187.0 -5.43509487011 1.0
182.0 -4.9840759605 1.0
10.0 0.944984021242 1.0
37.0 0.99703082999 1.0
94.0 1.04423713449 1.0
166.0 0.0922405647688 1.0
110.0 1.02660970158 1.0
101.0 0.992524484316 1.0
133.0 1.00331411462 1.0
65.0 1.00939500174 1.0
83.0 1.03377382791 1.0
50.0 0.934489942198 1.0
150.0 1.3650246932 1.0
135.0 0.964742370362 1.0
190.0 0.65153979737 1.0
1.0 1.01573703659 1.0
49.0 1.01460284659 1.0
193.0 9.89669555893 1.0
114.0 1.00276038527 1.0
183.0 -2.90759558403 1.0
160.0 -1.22770284253 1.0
199.0 -2.60844284502 1.0
103.0 0.963639686804 1.0
125.0 1.01959392157 1.0
165.0 2.70383395763 1.0
171.0 -0.844474857254 1.0
158.0 -3.46786778773 1.0
89.0 0.98310485046 1.0
object 49	1.0:1.0
159.0 -0.215626764395 1.0
105.0 1.07710230028 1.0
135.0 0.964456786288 1.0
132.0 0.981676239994 1.0
25.0 1.00842179209 1.0
156.0 0.309541423684 1.0
194.0 4.1682713692 1.0
93.0 0.979547248357 1.0
155.0 2.47507006668 1.0
177.0 2.346828276 1.0
111.0 1.00753867994 1.0
51.0 1.01694729934 1.0
163.0 -1.39040204895 1.0
193.0 3.19374642471 1.0
185.0 1.02839203003 1.0
94.0 0.976716027449 1.0
166.0 1.87762806498 1.0
184.0 -0.642949400401 1.0
153.0 3.09169664801 1.0
123.0 0.990297551299 1.0
76.0 0.998246533101 1.0
77.0 0.998882473478 1.0
99.0 1.00282152107 1.0
81.0 0.988058830471 1.0
object 50	1.0:0.5 -2.2042376482:0.5
94.0 -2.26608255864 1.0
54.0 -2.14595617587 1.0
2.0 -2.08792432879 1.0
148.0 2.5889975174 0.0
158.0 0.589596421935 0.0
83.0 -2.15196860195 1.0
116.0 1.06960617321 0.0
189.0 -0.804886322065 1.0
24.0 -2.20157252425 1.0
183.0 1.91026419437 0.0
76.0 1.01969967166 0.0
60.0 -2.21034674939 1.0
134.0 -2.15826548399 1.0
82.0 -2.13404491154 1.0
139.0 -2.30652922132 1.0
143.0 6.3790255705 0.0
159.0 -0.942789183422 0.0
44.0 -2.157440028 1.0
object 51	1.0:0.5 2.35715345803:0.5
110.0 1.04807594595 0.0
161.0 1.0152074465 1.0
35.0 0.900287097728 0.0
101.0 2.3827428925 1.0
8.0 0.975425465238 0.0
120.0 0.968062125952 0.0
33.0 1.03001997129 0.0
75.0 2.2982006111 1.0
146.0 -1.89832436944 1.0
5.0 1.00772634907 0.0
102.0 1.03513039099 0.0
78.0 0.961300882692 0.0
29.0 1.055228311 0.0
98.0 2.32150473431 1.0
83.0 1.04936800195 0.0
177.0 0.515869727654 0.0
151.0 0.506873327342 0.0
32.0 1.04235393615 0.0
154.0 5.1784573396 1.0
187.0 1.42244412099 0.0
148.0 4.22376534522 0.0
155.0 1.30484959165 1.0
135.0 2.30823301883 1.0
122.0 1.02569071088 0.0
77.0 2.35370343175 1.0
172.0 0.608308445948 1.0
189.0 1.2541803065 1.0
object 52	1.0:0.5 -10.1574856927:0.5
79.0 -10.2176633903 1.0
1.0 0.977555831596 0.0
153.0 -10.5337886733 1.0
88.0 -10.1174119085 1.0
5.0 -10.2213581525 1.0
82.0 -10.1868731448 1.0
127.0 -10.1897394922 1.0
193.0 -9.44641958039 1.0
41.0 -10.1162965716 1.0
13.0 -10.1077158751 1.0
37.0 1.01081979212 0.0
111.0 1.00386714188 0.0
104.0 1.00549929928 0.0
194.0 0.461858379018 0.0
132.0 -10.2065101115 1.0
179.0 2.06239803079 0.0
191.0 -8.26711540588 1.0
64.0 -10.1985351945 1.0
133.0 -10.1969831334 1.0
110.0 -10.0818611005 1.0
129.0 0.956581194343 0.0
159.0 -11.0557330125 1.0
74.0 0.942502345663 0.0
44.0 0.997745042668 0.0
36.0 0.996715331581 0.0
130.0 0.964442149158 0.0
65.0 1.03957840185 0.0
146.0 0.683166127238 0.0
object 53	1.0:0.5 18.6556951876:0.5
114.0 1.01348939097 0.0
112.0 1.03797098049 0.0
93.0 1.02489602385 0.0
24.0 0.999103910956 0.0
89.0 1.06085202532 0.0
104.0 0.997535028011 0.0
16.0 18.6887595297 1.0
147.0 -0.918958182183 0.0
157.0 18.0571279058 1.0
105.0 18.8030911223 1.0
73.0 1.0763041319 0.0
149.0 -4.27142064639 0.0
156.0 23.8501746829 1.0
199.0 3.48639720135 0.0
191.0 15.0975587611 1.0
100.0 18.6548204703 1.0
33.0 1.02388404474 0.0
123.0 18.717143916 1.0
29.0 1.10625662187 0.0
3.0 0.973063599644 0.0
14.0 1.00655010819 0.0
152.0 0.141164164575 0.0
38.0 1.03136932956 0.0
39.0 18.6562862782 1.0
object 54	1.0:0.5 -11.408711078:0.5
52.0 -11.4386210563 1.0
160.0 -11.7826552232 1.0
18.0 -11.3947421759 1.0
183.0 1.55124153971 0.0
28.0 -11.3807337753 1.0
133.0 -11.4183716596 1.0
74.0 1.05023031188 0.0
143.0 5.56596517128 0.0
116.0 1.03327102113 0.0
58.0 0.998088586617 0.0
155.0 -12.2697777441 1.0
60.0 -11.398644148 1.0
131.0 1.00305173735 0.0
111.0 -11.5174780523 1.0
30.0 0.995946772896 0.0
45.0 1.05054359125 0.0
93.0 -11.4376627691 1.0
17.0 -11.462198135 1.0
89.0 1.03029374772 0.0
46.0 -11.4038719933 1.0
31.0 -11.429485368 1.0
187.0 -5.40203906892 1.0
180.0 -0.0416715547542 0.0
101.0 0.960513094755 0.0
109.0 0.991202062358 0.0
object 55	1.0:0.5 -7.18432664108:0.5
78.0 0.95218342558 0.0
43.0 1.00183259129 0.0
160.0 2.55903962469 0.0
22.0 -7.19744628647 1.0
184.0 -7.50662488933 1.0
77.0 -7.23045953007 1.0
54.0 1.03692162336 0.0
124.0 0.960112483605 0.0
74.0 -7.13397544929 1.0
32.0 -7.19328528504 1.0
118.0 0.921863515402 0.0
198.0 -9.96733357522 1.0
94.0 1.05631263612 0.0
106.0 -7.25426939808 1.0
108.0 1.00913108613 0.0
197.0 -4.09169537432 0.0
45.0 -7.17886632052 1.0
128.0 1.02008162967 0.0
39.0 -7.19074171686 1.0
117.0 -7.204838505 1.0
51.0 1.06468584534 0.0
91.0 -7.19722197583 1.0
37.0 0.958295736596 0.0
155.0 0.122879010387 0.0
122.0 -7.16521783189 1.0
50.0 1.02142832021 0.0
97.0 0.993494777583 0.0
12.0 -7.27693923396 1.0
object 56	1.0:0.5 0.778412079546:0.5
69.0 1.05728096079 0.0
175.0 1.83116617745 1.0
2.0 0.970224928585 0.0
44.0 0.884894656481 1.0
122.0 0.78808127499 1.0
134.0 1.00173931636 0.0
186.0 -1.18485506347 0.0
152.0 2.03283389858 0.0
112.0 0.963675006502 0.0
83.0 1.05695766926 0.0
120.0 0.867444712734 1.0
38.0 0.92274108528 0.0
22.0 0.719046829175 1.0
75.0 0.818136334313 1.0
192.0 2.90370694663 1.0
127.0 0.796077785264 1.0
48.0 0.787901017883 1.0
41.0 0.933593277837 1.0
137.0 1.00029788564 0.0
101.0 1.06306122347 0.0
7.0 0.995795170405 0.0
109.0 0.796562887738 1.0
79.0 0.990809894967 0.0
197.0 4.24457851931 0.0
55.0 0.953273855673 0.0
98.0 1.0043862023 0.0
9.0 0.911336847367 0.0
82.0 0.720873777652 1.0
143.0 0.95110832389 0.0
object 57	1.0:0.5 6.08607356394:0.5
9.0 0.931724036646 0.0
182.0 3.09172066476 0.0
30.0 6.04284846488 1.0
135.0 1.15226787996 0.0
90.0 0.90168598192 0.0
108.0 1.17271454944 0.0
36.0 6.02086699507 1.0
67.0 6.16108429477 1.0
103.0 1.0743499014 0.0
69.0 0.985130859032 0.0
99.0 1.02915507016 0.0
58.0 0.95986512321 0.0
21.0 6.11892827287 1.0
114.0 1.0296053886 0.0
102.0 0.867963556574 0.0
117.0 6.04290658711 1.0
121.0 0.990714664167 0.0
37.0 1.02496294261 0.0
188.0 -3.01806658412 0.0
194.0 4.46268589926 1.0
173.0 0.307048300636 1.0
134.0 6.02006282507 1.0
186.0 -0.281425987081 0.0
49.0 6.01819821182 1.0
88.0 6.09103350814 1.0
129.0 0.949906820549 0.0
79.0 0.946642511307 0.0
122.0 1.01142390927 0.0
2.0 1.05759497421 0.0
119.0 0.927108565245 0.0
object 58	1.0:0.5 1.58135070831:0.5
105.0 1.58199711519 1.0
102.0 1.56897695761 1.0
11.0 0.990670041959 0.0
83.0 1.59649594281 1.0
66.0 0.959271395232 0.0
140.0 1.54906900635 1.0
43.0 1.029455242 0.0
143.0 2.30488416833 0.0
100.0 1.63394064952 1.0
154.0 5.97097937281 0.0
156.0 -5.55179767773 0.0
7.0 1.60829746213 1.0
162.0 1.30341875125 1.0
144.0 5.11561105716 1.0
128.0 1.0852023441 0.0
189.0 1.7506055476 1.0
33.0 1.614826886 1.0
99.0 1.64085532926 1.0
127.0 0.992082798012 0.0
38.0 0.962466625858 0.0
96.0 1.50479873188 1.0
9.0 1.56024370265 1.0
177.0 -0.665350363007 1.0
87.0 0.931936234029 0.0
object 59	1.0:0.5 -3.91533595458:0.5
135.0 -3.89784649042 1.0
9.0 -3.92236708886 1.0
7.0 1.01798583267 0.0
37.0 0.978139325351 0.0
76.0 -3.92740407591 1.0
124.0 0.974041735415 0.0
96.0 0.984471291987 0.0
4.0 1.00163967371 0.0
190.0 0.578340089488 1.0
72.0 0.956262081696 0.0
111.0 0.959454061294 0.0
86.0 1.00019084045 0.0
172.0 2.82931300624 0.0
48.0 1.0201874123 0.0
8.0 -3.96580637453 1.0
141.0 -3.67679084343 1.0
185.0 -2.24792294861 0.0
130.0 1.03242171693 0.0
167.0 -6.47477768972 1.0
10.0 -3.93651639503 1.0
133.0 1.0140602322 0.0
object 60	1.0:0.5 -6.26898046638:0.5
89.0 1.00907662801 0.0
91.0 -6.28371083943 1.0
61.0 0.958877126281 0.0
93.0 -6.27013601788 1.0
42.0 1.0415155131 0.0
118.0 -6.28484544905 1.0
179.0 -0.391242833405 0.0
92.0 1.04176724605 0.0
136.0 -6.24135882416 1.0
35.0 1.00309796531 0.0
140.0 2.68741131936 0.0
26.0 1.04019429295 0.0
135.0 1.03775459111 0.0
12.0 -6.22188100666 1.0
110.0 -6.325078643 1.0
14.0 -6.31629591806 1.0
96.0 1.05389384628 0.0
195.0 -5.19735015412 1.0
object 61	1.0:0.5 -7.45571340603:0.5
38.0 0.967186171376 0.0
83.0 -7.44935443889 1.0
194.0 -2.75804247458 1.0
138.0 -7.38738295172 1.0
163.0 -0.318585171133 0.0
18.0 -7.42131478995 1.0
47.0 0.957119837666 0.0
14.0 -7.36547274209 1.0
106.0 1.05150749495 0.0
127.0 1.0195872655 0.0
25.0 -7.46997426349 1.0
179.0 0.119012251538 0.0
75.0 1.01399688294 0.0
125.0 0.97315006716 0.0
137.0 1.02239817467 0.0
188.0 0.0387136422079 1.0
129.0 0.97910006996 0.0
162.0 -4.59618805711 1.0
182.0 -3.06958359427 0.0
123.0 -7.4644873104 1.0
object 62	1.0:0.5 7.43165021486:0.5
90.0 1.02477906235 0.0
162.0 9.58635062845 1.0
12.0 1.00317507017 0.0
30.0 7.48506675753 1.0
94.0 0.977481863001 0.0
52.0 1.01860669399 0.0
66.0 0.977283448759 0.0
107.0 7.47172860494 1.0
189.0 3.54501868413 0.0
95.0 1.06042324427 0.0
133.0 7.40153713032 1.0
92.0 0.915953521823 0.0
178.0 2.38124405105 1.0
91.0 7.43734007625 1.0
68.0 0.968018507188 0.0
168.0 2.86318218983 0.0
57.0 7.49961995966 1.0
8.0 7.43092929356 1.0
144.0 4.82413871958 1.0
76.0 1.07900550772 0.0
156.0 -12.7553630845 0.0
127.0 1.10860450896 0.0
47.0 7.37838704311 1.0
27.0 7.41140242603 1.0
79.0 1.01788570765 0.0
108.0 7.47820038787 1.0
155.0 7.99651006122 1.0
131.0 7.44559272963 1.0
object 63	1.0:0.5 4.58920448817:0.5
95.0 1.00819050836 0.0
172.0 0.199432381977 0.0
3.0 4.57954432913 1.0
146.0 5.89269125601 1.0
126.0 1.07268548925 0.0
94.0 1.02115874764 0.0
148.0 4.94462226027 1.0
152.0 3.70816832075 1.0
43.0 0.991567256871 0.0
191.0 1.3143848062 0.0
67.0 4.6141592346 1.0
64.0 0.907820552887 0.0
76.0 0.944748608233 0.0
124.0 4.53878712915 1.0
9.0 0.99131114376 0.0
4.0 4.64269814815 1.0
178.0 7.46368262968 1.0
187.0 -0.316151883666 1.0
25.0 1.09090122261 0.0
39.0 1.00622453682 0.0
27.0 1.00244617975 0.0
117.0 1.014450571 0.0
48.0 4.57405511943 1.0
107.0 4.59127360427 1.0
151.0 2.97831387292 1.0
23.0 0.908752638725 0.0
object 64	1.0:0.5 -3.36814179653:0.5
125.0 -3.35697259259 1.0
111.0 -3.33460325731 1.0
1.0 0.947533330418 0.0
35.0 -3.42569104092 1.0
0.0 1.07066717143 0.0
18.0 -3.48145726284 1.0
112.0 -3.46094740351 1.0
64.0 -3.34417645673 1.0
82.0 -3.41982814134 1.0
138.0 1.06285919565 0.0
123.0 1.04458326985 0.0
38.0 0.944555948687 0.0
170.0 -1.19406544904 0.0
126.0 1.05479685217 0.0
13.0 -3.39256253764 1.0
156.0 9.1424386349 0.0
6.0 -3.32847538544 1.0
68.0 1.01277622696 0.0
98.0 -3.3676305573 1.0
182.0 5.56163505209 1.0
174.0 -0.132505895718 0.0
65.0 1.0885377617 0.0
136.0 0.965118692984 0.0
96.0 0.950328150183 0.0
91.0 -3.32299106075 1.0
86.0 -3.3858484914 1.0
160.0 -7.92814032705 1.0
101.0 0.975349849326 0.0
object 65	1.0:0.5 -26.6604898835:0.5
34.0 1.07905859634 0.0
161.0 0.404958152913 0.0
123.0 -26.5926384221 1.0
107.0 -26.5988849775 1.0
192.0 -2.82454238254 0.0
57.0 -26.7666932404 1.0
44.0 1.03270839479 0.0
17.0 -26.6718132977 1.0
186.0 3.68796322301 0.0
55.0 -26.6080727094 1.0
127.0 0.860494019233 0.0
69.0 1.05947716679 0.0
194.0 -6.86914260685 0.0
132.0 -26.7091290689 1.0
79.0 0.913382602382 0.0
193.0 -3.59727535142 0.0
154.0 3.3818027249 0.0
26.0 0.97882430073 0.0
180.0 -22.3911131915 1.0
6.0 1.07243278262 0.0
150.0 0.53672734748 0.0
object 66	1.0:0.5 3.31038770157:0.5
148.0 5.80513710079 1.0
142.0 0.384069472682 0.0
53.0 3.27538505388 1.0
33.0 3.23705440465 1.0
186.0 4.66189545359 1.0
89.0 1.00183850382 0.0
19.0 3.34098080018 1.0
139.0 3.24852257505 1.0
15.0 3.35472679356 1.0
103.0 0.963526596626 0.0
163.0 -1.3670661298 0.0
37.0 3.34823143182 1.0
161.0 1.52212640778 0.0
119.0 3.31130549559 1.0
130.0 3.39766112226 1.0
154.0 -0.729390693223 0.0
113.0 3.2566914497 1.0
134.0 3.2878759064 1.0
94.0 3.23848688021 1.0
82.0 3.31828375439 1.0
34.0 3.28602847828 1.0
29.0 3.21864857694 1.0
136.0 3.24988102276 1.0
101.0 0.990043275271 0.0
123.0 0.999556697033 0.0
object 67	1.0:0.5 12.8042725746:0.5
96.0 1.06557858028 0.0
125.0 12.7884349162 1.0
56.0 12.8186737718 1.0
36.0 0.980806440621 0.0
29.0 1.12856088511 0.0
157.0 1.36070342516 0.0
21.0 1.07136904288 0.0
139.0 1.05483196649 0.0
17.0 12.8750502814 1.0
52.0 1.10962124426 0.0
152.0 -0.0851798496033 0.0
51.0 1.01640511079 0.0
99.0 1.02560808451 0.0
191.0 -0.223322495526 0.0
35.0 12.7734407195 1.0
141.0 1.58493394162 0.0
117.0 12.8410254689 1.0
186.0 16.1856351742 1.0
178.0 -1.08839899614 0.0
164.0 0.305920564715 0.0
95.0 0.892566806581 0.0
167.0 13.3540429568 1.0
19.0 12.7829025138 1.0
106.0 12.8098903278 1.0
115.0 0.987181771664 0.0
25.0 1.03329262891 0.0
30.0 1.1125808525 0.0
31.0 1.00325578772 0.0
182.0 8.91878794848 0.0
94.0 12.7028183893 1.0
object 68	1.0:0.5 -12.580167909:0.5
134.0 -12.5423177665 1.0
105.0 1.03324094058 0.0
44.0 0.991103797826 0.0
102.0 1.03358787931 0.0
108.0 -12.5505736113 1.0
182.0 -19.5771333067 1.0
136.0 -12.613099281 1.0
86.0 -12.5824682795 1.0
51.0 -12.5980196084 1.0
82.0 -12.6945610507 1.0
122.0 0.941831020631 0.0
189.0 -13.7491615548 1.0
35.0 -12.5816165906 1.0
31.0 -12.5819480489 1.0
116.0 1.0367301588 0.0
46.0 1.00945983767 0.0
175.0 -0.114934975557 0.0
170.0 -1.2041906695 0.0
22.0 -12.6062962239 1.0
87.0 -12.6615254937 1.0
144.0 -15.3543471707 1.0
28.0 0.96661406628 0.0
50.0 1.07813193912 0.0
162.0 0.878251047136 0.0
127.0 0.991507945465 0.0
195.0 6.50561942388 0.0
169.0 -9.82742164148 1.0
106.0 -12.5940043196 1.0
77.0 0.962057305647 0.0
7.0 0.908995896514 0.0
153.0 -12.70557055 1.0
object 69	1.0:0.5 12.6080121658:0.5
5.0 1.06023013579 0.0
10.0 12.5246021447 1.0
163.0 7.37035355919 1.0
47.0 12.637937813 1.0
191.0 4.52366960802 0.0
114.0 0.977983872847 0.0
54.0 12.6483707831 1.0
108.0 12.595598542 1.0
137.0 0.981128291932 0.0
119.0 1.00451073443 0.0
36.0 0.97822716364 0.0
97.0 12.5651698537 1.0
82.0 12.626445176 1.0
162.0 10.5033876693 1.0
84.0 1.05629893796 0.0
157.0 14.4740300752 1.0
106.0 12.6406409428 1.0
129.0 1.01717030447 0.0
183.0 15.6778677401 1.0
151.0 2.27408824047 0.0
26.0 0.951870688443 0.0
113.0 1.03186582106 0.0
81.0 12.6631908919 1.0
80.0 1.04952855069 0.0
86.0 12.7225018618 1.0
118.0 12.5889061924 1.0
object 70	1.0:0.5 -6.4480242679:0.5
5.0 1.04503234307 0.0
45.0 0.955546789365 0.0
39.0 1.04331075906 0.0
146.0 -6.34785182307 1.0
81.0 -6.48359971529 1.0
10.0 -6.4409907195 1.0
51.0 -6.57664435352 1.0
148.0 -1.41561291186 0.0
43.0 -6.48893301234 1.0
16.0 -6.5888846855 1.0
152.0 -6.24573085478 1.0
121.0 -6.42152508829 1.0
154.0 -5.03279867105 1.0
117.0 -6.34326161142 1.0
128.0 1.03953267126 0.0
187.0 0.685657365033 0.0
69.0 1.05595425676 0.0
164.0 0.362505606955 0.0
90.0 0.978003892613 0.0
105.0 0.933469000069 0.0
196.0 2.0615924185 0.0
174.0 0.862055048504 0.0
119.0 -6.3547200052 1.0
129.0 1.11011301696 0.0
46.0 0.962201483836 0.0
160.0 -6.23402228393 1.0
111.0 -6.50102315612 1.0
object 71	1.0:0.5 -9.50969120909:0.5
113.0 -9.53813237328 1.0
48.0 -9.53605809622 1.0
197.0 0.151848212747 0.0
162.0 -7.58382807485 1.0
104.0 -9.51651879389 1.0
171.0 -9.69838152871 1.0
165.0 -6.42622691073 0.0
9.0 -9.38269523038 1.0
156.0 -0.524944589058 1.0
111.0 1.10484190575 0.0
2.0 1.05263838387 0.0
78.0 -9.44717758898 1.0
124.0 -9.43281894671 1.0
109.0 -9.5510580113 1.0
38.0 -9.51948299668 1.0
188.0 6.38792196926 0.0
142.0 -4.16079102975 1.0
object 72	1.0:0.5 -6.83769014667:0.5
75.0 0.877961282668 0.0
142.0 1.11567042213 1.0
77.0 -6.81961690064 1.0
51.0 1.00142207774 0.0
59.0 -6.75571714142 1.0
40.0 0.975410052086 0.0
128.0 0.946980706309 0.0
172.0 7.23611714787 0.0
138.0 1.10800596452 0.0
8.0 -6.78919360085 1.0
29.0 0.948958294053 0.0
5.0 0.970137698185 0.0
18.0 0.853894005422 0.0
163.0 -6.52022962616 1.0
83.0 1.02297712537 0.0
135.0 -6.88595604429 1.0
186.0 6.59592148942 0.0
10.0 1.0608051067 0.0
140.0 -0.630440245104 0.0
61.0 -6.75163020725 1.0
60.0 1.06578865894 0.0
0.0 -6.83630514916 1.0
14.0 1.02457146105 0.0
20.0 -6.78437047257 1.0
189.0 -6.93151077377 1.0
198.0 -4.80959533076 1.0
79.0 0.923542565299 0.0
71.0 -6.81993468539 1.0
123.0 0.975023853221 0.0
171.0 4.25786001933 0.0
88.0 -6.83238390994 1.0
object 73	1.0:0.5 -9.53992545497:0.5
195.0 -15.2949775518 1.0
61.0 1.00851676387 0.0
75.0 -9.49742235723 1.0
125.0 -9.47500617411 1.0
166.0 -12.9322829178 1.0
157.0 -11.5965357822 1.0
16.0 0.96506826093 0.0
34.0 -9.51860557857 1.0
96.0 1.03674308529 0.0
193.0 0.924012569251 0.0
59.0 0.982684709977 0.0
69.0 1.03792301897 0.0
178.0 -7.93037259351 1.0
114.0 -9.57687241387 1.0
62.0 -9.5216576037 1.0
122.0 0.889657799819 0.0
117.0 -9.50597218967 1.0
11.0 -9.50827947559 1.0
130.0 1.02046888582 0.0
136.0 -9.6093329755 1.0
126.0 -9.56242099975 1.0
50.0 -9.50640997163 1.0
object 74	1.0:0.5 23.6333290607:0.5
153.0 5.19321174068 0.0
102.0 1.03149223558 0.0
38.0 23.5754822897 1.0
107.0 0.990579830769 0.0
8.0 23.6508285558 1.0
190.0 14.635369563 1.0
42.0 1.0095472414 0.0
148.0 7.13124034361 0.0
157.0 -1.51339536238 0.0
77.0 1.03157950773 0.0
10.0 23.5644987934 1.0
84.0 1.01207857779 0.0
97.0 23.7285452384 1.0
81.0 1.06758701308 0.0
45.0 23.6020301544 1.0
3.0 0.969376558408 0.0
181.0 26.7962746023 1.0
67.0 23.5879376023 1.0
12.0 23.6498593585 1.0
25.0 1.02053921335 0.0
73.0 23.5961165916 1.0
1.0 23.6271254729 1.0
116.0 23.678044183 1.0
5.0 1.04477083874 0.0
69.0 0.9451579173 0.0
174.0 1.08924045272 0.0
24.0 1.01490415882 0.0
124.0 0.950188886051 0.0
object 75	1.0:0.5 -10.2576690647:0.5
88.0 0.966054261729 0.0
110.0 0.912680434472 0.0
64.0 0.984046833367 0.0
180.0 -7.0177771724 1.0
6.0 -10.2667464782 1.0
197.0 8.96564337289 0.0
61.0 -10.3002681093 1.0
176.0 -11.0599151492 1.0
33.0 -10.2743765586 1.0
106.0 0.913004175937 0.0
178.0 2.51859911699 0.0
62.0 -10.3040603782 1.0
59.0 0.983635047063 0.0
192.0 -7.34398687247 1.0
136.0 -10.3031301413 1.0
142.0 -16.007801377 1.0
184.0 -6.03567423375 1.0
188.0 0.52776798805 0.0
46.0 1.01977974195 0.0
104.0 -10.2519864016 1.0
object 76	1.0:0.5 -8.97534721593:0.5
41.0 1.07248366147 0.0
137.0 -8.97704456275 1.0
62.0 0.967086947802 0.0
57.0 0.970585810443 0.0
35.0 -8.95070700346 1.0
76.0 1.00036845497 0.0
44.0 0.99511414779 0.0
128.0 -8.94049343746 1.0
34.0 -9.00151685911 1.0
184.0 3.40998542556 0.0
187.0 -7.74321815997 1.0
102.0 1.02116523065 0.0
143.0 -4.47046399249 1.0
78.0 0.974239792549 0.0
103.0 -9.04293214244 1.0
58.0 -9.02949534801 1.0
20.0 0.95538450136 0.0
9.0 1.04160359521 0.0
object 77	1.0:0.5 -2.93834847065:0.5
66.0 -2.92148420418 1.0
130.0 -3.06413331485 1.0
47.0 1.00031032238 0.0
42.0 0.966046276041 0.0
129.0 1.00927457196 0.0
160.0 -2.06203962677 1.0
57.0 0.997765925019 0.0
61.0 -2.90980219057 1.0
167.0 -2.57349434484 1.0
185.0 0.432025891208 0.0
46.0 0.982470449553 0.0
147.0 -8.15272059647 1.0
116.0 -2.90542907719 1.0
140.0 -0.86339188969 1.0
object 78	1.0:0.5 0.671116648359:0.5
193.0 -6.03899788829 1.0
0.0 1.03843340824 0.0
106.0 0.930774168277 0.0
10.0 0.734862844147 1.0
32.0 0.926104841642 0.0
188.0 0.016390338348 1.0
13.0 0.636783308556 1.0
164.0 2.33386505263 1.0
185.0 4.02480467757 0.0
81.0 0.953442631728 0.0
98.0 0.638428843705 1.0
46.0 1.04041438355 0.0
90.0 0.957894076559 0.0
167.0 -0.93814726092 0.0
3.0 0.650073675543 1.0
94.0 0.725118164833 1.0
126.0 0.613779722148 1.0
89.0 0.657955044797 1.0
149.0 1.50634791944 1.0
137.0 0.734631839552 1.0
23.0 0.989877395964 0.0
92.0 1.07998329004 0.0
139.0 0.662225562823 1.0
64.0 1.03809264955 0.0
132.0 0.678355590312 1.0
object 79	1.0:0.5 -0.855371715513:0.5
69.0 -0.872481957768 1.0
146.0 -1.61739403574 1.0
2.0 0.944389991539 0.0
67.0 0.998160155337 0.0
36.0 -0.867676445783 1.0
112.0 -0.800377207022 1.0
22.0 1.06756418939 0.0
10.0 1.06487134758 0.0
169.0 -0.0312489693211 0.0
126.0 -0.816868848786 1.0
136.0 1.02210996785 0.0
84.0 -0.90395604428 1.0
179.0 0.646989382954 1.0
193.0 -4.00754888592 1.0
197.0 -9.27829055469 1.0
164.0 -0.00788258591237 0.0
42.0 1.03164504881 0.0
object 80	1.0:0.5 13.5557001596:0.5
9.0 1.03797267256 0.0
140.0 15.9234982173 1.0
96.0 0.956050876065 0.0
39.0 1.00869446632 0.0
49.0 0.92174678268 0.0
159.0 12.2876388915 1.0
78.0 13.5638342451 1.0
108.0 13.5818320323 1.0
56.0 13.5101515075 1.0
168.0 14.4359724556 1.0
172.0 9.53941218755 1.0
141.0 18.117685186 1.0
4.0 0.954273338735 0.0
21.0 0.964050796608 0.0
192.0 4.08038542771 0.0
131.0 1.00378735586 0.0
83.0 13.5403844785 1.0
158.0 2.80000991651 0.0
86.0 13.5734224833 1.0
99.0 13.6068970566 1.0
176.0 1.40983187043 0.0
45.0 13.5371529035 1.0
123.0 13.5045716858 1.0
154.0 14.46377829 1.0
object 81	1.0:0.5 17.8108105548:0.5
33.0 17.8370308983 1.0
62.0 1.09053459601 0.0
27.0 17.7951115611 1.0
5.0 1.02013424181 0.0
151.0 15.2180034583 1.0
16.0 17.8263962521 1.0
90.0 1.04823780063 0.0
197.0 1.2247601077 0.0
132.0 0.975642068344 0.0
1.0 1.04340261188 0.0
42.0 17.7661403094 1.0
2.0 17.794438275 1.0
113.0 17.8134585068 1.0
78.0 17.82121471 1.0
64.0 0.984260299532 0.0
155.0 0.278234543361 0.0
73.0 17.8188737144 1.0
49.0 1.06732828654 0.0
180.0 -0.223567235903 0.0
167.0 11.4446671341 1.0
28.0 17.7830973148 1.0
124.0 17.7864581552 1.0
29.0 17.8059327478 1.0
101.0 0.996071168838 0.0
50.0 0.996243291426 0.0
object 82	1.0:0.5 -10.1365387885:0.5
101.0 0.96995464615 0.0
175.0 1.83686813484 0.0
102.0 0.918552950593 0.0
72.0 -10.1109573583 1.0
138.0 -10.0770100532 1.0
133.0 -10.2108669395 1.0
83.0 0.979607574196 0.0
178.0 -10.0404224146 1.0
187.0 -1.43476330684 0.0
165.0 3.84766637848 0.0
17.0 -10.1510030359 1.0
198.0 4.825866381 0.0
106.0 -10.1190843681 1.0
31.0 -10.1184666769 1.0
85.0 -10.1192727296 1.0
33.0 1.02261894918 0.0
111.0 0.951302634005 0.0
43.0 0.989959145299 0.0
49.0 -10.1304651716 1.0
75.0 -10.0853312302 1.0
145.0 0.457974800902 0.0
142.0 -9.4202471149 0.0
15.0 -10.1202146577 1.0
130.0 -10.1647981915 1.0
23.0 -10.1258335528 1.0
179.0 -12.6459060949 1.0
170.0 -12.647370725 1.0
70.0 -10.0809181502 1.0
12.0 -10.1179927998 1.0
79.0 -10.1376470119 1.0
121.0 0.968144566967 0.0
object 83	1.0:0.5 19.5194300007:0.5
77.0 1.07596380541 0.0
55.0 0.951570923609 0.0
66.0 19.4740362063 1.0
88.0 19.5610356603 1.0
183.0 -2.30146351306 0.0
3.0 19.5320898839 1.0
64.0 1.04677559414 0.0
8.0 19.4513733722 1.0
9.0 1.03449866425 0.0
141.0 14.261213626 1.0
198.0 15.9074089717 1.0
124.0 1.05852291642 0.0
145.0 21.5927242174 1.0
182.0 20.6482718806 1.0
185.0 0.292585781808 0.0
80.0 19.5966323727 1.0
134.0 19.5111958889 1.0
object 84	1.0:0.5 -1.5409262992:0.5
139.0 0.955710302478 0.0
138.0 0.901791729883 0.0
77.0 -1.468389279 1.0
183.0 2.58446537585 0.0
3.0 -1.54156525797 1.0
123.0 -1.53221775951 1.0
96.0 1.09803254734 0.0
78.0 -1.51376621526 1.0
130.0 -1.54315316993 1.0
104.0 1.09133966365 0.0
99.0 -1.55286904177 1.0
197.0 5.82817619651 1.0
92.0 -1.59333780326 1.0
198.0 -4.00048308755 1.0
179.0 -0.702543600533 0.0
53.0 -1.66953819322 1.0
62.0 -1.53203547894 1.0
195.0 -0.67380764809 1.0
17.0 -1.52221384993 1.0
126.0 -1.46512804784 1.0
64.0 -1.53835955295 1.0
124.0 0.899663815804 0.0
85.0 -1.48654001608 1.0
56.0 0.958902085333 0.0
169.0 1.79652264561 1.0
100.0 0.893766927924 0.0
158.0 -3.16812112818 1.0
68.0 1.04245626657 0.0
52.0 0.996806122498 0.0
66.0 0.937866520826 0.0
164.0 2.44939679737 0.0
127.0 -1.48427596776 1.0
15.0 -1.48587601189 1.0
object 85	1.0:0.5 -3.31691408876:0.5
186.0 0.683265990456 0.0
0.0 -3.24343046504 1.0
30.0 -3.31644130353 1.0
90.0 -3.30970061147 1.0
76.0 -3.39942057516 1.0
70.0 -3.30153933605 1.0
15.0 -3.3434068405 1.0
194.0 7.82881039614 0.0
11.0 -3.28636758419 1.0
192.0 3.85181183569 0.0
196.0 -1.69030557772 0.0
138.0 -3.37100894042 1.0
170.0 3.73970333985 0.0
184.0 -5.73296970834 0.0
166.0 -2.88785536932 1.0
51.0 -3.3238295838 1.0
81.0 -3.29878859133 1.0
172.0 -0.973990984938 0.0
53.0 -3.31123884186 1.0
40.0 -3.26302371792 1.0
158.0 2.83190573623 0.0
9.0 1.0118034733 0.0
16.0 0.958432315088 0.0
135.0 -3.26768821258 1.0
object 86	1.0:0.5 9.48520171867:0.5
193.0 0.239053780068 0.0
182.0 4.93595426417 0.0
61.0 0.991764563798 0.0
156.0 0.176061432491 0.0
62.0 0.927140626343 0.0
149.0 0.425891553256 0.0
47.0 9.49671521447 1.0
24.0 1.01349108231 0.0
109.0 0.965108787798 0.0
167.0 6.72169276176 1.0
137.0 9.51633446992 1.0
43.0 1.06339334416 0.0
141.0 2.88037995271 0.0
189.0 9.27683112098 1.0
120.0 9.44337208101 1.0
30.0 1.00821995812 0.0
145.0 -0.970513089809 0.0
16.0 9.58061609383 1.0
173.0 6.10989152337 1.0
2.0 1.06150686893 0.0
object 87	1.0:0.5 -3.77649826582:0.5
46.0 1.035800501 0.0
8.0 -3.78334036765 1.0
197.0 3.83846590802 0.0
95.0 -3.81343793579 1.0
122.0 0.913696539238 0.0
29.0 -3.80659447555 1.0
195.0 -7.78250029744 1.0
158.0 -1.19306058728 1.0
67.0 0.974932717403 0.0
107.0 -3.70362171016 1.0
137.0 0.944728604107 0.0
174.0 -5.13022229555 1.0
26.0 0.996949183675 0.0
4.0 -3.76881649778 1.0
55.0 1.06723437066 0.0
object 88	1.0:0.5 -1.44763569907:0.5
155.0 -0.358816601217 0.0
73.0 0.945305452448 0.0
11.0 0.97515496834 0.0
54.0 1.03158092486 0.0
175.0 3.32227617849 0.0
3.0 1.02369414169 0.0
61.0 1.02968522961 0.0
12.0 -1.53068287801 1.0
197.0 -10.9169893866 1.0
41.0 -1.45065205555 1.0
46.0 -1.49802682696 1.0
97.0 -1.388816006 1.0
146.0 -3.58176397997 0.0
66.0 -1.39794673109 1.0
88.0 0.930848626871 0.0
163.0 0.0258859677219 0.0
87.0 -1.43264570135 1.0
22.0 0.96094344957 0.0
93.0 1.01132913976 0.0
199.0 4.05303066124 0.0
172.0 2.81679494107 1.0
56.0 1.03741728346 0.0
171.0 -1.30869292671 1.0
89.0 0.988546115245 0.0
129.0 1.02022569279 0.0
151.0 -2.06521403186 0.0
103.0 0.966653094722 0.0
51.0 -1.47963284808 1.0
71.0 -1.44196778235 1.0
154.0 -2.3330200832 1.0
182.0 -7.6735726094 0.0
128.0 0.97900488485 0.0
object 89	1.0:0.5 23.8603049947:0.5
191.0 3.77239685348 0.0
89.0 0.976225919041 0.0
7.0 0.949342708076 0.0
128.0 0.99458872069 0.0
46.0 23.9639785977 1.0
83.0 1.00206667545 0.0
36.0 23.8617330326 1.0
152.0 -0.484362695492 0.0
62.0 23.8083805144 1.0
124.0 1.02914572968 0.0
84.0 23.9104252969 1.0
60.0 23.7919235403 1.0
13.0 23.9548354793 1.0
165.0 23.5271935215 1.0
73.0 1.08010892493 0.0
174.0 21.4147426619 1.0
54.0 23.8632621282 1.0
91.0 0.964834290804 0.0
131.0 23.8281267267 1.0
180.0 0.751009692678 0.0
161.0 1.40565358865 0.0
175.0 23.7695750558 1.0
112.0 1.01367595851 0.0
145.0 23.3711809517 1.0
93.0 23.8920104739 1.0
111.0 0.977128977385 0.0
1.0 1.05392382653 0.0
37.0 0.957074804667 0.0
192.0 -2.14313830257 0.0
109.0 23.8862203532 1.0
34.0 0.912406290353 0.0
82.0 23.8686718577 1.0
108.0 1.04756781693 0.0
object 90	1.0:0.5 -3.93664643693:0.5
90.0 -3.92015896388 1.0
114.0 1.0117356012 0.0
141.0 1.86389706398 0.0
172.0 -4.73888624431 1.0
40.0 1.01223737499 0.0
122.0 0.962261807723 0.0
103.0 -3.97418417737 1.0
50.0 1.00148706736 0.0
125.0 1.01736123595 0.0
61.0 -3.97102576687 1.0
31.0 -3.93237453392 1.0
179.0 -3.10095808961 1.0
42.0 0.976472612836 0.0
186.0 -3.51419541378 1.0
159.0 -2.69583361609 1.0
133.0 1.07091206192 0.0
117.0 -3.88852783336 1.0
35.0 0.945836204091 0.0
73.0 0.98476864949 0.0
78.0 0.977624081223 0.0
120.0 0.929136014779 0.0
16.0 0.994510865397 0.0
41.0 0.996492318306 0.0
14.0 -3.98875483025 1.0
53.0 -3.84189305518 1.0
199.0 -1.34560123586 0.0
7.0 1.06656267489 0.0
52.0 -3.98033538963 1.0
146.0 -0.836543250094 1.0
168.0 0.99206851022 0.0
190.0 -11.1351086707 1.0
object 91	1.0:0.5 8.66765585949:0.5
8.0 1.01885954344 0.0
35.0 8.56408913054 1.0
80.0 1.0122433873 0.0
52.0 0.980905699582 0.0
139.0 8.6722841507 1.0
22.0 0.990791360458 0.0
50.0 8.76115355826 1.0
125.0 8.71218911462 1.0
172.0 9.82302461367 1.0
132.0 8.66846896429 1.0
77.0 0.995687591889 0.0
6.0 8.63862291441 1.0
178.0 10.3221971464 1.0
129.0 8.68883132664 1.0
144.0 -2.63724900995 0.0
12.0 1.09660857703 0.0
164.0 3.60638293694 0.0
199.0 8.916409049 1.0
2.0 0.991694930253 0.0
45.0 0.961031583487 0.0
97.0 0.944595114549 0.0
20.0 8.71246931011 1.0
object 92	1.0:0.5 21.0475253531:0.5
20.0 0.982464574658 0.0
47.0 0.995154645026 0.0
105.0 0.978436272144 0.0
21.0 0.967215966772 0.0
137.0 21.046249534 1.0
149.0 16.9530533523 1.0
63.0 0.999163247755 0.0
158.0 25.8761907186 1.0
41.0 1.08289357455 0.0
140.0 21.6359994328 1.0
46.0 21.0600241063 1.0
151.0 21.0467897763 1.0
49.0 21.0228703598 1.0
161.0 -4.24654890456 0.0
4.0 0.941748090737 0.0
166.0 1.08099186583 0.0
133.0 21.0319770585 1.0
29.0 0.973467270847 0.0
38.0 20.9477222922 1.0
26.0 21.1257014578 1.0
14.0 21.0640999457 1.0
77.0 21.0510183662 1.0
62.0 0.951999865745 0.0
object 93	1.0:0.5 6.6402869754:0.5
98.0 0.99845168766 0.0
90.0 6.65604323778 1.0
136.0 6.63492355878 1.0
108.0 0.948873441852 0.0
40.0 6.66977559052 1.0
61.0 6.6637849972 1.0
177.0 -0.0633285969018 0.0
140.0 2.24548417406 1.0
146.0 4.74321317945 0.0
167.0 0.415200142194 0.0
164.0 9.00482037677 1.0
183.0 3.57886769431 0.0
155.0 -0.841289783728 0.0
62.0 6.55851486839 1.0
74.0 1.01833366893 0.0
57.0 6.5478982796 1.0
49.0 1.0020516838 0.0
33.0 6.67014987238 1.0
0.0 1.04579170991 0.0
1.0 1.13053061473 0.0
26.0 0.849265300069 0.0
81.0 0.979050093245 0.0
21.0 6.74315811127 1.0
73.0 1.05370132809 0.0
19.0 6.67965312246 1.0
123.0 0.927696857887 0.0
85.0 1.06090286455 0.0
32.0 0.970239085001 0.0
151.0 1.86914791388 0.0
112.0 0.973127853327 0.0
25.0 0.929713343123 0.0
158.0 1.03421345893 0.0
197.0 2.8143224354 0.0
184.0 -2.97475936888 0.0
24.0 1.04298849352 0.0
195.0 -1.78356745074 1.0
174.0 5.5704434754 1.0
45.0 1.04863611449 0.0
object 94	1.0:0.5 -1.14257117594:0.5
171.0 -4.21226804332 0.0
108.0 1.0555370991 0.0
86.0 0.956178603636 0.0
103.0 -1.20585955922 1.0
91.0 0.928688972637 0.0
130.0 1.01822304697 0.0
124.0 1.01553620965 0.0
107.0 0.946482753139 0.0
55.0 -1.06169410259 1.0
56.0 1.03910791949 0.0
31.0 -1.1533144873 1.0
165.0 3.98324790983 0.0
110.0 1.04031472948 0.0
16.0 -1.22722305042 1.0
127.0 1.04389222106 0.0
12.0 -1.10669151597 1.0
72.0 0.942646236814 0.0
2.0 1.02930494174 0.0
7.0 -1.18770517833 1.0
67.0 0.999598594924 0.0
143.0 5.48513537312 0.0
73.0 -1.10801396091 1.0
159.0 2.12391906856 0.0
object 95	1.0:0.5 -9.08108658863:0.5
188.0 -13.2376802812 1.0
167.0 -10.2723607634 1.0
25.0 -9.1467886234 1.0
189.0 -9.36504839032 1.0
29.0 1.02843350348 0.0
110.0 0.931238571477 0.0
198.0 -10.9001166431 1.0
67.0 0.990612377457 0.0
56.0 -9.11056709777 1.0
47.0 1.02823166578 0.0
164.0 -9.4818682913 1.0
64.0 0.95482924658 0.0
137.0 -9.10493907184 1.0
51.0 0.954113682372 0.0
152.0 1.25758826579 0.0
17.0 -9.01717492685 1.0
90.0 1.01710002793 0.0
85.0 0.907664009796 0.0
171.0 -1.56863983127 1.0
70.0 -9.00502964602 1.0
126.0 -9.1156692384 1.0
81.0 -9.04282420912 1.0
13.0 -9.09977722895 1.0
101.0 -9.10085762253 1.0
120.0 1.02312047763 0.0
30.0 1.01004381605 0.0
122.0 -9.02773862395 1.0
97.0 -9.06852364265 1.0
45.0 0.923249986165 0.0
154.0 4.77304198135 0.0
66.0 -9.10633666091 1.0
object 96	1.0:0.5 -2.23995230911:0.5
26.0 -2.22545395399 1.0
168.0 -0.707312499512 0.0
106.0 -2.28858030478 1.0
182.0 4.8414935177 0.0
7.0 -2.29539575843 1.0
178.0 -5.87059898398 1.0
122.0 0.968706191292 0.0
185.0 -1.87255329198 1.0
170.0 -4.41933775176 0.0
101.0 -2.27580680768 1.0
63.0 1.05390443084 0.0
164.0 -0.840458498325 1.0
62.0 0.990754953166 0.0
object 97	1.0:0.5 3.1004076491:0.5
31.0 1.15391244109 0.0
52.0 3.07715930881 1.0
190.0 2.27169732769 1.0
174.0 3.28944757499 1.0
55.0 0.857758941927 0.0
47.0 1.03795528767 0.0
86.0 3.14002272141 1.0
90.0 1.01103849878 0.0
93.0 1.03173563211 0.0
126.0 3.13129345451 1.0
74.0 3.02119643461 1.0
64.0 1.08989666653 0.0
22.0 3.06179707193 1.0
147.0 8.94193544078 1.0
173.0 6.39498498772 1.0
2.0 0.909699260926 0.0
143.0 2.67390970476 0.0
70.0 0.970813268225 0.0
40.0 1.03932779142 0.0
object 98	1.0:0.5 8.76527692265:0.5
21.0 8.77063517217 1.0
179.0 9.02630220211 1.0
101.0 1.04061102427 0.0
32.0 8.70222176794 1.0
125.0 1.08523941755 0.0
122.0 1.0804300624 0.0
59.0 8.84640610166 1.0
180.0 -4.13792784105 0.0
115.0 8.81917814294 1.0
113.0 8.69978394511 1.0
156.0 13.9924403632 1.0
150.0 12.249666037 1.0
116.0 1.06680789988 0.0
48.0 0.964845252343 0.0
88.0 0.931171595781 0.0
188.0 13.3620043197 1.0
117.0 0.933834405395 0.0
47.0 8.77524397732 1.0
33.0 1.01230317886 0.0
124.0 1.05785068598 0.0
31.0 0.990086832815 0.0
83.0 8.79073904846 1.0
35.0 1.06246047586 0.0
135.0 1.01738753234 0.0
85.0 8.83719544857 1.0
104.0 0.972000450642 0.0
52.0 8.81579892563 1.0
152.0 2.37214234278 0.0
object 99	1.0:0.5 -4.99163367803:0.5
13.0 -4.98692559405 1.0
123.0 1.01175821782 0.0
12.0 1.03145234716 0.0
90.0 -5.03717738107 1.0
115.0 -5.00283610753 1.0
102.0 -4.98285077212 1.0
92.0 1.06552316369 0.0
156.0 -2.48839656365 0.0
122.0 -5.04246330096 1.0
176.0 0.47316593261 0.0
178.0 -2.51910157459 1.0
72.0 -5.01407434464 1.0
60.0 1.03817298254 0.0
26.0 0.982116478236 0.0
120.0 0.938860777159 0.0
95.0 -5.04703926416 1.0
108.0 0.994728432851 0.0
128.0 0.924742917645 0.0
19.0 -5.01693548763 1.0
194.0 -1.74752922465 0.0
82.0 0.966683448137 0.0
134.0 1.00447788375 0.0
7.0 -4.90867105167 1.0
149.0 -4.20630694834 1.0
158.0 -0.0579745835817 0.0
80.0 1.04611586535 0.0
85.0 -4.98829784478 1.0
31.0 1.06344049451 0.0
191.0 -12.048222367 1.0
87.0 1.03194974232 0.0
93.0 0.961434838368 0.0
167.0 -6.49604570754 1.0
140.0 -4.07709864649 1.0
67.0 -5.03312228217 1.0
61.0 -5.04020450362 1.0
179.0 -4.29575658922 1.0
55.0 -5.02056184679 1.0
68.0 1.00284652076 0.0
