object 0	1.0:1.0
47.0 1.07629944034 1.0
112.0 0.99876743563 1.0
55.0 0.955047145377 1.0
object 1	1.0:1.0
98.0 1.00804261429 1.0
65.0 1.02688294306 1.0
39.0 1.0342232328 1.0
107.0 0.985584642153 1.0
126.0 1.03538572909 1.0
object 2	1.0:1.0
44.0 1.01198739953 1.0
75.0 1.00043863187 1.0
object 3	1.0:1.0
53.0 0.948565699007 1.0
11.0 0.969857187174 1.0
object 4	1.0:1.0
151.0 1.01373929747 1.0
157.0 1.04350484622 1.0
126.0 1.00564474563 1.0
136.0 0.91829524318 1.0
object 5	1.0:1.0
183.0 0.486521555882 1.0
88.0 1.01020238176 1.0
object 6	1.0:1.0
149.0 0.988917575358 1.0
138.0 1.0008081939 1.0
188.0 -0.35187761132 1.0
29.0 1.08440992654 1.0
object 7	1.0:1.0
9.0 0.993436960012 1.0
175.0 -0.528104100195 1.0
object 8	1.0:1.0
65.0 1.01880438743 1.0
126.0 0.988693440783 1.0
196.0 2.21099836252 1.0
112.0 1.00827538726 1.0
78.0 0.985160835949 1.0
object 9	1.0:1.0
97.0 0.98475220946 1.0
192.0 11.3042095199 1.0
object 10	1.0:1.0
140.0 1.03475698497 1.0
191.0 7.02622814653 1.0
37.0 1.0017180053 1.0
187.0 1.15977966311 1.0
52.0 0.947392533047 1.0
object 11	1.0:1.0
107.0 1.03515987463 1.0
171.0 1.41169737084 1.0
144.0 0.985965991104 1.0
46.0 0.992188058825 1.0
125.0 1.02428371499 1.0
193.0 -1.5694368051 1.0
object 12	1.0:1.0
159.0 0.962051816827 1.0
187.0 -1.27167422449 1.0
29.0 0.983188174636 1.0
180.0 2.35041745818 1.0
146.0 0.997836275701 1.0
73.0 0.994720666213 1.0
object 13	1.0:1.0
16.0 0.987094553894 1.0
64.0 0.893519187227 1.0
object 14	1.0:1.0
6.0 1.00632279559 1.0
167.0 2.85786030057 1.0
155.0 1.01197653363 1.0
83.0 1.06460511197 1.0
object 15	1.0:1.0
160.0 3.26580470255 1.0
31.0 1.0000619018 1.0
59.0 1.04370616463 1.0
125.0 1.10088178072 1.0
object 16	1.0:1.0
24.0 0.976623217098 1.0
50.0 1.02834453439 1.0
object 17	1.0:1.0
41.0 1.01679080889 1.0
114.0 1.00447280056 1.0
object 18	1.0:1.0
57.0 0.979802203958 1.0
52.0 0.975415985598 1.0
object 19	1.0:1.0
57.0 1.03659283677 1.0
137.0 1.00091662212 1.0
object 20	1.0:1.0
86.0 1.02490012254 1.0
190.0 -1.75432730634 1.0
80.0 1.00358273866 1.0
object 21	1.0:1.0
139.0 0.985828032213 1.0
132.0 0.993244768297 1.0
object 22	1.0:1.0
110.0 0.962606373354 1.0
146.0 0.986149331533 1.0
object 23	1.0:1.0
131.0 0.976681325062 1.0
167.0 4.41292071822 1.0
96.0 0.954940313848 1.0
object 24	1.0:1.0
14.0 1.01726249137 1.0
154.0 1.01917780401 1.0
object 25	1.0:1.0
119.0 1.01172446123 1.0
113.0 1.00287516154 1.0
182.0 2.4359665331 1.0
18.0 1.05192768992 1.0
166.0 0.560802621189 1.0
object 26	1.0:1.0
84.0 0.971923779698 1.0
103.0 1.01346641047 1.0
object 27	1.0:1.0
96.0 0.986896164619 1.0
120.0 1.00531260294 1.0
63.0 1.02923707754 1.0
object 28	1.0:1.0
108.0 0.97998302315 1.0
82.0 0.971826260574 1.0
object 29	1.0:1.0
129.0 1.10990344814 1.0
50.0 1.00209284864 1.0
11.0 0.981950261929 1.0
19.0 0.995133228283 1.0
object 30	1.0:1.0
128.0 0.947269773609 1.0
97.0 1.00532590823 1.0
64.0 0.983646851954 1.0
149.0 1.03140629309 1.0
object 31	1.0:1.0
159.0 0.985039700128 1.0
57.0 1.03362895651 1.0
136.0 1.01453681755 1.0
object 32	1.0:1.0
96.0 0.956517945859 1.0
152.0 1.02716669185 1.0
object 33	1.0:1.0
110.0 1.07076283022 1.0
8.0 1.04394015682 1.0
object 34	1.0:1.0
121.0 0.957725644763 1.0
1.0 1.02580334624 1.0
object 35	1.0:1.0
154.0 0.980983048724 1.0
121.0 0.953551267228 1.0
85.0 0.95783024817 1.0
29.0 0.894024603963 1.0
object 36	1.0:1.0
42.0 1.01602214521 1.0
90.0 1.01930615987 1.0
object 37	1.0:1.0
122.0 0.982987472993 1.0
25.0 1.00463826995 1.0
129.0 1.03065570213 1.0
object 38	1.0:1.0
24.0 1.01477966807 1.0
167.0 1.65884751589 1.0
object 39	1.0:1.0
189.0 -1.81059497102 1.0
17.0 1.0516552009 1.0
4.0 1.03880664698 1.0
object 40	1.0:1.0
160.0 3.93828090485 1.0
131.0 0.973369740648 1.0
object 41	1.0:1.0
134.0 0.968854801784 1.0
178.0 1.79776938716 1.0
22.0 1.0038084073 1.0
object 42	1.0:1.0
161.0 4.03050429006 1.0
93.0 1.03544147277 1.0
141.0 1.01787195252 1.0
object 43	1.0:1.0
167.0 0.939195974802 1.0
134.0 1.06226606724 1.0
object 44	1.0:1.0
54.0 1.00786368405 1.0
57.0 0.987162606313 1.0
object 45	1.0:1.0
133.0 0.997374251206 1.0
196.0 1.49915686613 1.0
object 46	1.0:1.0
3.0 1.00290456499 1.0
195.0 0.0724834073947 1.0
object 47	1.0:1.0
131.0 1.03031222704 1.0
67.0 1.00170387797 1.0
object 48	1.0:1.0
71.0 1.0245698411 1.0
28.0 0.999067620431 1.0
object 49	1.0:1.0
76.0 0.971464340174 1.0
0.0 0.995726600965 1.0
109.0 0.986311910541 1.0
object 50	1.0:1.0
44.0 1.02710841776 1.0
138.0 1.00617098915 1.0
object 51	1.0:1.0
132.0 0.982570087546 1.0
95.0 0.986215787712 1.0
195.0 2.61934712876 1.0
104.0 1.01220009222 1.0
128.0 1.03762492586 1.0
5.0 1.00055339748 1.0
object 52	1.0:1.0
69.0 0.973567217479 1.0
90.0 0.991312892464 1.0
object 53	1.0:1.0
0.0 1.00219720738 1.0
113.0 1.01430077298 1.0
object 54	1.0:1.0
156.0 1.00147137148 1.0
147.0 1.04130350385 1.0
object 55	1.0:1.0
138.0 0.949337594972 1.0
98.0 0.995740049743 1.0
44.0 0.984869133606 1.0
163.0 2.43276453123 1.0
object 56	1.0:1.0
112.0 0.963549340577 1.0
178.0 -0.00308258055437 1.0
54.0 0.99672721179 1.0
13.0 1.08958265646 1.0
object 57	1.0:1.0
4.0 1.00217914665 1.0
87.0 0.985699486674 1.0
80.0 1.0189815263 1.0
112.0 0.957761520578 1.0
object 58	1.0:1.0
30.0 0.951242535848 1.0
17.0 0.931335230306 1.0
object 59	1.0:1.0
188.0 -0.537076635681 1.0
139.0 1.00825123447 1.0
46.0 0.992677965644 1.0
6.0 1.02999945831 1.0
object 60	1.0:1.0
95.0 1.0092168935 1.0
15.0 1.02171005383 1.0
189.0 -1.66364746945 1.0
143.0 0.978236650943 1.0
107.0 0.982813553513 1.0
104.0 1.01578395639 1.0
197.0 5.0606085665 1.0
object 61	1.0:1.0
165.0 0.944710641155 1.0
195.0 -1.78159059074 1.0
object 62	1.0:1.0
175.0 -0.756368214083 1.0
111.0 1.04771145284 1.0
object 63	1.0:1.0
147.0 1.03038324197 1.0
12.0 1.01497522985 1.0
object 64	1.0:1.0
12.0 0.972823771594 1.0
83.0 0.970041756493 1.0
52.0 1.01429102869 1.0
79.0 0.976879952292 1.0
object 65	1.0:1.0
104.0 1.01927494359 1.0
138.0 0.995653846277 1.0
45.0 0.904523958178 1.0
63.0 0.97940269552 1.0
object 66	1.0:1.0
40.0 0.980120731068 1.0
61.0 1.04200601621 1.0
11.0 0.982112362202 1.0
113.0 0.974618025431 1.0
95.0 0.991461883233 1.0
183.0 -3.70202130105 1.0
object 67	1.0:1.0
169.0 0.828612694127 1.0
167.0 1.11725759312 1.0
65.0 0.969011075686 1.0
object 68	1.0:1.0
153.0 0.952119230036 1.0
130.0 1.06491016441 1.0
186.0 3.71534933793 1.0
object 69	1.0:1.0
42.0 1.01231934242 1.0
187.0 -2.95147253233 1.0
8.0 1.00437305378 1.0
104.0 0.993883537471 1.0
object 70	1.0:1.0
59.0 0.998965103814 1.0
44.0 1.00533747162 1.0
62.0 1.04150599727 1.0
68.0 0.974024956848 1.0
193.0 5.97560636399 1.0
object 71	1.0:1.0
27.0 1.01923659449 1.0
29.0 1.01009727663 1.0
153.0 0.96478977542 1.0
180.0 0.933091259588 1.0
32.0 1.00046374092 1.0
object 72	1.0:1.0
8.0 1.04163337012 1.0
123.0 0.972457868635 1.0
185.0 -0.541992539965 1.0
object 73	1.0:1.0
171.0 4.58268107 1.0
73.0 1.01931343449 1.0
object 74	1.0:1.0
140.0 0.961788679836 1.0
67.0 0.986116570843 1.0
object 75	1.0:1.0
79.0 0.991838055346 1.0
21.0 1.01169618859 1.0
148.0 0.961792993377 1.0
18.0 1.02185814181 1.0
33.0 1.04107718941 1.0
object 76	1.0:1.0
74.0 0.980219742002 1.0
54.0 0.990855426514 1.0
object 77	1.0:1.0
170.0 -0.0902241514551 1.0
60.0 1.00648344795 1.0
object 78	1.0:1.0
0.0 0.991312180975 1.0
18.0 1.0233209677 1.0
object 79	1.0:1.0
26.0 1.00872959229 1.0
117.0 0.973435368543 1.0
object 80	1.0:1.0
181.0 3.93623617848 1.0
84.0 1.02736912005 1.0
object 81	1.0:1.0
166.0 1.53123325848 1.0
43.0 0.991088795464 1.0
154.0 0.993966300391 1.0
9.0 0.967591322717 1.0
object 82	1.0:1.0
139.0 1.00527747877 1.0
9.0 0.987805779608 1.0
object 83	1.0:1.0
116.0 1.06459831032 1.0
8.0 0.994939374295 1.0
150.0 0.962045269812 1.0
object 84	1.0:1.0
111.0 1.0196824531 1.0
173.0 -0.498780601108 1.0
59.0 0.99879036115 1.0
57.0 1.03186249151 1.0
60.0 0.993766904839 1.0
object 85	1.0:1.0
92.0 1.00877301216 1.0
186.0 4.19921198864 1.0
23.0 0.994877942531 1.0
object 86	1.0:1.0
37.0 1.01182512835 1.0
110.0 0.980244293386 1.0
115.0 1.02339960004 1.0
19.0 1.00774687607 1.0
54.0 0.968197190378 1.0
object 87	1.0:1.0
31.0 0.984013262473 1.0
149.0 0.997610602708 1.0
26.0 1.01694866716 1.0
65.0 0.996749527923 1.0
64.0 0.923816627039 1.0
138.0 1.01749633035 1.0
object 88	1.0:1.0
50.0 0.963245546361 1.0
159.0 1.01415860359 1.0
object 89	1.0:1.0
92.0 1.0038792011 1.0
52.0 1.04075290377 1.0
193.0 -4.72049733614 1.0
object 90	1.0:1.0
19.0 1.01052528854 1.0
36.0 0.996431875168 1.0
62.0 1.04317048358 1.0
27.0 0.875552112385 1.0
object 91	1.0:1.0
56.0 0.989291310596 1.0
4.0 0.992694669143 1.0
object 92	1.0:1.0
47.0 1.033573523 1.0
124.0 1.0904319004 1.0
144.0 0.984214952563 1.0
176.0 1.27971929706 1.0
object 93	1.0:1.0
86.0 1.0319127713 1.0
5.0 1.01095097288 1.0
object 94	1.0:1.0
119.0 0.996206549596 1.0
162.0 -3.78906453486 1.0
object 95	1.0:1.0
98.0 1.00599004497 1.0
36.0 1.01151485031 1.0
80.0 1.01738698184 1.0
object 96	1.0:1.0
68.0 1.01746731921 1.0
191.0 0.404782741148 1.0
2.0 0.998027378623 1.0
170.0 1.68287899287 1.0
object 97	1.0:1.0
176.0 7.82705449877 1.0
11.0 0.989867447995 1.0
object 98	1.0:1.0
151.0 0.979167706751 1.0
36.0 1.0097904792 1.0
object 99	1.0:1.0
109.0 0.998500244017 1.0
77.0 1.01713400758 1.0
