object 0	1.0:1.0
41.0 0.9858288998 1.0
106.0 0.972765375749 1.0
47.0 0.966738536664 1.0
object 1	1.0:1.0
77.0 0.985035449789 1.0
74.0 1.03833510087 1.0
71.0 1.00345387028 1.0
56.0 0.991445429418 1.0
object 2	1.0:1.0
71.0 1.00199824827 1.0
151.0 1.26722527936 1.0
189.0 5.31806433719 1.0
object 3	1.0:1.0
84.0 0.973795739964 1.0
182.0 -4.76501626013 1.0
object 4	1.0:1.0
55.0 0.973033181333 1.0
150.0 -1.22247489979 1.0
object 5	1.0:1.0
54.0 0.985971794565 1.0
34.0 0.935997586272 1.0
object 6	1.0:1.0
49.0 1.00995871244 1.0
87.0 1.00936026471 1.0
167.0 -0.0886630067939 1.0
20.0 0.992533555372 1.0
object 7	1.0:1.0
175.0 -0.504943486221 1.0
59.0 1.02744157392 1.0
144.0 -4.22584135465 1.0
object 8	1.0:1.0
7.0 0.963098594461 1.0
22.0 1.0153058024 1.0
115.0 0.970755581746 1.0
41.0 0.942109961106 1.0
object 9	1.0:1.0
178.0 -0.0729687271608 1.0
81.0 0.960071166113 1.0
60.0 1.06322145056 1.0
165.0 7.31178893639 1.0
143.0 -1.22641398857 1.0
125.0 1.01435419096 1.0
146.0 1.35575220158 1.0
75.0 0.943008287324 1.0
object 10	1.0:1.0
182.0 3.69635248794 1.0
101.0 1.02014491405 1.0
object 11	1.0:1.0
72.0 0.997736862612 1.0
49.0 0.97328535614 1.0
101.0 1.0505438138 1.0
object 12	1.0:1.0
180.0 -1.09046494792 1.0
172.0 0.361790463951 1.0
object 13	1.0:1.0
48.0 0.964470419919 1.0
95.0 1.01673866486 1.0
object 14	1.0:1.0
87.0 1.01186669595 1.0
198.0 1.41313837499 1.0
61.0 1.01609687237 1.0
55.0 1.0286477021 1.0
63.0 0.997513680127 1.0
object 15	1.0:1.0
140.0 -5.84111677993 1.0
185.0 0.218692923417 1.0
object 16	1.0:1.0
144.0 -1.11290166129 1.0
35.0 0.998367644214 1.0
149.0 2.87893671343 1.0
37.0 1.00947919189 1.0
143.0 -0.703839003311 1.0
110.0 1.0061796676 1.0
object 17	1.0:1.0
19.0 0.996158069492 1.0
145.0 5.20436103318 1.0
103.0 1.034671351 1.0
155.0 3.368674046 1.0
object 18	1.0:1.0
118.0 1.06314907662 1.0
5.0 1.01868080625 1.0
180.0 -0.91223102776 1.0
163.0 1.5128617799 1.0
object 19	1.0:1.0
35.0 1.03505851334 1.0
43.0 1.01480202476 1.0
object 20	1.0:1.0
30.0 1.03354644403 1.0
173.0 -5.26175384561 1.0
90.0 0.990744012829 1.0
129.0 0.997849574483 1.0
object 21	1.0:1.0
167.0 -0.890648079144 1.0
61.0 1.00441923241 1.0
object 22	1.0:1.0
89.0 1.01221162554 1.0
156.0 -1.45697299312 1.0
78.0 0.988991956338 1.0
object 23	1.0:1.0
66.0 0.947435877674 1.0
75.0 1.01654145523 1.0
object 24	1.0:1.0
22.0 1.01727947826 1.0
35.0 1.01201145795 1.0
object 25	1.0:1.0
196.0 0.929723907223 1.0
143.0 1.27649282809 1.0
object 26	1.0:1.0
157.0 5.90400859372 1.0
36.0 1.01138103587 1.0
object 27	1.0:1.0
154.0 2.41562031631 1.0
101.0 0.991646160233 1.0
object 28	1.0:1.0
34.0 0.996022683188 1.0
116.0 1.0159799143 1.0
157.0 1.50721247911 1.0
101.0 1.08896314317 1.0
object 29	1.0:1.0
142.0 0.966670021373 1.0
75.0 0.918600494286 1.0
object 30	1.0:1.0
10.0 0.99218087105 1.0
194.0 -3.14136220628 1.0
object 31	1.0:1.0
63.0 1.00515090757 1.0
168.0 6.2652254578 1.0
object 32	1.0:1.0
135.0 0.968473029347 1.0
139.0 1.02443501887 1.0
66.0 0.944330819833 1.0
189.0 -3.32045324962 1.0
object 33	1.0:1.0
12.0 1.00543493395 1.0
187.0 0.774982821434 1.0
111.0 0.972454541587 1.0
object 34	1.0:1.0
125.0 0.999117327038 1.0
173.0 -1.91517739319 1.0
25.0 0.982262157617 1.0
object 35	1.0:1.0
119.0 1.02002862658 1.0
41.0 1.02202134454 1.0
object 36	1.0:1.0
26.0 0.987995170775 1.0
84.0 0.980884561759 1.0
object 37	1.0:1.0
181.0 -3.37790514087 1.0
164.0 10.0986634403 1.0
object 38	1.0:1.0
2.0 1.03102707793 1.0
161.0 0.168890015052 1.0
54.0 0.981829384918 1.0
21.0 0.948477915147 1.0
object 39	1.0:1.0
86.0 0.994806980934 1.0
171.0 1.49234252519 1.0
10.0 0.995938766434 1.0
55.0 1.00564219173 1.0
130.0 0.98220907651 1.0
101.0 1.00729960856 1.0
object 40	1.0:1.0
29.0 0.92400261733 1.0
7.0 1.03001039438 1.0
131.0 1.02166973701 1.0
object 41	1.0:1.0
178.0 2.63783106398 1.0
93.0 1.04881866727 1.0
object 42	1.0:1.0
98.0 0.992346041171 1.0
170.0 1.80860481376 1.0
object 43	1.0:1.0
108.0 0.945948820813 1.0
91.0 0.99544977994 1.0
179.0 10.2654472259 1.0
63.0 1.00802869137 1.0
149.0 1.24163289693 1.0
object 44	1.0:1.0
111.0 1.01522383772 1.0
25.0 1.01847699753 1.0
80.0 1.0023591025 1.0
122.0 0.990497078907 1.0
61.0 1.00828700083 1.0
object 45	1.0:1.0
16.0 0.984543271504 1.0
180.0 -1.63801295318 1.0
89.0 0.998792173972 1.0
object 46	1.0:1.0
135.0 1.0222362928 1.0
83.0 1.07423305614 1.0
35.0 1.01105300836 1.0
object 47	1.0:1.0
9.0 1.01360403893 1.0
58.0 1.00037814265 1.0
86.0 1.00319464598 1.0
106.0 0.983761911753 1.0
object 48	1.0:1.0
89.0 1.0140047768 1.0
144.0 0.602433085521 1.0
object 49	1.0:1.0
147.0 0.620178894214 1.0
164.0 -0.969089142936 1.0
object 50	1.0:1.0
159.0 2.71820045427 1.0
19.0 0.994633825322 1.0
121.0 1.01019596029 1.0
object 51	1.0:1.0
58.0 0.981430506159 1.0
141.0 3.15979396459 1.0
36.0 1.07020622462 1.0
object 52	1.0:1.0
193.0 -1.75192328797 1.0
171.0 2.80392591212 1.0
85.0 1.00664120923 1.0
121.0 0.982161451389 1.0
object 53	1.0:1.0
2.0 0.981980345232 1.0
154.0 -1.88108338355 1.0
196.0 -1.83705938248 1.0
34.0 1.07799205592 1.0
object 54	1.0:1.0
154.0 3.29552677339 1.0
24.0 0.989215942815 1.0
95.0 1.01452561233 1.0
object 55	1.0:1.0
145.0 13.2566445765 1.0
129.0 0.983806665121 1.0
141.0 -4.170811527 1.0
object 56	1.0:1.0
118.0 0.988351295574 1.0
6.0 0.970146537465 1.0
38.0 0.982788529 1.0
object 57	1.0:1.0
145.0 0.352663464327 1.0
173.0 -1.89691268695 1.0
object 58	1.0:1.0
82.0 1.01453351299 1.0
16.0 1.0449032079 1.0
object 59	1.0:1.0
93.0 1.00799649942 1.0
120.0 0.998818785992 1.0
26.0 1.00057145592 1.0
186.0 0.17855592365 1.0
41.0 0.973448177061 1.0
88.0 1.05287879421 1.0
96.0 0.991718444243 1.0
object 60	1.0:1.0
2.0 0.968053521692 1.0
54.0 0.996715597787 1.0
80.0 1.00096175769 1.0
object 61	1.0:1.0
179.0 6.06113549663 1.0
32.0 0.916485372767 1.0
160.0 1.73982735716 1.0
10.0 1.02799469391 1.0
84.0 0.996703512305 1.0
object 62	1.0:1.0
151.0 -4.45671770707 1.0
169.0 1.59365652717 1.0
41.0 1.04068999959 1.0
104.0 0.996475427446 1.0
object 63	1.0:1.0
14.0 1.00981773712 1.0
121.0 1.0195060064 1.0
object 64	1.0:1.0
93.0 1.05707005142 1.0
52.0 1.02130776816 1.0
3.0 0.992204899387 1.0
object 65	1.0:1.0
15.0 0.968010292141 1.0
96.0 1.02268535958 1.0
109.0 0.995452353467 1.0
135.0 1.03959928442 1.0
object 66	1.0:1.0
113.0 1.00261603926 1.0
74.0 0.946050487128 1.0
146.0 4.31204208129 1.0
92.0 1.0314290542 1.0
object 67	1.0:1.0
92.0 0.967866841311 1.0
44.0 0.990889534327 1.0
177.0 2.55290249203 1.0
object 68	1.0:1.0
154.0 -1.17427474641 1.0
150.0 -4.59947673041 1.0
object 69	1.0:1.0
52.0 1.02965077831 1.0
46.0 0.975947310258 1.0
object 70	1.0:1.0
136.0 0.92742049914 1.0
60.0 1.0561723361 1.0
object 71	1.0:1.0
53.0 0.953074978177 1.0
27.0 1.01792868445 1.0
object 72	1.0:1.0
195.0 1.43508932656 1.0
23.0 0.994796353968 1.0
131.0 0.997298484416 1.0
object 73	1.0:1.0
132.0 1.03461623916 1.0
7.0 0.974252853529 1.0
object 74	1.0:1.0
29.0 1.02189344542 1.0
4.0 1.02191022377 1.0
object 75	1.0:1.0
63.0 0.987749568186 1.0
96.0 0.953346374191 1.0
147.0 1.40112866499 1.0
object 76	1.0:1.0
153.0 4.03910185639 1.0
6.0 0.976285933412 1.0
50.0 1.01274148612 1.0
19.0 1.00975335592 1.0
43.0 0.99455576246 1.0
object 77	1.0:1.0
142.0 -0.254928929578 1.0
110.0 0.9188784386 1.0
object 78	1.0:1.0
77.0 1.03143429558 1.0
88.0 1.00869871904 1.0
153.0 2.45761885232 1.0
58.0 0.987704445048 1.0
object 79	1.0:1.0
135.0 0.99211200832 1.0
177.0 7.46589187434 1.0
object 80	1.0:1.0
160.0 1.66028178006 1.0
168.0 0.468335194573 1.0
object 81	1.0:1.0
126.0 0.995845733537 1.0
40.0 1.00509695859 1.0
108.0 0.980413714721 1.0
105.0 0.987452955898 1.0
128.0 0.960263136235 1.0
51.0 1.01338102261 1.0
object 82	1.0:1.0
14.0 1.00741347176 1.0
27.0 0.965096695935 1.0
22.0 0.981361878896 1.0
154.0 -1.314606523 1.0
object 83	1.0:1.0
46.0 0.99300742378 1.0
17.0 1.030908936 1.0
object 84	1.0:1.0
190.0 -5.73971444918 1.0
111.0 1.00506398711 1.0
192.0 1.60472531141 1.0
52.0 0.990956495784 1.0
object 85	1.0:1.0
5.0 1.00356862017 1.0
30.0 0.953160308099 1.0
132.0 0.963675007442 1.0
object 86	1.0:1.0
50.0 0.979706262092 1.0
47.0 0.912707375972 1.0
197.0 1.18057421974 1.0
42.0 1.00965829631 1.0
object 87	1.0:1.0
16.0 0.983213032687 1.0
89.0 0.976930677377 1.0
object 88	1.0:1.0
132.0 1.00398767027 1.0
97.0 0.99413155941 1.0
107.0 0.987291449406 1.0
114.0 1.00126627317 1.0
object 89	1.0:1.0
15.0 0.974728112985 1.0
6.0 0.989916487557 1.0
object 90	1.0:1.0
112.0 1.01545833571 1.0
100.0 0.996665851517 1.0
86.0 0.992280830374 1.0
177.0 -2.94922930314 1.0
81.0 1.03387845189 1.0
92.0 1.02134123971 1.0
object 91	1.0:1.0
2.0 0.977097385933 1.0
98.0 0.996865130301 1.0
64.0 1.00616995911 1.0
199.0 3.85126345973 1.0
71.0 1.01311614006 1.0
41.0 1.03701551076 1.0
object 92	1.0:1.0
30.0 1.03440402528 1.0
0.0 1.01543302776 1.0
object 93	1.0:1.0
32.0 0.979866990562 1.0
16.0 1.02212111979 1.0
49.0 0.990167922519 1.0
object 94	1.0:1.0
110.0 1.04484836967 1.0
74.0 1.0030504021 1.0
object 95	1.0:1.0
130.0 1.04741629544 1.0
66.0 0.99049852556 1.0
25.0 0.969165294224 1.0
95.0 0.991398521583 1.0
object 96	1.0:1.0
89.0 0.999534788595 1.0
129.0 1.02558571995 1.0
104.0 0.976405598339 1.0
38.0 1.00308417659 1.0
76.0 0.955835908807 1.0
object 97	1.0:1.0
98.0 1.02126669218 1.0
163.0 2.32422636288 1.0
166.0 0.627060666033 1.0
57.0 0.962130262212 1.0
141.0 -1.7147217637 1.0
object 98	1.0:1.0
191.0 0.370849236888 1.0
162.0 3.48518131348 1.0
55.0 1.02540139304 1.0
33.0 0.99760202716 1.0
object 99	1.0:1.0
183.0 3.03113712443 1.0
162.0 3.56113182434 1.0
