object 0	1.0:1.0
198.0 0.868055130694 1.0
132.0 1.00617598235 1.0
141.0 0.998629088834 1.0
103.0 1.00165991274 1.0
142.0 1.00518371949 1.0
9.0 0.991650787216 1.0
138.0 0.956010523374 1.0
90.0 1.03411438468 1.0
43.0 0.997279837388 1.0
196.0 0.578485679041 1.0
162.0 0.964719884886 1.0
106.0 0.976433871094 1.0
3.0 1.0483638717 1.0
112.0 0.995388767833 1.0
37.0 0.95145560162 1.0
52.0 0.993109102893 1.0
160.0 0.999145629612 1.0
130.0 1.04517508009 1.0
60.0 0.997027654597 1.0
64.0 1.03469046472 1.0
129.0 1.00779141458 1.0
82.0 1.00169815283 1.0
36.0 0.941214744186 1.0
115.0 0.995047461317 1.0
123.0 1.0398269027 1.0
159.0 0.98485929433 1.0
56.0 0.997600501525 1.0
76.0 0.976722656491 1.0
22.0 0.993926439542 1.0
163.0 1.0342979279 1.0
177.0 1.04888503141 1.0
108.0 0.984468908209 1.0
61.0 1.003224212 1.0
11.0 1.00072089652 1.0
87.0 1.01814895435 1.0
147.0 0.896529054077 1.0
object 1	1.0:1.0
48.0 1.00333685282 1.0
118.0 0.986131139543 1.0
120.0 1.00268886076 1.0
71.0 0.997417731233 1.0
158.0 0.951701213534 1.0
133.0 0.970942767195 1.0
141.0 0.959305236342 1.0
84.0 1.00566042064 1.0
13.0 1.02355246671 1.0
167.0 0.994067998787 1.0
11.0 0.983044838487 1.0
193.0 2.07853963569 1.0
194.0 1.92534508521 1.0
102.0 0.961118311939 1.0
32.0 0.978254960262 1.0
82.0 1.00996009952 1.0
5.0 0.976307171205 1.0
169.0 1.0045888793 1.0
89.0 0.949117914436 1.0
74.0 0.985998578753 1.0
180.0 -1.84813184366 1.0
139.0 1.00421670047 1.0
153.0 1.03444857257 1.0
63.0 1.01898318301 1.0
134.0 0.955642022127 1.0
68.0 1.01066881357 1.0
object 2	1.0:1.0
46.0 0.938571696426 1.0
73.0 0.997691525167 1.0
135.0 0.973377577221 1.0
170.0 0.984583860542 1.0
185.0 2.93734177951 1.0
128.0 1.02130223554 1.0
197.0 0.176664000644 1.0
149.0 0.980868426836 1.0
176.0 1.00714241501 1.0
72.0 1.04381516023 1.0
55.0 1.03391485696 1.0
137.0 1.04173197205 1.0
11.0 1.0087586872 1.0
167.0 0.961037243521 1.0
123.0 0.982082406078 1.0
160.0 0.997416117622 1.0
17.0 0.932231581755 1.0
object 3	1.0:1.0
162.0 1.00817335308 1.0
106.0 0.931205489109 1.0
169.0 0.980481428457 1.0
116.0 0.920634372338 1.0
109.0 0.990973248374 1.0
89.0 1.07610867292 1.0
68.0 0.98480506949 1.0
101.0 1.00879833191 1.0
100.0 1.01548734453 1.0
155.0 1.03461481426 1.0
171.0 0.994306994102 1.0
86.0 0.970597473309 1.0
113.0 0.974642454802 1.0
6.0 0.998261909581 1.0
190.0 0.980029497868 1.0
92.0 0.956540540452 1.0
69.0 1.00404854874 1.0
88.0 0.979152443813 1.0
85.0 1.01155543128 1.0
51.0 1.01759910166 1.0
191.0 2.41449567596 1.0
167.0 1.04629464099 1.0
7.0 0.973269098583 1.0
118.0 1.04439030126 1.0
187.0 2.31600209471 1.0
object 4	1.0:1.0
59.0 1.00698703554 1.0
71.0 0.995253031888 1.0
64.0 0.996837265294 1.0
185.0 1.00569120145 1.0
30.0 0.967583773741 1.0
105.0 0.997743415019 1.0
92.0 1.01515254337 1.0
21.0 1.00473225132 1.0
123.0 1.01761400034 1.0
190.0 0.289786560204 1.0
12.0 0.977024727952 1.0
104.0 1.02894101887 1.0
159.0 0.969277376325 1.0
40.0 0.971031220094 1.0
165.0 1.0070132177 1.0
96.0 1.04098264688 1.0
23.0 0.997929152593 1.0
116.0 1.01007670455 1.0
39.0 0.995124118449 1.0
173.0 1.00246506412 1.0
147.0 1.0095456017 1.0
38.0 1.01377151435 1.0
87.0 1.02318932744 1.0
197.0 1.47938817556 1.0
object 5	1.0:1.0
72.0 1.00349218878 1.0
141.0 1.02450227161 1.0
85.0 1.0037387013 1.0
41.0 0.984490226243 1.0
14.0 1.00911797035 1.0
91.0 0.987864656193 1.0
90.0 0.97926311057 1.0
169.0 0.98972883342 1.0
1.0 1.01435471922 1.0
4.0 0.995340493704 1.0
74.0 0.99022643917 1.0
118.0 0.986323649255 1.0
69.0 1.00775036118 1.0
197.0 1.22879921862 1.0
56.0 1.00831720082 1.0
172.0 1.00206630595 1.0
22.0 1.00310774651 1.0
54.0 1.0050477521 1.0
25.0 1.01196545046 1.0
89.0 1.01617387258 1.0
127.0 0.987795200811 1.0
105.0 0.999236498918 1.0
3.0 1.04129280693 1.0
151.0 0.987844198199 1.0
86.0 0.996607152317 1.0
136.0 1.0228798235 1.0
84.0 0.982143145576 1.0
119.0 1.00246318965 1.0
189.0 1.14218896589 1.0
object 6	1.0:1.0
100.0 1.03874078476 1.0
158.0 0.985840201376 1.0
28.0 1.04697073629 1.0
66.0 1.02354300651 1.0
29.0 0.990972992885 1.0
37.0 1.03380723783 1.0
81.0 1.01450795874 1.0
193.0 4.31983545589 1.0
41.0 0.943109881433 1.0
176.0 1.06872054671 1.0
57.0 0.995080892023 1.0
62.0 1.021501749 1.0
170.0 0.997704907209 1.0
105.0 0.999709673219 1.0
26.0 1.00799021213 1.0
127.0 0.994484093093 1.0
186.0 2.33098011777 1.0
83.0 1.01558652029 1.0
7.0 1.0297492592 1.0
64.0 0.970590594149 1.0
164.0 1.01286833307 1.0
19.0 1.04937464221 1.0
121.0 0.993536824874 1.0
67.0 1.00779922411 1.0
157.0 0.994121505492 1.0
168.0 1.00933800675 1.0
110.0 1.00775520265 1.0
122.0 0.994710889109 1.0
88.0 1.03539358491 1.0
object 7	1.0:1.0
192.0 1.43764568186 1.0
19.0 1.06383455394 1.0
32.0 1.00496003892 1.0
83.0 1.02137777754 1.0
5.0 1.00832659246 1.0
113.0 0.97708152897 1.0
23.0 1.00055217825 1.0
68.0 0.928286400799 1.0
117.0 0.921335841157 1.0
147.0 1.00228702102 1.0
191.0 -2.32700590574 1.0
145.0 1.00538843536 1.0
38.0 0.951228393708 1.0
92.0 1.01010175663 1.0
58.0 0.992817620305 1.0
71.0 0.973861258232 1.0
93.0 0.924385221369 1.0
185.0 3.66077112429 1.0
62.0 0.986255092865 1.0
object 8	1.0:1.0
101.0 0.999273176356 1.0
143.0 0.988147706476 1.0
151.0 1.00668258137 1.0
177.0 0.955700187546 1.0
82.0 1.01993375272 1.0
114.0 0.977762925986 1.0
176.0 1.02737331883 1.0
198.0 1.55789861723 1.0
93.0 1.06470913796 1.0
167.0 1.03754031948 1.0
35.0 0.929521124862 1.0
74.0 0.971086484235 1.0
182.0 2.1049757335 1.0
20.0 1.0223139607 1.0
150.0 0.997064563213 1.0
95.0 1.00510681823 1.0
48.0 1.00755050643 1.0
68.0 0.986346842718 1.0
17.0 0.951056841362 1.0
44.0 1.04526884009 1.0
26.0 0.988670794641 1.0
85.0 1.01839018731 1.0
153.0 1.00488060683 1.0
4.0 1.01034200269 1.0
124.0 0.986577845342 1.0
179.0 1.06070649164 1.0
7.0 0.947412569471 1.0
145.0 0.984966013055 1.0
1.0 1.02612900692 1.0
174.0 1.02260469809 1.0
127.0 0.967045704321 1.0
27.0 1.01444645265 1.0
109.0 1.00250901022 1.0
object 9	1.0:1.0
142.0 1.02845771342 1.0
36.0 1.02354264114 1.0
156.0 0.928596819523 1.0
161.0 0.982053749331 1.0
11.0 0.981236519529 1.0
112.0 0.981875043867 1.0
16.0 1.03862810014 1.0
7.0 0.986232070691 1.0
109.0 0.998386145601 1.0
19.0 0.998078353213 1.0
180.0 0.843421414336 1.0
130.0 1.0189998934 1.0
45.0 0.945386386363 1.0
105.0 1.01621482512 1.0
25.0 1.02464114827 1.0
73.0 0.971907702558 1.0
49.0 0.97842719239 1.0
197.0 -0.0185466509175 1.0
181.0 0.480094034448 1.0
158.0 0.990670356432 1.0
104.0 0.998963220954 1.0
87.0 1.01366869083 1.0
121.0 1.0064827512 1.0
196.0 3.22781132544 1.0
154.0 0.99407792716 1.0
object 10	1.0:1.0
186.0 1.18342817174 1.0
107.0 0.960531971077 1.0
11.0 1.02270531643 1.0
192.0 -0.034581483937 1.0
4.0 1.01479296239 1.0
140.0 1.0215695177 1.0
48.0 1.01876428473 1.0
189.0 1.88077440674 1.0
53.0 0.964124315665 1.0
73.0 0.996266914701 1.0
80.0 1.01381082329 1.0
122.0 0.97658188662 1.0
65.0 0.989497480502 1.0
169.0 0.991818145446 1.0
106.0 1.04278843576 1.0
43.0 0.988425128475 1.0
162.0 0.996707914149 1.0
153.0 1.0099799338 1.0
141.0 0.984996065632 1.0
160.0 1.02228979193 1.0
194.0 1.54603510876 1.0
154.0 0.998896973172 1.0
62.0 1.00752954264 1.0
135.0 1.00268368384 1.0
66.0 1.00196073646 1.0
82.0 1.00354401315 1.0
121.0 0.992650431959 1.0
128.0 1.00473181866 1.0
113.0 1.00647090607 1.0
17.0 0.970366970038 1.0
182.0 -2.16825607352 1.0
101.0 1.00312152486 1.0
104.0 1.02064343713 1.0
25.0 0.988253881285 1.0
190.0 1.340718406 1.0
object 11	1.0:1.0
174.0 0.996367148274 1.0
114.0 1.0059910112 1.0
169.0 0.986311108928 1.0
125.0 0.990616538116 1.0
90.0 1.00291850697 1.0
28.0 0.972227102267 1.0
26.0 0.993373292416 1.0
199.0 3.73439990417 1.0
4.0 1.00571518077 1.0
20.0 1.02181592883 1.0
124.0 1.01338717971 1.0
14.0 0.992503711293 1.0
181.0 0.620245503933 1.0
180.0 2.38331188937 1.0
30.0 0.991160981888 1.0
39.0 1.09889177431 1.0
121.0 0.971957229959 1.0
120.0 0.972220997191 1.0
60.0 1.02754436014 1.0
29.0 1.00734091257 1.0
95.0 0.997640813114 1.0
65.0 0.958118121144 1.0
185.0 2.04897768712 1.0
167.0 1.04991026389 1.0
132.0 0.978851933427 1.0
22.0 1.01133594291 1.0
16.0 1.03952836692 1.0
31.0 0.961677781854 1.0
157.0 1.00695734882 1.0
139.0 1.00520933147 1.0
138.0 1.00034963763 1.0
75.0 1.00026035009 1.0
41.0 0.963291363923 1.0
24.0 1.04426188058 1.0
141.0 0.979889344185 1.0
77.0 0.988427961407 1.0
object 12	1.0:1.0
73.0 0.987293672051 1.0
64.0 0.988234617937 1.0
17.0 1.01167638724 1.0
59.0 1.00806478041 1.0
46.0 0.970827129573 1.0
182.0 5.52479682447 1.0
40.0 0.972960523281 1.0
161.0 0.989416780031 1.0
192.0 3.02629440731 1.0
80.0 1.04095361534 1.0
33.0 0.947120196362 1.0
181.0 -0.629666695214 1.0
4.0 0.984581369311 1.0
47.0 0.997527719121 1.0
130.0 0.988283475895 1.0
193.0 2.46869212227 1.0
150.0 1.00961217432 1.0
79.0 0.975802261429 1.0
122.0 0.978801501952 1.0
30.0 0.974808752407 1.0
176.0 0.992068618916 1.0
145.0 1.02108076394 1.0
36.0 1.00687358123 1.0
104.0 1.04475017002 1.0
49.0 0.944171554319 1.0
125.0 1.01425678368 1.0
97.0 1.06323355232 1.0
142.0 1.04472132302 1.0
39.0 1.05257409799 1.0
132.0 0.999767419077 1.0
156.0 0.892364012825 1.0
81.0 0.996798140118 1.0
9.0 1.01390114187 1.0
object 13	1.0:1.0
159.0 1.01380033469 1.0
87.0 0.985015515769 1.0
38.0 0.996162911625 1.0
52.0 0.976510614533 1.0
75.0 1.03045515504 1.0
165.0 0.980740407145 1.0
78.0 1.00115240169 1.0
158.0 0.962683231003 1.0
113.0 1.02565769561 1.0
71.0 0.976019360394 1.0
150.0 0.977936320186 1.0
92.0 1.00625093898 1.0
177.0 1.00944843969 1.0
129.0 0.991157879524 1.0
43.0 1.03511398015 1.0
101.0 1.00484737354 1.0
16.0 0.940553443151 1.0
141.0 0.974735538183 1.0
152.0 1.01893046735 1.0
8.0 0.968299459687 1.0
156.0 0.986011612643 1.0
191.0 1.28132849811 1.0
68.0 1.00838186344 1.0
114.0 0.972554828714 1.0
149.0 0.984588742306 1.0
3.0 1.01323782212 1.0
17.0 0.973092551533 1.0
object 14	1.0:1.0
31.0 1.00854584069 1.0
99.0 1.0105698091 1.0
62.0 0.969944703639 1.0
32.0 0.987021714159 1.0
173.0 0.995569331356 1.0
101.0 1.00354134717 1.0
51.0 0.995033283419 1.0
76.0 1.00544125982 1.0
108.0 0.971980278909 1.0
168.0 0.983171088303 1.0
44.0 0.9307828304 1.0
148.0 1.00836848065 1.0
68.0 1.05420063561 1.0
162.0 1.00434006674 1.0
22.0 1.03353547479 1.0
169.0 1.03757858757 1.0
55.0 1.01339347257 1.0
125.0 0.996111439781 1.0
67.0 0.953175479698 1.0
43.0 0.995838886121 1.0
48.0 1.00770074773 1.0
88.0 0.995703063776 1.0
159.0 1.00221779658 1.0
24.0 1.01336453087 1.0
94.0 0.99268656572 1.0
179.0 0.996699306978 1.0
2.0 0.976110437666 1.0
object 15	1.0:1.0
126.0 0.979572322027 1.0
145.0 1.00110625864 1.0
18.0 1.00287509627 1.0
67.0 1.02165852635 1.0
47.0 0.982793276048 1.0
157.0 0.994148797457 1.0
163.0 1.06851221801 1.0
175.0 0.975011272833 1.0
73.0 1.01864800727 1.0
190.0 0.287209037088 1.0
76.0 1.03421892426 1.0
104.0 1.04899392653 1.0
177.0 1.06395860426 1.0
122.0 0.997659143552 1.0
137.0 0.986036393223 1.0
141.0 0.980937174522 1.0
97.0 1.03612145558 1.0
156.0 0.950501494091 1.0
189.0 0.198483235175 1.0
78.0 1.02764628608 1.0
20.0 0.96965924144 1.0
121.0 0.985057622596 1.0
187.0 2.59004291483 1.0
24.0 1.02979324156 1.0
109.0 0.998568267817 1.0
7.0 0.953598164026 1.0
40.0 1.02167150844 1.0
174.0 0.979110251187 1.0
25.0 1.01203225688 1.0
66.0 1.00162675737 1.0
162.0 1.00609732428 1.0
135.0 0.987551174109 1.0
33.0 0.992781403696 1.0
19.0 1.00351896662 1.0
object 16	1.0:1.0
66.0 1.01413643549 1.0
77.0 1.03379805117 1.0
20.0 0.997051288962 1.0
165.0 0.983436617604 1.0
194.0 3.23292027467 1.0
146.0 1.01044309875 1.0
28.0 0.914408012114 1.0
68.0 1.03394391373 1.0
82.0 1.00885691226 1.0
122.0 0.980163475481 1.0
149.0 1.00252526325 1.0
13.0 0.973181738028 1.0
145.0 1.03471072588 1.0
18.0 0.985049405218 1.0
2.0 0.976305049529 1.0
171.0 1.0652460004 1.0
38.0 0.950253075109 1.0
115.0 0.986468235062 1.0
161.0 1.00489191724 1.0
137.0 1.01719315713 1.0
10.0 1.0308507343 1.0
140.0 1.00908417711 1.0
135.0 0.999074736385 1.0
179.0 1.04152630021 1.0
190.0 0.238252987969 1.0
59.0 0.98365096197 1.0
126.0 0.99261955934 1.0
147.0 0.942428977879 1.0
129.0 0.990777776196 1.0
object 17	1.0:1.0
17.0 1.00997641782 1.0
23.0 0.99807652437 1.0
30.0 1.03326364966 1.0
139.0 0.987798729266 1.0
124.0 1.00725299436 1.0
54.0 0.994560112561 1.0
2.0 1.04861975787 1.0
53.0 0.984194290715 1.0
87.0 1.00504562787 1.0
9.0 1.01230711743 1.0
101.0 0.992753152392 1.0
82.0 0.998065670518 1.0
10.0 1.0231493395 1.0
67.0 0.998384454416 1.0
113.0 1.04882151747 1.0
163.0 1.02048788144 1.0
188.0 1.29282703167 1.0
32.0 1.00426991755 1.0
68.0 0.961613579365 1.0
169.0 1.01720749977 1.0
37.0 1.0031608611 1.0
141.0 0.964524693848 1.0
142.0 1.01602732236 1.0
187.0 0.751848509672 1.0
object 18	1.0:1.0
50.0 1.03907746824 1.0
108.0 0.968198966226 1.0
74.0 1.05630853299 1.0
17.0 0.973276795273 1.0
139.0 0.999586674726 1.0
41.0 0.998691865371 1.0
101.0 1.01807631093 1.0
63.0 1.02607821085 1.0
115.0 0.991553088256 1.0
154.0 1.00854365245 1.0
137.0 1.00230099098 1.0
151.0 0.987591040815 1.0
29.0 0.969119198913 1.0
163.0 1.06184044336 1.0
22.0 0.940675823883 1.0
61.0 1.02209500691 1.0
181.0 -4.15120026393 1.0
110.0 0.965057432529 1.0
66.0 1.00324841859 1.0
168.0 1.01914672952 1.0
157.0 0.991772155876 1.0
189.0 -1.04553680083 1.0
47.0 0.94959558766 1.0
78.0 1.04119103407 1.0
128.0 1.0076883228 1.0
103.0 1.0025733829 1.0
33.0 0.962960840293 1.0
118.0 1.0438567982 1.0
24.0 1.02699683015 1.0
97.0 0.961105252266 1.0
21.0 1.00214820933 1.0
152.0 0.97182640778 1.0
156.0 1.00025212374 1.0
16.0 0.971456937124 1.0
55.0 0.945605508622 1.0
192.0 1.64602253775 1.0
117.0 0.985082484512 1.0
133.0 1.0271122549 1.0
184.0 -1.51663987221 1.0
121.0 1.00195647087 1.0
object 19	1.0:1.0
4.0 0.989055516438 1.0
46.0 1.00604657739 1.0
168.0 0.986035861952 1.0
100.0 0.927820067611 1.0
135.0 0.996469768261 1.0
60.0 1.04880614485 1.0
25.0 0.99170386694 1.0
184.0 6.39996184378 1.0
173.0 1.01353846671 1.0
85.0 1.00294248136 1.0
145.0 1.06287745836 1.0
171.0 1.03305090402 1.0
170.0 1.01262898518 1.0
127.0 1.03920209188 1.0
108.0 1.00779990441 1.0
79.0 1.02328790292 1.0
101.0 1.00408288998 1.0
80.0 0.965633628414 1.0
164.0 0.973322716324 1.0
55.0 1.00097706601 1.0
152.0 1.04221456936 1.0
52.0 1.01594757471 1.0
97.0 1.0024227167 1.0
106.0 1.01199932373 1.0
object 20	1.0:1.0
79.0 1.01657486473 1.0
65.0 1.01790798913 1.0
129.0 0.991201604601 1.0
20.0 0.992227447993 1.0
88.0 1.02280580274 1.0
116.0 0.950991062817 1.0
64.0 1.00391807407 1.0
111.0 1.01467841658 1.0
25.0 0.992095860447 1.0
54.0 1.01174234003 1.0
96.0 1.0032642911 1.0
122.0 1.01252874747 1.0
45.0 1.0360290463 1.0
43.0 1.01481980214 1.0
149.0 0.959843999243 1.0
188.0 1.02016398556 1.0
121.0 0.980860515785 1.0
52.0 0.999339502251 1.0
195.0 1.89448680239 1.0
6.0 1.06496005593 1.0
107.0 1.01604777167 1.0
38.0 0.968256151345 1.0
146.0 1.00614191501 1.0
18.0 0.97340490766 1.0
92.0 0.99951563786 1.0
125.0 0.994247868945 1.0
145.0 1.05537340155 1.0
192.0 0.0958408729951 1.0
83.0 0.987975936584 1.0
object 21	1.0:1.0
188.0 6.13339352453 1.0
19.0 0.99835138726 1.0
112.0 0.967303004469 1.0
119.0 0.958202948919 1.0
123.0 0.991701029727 1.0
139.0 1.00463889977 1.0
183.0 5.64569055428 1.0
110.0 1.0209842561 1.0
95.0 0.996581828583 1.0
10.0 0.996919898739 1.0
55.0 1.03192651116 1.0
152.0 1.01504592786 1.0
81.0 0.967421060443 1.0
106.0 0.993188397393 1.0
99.0 0.982254780671 1.0
23.0 1.01959660609 1.0
66.0 0.999031966498 1.0
69.0 1.02398567425 1.0
38.0 0.977577011559 1.0
96.0 1.00558809382 1.0
57.0 0.958554912189 1.0
144.0 0.958806302497 1.0
173.0 0.969815694505 1.0
31.0 1.0214021132 1.0
167.0 1.0301848832 1.0
103.0 0.994302634379 1.0
37.0 1.01308136885 1.0
11.0 1.01240089487 1.0
64.0 0.996959106223 1.0
20.0 1.00419055585 1.0
15.0 1.01112430362 1.0
109.0 1.02813485264 1.0
171.0 0.973822851237 1.0
142.0 1.00746628827 1.0
7.0 1.0446848558 1.0
151.0 1.00303558884 1.0
83.0 1.03017370876 1.0
39.0 1.01509786134 1.0
object 22	1.0:1.0
113.0 0.987769150827 1.0
181.0 -0.256922132766 1.0
78.0 0.984050727924 1.0
142.0 0.965573862518 1.0
130.0 0.978735182226 1.0
12.0 1.02794415694 1.0
166.0 1.00263980104 1.0
90.0 1.02121429031 1.0
159.0 1.0122082947 1.0
1.0 0.966547313833 1.0
187.0 0.846705725417 1.0
54.0 0.984266824479 1.0
156.0 0.999843205567 1.0
15.0 1.01511043829 1.0
112.0 1.01820228235 1.0
135.0 0.992587215811 1.0
195.0 3.77831919376 1.0
140.0 1.01237884918 1.0
52.0 1.00845065384 1.0
10.0 0.99070400733 1.0
132.0 1.03709481518 1.0
111.0 0.98005195248 1.0
150.0 1.00298919527 1.0
60.0 1.05580287324 1.0
193.0 2.59029237742 1.0
167.0 0.981529599663 1.0
199.0 -1.07879662284 1.0
13.0 1.01980924112 1.0
131.0 1.01679975538 1.0
69.0 0.993068440872 1.0
129.0 1.00088507451 1.0
115.0 0.981982451239 1.0
56.0 0.99352045561 1.0
133.0 1.02116937134 1.0
44.0 1.02810616418 1.0
object 23	1.0:1.0
90.0 1.0011040525 1.0
117.0 1.01613554582 1.0
86.0 0.966715276971 1.0
167.0 1.08473227838 1.0
182.0 -0.364016398587 1.0
17.0 0.985615254428 1.0
4.0 0.989131221745 1.0
38.0 1.03595347683 1.0
198.0 -0.853894065206 1.0
164.0 0.993997588596 1.0
67.0 0.979594926844 1.0
162.0 0.995546684375 1.0
27.0 1.00230461611 1.0
91.0 0.971166878622 1.0
77.0 0.957809254269 1.0
35.0 0.948771639893 1.0
153.0 1.04228706391 1.0
11.0 0.996154258698 1.0
84.0 0.99693341621 1.0
104.0 0.995802368733 1.0
31.0 1.12474408709 1.0
33.0 0.949697737502 1.0
123.0 1.06756247306 1.0
136.0 1.0152103743 1.0
14.0 0.967277323345 1.0
object 24	1.0:1.0
150.0 0.978994911097 1.0
10.0 0.981396518568 1.0
148.0 1.00852135263 1.0
62.0 1.01844487612 1.0
114.0 0.994155814386 1.0
107.0 0.990236116895 1.0
73.0 0.987226471411 1.0
153.0 0.99125965025 1.0
27.0 0.987708974579 1.0
174.0 1.04991073743 1.0
48.0 1.00329891661 1.0
63.0 1.03254331563 1.0
158.0 0.998635128192 1.0
190.0 3.53060420403 1.0
187.0 2.579976532 1.0
178.0 0.949254794767 1.0
182.0 -0.885998065085 1.0
51.0 0.977467394947 1.0
12.0 1.01200910706 1.0
99.0 0.986104695014 1.0
84.0 1.01523712792 1.0
47.0 1.01440388168 1.0
194.0 0.219168683862 1.0
188.0 2.38118945613 1.0
112.0 1.00770476089 1.0
165.0 1.0092634108 1.0
198.0 -0.283690858502 1.0
108.0 0.981597559721 1.0
69.0 1.00692987847 1.0
184.0 2.06211941672 1.0
93.0 1.02572773007 1.0
object 25	1.0:1.0
188.0 -0.245514658989 1.0
55.0 0.977229490433 1.0
39.0 0.948529272814 1.0
22.0 1.0334098082 1.0
180.0 -1.9662803472 1.0
0.0 0.967561955545 1.0
15.0 0.978996608982 1.0
199.0 0.0819374726619 1.0
18.0 1.06794327186 1.0
102.0 0.965607957087 1.0
145.0 1.03162521975 1.0
71.0 1.0250919774 1.0
57.0 1.04317667377 1.0
87.0 0.982171502648 1.0
119.0 1.00175485819 1.0
63.0 1.00095890844 1.0
115.0 1.0203059255 1.0
34.0 0.992672007764 1.0
110.0 1.01664682447 1.0
111.0 1.02025262025 1.0
32.0 0.991331493421 1.0
97.0 0.941010048736 1.0
190.0 0.136427507973 1.0
17.0 1.02880333247 1.0
9.0 0.992931604255 1.0
48.0 0.992424985366 1.0
50.0 0.986742044101 1.0
28.0 0.980480983405 1.0
177.0 0.970182070524 1.0
84.0 1.01711969306 1.0
196.0 1.64004005454 1.0
47.0 1.01207542305 1.0
object 26	1.0:1.0
152.0 1.00504917504 1.0
54.0 1.00021838868 1.0
68.0 1.0201884161 1.0
86.0 1.02691774569 1.0
117.0 0.966160348087 1.0
145.0 0.9670138526 1.0
174.0 1.00622811845 1.0
122.0 1.00897658898 1.0
164.0 0.971587739426 1.0
55.0 1.00947402666 1.0
109.0 1.05919858716 1.0
112.0 0.980979283417 1.0
148.0 0.986459292779 1.0
128.0 0.96846766429 1.0
18.0 1.00842774836 1.0
173.0 1.00504427004 1.0
79.0 0.984342171053 1.0
124.0 1.00412486213 1.0
96.0 1.07946488246 1.0
149.0 1.00325104205 1.0
44.0 0.979845076451 1.0
184.0 1.86981109826 1.0
166.0 0.985218592921 1.0
181.0 2.48719430578 1.0
102.0 0.999482083413 1.0
15.0 1.04709160954 1.0
78.0 1.01059842255 1.0
object 27	1.0:1.0
195.0 7.69023383442 1.0
130.0 1.02969801479 1.0
116.0 1.05015884683 1.0
4.0 1.0263968086 1.0
194.0 3.9150252526 1.0
0.0 1.03118015232 1.0
86.0 0.953841551267 1.0
118.0 0.959983199522 1.0
125.0 0.998916144314 1.0
152.0 0.989119854728 1.0
111.0 1.03232146731 1.0
171.0 1.02242923635 1.0
173.0 0.954321971164 1.0
176.0 0.989641597381 1.0
54.0 0.997759574058 1.0
55.0 1.06502793385 1.0
199.0 0.520274987814 1.0
35.0 1.01639850106 1.0
8.0 1.03146250937 1.0
172.0 0.949158859784 1.0
161.0 1.12788844469 1.0
186.0 -1.19816477498 1.0
156.0 1.06363164223 1.0
115.0 0.978433629056 1.0
131.0 0.96422607951 1.0
3.0 0.988332791398 1.0
108.0 0.9852757783 1.0
102.0 1.03053919816 1.0
69.0 1.01502489302 1.0
178.0 0.969593875074 1.0
112.0 1.0066017114 1.0
object 28	1.0:1.0
129.0 1.00395540304 1.0
134.0 1.04242273274 1.0
56.0 0.996906940761 1.0
5.0 0.957484109854 1.0
158.0 1.02728797825 1.0
105.0 0.9726136355 1.0
128.0 0.979648337346 1.0
94.0 1.02203200755 1.0
55.0 0.921928292774 1.0
31.0 0.876283374436 1.0
71.0 1.02617434272 1.0
175.0 1.00135504908 1.0
161.0 1.03983576605 1.0
147.0 0.983395005368 1.0
92.0 0.96656582747 1.0
67.0 0.99678780704 1.0
90.0 0.964144054279 1.0
119.0 1.02085306399 1.0
142.0 0.976944382635 1.0
132.0 1.00765769283 1.0
85.0 1.00596112624 1.0
84.0 0.997500858104 1.0
162.0 0.982136626058 1.0
127.0 0.926792747771 1.0
10.0 0.98725794117 1.0
48.0 0.99575054683 1.0
109.0 0.995215956211 1.0
object 29	1.0:1.0
7.0 0.990158261574 1.0
192.0 3.78611633644 1.0
99.0 0.995939395196 1.0
190.0 -3.43673313284 1.0
98.0 1.02286282836 1.0
80.0 1.00402702574 1.0
119.0 1.0087613242 1.0
20.0 1.00259161196 1.0
85.0 1.03477149461 1.0
183.0 1.23166680414 1.0
108.0 0.978882303374 1.0
69.0 0.986087974746 1.0
13.0 0.978928289654 1.0
169.0 0.975155158225 1.0
62.0 0.98339395126 1.0
112.0 1.02208740352 1.0
160.0 1.01346134981 1.0
138.0 1.0546156224 1.0
199.0 4.318584366 1.0
176.0 0.956084678434 1.0
25.0 1.00565890822 1.0
156.0 1.00915844554 1.0
124.0 0.970811516432 1.0
126.0 0.97044227562 1.0
102.0 0.977683330125 1.0
136.0 0.95436108182 1.0
31.0 0.988041128459 1.0
101.0 1.00148530456 1.0
3.0 0.975283161108 1.0
139.0 1.00752020383 1.0
64.0 1.00602416539 1.0
93.0 1.04410222659 1.0
96.0 0.970402623357 1.0
5.0 1.02922224687 1.0
object 30	1.0:1.0
31.0 0.94387181733 1.0
151.0 1.00022102335 1.0
99.0 0.998134579889 1.0
178.0 1.003400002 1.0
191.0 5.04080778212 1.0
124.0 1.03928901763 1.0
21.0 1.01974887247 1.0
131.0 1.01362863744 1.0
197.0 0.277641153745 1.0
100.0 1.02754119804 1.0
26.0 1.02270615299 1.0
36.0 1.0412633581 1.0
5.0 0.970100953736 1.0
134.0 1.02574344443 1.0
86.0 0.963015400574 1.0
59.0 0.996049633283 1.0
67.0 1.05259593863 1.0
78.0 0.983196493166 1.0
102.0 1.01030772144 1.0
174.0 0.993660005629 1.0
89.0 0.999262799741 1.0
94.0 1.00161644327 1.0
25.0 1.01431731826 1.0
49.0 0.988275061393 1.0
61.0 1.05118636799 1.0
193.0 -1.35834513218 1.0
11.0 1.00136141348 1.0
77.0 0.980914231343 1.0
186.0 1.30368864326 1.0
53.0 1.0152892511 1.0
83.0 0.990736582747 1.0
121.0 0.997189007364 1.0
157.0 0.985983872083 1.0
71.0 1.00261046485 1.0
153.0 1.03445696108 1.0
81.0 1.00067797681 1.0
41.0 0.979688156864 1.0
179.0 1.04850861441 1.0
object 31	1.0:1.0
88.0 1.02984298504 1.0
164.0 0.991777438796 1.0
62.0 0.99382654453 1.0
168.0 0.945310737637 1.0
199.0 2.98163571248 1.0
150.0 0.975133223297 1.0
160.0 1.02335293613 1.0
20.0 0.960731993401 1.0
196.0 2.05794662088 1.0
78.0 0.954778834874 1.0
127.0 0.97909054099 1.0
198.0 0.0670462717651 1.0
158.0 1.01032165671 1.0
49.0 1.00945348087 1.0
5.0 1.01263533613 1.0
105.0 0.988408002621 1.0
46.0 1.02474280685 1.0
115.0 1.01319708014 1.0
161.0 1.04056638303 1.0
97.0 0.985560110214 1.0
109.0 0.968991889813 1.0
123.0 0.97105128726 1.0
98.0 1.01732176392 1.0
76.0 0.972014988295 1.0
18.0 1.05364955154 1.0
113.0 0.952047351852 1.0
111.0 0.976194587944 1.0
77.0 0.982954941052 1.0
object 32	1.0:1.0
146.0 1.00676924125 1.0
31.0 0.880664224073 1.0
169.0 0.967175956901 1.0
61.0 1.01424324873 1.0
158.0 0.991091876162 1.0
191.0 -4.06992143407 1.0
130.0 1.01713295995 1.0
20.0 1.00787564229 1.0
147.0 1.03186434459 1.0
99.0 0.947074972153 1.0
51.0 0.996032881017 1.0
168.0 0.978168556921 1.0
21.0 0.986533161596 1.0
17.0 0.966942477187 1.0
1.0 1.00822759644 1.0
111.0 0.939618114808 1.0
177.0 0.988248677231 1.0
27.0 1.00904506673 1.0
36.0 1.07979271546 1.0
123.0 0.967060103503 1.0
190.0 -1.07883896028 1.0
192.0 -1.03769288838 1.0
136.0 1.03081160037 1.0
197.0 4.27574828656 1.0
39.0 0.999812869379 1.0
64.0 0.985107860241 1.0
143.0 0.992897241112 1.0
79.0 1.01450020362 1.0
78.0 0.986522436768 1.0
29.0 1.03024379464 1.0
object 33	1.0:1.0
130.0 0.968536574408 1.0
184.0 2.0529224559 1.0
1.0 0.979275337863 1.0
80.0 0.96517186226 1.0
92.0 1.0157238153 1.0
174.0 0.972108441436 1.0
63.0 1.07246939554 1.0
10.0 1.01787167757 1.0
105.0 1.00399181044 1.0
163.0 1.03167462503 1.0
81.0 0.992825918771 1.0
116.0 0.971706609168 1.0
30.0 1.00290530798 1.0
4.0 0.978749046001 1.0
171.0 0.98997141061 1.0
166.0 0.997991339964 1.0
162.0 0.986231201393 1.0
154.0 0.997206328706 1.0
117.0 1.00720036316 1.0
79.0 0.991026455526 1.0
16.0 0.998577677417 1.0
196.0 0.492825972521 1.0
96.0 0.977131479374 1.0
6.0 1.00801675287 1.0
127.0 0.975606230772 1.0
169.0 1.02520803585 1.0
26.0 1.023039178 1.0
62.0 1.02429253208 1.0
95.0 1.00594630639 1.0
object 34	1.0:1.0
0.0 0.982615453228 1.0
66.0 0.983404811433 1.0
198.0 0.488890983521 1.0
148.0 1.0227893039 1.0
75.0 1.0055298803 1.0
63.0 1.03418017449 1.0
134.0 1.05252778514 1.0
37.0 1.01178734454 1.0
5.0 1.01169673903 1.0
18.0 1.00935391321 1.0
105.0 0.985126707985 1.0
94.0 0.989174583355 1.0
160.0 1.00923943932 1.0
13.0 1.02853448379 1.0
83.0 1.01389750234 1.0
140.0 1.01765297814 1.0
72.0 1.00681852985 1.0
143.0 1.08380131434 1.0
30.0 0.974904310977 1.0
122.0 0.98715863805 1.0
126.0 0.943979958067 1.0
172.0 1.04275694552 1.0
26.0 1.04385726204 1.0
191.0 2.58060302407 1.0
139.0 0.98990450499 1.0
89.0 0.983429349578 1.0
34.0 1.01174559075 1.0
55.0 0.925998564222 1.0
185.0 -0.35110593939 1.0
104.0 0.947638478783 1.0
48.0 1.001225511 1.0
174.0 0.948808046427 1.0
6.0 0.998055041192 1.0
183.0 -0.714920398158 1.0
object 35	1.0:1.0
44.0 0.960773185941 1.0
75.0 0.995667717572 1.0
113.0 0.908264512443 1.0
175.0 0.964018640794 1.0
83.0 0.997458114642 1.0
126.0 1.03236603682 1.0
89.0 1.0078698668 1.0
16.0 1.0189360654 1.0
118.0 1.01737226769 1.0
157.0 1.00945179818 1.0
59.0 1.01221262047 1.0
152.0 0.991891748193 1.0
21.0 0.996553196798 1.0
127.0 0.924269137613 1.0
23.0 0.994972103728 1.0
56.0 0.969372204156 1.0
19.0 0.977221155337 1.0
117.0 0.962097458057 1.0
22.0 0.963951376516 1.0
48.0 1.02125683867 1.0
39.0 1.00296745453 1.0
4.0 0.992586636327 1.0
187.0 2.89726406194 1.0
37.0 0.973105930214 1.0
136.0 1.04348576791 1.0
64.0 0.998984541472 1.0
65.0 1.00218730042 1.0
76.0 0.981106127667 1.0
17.0 0.998522529102 1.0
190.0 6.67332222372 1.0
178.0 1.0637443246 1.0
52.0 0.997047308761 1.0
135.0 0.979631800185 1.0
74.0 1.01139297694 1.0
129.0 1.00299619408 1.0
111.0 0.921157449714 1.0
102.0 1.02889904868 1.0
66.0 0.984835954882 1.0
object 36	1.0:1.0
165.0 0.981344243431 1.0
164.0 0.98975155678 1.0
43.0 0.987530573993 1.0
136.0 1.0500227446 1.0
121.0 0.996690063504 1.0
36.0 0.906573142516 1.0
40.0 0.98304484829 1.0
63.0 1.05551405361 1.0
151.0 1.0144018405 1.0
102.0 0.981406068687 1.0
100.0 0.962597623841 1.0
85.0 1.00293660062 1.0
189.0 -1.23803545814 1.0
25.0 0.99224652762 1.0
65.0 1.00425083329 1.0
119.0 1.07812592832 1.0
182.0 4.24560893123 1.0
179.0 1.06332893738 1.0
137.0 0.992026847497 1.0
70.0 1.04672093604 1.0
113.0 0.966261434159 1.0
169.0 1.01146793498 1.0
34.0 0.975764524251 1.0
190.0 6.68167923022 1.0
97.0 0.971453750624 1.0
78.0 1.09276879984 1.0
48.0 1.02100915503 1.0
103.0 1.00781811332 1.0
155.0 1.02525089668 1.0
197.0 0.439335386188 1.0
75.0 1.00652454312 1.0
67.0 1.00118755913 1.0
160.0 1.01644490501 1.0
33.0 1.01481333276 1.0
object 37	1.0:1.0
129.0 0.967193532715 1.0
39.0 0.977630854531 1.0
14.0 0.997893690734 1.0
161.0 0.955473492128 1.0
118.0 1.02601492979 1.0
47.0 1.03659432115 1.0
89.0 1.01929103404 1.0
194.0 0.846569541176 1.0
9.0 0.986895941869 1.0
140.0 0.997997341705 1.0
187.0 -1.022462423 1.0
196.0 0.0103887108754 1.0
198.0 1.86691776868 1.0
120.0 0.994062211748 1.0
132.0 1.03205290019 1.0
15.0 0.999621954944 1.0
164.0 1.00205196246 1.0
8.0 1.01746447976 1.0
5.0 1.00689098519 1.0
1.0 0.969317740157 1.0
93.0 1.11469753631 1.0
3.0 0.973221833935 1.0
146.0 0.97922671996 1.0
160.0 1.00680461007 1.0
63.0 0.975348343157 1.0
45.0 1.08410799097 1.0
176.0 1.02567612264 1.0
185.0 3.37859706474 1.0
59.0 0.986360112241 1.0
170.0 0.991287329111 1.0
137.0 0.976116128282 1.0
173.0 0.933399527813 1.0
127.0 1.00950177 1.0
190.0 1.23188024142 1.0
126.0 1.08394273921 1.0
object 38	1.0:1.0
61.0 0.95387746039 1.0
166.0 1.00179940592 1.0
162.0 1.01768993876 1.0
122.0 0.984100245048 1.0
169.0 1.01840499878 1.0
66.0 1.00270284198 1.0
86.0 1.01824114931 1.0
56.0 1.0219990369 1.0
37.0 1.00745772723 1.0
157.0 1.01004821046 1.0
60.0 1.0103764862 1.0
2.0 0.981758983619 1.0
45.0 0.921661597305 1.0
68.0 1.02887858423 1.0
72.0 1.03093369799 1.0
9.0 0.990765943045 1.0
13.0 0.973492035292 1.0
3.0 1.0294173394 1.0
195.0 -2.45894008367 1.0
130.0 0.96448357698 1.0
5.0 1.02194148961 1.0
136.0 0.952895252248 1.0
28.0 1.06277623917 1.0
111.0 1.04069767326 1.0
object 39	1.0:1.0
3.0 0.972950480466 1.0
199.0 1.3953326717 1.0
174.0 1.02209721623 1.0
169.0 0.972363007911 1.0
189.0 -0.173461264165 1.0
72.0 0.992217027713 1.0
164.0 1.0138161649 1.0
180.0 -7.21217358317 1.0
94.0 1.05391672677 1.0
56.0 0.98051631322 1.0
108.0 1.00750408342 1.0
70.0 0.967597674563 1.0
5.0 0.964660237194 1.0
12.0 0.999411746761 1.0
177.0 0.955897577734 1.0
187.0 -3.27215698971 1.0
172.0 0.987746478123 1.0
6.0 0.982112827162 1.0
33.0 1.04682283048 1.0
173.0 1.03359319095 1.0
188.0 3.77981969643 1.0
95.0 0.976168050739 1.0
91.0 0.976039430726 1.0
22.0 1.02165931237 1.0
176.0 0.977592113335 1.0
100.0 1.02681375691 1.0
39.0 0.951533171091 1.0
25.0 0.991003950996 1.0
104.0 0.962551820487 1.0
151.0 0.992273327842 1.0
41.0 1.02483639498 1.0
17.0 0.995259062535 1.0
129.0 0.995068644521 1.0
object 40	1.0:1.0
42.0 0.977522288537 1.0
49.0 0.975515554111 1.0
103.0 1.0007137485 1.0
18.0 1.03129254199 1.0
169.0 1.03573978595 1.0
107.0 0.998206757587 1.0
172.0 0.988071423805 1.0
193.0 6.4849446112 1.0
153.0 1.02836009528 1.0
3.0 0.948192561836 1.0
87.0 1.00532788984 1.0
41.0 0.979023947205 1.0
14.0 0.991254496482 1.0
62.0 1.02523432378 1.0
39.0 0.986680485055 1.0
32.0 0.960990902938 1.0
0.0 1.03681928005 1.0
108.0 1.00651193653 1.0
76.0 0.99802748811 1.0
133.0 0.972125691168 1.0
119.0 1.03670764602 1.0
181.0 0.954077146748 1.0
173.0 0.970788644181 1.0
177.0 0.998038329545 1.0
35.0 1.01606300964 1.0
object 41	1.0:1.0
15.0 1.00155842355 1.0
196.0 1.38475275037 1.0
144.0 0.98994108583 1.0
189.0 -0.580003446192 1.0
102.0 1.00145048768 1.0
58.0 0.914292879386 1.0
96.0 0.957575874128 1.0
12.0 1.00173120358 1.0
98.0 0.981890932586 1.0
52.0 0.987727327864 1.0
117.0 0.946520242236 1.0
137.0 0.992788428766 1.0
76.0 0.995969688363 1.0
45.0 1.08643413796 1.0
60.0 0.975581021429 1.0
186.0 -0.422904671481 1.0
55.0 1.05512376638 1.0
37.0 0.988519898545 1.0
84.0 1.01658813454 1.0
36.0 1.00955809157 1.0
24.0 0.953577367901 1.0
131.0 0.947833289998 1.0
192.0 -1.45478824378 1.0
22.0 1.03623656999 1.0
149.0 1.01873075279 1.0
51.0 1.00995483776 1.0
198.0 1.36857124095 1.0
93.0 0.979979674767 1.0
178.0 1.05135161161 1.0
object 42	1.0:1.0
112.0 0.992429684692 1.0
151.0 1.01537877505 1.0
40.0 1.01255405158 1.0
119.0 0.924358507041 1.0
144.0 1.00826748865 1.0
198.0 2.083509171 1.0
0.0 0.860369676408 1.0
80.0 1.01186871616 1.0
18.0 1.00043246054 1.0
42.0 0.962134864552 1.0
131.0 0.952862911765 1.0
68.0 1.03995103216 1.0
182.0 3.7635461312 1.0
145.0 1.0069162445 1.0
121.0 1.02085878235 1.0
186.0 2.93935922474 1.0
71.0 0.98601288423 1.0
35.0 1.01522585917 1.0
4.0 1.00380310566 1.0
86.0 0.979519577052 1.0
59.0 1.0056850545 1.0
69.0 1.00721242461 1.0
167.0 1.03676842193 1.0
148.0 1.00814815585 1.0
153.0 1.00268214819 1.0
190.0 -2.45445654661 1.0
30.0 1.02852990163 1.0
91.0 0.968915285381 1.0
123.0 1.00199165583 1.0
180.0 1.08187153751 1.0
44.0 1.08024187872 1.0
103.0 0.981688608244 1.0
101.0 0.999512078591 1.0
31.0 0.95493567096 1.0
24.0 1.0125466445 1.0
134.0 0.978204267542 1.0
150.0 1.01621248225 1.0
73.0 0.990764715861 1.0
41.0 0.977117283431 1.0
136.0 0.951717947673 1.0
95.0 0.99537281302 1.0
88.0 1.01599007873 1.0
184.0 6.48427638214 1.0
object 43	1.0:1.0
185.0 0.134310677292 1.0
135.0 0.964759346643 1.0
51.0 0.977922541206 1.0
66.0 1.00339137258 1.0
11.0 1.018331012 1.0
121.0 0.98469370615 1.0
143.0 1.03411183624 1.0
188.0 4.91561617985 1.0
21.0 1.01083952387 1.0
184.0 7.4124428073 1.0
45.0 1.00227245077 1.0
168.0 1.06055481878 1.0
142.0 0.976984225284 1.0
113.0 0.971227504665 1.0
108.0 1.01240087267 1.0
140.0 1.00780732096 1.0
77.0 0.965287220726 1.0
193.0 1.52093406098 1.0
14.0 1.00555627221 1.0
29.0 0.968944590283 1.0
48.0 1.0173261559 1.0
151.0 1.01221819819 1.0
192.0 1.94808726606 1.0
170.0 0.999509212258 1.0
187.0 -0.504902742209 1.0
125.0 1.0235536615 1.0
154.0 0.991974205124 1.0
122.0 1.01997462344 1.0
object 44	1.0:1.0
112.0 1.02389401887 1.0
145.0 0.963872525456 1.0
183.0 1.03541798062 1.0
161.0 1.03601975649 1.0
168.0 0.987283152025 1.0
17.0 1.06003634111 1.0
16.0 0.990306736641 1.0
137.0 1.00197781425 1.0
125.0 1.00516916834 1.0
114.0 0.998641419263 1.0
150.0 0.958653824754 1.0
66.0 1.00293099279 1.0
173.0 0.961893852203 1.0
2.0 1.0382524347 1.0
129.0 0.976065808828 1.0
65.0 0.998736908072 1.0
187.0 0.0142091036155 1.0
186.0 1.65968852264 1.0
4.0 0.977317271257 1.0
124.0 0.99419487222 1.0
163.0 0.88090713391 1.0
107.0 1.00187582435 1.0
103.0 0.996855203238 1.0
144.0 1.03104577346 1.0
63.0 0.995580974516 1.0
157.0 1.02766979956 1.0
object 45	1.0:1.0
43.0 1.02967836212 1.0
199.0 1.01741718864 1.0
69.0 1.01411329576 1.0
61.0 1.08752163761 1.0
182.0 4.59674333054 1.0
85.0 1.02342668767 1.0
126.0 1.03148942613 1.0
156.0 0.996804677491 1.0
4.0 0.991527427011 1.0
41.0 1.01316105499 1.0
136.0 0.984283793965 1.0
3.0 0.994336354245 1.0
72.0 0.984376000707 1.0
77.0 0.973033082403 1.0
19.0 0.970121699083 1.0
25.0 0.993751907181 1.0
27.0 0.97842332784 1.0
52.0 0.994654089831 1.0
76.0 1.00922928825 1.0
5.0 1.03002380813 1.0
90.0 0.982198045197 1.0
124.0 1.02790410229 1.0
63.0 1.04066980382 1.0
194.0 -0.101876212726 1.0
object 46	1.0:1.0
154.0 0.997374053101 1.0
181.0 0.688212910152 1.0
90.0 0.943598252804 1.0
135.0 1.00574641507 1.0
31.0 0.986046938623 1.0
128.0 0.994582248604 1.0
168.0 1.06573547839 1.0
117.0 0.956394247502 1.0
127.0 1.00002835513 1.0
60.0 1.01657111318 1.0
111.0 0.972190136544 1.0
165.0 0.998522287837 1.0
9.0 1.02724924519 1.0
192.0 1.96353334238 1.0
80.0 0.972337793269 1.0
173.0 1.01654655973 1.0
119.0 0.931306218931 1.0
62.0 0.963178281423 1.0
21.0 0.975195183725 1.0
132.0 0.997828036207 1.0
74.0 0.96888687249 1.0
191.0 -3.6711043855 1.0
86.0 0.988536936456 1.0
176.0 1.0055763235 1.0
187.0 0.865060363557 1.0
136.0 1.06075495835 1.0
157.0 1.00170486581 1.0
object 47	1.0:1.0
40.0 0.973758511621 1.0
20.0 0.989376299054 1.0
43.0 1.00036659981 1.0
163.0 1.03126869002 1.0
197.0 1.23554154039 1.0
133.0 0.991853703552 1.0
76.0 0.980843111412 1.0
123.0 0.972720770935 1.0
65.0 0.988062218743 1.0
56.0 1.00652641657 1.0
11.0 0.997889995689 1.0
67.0 0.982986665304 1.0
145.0 1.01506728898 1.0
35.0 0.981999370629 1.0
157.0 1.00930819608 1.0
102.0 0.977850783682 1.0
85.0 1.00130718054 1.0
182.0 -2.25033360654 1.0
116.0 1.00538470401 1.0
142.0 1.03328912702 1.0
191.0 0.372989414688 1.0
170.0 1.02695457076 1.0
117.0 0.917215529359 1.0
39.0 1.01423745183 1.0
122.0 0.995559538936 1.0
128.0 1.01468774519 1.0
object 48	1.0:1.0
110.0 1.02508861743 1.0
171.0 0.997119112928 1.0
58.0 0.985145063643 1.0
125.0 0.996800715314 1.0
184.0 2.7863039577 1.0
51.0 1.01366570403 1.0
159.0 0.9961012017 1.0
123.0 1.01244637677 1.0
20.0 0.997591942628 1.0
88.0 1.0083153049 1.0
192.0 1.78020154962 1.0
3.0 1.02127122774 1.0
99.0 0.977720041997 1.0
178.0 0.993336346413 1.0
144.0 1.03557206551 1.0
87.0 0.997427303301 1.0
10.0 1.00153880615 1.0
18.0 0.970783512442 1.0
137.0 1.02387843473 1.0
59.0 1.00266268555 1.0
167.0 0.983454415137 1.0
127.0 1.06617863894 1.0
92.0 0.975608360787 1.0
139.0 1.00552633323 1.0
38.0 0.979872220272 1.0
126.0 0.95697089645 1.0
37.0 0.997570492473 1.0
71.0 1.00155596595 1.0
22.0 1.00260212137 1.0
12.0 1.00776479124 1.0
28.0 1.04255109159 1.0
75.0 0.909717547336 1.0
4.0 0.98957236 1.0
148.0 0.984033669408 1.0
168.0 1.01219226829 1.0
109.0 1.00810789439 1.0
19.0 1.0138661766 1.0
36.0 0.979146996561 1.0
object 49	1.0:1.0
29.0 0.990559304524 1.0
86.0 1.00854930553 1.0
99.0 1.00895128221 1.0
130.0 0.943049481778 1.0
93.0 1.00699466447 1.0
21.0 0.980541348563 1.0
36.0 1.00855511824 1.0
64.0 1.01155697192 1.0
157.0 0.982404298085 1.0
58.0 0.95508443195 1.0
12.0 0.990208479259 1.0
111.0 1.04799218646 1.0
51.0 1.03344129385 1.0
105.0 1.00227927042 1.0
71.0 0.987626622548 1.0
185.0 -1.32908796052 1.0
50.0 0.999196198996 1.0
114.0 0.996358513894 1.0
17.0 1.04933562619 1.0
124.0 1.05714098136 1.0
139.0 0.980282843477 1.0
188.0 -3.81043892586 1.0
151.0 1.0153332011 1.0
53.0 1.01961343109 1.0
133.0 0.976030063461 1.0
94.0 0.996650909298 1.0
69.0 1.0153795822 1.0
110.0 1.00255893118 1.0
object 50	1.0:0.5 -1.09736786679:0.5
47.0 -1.1063980386 1.0
44.0 0.991912531526 0.0
51.0 -1.12596706681 1.0
5.0 0.998377637541 0.0
42.0 -1.09637248325 1.0
70.0 0.984891810349 0.0
138.0 -1.07406661789 1.0
56.0 -1.06010836547 1.0
97.0 0.949384416754 0.0
2.0 0.97042899272 0.0
9.0 -1.11802289972 1.0
6.0 1.04172758393 0.0
163.0 0.915781279802 0.0
57.0 -1.09275534067 1.0
74.0 1.02881062911 0.0
155.0 1.02775726232 0.0
84.0 -1.08758238623 1.0
35.0 -1.12073200668 1.0
100.0 -1.04329818833 1.0
62.0 -1.06898680046 1.0
121.0 -1.18833795953 1.0
172.0 -1.1282123626 1.0
95.0 -1.03117089668 1.0
142.0 0.922943135697 0.0
149.0 0.911409094456 0.0
96.0 -1.16759846554 1.0
139.0 -1.12622606208 1.0
180.0 -8.40196059409 1.0
113.0 -1.12031382327 1.0
43.0 0.980229751618 0.0
177.0 1.00800673246 0.0
53.0 -1.20044175488 1.0
130.0 -1.01158007853 1.0
object 51	1.0:0.5 5.83452724342:0.5
130.0 1.00115432875 0.0
54.0 1.02495034716 0.0
169.0 5.7606416461 1.0
119.0 0.974011174573 0.0
72.0 0.965031601496 0.0
107.0 0.976141955118 0.0
112.0 5.81702776895 1.0
17.0 0.946545320299 0.0
185.0 0.529680699927 0.0
193.0 5.28705025624 1.0
40.0 0.910905017566 0.0
175.0 5.827147659 1.0
24.0 1.01151813982 0.0
91.0 5.87956657493 1.0
125.0 5.83859910062 1.0
99.0 1.05164525355 0.0
56.0 5.84959292227 1.0
70.0 5.83296153392 1.0
104.0 5.7923206204 1.0
142.0 5.81286386175 1.0
98.0 1.03333012059 0.0
118.0 5.80137369508 1.0
133.0 0.998323212325 0.0
80.0 0.976058384075 0.0
69.0 5.83152739552 1.0
73.0 5.77104628015 1.0
134.0 5.86171351251 1.0
28.0 5.87432223904 1.0
161.0 5.78355486929 1.0
object 52	1.0:0.5 -1.77919819942:0.5
199.0 -2.45039155206 1.0
128.0 1.0004580522 0.0
64.0 -1.75162439376 1.0
119.0 0.998978513314 0.0
84.0 0.933174914314 0.0
195.0 -1.24190654237 0.0
173.0 -1.74621495575 1.0
16.0 0.938108675482 0.0
158.0 0.85801486773 0.0
146.0 1.04429751707 0.0
183.0 -0.33720514689 1.0
1.0 0.970537482778 0.0
150.0 -1.80002562116 1.0
20.0 0.92471630867 0.0
74.0 0.977130719569 0.0
196.0 1.95517552683 0.0
33.0 0.98077020078 0.0
60.0 -1.80958111499 1.0
114.0 0.897132958844 0.0
113.0 -1.88290137152 1.0
70.0 -1.74677654129 1.0
95.0 -1.81821561602 1.0
141.0 1.05411297072 0.0
86.0 -1.76961619175 1.0
28.0 1.05841717815 0.0
89.0 -1.7207164052 1.0
102.0 -1.73651476256 1.0
72.0 0.910874203731 0.0
0.0 -1.87121568241 1.0
88.0 -1.81280106296 1.0
45.0 1.09688695362 0.0
object 53	1.0:0.5 3.26208388715:0.5
183.0 -4.8645945712 0.0
19.0 3.18918364523 1.0
39.0 3.26807177187 1.0
89.0 1.05195664104 0.0
181.0 3.13141095086 0.0
63.0 3.23660368283 1.0
69.0 3.18422276036 1.0
48.0 1.06690440032 0.0
191.0 3.85954832258 1.0
15.0 3.27090071006 1.0
127.0 0.985879214617 0.0
146.0 3.20750552014 1.0
130.0 3.33196094037 1.0
27.0 3.21712661715 1.0
61.0 1.02631935964 0.0
84.0 0.953461379712 0.0
114.0 3.26067111578 1.0
111.0 3.22862882977 1.0
30.0 3.31143394707 1.0
100.0 0.99415037094 0.0
2.0 3.24497682391 1.0
90.0 0.994367147625 0.0
157.0 1.0180287551 0.0
81.0 1.01209040375 0.0
193.0 0.395298275196 0.0
148.0 1.00320841513 0.0
149.0 3.24204924915 1.0
35.0 3.20246732648 1.0
29.0 3.30322451103 1.0
123.0 1.0368263619 0.0
135.0 0.965786180051 0.0
7.0 0.891990159159 0.0
object 54	1.0:0.5 -3.5926360944:0.5
195.0 -2.46562116227 1.0
182.0 3.48813490468 0.0
174.0 1.06086581531 0.0
68.0 0.961479245979 0.0
61.0 1.09161495014 0.0
92.0 1.02118192588 0.0
187.0 1.63723069744 0.0
93.0 -3.67515899115 1.0
150.0 0.997970463579 0.0
63.0 1.06256495522 0.0
125.0 -3.57365463802 1.0
9.0 0.974157128921 0.0
128.0 0.987052443051 0.0
134.0 0.972410062412 0.0
118.0 -3.64884748809 1.0
95.0 -3.55965052732 1.0
2.0 -3.62031840506 1.0
106.0 -3.6279810279 1.0
49.0 0.969880587136 0.0
126.0 0.967221955222 0.0
190.0 1.91384531237 0.0
67.0 0.995641370469 0.0
199.0 3.03861501534 0.0
99.0 1.01242484762 0.0
105.0 1.00711921889 0.0
127.0 1.04142787221 0.0
135.0 0.947963604038 0.0
32.0 0.998031346869 0.0
object 55	1.0:0.5 0.980557377682:0.5
102.0 1.03493945532 1.0
13.0 0.958153573891 0.0
28.0 0.941291727071 1.0
98.0 0.963602279544 1.0
130.0 0.938464455969 1.0
94.0 0.898661180158 1.0
54.0 0.98241790258 1.0
84.0 1.04251701922 0.0
8.0 0.958582169179 0.0
134.0 0.970210883906 0.0
120.0 1.02465065425 0.0
91.0 1.0060224633 0.0
162.0 0.978692221029 1.0
92.0 1.01683029942 0.0
113.0 0.965993394396 0.0
35.0 1.03137040538 0.0
99.0 0.994707239449 0.0
197.0 -0.734609316572 1.0
7.0 0.987439005904 1.0
110.0 0.923439523268 0.0
157.0 1.01352935812 0.0
65.0 1.01047460948 0.0
105.0 1.02934320144 0.0
167.0 1.01642548194 0.0
29.0 0.982611580399 1.0
87.0 1.09471398498 1.0
186.0 2.20183375747 0.0
172.0 0.948503214238 1.0
128.0 0.886407572026 0.0
181.0 -2.62648087124 1.0
82.0 0.994314296762 1.0
object 56	1.0:0.5 7.95171146404:0.5
54.0 8.03351840983 1.0
136.0 7.92882478937 1.0
158.0 7.92601972729 1.0
184.0 7.54119198435 1.0
105.0 0.985124108345 0.0
53.0 7.98482110294 1.0
168.0 7.9377146579 1.0
64.0 1.01870277105 0.0
112.0 8.01482305389 1.0
19.0 1.05486475193 0.0
157.0 0.936957747049 0.0
172.0 8.0142582275 1.0
161.0 7.97896538003 1.0
88.0 1.03048404295 0.0
96.0 7.895289283 1.0
76.0 8.01774305089 1.0
67.0 7.97524601049 1.0
107.0 1.01969107532 0.0
46.0 1.06319293993 0.0
24.0 7.91374869899 1.0
125.0 7.9482197079 1.0
106.0 8.099228151 1.0
23.0 0.963183521804 0.0
160.0 0.959316822858 0.0
176.0 7.92137845845 1.0
82.0 0.957867453334 0.0
object 57	1.0:0.5 -3.01946019612:0.5
102.0 -3.03576602553 1.0
4.0 1.00463141994 0.0
89.0 1.01187067371 0.0
191.0 -2.78464156537 1.0
32.0 0.981520062577 0.0
136.0 -3.05924798871 1.0
149.0 -2.99112520586 1.0
73.0 -3.01792176758 1.0
170.0 -2.9668247422 1.0
117.0 -2.95190084518 1.0
176.0 0.987630371147 0.0
179.0 1.05564917932 0.0
168.0 -3.02637147318 1.0
114.0 1.02594653071 0.0
18.0 1.00682895932 0.0
49.0 0.962174557345 0.0
158.0 -3.02906084335 1.0
2.0 -3.05403025819 1.0
132.0 -3.07517365178 1.0
14.0 1.01437092584 0.0
46.0 -3.03720802588 1.0
115.0 -2.92094195841 1.0
12.0 1.06144423596 0.0
197.0 -2.58464110302 1.0
153.0 0.952395863232 0.0
111.0 1.09389411395 0.0
172.0 -3.01889938326 1.0
129.0 -3.04589683088 1.0
80.0 1.05981918517 0.0
99.0 -2.90120694997 1.0
139.0 0.961147318535 0.0
155.0 1.02329542368 0.0
31.0 1.01875836728 0.0
38.0 1.01158317944 0.0
object 58	1.0:0.5 22.8108221229:0.5
24.0 0.908494856131 0.0
30.0 22.8659729737 1.0
143.0 22.7677116337 1.0
73.0 22.8476182443 1.0
157.0 22.7772925087 1.0
71.0 0.953410014983 0.0
176.0 1.08445166112 0.0
145.0 1.04889505615 0.0
138.0 1.05377601055 0.0
31.0 22.8350982796 1.0
76.0 0.973182862418 0.0
121.0 22.6741498605 1.0
25.0 22.7329937911 1.0
166.0 1.07727715625 0.0
89.0 22.8069649203 1.0
45.0 22.7995288165 1.0
33.0 0.968292792672 0.0
34.0 1.0287193112 0.0
0.0 1.01005530417 0.0
92.0 22.6952797144 1.0
57.0 0.93252292521 0.0
4.0 22.7886585573 1.0
99.0 22.7340826495 1.0
56.0 22.7925052848 1.0
27.0 22.7577533648 1.0
106.0 22.8729093431 1.0
62.0 0.991646598364 0.0
169.0 22.7343715286 1.0
136.0 22.8597319442 1.0
object 59	1.0:0.5 -9.23470864146:0.5
55.0 1.0180369488 0.0
47.0 1.01642025773 0.0
153.0 -9.23110288286 1.0
63.0 1.06622124211 0.0
93.0 -9.20353072696 1.0
86.0 0.973532242301 0.0
182.0 0.748439079262 0.0
29.0 -9.21527558008 1.0
89.0 1.11987948764 0.0
67.0 -9.2948452231 1.0
58.0 -9.16798275161 1.0
139.0 -9.25457817941 1.0
80.0 -9.19249381003 1.0
169.0 0.951315221192 0.0
77.0 -9.24305371162 1.0
155.0 -9.22166601903 1.0
76.0 -9.21867228914 1.0
175.0 -9.21400363371 1.0
132.0 -9.22928374036 1.0
191.0 2.96383847361 0.0
object 60	1.0:0.5 0.173295409816:0.5
134.0 1.08619757222 0.0
193.0 2.63253439861 1.0
116.0 0.992929790806 0.0
88.0 1.06714215747 0.0
68.0 0.0837661732981 1.0
179.0 1.0453155922 0.0
161.0 1.04999844216 0.0
17.0 0.13845654258 1.0
172.0 0.163607819711 1.0
35.0 0.146282955915 1.0
168.0 1.04738418424 0.0
80.0 0.266570184895 1.0
62.0 0.307854621809 1.0
103.0 1.03028710613 0.0
95.0 0.118630878285 1.0
10.0 0.163668304924 1.0
176.0 0.215484807809 1.0
152.0 0.151226935585 1.0
65.0 1.12418849725 0.0
154.0 0.156545693828 1.0
194.0 0.927266583942 0.0
121.0 0.152589541836 1.0
69.0 1.01194079107 0.0
23.0 1.09978617204 0.0
102.0 0.991957139166 0.0
198.0 -1.53324395559 1.0
185.0 -1.13250931447 1.0
100.0 1.00473529506 0.0
5.0 0.13186108997 1.0
117.0 0.270055750751 1.0
73.0 1.04342609513 0.0
34.0 0.238480603348 1.0
20.0 1.03447554092 0.0
object 61	1.0:0.5 17.3641309729:0.5
144.0 17.4036375223 1.0
19.0 1.0012643254 0.0
174.0 0.991527644172 0.0
168.0 1.02708628736 0.0
21.0 17.43314092 1.0
176.0 17.3395745189 1.0
122.0 17.384964707 1.0
9.0 17.4272676288 1.0
194.0 0.132014208241 0.0
93.0 0.98670548439 0.0
69.0 1.06751586326 0.0
164.0 17.3374467153 1.0
94.0 17.3660354381 1.0
33.0 17.2907986705 1.0
30.0 17.3270989661 1.0
178.0 0.962597917785 0.0
152.0 1.09033735302 0.0
58.0 1.01397481233 0.0
112.0 1.07034202128 0.0
193.0 1.66823976843 0.0
137.0 1.00464885443 0.0
108.0 17.338193727 1.0
154.0 1.01688738249 0.0
102.0 1.07243476379 0.0
104.0 17.2928400658 1.0
15.0 17.3884806349 1.0
184.0 15.9192242081 1.0
114.0 0.989491011177 0.0
161.0 0.994594106949 0.0
10.0 17.3354112906 1.0
119.0 1.04753048358 0.0
105.0 0.940058196512 0.0
76.0 17.4127592376 1.0
189.0 0.860315386074 0.0
35.0 17.2597464773 1.0
77.0 17.3883772525 1.0
49.0 1.00651138245 0.0
6.0 1.03253909238 0.0
91.0 1.03620313411 0.0
47.0 0.937069500803 0.0
183.0 8.36968198673 0.0
197.0 6.27569170053 0.0
147.0 17.3001584832 1.0
38.0 17.4072517292 1.0
120.0 17.4144631267 1.0
object 62	1.0:0.5 -4.56010171921:0.5
171.0 -4.55772342017 1.0
130.0 0.981202753864 0.0
104.0 -4.60377916231 1.0
184.0 -7.54109932351 1.0
61.0 -4.58019250184 1.0
5.0 -4.61742782357 1.0
69.0 0.980148118796 0.0
39.0 -4.51787098249 1.0
8.0 1.04883948632 0.0
13.0 1.00157221607 0.0
166.0 -4.52838075328 1.0
50.0 1.07302516608 0.0
169.0 -4.6418387318 1.0
193.0 2.13985191063 0.0
141.0 -4.69815982937 1.0
82.0 -4.46923701717 1.0
110.0 0.956920320393 0.0
164.0 1.03626337647 0.0
71.0 -4.61140596478 1.0
132.0 -4.57093420959 1.0
80.0 0.969976487648 0.0
86.0 0.988213366427 0.0
168.0 1.00302882177 0.0
23.0 -4.59594220457 1.0
98.0 0.980700630459 0.0
179.0 -4.64466227788 1.0
60.0 1.05984268676 0.0
121.0 1.05026665203 0.0
97.0 -4.63545308526 1.0
103.0 0.984397856692 0.0
58.0 -4.52724058269 1.0
157.0 -4.64824109184 1.0
object 63	1.0:0.5 5.60805432281:0.5
19.0 1.02109997877 0.0
85.0 0.971340676817 0.0
190.0 2.04480061422 0.0
167.0 1.03684219156 0.0
28.0 5.72752189062 1.0
66.0 5.58951626884 1.0
49.0 0.938813902275 0.0
23.0 5.60738733153 1.0
52.0 0.999993785366 0.0
156.0 5.54031654868 1.0
64.0 1.00957173548 0.0
189.0 -0.377412995236 0.0
145.0 5.54413544553 1.0
171.0 5.76874296899 1.0
96.0 5.63445606778 1.0
180.0 3.20996319077 0.0
70.0 5.61759661437 1.0
187.0 5.56462480743 1.0
199.0 7.47452023512 1.0
67.0 5.60269520326 1.0
65.0 5.66476894165 1.0
41.0 0.980241218516 0.0
141.0 5.61261450429 1.0
73.0 5.64491512155 1.0
37.0 5.61244330556 1.0
0.0 1.01972101201 0.0
162.0 0.968492873738 0.0
110.0 1.02048699534 0.0
98.0 5.65477362466 1.0
object 64	1.0:0.5 15.0782183904:0.5
177.0 15.0844932937 1.0
137.0 0.95822435026 0.0
32.0 15.1148742136 1.0
123.0 15.1364363693 1.0
72.0 1.07832028697 0.0
1.0 0.952671330543 0.0
43.0 15.1144095418 1.0
173.0 1.08853000192 0.0
82.0 15.0691358216 1.0
184.0 -1.01280741938 0.0
116.0 1.00817575667 0.0
89.0 1.06745697841 0.0
135.0 15.138060903 1.0
7.0 15.0941578521 1.0
68.0 0.961240764392 0.0
35.0 1.08346586511 0.0
185.0 16.7125415767 1.0
144.0 15.1421194947 1.0
186.0 -2.35137399661 0.0
6.0 0.956192708986 0.0
40.0 0.937021727724 0.0
88.0 1.02584973574 0.0
156.0 1.01201933213 0.0
121.0 15.0767510016 1.0
127.0 0.980171202706 0.0
188.0 2.13267187269 0.0
96.0 15.0304478854 1.0
21.0 1.00744618191 0.0
74.0 1.01489603447 0.0
131.0 0.996719695917 0.0
39.0 1.03998796351 0.0
47.0 0.973773331021 0.0
170.0 1.0323970813 0.0
object 65	1.0:0.5 -4.47419656067:0.5
10.0 0.905658626164 0.0
188.0 -5.76783447677 1.0
3.0 -4.40478738975 1.0
75.0 0.9905560344 0.0
185.0 -3.2047035087 1.0
26.0 0.959534886079 0.0
195.0 -4.95368323523 1.0
73.0 -4.5527809288 1.0
149.0 0.923668257114 0.0
78.0 -4.50582050816 1.0
68.0 -4.48908896856 1.0
113.0 -4.44488425831 1.0
66.0 1.0325737307 0.0
137.0 -4.42315090262 1.0
109.0 0.985722240049 0.0
189.0 -2.89734137532 0.0
76.0 -4.50715827774 1.0
146.0 -4.54018487664 1.0
133.0 0.949312965793 0.0
50.0 1.05934095699 0.0
22.0 0.993573029494 0.0
86.0 1.03338638608 0.0
14.0 -4.52359883588 1.0
125.0 1.03435848752 0.0
175.0 1.01742334822 0.0
165.0 1.00043008374 0.0
127.0 -4.49081407964 1.0
199.0 0.996254534443 0.0
179.0 0.988334725951 0.0
104.0 1.04456386842 0.0
object 66	1.0:0.5 -2.97441595279:0.5
132.0 0.885157812894 0.0
26.0 -2.98297983298 1.0
174.0 1.03475438895 0.0
76.0 -2.95291770789 1.0
180.0 -6.84609400158 1.0
139.0 1.02627622023 0.0
24.0 1.02520304638 0.0
71.0 0.992307486973 0.0
136.0 1.04772980321 0.0
182.0 -0.180400448145 0.0
31.0 1.04986255844 0.0
96.0 0.906802900635 0.0
156.0 0.923607928518 0.0
131.0 -2.88599610168 1.0
115.0 1.03484422668 0.0
88.0 0.92714346363 0.0
194.0 -3.20383499364 1.0
58.0 1.0318084797 0.0
60.0 1.02503370403 0.0
123.0 -2.91735024063 1.0
75.0 -2.92480201643 1.0
70.0 -2.96012791552 1.0
33.0 0.989251324612 0.0
145.0 1.01094688648 0.0
199.0 2.17023300759 0.0
43.0 -3.01709632053 1.0
30.0 -2.95005496371 1.0
65.0 1.09968976429 0.0
124.0 -3.02469525456 1.0
155.0 -2.97973353353 1.0
84.0 -2.93330027543 1.0
object 67	1.0:0.5 -1.59037357734:0.5
158.0 -1.58126687136 1.0
12.0 1.03419684875 0.0
85.0 -1.60872421482 1.0
68.0 0.996495554251 0.0
170.0 -1.57763314179 1.0
198.0 0.723788594334 0.0
136.0 1.05017154469 0.0
111.0 -1.60791600474 1.0
130.0 1.07027107598 0.0
38.0 -1.54221897183 1.0
109.0 1.0379230177 0.0
36.0 1.0249454712 0.0
122.0 1.00986815916 0.0
133.0 -1.49675033495 1.0
25.0 -1.57552665648 1.0
137.0 1.01535263884 0.0
186.0 -5.58228677811 1.0
147.0 -1.63658628756 1.0
187.0 -2.85393650141 1.0
105.0 -1.56104447965 1.0
96.0 0.960593177348 0.0
163.0 -1.5277779293 1.0
195.0 -1.50322154133 0.0
155.0 0.960509602934 0.0
26.0 -1.61674494102 1.0
117.0 -1.57289622199 1.0
66.0 -1.61132163555 1.0
128.0 0.898076469808 0.0
108.0 -1.58635664507 1.0
188.0 -5.67516258385 1.0
object 68	1.0:0.5 6.19249391639:0.5
29.0 0.931309634479 0.0
57.0 6.19347094313 1.0
35.0 0.9428404584 0.0
129.0 6.20109960011 1.0
182.0 6.63747127105 1.0
186.0 7.31581659128 1.0
77.0 0.980490633155 0.0
107.0 1.05965837542 0.0
22.0 0.969297429549 0.0
184.0 5.0248234394 1.0
76.0 1.05028250862 0.0
84.0 1.05373931836 0.0
37.0 6.29836756186 1.0
73.0 1.17363259507 0.0
80.0 1.07059754376 0.0
54.0 0.927396500011 0.0
164.0 6.22362843409 1.0
146.0 6.20272677839 1.0
32.0 0.962416836117 0.0
44.0 6.06152918055 1.0
180.0 9.06872076495 1.0
192.0 6.26782842913 0.0
40.0 1.11203307843 0.0
142.0 0.900688728915 0.0
41.0 6.27678654449 1.0
56.0 6.14761508016 1.0
4.0 6.21209132449 1.0
14.0 6.09309144064 1.0
95.0 6.13939212652 1.0
62.0 6.20739944682 1.0
16.0 6.26341854183 1.0
59.0 6.1673844305 1.0
119.0 6.25685057894 1.0
109.0 1.03314399381 0.0
113.0 0.984045122108 0.0
object 69	1.0:0.5 8.12642838888:0.5
172.0 8.07031899993 1.0
18.0 0.98378062233 0.0
192.0 5.41650186453 1.0
73.0 0.933831160436 0.0
158.0 0.973143632316 0.0
63.0 1.03861447201 0.0
110.0 8.128280852 1.0
166.0 8.13599586746 1.0
96.0 8.07303341064 1.0
144.0 0.923984950126 0.0
123.0 8.16914248076 1.0
62.0 8.11958533548 1.0
130.0 0.95928290614 0.0
101.0 8.14220025484 1.0
134.0 8.1447017852 1.0
187.0 -0.371122030109 0.0
149.0 0.987021747259 0.0
135.0 0.946504288807 0.0
140.0 0.990865719202 0.0
185.0 0.448451947557 0.0
148.0 8.01449255284 1.0
181.0 0.595818671627 0.0
186.0 7.31293363866 0.0
162.0 1.05675485439 0.0
112.0 0.992250543989 0.0
115.0 0.978585764504 0.0
179.0 8.08127384137 1.0
7.0 0.992480459337 0.0
114.0 1.0271139591 0.0
118.0 8.14934920246 1.0
190.0 5.22191794376 1.0
76.0 0.989064404616 0.0
111.0 8.17050354339 1.0
109.0 8.0644903931 1.0
16.0 0.995737236865 0.0
122.0 1.00208976117 0.0
object 70	1.0:0.5 10.5390259212:0.5
62.0 0.944695915959 0.0
178.0 10.4436579031 1.0
54.0 10.6029836881 1.0
102.0 0.961849207147 0.0
49.0 10.5826005203 1.0
22.0 1.06603627824 0.0
112.0 1.01576551583 0.0
190.0 10.2962949149 1.0
57.0 10.5768693268 1.0
43.0 10.5331645721 1.0
180.0 7.59913534661 1.0
58.0 1.01751431012 0.0
195.0 -3.1744421487 0.0
4.0 1.10331581083 0.0
107.0 1.04121687476 0.0
1.0 1.08209379799 0.0
8.0 1.00941232451 0.0
188.0 -1.96028250771 1.0
191.0 -2.14922581782 0.0
55.0 1.00294027584 0.0
69.0 10.5104881242 1.0
34.0 10.5169254218 1.0
7.0 1.03878456094 0.0
108.0 1.02257823419 0.0
164.0 0.909379524162 0.0
65.0 10.5500932895 1.0
146.0 10.5651176325 1.0
171.0 0.991487855817 0.0
64.0 10.6109941478 1.0
0.0 10.515344557 1.0
159.0 0.910158209813 0.0
46.0 0.933906289626 0.0
60.0 10.641104029 1.0
12.0 10.5617600169 1.0
135.0 0.978514239365 0.0
27.0 1.05381523748 0.0
object 71	1.0:0.5 10.2344523704:0.5
78.0 10.3245616806 1.0
5.0 10.2406869456 1.0
175.0 10.1507909737 1.0
152.0 10.2452384819 1.0
108.0 0.992656478589 0.0
183.0 9.36717844557 1.0
91.0 10.1339777115 1.0
64.0 0.888831162737 0.0
83.0 10.1807517133 1.0
96.0 10.3275671752 1.0
112.0 0.956119992008 0.0
82.0 1.07179908488 0.0
45.0 1.06473009537 0.0
178.0 10.2790738218 1.0
176.0 10.1564348294 1.0
60.0 1.03617821278 0.0
147.0 0.995636793706 0.0
157.0 0.974451753246 0.0
199.0 10.6866237319 1.0
146.0 0.932218036479 0.0
object 72	1.0:0.5 -7.03738634589:0.5
194.0 -0.379446068048 0.0
115.0 -6.92821293165 1.0
137.0 1.06722310611 0.0
30.0 -7.09120433374 1.0
131.0 -7.04137640028 1.0
102.0 -7.04218642506 1.0
61.0 -6.99869147766 1.0
27.0 -7.07488938443 1.0
64.0 -7.07287835421 1.0
155.0 -7.05759195257 1.0
107.0 -7.12344008192 1.0
31.0 -6.98342596076 1.0
12.0 -6.95617217132 1.0
93.0 1.08558354665 0.0
164.0 0.994207323354 0.0
42.0 1.044538247 0.0
69.0 0.96210968175 0.0
73.0 1.05858471706 0.0
0.0 1.00336909232 0.0
113.0 -7.03840977104 1.0
17.0 0.984228009562 0.0
39.0 -7.10611745246 1.0
127.0 0.986824928137 0.0
object 73	1.0:0.5 13.978625102:0.5
190.0 -0.11145798537 0.0
0.0 1.02040471089 0.0
181.0 -4.94392630093 0.0
109.0 1.03352399053 0.0
150.0 0.944898815131 0.0
139.0 13.9532200967 1.0
133.0 14.0215524087 1.0
131.0 1.05567736243 0.0
187.0 8.47866841733 1.0
81.0 0.933711914287 0.0
8.0 0.964106990974 0.0
180.0 16.2379877014 1.0
146.0 1.00199125859 0.0
57.0 14.0336981386 1.0
118.0 0.967199494846 0.0
20.0 13.947975199 1.0
125.0 13.9134448233 1.0
123.0 14.0733873826 1.0
37.0 1.11792418279 0.0
176.0 1.02111460534 0.0
76.0 0.974862743647 0.0
30.0 13.8880209166 1.0
124.0 13.8937394678 1.0
132.0 1.04039207954 0.0
26.0 0.998999110811 0.0
44.0 13.9302016188 1.0
102.0 14.0433443591 1.0
29.0 1.07137576651 0.0
94.0 1.01394277769 0.0
194.0 0.649864085234 0.0
104.0 0.960501294075 0.0
24.0 13.9192167254 1.0
17.0 0.957367860487 0.0
97.0 13.8939203276 1.0
object 74	1.0:0.5 -2.75571686685:0.5
148.0 0.979460234113 0.0
20.0 -2.74466437899 1.0
47.0 -2.74164943926 1.0
59.0 1.02713995841 0.0
39.0 1.06098463844 0.0
175.0 -2.70666886126 1.0
26.0 1.09152494352 0.0
163.0 1.058211097 0.0
197.0 -3.50388026849 1.0
30.0 -2.70603457282 1.0
122.0 -2.7441318132 1.0
36.0 0.90968489257 0.0
149.0 0.974272843755 0.0
51.0 -2.82489975869 1.0
179.0 -2.78328443813 1.0
188.0 -6.92579020068 1.0
167.0 -2.79026804049 1.0
91.0 0.935175319643 0.0
5.0 -2.70671510349 1.0
169.0 -2.69116876079 1.0
3.0 -2.73412331581 1.0
56.0 -2.75498142174 1.0
101.0 -2.81554337727 1.0
129.0 0.994581265801 0.0
33.0 -2.68418979816 1.0
14.0 -2.6684270476 1.0
77.0 -2.69512356979 1.0
103.0 0.993970850294 0.0
165.0 1.03205695227 0.0
141.0 -2.73573707418 1.0
174.0 -2.74022234703 1.0
194.0 0.878141269516 0.0
80.0 1.05106489992 0.0
181.0 -2.2324252858 1.0
object 75	1.0:0.5 1.78247617048:0.5
186.0 4.66723007144 1.0
103.0 1.76836917297 1.0
86.0 1.03340356002 0.0
3.0 1.77293073528 1.0
136.0 1.80799353906 1.0
148.0 1.67895534545 1.0
181.0 -0.131197430096 1.0
174.0 0.860662360432 0.0
117.0 1.00948646052 0.0
2.0 1.79435587178 1.0
141.0 1.01908497244 0.0
139.0 1.82664009273 1.0
182.0 2.74998805778 0.0
80.0 1.01284120563 0.0
96.0 1.78412995291 1.0
105.0 1.7380257517 1.0
9.0 1.74960521896 1.0
22.0 1.87729648497 1.0
36.0 1.79049181124 1.0
153.0 1.09451340622 0.0
189.0 1.17350528884 0.0
165.0 1.86421340251 1.0
42.0 0.937070238231 0.0
194.0 3.40911713273 1.0
135.0 0.936155122319 0.0
25.0 1.81740021722 1.0
15.0 1.0139564675 0.0
170.0 1.85876906556 1.0
108.0 0.9891880549 0.0
164.0 0.920877807641 0.0
146.0 1.05349086293 0.0
35.0 1.69197880963 1.0
55.0 1.0997738478 0.0
5.0 0.988438988917 0.0
130.0 1.03224026064 0.0
131.0 1.01160897221 0.0
object 76	1.0:0.5 -1.87377080579:0.5
22.0 1.08749868065 0.0
178.0 1.00870396324 0.0
130.0 0.954270488425 0.0
82.0 -1.89813373447 1.0
21.0 1.09630312998 0.0
55.0 0.931177289949 0.0
190.0 -0.601675113076 0.0
76.0 -1.87599523637 1.0
62.0 1.07324397351 0.0
181.0 -0.916912498227 1.0
59.0 -1.82206475177 1.0
4.0 0.927808197337 0.0
134.0 1.07499013552 0.0
24.0 1.07852601621 0.0
197.0 -7.31603992274 0.0
19.0 0.962436657169 0.0
158.0 0.995925513705 0.0
33.0 1.00578618627 0.0
69.0 0.941064123374 0.0
115.0 0.957146890275 0.0
132.0 -1.96222345479 1.0
64.0 -1.87892132661 1.0
177.0 1.0055331294 0.0
39.0 1.00720690049 0.0
80.0 1.0174678126 0.0
173.0 0.968837640003 0.0
87.0 0.982398702629 0.0
object 77	1.0:0.5 -4.43708620483:0.5
14.0 0.950347457554 0.0
95.0 1.07097138366 0.0
77.0 -4.47922842239 1.0
170.0 0.967201527467 0.0
124.0 -4.44735695308 1.0
98.0 1.0764316787 0.0
85.0 -4.47372209036 1.0
20.0 -4.45659219929 1.0
37.0 1.06622583193 0.0
101.0 -4.46104209039 1.0
66.0 0.956249666974 0.0
2.0 1.00239304787 0.0
121.0 -4.4031532304 1.0
104.0 -4.43478391972 1.0
178.0 0.914368118159 0.0
109.0 -4.35750248024 1.0
181.0 0.275335761057 0.0
63.0 -4.45077748358 1.0
189.0 -2.59667445641 0.0
162.0 1.02214387017 0.0
49.0 -4.42482694498 1.0
145.0 0.984305508989 0.0
11.0 0.976652567221 0.0
97.0 -4.42370369673 1.0
153.0 -4.45874135059 1.0
59.0 -4.41359556798 1.0
117.0 -4.46386742395 1.0
143.0 -4.34099953651 1.0
70.0 1.05987240496 0.0
176.0 -4.40589475888 1.0
89.0 -4.47057115707 1.0
199.0 3.09080919389 0.0
82.0 -4.40673879794 1.0
123.0 0.991541086196 0.0
144.0 -4.49439683757 1.0
155.0 0.966877948028 0.0
182.0 -7.69451816161 1.0
object 78	1.0:0.5 -4.33738863989:0.5
124.0 0.996227269608 0.0
145.0 -4.38469324065 1.0
189.0 -0.0870787345215 0.0
48.0 0.923205693987 0.0
150.0 -4.29083487639 1.0
29.0 -4.41820493357 1.0
19.0 1.01862293533 0.0
51.0 -4.33969007536 1.0
167.0 -4.39007803583 1.0
7.0 -4.35627653888 1.0
95.0 -4.37547724959 1.0
16.0 -4.42364700168 1.0
141.0 -4.38524256554 1.0
139.0 0.95767242428 0.0
3.0 -4.30640820964 1.0
71.0 1.03431056974 0.0
140.0 0.932150362422 0.0
115.0 1.04367950228 0.0
90.0 1.00587636722 0.0
28.0 0.992032992667 0.0
195.0 -1.51062702158 0.0
122.0 1.01485294911 0.0
32.0 0.98801980541 0.0
63.0 0.966359203802 0.0
78.0 1.01148480941 0.0
136.0 -4.28937228784 1.0
89.0 -4.37213921048 1.0
6.0 0.9764543382 0.0
60.0 0.94399285597 0.0
143.0 0.951382512438 0.0
42.0 -4.35383626447 1.0
171.0 -4.26162740568 1.0
76.0 -4.35550748644 1.0
object 79	1.0:0.5 7.88341792869:0.5
8.0 1.01370238926 0.0
49.0 0.963939922536 0.0
122.0 7.88948473815 1.0
168.0 0.968898766751 0.0
48.0 0.987257580112 0.0
128.0 1.05305761723 0.0
185.0 2.76149610165 0.0
110.0 7.93964676113 1.0
153.0 7.74004386262 1.0
84.0 1.04264750928 0.0
199.0 1.15349979127 0.0
192.0 -1.16652995274 0.0
47.0 7.84695816057 1.0
7.0 0.965992573387 0.0
146.0 1.02884655049 0.0
100.0 1.03598668823 0.0
152.0 7.93840120084 1.0
9.0 0.907062077929 0.0
193.0 1.18213485089 0.0
78.0 7.83847556148 1.0
89.0 7.85335403195 1.0
20.0 0.962767948228 0.0
180.0 3.04340348089 0.0
127.0 7.92895767111 1.0
76.0 7.97965209263 1.0
147.0 7.85978069379 1.0
28.0 0.992108463204 0.0
3.0 7.84280403312 1.0
54.0 0.97928066597 0.0
60.0 7.88741256594 1.0
117.0 0.959732509911 0.0
59.0 7.92865950155 1.0
131.0 1.01385205399 0.0
29.0 1.09118652123 0.0
190.0 -1.04955968345 0.0
119.0 7.843786695 1.0
73.0 7.90894955621 1.0
34.0 1.08768900764 0.0
10.0 7.90782631143 1.0
163.0 7.78345886704 1.0
132.0 7.92763045288 1.0
87.0 0.989294019182 0.0
98.0 7.91052238336 1.0
164.0 7.88038487622 1.0
51.0 7.88060500553 1.0
41.0 7.97359316305 1.0
object 80	1.0:0.5 -6.34669732182:0.5
111.0 0.933407065078 0.0
62.0 1.0335929259 0.0
57.0 1.02559214959 0.0
138.0 -6.4377633497 1.0
132.0 0.952075958683 0.0
162.0 1.01935636304 0.0
128.0 -6.37054587641 1.0
125.0 -6.37584925849 1.0
157.0 1.05478846852 0.0
43.0 -6.29101022094 1.0
55.0 -6.43368703664 1.0
83.0 0.9682723812 0.0
75.0 1.08610793099 0.0
189.0 -3.8449440812 1.0
149.0 1.08159029495 0.0
126.0 0.95424695914 0.0
110.0 1.04414567127 0.0
195.0 -2.08204769501 0.0
1.0 -6.30171434896 1.0
4.0 1.03470855077 0.0
89.0 1.07164066236 0.0
91.0 -6.35411425318 1.0
185.0 -6.01226360079 1.0
150.0 0.992440832546 0.0
178.0 0.995701595668 0.0
49.0 0.950796844662 0.0
64.0 0.943352687254 0.0
188.0 -2.00856165302 1.0
95.0 0.912096480539 0.0
135.0 -6.32909378466 1.0
42.0 -6.29010303847 1.0
187.0 3.71374341167 0.0
object 81	1.0:0.5 9.12507225913:0.5
110.0 0.954425186909 0.0
192.0 -3.219260195 0.0
25.0 1.00561036286 0.0
189.0 11.9939667525 1.0
2.0 1.03193509544 0.0
45.0 0.982921468222 0.0
104.0 9.15442065277 1.0
37.0 1.04879668418 0.0
166.0 0.928371613781 0.0
123.0 9.14739294276 1.0
41.0 0.928274293192 0.0
114.0 9.04026559821 1.0
186.0 2.06201466046 0.0
175.0 0.939473513515 0.0
57.0 0.980685146858 0.0
150.0 0.991351441462 0.0
179.0 0.973785188512 0.0
97.0 9.25391934026 1.0
42.0 1.03096591557 0.0
16.0 1.06794897835 0.0
52.0 9.14206335773 1.0
8.0 0.994836810845 0.0
172.0 1.00062820983 0.0
138.0 9.11389965449 1.0
115.0 0.998188465225 0.0
111.0 0.921966538321 0.0
134.0 1.05612539124 0.0
84.0 9.1234392981 1.0
object 82	1.0:0.5 2.35433316845:0.5
59.0 0.945607886119 0.0
52.0 2.30442527946 1.0
92.0 0.997942208491 0.0
110.0 1.03376745019 0.0
101.0 1.01678529137 0.0
91.0 1.04340954218 0.0
46.0 2.37730279171 1.0
23.0 2.40257335942 1.0
69.0 2.29666047629 1.0
125.0 0.966461965138 0.0
29.0 0.973759854321 0.0
44.0 1.0241447199 0.0
15.0 0.981081232632 0.0
116.0 2.37586852588 1.0
130.0 2.41776715638 1.0
129.0 0.991985912609 0.0
72.0 0.96441576057 0.0
71.0 1.00328135062 0.0
12.0 1.0194253607 0.0
159.0 2.41007190394 1.0
151.0 0.983752834067 0.0
82.0 2.35917992359 1.0
183.0 -3.10814824151 0.0
113.0 2.37486962322 1.0
119.0 2.3631571986 1.0
75.0 2.40995693266 1.0
118.0 2.3086278878 1.0
114.0 1.08308701166 0.0
121.0 0.986185776502 0.0
object 83	1.0:0.5 9.28306419236:0.5
165.0 9.28467795802 1.0
33.0 9.27153013412 1.0
120.0 9.30053364539 1.0
43.0 9.28192500165 1.0
55.0 1.03416286544 0.0
42.0 1.01048325318 0.0
146.0 1.00281430004 0.0
80.0 0.909782263495 0.0
186.0 -1.97298016591 0.0
195.0 -1.86351446682 0.0
53.0 0.965187271976 0.0
35.0 1.01529789547 0.0
76.0 1.00827080461 0.0
182.0 -0.433336893518 0.0
99.0 0.934391338006 0.0
48.0 1.12493818523 0.0
133.0 0.961194997898 0.0
177.0 0.989176937427 0.0
199.0 8.81841779685 1.0
156.0 1.06032993018 0.0
69.0 0.908726505493 0.0
87.0 9.27958979092 1.0
125.0 9.22559786375 1.0
64.0 9.29247527818 1.0
20.0 9.28379945221 1.0
132.0 1.13773014126 0.0
47.0 0.994687644288 0.0
176.0 9.22319880436 1.0
97.0 1.01944637953 0.0
50.0 1.00460486266 0.0
object 84	1.0:0.5 6.01006248053:0.5
69.0 0.966635224125 0.0
134.0 6.01528568973 1.0
78.0 5.97509874452 1.0
39.0 1.07115193003 0.0
24.0 5.97255151473 1.0
135.0 1.00203148019 0.0
43.0 6.01347592133 1.0
171.0 6.01664972438 1.0
65.0 1.04031260827 0.0
121.0 6.03569334297 1.0
170.0 0.944437415095 0.0
116.0 6.13462184825 1.0
87.0 5.94497901382 1.0
54.0 0.964423681221 0.0
143.0 1.033956961 0.0
53.0 6.06892800389 1.0
14.0 0.880798759206 0.0
122.0 1.02337324747 0.0
189.0 0.64773580882 1.0
75.0 6.07050976024 1.0
132.0 1.03823231653 0.0
187.0 6.00519018209 0.0
147.0 0.994536779575 0.0
63.0 1.04595308373 0.0
29.0 0.948120577066 0.0
2.0 1.09224599982 0.0
107.0 6.04694326537 1.0
164.0 0.917574447762 0.0
100.0 6.05377905133 1.0
36.0 0.994734466698 0.0
0.0 0.921012836264 0.0
195.0 2.97689134316 1.0
192.0 6.88602409375 0.0
48.0 5.94942608219 1.0
object 85	1.0:0.5 -10.5355546196:0.5
175.0 -10.5980869821 1.0
64.0 -10.4384021398 1.0
82.0 1.02403253636 0.0
152.0 1.00594034908 0.0
88.0 1.02966167696 0.0
75.0 -10.5936070181 1.0
159.0 1.05534586046 0.0
33.0 1.04956700706 0.0
104.0 0.97594570941 0.0
141.0 1.00567273173 0.0
166.0 0.929108724678 0.0
23.0 1.035054804 0.0
102.0 -10.493278078 1.0
34.0 0.966432052258 0.0
146.0 -10.5565949105 1.0
105.0 -10.5564760867 1.0
128.0 1.02199701444 0.0
113.0 0.954569436791 0.0
156.0 1.03096576642 0.0
38.0 1.08321257352 0.0
86.0 1.01309261445 0.0
164.0 -10.4590128935 1.0
186.0 -6.69115679183 1.0
188.0 5.26397267502 0.0
9.0 1.07649123215 0.0
35.0 -10.4939498086 1.0
132.0 -10.5867079694 1.0
26.0 0.968882253711 0.0
25.0 -10.468600525 1.0
197.0 -1.35819996719 0.0
185.0 -10.4702893049 1.0
122.0 -10.5533313356 1.0
18.0 1.0420661983 0.0
19.0 0.94709448714 0.0
40.0 0.961198398049 0.0
41.0 0.876531972522 0.0
181.0 -12.6855101965 1.0
107.0 -10.6358112166 1.0
195.0 -9.64210241409 1.0
163.0 -10.4358324609 1.0
191.0 4.11950712374 0.0
object 86	1.0:0.5 29.0262212788:0.5
95.0 29.0787668148 1.0
112.0 1.01151761189 0.0
74.0 29.0680607047 1.0
199.0 3.12939947238 0.0
87.0 29.0379962373 1.0
29.0 1.08139046287 0.0
60.0 29.0184581541 1.0
0.0 28.9598057068 1.0
179.0 1.02431193761 0.0
107.0 1.06288235064 0.0
49.0 0.943300029703 0.0
85.0 0.974239359823 0.0
183.0 23.9573743784 1.0
8.0 29.0230123037 1.0
184.0 2.13038364464 0.0
192.0 1.06973241439 0.0
27.0 29.0618841879 1.0
136.0 1.01535609601 0.0
82.0 29.0238799345 1.0
1.0 29.0750438385 1.0
127.0 29.0914654167 1.0
75.0 0.968759814472 0.0
22.0 29.0088234648 1.0
77.0 29.0607930799 1.0
45.0 1.02576186878 0.0
6.0 29.0484061763 1.0
163.0 28.9952932909 1.0
174.0 29.0993059215 1.0
69.0 0.943293463273 0.0
198.0 29.1511179416 1.0
17.0 29.0278903407 1.0
37.0 1.06191881585 0.0
38.0 29.0090312234 1.0
135.0 29.0423284608 1.0
28.0 29.0244025694 1.0
122.0 1.09350575376 0.0
93.0 28.9944429086 1.0
object 87	1.0:0.5 1.64499685185:0.5
50.0 1.00465295672 0.0
120.0 0.879403086701 0.0
22.0 1.62082165344 1.0
25.0 0.991857706203 0.0
31.0 1.66196100032 1.0
161.0 1.00471708234 0.0
28.0 1.56408856741 1.0
85.0 1.05656867978 0.0
115.0 1.63189407494 1.0
135.0 1.66209243914 1.0
190.0 -1.22207432567 0.0
175.0 0.967604228423 0.0
20.0 1.65628607562 1.0
38.0 1.65934293604 1.0
142.0 0.976929836375 0.0
7.0 1.60736389139 1.0
57.0 1.62574246928 1.0
146.0 0.9291822777 0.0
17.0 0.954309092458 0.0
144.0 1.62720397562 1.0
26.0 1.0151291612 0.0
71.0 0.993957298144 0.0
152.0 1.64956984765 1.0
3.0 1.65181205552 1.0
87.0 1.01207018267 0.0
72.0 1.68286786464 1.0
29.0 1.64051717879 1.0
147.0 0.977552482719 0.0
21.0 1.05506452289 0.0
object 88	1.0:0.5 10.3866820907:0.5
197.0 0.66188855686 0.0
186.0 1.0741297928 0.0
156.0 10.3751937702 1.0
125.0 0.986101500913 0.0
81.0 10.4066313511 1.0
45.0 10.335531619 1.0
103.0 1.02754863963 0.0
92.0 10.3170617293 1.0
105.0 0.9893137497 0.0
168.0 0.968304359534 0.0
90.0 0.970420945629 0.0
76.0 0.992631538678 0.0
83.0 10.4219391023 1.0
32.0 0.992951880398 0.0
181.0 14.3039062241 1.0
38.0 10.4150077147 1.0
133.0 1.01553861751 0.0
25.0 10.4146189798 1.0
42.0 10.4097527627 1.0
136.0 1.00000410364 0.0
161.0 10.3175237977 1.0
175.0 1.05549727934 0.0
99.0 0.983202006885 0.0
176.0 0.923823683501 0.0
172.0 0.981593730722 0.0
100.0 10.3819191079 1.0
65.0 0.981373690637 0.0
195.0 6.4056303389 0.0
46.0 0.995877370227 0.0
35.0 0.974686428547 0.0
180.0 9.98964849886 1.0
101.0 1.00079589902 0.0
145.0 1.03294233725 0.0
123.0 10.3810165139 1.0
54.0 10.3426681009 1.0
98.0 1.03211061991 0.0
object 89	1.0:0.5 -11.4992485772:0.5
131.0 -11.4273791778 1.0
173.0 -11.4903282052 1.0
139.0 0.932215149234 0.0
42.0 0.962484723036 0.0
194.0 0.326703919236 0.0
107.0 0.967958666079 0.0
165.0 -11.4608349415 1.0
86.0 -11.5467896183 1.0
84.0 1.0704098095 0.0
160.0 0.939819772386 0.0
132.0 0.952599939421 0.0
38.0 -11.4922232519 1.0
138.0 1.04568198502 0.0
11.0 -11.518139773 1.0
40.0 -11.5099401948 1.0
72.0 -11.5219471448 1.0
113.0 -11.5081336503 1.0
181.0 -6.57036401491 0.0
190.0 -0.0159615261775 0.0
48.0 -11.4486408335 1.0
25.0 0.997938711957 0.0
110.0 -11.4252120125 1.0
61.0 -11.5528540224 1.0
125.0 -11.5088891109 1.0
19.0 -11.5273228191 1.0
78.0 -11.478885269 1.0
197.0 -10.7685128475 1.0
12.0 -11.4575172922 1.0
121.0 0.966359696068 0.0
159.0 -11.5693970128 1.0
128.0 0.991824853029 0.0
object 90	1.0:0.5 7.24013559453:0.5
127.0 0.984372684997 0.0
1.0 7.28850609303 1.0
124.0 7.19155367572 1.0
74.0 0.957647401191 0.0
167.0 0.951956510777 0.0
148.0 7.23486799985 1.0
99.0 0.955227163909 0.0
174.0 7.19843184336 1.0
26.0 0.990928290099 0.0
163.0 1.04307810306 0.0
137.0 7.23919022122 1.0
2.0 7.27912695898 1.0
128.0 1.04586571403 0.0
32.0 1.10072298337 0.0
117.0 0.936600754683 0.0
11.0 7.28618930986 1.0
141.0 0.974426474127 0.0
146.0 1.05186870404 0.0
89.0 7.17633680055 1.0
149.0 0.881748104119 0.0
118.0 7.28165905733 1.0
54.0 7.28510748133 1.0
46.0 1.07428451937 0.0
72.0 0.931842073201 0.0
31.0 0.945954707301 0.0
4.0 1.0058830238 0.0
39.0 0.947519480044 0.0
156.0 0.98850411083 0.0
object 91	1.0:0.5 2.9123036496:0.5
146.0 0.906212026164 0.0
36.0 2.77201611037 1.0
86.0 2.98773677226 1.0
19.0 2.91853621071 1.0
187.0 2.85113989032 1.0
26.0 0.942048053774 0.0
49.0 2.88293742351 1.0
190.0 1.75019606756 1.0
96.0 1.00192646887 0.0
62.0 2.87357452351 1.0
60.0 2.86386987327 1.0
162.0 2.92134459045 1.0
66.0 0.973290793179 0.0
17.0 2.96009462559 1.0
29.0 2.95679807005 1.0
101.0 2.91305092731 1.0
182.0 0.623593961123 1.0
18.0 2.91396559872 1.0
174.0 0.899043082131 0.0
142.0 1.0430075075 0.0
10.0 2.82187734192 1.0
138.0 0.985740723521 0.0
80.0 0.862148047256 0.0
113.0 1.08814395524 0.0
198.0 1.5154073309 0.0
43.0 0.989731996084 0.0
8.0 2.94044493758 1.0
133.0 2.95982532476 1.0
50.0 0.962623231211 0.0
165.0 0.98337072599 0.0
128.0 2.91411300256 1.0
40.0 1.00042838935 0.0
object 92	1.0:0.5 1.51649888691:0.5
33.0 0.991528070183 0.0
60.0 0.944498883124 0.0
55.0 1.52751350652 1.0
195.0 1.25510939387 0.0
83.0 0.971850093536 0.0
141.0 1.01892874735 0.0
184.0 8.58378754061 1.0
155.0 0.990133613274 0.0
34.0 1.44305823709 1.0
30.0 1.48095683257 1.0
129.0 1.03758312504 0.0
86.0 0.993051379719 0.0
148.0 1.53918208309 1.0
175.0 0.984463144386 0.0
72.0 1.53840407175 1.0
119.0 1.48686669121 1.0
4.0 1.42851049484 1.0
48.0 0.905293053069 0.0
39.0 1.51240900343 1.0
144.0 0.947855580421 0.0
41.0 1.49666565542 1.0
16.0 1.00083841848 0.0
98.0 1.55078366448 1.0
186.0 -3.58218031913 1.0
101.0 0.910361942647 0.0
27.0 0.964452306245 0.0
2.0 1.63463791049 1.0
156.0 1.5001657023 1.0
90.0 1.52119186062 1.0
44.0 1.00476416351 0.0
object 93	1.0:0.5 5.16747968492:0.5
5.0 5.18049534741 1.0
85.0 5.19064104837 1.0
84.0 0.966422607415 0.0
178.0 5.26572457243 1.0
135.0 5.21656075565 1.0
60.0 0.968832496952 0.0
8.0 5.14606930648 1.0
95.0 5.18200473724 1.0
45.0 1.04244582159 0.0
43.0 5.20772417351 1.0
47.0 5.21028220515 1.0
38.0 0.948593255353 0.0
105.0 5.18056626837 1.0
0.0 1.00621499327 0.0
185.0 1.43037113731 0.0
16.0 5.18931876823 1.0
153.0 5.08285702932 1.0
198.0 5.86149170385 1.0
64.0 5.05266103871 1.0
183.0 1.88271491764 0.0
117.0 1.00093263963 0.0
169.0 5.1170996452 1.0
161.0 5.1544483415 1.0
79.0 0.980245518471 0.0
99.0 1.01497074034 0.0
123.0 5.1442531447 1.0
object 94	1.0:0.5 -3.70844729011:0.5
12.0 1.00353565469 0.0
127.0 -3.83284546066 1.0
44.0 -3.72224260384 1.0
126.0 0.894226384883 0.0
85.0 -3.72010205018 1.0
65.0 -3.69254376479 1.0
164.0 0.941784291709 0.0
35.0 0.904469900788 0.0
137.0 -3.7664280327 1.0
16.0 -3.67787675662 1.0
187.0 2.13630551637 0.0
1.0 -3.69392067059 1.0
77.0 1.04383857627 0.0
148.0 0.981282066291 0.0
120.0 0.957616989404 0.0
184.0 -0.951530741487 1.0
21.0 -3.72803642161 1.0
63.0 -3.73964678268 1.0
173.0 1.01329338037 0.0
106.0 1.06527648274 0.0
107.0 -3.66345277299 1.0
48.0 -3.66639281809 1.0
object 95	1.0:0.5 -8.42165729906:0.5
28.0 -8.40026291852 1.0
10.0 -8.42660463229 1.0
39.0 1.03219321478 0.0
155.0 -8.41012146553 1.0
145.0 0.966716022585 0.0
138.0 1.00096249065 0.0
118.0 0.954975073872 0.0
92.0 0.888010820259 0.0
140.0 -8.38293928739 1.0
189.0 3.78467188686 0.0
51.0 -8.43204489478 1.0
113.0 1.0058146372 0.0
60.0 -8.41695926836 1.0
5.0 0.935024259867 0.0
73.0 1.05954688334 0.0
8.0 1.00550496038 0.0
66.0 -8.45676635084 1.0
183.0 1.19060954527 0.0
38.0 0.994721752355 0.0
12.0 -8.45470950675 1.0
116.0 1.09591261753 0.0
25.0 -8.49492018362 1.0
20.0 -8.3529814115 1.0
167.0 -8.49531978086 1.0
32.0 -8.3521469991 1.0
55.0 -8.39096075961 1.0
178.0 0.855734260091 0.0
31.0 -8.38110104853 1.0
52.0 1.09811910335 0.0
144.0 -8.34847397245 1.0
173.0 -8.39367396632 1.0
0.0 1.03426525418 0.0
195.0 -9.5538741202 1.0
object 96	1.0:0.5 13.3863177894:0.5
168.0 1.06624541767 0.0
167.0 13.4109987745 1.0
54.0 13.3337481677 1.0
182.0 0.892311232984 0.0
89.0 1.04012175717 0.0
5.0 13.3284172214 1.0
50.0 13.479466911 1.0
32.0 13.4024311893 1.0
114.0 0.99585081343 0.0
90.0 0.938340690844 0.0
28.0 13.4282467645 1.0
190.0 16.6345807743 1.0
199.0 13.8889215253 1.0
87.0 13.4333889735 1.0
135.0 13.329437315 1.0
145.0 0.979159053841 0.0
115.0 0.875222400374 0.0
105.0 0.899572517397 0.0
91.0 13.4458893786 1.0
4.0 13.4974181509 1.0
68.0 13.3292540033 1.0
20.0 1.03686765667 0.0
185.0 14.5304057845 1.0
100.0 0.95146409593 0.0
38.0 13.4053543937 1.0
60.0 0.926792071829 0.0
27.0 13.428042265 1.0
98.0 13.3725293033 1.0
76.0 1.01639547717 0.0
162.0 0.924813557499 0.0
104.0 13.3970485773 1.0
85.0 13.4082025186 1.0
45.0 0.926216097306 0.0
159.0 13.4027961443 1.0
173.0 13.4244629001 1.0
74.0 13.4184341557 1.0
object 97	1.0:0.5 18.0508271507:0.5
41.0 1.05092359681 0.0
17.0 17.968636328 1.0
39.0 0.947069930542 0.0
15.0 18.1287482526 1.0
158.0 0.963663727418 0.0
8.0 18.0416980373 1.0
12.0 1.04625535016 0.0
161.0 18.0309384917 1.0
24.0 0.980928795068 0.0
79.0 18.0673000761 1.0
174.0 1.07319788181 0.0
11.0 18.0463701334 1.0
184.0 0.900443871845 0.0
192.0 18.7415056006 1.0
188.0 24.5810475479 1.0
14.0 0.964467870221 0.0
142.0 1.02692440135 0.0
178.0 1.0711463942 0.0
34.0 0.980196946172 0.0
57.0 1.03173093875 0.0
114.0 18.0168901807 1.0
195.0 -0.69081415228 0.0
199.0 19.641100557 1.0
73.0 0.927569439457 0.0
64.0 0.988785692048 0.0
113.0 1.04094874919 0.0
107.0 18.0987022751 1.0
85.0 1.0152066748 0.0
97.0 1.12732648828 0.0
78.0 1.0767490515 0.0
183.0 25.9195881488 1.0
55.0 18.0897003709 1.0
139.0 0.935651180009 0.0
165.0 18.0658834795 1.0
130.0 0.986247874062 0.0
143.0 18.0410980289 1.0
29.0 1.0255276236 0.0
object 98	1.0:0.5 3.01569315918:0.5
6.0 2.98506560985 1.0
49.0 1.03192465035 0.0
153.0 2.98718973443 1.0
174.0 3.00696996596 1.0
94.0 3.05462098165 1.0
54.0 3.03717324746 1.0
12.0 1.02646394605 0.0
102.0 1.0431052918 0.0
99.0 1.03785383767 0.0
56.0 3.03555253825 1.0
159.0 1.01562871924 0.0
89.0 3.07300686135 1.0
69.0 3.03598139712 1.0
26.0 1.01957261822 0.0
29.0 3.05048399652 1.0
150.0 2.94470452045 1.0
196.0 -1.07689266558 0.0
74.0 3.11906796358 1.0
168.0 0.947745534841 0.0
112.0 0.975394203323 0.0
125.0 0.928955773826 0.0
23.0 2.98984019249 1.0
34.0 2.9600082355 1.0
119.0 0.970093746436 0.0
31.0 1.01605357727 0.0
134.0 0.939107175584 0.0
131.0 0.961559829116 0.0
110.0 3.08423365529 1.0
91.0 3.06188397709 1.0
88.0 0.944418825561 0.0
132.0 0.905539115893 0.0
object 99	1.0:0.5 13.6944571971:0.5
133.0 1.05784759435 0.0
23.0 0.9976537541 0.0
50.0 13.6664638018 1.0
71.0 13.7485745557 1.0
101.0 1.05598843141 0.0
188.0 -3.00551620752 0.0
187.0 12.8607625436 1.0
129.0 1.02064455458 0.0
35.0 1.0742278216 0.0
177.0 13.729876316 1.0
96.0 13.7453838977 1.0
81.0 13.6654144774 1.0
103.0 0.950983322533 0.0
159.0 13.646494206 1.0
92.0 13.7396804876 1.0
125.0 13.7825576549 1.0
78.0 1.04222015656 0.0
173.0 13.6346801056 1.0
9.0 13.6555855452 1.0
22.0 13.7009026721 1.0
64.0 13.7188931591 1.0
127.0 13.6756635842 1.0
82.0 1.07457979877 0.0
116.0 13.6213990124 1.0
31.0 13.6895575438 1.0
114.0 0.964543998017 0.0
5.0 13.7029280368 1.0
29.0 13.6578019131 1.0
93.0 0.999537069373 0.0
89.0 1.04392042151 0.0
41.0 0.90712982219 0.0
97.0 0.965353875769 0.0
181.0 16.6316241566 1.0
151.0 0.928157009993 0.0
32.0 1.04868524943 0.0
19.0 13.6524541908 1.0
2.0 1.00253422499 0.0
