object 0	1.0:1.0
86.0 1.02057076425 1.0
66.0 0.97592617848 1.0
88.0 0.981218798807 1.0
67.0 1.09546602901 1.0
121.0 0.982743726745 1.0
188.0 2.67370838774 1.0
147.0 2.91989130197 1.0
176.0 -3.53392517074 1.0
193.0 -3.09023455727 1.0
125.0 0.99374215343 1.0
37.0 0.993906213434 1.0
170.0 2.3408267676 1.0
98.0 1.01438877451 1.0
object 1	1.0:1.0
98.0 0.97413502661 1.0
100.0 1.00406588739 1.0
58.0 0.977947042695 1.0
184.0 2.17164366213 1.0
75.0 0.99146374272 1.0
3.0 1.00142238596 1.0
106.0 0.977638138046 1.0
145.0 3.27428032289 1.0
16.0 1.0035041046 1.0
51.0 1.00672752844 1.0
0.0 0.978637752463 1.0
object 2	1.0:1.0
52.0 1.0358518905 1.0
125.0 1.00169511279 1.0
156.0 0.244734134443 1.0
51.0 1.00751847999 1.0
184.0 -0.937225888052 1.0
26.0 0.997287361521 1.0
16.0 0.986402114304 1.0
32.0 0.959415289562 1.0
170.0 0.432599358356 1.0
139.0 0.988401669032 1.0
object 3	1.0:1.0
112.0 0.970261426003 1.0
46.0 0.982948728978 1.0
157.0 -0.203034917309 1.0
193.0 -4.32459791134 1.0
173.0 1.80229959273 1.0
object 4	1.0:1.0
72.0 0.990055035581 1.0
122.0 1.00524872844 1.0
182.0 3.16925037512 1.0
134.0 0.975288379725 1.0
object 5	1.0:1.0
5.0 1.01640523242 1.0
85.0 0.989205576 1.0
object 6	1.0:1.0
72.0 1.01719059616 1.0
189.0 -0.218909946302 1.0
152.0 1.01355116614 1.0
109.0 0.973745304762 1.0
66.0 0.947552140553 1.0
object 7	1.0:1.0
159.0 -1.4628406562 1.0
57.0 1.03416070952 1.0
50.0 0.946807114547 1.0
63.0 1.07890228125 1.0
75.0 1.01905684074 1.0
176.0 3.03036901877 1.0
94.0 0.980788866439 1.0
182.0 2.24833707946 1.0
195.0 5.50434283609 1.0
object 8	1.0:1.0
171.0 0.860168589556 1.0
160.0 7.198503296 1.0
103.0 0.947269953475 1.0
60.0 1.02317152702 1.0
object 9	1.0:1.0
128.0 0.986327522131 1.0
109.0 0.96914971483 1.0
158.0 4.24103105112 1.0
86.0 0.983413193392 1.0
29.0 1.00722795767 1.0
object 10	1.0:1.0
16.0 0.990829597203 1.0
60.0 1.04458117409 1.0
89.0 0.996859768167 1.0
63.0 0.985208276201 1.0
163.0 7.08635428705 1.0
84.0 1.01069611314 1.0
102.0 0.999295353146 1.0
99.0 0.979292340244 1.0
object 11	1.0:1.0
39.0 0.950805208001 1.0
130.0 1.01474818457 1.0
187.0 6.91097764938 1.0
57.0 0.948914982605 1.0
152.0 0.726659157737 1.0
198.0 1.43235085186 1.0
62.0 1.02525308787 1.0
10.0 1.01777216147 1.0
object 12	1.0:1.0
72.0 1.05802414799 1.0
32.0 1.06372259024 1.0
180.0 6.72709142507 1.0
36.0 0.959953591338 1.0
162.0 6.29913306943 1.0
173.0 3.35628108535 1.0
object 13	1.0:1.0
181.0 -1.5060544496 1.0
8.0 1.06462012209 1.0
158.0 4.75639333153 1.0
60.0 0.929123929261 1.0
138.0 0.982277527689 1.0
191.0 3.4636718105 1.0
31.0 1.00894954612 1.0
39.0 0.964190614857 1.0
149.0 5.60099476909 1.0
165.0 1.69789582268 1.0
62.0 1.02634378885 1.0
185.0 -5.30993573462 1.0
object 14	1.0:1.0
111.0 0.931983694281 1.0
68.0 1.04241347076 1.0
8.0 0.940693737408 1.0
95.0 1.04046894359 1.0
4.0 1.04024909137 1.0
150.0 3.57395836721 1.0
object 15	1.0:1.0
112.0 1.01622280854 1.0
100.0 0.996977850368 1.0
124.0 1.12335298906 1.0
175.0 -1.0603249405 1.0
49.0 0.994360381362 1.0
41.0 0.984479405643 1.0
157.0 4.24337730443 1.0
121.0 1.02004283337 1.0
111.0 0.997326592044 1.0
object 16	1.0:1.0
137.0 0.962847656811 1.0
18.0 1.01233439651 1.0
177.0 4.24597983671 1.0
191.0 0.158258358916 1.0
2.0 0.955587427278 1.0
120.0 1.03467330821 1.0
object 17	1.0:1.0
75.0 1.0018655002 1.0
99.0 1.03945839484 1.0
26.0 1.00357639845 1.0
19.0 0.973179322072 1.0
122.0 0.986233657625 1.0
0.0 0.960402611011 1.0
94.0 1.03593101027 1.0
157.0 -0.402848747556 1.0
163.0 -0.770826638143 1.0
object 18	1.0:1.0
163.0 1.49230477308 1.0
159.0 -6.18547352935 1.0
186.0 -1.58098361819 1.0
114.0 0.930442941794 1.0
64.0 0.979360020154 1.0
28.0 0.993361422905 1.0
object 19	1.0:1.0
175.0 -5.95927255888 1.0
188.0 -0.28018923676 1.0
89.0 0.986445892829 1.0
3.0 0.99239287911 1.0
158.0 -0.0656638138986 1.0
object 20	1.0:1.0
159.0 0.658929545617 1.0
126.0 0.924139564449 1.0
102.0 1.00758166892 1.0
116.0 1.01284613375 1.0
118.0 0.944753662044 1.0
50.0 1.03956049795 1.0
object 21	1.0:1.0
88.0 0.917518387305 1.0
150.0 -1.07524192757 1.0
163.0 2.58888137828 1.0
125.0 0.993986459593 1.0
98.0 0.992356623465 1.0
161.0 3.20156880795 1.0
object 22	1.0:1.0
105.0 0.987245821392 1.0
194.0 0.542932321632 1.0
2.0 1.02001872683 1.0
6.0 0.969378369193 1.0
32.0 0.964924814243 1.0
18.0 1.00606130599 1.0
28.0 0.962351030839 1.0
102.0 0.982100120696 1.0
192.0 -3.40278129471 1.0
object 23	1.0:1.0
194.0 -2.26972646481 1.0
28.0 0.966776780391 1.0
7.0 1.02408356506 1.0
149.0 0.498194656346 1.0
105.0 1.01733956947 1.0
169.0 1.09973378758 1.0
38.0 1.03750172133 1.0
116.0 0.992238777362 1.0
object 24	1.0:1.0
196.0 4.23241557388 1.0
108.0 1.01648222576 1.0
154.0 4.30177994007 1.0
object 25	1.0:1.0
97.0 1.00859231279 1.0
110.0 1.05160602947 1.0
36.0 0.983570412029 1.0
27.0 0.980803066436 1.0
84.0 0.994451459136 1.0
10.0 1.003543513 1.0
object 26	1.0:1.0
129.0 1.01211780011 1.0
87.0 1.01850689199 1.0
38.0 0.964982884435 1.0
158.0 -0.0574331300497 1.0
object 27	1.0:1.0
170.0 3.31636399862 1.0
149.0 -4.48777495113 1.0
199.0 0.550459494297 1.0
148.0 2.2995380619 1.0
object 28	1.0:1.0
127.0 1.02291424558 1.0
38.0 0.981383944786 1.0
160.0 5.61012180542 1.0
101.0 1.04879536566 1.0
52.0 0.997008102773 1.0
106.0 1.02973193457 1.0
44.0 1.02803949404 1.0
object 29	1.0:1.0
48.0 0.986617005943 1.0
198.0 2.9482735349 1.0
86.0 1.02754490006 1.0
95.0 1.09399475267 1.0
122.0 1.01208816339 1.0
148.0 6.17071982713 1.0
object 30	1.0:1.0
90.0 1.00385687228 1.0
171.0 2.60406603236 1.0
4.0 0.982628698999 1.0
67.0 1.02418034977 1.0
16.0 1.00929145481 1.0
28.0 0.958698199567 1.0
35.0 1.00714545928 1.0
166.0 1.6012715959 1.0
object 31	1.0:1.0
58.0 1.01110948315 1.0
28.0 1.00095668456 1.0
147.0 5.35093046782 1.0
151.0 -9.39930761171 1.0
111.0 1.03443391857 1.0
4.0 0.976636653663 1.0
60.0 0.963749717798 1.0
10.0 1.06019484086 1.0
77.0 1.06939213173 1.0
131.0 1.00557993049 1.0
object 32	1.0:1.0
122.0 1.01554565461 1.0
94.0 0.992304239087 1.0
47.0 1.09673394409 1.0
1.0 1.01078365517 1.0
153.0 6.28653680285 1.0
object 33	1.0:1.0
73.0 0.991967387701 1.0
129.0 1.00807495816 1.0
128.0 0.993084048575 1.0
184.0 0.779082830428 1.0
79.0 1.00145513806 1.0
83.0 0.986256127037 1.0
45.0 0.999646833707 1.0
object 34	1.0:1.0
2.0 0.963748982865 1.0
159.0 3.23330312483 1.0
53.0 1.00648999732 1.0
155.0 0.206779565498 1.0
27.0 1.03271156361 1.0
78.0 0.990579081062 1.0
102.0 1.0106794586 1.0
67.0 1.00313969189 1.0
143.0 0.751765491631 1.0
84.0 0.976142500207 1.0
object 35	1.0:1.0
97.0 0.983764874098 1.0
154.0 -1.65596134605 1.0
59.0 0.863548054516 1.0
183.0 2.66100267447 1.0
139.0 0.98144882724 1.0
29.0 1.00729993215 1.0
85.0 1.00399242029 1.0
158.0 2.41589635219 1.0
166.0 3.98056441737 1.0
61.0 0.977715853824 1.0
object 36	1.0:1.0
115.0 1.03784076843 1.0
143.0 2.00973204191 1.0
106.0 0.940781100737 1.0
94.0 1.00244103843 1.0
79.0 0.970617161297 1.0
181.0 3.47101251708 1.0
object 37	1.0:1.0
97.0 0.992891724094 1.0
169.0 0.537077446577 1.0
42.0 1.0041221405 1.0
159.0 0.526452535074 1.0
86.0 1.03656552616 1.0
26.0 0.985560042484 1.0
109.0 1.01007274091 1.0
71.0 0.97472981788 1.0
32.0 1.07156105668 1.0
33.0 0.97001351107 1.0
object 38	1.0:1.0
66.0 1.00351915586 1.0
153.0 -3.22110107128 1.0
101.0 1.05125217669 1.0
76.0 1.00703360156 1.0
174.0 -2.5501921627 1.0
85.0 1.00964826663 1.0
object 39	1.0:1.0
167.0 7.37215453216 1.0
89.0 1.02083311194 1.0
39.0 1.04677171675 1.0
171.0 -1.6991922714 1.0
140.0 2.31745184065 1.0
148.0 2.27081241274 1.0
60.0 0.896678170804 1.0
175.0 -0.150500252166 1.0
object 40	1.0:1.0
141.0 0.997043136627 1.0
174.0 0.202565540011 1.0
135.0 0.994258346698 1.0
194.0 1.23129348644 1.0
120.0 0.978397317883 1.0
86.0 0.972299406528 1.0
115.0 1.02882665004 1.0
52.0 0.937736658588 1.0
object 41	1.0:1.0
188.0 0.411004291172 1.0
87.0 0.993351858655 1.0
89.0 0.972288238742 1.0
81.0 1.00219493486 1.0
42.0 1.00801120479 1.0
41.0 1.06424870251 1.0
115.0 1.01596803459 1.0
170.0 2.51922794803 1.0
39.0 0.991964298559 1.0
23.0 0.949758131727 1.0
80.0 0.98410386764 1.0
object 42	1.0:1.0
198.0 5.92714085158 1.0
78.0 0.985429279634 1.0
196.0 -0.720330755707 1.0
38.0 1.02306929789 1.0
133.0 0.989867770199 1.0
14.0 1.00535477504 1.0
object 43	1.0:1.0
103.0 1.01822596676 1.0
137.0 1.03615793079 1.0
52.0 1.00123444152 1.0
55.0 0.962417089065 1.0
169.0 2.33676384932 1.0
62.0 0.976403086256 1.0
object 44	1.0:1.0
49.0 0.965362937225 1.0
107.0 1.02857917876 1.0
169.0 -0.330730590754 1.0
91.0 0.985040225297 1.0
155.0 1.51145449817 1.0
79.0 1.00353641488 1.0
object 45	1.0:1.0
93.0 0.975197810597 1.0
115.0 1.02666040048 1.0
171.0 -0.769082986624 1.0
174.0 2.32635046149 1.0
50.0 1.00298912962 1.0
object 46	1.0:1.0
154.0 -1.43820578929 1.0
60.0 1.02250699984 1.0
9.0 0.993786416619 1.0
69.0 1.01065932773 1.0
114.0 0.916580751315 1.0
object 47	1.0:1.0
100.0 1.0094412265 1.0
199.0 2.52923810653 1.0
119.0 1.02936673444 1.0
84.0 0.965471339648 1.0
168.0 -3.72285364001 1.0
140.0 -1.04529001917 1.0
18.0 0.973844692286 1.0
19.0 0.98476297362 1.0
137.0 1.01886274142 1.0
197.0 3.38905680254 1.0
object 48	1.0:1.0
0.0 0.974000308211 1.0
138.0 0.984314054693 1.0
119.0 1.06010306564 1.0
75.0 1.00162531547 1.0
19.0 1.03054544561 1.0
187.0 -1.91334662617 1.0
154.0 0.682390464346 1.0
object 49	1.0:1.0
90.0 0.965816557485 1.0
59.0 0.996157986829 1.0
67.0 0.979407314357 1.0
26.0 1.00267197975 1.0
37.0 0.980161989093 1.0
63.0 1.0315550759 1.0
121.0 0.976162836584 1.0
66.0 0.968808122408 1.0
object 50	1.0:1.0
43.0 0.9869333091 1.0
66.0 0.992363388457 1.0
3.0 0.991624293753 1.0
161.0 -0.162035405156 1.0
object 51	1.0:1.0
156.0 -5.67269499794 1.0
89.0 1.00892208645 1.0
35.0 0.966259025777 1.0
190.0 -3.82989057421 1.0
140.0 -3.58638886069 1.0
139.0 1.00010504195 1.0
10.0 1.03574547939 1.0
object 52	1.0:1.0
133.0 1.02614407302 1.0
61.0 1.01806110704 1.0
154.0 0.470479153541 1.0
163.0 1.19162267996 1.0
52.0 0.96309120208 1.0
101.0 0.995190229064 1.0
197.0 -2.14586902969 1.0
192.0 2.96995276253 1.0
143.0 -1.26292749769 1.0
object 53	1.0:1.0
150.0 -0.87275453437 1.0
166.0 1.26280155068 1.0
132.0 1.07962329564 1.0
142.0 4.01590581117 1.0
172.0 -4.68906184023 1.0
196.0 -1.8102265334 1.0
147.0 -0.615176810731 1.0
object 54	1.0:1.0
181.0 3.15328339895 1.0
27.0 0.996011559141 1.0
145.0 -0.743829065254 1.0
159.0 -1.95054235506 1.0
74.0 0.980664296161 1.0
object 55	1.0:1.0
164.0 1.71403241943 1.0
53.0 1.00419731212 1.0
73.0 1.05994138339 1.0
182.0 1.49587275109 1.0
object 56	1.0:1.0
59.0 1.00833018396 1.0
148.0 8.23210027833 1.0
119.0 1.00041889879 1.0
39.0 0.965464418186 1.0
70.0 0.929374436446 1.0
20.0 1.01778403799 1.0
22.0 1.05440124091 1.0
7.0 0.986819316455 1.0
121.0 0.979675178136 1.0
153.0 0.175692239847 1.0
object 57	1.0:1.0
161.0 2.31833675189 1.0
166.0 2.82243228016 1.0
107.0 1.00270773386 1.0
20.0 0.998257181202 1.0
object 58	1.0:1.0
53.0 1.02699065661 1.0
15.0 1.00681595541 1.0
148.0 1.01484082137 1.0
object 59	1.0:1.0
165.0 1.04263441881 1.0
13.0 1.00082433768 1.0
135.0 1.00478868364 1.0
49.0 1.06553389084 1.0
172.0 0.144823559156 1.0
90.0 1.01156884739 1.0
71.0 1.015304469 1.0
1.0 1.05414751963 1.0
50.0 0.997024941814 1.0
153.0 -0.930456801559 1.0
77.0 0.958714925347 1.0
137.0 1.02833491647 1.0
object 60	1.0:1.0
144.0 0.496271088159 1.0
131.0 0.98907905616 1.0
13.0 0.97694091612 1.0
26.0 0.982348432938 1.0
141.0 -1.97157918302 1.0
object 61	1.0:1.0
128.0 1.00380295723 1.0
152.0 9.43084923928 1.0
176.0 5.91868502161 1.0
113.0 0.912313437299 1.0
54.0 0.993912604136 1.0
136.0 0.996278249085 1.0
object 62	1.0:1.0
39.0 1.02211976425 1.0
92.0 0.980913202714 1.0
117.0 0.975467713991 1.0
object 63	1.0:1.0
7.0 0.976786656143 1.0
34.0 0.976771813054 1.0
32.0 1.04175358703 1.0
62.0 0.988724048163 1.0
103.0 0.963131840012 1.0
186.0 0.57573177713 1.0
145.0 4.07540382511 1.0
161.0 0.889634471771 1.0
object 64	1.0:1.0
23.0 0.993439929929 1.0
167.0 -5.04193126754 1.0
39.0 0.936229840538 1.0
125.0 0.99795640648 1.0
114.0 1.00703925425 1.0
53.0 1.00026568535 1.0
112.0 1.00762246098 1.0
58.0 1.00771828659 1.0
object 65	1.0:1.0
171.0 3.48397672328 1.0
105.0 1.00480471546 1.0
194.0 -2.09160068592 1.0
93.0 0.997989907519 1.0
object 66	1.0:1.0
192.0 0.883192312973 1.0
199.0 1.18956588256 1.0
32.0 1.05294017508 1.0
11.0 1.0336649433 1.0
object 67	1.0:1.0
59.0 1.00271246834 1.0
161.0 -2.81205120358 1.0
115.0 0.955467893657 1.0
object 68	1.0:1.0
118.0 1.0249698681 1.0
195.0 -4.43551626793 1.0
111.0 0.92362724362 1.0
191.0 -0.319888975989 1.0
object 69	1.0:1.0
119.0 0.962314935352 1.0
20.0 1.00488894353 1.0
99.0 1.01320315852 1.0
166.0 -0.178285171963 1.0
89.0 1.06290758205 1.0
144.0 1.87460100684 1.0
168.0 -7.81140990142 1.0
197.0 -3.24930211729 1.0
192.0 -2.36528058388 1.0
object 70	1.0:1.0
187.0 3.31645002452 1.0
166.0 1.63112523227 1.0
77.0 0.99883849256 1.0
22.0 1.03749456423 1.0
113.0 1.04865271488 1.0
153.0 -5.5570839197 1.0
41.0 0.996490777369 1.0
8.0 0.969817106276 1.0
object 71	1.0:1.0
159.0 4.35540410204 1.0
40.0 1.01580105198 1.0
14.0 1.01764396137 1.0
8.0 1.02017885476 1.0
object 72	1.0:1.0
33.0 0.994776118195 1.0
5.0 1.03110764222 1.0
199.0 0.425714363602 1.0
161.0 -1.77508877186 1.0
115.0 0.942571719259 1.0
152.0 -0.448686220494 1.0
162.0 3.78831146221 1.0
188.0 1.19702700424 1.0
97.0 0.996252661646 1.0
187.0 9.78051955586 1.0
48.0 1.00085491721 1.0
object 73	1.0:1.0
176.0 -2.73119019177 1.0
185.0 7.13717477163 1.0
40.0 0.970499526343 1.0
181.0 -0.187730791482 1.0
124.0 1.07156565153 1.0
148.0 2.13791032743 1.0
object 74	1.0:1.0
105.0 0.925232086324 1.0
178.0 1.79468055935 1.0
68.0 0.998388621644 1.0
191.0 2.23786312872 1.0
180.0 1.39615956033 1.0
142.0 3.91928013231 1.0
60.0 1.0088625253 1.0
124.0 0.960756136709 1.0
167.0 10.4460340333 1.0
194.0 0.627107957809 1.0
object 75	1.0:1.0
133.0 1.00025070897 1.0
62.0 0.985882373391 1.0
184.0 -2.19864786771 1.0
113.0 0.953578860863 1.0
object 76	1.0:1.0
32.0 0.954742162469 1.0
199.0 -0.0191619214683 1.0
3.0 0.991871617198 1.0
138.0 0.946356690307 1.0
190.0 -5.40188356031 1.0
97.0 0.992705124192 1.0
93.0 1.0365825883 1.0
75.0 1.00654605242 1.0
object 77	1.0:1.0
91.0 0.979723411535 1.0
170.0 0.818271942073 1.0
2.0 1.02478838366 1.0
88.0 1.06069751916 1.0
5.0 0.95562717343 1.0
52.0 0.983542865396 1.0
21.0 0.963808357013 1.0
object 78	1.0:1.0
46.0 1.00638537924 1.0
60.0 0.970808416952 1.0
148.0 2.80793678605 1.0
79.0 0.989418292564 1.0
168.0 -0.373918386057 1.0
51.0 1.00182811906 1.0
4.0 1.01894136997 1.0
135.0 0.969352964067 1.0
191.0 0.154042417807 1.0
object 79	1.0:1.0
163.0 3.54772740274 1.0
111.0 0.959084039273 1.0
object 80	1.0:1.0
131.0 1.00995146883 1.0
191.0 2.2458926966 1.0
4.0 0.997537988781 1.0
object 81	1.0:1.0
77.0 0.965761482917 1.0
105.0 0.953749408728 1.0
7.0 1.06428426628 1.0
113.0 1.02433094371 1.0
2.0 1.01226025683 1.0
22.0 1.00166539069 1.0
object 82	1.0:1.0
132.0 0.984866431311 1.0
12.0 0.949205269364 1.0
161.0 1.03955938292 1.0
112.0 1.01662730997 1.0
99.0 1.00976083323 1.0
144.0 1.15044645319 1.0
116.0 1.00749310492 1.0
42.0 0.989138879362 1.0
object 83	1.0:1.0
49.0 0.994800847877 1.0
2.0 0.967849557614 1.0
180.0 -1.89671761314 1.0
object 84	1.0:1.0
42.0 1.02268377617 1.0
17.0 0.995815996039 1.0
11.0 1.01351743313 1.0
75.0 1.00924423924 1.0
127.0 0.982047598501 1.0
object 85	1.0:1.0
45.0 1.01435294499 1.0
181.0 1.84619943319 1.0
21.0 1.00727957324 1.0
175.0 -4.20499096203 1.0
62.0 0.987497008159 1.0
127.0 0.964434857859 1.0
24.0 1.04345233432 1.0
135.0 0.987763583132 1.0
198.0 -1.29406203795 1.0
object 86	1.0:1.0
59.0 1.00587704542 1.0
157.0 2.11867327393 1.0
149.0 -2.61322944666 1.0
169.0 0.817841311324 1.0
12.0 0.968681947449 1.0
118.0 0.987499527313 1.0
object 87	1.0:1.0
125.0 1.00691059174 1.0
59.0 0.943819663358 1.0
196.0 -4.65793624273 1.0
192.0 6.25121401944 1.0
object 88	1.0:1.0
189.0 -1.42698461446 1.0
12.0 1.00779634515 1.0
21.0 1.01264283579 1.0
96.0 0.988503388847 1.0
110.0 0.990799428649 1.0
139.0 1.0162682283 1.0
78.0 1.01746702008 1.0
object 89	1.0:1.0
191.0 0.905678244823 1.0
49.0 0.985917621447 1.0
179.0 2.36857433771 1.0
188.0 -0.00050058892313 1.0
116.0 1.00302142559 1.0
148.0 -4.47419263291 1.0
108.0 0.992045693 1.0
91.0 1.00569261605 1.0
object 90	1.0:1.0
45.0 0.976736052873 1.0
133.0 0.877795553721 1.0
151.0 -3.70449582697 1.0
26.0 0.981998649993 1.0
object 91	1.0:1.0
106.0 1.0288156101 1.0
119.0 1.01543982628 1.0
168.0 -4.04717855776 1.0
43.0 1.0023432347 1.0
5.0 0.962227780528 1.0
63.0 1.02610093227 1.0
178.0 3.08798535759 1.0
object 92	1.0:1.0
1.0 0.933836480072 1.0
133.0 1.03573801804 1.0
50.0 0.981838188962 1.0
187.0 -0.896571259631 1.0
90.0 0.989948754684 1.0
56.0 1.03800981969 1.0
object 93	1.0:1.0
45.0 1.0137823944 1.0
84.0 0.904394732533 1.0
1.0 1.02381883375 1.0
66.0 0.944623414694 1.0
98.0 0.993761933852 1.0
111.0 1.03404251421 1.0
object 94	1.0:1.0
48.0 1.01439414744 1.0
180.0 0.794127497726 1.0
90.0 1.01306109961 1.0
100.0 1.00545977313 1.0
11.0 0.995291336462 1.0
105.0 1.02377736785 1.0
2.0 1.01098139205 1.0
188.0 2.30208656264 1.0
37.0 1.03542532425 1.0
object 95	1.0:1.0
198.0 5.57544181056 1.0
157.0 0.0315263268093 1.0
139.0 0.944465083755 1.0
18.0 0.990605868153 1.0
67.0 0.986472057451 1.0
101.0 0.993374425633 1.0
163.0 5.17844305503 1.0
150.0 -1.65772140699 1.0
167.0 2.86330874585 1.0
object 96	1.0:1.0
146.0 1.12179888581 1.0
28.0 0.965399284794 1.0
46.0 1.0252960066 1.0
98.0 0.981162760562 1.0
40.0 0.998584553148 1.0
144.0 -0.693425548282 1.0
64.0 1.03698851774 1.0
object 97	1.0:1.0
10.0 0.997486492915 1.0
122.0 0.999591161778 1.0
138.0 1.01795408281 1.0
108.0 1.02471988075 1.0
27.0 1.01330394079 1.0
37.0 0.995261123035 1.0
65.0 0.988880404725 1.0
193.0 -2.48321649215 1.0
19.0 0.972484858014 1.0
52.0 1.09342073209 1.0
object 98	1.0:1.0
19.0 0.975707668705 1.0
92.0 1.01466451634 1.0
38.0 0.995199490235 1.0
35.0 0.991611695088 1.0
171.0 -2.31658360314 1.0
153.0 2.74521608142 1.0
190.0 0.713075915989 1.0
177.0 -1.12926850693 1.0
object 99	1.0:1.0
126.0 0.988034649656 1.0
8.0 1.01216614715 1.0
168.0 4.07841825179 1.0
12.0 1.00168698227 1.0
122.0 0.987958564437 1.0
186.0 -1.69984818469 1.0
190.0 1.75530126671 1.0
