object 0	1.0:1.0
165.0 0.976087353448 1.0
104.0 1.00086479281 1.0
167.0 0.960950006279 1.0
67.0 1.00954449326 1.0
78.0 0.958180970411 1.0
object 1	1.0:1.0
167.0 1.00539797188 1.0
70.0 0.899844572003 1.0
90.0 1.01740587339 1.0
171.0 0.941011441193 1.0
120.0 1.05538564381 1.0
9.0 0.997176429969 1.0
191.0 1.57097893096 1.0
99.0 1.00411782229 1.0
15.0 0.987636570804 1.0
object 2	1.0:1.0
81.0 0.97557156611 1.0
44.0 1.09267293577 1.0
135.0 1.01041754274 1.0
104.0 1.01692120325 1.0
2.0 1.00147146958 1.0
167.0 0.976627615727 1.0
object 3	1.0:1.0
172.0 1.01351699467 1.0
183.0 3.32400180652 1.0
33.0 0.969655591131 1.0
155.0 1.01093484391 1.0
122.0 1.01918850177 1.0
125.0 1.06816523906 1.0
object 4	1.0:1.0
83.0 0.995974575377 1.0
80.0 0.974754425679 1.0
196.0 -8.96347832914 1.0
191.0 7.83811558685 1.0
17.0 1.05046018325 1.0
40.0 0.958112284933 1.0
object 5	1.0:1.0
47.0 1.02395901441 1.0
60.0 0.996657588676 1.0
86.0 0.98280736697 1.0
39.0 1.01450084007 1.0
81.0 0.975657128865 1.0
object 6	1.0:1.0
169.0 1.0037392177 1.0
53.0 0.982079755806 1.0
178.0 0.95358526797 1.0
175.0 1.09675861979 1.0
76.0 1.00311596377 1.0
115.0 0.98758000426 1.0
172.0 1.04080399491 1.0
object 7	1.0:1.0
85.0 0.977804150282 1.0
121.0 1.03904508575 1.0
132.0 1.01609099891 1.0
120.0 1.01344207472 1.0
96.0 1.00711492971 1.0
109.0 0.987057779443 1.0
35.0 1.0580393563 1.0
161.0 1.0108627376 1.0
object 8	1.0:1.0
35.0 1.00687105768 1.0
28.0 0.956150799122 1.0
137.0 1.01149592099 1.0
177.0 1.00891500418 1.0
31.0 0.920295671107 1.0
155.0 0.994853402314 1.0
163.0 0.942906354004 1.0
51.0 1.03972756839 1.0
25.0 1.01526868953 1.0
41.0 1.01523780929 1.0
98.0 0.988906023922 1.0
12.0 1.02358098726 1.0
object 9	1.0:1.0
106.0 0.99132312301 1.0
162.0 0.985797647338 1.0
90.0 1.00766310592 1.0
69.0 0.937171420559 1.0
113.0 0.997134615682 1.0
63.0 1.01082161131 1.0
object 10	1.0:1.0
142.0 0.983259122874 1.0
52.0 1.00486060437 1.0
38.0 1.01837940245 1.0
173.0 0.975792996069 1.0
82.0 1.01776967493 1.0
191.0 0.385400517334 1.0
object 11	1.0:1.0
79.0 0.990746733091 1.0
54.0 1.02061101567 1.0
object 12	1.0:1.0
139.0 1.01394964031 1.0
11.0 1.02463838414 1.0
189.0 1.20580751616 1.0
object 13	1.0:1.0
193.0 -1.59548429042 1.0
1.0 0.997114910555 1.0
111.0 1.03642196501 1.0
35.0 0.98252806596 1.0
189.0 3.01093899523 1.0
130.0 0.952905454277 1.0
106.0 1.01316449946 1.0
63.0 0.985824443 1.0
object 14	1.0:1.0
73.0 1.06077666307 1.0
142.0 1.00683270693 1.0
object 15	1.0:1.0
60.0 1.04190624616 1.0
131.0 0.926935693027 1.0
125.0 1.01198629592 1.0
134.0 1.00827653132 1.0
137.0 0.993721013962 1.0
object 16	1.0:1.0
141.0 1.06732256136 1.0
102.0 1.00177093573 1.0
130.0 0.988595114594 1.0
47.0 1.01290380451 1.0
110.0 0.98206672668 1.0
94.0 0.998219664673 1.0
21.0 0.973569962468 1.0
45.0 0.979577395104 1.0
173.0 0.966295967492 1.0
42.0 1.07019301103 1.0
194.0 0.404404393053 1.0
object 17	1.0:1.0
20.0 0.992686165645 1.0
103.0 0.995072896657 1.0
113.0 0.931891571111 1.0
127.0 0.930833695679 1.0
26.0 1.03845740219 1.0
45.0 1.01971560477 1.0
112.0 0.969880360974 1.0
87.0 1.02647848864 1.0
154.0 0.991575438558 1.0
91.0 0.997724855862 1.0
109.0 1.03915777345 1.0
object 18	1.0:1.0
134.0 0.951270792996 1.0
63.0 1.01602268012 1.0
124.0 1.00270690513 1.0
102.0 1.02639212331 1.0
object 19	1.0:1.0
190.0 1.28844495157 1.0
191.0 -4.58675389019 1.0
62.0 0.959638233137 1.0
132.0 0.956018704243 1.0
142.0 0.999685982069 1.0
168.0 1.01556359896 1.0
90.0 1.02163724459 1.0
162.0 1.00894015843 1.0
119.0 0.909476447849 1.0
16.0 1.01165335827 1.0
object 20	1.0:1.0
199.0 -1.4471078437 1.0
156.0 1.01625130957 1.0
173.0 0.996760145883 1.0
167.0 1.06099092217 1.0
196.0 -4.30080159888 1.0
object 21	1.0:1.0
36.0 1.02475117562 1.0
89.0 0.98416142542 1.0
133.0 1.03405975148 1.0
167.0 0.927162828187 1.0
10.0 1.02238500876 1.0
21.0 1.02944321425 1.0
6.0 1.05313706278 1.0
object 22	1.0:1.0
143.0 0.967158034943 1.0
64.0 1.01000949535 1.0
138.0 0.996501943381 1.0
88.0 1.01186815394 1.0
7.0 1.0118645455 1.0
118.0 0.961168078748 1.0
59.0 0.950942393826 1.0
object 23	1.0:1.0
196.0 7.06353812807 1.0
96.0 0.986268721655 1.0
112.0 1.10708911988 1.0
51.0 1.02133254107 1.0
138.0 1.03634471838 1.0
157.0 1.01339578823 1.0
object 24	1.0:1.0
32.0 0.982732014488 1.0
17.0 0.999093461356 1.0
59.0 1.0328440065 1.0
108.0 0.980497848421 1.0
131.0 1.02420115497 1.0
121.0 0.999455928758 1.0
object 25	1.0:1.0
153.0 1.01479743162 1.0
127.0 0.957924402491 1.0
106.0 0.985918814712 1.0
133.0 1.01395759602 1.0
174.0 0.939604724767 1.0
129.0 0.925860884928 1.0
98.0 1.00159412509 1.0
object 26	1.0:1.0
175.0 0.932138194628 1.0
10.0 1.00647237244 1.0
128.0 1.00343023856 1.0
94.0 1.01935097584 1.0
78.0 0.980080578846 1.0
107.0 0.982690831731 1.0
object 27	1.0:1.0
144.0 1.03946213042 1.0
95.0 1.04500953536 1.0
185.0 3.12340692476 1.0
1.0 1.02975941695 1.0
63.0 1.00371660774 1.0
79.0 0.99079653241 1.0
80.0 0.990188060313 1.0
object 28	1.0:1.0
155.0 0.985088506556 1.0
113.0 1.04939318519 1.0
75.0 1.0116924368 1.0
131.0 1.01770336015 1.0
181.0 0.0241638981256 1.0
102.0 0.994533571628 1.0
188.0 -0.911485395835 1.0
7.0 1.0060372898 1.0
object 29	1.0:1.0
85.0 1.01192399317 1.0
166.0 0.995524257304 1.0
84.0 0.988488646492 1.0
186.0 -0.82956970045 1.0
83.0 1.00815254833 1.0
101.0 1.0601570461 1.0
26.0 1.01903223751 1.0
52.0 0.97943938872 1.0
81.0 1.01366791349 1.0
179.0 1.01403821289 1.0
object 30	1.0:1.0
46.0 0.962121317244 1.0
129.0 1.05185209341 1.0
147.0 0.902948304365 1.0
89.0 0.982275516323 1.0
73.0 1.03624986405 1.0
108.0 0.999080972622 1.0
96.0 1.00166423778 1.0
105.0 1.06059375407 1.0
93.0 0.932708855223 1.0
190.0 1.18809456598 1.0
object 31	1.0:1.0
122.0 0.990694241631 1.0
55.0 0.981562778602 1.0
59.0 0.986004298229 1.0
60.0 1.07100829067 1.0
82.0 0.997766361335 1.0
41.0 1.00224621099 1.0
35.0 0.979503561543 1.0
101.0 1.03525370692 1.0
198.0 2.00011380338 1.0
164.0 0.973885640278 1.0
object 32	1.0:1.0
120.0 0.987128988455 1.0
111.0 0.985271916453 1.0
98.0 1.00100481143 1.0
13.0 0.978497187524 1.0
object 33	1.0:1.0
51.0 1.07094899914 1.0
172.0 0.994907528496 1.0
92.0 1.0106007389 1.0
125.0 1.07328300747 1.0
77.0 0.983420470444 1.0
47.0 1.00774338771 1.0
40.0 1.07479035915 1.0
object 34	1.0:1.0
30.0 0.973297657791 1.0
47.0 1.00755569549 1.0
141.0 0.998017406118 1.0
73.0 0.986078048731 1.0
146.0 0.966341267424 1.0
object 35	1.0:1.0
26.0 1.02704976665 1.0
53.0 1.02712624221 1.0
176.0 0.968850292495 1.0
189.0 0.433671636969 1.0
137.0 1.0322895798 1.0
52.0 0.996139431535 1.0
27.0 0.930837564196 1.0
19.0 1.0424678712 1.0
28.0 1.0411541362 1.0
38.0 1.02177121509 1.0
object 36	1.0:1.0
55.0 1.02214728231 1.0
193.0 -3.40895109493 1.0
135.0 0.980961405495 1.0
164.0 0.964779529165 1.0
94.0 0.984590456672 1.0
174.0 0.954877443323 1.0
object 37	1.0:1.0
9.0 1.01973818664 1.0
6.0 0.991825008172 1.0
108.0 1.03399349262 1.0
196.0 6.27804344957 1.0
199.0 0.781314872873 1.0
85.0 1.00550834547 1.0
24.0 1.03116847879 1.0
object 38	1.0:1.0
143.0 0.977345751985 1.0
43.0 0.976806242414 1.0
131.0 0.987475625139 1.0
8.0 0.985122448635 1.0
105.0 1.01986159975 1.0
138.0 1.00304923927 1.0
71.0 0.967804425665 1.0
object 39	1.0:1.0
172.0 0.981984695692 1.0
111.0 0.983565290439 1.0
78.0 1.00660690697 1.0
85.0 1.03018660583 1.0
192.0 -2.16561056731 1.0
11.0 0.948087056124 1.0
176.0 0.984530564893 1.0
98.0 0.989987132557 1.0
object 40	1.0:1.0
3.0 0.965546531857 1.0
143.0 0.981732115949 1.0
61.0 1.02263252761 1.0
4.0 1.0035552985 1.0
object 41	1.0:1.0
139.0 0.993474070749 1.0
109.0 1.01448182139 1.0
11.0 1.00942023109 1.0
32.0 1.02351592991 1.0
object 42	1.0:1.0
139.0 1.03653826792 1.0
45.0 0.988328496012 1.0
159.0 0.976252937234 1.0
7.0 1.00135578023 1.0
31.0 0.999138821875 1.0
182.0 -3.88452769438 1.0
181.0 -0.491048007372 1.0
74.0 1.01724229749 1.0
object 43	1.0:1.0
152.0 1.08709185536 1.0
51.0 1.02315451765 1.0
object 44	1.0:1.0
19.0 0.957784782709 1.0
124.0 0.995879797803 1.0
78.0 1.00104930316 1.0
18.0 1.02525943747 1.0
object 45	1.0:1.0
37.0 0.97285227997 1.0
195.0 4.38630080559 1.0
156.0 1.02417441363 1.0
150.0 1.02780269571 1.0
24.0 1.01135874698 1.0
object 46	1.0:1.0
54.0 0.987901705028 1.0
16.0 1.0217549434 1.0
75.0 1.00044929371 1.0
28.0 0.934995989708 1.0
182.0 -6.30893445542 1.0
object 47	1.0:1.0
171.0 1.03119274795 1.0
93.0 0.97292548701 1.0
173.0 0.983862984184 1.0
41.0 0.995127820918 1.0
150.0 0.986814152088 1.0
147.0 1.02936296633 1.0
65.0 1.04986599215 1.0
18.0 1.00349376926 1.0
79.0 1.00039965467 1.0
35.0 1.04507333125 1.0
object 48	1.0:1.0
125.0 1.0380135883 1.0
172.0 1.03994249358 1.0
145.0 0.952259888169 1.0
0.0 0.95265363657 1.0
object 49	1.0:1.0
62.0 1.02935997811 1.0
45.0 0.990945128187 1.0
object 50	1.0:1.0
139.0 0.996597290092 1.0
68.0 1.01266236582 1.0
51.0 0.98923518599 1.0
103.0 1.00748204648 1.0
181.0 2.71047579852 1.0
119.0 1.01440904526 1.0
153.0 0.989257191051 1.0
73.0 1.01176869066 1.0
134.0 0.988634845803 1.0
object 51	1.0:1.0
92.0 0.963331770392 1.0
69.0 0.971561491755 1.0
26.0 1.00303957438 1.0
140.0 1.03546286545 1.0
185.0 -1.35940175732 1.0
117.0 0.965228819205 1.0
object 52	1.0:1.0
161.0 1.03712345767 1.0
26.0 0.945766020375 1.0
186.0 -1.85088702399 1.0
176.0 1.03539872248 1.0
81.0 1.00037507688 1.0
12.0 1.00705764097 1.0
object 53	1.0:1.0
98.0 1.01606694114 1.0
76.0 0.996067976959 1.0
7.0 0.998404922503 1.0
3.0 0.948957666857 1.0
66.0 0.986433401031 1.0
134.0 1.03379365146 1.0
object 54	1.0:1.0
177.0 1.01395807847 1.0
90.0 1.03271615351 1.0
148.0 0.997392289706 1.0
1.0 0.982534103386 1.0
119.0 1.04304338851 1.0
116.0 1.00763865452 1.0
129.0 0.990327998755 1.0
object 55	1.0:1.0
136.0 0.947570263604 1.0
39.0 0.980384776739 1.0
176.0 1.04925176781 1.0
81.0 1.0441161247 1.0
object 56	1.0:1.0
157.0 1.00419265041 1.0
142.0 0.993312333127 1.0
69.0 0.977505922611 1.0
122.0 0.994771368372 1.0
128.0 0.971509146077 1.0
object 57	1.0:1.0
161.0 0.991157248873 1.0
107.0 0.964031048542 1.0
71.0 0.996075161421 1.0
186.0 -2.91845225904 1.0
75.0 1.01930561641 1.0
168.0 1.00152074809 1.0
object 58	1.0:1.0
150.0 0.989989084179 1.0
51.0 0.987556626882 1.0
20.0 1.02757091754 1.0
64.0 0.984154183573 1.0
157.0 0.996949561457 1.0
107.0 1.03079443914 1.0
object 59	1.0:1.0
33.0 0.957854229533 1.0
72.0 1.04838496081 1.0
199.0 -3.95176920923 1.0
131.0 1.0069269468 1.0
141.0 0.918761888996 1.0
25.0 0.971236373903 1.0
59.0 1.01002334438 1.0
19.0 0.985139246928 1.0
68.0 0.991687978925 1.0
40.0 1.00088940926 1.0
object 60	1.0:1.0
136.0 1.00171363441 1.0
52.0 1.0051418024 1.0
2.0 1.03800504511 1.0
199.0 3.56435031233 1.0
19.0 0.903695276152 1.0
object 61	1.0:1.0
33.0 1.07568460259 1.0
167.0 0.999990502462 1.0
79.0 0.990326838566 1.0
156.0 0.988994866205 1.0
83.0 1.00029395198 1.0
24.0 0.999948384842 1.0
3.0 1.03241988139 1.0
53.0 1.01814654193 1.0
object 62	1.0:1.0
18.0 0.985132625307 1.0
61.0 1.03378705489 1.0
8.0 0.998899018749 1.0
124.0 0.957785051544 1.0
181.0 0.106674072595 1.0
169.0 1.04439830474 1.0
144.0 0.938042069293 1.0
20.0 1.00085999172 1.0
83.0 1.00602839414 1.0
194.0 1.45676025447 1.0
123.0 1.0012961973 1.0
104.0 1.01530174701 1.0
137.0 0.977082194089 1.0
object 63	1.0:1.0
10.0 1.02108702654 1.0
88.0 1.02712011552 1.0
110.0 0.994720707415 1.0
72.0 0.988307147487 1.0
19.0 0.975294184422 1.0
57.0 1.01215705434 1.0
118.0 0.999931421451 1.0
148.0 0.991899493267 1.0
196.0 -2.41480060929 1.0
12.0 1.04274915912 1.0
object 64	1.0:1.0
114.0 1.00955435411 1.0
144.0 1.09053458419 1.0
161.0 0.990747413815 1.0
125.0 0.981909334873 1.0
34.0 0.962751328455 1.0
118.0 0.944799034877 1.0
56.0 1.00655254835 1.0
15.0 1.01294606772 1.0
140.0 1.05592913635 1.0
38.0 1.01156029898 1.0
143.0 0.954929149832 1.0
object 65	1.0:1.0
184.0 0.698530982786 1.0
34.0 0.998301038871 1.0
21.0 1.00254205794 1.0
88.0 1.00057272984 1.0
77.0 0.996331848294 1.0
54.0 0.970302875241 1.0
129.0 0.885974009665 1.0
object 66	1.0:1.0
97.0 1.03410098077 1.0
183.0 -1.39365388607 1.0
166.0 0.993421197294 1.0
72.0 1.00306568531 1.0
73.0 0.977081480971 1.0
110.0 1.01040848194 1.0
object 67	1.0:1.0
63.0 1.00288216101 1.0
194.0 -0.504565683052 1.0
85.0 0.986848824291 1.0
5.0 0.990158300176 1.0
132.0 1.00991175549 1.0
48.0 1.0125696589 1.0
142.0 0.999922384801 1.0
81.0 1.02787874547 1.0
144.0 1.11529944453 1.0
189.0 -0.852736710887 1.0
178.0 1.01637280112 1.0
26.0 0.98160623034 1.0
145.0 0.996162123614 1.0
192.0 1.2577202814 1.0
115.0 0.987560257172 1.0
object 68	1.0:1.0
157.0 0.981594190427 1.0
187.0 0.023738698077 1.0
162.0 0.970580291838 1.0
3.0 1.00592131223 1.0
123.0 1.03184068066 1.0
29.0 0.940945960634 1.0
object 69	1.0:1.0
20.0 0.990225165552 1.0
13.0 0.987106672917 1.0
154.0 1.01691606369 1.0
117.0 0.964978288341 1.0
19.0 0.970394537938 1.0
91.0 0.979222738413 1.0
161.0 1.04762279375 1.0
object 70	1.0:1.0
173.0 1.01426385184 1.0
24.0 0.995924006758 1.0
52.0 1.00735387143 1.0
42.0 0.990831393836 1.0
4.0 0.987371555547 1.0
143.0 1.00554123943 1.0
135.0 0.977973996066 1.0
object 71	1.0:1.0
0.0 0.946633430047 1.0
143.0 0.991324113708 1.0
110.0 1.00724952796 1.0
7.0 0.973622864671 1.0
94.0 1.01404446602 1.0
123.0 0.967164010322 1.0
80.0 1.0304421262 1.0
9.0 1.00583789416 1.0
75.0 1.06014102675 1.0
47.0 1.0132156875 1.0
112.0 1.02705260944 1.0
object 72	1.0:1.0
43.0 1.00444802244 1.0
172.0 1.05488486126 1.0
141.0 1.03808603491 1.0
39.0 0.990253939766 1.0
26.0 0.999063722111 1.0
162.0 0.971298841757 1.0
2.0 0.974240598805 1.0
180.0 -2.20077954521 1.0
object 73	1.0:1.0
55.0 1.05398048897 1.0
183.0 -0.516491658654 1.0
172.0 1.00206603735 1.0
73.0 1.02921058661 1.0
179.0 0.95624586225 1.0
8.0 0.991391499012 1.0
10.0 0.996564190064 1.0
56.0 1.0346046034 1.0
object 74	1.0:1.0
86.0 1.03169210737 1.0
40.0 1.04025323704 1.0
104.0 1.05200925943 1.0
7.0 0.978834815515 1.0
62.0 0.998686284023 1.0
41.0 1.00957610573 1.0
177.0 0.968288976487 1.0
21.0 0.975797231494 1.0
object 75	1.0:1.0
115.0 1.05269865521 1.0
159.0 0.991450959612 1.0
119.0 1.00849505279 1.0
105.0 1.02968608051 1.0
98.0 0.98729719982 1.0
object 76	1.0:1.0
129.0 1.06164752264 1.0
14.0 0.9954531302 1.0
86.0 1.01820598762 1.0
198.0 1.2235453003 1.0
18.0 1.02127163874 1.0
85.0 1.00625722147 1.0
78.0 1.00682983741 1.0
96.0 0.98526313506 1.0
196.0 -2.6900100087 1.0
147.0 0.996342620745 1.0
64.0 0.997134409703 1.0
object 77	1.0:1.0
157.0 0.95122491002 1.0
180.0 -3.10093222371 1.0
51.0 0.996980499402 1.0
106.0 1.01233067315 1.0
175.0 0.977031627608 1.0
32.0 1.01531060592 1.0
14.0 1.05488310236 1.0
object 78	1.0:1.0
93.0 1.09825325239 1.0
9.0 0.975861603231 1.0
176.0 1.00862788985 1.0
103.0 0.99709574661 1.0
163.0 0.985724497482 1.0
92.0 0.965114038823 1.0
object 79	1.0:1.0
144.0 0.962881890859 1.0
191.0 -1.40993760115 1.0
168.0 0.99156450723 1.0
112.0 0.920821804652 1.0
29.0 0.971764074963 1.0
190.0 2.16524534598 1.0
115.0 1.00755174093 1.0
52.0 0.99754454698 1.0
object 80	1.0:1.0
14.0 0.966739875071 1.0
173.0 0.973565961452 1.0
123.0 0.981244905846 1.0
56.0 1.0153222176 1.0
16.0 0.995839260859 1.0
65.0 1.02731901306 1.0
object 81	1.0:1.0
58.0 1.01042694938 1.0
162.0 0.979128552121 1.0
126.0 1.05430413006 1.0
41.0 0.969389556382 1.0
91.0 1.00789750534 1.0
69.0 1.04594801944 1.0
object 82	1.0:1.0
100.0 1.00225005903 1.0
26.0 0.998506657972 1.0
55.0 0.975054721045 1.0
35.0 1.01932752657 1.0
159.0 1.01239979972 1.0
123.0 1.01850562638 1.0
4.0 1.00850684215 1.0
object 83	1.0:1.0
112.0 0.982999693036 1.0
184.0 1.90311560765 1.0
93.0 0.99340032168 1.0
127.0 0.986643282438 1.0
3.0 0.917440106968 1.0
36.0 0.973194398597 1.0
23.0 0.955042667624 1.0
6.0 1.00058890111 1.0
64.0 0.996801107878 1.0
object 84	1.0:1.0
125.0 1.0223986567 1.0
141.0 1.00378556884 1.0
25.0 1.04665671036 1.0
15.0 0.990107157492 1.0
37.0 0.983640741607 1.0
156.0 1.00888728146 1.0
1.0 1.02188830361 1.0
107.0 0.971306855522 1.0
109.0 0.994535788871 1.0
29.0 1.04846498938 1.0
186.0 2.64035459275 1.0
106.0 1.01804740422 1.0
object 85	1.0:1.0
26.0 1.03197628357 1.0
131.0 0.916108181662 1.0
167.0 1.03272268033 1.0
178.0 1.00884575803 1.0
118.0 1.06281392468 1.0
62.0 1.00270505613 1.0
106.0 1.00241911381 1.0
105.0 0.988893237339 1.0
object 86	1.0:1.0
22.0 0.983007868843 1.0
60.0 0.974451835872 1.0
174.0 0.998162936257 1.0
54.0 1.0084895166 1.0
86.0 0.915899802058 1.0
151.0 1.02149973953 1.0
44.0 1.01313559377 1.0
59.0 0.954800297796 1.0
object 87	1.0:1.0
154.0 0.999299705745 1.0
63.0 1.04166155163 1.0
68.0 1.00641892381 1.0
93.0 1.07030950208 1.0
10.0 1.00394381742 1.0
152.0 0.937290279448 1.0
object 88	1.0:1.0
147.0 1.08383628666 1.0
35.0 1.00704618931 1.0
70.0 1.0341843613 1.0
object 89	1.0:1.0
23.0 1.01853770914 1.0
87.0 1.02872838523 1.0
53.0 0.97632753585 1.0
126.0 1.07217479003 1.0
109.0 1.01968020832 1.0
191.0 1.16000453068 1.0
object 90	1.0:1.0
174.0 0.994411673676 1.0
70.0 1.02310495091 1.0
110.0 0.993584295844 1.0
119.0 1.0322060526 1.0
44.0 0.958276914274 1.0
166.0 0.987537543632 1.0
76.0 1.00277011343 1.0
129.0 0.989169002097 1.0
47.0 1.05945951065 1.0
83.0 0.996245953454 1.0
object 91	1.0:1.0
123.0 0.962451241612 1.0
199.0 -4.19422723439 1.0
117.0 1.03294291283 1.0
70.0 0.971227392646 1.0
153.0 0.93185123385 1.0
151.0 0.988509091318 1.0
198.0 0.891929803652 1.0
160.0 1.00892705453 1.0
12.0 0.942180179993 1.0
object 92	1.0:1.0
75.0 0.973677487594 1.0
90.0 1.05085735111 1.0
116.0 1.00039639788 1.0
95.0 1.04703124082 1.0
40.0 1.04493519615 1.0
125.0 1.08059426668 1.0
156.0 0.984640350948 1.0
object 93	1.0:1.0
61.0 0.946351835001 1.0
79.0 0.967589022887 1.0
15.0 0.986873449337 1.0
96.0 1.01003345938 1.0
177.0 1.0906095673 1.0
50.0 0.996995137462 1.0
20.0 1.00571801662 1.0
object 94	1.0:1.0
13.0 0.961502019973 1.0
35.0 0.955992726041 1.0
10.0 1.01344199536 1.0
11.0 0.990371113686 1.0
89.0 1.01876538361 1.0
object 95	1.0:1.0
130.0 0.939794117943 1.0
195.0 -4.96394628836 1.0
122.0 0.956132798412 1.0
126.0 0.955244941316 1.0
25.0 0.981078097835 1.0
2.0 0.972483995527 1.0
object 96	1.0:1.0
1.0 1.0259622786 1.0
114.0 0.98402616868 1.0
11.0 0.974224860401 1.0
159.0 1.0117637995 1.0
29.0 1.01569553587 1.0
118.0 0.98643386471 1.0
94.0 0.986635994496 1.0
object 97	1.0:1.0
86.0 0.944073204281 1.0
104.0 0.985703333703 1.0
133.0 0.984548492298 1.0
70.0 1.02133852721 1.0
163.0 0.96850567643 1.0
49.0 1.01263170614 1.0
168.0 0.99217980465 1.0
178.0 0.954020130252 1.0
149.0 0.953340249438 1.0
123.0 1.04582375247 1.0
object 98	1.0:1.0
133.0 0.990467728372 1.0
37.0 0.934745423434 1.0
148.0 0.993071116005 1.0
89.0 1.00633482056 1.0
185.0 -3.52663489749 1.0
131.0 0.915617781756 1.0
84.0 0.998379379583 1.0
193.0 -0.136255394807 1.0
97.0 1.06326021624 1.0
object 99	1.0:1.0
198.0 1.33452941294 1.0
87.0 1.03965336821 1.0
166.0 1.0137197554 1.0
154.0 0.981316201959 1.0
183.0 2.84833455266 1.0
163.0 1.01505071808 1.0
197.0 3.52681087123 1.0
113.0 1.01541415397 1.0
139.0 1.09694063208 1.0
90.0 0.928797977003 1.0
