object 0	1.0:1.0
91.0 1.05285223308 1.0
51.0 1.01811396713 1.0
28.0 1.01299888569 1.0
152.0 1.00913109617 1.0
110.0 0.999970137204 1.0
198.0 11.9684578818 1.0
140.0 1.03837176645 1.0
192.0 -2.71145140495 1.0
14.0 1.00847370733 1.0
107.0 1.07934538968 1.0
158.0 1.03801751636 1.0
133.0 0.976950472119 1.0
95.0 0.929509017147 1.0
42.0 1.10202050063 1.0
181.0 3.41957828581 1.0
164.0 -1.8394998458 1.0
124.0 1.02480656047 1.0
178.0 4.53553292258 1.0
33.0 1.0227401533 1.0
171.0 -2.74571093939 1.0
object 1	1.0:1.0
69.0 0.995437132011 1.0
179.0 2.72810148783 1.0
35.0 0.949456355197 1.0
40.0 0.981911647168 1.0
173.0 -2.45233630745 1.0
5.0 1.05031100349 1.0
16.0 1.00500962815 1.0
163.0 1.12507002567 1.0
80.0 1.01348222011 1.0
183.0 -2.42148997319 1.0
156.0 0.998476278782 1.0
75.0 0.979520605582 1.0
object 2	1.0:1.0
111.0 1.00243314363 1.0
98.0 1.00684481222 1.0
65.0 0.977514683547 1.0
154.0 0.960142830259 1.0
178.0 0.548486272989 1.0
27.0 1.00461506633 1.0
140.0 1.02093523341 1.0
57.0 0.99587449764 1.0
135.0 1.01099015242 1.0
28.0 0.916930375372 1.0
156.0 0.94153373795 1.0
158.0 1.04230636966 1.0
151.0 1.02982345444 1.0
19.0 0.935910342001 1.0
77.0 1.01343728745 1.0
2.0 0.95102117798 1.0
141.0 0.999646962457 1.0
182.0 1.27675042076 1.0
164.0 3.73736029718 1.0
175.0 2.84677090636 1.0
82.0 1.00058542123 1.0
object 3	1.0:1.0
35.0 1.01619671065 1.0
83.0 1.00384891447 1.0
51.0 1.00772265657 1.0
45.0 1.00268596894 1.0
20.0 0.956848663379 1.0
96.0 1.04127574793 1.0
192.0 -0.0248153182842 1.0
121.0 1.05191437979 1.0
81.0 0.9736703368 1.0
64.0 0.967984112424 1.0
60.0 0.987379396837 1.0
32.0 0.988444072881 1.0
147.0 1.00631381659 1.0
46.0 0.977230814842 1.0
82.0 1.0076736207 1.0
187.0 0.3832941879 1.0
102.0 1.00083996205 1.0
53.0 0.986280161075 1.0
171.0 0.127830740498 1.0
30.0 1.01394157135 1.0
168.0 -1.4551608458 1.0
89.0 1.02178271421 1.0
199.0 4.01704564673 1.0
155.0 0.979373916727 1.0
object 4	1.0:1.0
112.0 0.990257851468 1.0
49.0 1.04562753565 1.0
106.0 1.00460194527 1.0
26.0 0.980588539787 1.0
50.0 0.974902914014 1.0
172.0 -1.43312799974 1.0
4.0 0.943197767148 1.0
52.0 0.978420033787 1.0
188.0 4.36300274113 1.0
178.0 2.72930934147 1.0
97.0 0.976843027604 1.0
11.0 1.00361604664 1.0
84.0 0.997389312802 1.0
126.0 1.03607773258 1.0
91.0 0.961021153645 1.0
174.0 -0.529165481591 1.0
187.0 1.93061306852 1.0
68.0 1.06254704972 1.0
148.0 1.00112863535 1.0
198.0 2.37773143763 1.0
object 5	1.0:1.0
67.0 1.00084061916 1.0
178.0 1.83828606757 1.0
155.0 1.00546854285 1.0
44.0 1.02654664558 1.0
6.0 0.999707414665 1.0
179.0 -1.0388109581 1.0
72.0 0.971086701336 1.0
61.0 0.972073096569 1.0
180.0 -0.205482430161 1.0
21.0 1.03666577281 1.0
97.0 0.989091092436 1.0
121.0 0.997230033552 1.0
32.0 1.03003155201 1.0
92.0 0.98783315539 1.0
68.0 0.917217088768 1.0
147.0 1.03333961661 1.0
79.0 1.00850594271 1.0
object 6	1.0:1.0
150.0 0.978607350502 1.0
176.0 2.0283532665 1.0
132.0 0.938535200673 1.0
114.0 0.989190662772 1.0
158.0 1.01974852986 1.0
76.0 1.00384951246 1.0
174.0 2.01786873905 1.0
106.0 0.996865433117 1.0
145.0 1.02238125698 1.0
17.0 1.03922007613 1.0
167.0 0.407695605532 1.0
12.0 1.00430301009 1.0
37.0 1.00142764629 1.0
182.0 0.453483416687 1.0
193.0 2.0322363842 1.0
177.0 1.39197564982 1.0
0.0 0.994759015517 1.0
40.0 0.993187284792 1.0
61.0 1.00967538091 1.0
18.0 0.967338268123 1.0
45.0 0.973629150941 1.0
6.0 1.02530775535 1.0
36.0 1.04160999602 1.0
89.0 0.947856348801 1.0
171.0 1.3384863929 1.0
24.0 0.980436124966 1.0
110.0 1.01124050028 1.0
object 7	1.0:1.0
179.0 0.407127068054 1.0
143.0 0.950852504863 1.0
153.0 1.0090217828 1.0
1.0 0.963717816405 1.0
135.0 1.03577932698 1.0
72.0 0.993728334424 1.0
113.0 1.02473511513 1.0
186.0 4.33276943838 1.0
56.0 0.989885716878 1.0
37.0 0.971343512195 1.0
79.0 1.00754909505 1.0
174.0 2.88082715038 1.0
87.0 1.00844626619 1.0
object 8	1.0:1.0
34.0 0.981408760048 1.0
55.0 0.987523580198 1.0
168.0 -5.3032075328 1.0
136.0 1.05806123837 1.0
175.0 0.843057607623 1.0
93.0 1.00927369659 1.0
113.0 1.00034195637 1.0
184.0 7.76384170461 1.0
78.0 1.0153711679 1.0
69.0 0.989348784916 1.0
64.0 0.970898998257 1.0
23.0 1.01519137735 1.0
151.0 0.981987753047 1.0
38.0 1.01572691467 1.0
8.0 1.04159452514 1.0
47.0 0.951657037444 1.0
134.0 0.97209601226 1.0
68.0 0.967040444154 1.0
94.0 1.0525921062 1.0
67.0 0.994540753894 1.0
187.0 0.413689522513 1.0
109.0 1.02952387922 1.0
object 9	1.0:1.0
114.0 0.992364315952 1.0
33.0 1.00900846928 1.0
47.0 1.00759244855 1.0
51.0 1.00175664125 1.0
17.0 0.937726725411 1.0
75.0 1.01651972033 1.0
161.0 -0.12824613561 1.0
55.0 1.00679647357 1.0
116.0 1.00844262444 1.0
91.0 1.01439428897 1.0
43.0 0.979476187117 1.0
139.0 1.02878554856 1.0
112.0 1.00448253613 1.0
82.0 1.01609271703 1.0
130.0 0.98939300605 1.0
object 10	1.0:1.0
167.0 0.0243381459552 1.0
160.0 -2.3216063245 1.0
198.0 3.82716971412 1.0
72.0 0.974590592016 1.0
118.0 1.01233333971 1.0
61.0 1.00605242507 1.0
1.0 0.939054941348 1.0
35.0 1.00461669643 1.0
13.0 0.956294376186 1.0
73.0 0.977818437864 1.0
18.0 0.95978665358 1.0
54.0 1.04092711174 1.0
171.0 2.62817809637 1.0
6.0 1.01265936807 1.0
124.0 1.01901646005 1.0
object 11	1.0:1.0
65.0 0.940865184834 1.0
45.0 0.982536796115 1.0
193.0 0.862298689609 1.0
26.0 1.03272439569 1.0
15.0 1.03827682061 1.0
22.0 0.987958904538 1.0
172.0 0.00183120951409 1.0
159.0 1.0241354246 1.0
129.0 1.00050885463 1.0
101.0 1.08454248364 1.0
171.0 1.35058274243 1.0
110.0 0.99404054329 1.0
80.0 0.989218223983 1.0
124.0 0.941399352752 1.0
161.0 3.97253487659 1.0
168.0 1.1027441871 1.0
163.0 -0.606328543654 1.0
51.0 0.970504131359 1.0
object 12	1.0:1.0
187.0 2.44037514266 1.0
178.0 2.93812840949 1.0
13.0 0.998623925238 1.0
153.0 0.994070642308 1.0
75.0 0.999670450233 1.0
155.0 0.978254479784 1.0
142.0 1.06534697781 1.0
123.0 1.00764127516 1.0
116.0 0.992155808883 1.0
122.0 1.0186307614 1.0
64.0 1.0472990891 1.0
92.0 1.00029245034 1.0
32.0 1.01726322538 1.0
39.0 1.00222418132 1.0
152.0 1.00925641556 1.0
36.0 0.94304226107 1.0
90.0 0.986311143664 1.0
40.0 0.991248213021 1.0
98.0 0.993752242716 1.0
object 13	1.0:1.0
8.0 1.03272161991 1.0
151.0 0.942090776326 1.0
108.0 0.911407498912 1.0
22.0 1.01381444413 1.0
119.0 0.995826368656 1.0
141.0 1.00335489706 1.0
110.0 1.01816992568 1.0
86.0 1.02046066842 1.0
111.0 0.986285985677 1.0
34.0 1.00672037931 1.0
48.0 1.03068803851 1.0
56.0 1.007637598 1.0
24.0 1.019226225 1.0
16.0 1.04063225274 1.0
30.0 0.990578411168 1.0
135.0 1.05345836667 1.0
144.0 0.97157687311 1.0
181.0 -6.76849321728 1.0
object 14	1.0:1.0
153.0 1.00976541484 1.0
87.0 1.0142026324 1.0
69.0 1.00473426382 1.0
101.0 1.0488528608 1.0
88.0 0.990640356306 1.0
135.0 1.02011444612 1.0
92.0 0.976974295737 1.0
174.0 1.07546542484 1.0
112.0 0.989487961098 1.0
66.0 1.01687468433 1.0
140.0 1.02104548645 1.0
116.0 1.00165216147 1.0
156.0 1.02862683833 1.0
164.0 2.53859318924 1.0
52.0 0.958122454803 1.0
64.0 1.00641831836 1.0
121.0 0.994253415863 1.0
95.0 0.994910277478 1.0
132.0 1.03757264376 1.0
198.0 -1.38811537696 1.0
object 15	1.0:1.0
9.0 0.982384878088 1.0
179.0 -1.74842616294 1.0
151.0 1.00490837875 1.0
51.0 0.980784463669 1.0
45.0 0.988547376883 1.0
40.0 1.01907740563 1.0
14.0 0.975526238259 1.0
23.0 0.977877978241 1.0
108.0 1.02107393885 1.0
196.0 -0.479873001949 1.0
13.0 1.03866951513 1.0
76.0 1.07387763637 1.0
142.0 0.917242794593 1.0
146.0 0.992936181203 1.0
11.0 0.989707824392 1.0
164.0 -3.34090220687 1.0
87.0 0.988069165943 1.0
125.0 0.977230795525 1.0
39.0 0.994523778177 1.0
object 16	1.0:1.0
0.0 0.965614843263 1.0
89.0 0.966452603444 1.0
112.0 0.995246492645 1.0
74.0 1.06070208582 1.0
60.0 0.986776725362 1.0
22.0 1.0075988954 1.0
174.0 0.586375858544 1.0
191.0 0.370066837144 1.0
126.0 1.04915722706 1.0
30.0 0.981751300317 1.0
37.0 0.985870410353 1.0
155.0 1.01694414087 1.0
51.0 1.00105612569 1.0
96.0 0.926369689664 1.0
18.0 1.00832728423 1.0
62.0 0.962718444283 1.0
184.0 -0.205593489276 1.0
176.0 2.91834807856 1.0
91.0 0.974785028322 1.0
object 17	1.0:1.0
143.0 0.978022100633 1.0
45.0 1.00121636977 1.0
198.0 11.7304699205 1.0
30.0 0.999834010696 1.0
95.0 0.940298199151 1.0
20.0 1.01826575807 1.0
94.0 1.03223243148 1.0
163.0 3.23390395675 1.0
78.0 1.0096965328 1.0
156.0 0.987837694311 1.0
7.0 0.999848705279 1.0
37.0 0.977021900038 1.0
15.0 1.01762707792 1.0
139.0 1.0152762514 1.0
66.0 1.01629775313 1.0
154.0 0.999480889284 1.0
91.0 0.964672453004 1.0
36.0 0.994010735321 1.0
121.0 1.03281207023 1.0
56.0 1.01603720671 1.0
31.0 1.01413437645 1.0
67.0 0.979860190772 1.0
24.0 1.03352166478 1.0
object 18	1.0:1.0
53.0 1.01792190288 1.0
27.0 0.991255526314 1.0
19.0 1.0397358889 1.0
67.0 1.01954701091 1.0
114.0 1.00012088823 1.0
47.0 1.05243096603 1.0
174.0 1.93778892512 1.0
111.0 1.01135047767 1.0
22.0 0.923177582678 1.0
78.0 0.983015093654 1.0
35.0 1.02745807079 1.0
63.0 0.991449927622 1.0
145.0 0.955097168975 1.0
88.0 0.967174815019 1.0
165.0 2.39192930048 1.0
184.0 1.53375856111 1.0
112.0 0.999374592169 1.0
25.0 1.06479307865 1.0
109.0 1.00934884799 1.0
98.0 0.994894664463 1.0
66.0 0.951255309562 1.0
121.0 0.939493770234 1.0
167.0 -0.179353570579 1.0
188.0 1.75406922647 1.0
object 19	1.0:1.0
149.0 1.0007805118 1.0
166.0 4.77794896875 1.0
185.0 -3.7288792638 1.0
106.0 0.936814424971 1.0
195.0 2.40082928359 1.0
175.0 0.720860667437 1.0
15.0 0.978450431207 1.0
181.0 -0.266780505721 1.0
197.0 2.21450316647 1.0
25.0 0.925700380549 1.0
66.0 0.966735759917 1.0
142.0 1.01391812388 1.0
164.0 2.34851625597 1.0
124.0 1.02141916039 1.0
127.0 1.01853451193 1.0
121.0 1.03179811378 1.0
34.0 0.991166805456 1.0
36.0 0.964223617741 1.0
1.0 0.997348862357 1.0
81.0 1.0120190542 1.0
128.0 1.00807150357 1.0
100.0 0.95971610762 1.0
object 20	1.0:1.0
7.0 1.0130517172 1.0
31.0 1.03534478089 1.0
105.0 1.03776458769 1.0
112.0 0.99272237544 1.0
171.0 4.66244437034 1.0
170.0 -1.55082533772 1.0
126.0 1.02532994136 1.0
101.0 1.08967336474 1.0
109.0 0.964751524294 1.0
45.0 0.983903731805 1.0
120.0 0.942828653557 1.0
163.0 -0.179781465074 1.0
108.0 0.94795075571 1.0
57.0 1.04649421852 1.0
68.0 0.960045475923 1.0
121.0 1.00153200514 1.0
58.0 0.952916255084 1.0
46.0 0.97309593456 1.0
95.0 1.05436336841 1.0
22.0 0.972900531717 1.0
198.0 -1.51842962769 1.0
85.0 1.00072366018 1.0
97.0 0.995718141216 1.0
159.0 0.97499034336 1.0
object 21	1.0:1.0
17.0 1.01933658566 1.0
171.0 -1.80923302834 1.0
164.0 -1.79912047719 1.0
188.0 0.228793178811 1.0
136.0 0.993851282458 1.0
79.0 1.00719660821 1.0
178.0 1.38980347137 1.0
88.0 0.996575802741 1.0
39.0 1.00830960711 1.0
16.0 0.953398719651 1.0
165.0 4.11034876816 1.0
128.0 1.02518802371 1.0
189.0 5.84992197693 1.0
190.0 3.82483467049 1.0
108.0 1.02158466766 1.0
184.0 8.54182084471 1.0
176.0 -0.435933411178 1.0
57.0 1.11163863383 1.0
170.0 2.09290093318 1.0
22.0 1.00625666689 1.0
102.0 1.06937787727 1.0
175.0 2.61192600159 1.0
object 22	1.0:1.0
84.0 0.949688954586 1.0
64.0 0.963106385869 1.0
33.0 0.94469043758 1.0
50.0 1.07567931701 1.0
24.0 1.03193095907 1.0
133.0 0.91511220211 1.0
41.0 1.04523436655 1.0
110.0 1.00670019622 1.0
157.0 0.995080397372 1.0
102.0 0.959047416965 1.0
74.0 0.98123237988 1.0
142.0 0.985173151695 1.0
52.0 1.01644441008 1.0
99.0 1.01947670171 1.0
151.0 0.996768063404 1.0
95.0 1.06437352094 1.0
137.0 1.00640460541 1.0
119.0 1.00898692309 1.0
178.0 1.08256525987 1.0
117.0 0.973118626245 1.0
51.0 1.01481418114 1.0
object 23	1.0:1.0
90.0 0.999443540277 1.0
57.0 1.01229036958 1.0
99.0 0.984077179195 1.0
24.0 0.966749758233 1.0
132.0 1.04812457295 1.0
11.0 0.99218629825 1.0
48.0 0.983329961596 1.0
69.0 0.987555933667 1.0
107.0 0.98908704564 1.0
169.0 -0.187360743941 1.0
50.0 0.999555932337 1.0
165.0 2.15971458604 1.0
136.0 1.01178805725 1.0
71.0 0.969457064755 1.0
83.0 0.988223029965 1.0
110.0 1.02906877355 1.0
128.0 1.03146804211 1.0
98.0 0.989514014623 1.0
170.0 2.03610287876 1.0
85.0 1.00351802984 1.0
89.0 1.03225377615 1.0
192.0 4.52930142575 1.0
object 24	1.0:1.0
62.0 1.03579368719 1.0
195.0 0.448184391533 1.0
197.0 1.81909953597 1.0
115.0 0.982425523805 1.0
22.0 1.04391294982 1.0
118.0 0.986269231144 1.0
72.0 1.0048140783 1.0
170.0 2.29150914514 1.0
91.0 0.984033557519 1.0
151.0 0.976891202171 1.0
58.0 0.975768048662 1.0
194.0 -0.115808247219 1.0
103.0 1.0047338842 1.0
33.0 1.01377625613 1.0
39.0 1.00500964609 1.0
56.0 0.993740910852 1.0
157.0 1.01747832326 1.0
167.0 0.69173542436 1.0
145.0 0.951741499176 1.0
173.0 5.23389140442 1.0
20.0 1.01559766299 1.0
1.0 1.02979883214 1.0
149.0 0.999540453329 1.0
object 25	1.0:1.0
114.0 1.01744035749 1.0
132.0 0.98157252022 1.0
36.0 0.94876765544 1.0
27.0 0.98659595035 1.0
7.0 1.00508791733 1.0
71.0 0.990017178465 1.0
29.0 1.05275802888 1.0
166.0 -0.789900979541 1.0
186.0 1.56635053278 1.0
25.0 0.984576087501 1.0
97.0 1.03342963852 1.0
12.0 0.977381649674 1.0
82.0 1.0067886084 1.0
151.0 1.0480970646 1.0
129.0 1.0343722854 1.0
67.0 0.975806304196 1.0
152.0 1.0397318256 1.0
object 26	1.0:1.0
69.0 0.972596559254 1.0
21.0 1.03812190984 1.0
151.0 0.966148944074 1.0
168.0 1.89326180063 1.0
68.0 1.0503468538 1.0
186.0 4.29140972471 1.0
28.0 1.0898824376 1.0
184.0 4.35979474582 1.0
165.0 2.06137600001 1.0
132.0 0.978920867013 1.0
6.0 1.00180504005 1.0
121.0 1.02280321824 1.0
2.0 1.01258434045 1.0
105.0 0.960531760143 1.0
199.0 2.85974217517 1.0
71.0 1.01087628803 1.0
56.0 0.99530852497 1.0
87.0 0.998400668253 1.0
object 27	1.0:1.0
78.0 1.00189008433 1.0
192.0 1.97616283829 1.0
31.0 0.994539853856 1.0
152.0 1.01762919033 1.0
175.0 -1.04215123337 1.0
67.0 1.00427889328 1.0
49.0 0.973787296692 1.0
0.0 0.995928173786 1.0
112.0 0.990130417044 1.0
145.0 1.04844090509 1.0
60.0 0.99145322011 1.0
107.0 1.02499504505 1.0
149.0 1.00409569428 1.0
45.0 1.00579279693 1.0
51.0 0.978055375176 1.0
163.0 -3.31309867142 1.0
108.0 0.9610416149 1.0
126.0 1.00390732258 1.0
142.0 0.95618254888 1.0
164.0 -7.19988900588 1.0
95.0 0.965577745068 1.0
158.0 1.01618365789 1.0
29.0 1.0096854458 1.0
17.0 0.989303847673 1.0
48.0 1.10260705847 1.0
object 28	1.0:1.0
73.0 0.988793951446 1.0
1.0 1.02178664593 1.0
143.0 0.999403956961 1.0
181.0 -0.901362109124 1.0
199.0 -0.0329365593376 1.0
124.0 0.986609656318 1.0
140.0 1.0081362807 1.0
18.0 1.00225642622 1.0
24.0 0.994986827267 1.0
103.0 0.988095905262 1.0
38.0 0.98972182894 1.0
131.0 1.03190430284 1.0
47.0 1.01043275886 1.0
40.0 0.975692446889 1.0
176.0 0.286204887077 1.0
132.0 1.01086845702 1.0
70.0 0.970947769224 1.0
126.0 0.991708839214 1.0
67.0 1.01577203002 1.0
20.0 0.971953332193 1.0
160.0 -5.75442084535 1.0
object 29	1.0:1.0
70.0 0.980343306408 1.0
110.0 0.994710741456 1.0
134.0 0.994571763551 1.0
43.0 1.06825915733 1.0
95.0 1.01136392836 1.0
190.0 -2.17280023042 1.0
56.0 1.01180042522 1.0
7.0 1.00284510007 1.0
88.0 0.998369126044 1.0
152.0 0.999017692203 1.0
123.0 1.0028507203 1.0
158.0 1.02577542688 1.0
132.0 1.03263434616 1.0
122.0 0.993255143393 1.0
114.0 1.00143359983 1.0
57.0 0.946335170153 1.0
83.0 0.939336317246 1.0
67.0 0.972666341488 1.0
55.0 1.00822910169 1.0
143.0 1.00185340582 1.0
object 30	1.0:1.0
70.0 0.992999174608 1.0
155.0 1.01582994419 1.0
162.0 -0.0955321448385 1.0
189.0 0.794736975149 1.0
83.0 1.00412151339 1.0
51.0 1.03292450023 1.0
169.0 0.389575682319 1.0
195.0 0.352878394561 1.0
149.0 1.01301276492 1.0
27.0 1.01782946881 1.0
72.0 0.98786288134 1.0
127.0 1.00759464449 1.0
107.0 0.968593761476 1.0
171.0 2.73478866894 1.0
116.0 0.987104479432 1.0
7.0 0.999725343601 1.0
173.0 -2.02743848077 1.0
36.0 0.952256171646 1.0
122.0 0.96385541354 1.0
14.0 0.971691248819 1.0
39.0 1.02046916532 1.0
198.0 -1.25042374096 1.0
123.0 1.00539845288 1.0
33.0 0.963368923294 1.0
object 31	1.0:1.0
152.0 1.10191267291 1.0
119.0 1.0032735122 1.0
153.0 0.967324995622 1.0
19.0 0.998809546492 1.0
84.0 1.00299837291 1.0
12.0 1.02127350418 1.0
113.0 0.984704958192 1.0
100.0 0.999322826006 1.0
64.0 0.981050690009 1.0
156.0 1.01128606611 1.0
38.0 1.02190892199 1.0
8.0 1.0118741301 1.0
171.0 -0.929335728396 1.0
20.0 1.00358356055 1.0
104.0 1.00620739966 1.0
object 32	1.0:1.0
116.0 1.02798398918 1.0
139.0 1.01294685395 1.0
142.0 0.919327909111 1.0
28.0 1.03390870214 1.0
107.0 0.902477926003 1.0
118.0 0.99265182526 1.0
5.0 0.978515667458 1.0
46.0 0.990402396682 1.0
136.0 1.0094163512 1.0
82.0 0.982840859155 1.0
115.0 1.00350940083 1.0
141.0 0.991552997445 1.0
187.0 -1.25882070964 1.0
object 33	1.0:1.0
110.0 0.986906646608 1.0
177.0 1.30221566235 1.0
71.0 1.00614206047 1.0
155.0 1.00734750232 1.0
114.0 1.00979684984 1.0
151.0 1.01815930086 1.0
5.0 1.04235860399 1.0
136.0 0.990984268777 1.0
39.0 1.01199757847 1.0
123.0 0.993273750483 1.0
6.0 0.998380081705 1.0
190.0 0.949001416815 1.0
166.0 4.48034340474 1.0
182.0 0.0363281241383 1.0
146.0 1.00573688509 1.0
107.0 1.00913891393 1.0
2.0 0.938413256766 1.0
33.0 0.996890071196 1.0
185.0 -3.27875994332 1.0
128.0 0.985801903452 1.0
object 34	1.0:1.0
193.0 2.68444302238 1.0
33.0 0.988029134735 1.0
113.0 0.98437228843 1.0
119.0 0.960901979369 1.0
52.0 0.9812788023 1.0
156.0 0.99747103566 1.0
72.0 0.991490416333 1.0
23.0 0.975955823988 1.0
126.0 0.962948425264 1.0
194.0 0.416511921976 1.0
179.0 1.51559614924 1.0
138.0 0.996078319239 1.0
112.0 0.996223906047 1.0
128.0 0.947154243747 1.0
136.0 0.984403505123 1.0
50.0 0.951268277432 1.0
53.0 0.968227672369 1.0
85.0 0.988118834123 1.0
147.0 1.06180851945 1.0
24.0 1.03573355071 1.0
76.0 1.01810621401 1.0
object 35	1.0:1.0
55.0 1.05333467219 1.0
130.0 0.988235767067 1.0
93.0 1.01796702932 1.0
144.0 1.01362707749 1.0
11.0 1.00457785501 1.0
73.0 1.00617771992 1.0
91.0 1.00898499935 1.0
38.0 1.00327300356 1.0
141.0 1.02514692419 1.0
113.0 1.03789068534 1.0
46.0 1.00452974296 1.0
161.0 4.55955987515 1.0
193.0 -0.09142745079 1.0
90.0 1.00773344832 1.0
3.0 1.01358551169 1.0
5.0 0.91988266516 1.0
21.0 0.979998619281 1.0
97.0 1.02794258937 1.0
190.0 -4.07975243185 1.0
83.0 1.00125428975 1.0
71.0 1.01461797313 1.0
104.0 1.02655845396 1.0
object 36	1.0:1.0
175.0 3.0297782718 1.0
18.0 0.996975887585 1.0
1.0 1.01504317799 1.0
11.0 0.99139297924 1.0
101.0 0.962381442652 1.0
143.0 1.00088743842 1.0
186.0 3.25940429438 1.0
182.0 -0.845893869094 1.0
43.0 1.00599823297 1.0
170.0 -2.41026179537 1.0
59.0 1.06799889277 1.0
148.0 1.0029960228 1.0
112.0 1.00131197299 1.0
149.0 0.972403800613 1.0
126.0 1.00173257651 1.0
109.0 1.03636729131 1.0
174.0 1.68101571776 1.0
object 37	1.0:1.0
4.0 1.00325759317 1.0
45.0 1.00386960166 1.0
70.0 1.01388864174 1.0
155.0 1.00058426588 1.0
5.0 1.05922150115 1.0
182.0 -1.26613067366 1.0
156.0 0.987213905817 1.0
84.0 0.93528010239 1.0
68.0 0.99398965237 1.0
85.0 1.01343480133 1.0
174.0 2.46817019211 1.0
18.0 1.00195026651 1.0
90.0 1.00875871428 1.0
166.0 0.310580607963 1.0
object 38	1.0:1.0
111.0 0.984188045577 1.0
172.0 7.53498201645 1.0
52.0 0.973028011472 1.0
123.0 1.00139756706 1.0
93.0 1.06776372883 1.0
188.0 8.60140767557 1.0
77.0 1.0133709272 1.0
86.0 0.980585378054 1.0
95.0 0.990446112833 1.0
14.0 1.0455304188 1.0
136.0 1.06180282029 1.0
26.0 0.989733667438 1.0
143.0 0.983407303453 1.0
180.0 -1.05979013567 1.0
33.0 1.0801438057 1.0
40.0 1.01222771487 1.0
160.0 -6.89163402703 1.0
140.0 0.973538336276 1.0
109.0 1.01395214301 1.0
176.0 -2.11352088984 1.0
object 39	1.0:1.0
16.0 1.00187907719 1.0
144.0 0.96615933236 1.0
83.0 1.0231360714 1.0
138.0 0.995596961216 1.0
7.0 1.01336978211 1.0
76.0 1.01462334391 1.0
45.0 0.995322275911 1.0
122.0 1.02642884938 1.0
139.0 1.00639019546 1.0
50.0 1.01605559735 1.0
104.0 1.06013056389 1.0
74.0 1.02512586029 1.0
88.0 0.963778002268 1.0
91.0 0.996414072368 1.0
99.0 0.985982857957 1.0
81.0 1.02848167817 1.0
63.0 1.01043935367 1.0
64.0 1.05956080528 1.0
168.0 -3.79333186558 1.0
135.0 1.04948746207 1.0
65.0 0.939269095713 1.0
152.0 0.942136432013 1.0
object 40	1.0:1.0
122.0 0.997461990152 1.0
66.0 0.991202831384 1.0
52.0 1.02655041712 1.0
109.0 0.954203507591 1.0
86.0 1.00911792992 1.0
195.0 0.633219815502 1.0
37.0 0.991261454316 1.0
98.0 0.999843732855 1.0
130.0 1.00615361787 1.0
94.0 0.874377814813 1.0
11.0 0.987926854421 1.0
188.0 -0.714627890647 1.0
183.0 2.96991658893 1.0
161.0 0.766398549652 1.0
41.0 1.00913543781 1.0
192.0 0.507989023616 1.0
194.0 -0.484135161448 1.0
7.0 0.99383493588 1.0
132.0 1.02420913764 1.0
58.0 0.985815591104 1.0
71.0 0.997193116791 1.0
object 41	1.0:1.0
163.0 0.627502164421 1.0
186.0 3.21760626222 1.0
112.0 0.969710510175 1.0
141.0 1.00528484046 1.0
5.0 0.991418220501 1.0
36.0 0.953859653666 1.0
160.0 -0.137669101905 1.0
124.0 1.04161119082 1.0
90.0 0.999323529744 1.0
193.0 1.7462790683 1.0
134.0 0.95676307808 1.0
69.0 1.00993121403 1.0
15.0 1.02257922092 1.0
8.0 1.05912599468 1.0
183.0 -2.43509555799 1.0
165.0 0.118354020425 1.0
174.0 0.833644130917 1.0
145.0 1.02148460653 1.0
object 42	1.0:1.0
63.0 0.988319159204 1.0
40.0 0.997423466923 1.0
50.0 1.00739952192 1.0
54.0 1.06496979614 1.0
65.0 1.00938688518 1.0
164.0 0.746277865366 1.0
110.0 0.996008893356 1.0
47.0 1.0578765931 1.0
190.0 0.0495350304075 1.0
181.0 1.69639948067 1.0
25.0 1.04804310187 1.0
17.0 0.950104138248 1.0
41.0 0.9552297215 1.0
133.0 1.03642189878 1.0
object 43	1.0:1.0
26.0 0.99734676979 1.0
92.0 0.989085396643 1.0
59.0 0.957955727901 1.0
121.0 1.02366327109 1.0
172.0 -0.835808558455 1.0
72.0 1.00638850452 1.0
152.0 1.04501519424 1.0
196.0 -0.193952798026 1.0
17.0 1.00188901946 1.0
103.0 0.932448654886 1.0
134.0 0.995194884767 1.0
185.0 -4.51420031741 1.0
184.0 7.10880979555 1.0
154.0 1.04745680554 1.0
127.0 1.0692893472 1.0
133.0 0.978869188911 1.0
25.0 0.9622998934 1.0
35.0 1.05747301003 1.0
126.0 1.02217293496 1.0
110.0 0.959958790267 1.0
55.0 0.971525932169 1.0
object 44	1.0:1.0
179.0 3.27568073158 1.0
171.0 4.77852188843 1.0
8.0 1.00642282497 1.0
142.0 0.960987295712 1.0
103.0 0.964718902032 1.0
199.0 -4.20903078896 1.0
167.0 2.14098113491 1.0
145.0 0.995280610337 1.0
181.0 -3.0738259899 1.0
152.0 1.04408707461 1.0
88.0 1.03555351229 1.0
156.0 0.951255158585 1.0
121.0 1.07483726325 1.0
6.0 1.00652994389 1.0
150.0 0.959033440191 1.0
153.0 1.01920764152 1.0
154.0 1.02553876453 1.0
33.0 1.04358745177 1.0
object 45	1.0:1.0
138.0 0.991900360042 1.0
129.0 1.04518599258 1.0
5.0 1.05126788439 1.0
42.0 1.04390402536 1.0
71.0 0.984735298839 1.0
11.0 0.982142588322 1.0
14.0 0.969858002074 1.0
52.0 1.06414456276 1.0
143.0 0.996992304873 1.0
72.0 0.990758611867 1.0
132.0 0.988837766138 1.0
62.0 0.983024619022 1.0
193.0 0.914149900763 1.0
122.0 1.03231467717 1.0
194.0 0.473708339934 1.0
94.0 0.983810210502 1.0
117.0 0.958832029577 1.0
56.0 1.00215232741 1.0
48.0 0.979922408414 1.0
43.0 1.01544967012 1.0
157.0 0.967437291291 1.0
19.0 1.01872438979 1.0
178.0 -0.463679708816 1.0
45.0 0.995281682132 1.0
104.0 0.982565468929 1.0
106.0 0.940721003508 1.0
36.0 0.953232372825 1.0
114.0 0.980345526953 1.0
154.0 1.059084866 1.0
144.0 1.05797692891 1.0
object 46	1.0:1.0
175.0 -1.10940982676 1.0
33.0 1.02955382921 1.0
64.0 1.00849274071 1.0
40.0 1.00756671461 1.0
137.0 1.00214732781 1.0
7.0 0.98253121971 1.0
35.0 0.961741335916 1.0
165.0 -0.813771539253 1.0
10.0 0.990284324702 1.0
172.0 -3.35197821879 1.0
83.0 1.00006271655 1.0
120.0 1.01794468602 1.0
44.0 1.0837673424 1.0
53.0 0.951509757374 1.0
object 47	1.0:1.0
78.0 0.989218765788 1.0
100.0 1.01412616662 1.0
174.0 1.13276809076 1.0
71.0 1.01734029521 1.0
199.0 0.159445988439 1.0
88.0 1.06084194772 1.0
17.0 0.99136246474 1.0
21.0 0.984795272589 1.0
125.0 0.9347557671 1.0
164.0 2.28196803697 1.0
137.0 1.00463177486 1.0
34.0 0.997688546178 1.0
119.0 0.988197718754 1.0
138.0 1.0186362254 1.0
89.0 0.991464365854 1.0
161.0 1.05506182274 1.0
60.0 0.961616170332 1.0
56.0 0.999830486616 1.0
186.0 -0.19870404379 1.0
36.0 1.07057641866 1.0
170.0 3.34190325877 1.0
object 48	1.0:1.0
155.0 1.01240160715 1.0
33.0 0.970533284546 1.0
26.0 1.04502341449 1.0
65.0 1.0095519433 1.0
188.0 7.5943694767 1.0
170.0 -0.919540605761 1.0
191.0 0.543496076506 1.0
154.0 0.952738006595 1.0
90.0 0.976205197191 1.0
88.0 0.989501227452 1.0
46.0 0.9966053803 1.0
146.0 1.00485400318 1.0
121.0 1.034979607 1.0
116.0 0.990004767112 1.0
111.0 0.989014911641 1.0
3.0 0.973500404449 1.0
27.0 0.944108045031 1.0
79.0 1.00972626319 1.0
158.0 1.02799112932 1.0
134.0 0.975778887318 1.0
object 49	1.0:1.0
119.0 1.00446975052 1.0
1.0 0.976823064329 1.0
159.0 0.992809603306 1.0
170.0 -1.02294198911 1.0
15.0 1.0523522452 1.0
58.0 0.966347005809 1.0
145.0 0.993313485063 1.0
112.0 0.997184364169 1.0
176.0 1.35525614828 1.0
135.0 1.00978235955 1.0
193.0 0.0913101711689 1.0
47.0 1.0019476904 1.0
55.0 1.05029619421 1.0
149.0 1.02422108123 1.0
43.0 1.02907389146 1.0
113.0 0.974850044272 1.0
132.0 1.02919647693 1.0
72.0 1.0030001435 1.0
162.0 0.456766855245 1.0
182.0 2.26693793819 1.0
17.0 1.04835189395 1.0
103.0 1.01148473188 1.0
190.0 -3.57747107785 1.0
167.0 0.606407743577 1.0
101.0 0.98490613289 1.0
31.0 1.02202588773 1.0
object 50	1.0:0.5 14.0553223537:0.5
155.0 0.936785239203 0.0
80.0 14.0430213085 1.0
41.0 14.0011306224 1.0
169.0 19.1857934475 1.0
75.0 1.0518616269 0.0
76.0 13.9648373673 1.0
70.0 13.9724115722 1.0
57.0 0.985733586757 0.0
105.0 1.01650385497 0.0
27.0 1.01865150958 0.0
138.0 14.0235238834 1.0
168.0 1.87358483422 0.0
104.0 0.913910415939 0.0
159.0 1.06538020338 0.0
98.0 14.0588414929 1.0
32.0 13.9953840992 1.0
12.0 14.0874823974 1.0
182.0 8.93603429574 1.0
188.0 -3.21779034842 0.0
153.0 14.061109506 1.0
47.0 14.1220261756 1.0
90.0 14.0005890669 1.0
129.0 0.986119192285 0.0
object 51	1.0:0.5 -6.95445505117:0.5
154.0 -6.99832042195 1.0
77.0 0.987684056077 0.0
116.0 1.00543966621 0.0
72.0 1.1054482337 0.0
10.0 1.01731859202 0.0
90.0 -6.9730288834 1.0
70.0 1.0020836754 0.0
31.0 -6.85011751392 1.0
187.0 -4.80335442839 1.0
37.0 0.984572348635 0.0
14.0 0.986977357217 0.0
61.0 -7.02644704601 1.0
55.0 -6.99048755214 1.0
47.0 0.974169765232 0.0
113.0 0.942776235873 0.0
74.0 0.971389524354 0.0
87.0 -6.93083916068 1.0
62.0 -6.88374820822 1.0
101.0 1.0124898101 0.0
114.0 -6.93589783702 1.0
98.0 -6.9640997329 1.0
34.0 -7.00006013294 1.0
85.0 -7.02656849942 1.0
159.0 0.928532859943 0.0
9.0 -6.96210274193 1.0
27.0 0.978463382994 0.0
object 52	1.0:0.5 2.88027534385:0.5
185.0 -8.57315505419 0.0
150.0 2.87318842891 1.0
161.0 -2.406768737 0.0
112.0 0.952811181662 0.0
15.0 0.938752854556 0.0
6.0 2.84837296522 1.0
5.0 2.90890064565 1.0
80.0 2.79989923947 1.0
81.0 0.982386936994 0.0
2.0 2.87765084779 1.0
39.0 2.72133529071 1.0
65.0 1.0652392274 0.0
179.0 2.46590306963 0.0
68.0 1.00828804058 0.0
82.0 2.88315492747 1.0
26.0 2.8942909364 1.0
27.0 0.957466156341 0.0
111.0 2.87426946768 1.0
63.0 0.966428675178 0.0
74.0 0.953559825708 0.0
160.0 -3.62588788867 0.0
42.0 2.82348947941 1.0
object 53	1.0:0.5 -8.25019824181:0.5
25.0 0.956553118437 0.0
55.0 1.07667916257 0.0
148.0 -8.22370416378 1.0
89.0 -8.25188420839 1.0
81.0 1.02676352866 0.0
74.0 -8.231469561 1.0
20.0 1.01729885774 0.0
33.0 0.92104185328 0.0
162.0 6.17942098726 0.0
23.0 1.01108859711 0.0
41.0 0.930595776623 0.0
171.0 6.372332882 0.0
27.0 -8.20294767316 1.0
195.0 -2.69099150749 1.0
10.0 0.99161539075 0.0
object 54	1.0:0.5 6.81524053235:0.5
20.0 6.71931113858 1.0
113.0 6.77426189844 1.0
146.0 6.80747614804 1.0
164.0 2.25885894621 1.0
141.0 6.81636164291 1.0
124.0 6.8460839299 1.0
2.0 6.81316865372 1.0
68.0 6.7881724439 1.0
194.0 5.45277534923 1.0
198.0 5.7718469219 1.0
94.0 1.01253337075 0.0
51.0 1.0498329422 0.0
182.0 2.90919921302 0.0
79.0 1.01138220965 0.0
121.0 1.03507631075 0.0
55.0 1.00374992184 0.0
52.0 0.987164731297 0.0
166.0 0.837848712707 0.0
30.0 1.02230584479 0.0
40.0 6.8104279873 1.0
118.0 6.84102479321 1.0
101.0 6.80390308915 1.0
85.0 6.71689317525 1.0
197.0 2.20364747413 0.0
28.0 6.78437730488 1.0
140.0 1.00233170596 0.0
67.0 0.977638472818 0.0
135.0 6.78115230891 1.0
148.0 6.76358256529 1.0
162.0 5.30151638043 1.0
object 55	1.0:0.5 -1.27957967282:0.5
16.0 0.949630114469 0.0
24.0 -1.28227553108 1.0
59.0 -1.14453745055 1.0
94.0 -1.40019142735 1.0
13.0 1.07371767844 0.0
53.0 -1.30436569889 1.0
192.0 -0.815332922923 1.0
106.0 0.979161017326 0.0
187.0 2.36326507055 0.0
127.0 -1.37068889007 1.0
2.0 1.03101323403 0.0
40.0 0.989988870438 0.0
87.0 0.989933503283 0.0
105.0 -1.32130929545 1.0
27.0 0.992289728992 0.0
54.0 0.94405351652 0.0
29.0 -1.252969442 1.0
114.0 1.0301544057 0.0
131.0 0.978796532291 0.0
object 56	1.0:0.5 13.8505177358:0.5
97.0 0.966431309417 0.0
163.0 -1.06362140617 0.0
131.0 13.8081816315 1.0
82.0 13.9195989294 1.0
56.0 13.9231005189 1.0
23.0 13.873836486 1.0
158.0 0.944816545699 0.0
118.0 13.8285698562 1.0
106.0 13.8036122456 1.0
12.0 13.8679041336 1.0
29.0 0.962817540394 0.0
34.0 0.98165186765 0.0
76.0 13.7576639478 1.0
33.0 1.0704669606 0.0
71.0 13.8746763186 1.0
27.0 1.07589872398 0.0
133.0 0.985900957567 0.0
153.0 1.00313570305 0.0
72.0 13.7848403982 1.0
107.0 0.978604678775 0.0
object 57	1.0:0.5 -1.65995521669:0.5
7.0 -1.64531459645 1.0
76.0 1.00960889602 0.0
119.0 -1.68349997729 1.0
145.0 -1.61149196837 1.0
121.0 -1.76382398852 1.0
118.0 -1.62040045581 1.0
4.0 -1.580864587 1.0
53.0 -1.67611450635 1.0
132.0 -1.68688767897 1.0
66.0 0.95515343254 0.0
30.0 1.03130225685 0.0
93.0 -1.70016197178 1.0
186.0 -1.57447046239 1.0
167.0 -2.64662833289 1.0
106.0 1.08869773029 0.0
33.0 1.00878666504 0.0
60.0 1.02449052648 0.0
185.0 4.52065609501 0.0
19.0 -1.63069430633 1.0
object 58	1.0:0.5 4.0426333177:0.5
195.0 4.51553819724 0.0
84.0 1.02464438846 0.0
174.0 4.56507755343 0.0
4.0 4.05314062791 1.0
36.0 1.02378976353 0.0
156.0 4.03006860161 1.0
119.0 0.994258102725 0.0
190.0 0.788388591804 0.0
79.0 0.981162830797 0.0
7.0 4.0393487898 1.0
110.0 0.987134049198 0.0
21.0 1.00583307198 0.0
34.0 0.993226183566 0.0
61.0 3.98498811107 1.0
123.0 0.935734289834 0.0
183.0 3.03856076619 0.0
23.0 4.14436860421 1.0
65.0 4.03830811922 1.0
55.0 4.0604561468 1.0
26.0 1.10284321563 0.0
60.0 1.02995128361 0.0
171.0 -8.22434464502 0.0
91.0 0.931490018377 0.0
object 59	1.0:0.5 5.59444381561:0.5
17.0 1.06658774368 0.0
119.0 0.914368625598 0.0
22.0 1.02688284828 0.0
137.0 5.68090101638 1.0
96.0 5.64887059432 1.0
87.0 5.61380925886 1.0
75.0 0.934464263918 0.0
146.0 5.59511855367 1.0
145.0 1.04997209889 0.0
20.0 5.60367112919 1.0
123.0 5.62059356064 1.0
31.0 5.62675484004 1.0
object 60	1.0:0.5 0.677957157032:0.5
15.0 0.95374711045 0.0
194.0 -1.0869424928 1.0
44.0 0.950793357247 0.0
2.0 0.685589111237 1.0
168.0 3.97118659876 1.0
152.0 1.04105756487 0.0
31.0 1.11173228731 0.0
170.0 -0.339909196158 1.0
139.0 0.974920759439 0.0
160.0 7.38747981224 0.0
162.0 2.09173529723 0.0
0.0 0.993986167206 0.0
41.0 0.940845703784 0.0
65.0 0.899267633584 0.0
148.0 1.01204982877 0.0
103.0 1.06458057459 0.0
195.0 2.05707713899 1.0
171.0 2.22272495365 1.0
191.0 -2.54575777438 0.0
33.0 1.053002943 0.0
186.0 1.22876812522 1.0
175.0 3.85838977316 0.0
91.0 1.02128662204 0.0
80.0 0.980998869107 0.0
127.0 0.980863835874 0.0
101.0 0.959587491746 0.0
47.0 1.01953406268 0.0
16.0 1.09506910467 0.0
26.0 0.671718529566 1.0
8.0 1.01315428132 0.0
object 61	1.0:0.5 8.99232068379:0.5
101.0 8.86475716804 1.0
197.0 8.75915927094 1.0
149.0 0.905860306229 0.0
174.0 -3.55071845704 0.0
114.0 9.06922740786 1.0
123.0 1.00244735419 0.0
69.0 8.98813484201 1.0
162.0 13.3610387423 1.0
196.0 9.24251223785 1.0
198.0 11.0758575771 1.0
105.0 0.998429984513 0.0
107.0 8.96352779425 1.0
16.0 8.9799655962 1.0
177.0 8.85459555786 1.0
object 62	1.0:0.5 4.74347035663:0.5
194.0 3.67042690237 1.0
103.0 4.80913854423 1.0
63.0 0.963682074779 0.0
140.0 1.00746133909 0.0
165.0 5.32072515329 1.0
159.0 0.975567102096 0.0
36.0 1.0163118767 0.0
21.0 0.977552185882 0.0
18.0 1.023890224 0.0
51.0 0.962786139579 0.0
121.0 0.971453488962 0.0
31.0 4.7960249563 1.0
11.0 4.71945540126 1.0
56.0 4.66604419672 1.0
23.0 1.03432020635 0.0
34.0 4.66833662762 1.0
object 63	1.0:0.5 -1.04391932918:0.5
70.0 -1.06130160061 1.0
71.0 -1.19160664142 1.0
171.0 -2.65069929533 1.0
157.0 -1.09708210525 1.0
58.0 0.992296945693 0.0
198.0 0.117016747259 1.0
158.0 -0.99003744933 1.0
91.0 -1.05928765709 1.0
47.0 -0.984806779839 1.0
19.0 -1.08357821311 1.0
194.0 0.826561144681 0.0
133.0 -1.06052534595 1.0
134.0 1.02369292518 0.0
99.0 -1.09379279391 1.0
60.0 0.994206066001 0.0
83.0 -1.01748067556 1.0
23.0 0.993447495532 0.0
object 64	1.0:0.5 2.9186135859:0.5
121.0 2.86202848313 1.0
157.0 1.04873729614 0.0
30.0 0.992662755223 0.0
56.0 1.03459695055 0.0
99.0 0.95636814866 0.0
119.0 2.85186869663 1.0
164.0 2.50223370621 1.0
45.0 0.979742872707 0.0
197.0 1.11292584918 0.0
140.0 0.925605362848 0.0
11.0 2.871561791 1.0
95.0 1.02672344021 0.0
144.0 0.954730495571 0.0
129.0 0.98778830344 0.0
106.0 1.07250486919 0.0
80.0 0.94352398736 0.0
46.0 1.02219426612 0.0
22.0 2.89888396108 1.0
116.0 3.00639426404 1.0
19.0 0.994279089594 0.0
148.0 0.996575693473 0.0
118.0 1.04158320286 0.0
172.0 1.10462875615 0.0
199.0 5.69629578536 0.0
object 65	1.0:0.5 -12.4995039503:0.5
88.0 -12.6005486202 1.0
8.0 0.992549951922 0.0
182.0 -4.11287878511 0.0
171.0 -13.2977372877 1.0
163.0 -12.4242037108 1.0
52.0 0.993811167822 0.0
196.0 -0.421017928382 0.0
116.0 0.96323798413 0.0
124.0 -12.4096707212 1.0
164.0 -1.58764212968 0.0
34.0 -12.480662719 1.0
87.0 0.987018022686 0.0
122.0 -12.4531980272 1.0
142.0 0.925144028847 0.0
103.0 0.972492987634 0.0
92.0 -12.5419298545 1.0
96.0 -12.4502250396 1.0
176.0 -2.43156475874 0.0
13.0 -12.4315833655 1.0
object 66	1.0:0.5 8.98414963154:0.5
170.0 -2.58013564377 0.0
196.0 9.89114719964 1.0
187.0 3.26883710374 0.0
109.0 0.992647149252 0.0
71.0 0.998690303463 0.0
135.0 8.96266686525 1.0
166.0 8.18273027087 1.0
152.0 8.91135547404 1.0
43.0 0.95835938325 0.0
128.0 0.98421548929 0.0
119.0 0.925431661549 0.0
112.0 0.893228253663 0.0
177.0 8.86470379627 1.0
137.0 8.94297866511 1.0
165.0 -0.116494499936 0.0
25.0 0.877661352935 0.0
17.0 0.952766532991 0.0
153.0 9.01466707505 1.0
99.0 1.0122140574 0.0
64.0 9.02052114152 1.0
125.0 8.93112208567 1.0
91.0 1.00386473375 0.0
179.0 3.20053566934 0.0
object 67	1.0:0.5 15.0221439485:0.5
115.0 0.944924636082 0.0
127.0 15.0474516443 1.0
144.0 15.0965568673 1.0
46.0 15.0798192117 1.0
185.0 4.30441694901 0.0
94.0 15.0808997324 1.0
84.0 0.984053735855 0.0
76.0 15.0862386677 1.0
92.0 0.969169661946 0.0
52.0 1.03726399474 0.0
1.0 14.9736656486 1.0
149.0 1.0235830642 0.0
104.0 1.05042256519 0.0
95.0 1.06821548782 0.0
187.0 10.3362695146 1.0
13.0 14.9834972845 1.0
86.0 1.02535364854 0.0
14.0 1.05518130935 0.0
199.0 -2.0110695396 0.0
object 68	1.0:0.5 1.92330684047:0.5
52.0 1.89929987658 1.0
33.0 1.95698405577 1.0
122.0 2.0206852205 1.0
88.0 1.94975832509 1.0
8.0 1.95323133575 1.0
13.0 1.09409557776 0.0
45.0 1.01424595241 0.0
138.0 0.904686956127 0.0
72.0 1.04911425953 0.0
84.0 1.09731411693 0.0
175.0 2.43824640848 0.0
177.0 8.842832187 1.0
174.0 6.43299660689 0.0
57.0 1.95202064332 1.0
25.0 0.929609112419 0.0
198.0 3.94867765219 1.0
27.0 0.966037169125 0.0
26.0 1.00991759873 0.0
87.0 1.92182729292 1.0
81.0 1.96452363789 1.0
48.0 1.87249688352 1.0
181.0 2.14321802549 0.0
4.0 1.83946400103 1.0
111.0 1.01302939352 0.0
193.0 5.11381760559 0.0
object 69	1.0:0.5 4.6615657866:0.5
5.0 4.60944638765 1.0
148.0 0.959456904896 0.0
172.0 3.34568654778 0.0
57.0 4.71142581674 1.0
160.0 0.70385526493 0.0
49.0 1.01938226395 0.0
90.0 0.945489400269 0.0
33.0 4.56925319225 1.0
122.0 1.03978573239 0.0
121.0 1.0708090386 0.0
39.0 0.979711762512 0.0
167.0 -1.10292808393 0.0
177.0 3.52055445536 0.0
191.0 9.0551698556 1.0
36.0 0.934201572182 0.0
169.0 6.15528838903 1.0
68.0 1.17977197572 0.0
62.0 1.03477731343 0.0
150.0 4.68890881431 1.0
20.0 0.966718684824 0.0
140.0 0.964852314472 0.0
11.0 4.70828487185 1.0
object 70	1.0:0.5 6.57722193776:0.5
194.0 2.12477036839 0.0
9.0 6.53806281917 1.0
15.0 1.02642551532 0.0
137.0 0.964522947205 0.0
191.0 -1.55434798702 0.0
120.0 6.58764009979 1.0
44.0 1.01857965917 0.0
60.0 6.5887118281 1.0
171.0 0.118496983605 0.0
196.0 6.47045079438 1.0
73.0 0.938612431987 0.0
25.0 6.5040059957 1.0
91.0 0.966593427298 0.0
190.0 -0.699774250581 0.0
4.0 1.010681173 0.0
96.0 0.974679118497 0.0
116.0 0.963609499768 0.0
99.0 0.980670442426 0.0
78.0 1.07214496714 0.0
object 71	1.0:0.5 16.3043439491:0.5
141.0 1.08389539123 0.0
175.0 -1.37427958978 0.0
13.0 16.3063097568 1.0
91.0 0.964846683339 0.0
190.0 14.2194954105 1.0
120.0 0.919722087397 0.0
44.0 1.05319744339 0.0
89.0 16.3132200519 1.0
37.0 1.00104421851 0.0
134.0 16.3263212112 1.0
47.0 0.990601918483 0.0
74.0 1.01672371131 0.0
88.0 16.2794247996 1.0
66.0 1.03761255658 0.0
188.0 11.6438185013 1.0
184.0 17.2253141945 1.0
150.0 16.3560907863 1.0
6.0 16.2928755343 1.0
55.0 0.908227914537 0.0
110.0 16.3772981698 1.0
73.0 16.2723003194 1.0
19.0 0.953275804489 0.0
45.0 16.3127213058 1.0
107.0 16.2191861784 1.0
196.0 13.3490505282 1.0
object 72	1.0:0.5 -5.15768843838:0.5
114.0 -5.13043597401 1.0
35.0 -5.15933027322 1.0
99.0 0.986547990772 0.0
193.0 7.76941190807 0.0
62.0 0.984744218275 0.0
39.0 0.95772708059 0.0
145.0 0.9737142392 0.0
122.0 1.08143988042 0.0
10.0 0.943393652308 0.0
189.0 -2.34835797188 0.0
28.0 0.987462460957 0.0
77.0 0.951928055382 0.0
124.0 -5.15297577247 1.0
1.0 1.03844122151 0.0
5.0 1.00272577812 0.0
85.0 1.03417640967 0.0
44.0 1.12331157464 0.0
object 73	1.0:0.5 -12.3027111173:0.5
19.0 -12.2501140864 1.0
106.0 -12.2305935327 1.0
9.0 1.01036100364 0.0
77.0 0.984226768455 0.0
103.0 -12.2540875943 1.0
156.0 -12.300248456 1.0
49.0 -12.219024355 1.0
149.0 1.0490958026 0.0
59.0 -12.3019895871 1.0
198.0 0.371326211428 0.0
29.0 0.985565550213 0.0
199.0 -16.4619780862 1.0
189.0 -6.25204913872 0.0
28.0 -12.2600348403 1.0
43.0 -12.284184582 1.0
101.0 -12.3179495271 1.0
67.0 1.08412392051 0.0
181.0 -0.125376148676 0.0
65.0 -12.310000291 1.0
148.0 -12.337211266 1.0
114.0 0.956464280452 0.0
168.0 3.87396850225 0.0
196.0 3.40526194367 0.0
164.0 -11.2340268828 1.0
123.0 1.03757339502 0.0
134.0 1.01603100099 0.0
97.0 -12.2418156012 1.0
object 74	1.0:0.5 -12.8544595006:0.5
9.0 1.04990636735 0.0
172.0 -17.5609825623 1.0
0.0 0.927647225307 0.0
198.0 5.1782910833 0.0
5.0 0.972739186035 0.0
134.0 -12.8501533074 1.0
136.0 -12.8578402104 1.0
181.0 0.887578906963 0.0
36.0 -12.8534814782 1.0
6.0 0.98009596962 0.0
174.0 0.44023768805 0.0
54.0 0.964593551616 0.0
59.0 0.946725850883 0.0
179.0 9.61009186384 0.0
73.0 -12.8455411069 1.0
105.0 -12.828672594 1.0
object 75	1.0:0.5 23.2318132748:0.5
106.0 23.2553537534 1.0
101.0 23.370418291 1.0
175.0 19.2832747488 1.0
132.0 1.05135153774 0.0
95.0 23.2248407221 1.0
102.0 1.0120182078 0.0
109.0 1.03926539729 0.0
64.0 1.09093789827 0.0
70.0 0.98468449441 0.0
16.0 23.1881081383 1.0
130.0 23.264255605 1.0
26.0 0.978231358188 0.0
89.0 23.2080273685 1.0
25.0 23.1306340049 1.0
object 76	1.0:0.5 -6.8983778597:0.5
18.0 -6.98719844566 1.0
51.0 -6.90319551511 1.0
23.0 1.00334351569 0.0
198.0 -8.69827547829 1.0
194.0 -6.48534675109 1.0
50.0 1.00468787864 0.0
48.0 0.946144368567 0.0
42.0 1.02472826626 0.0
106.0 -6.85356086851 1.0
109.0 -6.90913849999 1.0
177.0 -1.89421495114 1.0
99.0 -6.95056158938 1.0
107.0 1.03350986891 0.0
125.0 1.05798987623 0.0
111.0 -6.851705645 1.0
84.0 0.992692626177 0.0
135.0 -6.94378510087 1.0
object 77	1.0:0.5 0.198373076248:0.5
59.0 1.07887159374 0.0
87.0 0.21259785229 1.0
78.0 0.989736261892 0.0
129.0 0.967797429534 0.0
65.0 0.934828899124 0.0
68.0 0.233984177052 1.0
192.0 1.18224736516 0.0
44.0 0.95448733411 0.0
60.0 1.00347322856 0.0
166.0 -1.91141682384 1.0
128.0 1.02454881996 0.0
45.0 0.186284196767 1.0
object 78	1.0:0.5 6.4855853632:0.5
180.0 7.26867024726 1.0
192.0 -0.586801213175 0.0
130.0 1.00999808721 0.0
133.0 0.984696419283 0.0
22.0 1.06434372886 0.0
65.0 6.42793800444 1.0
131.0 0.982431483796 0.0
17.0 0.971923416702 0.0
146.0 6.46490723421 1.0
74.0 6.46279673786 1.0
135.0 0.979899896905 0.0
29.0 1.06931732345 0.0
52.0 0.967677403294 0.0
93.0 1.03189177462 0.0
121.0 0.912936453859 0.0
31.0 6.52369244344 1.0
62.0 6.55343566964 1.0
114.0 6.38803468176 1.0
object 79	1.0:0.5 5.56997973387:0.5
162.0 -3.5792493226 0.0
155.0 5.63381199483 1.0
142.0 0.95094718084 0.0
139.0 1.00974433985 0.0
36.0 1.02299983369 0.0
124.0 0.968782922376 0.0
166.0 0.238258068256 0.0
140.0 1.03236436147 0.0
39.0 5.61334043521 1.0
99.0 5.56205115717 1.0
160.0 6.84187674579 1.0
26.0 0.989126170451 0.0
78.0 0.973939241333 0.0
20.0 5.54718580389 1.0
196.0 1.52601860163 0.0
158.0 5.45018548641 1.0
56.0 1.05937587582 0.0
object 80	1.0:0.5 -0.342172126455:0.5
134.0 -0.370113478953 1.0
51.0 1.04508980723 0.0
122.0 -0.341987871751 1.0
136.0 1.01441153221 0.0
85.0 0.961868054598 0.0
30.0 1.04529553303 0.0
70.0 -0.375726671056 1.0
91.0 -0.337102400593 1.0
93.0 -0.308572154668 1.0
198.0 1.39743177959 0.0
96.0 -0.362849000247 1.0
137.0 0.988365330514 0.0
81.0 1.01855399892 0.0
39.0 -0.36581059986 1.0
object 81	1.0:0.5 6.6168458732:0.5
8.0 6.70124038067 1.0
124.0 6.65216725922 1.0
140.0 1.02193724499 0.0
119.0 6.60002220096 1.0
174.0 6.1293270001 1.0
88.0 6.64128993265 1.0
150.0 6.47921635236 1.0
78.0 1.07781800126 0.0
195.0 5.55239353187 1.0
81.0 1.02927665643 0.0
181.0 5.76365966425 1.0
121.0 1.07136309064 0.0
183.0 7.67465843928 0.0
167.0 7.12642353264 1.0
3.0 0.95052003065 0.0
46.0 1.05041284726 0.0
15.0 0.947506268698 0.0
92.0 1.02839723284 0.0
49.0 6.61603134854 1.0
102.0 1.03866924698 0.0
106.0 0.956964717926 0.0
96.0 0.976373109444 0.0
147.0 6.59325970368 1.0
62.0 1.03099660377 0.0
object 82	1.0:0.5 -5.69975847896:0.5
47.0 1.02654085818 0.0
34.0 -5.62024121432 1.0
32.0 -5.73074624103 1.0
88.0 -5.77674422527 1.0
6.0 1.00940792885 0.0
52.0 1.02960980387 0.0
112.0 0.941011666737 0.0
51.0 1.03294314027 0.0
150.0 1.04206686762 0.0
188.0 2.83998212809 0.0
97.0 1.05007902939 0.0
54.0 -5.59046819005 1.0
56.0 1.02361663704 0.0
178.0 -5.84177743996 0.0
89.0 -5.69263480184 1.0
50.0 -5.627265013 1.0
44.0 -5.71634489759 1.0
159.0 -5.78739840107 1.0
24.0 -5.66442660589 1.0
125.0 0.969671927441 0.0
155.0 0.945953779951 0.0
185.0 -2.44040356578 1.0
124.0 0.99838337417 0.0
object 83	1.0:0.5 18.4662296293:0.5
149.0 18.4717313058 1.0
33.0 18.4871949661 1.0
18.0 18.5307625953 1.0
150.0 18.5778539181 1.0
133.0 1.01334476846 0.0
98.0 18.5544545407 1.0
16.0 0.933520071278 0.0
107.0 18.5021105772 1.0
30.0 18.5125138263 1.0
144.0 18.4544920012 1.0
43.0 18.4155174556 1.0
155.0 0.956831093284 0.0
117.0 1.01844278339 0.0
110.0 18.402092253 1.0
47.0 18.3980291962 1.0
74.0 18.5164326309 1.0
68.0 18.4650996445 1.0
61.0 18.5117777093 1.0
67.0 18.4287849423 1.0
116.0 18.5046138857 1.0
194.0 1.20701635797 0.0
17.0 18.5158839336 1.0
52.0 18.4212903994 1.0
62.0 18.4373730623 1.0
81.0 0.984968073904 0.0
object 84	1.0:0.5 -5.55191771591:0.5
153.0 0.979047682755 0.0
156.0 -5.52908593238 1.0
185.0 -9.19112025698 1.0
89.0 -5.59579479941 1.0
77.0 0.989990432929 0.0
199.0 -3.16492754579 1.0
94.0 0.987908462758 0.0
129.0 -5.59298992645 1.0
31.0 0.928349544244 0.0
56.0 1.00965793838 0.0
190.0 -5.83293365444 1.0
18.0 1.06295536086 0.0
41.0 0.928386461791 0.0
112.0 -5.6592660988 1.0
53.0 0.972590368374 0.0
19.0 -5.54644226924 1.0
83.0 0.976247698893 0.0
78.0 0.953174289971 0.0
93.0 1.03822714212 0.0
115.0 -5.56759120022 1.0
192.0 -1.85679046928 0.0
178.0 -9.17919692648 1.0
object 85	1.0:0.5 -27.6464746649:0.5
16.0 1.1105385843 0.0
180.0 6.63319625324 0.0
1.0 -27.6667381443 1.0
145.0 -27.6333085057 1.0
5.0 0.995023144764 0.0
121.0 -27.6272817705 1.0
57.0 1.04252263542 0.0
193.0 -2.58295515523 0.0
46.0 -27.715034956 1.0
187.0 -1.03037094345 0.0
10.0 -27.6300431435 1.0
31.0 -27.7401205067 1.0
194.0 0.105237576021 0.0
36.0 -27.6137176083 1.0
119.0 -27.6368089772 1.0
40.0 0.994677935004 0.0
18.0 -27.6230785867 1.0
object 86	1.0:0.5 -4.89293888193:0.5
121.0 -4.93991681097 1.0
155.0 -4.91573117573 1.0
130.0 0.928047237661 0.0
133.0 -4.88344253615 1.0
43.0 0.964379231856 0.0
18.0 0.964895719229 0.0
75.0 -4.91413932474 1.0
162.0 -6.34085415588 0.0
46.0 -4.91752074676 1.0
6.0 1.09274578689 0.0
135.0 0.993425641977 0.0
147.0 -4.80831024716 1.0
157.0 -4.81802952928 1.0
32.0 1.02979036963 0.0
98.0 -4.90265259908 1.0
45.0 -4.800933718 1.0
138.0 1.02480430639 0.0
object 87	1.0:0.5 -4.01307814648:0.5
115.0 -3.9303070684 1.0
23.0 -3.98291997983 1.0
78.0 -3.92491618168 1.0
63.0 -3.93449341151 1.0
55.0 -4.04133516047 1.0
107.0 -4.06498104983 1.0
94.0 1.0210427022 0.0
144.0 -4.00664559727 1.0
139.0 -4.02381720261 1.0
146.0 -4.0298695272 1.0
1.0 1.06347108004 0.0
36.0 -4.03723445978 1.0
126.0 -4.01472176166 1.0
28.0 1.00426476552 0.0
124.0 -3.92787720967 1.0
35.0 -4.05528536433 1.0
45.0 1.0084229149 0.0
103.0 -4.02817323693 1.0
34.0 0.982322656156 0.0
165.0 -2.99594338245 1.0
167.0 -0.872247725402 1.0
111.0 1.04203154264 0.0
93.0 -3.93792200075 1.0
6.0 0.98296656968 0.0
69.0 0.899797584957 0.0
76.0 0.956022950715 0.0
153.0 0.961379986386 0.0
160.0 1.00274801724 0.0
192.0 -3.63275300141 1.0
object 88	1.0:0.5 2.06251606587:0.5
151.0 2.12063455754 1.0
126.0 1.99866367947 1.0
90.0 0.940388870278 0.0
86.0 1.0686069201 0.0
68.0 2.12653100966 1.0
52.0 0.98082207244 0.0
144.0 1.0002323147 0.0
58.0 0.969320326152 0.0
36.0 0.918637827478 0.0
65.0 2.08766684893 1.0
176.0 -2.67852696828 1.0
155.0 1.99104727258 1.0
188.0 -5.30477734993 1.0
199.0 5.65451720843 0.0
83.0 0.956601727346 0.0
180.0 -1.60012257443 1.0
127.0 0.96243078311 0.0
77.0 2.04780740035 1.0
160.0 -4.40818258893 0.0
198.0 4.66314383198 1.0
21.0 0.979289734828 0.0
146.0 0.915066715652 0.0
170.0 -0.621494622769 1.0
186.0 0.600816850387 0.0
object 89	1.0:0.5 -1.96651078704:0.5
39.0 0.980451009152 0.0
152.0 -2.00595532474 1.0
170.0 -2.88009273294 1.0
108.0 1.05286698735 0.0
181.0 2.73615071873 1.0
9.0 -1.95129077602 1.0
111.0 0.979908222439 0.0
89.0 -2.03973549328 1.0
155.0 1.04519383897 0.0
11.0 1.03308336827 0.0
103.0 0.909624477908 0.0
97.0 -2.00837246433 1.0
72.0 1.05751492141 0.0
90.0 1.05993923056 0.0
82.0 -1.98797826067 1.0
37.0 1.09009479278 0.0
99.0 0.901451302487 0.0
183.0 1.84262376645 1.0
object 90	1.0:0.5 1.70412908025:0.5
125.0 0.919977579615 0.0
31.0 1.02582650574 0.0
169.0 1.2014204321 1.0
44.0 0.943572630038 0.0
80.0 1.70909150472 1.0
79.0 1.68975534436 1.0
167.0 1.91016425204 0.0
108.0 0.971332759416 0.0
165.0 2.81476225744 1.0
43.0 1.75280041048 1.0
41.0 1.70199997247 1.0
189.0 -0.67669958178 1.0
185.0 2.78977780656 1.0
29.0 1.74153230103 1.0
188.0 -5.31806557298 0.0
171.0 -0.641705613354 1.0
186.0 -4.13776438891 0.0
object 91	1.0:0.5 16.6636208085:0.5
58.0 1.03434620005 0.0
4.0 0.978507527348 0.0
197.0 16.7953097281 1.0
7.0 0.979293590322 0.0
193.0 -0.943942991388 0.0
190.0 16.7756111679 1.0
117.0 16.7048533774 1.0
28.0 0.9205362233 0.0
105.0 16.653391069 1.0
0.0 0.937721262415 0.0
67.0 0.999023894436 0.0
189.0 21.8198184061 1.0
166.0 10.839591488 1.0
76.0 0.972577387981 0.0
159.0 0.976484091467 0.0
45.0 0.951410946706 0.0
107.0 16.5921610663 1.0
188.0 -5.9536933526 0.0
29.0 16.5857340841 1.0
70.0 16.649086354 1.0
18.0 16.686322164 1.0
145.0 1.03613097819 0.0
object 92	1.0:0.5 -8.77609741112:0.5
66.0 1.0054396712 0.0
2.0 0.997326486559 0.0
138.0 -8.8171447858 1.0
142.0 0.873200939988 0.0
194.0 0.382708443382 0.0
160.0 6.40244159122 0.0
179.0 -1.1480343735 0.0
76.0 -8.7790194528 1.0
44.0 -8.81327207356 1.0
58.0 -8.77167086489 1.0
146.0 0.919302409971 0.0
101.0 -8.75322349599 1.0
73.0 -8.81477769073 1.0
198.0 -6.83701387398 1.0
116.0 1.00956534868 0.0
147.0 0.955942649015 0.0
21.0 1.03590322968 0.0
118.0 -8.83076441838 1.0
103.0 1.02841705852 0.0
71.0 1.00830485904 0.0
106.0 0.939382478609 0.0
182.0 -8.87704761356 1.0
object 93	1.0:0.5 -9.34565253818:0.5
176.0 2.57595800561 0.0
2.0 1.07081331892 0.0
14.0 -9.27924351151 1.0
56.0 1.10676657061 0.0
66.0 1.02884334178 0.0
97.0 -9.36491982777 1.0
77.0 0.996971865369 0.0
15.0 -9.29835207326 1.0
52.0 -9.26626417836 1.0
81.0 -9.33688064794 1.0
91.0 0.967339187785 0.0
115.0 0.9639175158 0.0
131.0 0.897768399872 0.0
110.0 0.990091676073 0.0
195.0 -11.7938358306 1.0
object 94	1.0:0.5 11.7987829922:0.5
181.0 2.10088328333 0.0
49.0 0.937434316419 0.0
75.0 1.0533783894 0.0
112.0 11.7825063828 1.0
80.0 11.7588685142 1.0
158.0 11.8002860244 1.0
166.0 2.11321126187 0.0
1.0 11.7980727572 1.0
151.0 11.8452028473 1.0
142.0 11.7877734511 1.0
128.0 1.07314836081 0.0
69.0 0.906642379308 0.0
173.0 15.5359568435 1.0
93.0 11.7843434115 1.0
14.0 11.7506474066 1.0
150.0 1.04681976955 0.0
94.0 11.8080781382 1.0
115.0 0.921500938549 0.0
90.0 0.998203285924 0.0
55.0 11.7480942762 1.0
object 95	1.0:0.5 -2.90479554647:0.5
18.0 1.02429632935 0.0
55.0 -2.94341978709 1.0
152.0 1.05430152208 0.0
43.0 -2.91103606566 1.0
193.0 -6.16826329 1.0
129.0 -2.85615236122 1.0
126.0 1.0634029135 0.0
8.0 -2.91365390773 1.0
29.0 0.96047784806 0.0
147.0 -2.89938487555 1.0
128.0 1.0520358843 0.0
195.0 -4.10945780517 1.0
50.0 -2.88818457422 1.0
170.0 5.01221614051 0.0
61.0 0.959664510533 0.0
57.0 -2.96279658611 1.0
30.0 1.00158572956 0.0
object 96	1.0:0.5 1.34009213296:0.5
103.0 0.95195160652 0.0
32.0 1.00165664817 0.0
199.0 -1.32121865584 0.0
21.0 1.27191057258 1.0
124.0 1.35193422343 1.0
117.0 0.990292413519 0.0
137.0 1.36767144774 1.0
190.0 2.23457381694 1.0
182.0 7.48255583104 1.0
150.0 1.03342685231 0.0
84.0 0.994206552968 0.0
25.0 0.963477055509 0.0
81.0 1.32250351546 1.0
133.0 1.29805285144 1.0
89.0 0.968331651868 0.0
9.0 1.41453517 1.0
42.0 1.01484879127 0.0
72.0 1.38513127378 1.0
27.0 0.997030133049 0.0
object 97	1.0:0.5 -17.4891771232:0.5
21.0 -17.4962998095 1.0
98.0 1.01018026654 0.0
184.0 0.917625068149 0.0
152.0 1.10874358538 0.0
103.0 0.982511008849 0.0
169.0 3.52890973116 0.0
37.0 1.02819504415 0.0
71.0 -17.5519278421 1.0
0.0 -17.4907066169 1.0
35.0 1.07541965075 0.0
188.0 -15.006525349 1.0
28.0 0.993248975333 0.0
108.0 -17.5026004657 1.0
4.0 -17.5547103778 1.0
176.0 -20.9649451911 1.0
1.0 -17.4530544929 1.0
object 98	1.0:0.5 -6.86936379124:0.5
171.0 -6.1760059716 1.0
84.0 -6.80028339337 1.0
187.0 -8.77555305466 1.0
7.0 -6.91672142176 1.0
74.0 1.00722413463 0.0
192.0 -9.4078601262 1.0
64.0 -6.89254962338 1.0
135.0 -6.90547772229 1.0
194.0 -6.29840087318 1.0
169.0 -10.1246574402 1.0
175.0 -11.645060986 1.0
98.0 -6.82891083792 1.0
20.0 -6.87511553941 1.0
138.0 -6.87952063187 1.0
23.0 -6.95225781583 1.0
46.0 -6.90821852528 1.0
60.0 0.981915904824 0.0
179.0 0.213416413848 1.0
120.0 -6.83010648899 1.0
86.0 -6.87455212718 1.0
25.0 -6.80770474703 1.0
44.0 -6.8691699332 1.0
51.0 -6.78073815241 1.0
165.0 0.969575747569 0.0
112.0 -6.88741562503 1.0
67.0 1.01527224978 0.0
78.0 -6.85963781529 1.0
32.0 -6.8283714091 1.0
176.0 -5.16837912192 1.0
72.0 -6.90134997689 1.0
106.0 1.06555506104 0.0
61.0 1.01302543614 0.0
object 99	1.0:0.5 -15.6843941048:0.5
101.0 -15.6780807347 1.0
156.0 -15.6681358884 1.0
136.0 -15.7147872176 1.0
13.0 -15.7215043625 1.0
44.0 1.00222035882 0.0
197.0 -15.2748501091 1.0
34.0 1.00208627554 0.0
20.0 -15.6681875804 1.0
126.0 -15.7079449461 1.0
117.0 -15.6222217912 1.0
60.0 0.952693631454 0.0
87.0 0.875491860162 0.0
100.0 -15.6319745189 1.0
195.0 -7.50680148294 0.0
49.0 -15.7663281819 1.0
91.0 0.986005372055 0.0
42.0 1.09482332112 0.0
107.0 0.958429316079 0.0
152.0 1.07369673098 0.0
84.0 -15.7096516083 1.0
77.0 -15.7172682841 1.0
35.0 -15.7173129069 1.0
82.0 1.06188909693 0.0
