object 0	1.0:1.0
100.0 1.00382430442 1.0
174.0 2.45332263925 1.0
91.0 1.00242360445 1.0
5.0 0.984645436864 1.0
189.0 -2.30476246271 1.0
145.0 1.05382023613 1.0
96.0 0.984014079838 1.0
176.0 6.27174277577 1.0
123.0 0.995520300143 1.0
40.0 1.02958016454 1.0
159.0 0.950922034713 1.0
13.0 0.9898841305 1.0
15.0 0.980444501905 1.0
12.0 1.00165541155 1.0
34.0 1.03129317418 1.0
157.0 1.01149043657 1.0
108.0 1.01254652692 1.0
51.0 1.07457178671 1.0
111.0 1.00219954163 1.0
22.0 1.09047904231 1.0
42.0 1.02266852449 1.0
83.0 1.0025888452 1.0
20.0 0.975441970972 1.0
object 1	1.0:1.0
180.0 0.43617874406 1.0
16.0 0.990290161734 1.0
175.0 -0.761859295002 1.0
46.0 0.98529803859 1.0
102.0 1.03852659332 1.0
171.0 2.33703506545 1.0
117.0 0.981426005368 1.0
3.0 0.99360317344 1.0
31.0 1.03736084733 1.0
127.0 1.02556394213 1.0
121.0 1.03211170227 1.0
181.0 4.92313704348 1.0
129.0 1.04427428623 1.0
106.0 0.995599058896 1.0
174.0 -1.13531177918 1.0
196.0 -0.605267338889 1.0
193.0 -2.51514894697 1.0
object 2	1.0:1.0
7.0 0.989625086245 1.0
16.0 0.994774672634 1.0
159.0 1.00893857907 1.0
110.0 0.996023531951 1.0
171.0 1.63500008243 1.0
183.0 0.372116754378 1.0
167.0 -5.40833520652 1.0
6.0 0.992590375502 1.0
68.0 0.975571084219 1.0
116.0 0.967558249266 1.0
193.0 4.33293605888 1.0
187.0 3.60903223284 1.0
150.0 1.06640545181 1.0
126.0 0.979140153583 1.0
17.0 1.0393383626 1.0
165.0 3.05025159193 1.0
object 3	1.0:1.0
118.0 0.996572595806 1.0
115.0 1.00118985106 1.0
71.0 1.01901699863 1.0
0.0 0.997362277775 1.0
81.0 1.02522698546 1.0
108.0 0.985602632321 1.0
34.0 0.980933159074 1.0
138.0 1.02847389375 1.0
105.0 0.98183095477 1.0
31.0 0.979322777301 1.0
114.0 1.01592226996 1.0
171.0 10.5945809525 1.0
61.0 1.04491767238 1.0
121.0 0.980439103908 1.0
188.0 0.767184012964 1.0
object 4	1.0:1.0
162.0 1.10626273579 1.0
113.0 1.04140108437 1.0
125.0 0.913774361079 1.0
151.0 0.995350096114 1.0
2.0 0.968380536215 1.0
16.0 0.989663060702 1.0
72.0 1.0586150387 1.0
105.0 0.96064800459 1.0
30.0 0.994509007686 1.0
92.0 1.01339360335 1.0
82.0 1.0583892783 1.0
64.0 0.985078083996 1.0
131.0 0.9680125658 1.0
25.0 0.987786647591 1.0
44.0 0.992153370218 1.0
174.0 0.806143025795 1.0
158.0 0.962225009067 1.0
108.0 0.981162900853 1.0
144.0 0.970977221442 1.0
114.0 0.982253352931 1.0
179.0 4.28283484645 1.0
51.0 1.03568307802 1.0
41.0 0.978126093248 1.0
157.0 0.972094056193 1.0
object 5	1.0:1.0
104.0 1.00079226206 1.0
113.0 0.975265442542 1.0
101.0 1.00842514001 1.0
188.0 1.18729051048 1.0
66.0 1.01235570298 1.0
187.0 5.01352313774 1.0
59.0 1.01931171854 1.0
162.0 -5.0118324697 1.0
41.0 0.908687164756 1.0
92.0 1.01877075977 1.0
0.0 1.00785701156 1.0
142.0 0.96963879932 1.0
20.0 0.958312773529 1.0
103.0 1.00941539345 1.0
69.0 1.0087135455 1.0
object 6	1.0:1.0
90.0 0.983657142125 1.0
162.0 3.46200160321 1.0
96.0 0.981596491053 1.0
199.0 3.06435702534 1.0
6.0 1.02230452738 1.0
115.0 1.00330146095 1.0
98.0 1.00309085466 1.0
157.0 1.0103667289 1.0
186.0 0.879976299774 1.0
166.0 -0.103579557525 1.0
71.0 1.00245283874 1.0
85.0 1.07433320494 1.0
108.0 0.986104931712 1.0
43.0 0.992159677139 1.0
173.0 -0.980275060316 1.0
158.0 0.995549690056 1.0
75.0 0.915714111143 1.0
124.0 1.00417076008 1.0
134.0 1.03043333118 1.0
object 7	1.0:1.0
169.0 -3.44093526757 1.0
47.0 1.01952599803 1.0
46.0 0.990469001771 1.0
57.0 0.992236444304 1.0
193.0 -1.25015397322 1.0
142.0 0.999932134798 1.0
109.0 1.0642782778 1.0
18.0 0.982583223188 1.0
150.0 1.01672152188 1.0
188.0 0.898773257943 1.0
45.0 0.984446487803 1.0
114.0 1.01583136856 1.0
195.0 -0.0310569660028 1.0
155.0 1.00529827675 1.0
44.0 1.0161875216 1.0
131.0 1.02206609316 1.0
4.0 0.992916153988 1.0
106.0 1.00649871652 1.0
119.0 1.00453228826 1.0
69.0 0.96940735971 1.0
192.0 3.41118575024 1.0
138.0 1.00461846577 1.0
103.0 0.999082195363 1.0
object 8	1.0:1.0
136.0 0.995431748093 1.0
178.0 -1.1250291846 1.0
150.0 0.974749015194 1.0
47.0 0.944091222352 1.0
1.0 1.00029902518 1.0
116.0 1.01220429083 1.0
163.0 3.14216627881 1.0
35.0 0.98776518635 1.0
131.0 0.959068404027 1.0
83.0 0.977780985443 1.0
135.0 1.06357569344 1.0
195.0 -3.30243229611 1.0
60.0 0.978128824013 1.0
0.0 0.945985301241 1.0
32.0 1.05502255995 1.0
23.0 0.974909509623 1.0
3.0 0.99754974012 1.0
151.0 1.00904019246 1.0
39.0 1.02419059786 1.0
128.0 0.963065123795 1.0
49.0 1.03282710508 1.0
object 9	1.0:1.0
118.0 1.01524532377 1.0
91.0 0.999354344739 1.0
199.0 0.223354224012 1.0
167.0 -0.422291852397 1.0
119.0 1.00874171338 1.0
88.0 1.02552711844 1.0
92.0 0.951307684298 1.0
69.0 0.964021372679 1.0
43.0 1.00868905122 1.0
134.0 1.01735114478 1.0
165.0 -4.24918145869 1.0
85.0 1.01467575118 1.0
179.0 2.97235857582 1.0
9.0 0.998261853004 1.0
153.0 0.989540815545 1.0
object 10	1.0:1.0
129.0 0.985271049172 1.0
22.0 0.953679771513 1.0
119.0 0.946279012052 1.0
40.0 1.04347728872 1.0
18.0 1.04639639963 1.0
182.0 6.00729284786 1.0
138.0 1.09751984345 1.0
13.0 1.06474221223 1.0
197.0 1.99254971717 1.0
28.0 1.01692563908 1.0
117.0 1.02337629729 1.0
159.0 1.00418422037 1.0
39.0 1.04073133462 1.0
79.0 0.993810877471 1.0
34.0 0.997876465598 1.0
181.0 3.10878636449 1.0
165.0 3.20011484547 1.0
11.0 0.997367615781 1.0
57.0 1.02791984995 1.0
183.0 1.37015267122 1.0
44.0 1.03319105512 1.0
object 11	1.0:1.0
176.0 5.12138766785 1.0
61.0 0.951826376349 1.0
115.0 0.972207974803 1.0
50.0 0.9488728932 1.0
109.0 0.997912747626 1.0
29.0 1.01027787488 1.0
148.0 1.05018801312 1.0
10.0 0.967615914079 1.0
178.0 5.5301701871 1.0
193.0 0.341234593975 1.0
153.0 0.98633642948 1.0
169.0 2.2020447734 1.0
123.0 0.99734443581 1.0
106.0 0.989616181807 1.0
104.0 0.986440444222 1.0
36.0 0.994195972218 1.0
183.0 3.81130075863 1.0
5.0 1.02054661452 1.0
145.0 1.11100333258 1.0
158.0 0.960436095177 1.0
79.0 1.00326075731 1.0
16.0 0.984505984093 1.0
165.0 3.61615378671 1.0
1.0 1.00362110422 1.0
25.0 0.969175909398 1.0
object 12	1.0:1.0
172.0 -2.1943604433 1.0
186.0 5.3920434008 1.0
2.0 1.01313039963 1.0
146.0 0.992877150654 1.0
0.0 1.02012744372 1.0
199.0 5.78150150552 1.0
80.0 1.00229295675 1.0
117.0 1.02073508773 1.0
101.0 1.01434284679 1.0
object 13	1.0:1.0
131.0 0.991587397395 1.0
117.0 0.967238015657 1.0
129.0 1.01365182261 1.0
81.0 1.00238674164 1.0
141.0 0.977382020111 1.0
80.0 0.995729487675 1.0
137.0 0.988250966176 1.0
155.0 1.0113463514 1.0
95.0 1.0295866062 1.0
162.0 2.2223251131 1.0
68.0 1.01737583747 1.0
160.0 2.81563033248 1.0
189.0 -3.07148616837 1.0
64.0 0.99877894643 1.0
109.0 0.995181373584 1.0
147.0 0.99319848203 1.0
object 14	1.0:1.0
54.0 1.0539690384 1.0
7.0 0.986423260461 1.0
138.0 0.987130966004 1.0
67.0 1.02296478747 1.0
92.0 0.961638336648 1.0
59.0 1.03966089842 1.0
193.0 2.01107069429 1.0
164.0 -4.51649192226 1.0
51.0 0.954815630597 1.0
116.0 0.91926312233 1.0
153.0 1.0074642936 1.0
173.0 2.00090951372 1.0
162.0 -7.26833107665 1.0
150.0 1.01649548607 1.0
108.0 0.982798796843 1.0
90.0 0.961491177415 1.0
35.0 0.968951450357 1.0
177.0 1.4413058456 1.0
36.0 1.0319939544 1.0
176.0 0.897052455827 1.0
83.0 0.987011510296 1.0
192.0 -1.6258569802 1.0
8.0 1.02419292639 1.0
object 15	1.0:1.0
20.0 1.0079419676 1.0
35.0 0.966940243843 1.0
16.0 1.01922703428 1.0
107.0 1.05053320821 1.0
163.0 -0.433067256139 1.0
19.0 0.993199672855 1.0
147.0 0.991330227304 1.0
29.0 1.0565587417 1.0
195.0 -1.45477054848 1.0
34.0 1.05324862751 1.0
40.0 1.12994816505 1.0
15.0 0.975672911422 1.0
124.0 0.967653563209 1.0
111.0 1.00027609504 1.0
106.0 0.962155583864 1.0
26.0 1.00441552321 1.0
97.0 0.944322920339 1.0
49.0 0.999782779232 1.0
153.0 0.995206625995 1.0
object 16	1.0:1.0
145.0 1.00509073573 1.0
13.0 0.990102401882 1.0
176.0 3.21355481348 1.0
173.0 -6.68934345426 1.0
134.0 0.998696873087 1.0
171.0 -6.59363983907 1.0
82.0 0.988739052121 1.0
146.0 0.90530137237 1.0
30.0 1.02049549496 1.0
102.0 1.01235061705 1.0
7.0 0.992991066112 1.0
183.0 -6.67053142462 1.0
194.0 -0.146902291736 1.0
175.0 5.80134981368 1.0
95.0 1.00316672949 1.0
195.0 0.192579838589 1.0
196.0 2.75305191347 1.0
151.0 0.999056423549 1.0
36.0 0.979979211154 1.0
57.0 1.07883055523 1.0
84.0 0.968737178886 1.0
180.0 1.51667256969 1.0
2.0 0.995846322461 1.0
object 17	1.0:1.0
187.0 0.292806168267 1.0
103.0 1.01033206136 1.0
46.0 1.00628680619 1.0
122.0 0.998802878156 1.0
114.0 0.99014626022 1.0
27.0 0.967035224365 1.0
70.0 0.955675869255 1.0
6.0 1.01468621614 1.0
80.0 1.05064642516 1.0
14.0 0.999890470235 1.0
184.0 1.88530816889 1.0
7.0 1.00782530657 1.0
33.0 1.00420072528 1.0
54.0 1.02031755518 1.0
19.0 1.00041825448 1.0
120.0 0.945399424374 1.0
186.0 5.35821121343 1.0
166.0 2.64909332643 1.0
115.0 0.990730600798 1.0
object 18	1.0:1.0
190.0 -5.23245588976 1.0
17.0 0.979657382259 1.0
127.0 0.988158463954 1.0
37.0 1.02679502548 1.0
55.0 1.02337218281 1.0
172.0 -4.36436804573 1.0
13.0 1.0332233016 1.0
126.0 1.02398483374 1.0
110.0 1.00305354735 1.0
63.0 0.982759846577 1.0
166.0 1.53215880031 1.0
11.0 1.0055070055 1.0
154.0 1.00584422552 1.0
151.0 0.939597890793 1.0
107.0 0.98850533063 1.0
138.0 0.997601935191 1.0
29.0 1.00186973208 1.0
196.0 1.02471023989 1.0
130.0 1.0164461437 1.0
49.0 0.991310961005 1.0
object 19	1.0:1.0
162.0 -4.33581452514 1.0
19.0 0.977042630932 1.0
148.0 1.00327650027 1.0
113.0 0.953630731896 1.0
142.0 0.993515929871 1.0
9.0 0.991395575619 1.0
110.0 0.980887623562 1.0
139.0 1.00681696245 1.0
40.0 0.963486217222 1.0
146.0 0.927032929309 1.0
174.0 1.21890272977 1.0
99.0 0.978369332777 1.0
38.0 0.982580407903 1.0
131.0 0.999210991436 1.0
127.0 1.00517312528 1.0
102.0 1.00848103669 1.0
175.0 1.62469386712 1.0
object 20	1.0:1.0
60.0 0.958281952826 1.0
164.0 -0.542737866972 1.0
126.0 0.985074539188 1.0
173.0 -3.66902463848 1.0
171.0 -0.733908060184 1.0
177.0 1.13360213486 1.0
1.0 1.01263799964 1.0
22.0 1.00814799631 1.0
136.0 0.973307606542 1.0
89.0 0.993235468627 1.0
157.0 1.01157880786 1.0
199.0 2.46543120429 1.0
2.0 1.01016459417 1.0
19.0 1.00762657201 1.0
8.0 1.01903434626 1.0
196.0 -1.19499754487 1.0
object 21	1.0:1.0
50.0 1.03574905237 1.0
99.0 1.0011981235 1.0
172.0 -7.77312205367 1.0
145.0 0.962102539818 1.0
156.0 1.01357496743 1.0
189.0 2.81353927674 1.0
157.0 0.969507193063 1.0
42.0 0.924662100901 1.0
144.0 0.947545672102 1.0
174.0 -0.589595445544 1.0
71.0 0.982517785799 1.0
185.0 -4.28776357114 1.0
23.0 1.05162832184 1.0
70.0 1.01670734318 1.0
193.0 2.29194610337 1.0
198.0 0.327009986825 1.0
object 22	1.0:1.0
44.0 1.02212613631 1.0
7.0 1.01086002338 1.0
25.0 1.01786941407 1.0
45.0 0.999455116582 1.0
41.0 0.977913178176 1.0
35.0 0.985294751403 1.0
164.0 1.2450005634 1.0
178.0 1.70044159018 1.0
62.0 1.01435596661 1.0
115.0 0.950730357533 1.0
73.0 1.006875945 1.0
193.0 0.213927733358 1.0
151.0 0.990568489652 1.0
104.0 0.997804412902 1.0
103.0 1.03568441918 1.0
59.0 1.03685802069 1.0
52.0 1.02566314534 1.0
21.0 1.00125111022 1.0
74.0 0.978351149762 1.0
object 23	1.0:1.0
104.0 1.01043978171 1.0
65.0 0.98895156081 1.0
45.0 1.01621745132 1.0
19.0 0.983198758726 1.0
50.0 0.994470909414 1.0
179.0 -1.72679713707 1.0
27.0 0.984193558824 1.0
107.0 0.993953863164 1.0
116.0 0.983043226426 1.0
183.0 3.29821215737 1.0
28.0 0.987428098219 1.0
111.0 1.00938224363 1.0
39.0 1.00114816574 1.0
157.0 1.00918985992 1.0
54.0 0.98152871296 1.0
196.0 0.11559514134 1.0
38.0 1.01132831036 1.0
118.0 1.01043323857 1.0
object 24	1.0:1.0
69.0 0.959353695073 1.0
167.0 -2.76444585883 1.0
75.0 0.971153699615 1.0
133.0 0.957951724228 1.0
189.0 2.07940490823 1.0
98.0 0.963549073332 1.0
14.0 1.00897920144 1.0
97.0 0.936695804687 1.0
33.0 0.984640385987 1.0
12.0 1.01472098675 1.0
94.0 1.07713391596 1.0
85.0 0.929848229666 1.0
181.0 -0.989769839656 1.0
145.0 1.06197057785 1.0
141.0 0.949215792688 1.0
57.0 1.00433443676 1.0
87.0 1.03650344577 1.0
65.0 0.996075537172 1.0
115.0 0.97167491747 1.0
47.0 0.971634883098 1.0
147.0 1.0082795618 1.0
1.0 1.01621523514 1.0
59.0 1.03665964687 1.0
112.0 0.987276872231 1.0
110.0 1.01844422865 1.0
149.0 1.02540616884 1.0
126.0 1.0085678761 1.0
148.0 0.94176674393 1.0
176.0 -0.220895015056 1.0
153.0 1.00860892779 1.0
60.0 0.995278588844 1.0
object 25	1.0:1.0
120.0 1.10668127631 1.0
91.0 0.973997598351 1.0
185.0 -1.14503702426 1.0
3.0 1.03276182954 1.0
172.0 1.26706203904 1.0
35.0 0.962766090303 1.0
9.0 0.987911312101 1.0
59.0 1.00438657259 1.0
60.0 0.988461397445 1.0
8.0 0.989813665994 1.0
161.0 -1.83638657383 1.0
188.0 2.30686870419 1.0
object 26	1.0:1.0
83.0 0.997542315828 1.0
156.0 1.00331213274 1.0
69.0 0.975510238057 1.0
20.0 0.99373545499 1.0
87.0 1.07767744916 1.0
119.0 1.01672455762 1.0
93.0 0.96375065123 1.0
122.0 1.02185848808 1.0
177.0 -0.262749856484 1.0
149.0 1.07083703362 1.0
123.0 1.01070861654 1.0
159.0 0.95825881558 1.0
77.0 0.979440297028 1.0
190.0 2.60939203685 1.0
57.0 1.0103204808 1.0
79.0 1.00137438093 1.0
object 27	1.0:1.0
142.0 1.00690492308 1.0
12.0 0.992226748934 1.0
62.0 1.01592157136 1.0
117.0 0.949800812442 1.0
59.0 1.05181861451 1.0
30.0 0.964992292909 1.0
42.0 1.02025671386 1.0
180.0 -1.0515346557 1.0
31.0 1.02897604869 1.0
67.0 0.947725239333 1.0
object 28	1.0:1.0
54.0 1.02963857276 1.0
8.0 0.955561312034 1.0
49.0 1.00643474843 1.0
117.0 1.02419107628 1.0
44.0 0.98347652906 1.0
32.0 0.97671083225 1.0
144.0 0.984562904318 1.0
72.0 1.02021525814 1.0
79.0 1.01040229207 1.0
100.0 1.04581526095 1.0
26.0 0.982802418628 1.0
25.0 1.01441307946 1.0
177.0 0.619539231412 1.0
181.0 1.70188163684 1.0
object 29	1.0:1.0
31.0 1.03834639006 1.0
184.0 -0.901071437305 1.0
178.0 3.25324539949 1.0
169.0 1.38892726173 1.0
78.0 0.972534229362 1.0
69.0 1.02196180706 1.0
64.0 0.996484776835 1.0
136.0 0.99388040777 1.0
48.0 0.986096303312 1.0
119.0 1.02124191956 1.0
172.0 6.41351233922 1.0
187.0 -0.902616220243 1.0
188.0 0.426197382248 1.0
45.0 1.01086372934 1.0
108.0 0.988453181184 1.0
174.0 2.67619303866 1.0
191.0 0.146283798257 1.0
4.0 0.987123182502 1.0
13.0 1.05130308092 1.0
11.0 0.995733701388 1.0
133.0 0.993701594294 1.0
object 30	1.0:1.0
130.0 1.05986450665 1.0
33.0 1.00736542174 1.0
155.0 1.00550763727 1.0
146.0 0.970425444956 1.0
4.0 1.03066587341 1.0
46.0 0.99071339993 1.0
162.0 1.40986079536 1.0
140.0 0.924006273128 1.0
72.0 0.958255905949 1.0
44.0 1.0862258305 1.0
19.0 1.02011628795 1.0
190.0 1.28601151159 1.0
31.0 0.949373407336 1.0
63.0 0.982845351754 1.0
129.0 1.00292598665 1.0
68.0 1.06173336393 1.0
154.0 0.974576919436 1.0
69.0 0.970796050248 1.0
object 31	1.0:1.0
169.0 0.443948925227 1.0
76.0 1.01397393017 1.0
62.0 1.02903423032 1.0
31.0 0.969817785949 1.0
66.0 1.01970970792 1.0
34.0 0.96947765369 1.0
130.0 1.00237250888 1.0
152.0 0.898910447902 1.0
98.0 0.997232432198 1.0
113.0 0.967432347583 1.0
170.0 1.93114676355 1.0
174.0 1.83266487518 1.0
24.0 1.02078867939 1.0
182.0 0.303838530961 1.0
131.0 0.994744628422 1.0
object 32	1.0:1.0
177.0 1.03852687992 1.0
196.0 0.66771401779 1.0
34.0 1.03271438622 1.0
145.0 1.00306531974 1.0
65.0 0.987642740017 1.0
73.0 1.06055213699 1.0
35.0 1.01969027532 1.0
71.0 0.953501998957 1.0
5.0 0.988198777857 1.0
110.0 0.985498770952 1.0
124.0 1.0099909035 1.0
49.0 0.979943826443 1.0
28.0 0.993728927069 1.0
155.0 1.01130611057 1.0
117.0 0.997771865374 1.0
135.0 1.00831101361 1.0
157.0 0.977897536182 1.0
104.0 0.997563217864 1.0
6.0 1.01236774591 1.0
187.0 -1.46457874953 1.0
174.0 2.6065940711 1.0
188.0 1.7248794144 1.0
97.0 1.04032671339 1.0
119.0 1.01903475527 1.0
object 33	1.0:1.0
183.0 11.9747755857 1.0
8.0 0.97709850143 1.0
16.0 1.0042451017 1.0
193.0 -2.18024531416 1.0
2.0 1.00008174618 1.0
68.0 0.964012950634 1.0
89.0 1.0033160832 1.0
166.0 1.10150160382 1.0
36.0 0.996295588032 1.0
0.0 1.0008087964 1.0
142.0 0.922997791169 1.0
84.0 1.07444570367 1.0
156.0 1.01391404231 1.0
137.0 0.955428589967 1.0
3.0 0.914405371228 1.0
46.0 0.991129732396 1.0
27.0 0.989073718232 1.0
21.0 1.00001169818 1.0
object 34	1.0:1.0
169.0 -2.5355115146 1.0
22.0 0.993832058391 1.0
57.0 0.968414516945 1.0
25.0 1.05298258911 1.0
46.0 0.992873139932 1.0
129.0 0.975305212916 1.0
130.0 1.08154006618 1.0
4.0 0.999931631087 1.0
69.0 1.03738546031 1.0
181.0 2.62296345475 1.0
82.0 1.0173711973 1.0
138.0 1.06357201906 1.0
86.0 1.00751387579 1.0
126.0 1.00324463591 1.0
71.0 0.96976361016 1.0
92.0 1.01753562153 1.0
106.0 1.00337624203 1.0
42.0 1.08279249538 1.0
147.0 1.0080565916 1.0
64.0 0.982253347637 1.0
62.0 0.992829003281 1.0
99.0 0.993804893203 1.0
object 35	1.0:1.0
34.0 0.994477931632 1.0
165.0 -1.83623069084 1.0
42.0 1.05619374388 1.0
155.0 1.00130539614 1.0
114.0 0.988259951898 1.0
5.0 1.03908330383 1.0
62.0 1.01050900954 1.0
32.0 0.966986167667 1.0
167.0 -4.41795670931 1.0
70.0 1.03944034626 1.0
58.0 1.0075548708 1.0
117.0 0.993751857307 1.0
71.0 1.01627756175 1.0
157.0 1.01786387556 1.0
147.0 1.0237554909 1.0
136.0 0.905295600167 1.0
111.0 0.996773371892 1.0
1.0 1.03570234892 1.0
176.0 -5.40223311794 1.0
138.0 0.98302231706 1.0
158.0 0.994221557201 1.0
95.0 0.996875307302 1.0
object 36	1.0:1.0
153.0 1.01785442538 1.0
87.0 1.01786153164 1.0
136.0 1.032023644 1.0
78.0 1.07762388375 1.0
162.0 1.94440694039 1.0
75.0 1.00316479571 1.0
57.0 1.02518817996 1.0
120.0 0.954015333665 1.0
68.0 1.05791778301 1.0
151.0 0.989142087799 1.0
52.0 1.05159818347 1.0
36.0 0.997690018978 1.0
43.0 0.962687500666 1.0
173.0 -1.35889631135 1.0
61.0 0.982395313993 1.0
127.0 1.00581158486 1.0
197.0 2.73439686193 1.0
35.0 1.02419298651 1.0
116.0 1.03354244386 1.0
30.0 1.01967924528 1.0
109.0 0.973854931711 1.0
168.0 -0.0525355283904 1.0
161.0 -0.838241472541 1.0
4.0 0.983706895852 1.0
100.0 1.01423499089 1.0
object 37	1.0:1.0
105.0 0.988508214993 1.0
183.0 5.93475844981 1.0
156.0 0.999225053051 1.0
141.0 0.942449821895 1.0
9.0 0.989963938613 1.0
30.0 1.04627690897 1.0
118.0 0.991013276927 1.0
15.0 1.03645006789 1.0
184.0 1.02954260344 1.0
127.0 1.00430434081 1.0
2.0 0.964485831952 1.0
48.0 0.996626725675 1.0
113.0 0.996046905503 1.0
186.0 3.83055850053 1.0
131.0 0.982639854399 1.0
39.0 0.981147317635 1.0
27.0 0.935275614707 1.0
194.0 3.20755428875 1.0
14.0 0.990278291755 1.0
163.0 -0.129593628212 1.0
object 38	1.0:1.0
23.0 0.994275188667 1.0
81.0 1.0394432946 1.0
103.0 0.998036130011 1.0
116.0 0.924382365972 1.0
6.0 1.03820476869 1.0
128.0 0.966519475997 1.0
108.0 1.02503675393 1.0
196.0 -0.67465196286 1.0
171.0 0.0421309686423 1.0
183.0 0.333716375919 1.0
77.0 1.05774308964 1.0
153.0 1.00217144239 1.0
25.0 1.00117412079 1.0
74.0 0.999454421766 1.0
object 39	1.0:1.0
193.0 0.64276166131 1.0
83.0 1.00772673715 1.0
188.0 1.46245067819 1.0
171.0 7.8260420912 1.0
12.0 1.02667036186 1.0
96.0 1.01119804859 1.0
45.0 0.993519171685 1.0
75.0 1.10759374158 1.0
119.0 0.985547605623 1.0
8.0 1.02119310912 1.0
59.0 1.01182474543 1.0
54.0 0.960432767062 1.0
82.0 1.01340052277 1.0
70.0 0.997973356676 1.0
14.0 1.02711361029 1.0
173.0 2.34059558795 1.0
object 40	1.0:1.0
70.0 1.03164479877 1.0
46.0 0.991093567005 1.0
133.0 1.00619471581 1.0
98.0 0.997673264525 1.0
45.0 0.992407318411 1.0
39.0 1.0036136702 1.0
183.0 6.51672820095 1.0
181.0 4.40765317624 1.0
72.0 0.955747202359 1.0
34.0 1.07688680554 1.0
145.0 0.953950593855 1.0
153.0 0.984898669187 1.0
27.0 0.989366425222 1.0
19.0 1.02328803121 1.0
52.0 1.05967043915 1.0
38.0 0.990714868395 1.0
191.0 9.70613175735 1.0
124.0 1.01630223215 1.0
86.0 1.00009871122 1.0
12.0 1.0172460762 1.0
object 41	1.0:1.0
185.0 0.492632535436 1.0
186.0 4.52350271081 1.0
34.0 0.996889487122 1.0
46.0 0.992848573569 1.0
114.0 1.03410487914 1.0
132.0 0.968814107347 1.0
95.0 1.02238888619 1.0
43.0 0.950673647626 1.0
137.0 1.00914874522 1.0
56.0 0.98798125581 1.0
87.0 1.03382594806 1.0
124.0 1.00923956622 1.0
74.0 1.00319798323 1.0
85.0 1.03463829995 1.0
81.0 1.01439260368 1.0
37.0 1.00188914743 1.0
47.0 1.0596627768 1.0
70.0 1.05989827516 1.0
9.0 1.005241509 1.0
object 42	1.0:1.0
72.0 1.06099758474 1.0
118.0 0.981963993144 1.0
179.0 3.6511536631 1.0
20.0 1.01573081629 1.0
154.0 0.989583806816 1.0
79.0 0.998594778616 1.0
135.0 0.975974257623 1.0
197.0 0.521731338949 1.0
49.0 1.00979665804 1.0
67.0 1.01872439702 1.0
166.0 0.20217731148 1.0
33.0 0.968672729895 1.0
188.0 1.54644754115 1.0
109.0 1.01434244198 1.0
14.0 1.0113708173 1.0
129.0 1.00517939879 1.0
82.0 1.02001268478 1.0
12.0 1.01517349459 1.0
19.0 1.02524113895 1.0
48.0 1.01855684144 1.0
object 43	1.0:1.0
118.0 1.01675368655 1.0
112.0 0.99405800118 1.0
64.0 0.990069642545 1.0
40.0 1.05206293972 1.0
19.0 0.98783518046 1.0
98.0 1.07656175077 1.0
124.0 1.00800891812 1.0
86.0 1.00035564449 1.0
33.0 0.997823793718 1.0
78.0 1.00927866158 1.0
114.0 0.969637732171 1.0
1.0 0.989814114 1.0
27.0 1.00204081859 1.0
101.0 0.985421548098 1.0
23.0 0.962120239309 1.0
65.0 0.998670019465 1.0
82.0 1.03803372507 1.0
161.0 2.11099203187 1.0
141.0 1.00445477741 1.0
93.0 0.950307628114 1.0
37.0 1.00828295849 1.0
74.0 0.938372174909 1.0
59.0 0.997363239542 1.0
182.0 5.20863525231 1.0
object 44	1.0:1.0
91.0 0.975669879094 1.0
10.0 0.997973903243 1.0
43.0 0.998401610825 1.0
167.0 -0.696053363283 1.0
41.0 1.00491191455 1.0
78.0 1.01992044326 1.0
3.0 0.975713254971 1.0
58.0 1.03764150184 1.0
138.0 1.00606694441 1.0
139.0 1.0060377802 1.0
82.0 1.00852092566 1.0
111.0 1.00562499195 1.0
155.0 1.00624783908 1.0
161.0 -3.21111437218 1.0
70.0 1.05634844602 1.0
181.0 9.545298628 1.0
177.0 0.199537449898 1.0
101.0 0.979005748375 1.0
66.0 0.983299420451 1.0
object 45	1.0:1.0
107.0 1.00650094908 1.0
138.0 1.02784398044 1.0
152.0 1.01829959828 1.0
128.0 1.0554295024 1.0
172.0 3.96359992882 1.0
94.0 1.03810766151 1.0
31.0 0.987610412193 1.0
25.0 0.983640375357 1.0
9.0 0.976030155453 1.0
23.0 1.07524555282 1.0
90.0 1.02595532575 1.0
115.0 1.02116543007 1.0
123.0 1.01874099176 1.0
179.0 4.92152055267 1.0
43.0 0.97940560017 1.0
130.0 0.988256767625 1.0
100.0 1.01127274153 1.0
28.0 0.947126346872 1.0
13.0 0.999981921159 1.0
object 46	1.0:1.0
55.0 1.00007754915 1.0
30.0 0.930296830834 1.0
191.0 -0.797639822498 1.0
195.0 -0.188448016457 1.0
43.0 0.933372144424 1.0
86.0 0.994809730907 1.0
194.0 1.37231483908 1.0
153.0 1.00199655543 1.0
24.0 0.947317373486 1.0
171.0 0.043161349312 1.0
88.0 1.01221378372 1.0
19.0 0.999643615361 1.0
3.0 1.00385326181 1.0
73.0 0.92007213801 1.0
50.0 0.982405169839 1.0
34.0 0.979596608947 1.0
35.0 0.986678562045 1.0
160.0 2.06119413552 1.0
36.0 1.00773633216 1.0
23.0 1.06560837977 1.0
object 47	1.0:1.0
112.0 0.998330049147 1.0
22.0 0.984184055175 1.0
174.0 0.680362394683 1.0
161.0 -2.66968634903 1.0
123.0 1.01119847989 1.0
107.0 0.96437032313 1.0
67.0 1.02037647994 1.0
140.0 0.964978322519 1.0
186.0 -1.43265400301 1.0
197.0 0.825455508021 1.0
157.0 1.01000758433 1.0
101.0 0.993651042917 1.0
138.0 1.0065644846 1.0
163.0 2.81978479562 1.0
object 48	1.0:1.0
108.0 1.04207912659 1.0
80.0 0.988862250488 1.0
15.0 1.00396638739 1.0
42.0 0.964386124848 1.0
86.0 1.0073375322 1.0
170.0 1.12031887658 1.0
20.0 1.03728683834 1.0
9.0 0.996900949345 1.0
178.0 4.39962092776 1.0
146.0 1.00003657102 1.0
39.0 0.996063920173 1.0
153.0 1.01511585029 1.0
22.0 1.00985682976 1.0
101.0 1.00917682598 1.0
19.0 1.01171836187 1.0
6.0 0.957284068775 1.0
54.0 1.02212120365 1.0
181.0 7.98563659418 1.0
131.0 0.99211901592 1.0
119.0 1.03291861709 1.0
96.0 0.960306468763 1.0
97.0 0.928540371505 1.0
155.0 0.992575272921 1.0
151.0 0.984006255794 1.0
object 49	1.0:1.0
108.0 0.979189265958 1.0
27.0 0.992683213034 1.0
152.0 0.93252099304 1.0
74.0 0.951390832013 1.0
22.0 1.07263372213 1.0
166.0 3.25651802995 1.0
65.0 0.999891721478 1.0
0.0 0.980519617706 1.0
171.0 -0.408080236344 1.0
162.0 -0.0720555254271 1.0
81.0 1.00682237563 1.0
26.0 0.980372441348 1.0
55.0 1.03705062415 1.0
189.0 -4.75182739449 1.0
46.0 1.00171978601 1.0
61.0 1.02134558224 1.0
196.0 -0.800522347298 1.0
118.0 0.984656910522 1.0
57.0 0.906700411861 1.0
object 50	1.0:0.5 9.62768139671:0.5
165.0 2.10527057409 0.0
13.0 9.63990127139 1.0
17.0 0.943885676023 0.0
11.0 1.1133800217 0.0
106.0 0.972659969402 0.0
64.0 9.58250148081 1.0
94.0 1.00631439609 0.0
32.0 0.897495233708 0.0
71.0 9.63189178462 1.0
10.0 9.61198400265 1.0
171.0 -0.268367400311 0.0
117.0 9.60674939432 1.0
65.0 1.03523073926 0.0
134.0 0.992160159862 0.0
178.0 11.3222175826 1.0
126.0 9.73133365769 1.0
149.0 0.924443482216 0.0
198.0 -0.819180705735 0.0
113.0 0.922240107405 0.0
68.0 9.70311839439 1.0
176.0 10.8580045055 1.0
24.0 1.00399672283 0.0
object 51	1.0:0.5 -13.7109230196:0.5
135.0 -13.7191173742 1.0
73.0 1.00499163866 0.0
21.0 1.04754529404 0.0
37.0 -13.721763557 1.0
170.0 -16.6109503174 1.0
46.0 1.02847548355 0.0
41.0 -13.6932617991 1.0
23.0 -13.6897462232 1.0
24.0 1.04764132816 0.0
196.0 -0.731410921361 0.0
75.0 -13.716860699 1.0
4.0 -13.7631946162 1.0
106.0 -13.7185979851 1.0
57.0 -13.775681588 1.0
2.0 1.02681668355 0.0
145.0 0.961814587949 0.0
51.0 0.96715821118 0.0
6.0 -13.7444938176 1.0
188.0 -18.9651163858 1.0
120.0 -13.7296626357 1.0
136.0 -13.7475841962 1.0
156.0 -13.7495051756 1.0
28.0 0.964604525326 0.0
193.0 -14.4867247369 1.0
object 52	1.0:0.5 -13.5613604097:0.5
46.0 1.00385658204 0.0
95.0 1.05232811858 0.0
98.0 -13.6092004464 1.0
37.0 -13.5440173163 1.0
149.0 1.06617522723 0.0
187.0 0.70453402702 0.0
120.0 -13.631962211 1.0
106.0 -13.5546118121 1.0
143.0 0.989953223803 0.0
73.0 -13.5829954422 1.0
93.0 1.01033831874 0.0
35.0 1.04280236806 0.0
33.0 -13.6088808705 1.0
123.0 -13.5371926798 1.0
165.0 -12.5858149366 1.0
158.0 0.92543224069 0.0
96.0 0.917012947577 0.0
object 53	1.0:0.5 6.12727483421:0.5
23.0 1.0245430512 0.0
176.0 6.45119406513 1.0
45.0 1.03819005931 0.0
174.0 7.26341546035 1.0
11.0 0.988423361538 0.0
59.0 6.19561061891 1.0
47.0 6.14467605795 1.0
145.0 1.11949323705 0.0
51.0 1.00894984354 0.0
173.0 9.2851615096 0.0
98.0 6.12153158999 1.0
28.0 6.1271925276 1.0
34.0 0.949871916354 0.0
78.0 1.01508620901 0.0
87.0 1.02060135916 0.0
191.0 0.255749995753 0.0
25.0 1.02868130174 0.0
128.0 1.00300559336 0.0
142.0 6.22761419934 1.0
159.0 0.961333403848 0.0
object 54	1.0:0.5 -15.0782357085:0.5
9.0 -15.0290195113 1.0
158.0 -15.084505358 1.0
51.0 0.932107024858 0.0
45.0 -15.0810973807 1.0
106.0 -15.1208443547 1.0
26.0 -15.1676513419 1.0
7.0 0.906221577861 0.0
61.0 -15.1623646033 1.0
3.0 -15.0813918612 1.0
138.0 0.985302049323 0.0
40.0 -15.0662801637 1.0
42.0 0.99138476207 0.0
185.0 4.06618948475 0.0
64.0 1.0692675886 0.0
55.0 1.01453778283 0.0
0.0 -15.0465400923 1.0
22.0 -15.1073216188 1.0
180.0 -12.3964795413 1.0
object 55	1.0:0.5 -5.76194486217:0.5
38.0 -5.76865026483 1.0
182.0 -0.655652157308 0.0
14.0 -5.77047143147 1.0
140.0 0.978848049166 0.0
110.0 1.05611744925 0.0
174.0 0.574473612693 0.0
180.0 -8.97365038308 1.0
117.0 0.995853884221 0.0
43.0 0.97492933863 0.0
124.0 -5.78878658679 1.0
45.0 -5.79545203439 1.0
173.0 -9.84986469392 1.0
118.0 1.02068191365 0.0
144.0 0.940230478984 0.0
39.0 0.965782559837 0.0
64.0 -5.69065952977 1.0
155.0 -5.73024324256 1.0
115.0 -5.72769003992 1.0
163.0 -1.57396002781 1.0
93.0 1.01282327238 0.0
8.0 0.972958937675 0.0
186.0 -1.7991192355 0.0
137.0 1.0923781766 0.0
42.0 -5.74307008496 1.0
13.0 0.983826886111 0.0
139.0 -5.79670472957 1.0
189.0 -8.54100567073 1.0
81.0 -5.81469925076 1.0
95.0 0.925163942431 0.0
120.0 0.933059482937 0.0
26.0 -5.84492016947 1.0
154.0 -5.79885771667 1.0
134.0 -5.7038940278 1.0
92.0 -5.74443419714 1.0
102.0 -5.83938067558 1.0
126.0 0.944756538918 0.0
object 56	1.0:0.5 11.8629152027:0.5
38.0 11.8520489273 1.0
45.0 11.8964141408 1.0
56.0 0.937830312596 0.0
108.0 1.00490674085 0.0
44.0 11.9159639921 1.0
192.0 0.829425973807 0.0
12.0 11.8519492523 1.0
15.0 11.7957013008 1.0
167.0 9.84157940548 1.0
121.0 11.8333818955 1.0
3.0 11.8856423041 1.0
124.0 1.00657868559 0.0
87.0 1.04189258044 0.0
73.0 1.01365237383 0.0
118.0 0.974437346686 0.0
object 57	1.0:0.5 2.37399455835:0.5
52.0 2.42040103093 1.0
148.0 2.35059767475 1.0
18.0 2.38305350519 1.0
184.0 -1.64646040947 0.0
97.0 2.39779037857 1.0
185.0 -2.35569725798 1.0
176.0 0.609895783336 1.0
31.0 1.05409035746 0.0
158.0 2.3463134765 1.0
175.0 4.17981311349 1.0
63.0 0.984416947775 0.0
192.0 2.23096794472 0.0
150.0 1.00451557864 0.0
157.0 2.37067470536 1.0
88.0 2.30112327487 1.0
170.0 -1.4673794524 0.0
124.0 2.36547101905 1.0
164.0 -2.25253101778 0.0
6.0 1.06473887644 0.0
object 58	1.0:0.5 4.91552757648:0.5
157.0 4.93907003034 1.0
1.0 1.03809407951 0.0
192.0 0.292077775307 0.0
71.0 4.93808693609 1.0
23.0 4.91522052634 1.0
187.0 5.13265950917 1.0
120.0 0.975604092577 0.0
81.0 1.07720820725 0.0
183.0 7.78097647542 1.0
47.0 4.93627123379 1.0
18.0 0.973220435247 0.0
27.0 1.07608524067 0.0
168.0 -4.45277786139 0.0
101.0 1.0493232324 0.0
185.0 2.28489914613 1.0
64.0 0.97947668907 0.0
88.0 4.92004596371 1.0
17.0 0.962483279997 0.0
object 59	1.0:0.5 12.958508024:0.5
31.0 12.9458175731 1.0
119.0 12.9319853289 1.0
38.0 12.947508252 1.0
175.0 -3.85480484693 0.0
28.0 0.97630401748 0.0
169.0 -0.142059104919 0.0
89.0 12.9657934616 1.0
63.0 12.9693792933 1.0
160.0 13.1259111727 1.0
97.0 0.947452651793 0.0
111.0 1.07326978471 0.0
84.0 1.0731128978 0.0
145.0 1.00450476035 0.0
167.0 13.1274567792 1.0
171.0 5.58655446459 1.0
56.0 12.8967362712 1.0
137.0 12.9575779709 1.0
object 60	1.0:0.5 9.74392795868:0.5
166.0 9.35535780485 1.0
55.0 1.1078430606 0.0
154.0 9.75061856879 1.0
31.0 1.10186733111 0.0
107.0 0.952108603104 0.0
42.0 9.79947002477 1.0
112.0 0.914567927885 0.0
15.0 9.70634997344 1.0
11.0 9.74265757961 1.0
128.0 0.962217433545 0.0
121.0 9.84201947682 1.0
4.0 0.942544015519 0.0
28.0 9.7817203182 1.0
76.0 9.70033578047 1.0
117.0 9.80892237132 1.0
2.0 1.06635581893 0.0
195.0 4.93054662333 1.0
182.0 11.236129946 1.0
17.0 9.81223567564 1.0
object 61	1.0:0.5 1.63077736449:0.5
66.0 1.63065349872 1.0
142.0 0.97705865573 0.0
42.0 1.07168466517 0.0
85.0 1.04266173759 0.0
156.0 1.5793705751 1.0
15.0 0.926971181875 0.0
138.0 0.94911249964 0.0
190.0 0.838502319609 0.0
35.0 0.971816723693 0.0
99.0 0.912799017634 0.0
34.0 1.54394889116 1.0
181.0 5.1499318128 0.0
21.0 1.60341944389 1.0
72.0 1.64759085628 1.0
47.0 1.03849779602 0.0
41.0 1.00236503521 0.0
48.0 1.62168976668 1.0
109.0 1.62907117646 1.0
149.0 0.940459089015 0.0
10.0 1.57939732072 1.0
object 62	1.0:0.5 4.37367531539:0.5
6.0 0.9839207143 0.0
120.0 1.00277274034 0.0
199.0 0.642103065546 0.0
145.0 4.42605892252 1.0
103.0 4.35852911794 1.0
117.0 1.01690216327 0.0
160.0 2.73652041458 0.0
155.0 4.3417542106 1.0
197.0 0.493130280401 0.0
80.0 0.981814361169 0.0
109.0 1.07263518415 0.0
58.0 4.39366625325 1.0
14.0 4.36848499965 1.0
68.0 4.38763905634 1.0
object 63	1.0:0.5 2.80895943621:0.5
59.0 1.02521980788 0.0
14.0 2.75523262666 1.0
16.0 2.79931921911 1.0
106.0 0.96779800075 0.0
147.0 1.03626397469 0.0
38.0 1.02668924923 0.0
68.0 2.85393187801 1.0
63.0 2.86742692234 1.0
87.0 1.04352208213 0.0
51.0 2.83152504338 1.0
190.0 2.50910572966 0.0
69.0 2.78904316902 1.0
29.0 2.77806966891 1.0
93.0 2.79180271057 1.0
6.0 2.86349738733 1.0
73.0 1.04919393588 0.0
151.0 0.996435145095 0.0
113.0 0.985768269653 0.0
121.0 0.965046423239 0.0
33.0 1.08225085171 0.0
22.0 2.78274061879 1.0
150.0 1.03893006796 0.0
79.0 1.09455351477 0.0
52.0 2.87990500737 1.0
160.0 4.71882782014 1.0
197.0 1.1201950807 1.0
171.0 6.14736270017 1.0
145.0 0.988689496962 0.0
119.0 2.77766971086 1.0
10.0 2.82003310176 1.0
137.0 2.77706233529 1.0
7.0 2.8501732878 1.0
object 64	1.0:0.5 -21.2460380566:0.5
100.0 1.08540372369 0.0
158.0 -21.3119455277 1.0
120.0 1.02437165169 0.0
78.0 0.957937823615 0.0
104.0 1.02339647069 0.0
63.0 -21.2313036574 1.0
186.0 0.850896711448 0.0
7.0 1.04142198398 0.0
147.0 -21.2378275566 1.0
65.0 -21.3190126269 1.0
52.0 0.989320523423 0.0
24.0 1.07650828119 0.0
162.0 -1.30341415954 0.0
105.0 1.02155777322 0.0
66.0 1.01703862303 0.0
22.0 1.05668216538 0.0
121.0 -21.1989844206 1.0
34.0 1.03478748456 0.0
114.0 -21.2524606796 1.0
45.0 -21.191241253 1.0
33.0 0.985101793352 0.0
49.0 -21.1790616827 1.0
11.0 1.05368849583 0.0
object 65	1.0:0.5 -3.41676574477:0.5
74.0 0.986033027986 0.0
105.0 -3.4385757543 1.0
31.0 0.999575550833 0.0
90.0 -3.4765806195 1.0
80.0 0.965025874886 0.0
197.0 -0.41769952869 0.0
158.0 1.1046794042 0.0
12.0 -3.38507925538 1.0
181.0 -6.68986102862 1.0
4.0 -3.51866768809 1.0
152.0 1.04724453941 0.0
108.0 -3.35724795175 1.0
183.0 -9.46447527524 1.0
156.0 0.972100970167 0.0
178.0 -11.2653822196 1.0
121.0 1.00019874876 0.0
61.0 -3.44080504604 1.0
84.0 1.01363809391 0.0
object 66	1.0:0.5 -0.152993099523:0.5
55.0 0.974686065993 0.0
111.0 -0.0828771442907 1.0
92.0 1.04128492954 0.0
65.0 0.983219484192 0.0
45.0 0.930298232474 0.0
185.0 2.76333634759 0.0
63.0 0.957288109234 0.0
24.0 1.01678725322 0.0
90.0 -0.246979759326 1.0
114.0 1.00159471531 0.0
27.0 0.947719108449 0.0
29.0 -0.12526219727 1.0
140.0 -0.111565385427 1.0
93.0 1.04060417505 0.0
87.0 1.0370740644 0.0
22.0 0.947193302434 0.0
161.0 2.56125582397 0.0
131.0 1.02555384806 0.0
6.0 -0.190528572839 1.0
165.0 1.45001913213 0.0
object 67	1.0:0.5 5.646307451:0.5
132.0 0.963530019301 0.0
181.0 -1.22300492327 1.0
152.0 5.58210410198 1.0
2.0 5.60312978502 1.0
70.0 5.64553038754 1.0
27.0 1.08545758017 0.0
174.0 8.94803472223 1.0
177.0 1.43144751762 0.0
110.0 1.06755567011 0.0
182.0 1.27457823784 0.0
142.0 0.998439077043 0.0
172.0 11.5502194635 1.0
25.0 5.60300686833 1.0
160.0 4.90796281573 1.0
48.0 0.982285503622 0.0
189.0 8.29930230318 1.0
150.0 5.66872496367 1.0
59.0 1.040251187 0.0
149.0 5.64566008854 1.0
138.0 5.68994883048 1.0
195.0 2.803341285 1.0
object 68	1.0:0.5 4.03833144652:0.5
100.0 0.976889358472 0.0
6.0 4.05589327646 1.0
19.0 4.0499962033 1.0
47.0 0.992224161029 0.0
112.0 4.03872324406 1.0
117.0 4.1225416162 1.0
93.0 0.996829341575 0.0
77.0 4.00156308453 1.0
132.0 1.07109723758 0.0
197.0 -0.207701634464 0.0
142.0 0.943923065844 0.0
122.0 1.03735618534 0.0
49.0 3.96436313498 1.0
21.0 0.974984166087 0.0
78.0 4.01771328901 1.0
145.0 0.949617463909 0.0
16.0 1.05065723208 0.0
61.0 0.955043871624 0.0
154.0 4.03799149933 1.0
150.0 1.04622871995 0.0
181.0 0.806909632491 1.0
88.0 1.01630601901 0.0
101.0 4.05830105371 1.0
object 69	1.0:0.5 15.1444406185:0.5
127.0 1.14751131994 0.0
154.0 1.07098540814 0.0
27.0 0.980377461375 0.0
126.0 15.1856358647 1.0
32.0 15.1999580392 1.0
144.0 0.895496557802 0.0
105.0 15.2089887495 1.0
137.0 0.9612617533 0.0
101.0 0.992789150362 0.0
68.0 15.1636435564 1.0
186.0 14.5360716728 1.0
24.0 1.08941335358 0.0
121.0 15.1163909531 1.0
89.0 0.977414305189 0.0
148.0 1.01413418779 0.0
object 70	1.0:0.5 6.38193685467:0.5
197.0 -0.96259477742 0.0
83.0 1.04785854524 0.0
199.0 6.64784907428 1.0
57.0 0.983969905034 0.0
132.0 1.05801563508 0.0
139.0 0.964326443256 0.0
26.0 6.32900182765 1.0
42.0 1.05667715678 0.0
66.0 1.03019795556 0.0
176.0 4.15315481923 1.0
194.0 0.889155297961 0.0
49.0 6.24841454786 1.0
171.0 8.87641426791 1.0
65.0 0.954661993922 0.0
object 71	1.0:0.5 12.6828685793:0.5
128.0 12.7407601327 1.0
35.0 0.960787387181 0.0
149.0 12.6425253642 1.0
169.0 14.0937680196 1.0
56.0 1.06803629108 0.0
148.0 12.7152928878 1.0
116.0 12.6935054965 1.0
88.0 12.6750763281 1.0
127.0 12.6628182066 1.0
182.0 1.28058401191 0.0
119.0 1.01126649444 0.0
26.0 0.94987826753 0.0
95.0 12.7254912496 1.0
160.0 15.8229057996 1.0
90.0 0.896167116671 0.0
object 72	1.0:0.5 -1.31372868113:0.5
44.0 -1.34992726392 1.0
194.0 1.80466971942 1.0
69.0 -1.196249319 1.0
118.0 -1.32050744477 1.0
94.0 -1.49929935908 1.0
97.0 -1.30580393041 1.0
165.0 4.21563381765 0.0
91.0 0.951805201906 0.0
197.0 4.96425918766 0.0
74.0 1.02891810268 0.0
196.0 -1.09663667801 0.0
114.0 1.02133529572 0.0
92.0 1.06913892555 0.0
83.0 -1.26572320956 1.0
191.0 0.0771426828759 0.0
111.0 1.02292304141 0.0
168.0 6.82242235874 1.0
72.0 0.979010379064 0.0
7.0 -1.32840099691 1.0
53.0 -1.25891361587 1.0
150.0 0.978741151565 0.0
116.0 1.06714728123 0.0
164.0 0.49893686133 0.0
166.0 0.423102040208 0.0
122.0 1.01060426668 0.0
115.0 1.03703515535 0.0
object 73	1.0:0.5 -14.0590283711:0.5
70.0 -14.0365411675 1.0
138.0 -14.0962902313 1.0
50.0 1.01761646671 0.0
169.0 -0.213880140472 0.0
84.0 -14.1312577904 1.0
15.0 -14.0176244982 1.0
48.0 1.01885478543 0.0
36.0 0.926881221914 0.0
160.0 -14.1345148326 1.0
121.0 0.986479011182 0.0
151.0 -14.0746299071 1.0
33.0 -14.0805058813 1.0
13.0 1.03354801178 0.0
71.0 1.05695580367 0.0
68.0 0.982469471425 0.0
119.0 -14.075549496 1.0
171.0 0.822274859999 0.0
92.0 -14.0361782205 1.0
180.0 -1.67745546546 0.0
object 74	1.0:0.5 -16.9296845283:0.5
2.0 1.0244048642 0.0
90.0 -16.9583600785 1.0
68.0 -16.9699541061 1.0
1.0 1.02079509725 0.0
165.0 -15.6031465623 1.0
183.0 -15.2326350733 1.0
180.0 5.00214008531 0.0
95.0 1.06341977968 0.0
102.0 -16.8970197172 1.0
188.0 0.906542740579 0.0
133.0 1.05171220676 0.0
50.0 1.0090963014 0.0
130.0 -16.8746583011 1.0
91.0 -17.0313398815 1.0
74.0 -16.9317087128 1.0
28.0 -16.9522875253 1.0
114.0 -16.9393212733 1.0
123.0 1.01032995102 0.0
122.0 -16.9208735845 1.0
155.0 0.952685106579 0.0
object 75	1.0:0.5 12.6002085261:0.5
107.0 12.5558822504 1.0
109.0 12.5431706189 1.0
192.0 3.02517764652 0.0
56.0 12.5905447532 1.0
64.0 12.6454016702 1.0
143.0 1.03682622421 0.0
46.0 0.991023386084 0.0
101.0 12.5477306718 1.0
83.0 0.982163351916 0.0
153.0 0.946242776789 0.0
100.0 0.942421579467 0.0
11.0 0.955869886184 0.0
121.0 12.5904960152 1.0
132.0 12.5878207057 1.0
168.0 0.519982221376 0.0
78.0 1.00711662382 0.0
92.0 12.5901205807 1.0
170.0 16.8968442968 1.0
37.0 0.958392529556 0.0
133.0 12.7341848124 1.0
4.0 12.6201541093 1.0
object 76	1.0:0.5 -4.56218685613:0.5
161.0 1.63051749957 0.0
30.0 1.01943250997 0.0
122.0 -4.53643113501 1.0
182.0 2.11163696485 0.0
47.0 -4.6018447083 1.0
55.0 1.0542327988 0.0
36.0 -4.60398419565 1.0
111.0 0.961359850408 0.0
192.0 -3.45757579334 1.0
120.0 -4.51260923632 1.0
153.0 -4.53959463122 1.0
108.0 0.997475973468 0.0
128.0 -4.62488424986 1.0
34.0 -4.62768721511 1.0
132.0 0.962086563484 0.0
0.0 1.00383486421 0.0
166.0 0.0840372716654 0.0
155.0 -4.56777484927 1.0
189.0 -9.13882582567 1.0
142.0 -4.55557160697 1.0
68.0 0.982758608301 0.0
131.0 0.928241246194 0.0
object 77	1.0:0.5 12.0786163346:0.5
129.0 1.02960723955 0.0
20.0 12.0782664931 1.0
153.0 12.1202341994 1.0
79.0 11.9872254043 1.0
93.0 12.0737521506 1.0
146.0 12.0628394074 1.0
194.0 3.37918393211 0.0
131.0 0.994516624081 0.0
12.0 1.01382671919 0.0
3.0 1.03351413861 0.0
48.0 0.980632413925 0.0
114.0 0.902527527852 0.0
16.0 0.952975641102 0.0
193.0 -2.73687289841 0.0
155.0 12.0879601751 1.0
163.0 13.9539749488 1.0
29.0 12.0635964174 1.0
object 78	1.0:0.5 -4.13188288051:0.5
4.0 -4.05372709542 1.0
167.0 1.86836332213 0.0
45.0 1.01746439106 0.0
184.0 -8.12158277809 1.0
56.0 -4.17164920496 1.0
128.0 -4.28034699617 1.0
99.0 1.03954509236 0.0
158.0 -4.16005089697 1.0
195.0 -2.83158730904 0.0
186.0 -5.52917528493 0.0
50.0 0.889755223293 0.0
76.0 -4.10881652636 1.0
17.0 -4.11621853286 1.0
110.0 -4.1844386687 1.0
38.0 1.01166746464 0.0
160.0 -5.95409202457 1.0
27.0 -4.14464870814 1.0
object 79	1.0:0.5 4.14668712305:0.5
37.0 4.10721314053 1.0
132.0 4.15568467507 1.0
4.0 4.15907607289 1.0
103.0 4.18226329565 1.0
2.0 1.02940662279 0.0
105.0 1.10902055666 0.0
115.0 4.15712632584 1.0
72.0 4.17068360816 1.0
120.0 0.873179089279 0.0
68.0 1.0144495975 0.0
54.0 0.989665413188 0.0
40.0 4.13307874313 1.0
187.0 -0.762163148791 0.0
152.0 0.989175173092 0.0
134.0 4.06988164143 1.0
165.0 -1.20817564364 0.0
21.0 0.910167767358 0.0
102.0 4.15125729639 1.0
14.0 1.01223351066 0.0
67.0 1.01953221631 0.0
object 80	1.0:0.5 22.6828321656:0.5
70.0 22.6639132399 1.0
16.0 0.970232691867 0.0
3.0 1.05197058614 0.0
83.0 22.6578258327 1.0
111.0 22.6567858779 1.0
135.0 22.573315175 1.0
27.0 22.683468868 1.0
56.0 0.985244896195 0.0
175.0 24.4863220697 1.0
92.0 22.65390968 1.0
24.0 0.869045615296 0.0
82.0 1.01925842281 0.0
150.0 22.6807377761 1.0
58.0 22.7131683426 1.0
100.0 22.7146426819 1.0
140.0 0.999881902791 0.0
160.0 23.429008301 1.0
90.0 22.7405175488 1.0
object 81	1.0:0.5 11.982991385:0.5
50.0 0.985235351187 0.0
75.0 11.993074819 1.0
107.0 0.972177118428 0.0
106.0 1.00201542951 0.0
18.0 12.0012919304 1.0
110.0 11.9566484871 1.0
142.0 1.09809195119 0.0
114.0 12.0164697431 1.0
67.0 0.98591994968 0.0
124.0 1.00374320898 0.0
148.0 1.00736644567 0.0
72.0 11.9939538107 1.0
35.0 1.03001691999 0.0
123.0 0.97656931 0.0
82.0 1.01640889646 0.0
49.0 1.02074707575 0.0
154.0 12.002296659 1.0
object 82	1.0:0.5 -1.87633896678:0.5
13.0 1.00515319234 0.0
34.0 1.05029968491 0.0
136.0 -1.86995493725 1.0
197.0 1.58906009777 0.0
88.0 0.951341410593 0.0
6.0 0.995697482661 0.0
180.0 -6.80171998629 0.0
126.0 -1.87639622532 1.0
106.0 -1.81294458153 1.0
86.0 0.992156743401 0.0
118.0 -1.88148510532 1.0
82.0 1.04528288439 0.0
50.0 0.976399804024 0.0
object 83	1.0:0.5 -10.8798461589:0.5
171.0 -3.026398835 0.0
94.0 -10.8577665713 1.0
52.0 -10.9129407782 1.0
32.0 -10.976642881 1.0
50.0 -10.8506744983 1.0
174.0 0.786904115892 0.0
55.0 -10.6763758878 1.0
22.0 1.07334201328 0.0
190.0 -9.55891778417 1.0
98.0 -10.9252866394 1.0
79.0 0.988716349503 0.0
62.0 -10.8331529355 1.0
151.0 -10.9170051394 1.0
178.0 -6.69010547275 0.0
93.0 -11.0053561376 1.0
124.0 1.06392597981 0.0
121.0 -10.8965212224 1.0
14.0 1.02928193391 0.0
object 84	1.0:0.5 -1.602480697:0.5
89.0 0.986414408999 0.0
152.0 -1.61643811226 1.0
169.0 1.18641072563 0.0
165.0 0.0597685266426 1.0
101.0 -1.64336448477 1.0
105.0 0.992696391563 0.0
74.0 1.04688664072 0.0
55.0 1.07590247494 0.0
13.0 1.03554829822 0.0
183.0 1.10590928474 1.0
70.0 -1.54284652849 1.0
3.0 -1.57403407117 1.0
43.0 -1.61345058753 1.0
175.0 3.69613968811 1.0
126.0 0.929224282371 0.0
40.0 -1.63989227526 1.0
7.0 -1.53845288934 1.0
137.0 -1.56141869716 1.0
108.0 1.08048572631 0.0
144.0 -1.59505997188 1.0
134.0 1.00418027642 0.0
2.0 -1.6139357941 1.0
object 85	1.0:0.5 7.11441329388:0.5
99.0 0.940242155517 0.0
182.0 1.08978496054 0.0
112.0 0.976108113406 0.0
70.0 7.15241462457 1.0
40.0 7.09445122988 1.0
170.0 -0.724084209359 0.0
51.0 7.03243904811 1.0
189.0 1.19051129119 0.0
107.0 1.00711745064 0.0
130.0 7.11112648994 1.0
67.0 1.07479517821 0.0
101.0 1.02387019494 0.0
65.0 7.08045882014 1.0
163.0 0.470496003194 0.0
188.0 8.69967697216 1.0
57.0 0.998710264981 0.0
26.0 1.02188263542 0.0
49.0 1.00254303032 0.0
50.0 1.02270273786 0.0
92.0 7.1101762118 1.0
148.0 1.00433097433 0.0
object 86	1.0:0.5 0.795938942923:0.5
10.0 0.924627123741 0.0
43.0 0.775207071743 1.0
93.0 0.996355091292 0.0
92.0 1.01774545458 0.0
9.0 0.85575364171 1.0
68.0 0.786496035337 1.0
132.0 0.946722774553 0.0
193.0 0.00755562674661 0.0
64.0 0.7536317001 1.0
36.0 0.998068792877 0.0
91.0 1.03397276509 0.0
174.0 -0.48278711789 0.0
100.0 0.987414454109 0.0
5.0 0.784788351244 1.0
61.0 0.768821445198 1.0
110.0 1.02266536304 0.0
185.0 -0.0344786419574 1.0
3.0 0.789919255261 1.0
99.0 1.03354852539 0.0
62.0 0.782177282433 1.0
object 87	1.0:0.5 -4.86359123982:0.5
93.0 -4.86628019805 1.0
196.0 -10.2326827246 1.0
77.0 0.957645220931 0.0
35.0 -4.86933495573 1.0
107.0 -4.79297568246 1.0
134.0 -4.91973707612 1.0
96.0 -4.89566586006 1.0
190.0 3.27440365228 0.0
157.0 -4.87717116467 1.0
9.0 0.978036362355 0.0
136.0 -4.92072246314 1.0
1.0 0.971245230631 0.0
144.0 -4.82931552306 1.0
171.0 0.11744723443 0.0
99.0 1.0169406345 0.0
147.0 -4.79944953639 1.0
151.0 1.04903764517 0.0
59.0 -4.85052040818 1.0
object 88	1.0:0.5 -17.9112255328:0.5
16.0 -17.8709557218 1.0
161.0 5.04444497421 0.0
39.0 0.956457951115 0.0
138.0 -17.9245493366 1.0
85.0 -17.8482737585 1.0
98.0 -17.875207682 1.0
11.0 -17.907676248 1.0
195.0 -25.58390691 1.0
12.0 0.923374671479 0.0
182.0 -19.9674040094 1.0
6.0 -17.9867359897 1.0
147.0 1.00464046623 0.0
22.0 0.938648065949 0.0
8.0 -17.9049443585 1.0
38.0 0.965456263618 0.0
193.0 -19.6435634821 1.0
21.0 -17.8926954325 1.0
152.0 0.995640070811 0.0
126.0 -17.9688138989 1.0
88.0 1.03434284664 0.0
101.0 1.04873243535 0.0
131.0 0.95230619542 0.0
object 89	1.0:0.5 0.900554678085:0.5
2.0 1.17274619107 0.0
85.0 0.924552835756 1.0
96.0 0.979880852486 0.0
124.0 1.03402881777 0.0
32.0 0.934706915064 1.0
145.0 0.786904555141 1.0
153.0 1.08254096451 0.0
146.0 1.00709258071 1.0
172.0 -7.71492024628 0.0
0.0 0.862592598266 1.0
195.0 1.29559785523 1.0
10.0 0.989859469868 0.0
21.0 0.936062976421 1.0
6.0 0.896364187841 1.0
140.0 0.992086334914 0.0
8.0 0.894011763567 1.0
152.0 1.0274665162 0.0
13.0 0.814602734852 1.0
119.0 1.02560778068 0.0
object 90	1.0:0.5 -4.28410452273:0.5
58.0 -4.21495571093 1.0
27.0 0.990643953573 0.0
53.0 -4.33129869609 1.0
124.0 0.946124302784 0.0
179.0 0.415789579464 0.0
91.0 -4.27623427424 1.0
165.0 3.64212364462 0.0
68.0 0.972611089859 0.0
117.0 -4.27282250449 1.0
59.0 1.06367988793 0.0
49.0 1.09010366878 0.0
130.0 -4.26496771516 1.0
74.0 -4.3724609537 1.0
12.0 -4.28625609075 1.0
55.0 -4.35980714264 1.0
178.0 5.64156875559 0.0
100.0 -4.25154224596 1.0
89.0 -4.20348466974 1.0
30.0 0.983317945894 0.0
176.0 1.29085899835 0.0
140.0 -4.28830798145 1.0
128.0 1.01127038672 0.0
180.0 -5.71069574441 1.0
object 91	1.0:0.5 23.9737896384:0.5
69.0 23.9751243066 1.0
71.0 23.9381076459 1.0
119.0 1.07573087814 0.0
37.0 0.966808204469 0.0
144.0 0.936305085633 0.0
164.0 2.20569954377 0.0
67.0 23.8850993456 1.0
139.0 23.9557272725 1.0
112.0 0.987468364027 0.0
39.0 1.02876654578 0.0
195.0 -7.8976066493 0.0
174.0 3.78251917821 0.0
175.0 6.53445450593 0.0
150.0 1.02516762703 0.0
116.0 23.9717772921 1.0
35.0 1.04409879079 0.0
13.0 1.08736272272 0.0
4.0 0.967107829543 0.0
156.0 23.9915255929 1.0
170.0 3.26322207545 0.0
65.0 23.9812526386 1.0
89.0 1.03625638535 0.0
52.0 24.0140974095 1.0
24.0 24.0295324932 1.0
143.0 0.963674158277 0.0
55.0 23.9088215842 1.0
141.0 0.973282680716 0.0
14.0 0.907521931796 0.0
48.0 23.9697482696 1.0
45.0 1.00223380444 0.0
object 92	1.0:0.5 -19.5782179243:0.5
74.0 0.938817015355 0.0
25.0 -19.5597453923 1.0
56.0 -19.6708331537 1.0
168.0 -0.534684638832 0.0
32.0 1.05881654473 0.0
114.0 1.06684690063 0.0
38.0 -19.597484229 1.0
0.0 0.995498593216 0.0
88.0 0.984153352496 0.0
193.0 0.998089550849 0.0
69.0 0.982168885814 0.0
43.0 -19.6387562869 1.0
96.0 1.00999903598 0.0
165.0 -19.494879422 1.0
65.0 -19.6014377337 1.0
121.0 -19.606086074 1.0
4.0 0.896351065632 0.0
55.0 -19.6041152923 1.0
197.0 -18.6944360813 1.0
23.0 0.884971112104 0.0
object 93	1.0:0.5 14.0951395062:0.5
124.0 14.1444297169 1.0
125.0 14.1170833725 1.0
140.0 14.0931914832 1.0
80.0 1.07521929447 0.0
16.0 1.00697222397 0.0
96.0 14.1407027515 1.0
181.0 10.9939319904 1.0
129.0 1.00456303896 0.0
21.0 1.01023371061 0.0
156.0 14.0527907878 1.0
10.0 0.975049039503 0.0
143.0 14.021642398 1.0
50.0 14.0277238035 1.0
6.0 1.02773942767 0.0
85.0 0.998664251621 0.0
78.0 0.979772593178 0.0
162.0 12.082420121 1.0
148.0 0.935869137854 0.0
94.0 0.885625426507 0.0
36.0 0.99006879195 0.0
160.0 12.5758978131 1.0
38.0 0.9918884677 0.0
0.0 0.961104207279 0.0
object 94	1.0:0.5 -5.76141375929:0.5
151.0 -5.74656373043 1.0
159.0 -5.77111514688 1.0
102.0 1.00399995084 0.0
141.0 -5.81367396172 1.0
99.0 -5.77225820122 1.0
161.0 0.343937770732 0.0
130.0 -5.81234362734 1.0
47.0 -5.77688069135 1.0
34.0 -5.7321243845 1.0
198.0 -3.28969257032 0.0
108.0 -5.8191938343 1.0
25.0 0.928752683299 0.0
68.0 -5.8259916092 1.0
50.0 0.882866155017 0.0
176.0 0.312417259519 0.0
29.0 1.01269524547 0.0
61.0 -5.8785579493 1.0
169.0 0.166585796041 0.0
65.0 1.00030073797 0.0
184.0 -3.18624723471 1.0
48.0 -5.766859894 1.0
6.0 -5.73588209452 1.0
49.0 -5.82424423515 1.0
52.0 -5.75212257586 1.0
object 95	1.0:0.5 -18.8836494174:0.5
163.0 2.19330788085 0.0
120.0 -18.8847203725 1.0
184.0 7.11373679787 0.0
87.0 1.00647591577 0.0
101.0 -18.9397833067 1.0
89.0 1.02956659709 0.0
2.0 1.03407518152 0.0
154.0 -18.8331425843 1.0
160.0 -1.13467913468 0.0
6.0 1.04312398726 0.0
57.0 1.05713562903 0.0
14.0 -18.9096651198 1.0
99.0 1.00492011628 0.0
108.0 1.04157359069 0.0
195.0 5.54850100715 0.0
35.0 -18.8758970027 1.0
80.0 1.00605214466 0.0
141.0 0.961247853524 0.0
197.0 -21.2783921303 1.0
179.0 0.234523450095 0.0
43.0 1.01944175192 0.0
96.0 1.05385431047 0.0
132.0 1.03282510468 0.0
object 96	1.0:0.5 3.42077441442:0.5
123.0 3.44532870442 1.0
40.0 0.916803098157 0.0
80.0 1.0111604924 0.0
43.0 0.950616585271 0.0
63.0 3.42146852662 1.0
86.0 0.866642466036 0.0
69.0 1.02755734955 0.0
20.0 1.01879725538 0.0
176.0 -0.167368276708 0.0
9.0 1.01190684694 0.0
13.0 1.0350157067 0.0
187.0 0.997623220594 1.0
85.0 0.952532019183 0.0
71.0 0.968605357297 0.0
160.0 3.06046946391 1.0
138.0 0.99177724638 0.0
195.0 -0.0129808682426 0.0
111.0 3.37467954891 1.0
103.0 1.00917902098 0.0
173.0 2.64526339865 0.0
object 97	1.0:0.5 8.66629929408:0.5
6.0 8.65873570242 1.0
65.0 8.73559729043 1.0
43.0 1.10705634003 0.0
11.0 0.970844078202 0.0
16.0 0.932630297141 0.0
149.0 8.64733255087 1.0
21.0 8.57200067566 1.0
189.0 -5.5050747975 0.0
55.0 0.963228359198 0.0
168.0 8.98038651538 1.0
164.0 6.70634570834 1.0
34.0 8.61081747853 1.0
15.0 0.939728949757 0.0
180.0 -6.53628596662 0.0
103.0 8.74501064452 1.0
198.0 13.189550083 1.0
115.0 1.03152491538 0.0
58.0 1.00625899746 0.0
199.0 2.63143335614 0.0
93.0 1.14001249145 0.0
127.0 8.62740526498 1.0
134.0 1.06405169233 0.0
67.0 1.05389422051 0.0
23.0 0.948851308319 0.0
66.0 1.00575257935 0.0
object 98	1.0:0.5 4.66519438343:0.5
199.0 3.91116464216 0.0
5.0 1.04209385125 0.0
43.0 4.59624526798 1.0
18.0 1.01082194408 0.0
123.0 4.65511556594 1.0
32.0 0.919304802931 0.0
138.0 4.69697081148 1.0
30.0 4.63020269826 1.0
149.0 1.01788943362 0.0
191.0 2.34220067549 1.0
11.0 4.73977680778 1.0
163.0 1.97205132418 1.0
158.0 0.943673982398 0.0
193.0 8.16435732642 1.0
126.0 1.02767169538 0.0
95.0 0.939579853209 0.0
180.0 -0.315823223178 0.0
105.0 4.64784265997 1.0
101.0 0.995266594207 0.0
89.0 0.983487428956 0.0
39.0 4.58924419275 1.0
object 99	1.0:0.5 -0.78885611994:0.5
167.0 2.50965821778 0.0
137.0 -0.82651424022 1.0
158.0 -0.838351321593 1.0
111.0 -0.782594432352 1.0
65.0 0.917399694186 0.0
148.0 -0.724575722196 1.0
121.0 0.946313000926 0.0
18.0 -0.919154606497 1.0
21.0 1.05285101302 0.0
76.0 -0.817370233266 1.0
100.0 0.971241382877 0.0
114.0 0.986585189742 0.0
138.0 1.01805473007 0.0
28.0 -0.832924346363 1.0
157.0 0.967591645134 0.0
105.0 -0.851146428535 1.0
106.0 -0.796459020979 1.0
98.0 -0.728678062196 1.0
26.0 -0.798064973511 1.0
40.0 0.997827506442 0.0
84.0 1.02366255042 0.0
