object 0	1.0:1.0
55.0 0.930397491915 1.0
32.0 1.0116891548 1.0
object 1	1.0:1.0
134.0 1.01731274902 1.0
188.0 -1.30351557069 1.0
138.0 0.992268657908 1.0
52.0 0.970097033064 1.0
107.0 0.999419629486 1.0
50.0 0.97309959228 1.0
object 2	1.0:1.0
97.0 1.02859060348 1.0
133.0 1.03152244554 1.0
170.0 2.63864961184 1.0
142.0 -0.330964718228 1.0
object 3	1.0:1.0
66.0 0.986197654337 1.0
76.0 1.00782176762 1.0
36.0 1.11028255081 1.0
object 4	1.0:1.0
115.0 0.99985385812 1.0
9.0 0.989663176267 1.0
137.0 1.00296056797 1.0
object 5	1.0:1.0
106.0 0.991387362653 1.0
12.0 0.992547001995 1.0
object 6	1.0:1.0
56.0 0.978852532055 1.0
142.0 -0.778417002151 1.0
object 7	1.0:1.0
1.0 0.967201181584 1.0
133.0 0.995650088014 1.0
80.0 0.95932310685 1.0
178.0 2.76936982974 1.0
object 8	1.0:1.0
99.0 1.0354937252 1.0
191.0 6.61469160847 1.0
object 9	1.0:1.0
62.0 1.00269579263 1.0
171.0 1.06986189575 1.0
122.0 1.0550026814 1.0
188.0 1.47913167959 1.0
object 10	1.0:1.0
88.0 0.999932122218 1.0
155.0 3.72879011934 1.0
44.0 0.975435426518 1.0
6.0 0.990576629142 1.0
128.0 1.05077434579 1.0
195.0 0.687108580616 1.0
112.0 1.01552450452 1.0
71.0 0.958897148431 1.0
object 11	1.0:1.0
123.0 1.00582105319 1.0
47.0 1.00373948848 1.0
147.0 7.93545143315 1.0
178.0 11.3293489216 1.0
object 12	1.0:1.0
155.0 -2.35235198972 1.0
154.0 -8.22365092424 1.0
object 13	1.0:1.0
0.0 0.940170944373 1.0
113.0 0.971188687516 1.0
189.0 1.83598128682 1.0
78.0 1.04759390759 1.0
143.0 0.202735518822 1.0
object 14	1.0:1.0
0.0 1.00298233489 1.0
122.0 0.990449624403 1.0
8.0 1.0085571916 1.0
object 15	1.0:1.0
77.0 0.984136262905 1.0
79.0 1.02176974081 1.0
22.0 1.00523570697 1.0
88.0 0.988836971103 1.0
object 16	1.0:1.0
56.0 0.990752203155 1.0
192.0 -3.75638924244 1.0
183.0 -2.48928556019 1.0
object 17	1.0:1.0
24.0 1.01263822422 1.0
57.0 0.928330578595 1.0
object 18	1.0:1.0
159.0 -1.79891107466 1.0
23.0 0.961592462638 1.0
object 19	1.0:1.0
103.0 0.955369675454 1.0
69.0 1.00519556925 1.0
94.0 0.997438753157 1.0
78.0 0.992392061758 1.0
175.0 -2.94884104233 1.0
24.0 0.979082967401 1.0
object 20	1.0:1.0
45.0 0.990945547043 1.0
69.0 0.997115428463 1.0
object 21	1.0:1.0
140.0 6.53322410521 1.0
107.0 1.03022649511 1.0
69.0 1.00569777227 1.0
object 22	1.0:1.0
104.0 1.03130961383 1.0
54.0 0.985956378071 1.0
1.0 1.01096171207 1.0
166.0 -0.825269947254 1.0
object 23	1.0:1.0
140.0 -4.02602983437 1.0
139.0 0.943572975432 1.0
150.0 3.00079483275 1.0
object 24	1.0:1.0
154.0 -5.39271989806 1.0
13.0 0.938551283982 1.0
117.0 1.00061264014 1.0
object 25	1.0:1.0
173.0 -3.39276516133 1.0
52.0 0.988423913945 1.0
object 26	1.0:1.0
94.0 0.9989122884 1.0
2.0 1.01634188014 1.0
86.0 1.07840051498 1.0
45.0 0.994757570391 1.0
object 27	1.0:1.0
178.0 1.16307040259 1.0
159.0 2.33150026634 1.0
object 28	1.0:1.0
30.0 0.978120308386 1.0
85.0 1.01323132407 1.0
180.0 -0.63488451417 1.0
object 29	1.0:1.0
3.0 0.997915703328 1.0
195.0 1.49810555133 1.0
58.0 1.01221992949 1.0
149.0 3.45977376586 1.0
object 30	1.0:1.0
4.0 0.923476108919 1.0
129.0 1.02839014212 1.0
24.0 1.01768749257 1.0
98.0 1.01684605803 1.0
object 31	1.0:1.0
103.0 1.0002165936 1.0
126.0 1.00972985686 1.0
object 32	1.0:1.0
60.0 0.953239042193 1.0
132.0 1.10146740709 1.0
object 33	1.0:1.0
61.0 0.999199176526 1.0
10.0 0.969121880991 1.0
object 34	1.0:1.0
105.0 1.01149991884 1.0
30.0 0.916456159529 1.0
object 35	1.0:1.0
93.0 0.985632680353 1.0
174.0 -0.434240121851 1.0
object 36	1.0:1.0
141.0 5.08148814054 1.0
129.0 1.00709018377 1.0
18.0 1.02885349891 1.0
100.0 0.997116556502 1.0
74.0 0.962104024798 1.0
56.0 1.00495130223 1.0
object 37	1.0:1.0
74.0 1.05331867074 1.0
119.0 1.00732763128 1.0
125.0 0.985550857657 1.0
98.0 1.01800146983 1.0
186.0 3.73372761982 1.0
object 38	1.0:1.0
29.0 1.05375061265 1.0
57.0 1.06955272833 1.0
object 39	1.0:1.0
1.0 0.980011381836 1.0
194.0 -1.00920498616 1.0
68.0 0.987585572797 1.0
object 40	1.0:1.0
175.0 -2.59727428165 1.0
120.0 0.942498772689 1.0
object 41	1.0:1.0
184.0 -2.51689533884 1.0
42.0 1.09083623195 1.0
101.0 0.984170305354 1.0
88.0 0.927899204559 1.0
23.0 0.913176481545 1.0
object 42	1.0:1.0
79.0 0.997963422895 1.0
130.0 1.00755662044 1.0
object 43	1.0:1.0
61.0 0.976544576123 1.0
190.0 4.05476536574 1.0
21.0 1.01471787308 1.0
13.0 0.937378067753 1.0
object 44	1.0:1.0
95.0 1.00118781463 1.0
191.0 0.672447215879 1.0
28.0 1.01659064774 1.0
57.0 0.991563865372 1.0
112.0 0.976957083001 1.0
54.0 1.03133644388 1.0
object 45	1.0:1.0
128.0 0.983033551967 1.0
88.0 0.952251898558 1.0
58.0 0.98820053932 1.0
85.0 1.01207656584 1.0
143.0 1.4731625736 1.0
159.0 4.52482666166 1.0
object 46	1.0:1.0
126.0 0.965635611672 1.0
101.0 1.03212491159 1.0
object 47	1.0:1.0
98.0 0.991703799933 1.0
8.0 1.01773286732 1.0
object 48	1.0:1.0
3.0 0.995146182618 1.0
41.0 1.01416748554 1.0
object 49	1.0:1.0
115.0 0.99000001223 1.0
0.0 1.00437716243 1.0
193.0 1.92765157255 1.0
51.0 0.975938072752 1.0
object 50	1.0:1.0
87.0 1.01283204874 1.0
117.0 1.00388949522 1.0
56.0 1.0253427921 1.0
object 51	1.0:1.0
38.0 1.01395206372 1.0
149.0 5.57667140093 1.0
79.0 0.999440216733 1.0
99.0 0.988169629027 1.0
object 52	1.0:1.0
27.0 0.98487256581 1.0
131.0 1.05197080113 1.0
object 53	1.0:1.0
130.0 1.01520901646 1.0
25.0 0.966132726911 1.0
70.0 1.0727996834 1.0
1.0 1.03535986776 1.0
object 54	1.0:1.0
125.0 1.03401455687 1.0
107.0 0.955566378054 1.0
22.0 0.977680817999 1.0
102.0 0.999915344212 1.0
object 55	1.0:1.0
127.0 0.949923420808 1.0
76.0 1.00780055389 1.0
172.0 3.38965199222 1.0
object 56	1.0:1.0
37.0 1.04048247751 1.0
85.0 1.01935839935 1.0
61.0 1.03063094294 1.0
object 57	1.0:1.0
133.0 0.99870676229 1.0
161.0 1.38669665762 1.0
object 58	1.0:1.0
78.0 1.00724361871 1.0
30.0 0.970462826676 1.0
object 59	1.0:1.0
159.0 1.44949870815 1.0
40.0 0.987099447923 1.0
122.0 0.972027487541 1.0
145.0 -5.34600428577 1.0
object 60	1.0:1.0
71.0 0.99438109762 1.0
82.0 1.04298237755 1.0
100.0 0.9373439566 1.0
38.0 0.990679481599 1.0
object 61	1.0:1.0
60.0 1.00915348693 1.0
160.0 -4.42385543029 1.0
object 62	1.0:1.0
97.0 0.991687644236 1.0
147.0 -3.50208324878 1.0
object 63	1.0:1.0
36.0 1.06909787114 1.0
28.0 1.01504252535 1.0
154.0 -5.01718475412 1.0
object 64	1.0:1.0
31.0 0.980242651263 1.0
175.0 1.31437242546 1.0
object 65	1.0:1.0
101.0 0.947559604181 1.0
39.0 1.03925481074 1.0
object 66	1.0:1.0
77.0 0.974795871289 1.0
24.0 0.956642499241 1.0
3.0 1.00866751277 1.0
69.0 1.00365128473 1.0
object 67	1.0:1.0
120.0 0.939596304879 1.0
46.0 1.00958161467 1.0
object 68	1.0:1.0
5.0 1.07144193708 1.0
18.0 1.05253582929 1.0
158.0 -2.70708589406 1.0
126.0 1.021054277 1.0
object 69	1.0:1.0
139.0 1.03790223513 1.0
79.0 1.02373528173 1.0
object 70	1.0:1.0
111.0 0.935064740085 1.0
38.0 1.04704219002 1.0
0.0 1.05767471012 1.0
object 71	1.0:1.0
32.0 0.96017680876 1.0
133.0 0.991889537033 1.0
object 72	1.0:1.0
138.0 1.03296349968 1.0
36.0 1.02769084744 1.0
106.0 1.00887779455 1.0
98.0 1.0507641383 1.0
object 73	1.0:1.0
145.0 -3.00814653584 1.0
58.0 1.0071378091 1.0
173.0 -4.48865962842 1.0
190.0 -1.87380839234 1.0
object 74	1.0:1.0
139.0 1.03858838362 1.0
165.0 5.78420709254 1.0
93.0 1.00679820706 1.0
21.0 1.04438355632 1.0
180.0 5.5314672812 1.0
object 75	1.0:1.0
116.0 1.00842959996 1.0
90.0 0.898956874269 1.0
object 76	1.0:1.0
29.0 1.01257232915 1.0
0.0 0.936740065054 1.0
object 77	1.0:1.0
30.0 0.971246465747 1.0
41.0 0.993341452309 1.0
144.0 5.18550626513 1.0
21.0 1.02146278416 1.0
object 78	1.0:1.0
25.0 0.932212932904 1.0
197.0 1.32590223065 1.0
object 79	1.0:1.0
64.0 1.00213292953 1.0
123.0 1.05887869028 1.0
88.0 0.985837047117 1.0
122.0 0.997129339839 1.0
object 80	1.0:1.0
101.0 0.99147659472 1.0
188.0 -0.0126678006682 1.0
68.0 1.00893243275 1.0
45.0 1.00762998719 1.0
98.0 1.0393086825 1.0
199.0 -3.02111453871 1.0
107.0 1.03693769687 1.0
87.0 0.988411597764 1.0
object 81	1.0:1.0
107.0 0.983766225998 1.0
8.0 0.95708148992 1.0
146.0 0.272915347832 1.0
24.0 0.987283912489 1.0
object 82	1.0:1.0
116.0 0.999618092773 1.0
36.0 1.03372833259 1.0
2.0 1.01279914056 1.0
object 83	1.0:1.0
161.0 0.0851882470338 1.0
130.0 0.981001691378 1.0
object 84	1.0:1.0
97.0 1.03288048912 1.0
145.0 1.32811083753 1.0
140.0 2.16765814097 1.0
object 85	1.0:1.0
6.0 0.975145643248 1.0
17.0 0.975217995011 1.0
95.0 0.977628807162 1.0
object 86	1.0:1.0
10.0 1.00126837686 1.0
194.0 -0.573981184311 1.0
51.0 0.986444735074 1.0
183.0 -2.92266029658 1.0
44.0 1.00975263372 1.0
99.0 0.995011574349 1.0
object 87	1.0:1.0
129.0 1.01410697798 1.0
175.0 5.85937443905 1.0
157.0 2.1554794062 1.0
object 88	1.0:1.0
183.0 1.00577306294 1.0
22.0 0.957660336409 1.0
144.0 3.61634563312 1.0
object 89	1.0:1.0
102.0 0.957631464171 1.0
93.0 0.985086722546 1.0
object 90	1.0:1.0
26.0 0.975720073679 1.0
59.0 0.993606317022 1.0
15.0 0.984777627845 1.0
90.0 1.06022757129 1.0
object 91	1.0:1.0
60.0 0.978509090728 1.0
75.0 1.02216076422 1.0
object 92	1.0:1.0
140.0 6.72059422873 1.0
103.0 0.989224094849 1.0
object 93	1.0:1.0
7.0 0.988559614204 1.0
5.0 1.05251972957 1.0
89.0 0.972819474991 1.0
52.0 1.00438885624 1.0
object 94	1.0:1.0
137.0 1.0075449812 1.0
174.0 1.04809944959 1.0
object 95	1.0:1.0
58.0 0.994050594976 1.0
55.0 1.03165256527 1.0
33.0 0.994442978729 1.0
28.0 1.00343841263 1.0
193.0 2.54258539403 1.0
167.0 1.65728458503 1.0
object 96	1.0:1.0
93.0 1.08400224302 1.0
183.0 -3.52832198258 1.0
69.0 1.00643915149 1.0
43.0 1.00809406945 1.0
113.0 0.979950213056 1.0
2.0 0.993504259697 1.0
6.0 1.00015795184 1.0
object 97	1.0:1.0
150.0 1.79456081793 1.0
176.0 2.90892469255 1.0
object 98	1.0:1.0
189.0 -1.46458604579 1.0
90.0 1.0340529389 1.0
67.0 0.972838915531 1.0
177.0 6.53147494141 1.0
112.0 1.00658603935 1.0
object 99	1.0:1.0
105.0 1.0585490152 1.0
111.0 0.974351235094 1.0
152.0 0.366788677236 1.0
159.0 -4.61883632754 1.0
183.0 4.88632364452 1.0
